test_project/cnv_input/001_bin.cnv
* Sea-Bird SBE 9 Data File:
* FileName = C:\Documents and Settings\ctd\Desktop\FS2022\data\001.hex
* Software Version Seasave V 7.21b
* Temperature SN = 2400
* Conductivity SN = 3447
* Number of Bytes Per Scan = 48
* Number of Voltage Words = 5
* Number of Scans Averaged by the Deck Unit = 1
* NMEA Latitude = 78 55.29 N
* NMEA Longitude = 000 01.51 E
* NMEA UTC (Time) = Sep 10 2022  15:07:17
* NMEA baud rate = 4800
** Cruise: FS 2022
** Ship: Silver Arctic
** Station (File Number):  001
** Latitude:
** Longitude:
** Echodepth (m):
** Seastate:
# nquan = 14
# nvalues = 2496                        
# units = specified
# name 0 = prDM: Pressure, Digiquartz [db]
# name 1 = t090C: Temperature [ITS-90, deg C]
# name 2 = t190C: Temperature, 2 [ITS-90, deg C]
# name 3 = c0S/m: Conductivity [S/m]
# name 4 = c1S/m: Conductivity, 2 [S/m]
# name 5 = sbox0Mm/Kg: Oxygen, SBE 43 [umol/kg]
# name 6 = wetCDOM: Fluorescence, WET Labs CDOM [mg/m^3]
# name 7 = wetCDOM1: Fluorescence, WET Labs CDOM, 2 [mg/m^3]
# name 8 = timeS: Time, Elapsed [seconds]
# name 9 = latitude: Latitude [deg]
# name 10 = longitude: Longitude [deg]
# name 11 = sal00: Salinity, Practical [PSU]
# name 12 = sal11: Salinity, Practical, 2 [PSU]
# name 13 = flag: flag
# span 0 =      2.000,   2497.000       
# span 1 =    -0.7157,     7.4431       
# span 2 =    -0.7177,     7.4426       
# span 3 =   2.872083,   3.564356       
# span 4 =   2.791173,   3.564461       
# span 5 =    294.815,    376.948       
# span 6 =     0.1070,     0.1428       
# span 7 =     0.0887,     0.1087       
# span 8 =    340.199,   3037.449       
# span 9 =   78.92122,   78.92172       
# span 10 =    0.01194,    0.02522      
# span 11 =    32.6051,    35.0368      
# span 12 =    32.1168,    35.0391      
# span 13 = 0.0000e+00, 0.0000e+00      
# interval = decibars: 1                
# start_time = Sep 10 2022 15:07:17 [NMEA time, first data scan]
# bad_flag = -9.990e-29
*END*
[from data line 930]
    932.000    -0.0679    -0.0696   2.932745   2.932822    316.088     0.1277     0.0992   1363.796   78.92134    0.02114    34.9046    34.9077 0.0000e+00
    933.000    -0.0695    -0.0711   2.932639   2.932724    315.387     0.1282     0.0996   1364.839   78.92134    0.02114    34.9046    34.9075 0.0000e+00
    934.000    -0.0702    -0.0719   2.932623   2.932703    315.398     0.1277     0.1027   1365.862   78.92134    0.02112    34.9046    34.9075 0.0000e+00
    935.000    -0.0709    -0.0727   2.932604   2.932676    315.904     0.1284     0.1020   1366.885   78.92134    0.02112    34.9045    34.9074 0.0000e+00
    936.000    -0.0726    -0.0743   2.932489   2.932581    316.146     0.1308     0.0998   1367.911   78.92134    0.02112    34.9044    34.9075 0.0000e+00
    937.000    -0.0739    -0.0755   2.932432   2.932517    316.574     0.1273     0.0993   1368.928   78.92134    0.02111    34.9044    34.9074 0.0000e+00
    938.000    -0.0744    -0.0761   2.932439   2.932515    316.060     0.1280     0.0999   1369.949   78.92134    0.02110    34.9046    34.9075 0.0000e+00
    939.000    -0.0764    -0.0779   2.932320   2.932409    315.279     0.1269     0.1011   1370.965   78.92134    0.02110    34.9046    34.9075 0.0000e+00
    940.000    -0.0768    -0.0785   2.932328   2.932413    315.360     0.1229     0.1018   1371.980   78.92134    0.02109    34.9047    34.9077 0.0000e+00
    941.000    -0.0769    -0.0785   2.932371   2.932449    315.503     0.1247     0.1013   1372.985   78.92134    0.02108    34.9048    34.9076 0.0000e+00
    942.000    -0.0770    -0.0786   2.932401   2.932481    315.245     0.1249     0.0995   1373.993   78.92134    0.02108    34.9047    34.9076 0.0000e+00
    943.000    -0.0773    -0.0790   2.932426   2.932499    315.735     0.1278     0.1005   1375.010   78.92134    0.02108    34.9048    34.9076 0.0000e+00
    944.000    -0.0785    -0.0802   2.932363   2.932443    316.810     0.1295     0.1026   1376.051   78.92134    0.02107    34.9048    34.9077 0.0000e+00
    945.000    -0.0805    -0.0821   2.932244   2.932325    317.157     0.1277     0.1018   1377.124   78.92134    0.02106    34.9048    34.9077 0.0000e+00
    946.000    -0.0807    -0.0823   2.932270   2.932355    316.511     0.1265     0.1016   1378.232   78.92134    0.02106    34.9048    34.9077 0.0000e+00
    947.000    -0.0811    -0.0828   2.932290   2.932367    316.123     0.1272     0.0996   1379.348   78.92134    0.02106    34.9049    34.9079 0.0000e+00
    948.000    -0.0821    -0.0837   2.932247   2.932326    316.279     0.1289     0.0992   1380.438   78.92134    0.02105    34.9050    34.9079 0.0000e+00
    949.000    -0.0843    -0.0854   2.932093   2.932214    316.321     0.1268     0.1012   1381.481   78.92134    0.02104    34.9048    34.9077 0.0000e+00
    950.000    -0.0860    -0.0878   2.932005   2.932082    316.385     0.1246     0.1012   1382.487   78.92134    0.02104    34.9051    34.9081 0.0000e+00
    951.000    -0.0872    -0.0887   2.931956   2.932045    316.357     0.1298     0.1004   1383.482   78.92134    0.02104    34.9051    34.9080 0.0000e+00
    952.000    -0.0916    -0.0936   2.931609   2.931668    316.907     0.1240     0.0999   1384.476   78.92134    0.02103    34.9050    34.9080 0.0000e+00
    953.000    -0.0930    -0.0948   2.931532   2.931591    317.232     0.1275     0.0995   1385.495   78.92134    0.02102    34.9050    34.9078 0.0000e+00
    954.000    -0.0947    -0.0963   2.931423   2.931505    317.336     0.1282     0.1006   1386.560   78.92134    0.02102    34.9048    34.9078 0.0000e+00
    955.000    -0.0955    -0.0971   2.931401   2.931482    317.045     0.1281     0.1018   1387.656   78.92134    0.02100    34.9049    34.9078 0.0000e+00
    956.000    -0.0956    -0.0972   2.931435   2.931513    316.992     0.1253     0.1014   1388.757   78.92134    0.02100    34.9049    34.9078 0.0000e+00
    957.000    -0.0967    -0.0983   2.931382   2.931460    316.645     0.1289     0.0993   1389.841   78.92134    0.02100    34.9049    34.9078 0.0000e+00
    958.000    -0.0986    -0.1003   2.931264   2.931343    316.845     0.1258     0.1002   1390.885   78.92134    0.02098    34.9049    34.9078 0.0000e+00
    959.000    -0.1007    -0.1023   2.931137   2.931204    316.642     0.1288     0.1015   1391.896   78.92134    0.02098    34.9050    34.9078 0.0000e+00
    960.000    -0.1006    -0.1024   2.931194   2.931259    316.553     0.1302     0.0997   1392.904   78.92134    0.02098    34.9051    34.9080 0.0000e+00
    961.000    -0.0999    -0.1016   2.931311   2.931387    316.920     0.1274     0.0998   1393.923   78.92134    0.02097    34.9052    34.9081 0.0000e+00
    962.000    -0.0995    -0.1011   2.931393   2.931462    317.011     0.1271     0.1013   1394.969   78.92134    0.02096    34.9052    34.9081 0.0000e+00
    963.000    -0.0997    -0.1013   2.931421   2.931501    316.596     0.1265     0.1005   1396.053   78.92133    0.02096    34.9053    34.9082 0.0000e+00
    964.000    -0.1010    -0.1026   2.931348   2.931424    315.874     0.1302     0.0992   1397.167   78.92132    0.02095    34.9053    34.9081 0.0000e+00
    965.000    -0.1024    -0.1039   2.931268   2.931358    315.685     0.1253     0.1003   1398.277   78.92132    0.02094    34.9052    34.9081 0.0000e+00
    966.000    -0.1006    -0.1024   2.931485   2.931556    316.091     0.1243     0.1011   1399.354   78.92132    0.02094    34.9055    34.9084 0.0000e+00
    967.000    -0.1002    -0.1020   2.931579   2.931646    316.159     0.1278     0.1000   1400.406   78.92132    0.02094    34.9057    34.9085 0.0000e+00
    968.000    -0.1020    -0.1037   2.931463   2.931532    316.835     0.1271     0.0997   1401.432   78.92132    0.02093    34.9056    34.9084 0.0000e+00
    969.000    -0.1043    -0.1070   2.931298   2.931272    317.892     0.1281     0.1017   1402.444   78.92132    0.02092    34.9055    34.9082 0.0000e+00
    970.000    -0.1048    -0.1067   2.931285   2.931350    317.965     0.1272     0.1016   1403.455   78.92132    0.02092    34.9052    34.9083 0.0000e+00
    971.000    -0.1063    -0.1081   2.931197   2.931251    317.250     0.1297     0.0995   1404.479   78.92132    0.02092    34.9052    34.9080 0.0000e+00
    972.000    -0.1086    -0.1103   2.931026   2.931107    316.626     0.1272     0.0993   1405.517   78.92132    0.02090    34.9050    34.9080 0.0000e+00
    973.000    -0.1086    -0.1104   2.931068   2.931136    316.975     0.1249     0.1000   1406.580   78.92132    0.02090    34.9050    34.9079 0.0000e+00
    974.000    -0.1084    -0.1102   2.931130   2.931207    317.360     0.1261     0.1020   1407.673   78.92132    0.02088    34.9050    34.9080 0.0000e+00
    975.000    -0.1079    -0.1096   2.931228   2.931306    316.619     0.1270     0.1012   1408.771   78.92132    0.02088    34.9051    34.9081 0.0000e+00
    976.000    -0.1098    -0.1114   2.931101   2.931187    316.157     0.1236     0.0996   1409.860   78.92132    0.02088    34.9050    34.9080 0.0000e+00
    977.000    -0.1112    -0.1128   2.931028   2.931114    316.371     0.1215     0.0991   1410.928   78.92132    0.02088    34.9051    34.9080 0.0000e+00
    978.000    -0.1126    -0.1142   2.930948   2.931035    317.178     0.1237     0.1004   1411.976   78.92132    0.02086    34.9050    34.9079 0.0000e+00
    979.000    -0.1140    -0.1156   2.930876   2.930957    317.054     0.1263     0.1019   1413.021   78.92132    0.02086    34.9051    34.9080 0.0000e+00
    980.000    -0.1142    -0.1159   2.930904   2.930978    316.188     0.1277     0.1019   1414.057   78.92132    0.02086    34.9051    34.9080 0.0000e+00
    981.000    -0.1144    -0.1159   2.930935   2.931021    316.503     0.1288     0.1013   1415.101   78.92132    0.02084    34.9051    34.9080 0.0000e+00
    982.000    -0.1154    -0.1170   2.930885   2.930979    316.803     0.1272     0.0994   1416.156   78.92132    0.02084    34.9051    34.9081 0.0000e+00
    983.000    -0.1161    -0.1178   2.930875   2.930949    316.058     0.1280     0.0992   1417.221   78.92132    0.02084    34.9052    34.9081 0.0000e+00
    984.000    -0.1177    -0.1193   2.930787   2.930858    315.915     0.1270     0.1005   1418.290   78.92132    0.02083    34.9052    34.9080 0.0000e+00
    985.000    -0.1197    -0.1212   2.930657   2.930755    316.442     0.1267     0.1017   1419.360   78.92132    0.02082    34.9051    34.9081 0.0000e+00
    986.000    -0.1239    -0.1254   2.930334   2.930430    315.999     0.1228     0.0997   1420.416   78.92132    0.02082    34.9051    34.9080 0.0000e+00
    987.000    -0.1265    -0.1281   2.930144   2.930234    315.578     0.1284     0.1003   1421.454   78.92132    0.02081    34.9049    34.9080 0.0000e+00
    988.000    -0.1272    -0.1288   2.930139   2.930223    315.684     0.1294     0.1016   1422.481   78.92132    0.02080    34.9051    34.9081 0.0000e+00
    989.000    -0.1281    -0.1298   2.930115   2.930190    315.746     0.1277     0.1012   1423.505   78.92132    0.02080    34.9052    34.9081 0.0000e+00
    990.000    -0.1286    -0.1301   2.930134   2.930233    315.602     0.1285     0.0997   1424.538   78.92132    0.02078    34.9054    34.9085 0.0000e+00
    991.000    -0.1274    -0.1290   2.930295   2.930389    315.428     0.1268     0.0993   1425.597   78.92132    0.02078    34.9057    34.9087 0.0000e+00
    992.000    -0.1269    -0.1286   2.930386   2.930473    315.200     0.1258     0.1003   1426.682   78.92132    0.02078    34.9058    34.9089 0.0000e+00
    993.000    -0.1269    -0.1286   2.930442   2.930523    315.845     0.1255     0.1020   1427.804   78.92130    0.02076    34.9059    34.9088 0.0000e+00
    994.000    -0.1291    -0.1306   2.930284   2.930381    316.855     0.1243     0.1020   1428.930   78.92130    0.02076    34.9058    34.9087 0.0000e+00
    995.000    -0.1316    -0.1335   2.930104   2.930169    316.757     0.1228     0.1011   1430.027   78.92130    0.02076    34.9056    34.9086 0.0000e+00
    996.000    -0.1326    -0.1342   2.930060   2.930145    317.362     0.1221     0.0999   1431.084   78.92130    0.02075    34.9056    34.9086 0.0000e+00
    997.000    -0.1334    -0.1351   2.930025   2.930117    317.715     0.1240     0.1019   1432.111   78.92130    0.02074    34.9055    34.9086 0.0000e+00
    998.000    -0.1350    -0.1367   2.929935   2.930022    317.275     0.1279     0.1027   1433.114   78.92130    0.02074    34.9054    34.9085 0.0000e+00
    999.000    -0.1360    -0.1376   2.929889   2.929982    316.761     0.1312     0.1019   1434.139   78.92130    0.02073    34.9055    34.9085 0.0000e+00
   1000.000    -0.1370    -0.1387   2.929849   2.929930    316.773     0.1263     0.1006   1435.200   78.92130    0.02072    34.9055    34.9085 0.0000e+00
   1001.000    -0.1382    -0.1399   2.929794   2.929870    316.535     0.1239     0.0994   1436.320   78.92130    0.02072    34.9056    34.9085 0.0000e+00
   1002.000    -0.1391    -0.1408   2.929764   2.929846    316.389     0.1242     0.1014   1437.470   78.92130    0.02070    34.9056    34.9086 0.0000e+00
   1003.000    -0.1398    -0.1415   2.929746   2.929826    316.804     0.1268     0.1019   1438.610   78.92130    0.02070    34.9056    34.9086 0.0000e+00
   1004.000    -0.1411    -0.1429   2.929676   2.929747    317.248     0.1283     0.1007   1439.713   78.92130    0.02070    34.9056    34.9085 0.0000e+00
   1005.000    -0.1418    -0.1435   2.929659   2.929742    316.994     0.1270     0.1013   1440.770   78.92130    0.02070    34.9056    34.9085 0.0000e+00
   1006.000    -0.1420    -0.1436   2.929689   2.929771    316.591     0.1308     0.1008   1441.822   78.92130    0.02068    34.9055    34.9085 0.0000e+00
   1007.000    -0.1427    -0.1443   2.929675   2.929761    315.891     0.1300     0.1011   1442.879   78.92130    0.02068    34.9055    34.9085 0.0000e+00
   1008.000    -0.1436    -0.1452   2.929639   2.929718    315.519     0.1310     0.1009   1443.974   78.92130    0.02067    34.9055    34.9085 0.0000e+00
   1009.000    -0.1456    -0.1472   2.929508   2.929596    316.045     0.1298     0.1003   1445.107   78.92130    0.02066    34.9055    34.9085 0.0000e+00
   1010.000    -0.1485    -0.1501   2.929307   2.929381    316.801     0.1284     0.1002   1446.263   78.92130    0.02066    34.9055    34.9084 0.0000e+00
   1011.000    -0.1496    -0.1513   2.929248   2.929332    316.635     0.1252     0.1004   1447.407   78.92130    0.02065    34.9054    34.9085 0.0000e+00
   1012.000    -0.1500    -0.1518   2.929260   2.929327    316.176     0.1247     0.1011   1448.520   78.92130    0.02064    34.9055    34.9084 0.0000e+00
   1013.000    -0.1508    -0.1526   2.929233   2.929313    316.255     0.1227     0.1020   1449.598   78.92130    0.02064    34.9055    34.9086 0.0000e+00
   1014.000    -0.1516    -0.1533   2.929215   2.929294    315.757     0.1235     0.1007   1450.647   78.92130    0.02064    34.9056    34.9086 0.0000e+00
   1015.000    -0.1538    -0.1555   2.929079   2.929154    315.754     0.1247     0.0995   1451.677   78.92130    0.02062    34.9057    34.9086 0.0000e+00
   1016.000    -0.1545    -0.1561   2.929063   2.929144    316.243     0.1275     0.1002   1452.723   78.92130    0.02062    34.9057    34.9086 0.0000e+00
   1017.000    -0.1553    -0.1569   2.929033   2.929123    316.125     0.1255     0.0994   1453.805   78.92130    0.02062    34.9056    34.9086 0.0000e+00
   1018.000    -0.1572    -0.1588   2.928914   2.929000    315.700     0.1278     0.1004   1454.930   78.92130    0.02060    34.9057    34.9086 0.0000e+00
   1019.000    -0.1589    -0.1606   2.928818   2.928896    315.707     0.1264     0.1002   1456.076   78.92130    0.02060    34.9058    34.9086 0.0000e+00
   1020.000    -0.1613    -0.1629   2.928670   2.928753    316.140     0.1241     0.0993   1457.231   78.92130    0.02060    34.9059    34.9088 0.0000e+00
   1021.000    -0.1619    -0.1635   2.928664   2.928754    316.791     0.1246     0.1003   1458.361   78.92130    0.02059    34.9059    34.9089 0.0000e+00
   1022.000    -0.1629    -0.1646   2.928625   2.928695    316.555     0.1276     0.1004   1459.464   78.92130    0.02058    34.9060    34.9088 0.0000e+00
   1023.000    -0.1642    -0.1659   2.928556   2.928636    316.569     0.1260     0.1003   1460.548   78.92128    0.02058    34.9060    34.9090 0.0000e+00
   1024.000    -0.1647    -0.1664   2.928556   2.928635    316.605     0.1260     0.1003   1461.630   78.92128    0.02058    34.9060    34.9089 0.0000e+00
   1025.000    -0.1665    -0.1682   2.928457   2.928482    316.489     0.1263     0.1003   1462.712   78.92128    0.02056    34.9061    34.9083 0.0000e+00
   1026.000    -0.1675    -0.1691   2.928413   2.928490    316.646     0.1243     0.1002   1463.790   78.92128    0.02056    34.9061    34.9090 0.0000e+00
   1027.000    -0.1680    -0.1696   2.928418   2.928500    316.493     0.1265     0.1003   1464.879   78.92128    0.02056    34.9061    34.9090 0.0000e+00
   1028.000    -0.1688    -0.1705   2.928403   2.928486    316.211     0.1256     0.1013   1465.976   78.92128    0.02054    34.9062    34.9093 0.0000e+00
   1029.000    -0.1702    -0.1720   2.928317   2.928405    316.926     0.1241     0.1017   1467.082   78.92128    0.02054    34.9062    34.9093 0.0000e+00
   1030.000    -0.1726    -0.1739   2.928161   2.928271    317.593     0.1269     0.1006   1468.183   78.92128    0.02054    34.9063    34.9092 0.0000e+00
   1031.000    -0.1755    -0.1771   2.927969   2.928047    317.594     0.1291     0.1014   1469.284   78.92128    0.02053    34.9064    34.9092 0.0000e+00
   1032.000    -0.1763    -0.1780   2.927942   2.928022    317.265     0.1284     0.0999   1470.374   78.92128    0.02052    34.9064    34.9093 0.0000e+00
   1033.000    -0.1775    -0.1791   2.927879   2.927964    316.644     0.1255     0.1001   1471.465   78.92128    0.02052    34.9063    34.9093 0.0000e+00
