test_project/cnv_input/001_bin.cnv
* Sea-Bird SBE 9 Data File:
* FileName = C:\Documents and Settings\ctd\Desktop\FS2022\data\001.hex
* Software Version Seasave V 7.21b
* Temperature SN = 2400
* Conductivity SN = 3447
* Number of Bytes Per Scan = 48
* Number of Voltage Words = 5
* Number of Scans Averaged by the Deck Unit = 1
* NMEA Latitude = 78 55.29 N
* NMEA Longitude = 000 01.51 E
* NMEA UTC (Time) = Sep 10 2022  15:07:17
* NMEA baud rate = 4800
** Cruise: FS 2022
** Ship: Silver Arctic
** Station (File Number):  001
** Latitude:
** Longitude:
** Echodepth (m):
** Seastate:
# nquan = 14
# nvalues = 2496                        
# units = specified
# name 0 = prDM: Pressure, Digiquartz [db]
# name 1 = t090C: Temperature [ITS-90, deg C]
# name 2 = t190C: Temperature, 2 [ITS-90, deg C]
# name 3 = c0S/m: Conductivity [S/m]
# name 4 = c1S/m: Conductivity, 2 [S/m]
# name 5 = sbox0Mm/Kg: Oxygen, SBE 43 [umol/kg]
# name 6 = wetCDOM: Fluorescence, WET Labs CDOM [mg/m^3]
# name 7 = wetCDOM1: Fluorescence, WET Labs CDOM, 2 [mg/m^3]
# name 8 = timeS: Time, Elapsed [seconds]
# name 9 = latitude: Latitude [deg]
# name 10 = longitude: Longitude [deg]
# name 11 = sal00: Salinity, Practical [PSU]
# name 12 = sal11: Salinity, Practical, 2 [PSU]
# name 13 = flag: flag
# span 0 =      2.000,   2497.000       
# span 1 =    -0.7157,     7.4431       
# span 2 =    -0.7177,     7.4426       
# span 3 =   2.872083,   3.564356       
# span 4 =   2.791173,   3.564461       
# span 5 =    294.815,    376.948       
# span 6 =     0.1070,     0.1428       
# span 7 =     0.0887,     0.1087       
# span 8 =    340.199,   3037.449       
# span 9 =   78.92122,   78.92172       
# span 10 =    0.01194,    0.02522      
# span 11 =    32.6051,    35.0368      
# span 12 =    32.1168,    35.0391      
# span 13 = 0.0000e+00, 0.0000e+00      
# interval = decibars: 1                
# start_time = Sep 10 2022 15:07:17 [NMEA time, first data scan]
# bad_flag = -9.990e-29
*END*
[from data line 1342]
   1344.000    -0.4151    -0.4168   2.921106   2.921192    314.826     0.1291     0.1010   1805.091   78.92128    0.01964    34.9087    34.9118 0.0000e+00
   1345.000    -0.4155    -0.4172   2.921113   2.921207    314.883     0.1313     0.1010   1806.179   78.92128    0.01963    34.9087    34.9119 0.0000e+00
   1346.000    -0.4153    -0.4170   2.921179   2.921269    314.643     0.1278     0.1002   1807.269   78.92128    0.01962    34.9087    34.9119 0.0000e+00
   1347.000    -0.4167    -0.4185   2.921103   2.921179    314.708     0.1278     0.1002   1808.332   78.92128    0.01962    34.9087    34.9118 0.0000e+00
   1348.000    -0.4170    -0.4187   2.921127   2.921211    313.545     0.1302     0.1006   1809.390   78.92128    0.01962    34.9088    34.9120 0.0000e+00
   1349.000    -0.4174    -0.4191   2.921124   2.921210    313.485     0.1289     0.1017   1810.434   78.92128    0.01962    34.9087    34.9118 0.0000e+00
   1350.000    -0.4177    -0.4195   2.921141   2.921222    313.920     0.1320     0.1016   1811.499   78.92128    0.01960    34.9087    34.9119 0.0000e+00
   1351.000    -0.4184    -0.4201   2.921124   2.921210    314.224     0.1242     0.1003   1812.584   78.92128    0.01960    34.9087    34.9119 0.0000e+00
   1352.000    -0.4195    -0.4213   2.921076   2.921159    313.970     0.1280     0.0993   1813.682   78.92128    0.01960    34.9087    34.9119 0.0000e+00
   1353.000    -0.4195    -0.4213   2.921110   2.921196    313.424     0.1305     0.1002   1814.787   78.92128    0.01960    34.9087    34.9119 0.0000e+00
   1354.000    -0.4204    -0.4223   2.921077   2.921153    313.015     0.1316     0.1004   1815.890   78.92128    0.01958    34.9088    34.9118 0.0000e+00
   1355.000    -0.4218    -0.4233   2.921003   2.921111    312.615     0.1294     0.1014   1816.983   78.92128    0.01958    34.9087    34.9119 0.0000e+00
   1356.000    -0.4231    -0.4248   2.920933   2.921026    313.001     0.1253     0.1003   1818.067   78.92128    0.01958    34.9088    34.9119 0.0000e+00
   1357.000    -0.4239    -0.4257   2.920907   2.920987    313.944     0.1296     0.1004   1819.144   78.92128    0.01957    34.9087    34.9119 0.0000e+00
   1358.000    -0.4247    -0.4268   2.920887   2.920940    314.019     0.1305     0.1026   1820.231   78.92128    0.01956    34.9088    34.9119 0.0000e+00
   1359.000    -0.4257    -0.4275   2.920839   2.920927    313.620     0.1305     0.1028   1821.332   78.92128    0.01956    34.9087    34.9119 0.0000e+00
   1360.000    -0.4266    -0.4284   2.920808   2.920889    313.727     0.1296     0.1018   1822.443   78.92128    0.01956    34.9088    34.9119 0.0000e+00
   1361.000    -0.4268    -0.4287   2.920829   2.920914    314.110     0.1275     0.1026   1823.551   78.92128    0.01954    34.9088    34.9120 0.0000e+00
   1362.000    -0.4277    -0.4295   2.920797   2.920888    313.496     0.1271     0.1010   1824.649   78.92128    0.01954    34.9088    34.9120 0.0000e+00
   1363.000    -0.4282    -0.4299   2.920807   2.920888    312.818     0.1314     0.1012   1825.758   78.92128    0.01954    34.9089    34.9119 0.0000e+00
   1364.000    -0.4285    -0.4303   2.920823   2.920904    312.201     0.1286     0.0992   1826.857   78.92126    0.01954    34.9088    34.9120 0.0000e+00
   1365.000    -0.4298    -0.4316   2.920752   2.920836    311.703     0.1270     0.1005   1827.972   78.92126    0.01952    34.9088    34.9120 0.0000e+00
   1366.000    -0.4311    -0.4328   2.920683   2.920775    311.879     0.1295     0.1009   1829.114   78.92126    0.01952    34.9089    34.9120 0.0000e+00
   1367.000    -0.4323    -0.4340   2.920630   2.920712    312.236     0.1270     0.1003   1830.295   78.92126    0.01952    34.9089    34.9119 0.0000e+00
   1368.000    -0.4326    -0.4344   2.920642   2.920731    311.826     0.1285     0.1021   1831.484   78.92126    0.01951    34.9089    34.9121 0.0000e+00
   1369.000    -0.4328    -0.4346   2.920679   2.920752    311.588     0.1262     0.1010   1832.650   78.92126    0.01950    34.9090    34.9120 0.0000e+00
   1370.000    -0.4330    -0.4347   2.920697   2.920792    311.499     0.1267     0.1022   1833.786   78.92126    0.01950    34.9089    34.9121 0.0000e+00
   1371.000    -0.4331    -0.4349   2.920735   2.920820    311.410     0.1250     0.1010   1834.902   78.92126    0.01950    34.9089    34.9121 0.0000e+00
   1372.000    -0.4332    -0.4350   2.920770   2.920855    311.506     0.1297     0.1013   1836.031   78.92126    0.01949    34.9090    34.9121 0.0000e+00
   1373.000    -0.4343    -0.4360   2.920715   2.920808    311.764     0.1306     0.1026   1837.179   78.92126    0.01948    34.9089    34.9121 0.0000e+00
   1374.000    -0.4361    -0.4379   2.920597   2.920687    312.266     0.1314     0.1009   1838.326   78.92126    0.01948    34.9088    34.9121 0.0000e+00
   1375.000    -0.4365    -0.4383   2.920605   2.920700    312.301     0.1268     0.1004   1839.473   78.92126    0.01947    34.9088    34.9121 0.0000e+00
   1376.000    -0.4372    -0.4394   2.920588   2.920639    312.194     0.1318     0.1003   1840.615   78.92126    0.01946    34.9089    34.9120 0.0000e+00
   1377.000    -0.4390    -0.4406   2.920478   2.920579    311.661     0.1253     0.1004   1841.738   78.92126    0.01946    34.9088    34.9120 0.0000e+00
   1378.000    -0.4408    -0.4425   2.920371   2.920465    311.969     0.1289     0.1029   1842.832   78.92126    0.01946    34.9089    34.9121 0.0000e+00
   1379.000    -0.4413    -0.4432   2.920357   2.920454    312.943     0.1304     0.1016   1843.908   78.92126    0.01946    34.9088    34.9121 0.0000e+00
   1380.000    -0.4415    -0.4433   2.920409   2.920477    312.801     0.1318     0.1012   1845.002   78.92126    0.01945    34.9090    34.9121 0.0000e+00
   1381.000    -0.4421    -0.4439   2.920387   2.920465    312.371     0.1293     0.1002   1846.122   78.92126    0.01944    34.9089    34.9120 0.0000e+00
   1382.000    -0.4424    -0.4441   2.920419   2.920506    312.374     0.1295     0.0991   1847.258   78.92126    0.01944    34.9091    34.9122 0.0000e+00
   1383.000    -0.4425    -0.4444   2.920443   2.920527    312.051     0.1257     0.1019   1848.400   78.92126    0.01944    34.9090    34.9122 0.0000e+00
   1384.000    -0.4429    -0.4447   2.920458   2.920549    311.684     0.1292     0.1026   1849.503   78.92126    0.01942    34.9090    34.9123 0.0000e+00
   1385.000    -0.4429    -0.4448   2.920501   2.920583    311.409     0.1310     0.1011   1850.559   78.92126    0.01942    34.9091    34.9123 0.0000e+00
   1386.000    -0.4433    -0.4450   2.920520   2.920598    310.917     0.1311     0.1003   1851.607   78.92126    0.01942    34.9092    34.9122 0.0000e+00
   1387.000    -0.4444    -0.4462   2.920457   2.920540    310.759     0.1284     0.1007   1852.653   78.92126    0.01942    34.9091    34.9122 0.0000e+00
   1388.000    -0.4452    -0.4469   2.920433   2.920514    310.737     0.1287     0.1019   1853.687   78.92126    0.01942    34.9091    34.9122 0.0000e+00
   1389.000    -0.4467    -0.4484   2.920351   2.920448    310.677     0.1292     0.1026   1854.709   78.92126    0.01940    34.9091    34.9123 0.0000e+00
   1390.000    -0.4482    -0.4500   2.920267   2.920357    310.648     0.1281     0.1017   1855.735   78.92126    0.01940    34.9092    34.9124 0.0000e+00
   1391.000    -0.4487    -0.4505   2.920277   2.920359    310.458     0.1279     0.1005   1856.781   78.92124    0.01940    34.9093    34.9124 0.0000e+00
   1392.000    -0.4487    -0.4505   2.920324   2.920398    310.432     0.1298     0.1002   1857.815   78.92124    0.01940    34.9094    34.9124 0.0000e+00
   1393.000    -0.4487    -0.4506   2.920350   2.920434    310.412     0.1318     0.1014   1858.832   78.92124    0.01940    34.9092    34.9124 0.0000e+00
   1394.000    -0.4492    -0.4510   2.920363   2.920446    310.395     0.1296     0.1024   1859.845   78.92124    0.01938    34.9093    34.9124 0.0000e+00
   1395.000    -0.4503    -0.4522   2.920301   2.920388    310.456     0.1276     0.1028   1860.851   78.92124    0.01938    34.9092    34.9125 0.0000e+00
   1396.000    -0.4535    -0.4554   2.920073   2.920160    310.412     0.1306     0.1016   1861.861   78.92124    0.01938    34.9092    34.9125 0.0000e+00
   1397.000    -0.4546    -0.4564   2.920023   2.920113    309.852     0.1299     0.1008   1862.894   78.92124    0.01938    34.9092    34.9125 0.0000e+00
   1398.000    -0.4553    -0.4570   2.920004   2.920105    309.330     0.1308     0.1018   1863.950   78.92124    0.01938    34.9092    34.9125 0.0000e+00
   1399.000    -0.4561    -0.4578   2.919979   2.920066    309.207     0.1310     0.1029   1865.006   78.92124    0.01936    34.9092    34.9124 0.0000e+00
   1400.000    -0.4567    -0.4585   2.919973   2.920055    309.220     0.1274     0.1025   1866.053   78.92124    0.01936    34.9093    34.9124 0.0000e+00
   1401.000    -0.4569    -0.4586   2.919997   2.920090    309.274     0.1256     0.0994   1867.069   78.92124    0.01936    34.9092    34.9124 0.0000e+00
   1402.000    -0.4573    -0.4591   2.919996   2.920089    309.618     0.1273     0.1014   1868.063   78.92124    0.01936    34.9092    34.9124 0.0000e+00
   1403.000    -0.4577    -0.4596   2.920016   2.920089    310.006     0.1292     0.1018   1869.054   78.92124    0.01936    34.9093    34.9124 0.0000e+00
   1404.000    -0.4587    -0.4603   2.919958   2.920067    309.755     0.1313     0.1032   1870.054   78.92124    0.01935    34.9092    34.9123 0.0000e+00
   1405.000    -0.4595    -0.4610   2.919935   2.920056    309.407     0.1320     0.1029   1871.077   78.92124    0.01934    34.9091    34.9124 0.0000e+00
   1406.000    -0.4617    -0.4634   2.919799   2.919889    310.157     0.1289     0.1006   1872.114   78.92124    0.01934    34.9092    34.9124 0.0000e+00
   1407.000    -0.4624    -0.4642   2.919770   2.919857    310.662     0.1288     0.0993   1873.159   78.92124    0.01934    34.9092    34.9124 0.0000e+00
   1408.000    -0.4626    -0.4644   2.919803   2.919890    310.450     0.1309     0.0998   1874.200   78.92124    0.01934    34.9092    34.9124 0.0000e+00
   1409.000    -0.4624    -0.4642   2.919869   2.919949    310.297     0.1310     0.1019   1875.222   78.92124    0.01933    34.9093    34.9124 0.0000e+00
   1410.000    -0.4622    -0.4639   2.919935   2.920019    310.451     0.1285     0.1038   1876.228   78.92124    0.01932    34.9094    34.9125 0.0000e+00
   1411.000    -0.4622    -0.4640   2.919969   2.920058    310.554     0.1286     0.1017   1877.220   78.92124    0.01932    34.9093    34.9125 0.0000e+00
   1412.000    -0.4627    -0.4645   2.919966   2.920051    310.261     0.1292     0.0997   1878.224   78.92124    0.01932    34.9093    34.9124 0.0000e+00
   1413.000    -0.4637    -0.4655   2.919934   2.920016    309.995     0.1303     0.1008   1879.237   78.92124    0.01932    34.9094    34.9125 0.0000e+00
   1414.000    -0.4639    -0.4657   2.919959   2.920047    309.511     0.1322     0.1024   1880.260   78.92124    0.01932    34.9094    34.9125 0.0000e+00
   1415.000    -0.4647    -0.4665   2.919928   2.920016    309.398     0.1293     0.1022   1881.297   78.92124    0.01932    34.9094    34.9125 0.0000e+00
   1416.000    -0.4651    -0.4669   2.919932   2.920022    309.248     0.1312     0.1011   1882.342   78.92124    0.01932    34.9093    34.9125 0.0000e+00
   1417.000    -0.4657    -0.4674   2.919935   2.920015    309.711     0.1255     0.1002   1883.396   78.92124    0.01931    34.9094    34.9124 0.0000e+00
   1418.000    -0.4660    -0.4677   2.919950   2.920032    309.912     0.1271     0.1009   1884.449   78.92124    0.01930    34.9094    34.9125 0.0000e+00
   1419.000    -0.4668    -0.4685   2.919927   2.920021    310.041     0.1266     0.1028   1885.501   78.92124    0.01930    34.9095    34.9127 0.0000e+00
   1420.000    -0.4680    -0.4697   2.919862   2.919952    310.175     0.1303     0.1026   1886.541   78.92124    0.01930    34.9094    34.9125 0.0000e+00
   1421.000    -0.4690    -0.4708   2.919818   2.919902    310.319     0.1284     0.1004   1887.571   78.92122    0.01930    34.9093    34.9125 0.0000e+00
   1422.000    -0.4699    -0.4716   2.919782   2.919866    310.283     0.1300     0.1015   1888.589   78.92122    0.01930    34.9093    34.9124 0.0000e+00
   1423.000    -0.4706    -0.4723   2.919767   2.919845    309.964     0.1332     0.1016   1889.606   78.92122    0.01930    34.9094    34.9123 0.0000e+00
   1424.000    -0.4717    -0.4735   2.919712   2.919794    309.829     0.1301     0.1018   1890.615   78.92122    0.01930    34.9093    34.9124 0.0000e+00
   1425.000    -0.4741    -0.4758   2.919551   2.919643    309.829     0.1269     0.1016   1891.636   78.92122    0.01930    34.9093    34.9125 0.0000e+00
   1426.000    -0.4747    -0.4766   2.919539   2.919619    309.522     0.1297     0.1006   1892.670   78.92122    0.01930    34.9093    34.9125 0.0000e+00
   1427.000    -0.4750    -0.4767   2.919561   2.919646    309.699     0.1297     0.1002   1893.719   78.92122    0.01930    34.9094    34.9125 0.0000e+00
   1428.000    -0.4751    -0.4768   2.919591   2.919686    309.608     0.1298     0.1016   1894.773   78.92122    0.01928    34.9093    34.9125 0.0000e+00
   1429.000    -0.4755    -0.4771   2.919592   2.919696    309.931     0.1300     0.1021   1895.839   78.92122    0.01928    34.9092    34.9125 0.0000e+00
   1430.000    -0.4752    -0.4770   2.919671   2.919756    310.431     0.1318     0.1039   1896.891   78.92122    0.01928    34.9094    34.9125 0.0000e+00
   1431.000    -0.4753    -0.4770   2.919695   2.919792    310.629     0.1289     0.1028   1897.933   78.92122    0.01928    34.9093    34.9124 0.0000e+00
   1432.000    -0.4757    -0.4774   2.919710   2.919801    310.885     0.1275     0.1016   1898.952   78.92122    0.01928    34.9093    34.9125 0.0000e+00
   1433.000    -0.4760    -0.4779   2.919724   2.919810    310.691     0.1305     0.1006   1899.953   78.92122    0.01928    34.9093    34.9126 0.0000e+00
   1434.000    -0.4760    -0.4779   2.919766   2.919849    310.276     0.1286     0.1035   1900.965   78.92122    0.01928    34.9093    34.9125 0.0000e+00
   1435.000    -0.4761    -0.4778   2.919800   2.919890    309.812     0.1259     0.1026   1901.976   78.92122    0.01928    34.9093    34.9125 0.0000e+00
   1436.000    -0.4758    -0.4776   2.919882   2.919962    309.564     0.1280     0.1018   1903.007   78.92122    0.01928    34.9095    34.9125 0.0000e+00
   1437.000    -0.4752    -0.4770   2.919967   2.920079    309.863     0.1294     0.1006   1904.054   78.92122    0.01928    34.9094    34.9129 0.0000e+00
   1438.000    -0.4766    -0.4782   2.919917   2.920010    309.711     0.1282     0.1006   1905.116   78.92122    0.01928    34.9097    34.9128 0.0000e+00
   1439.000    -0.4768    -0.4786   2.919935   2.920027    309.897     0.1290     0.1028   1906.178   78.92122    0.01928    34.9097    34.9129 0.0000e+00
   1440.000    -0.4768    -0.4786   2.919981   2.920065    309.884     0.1274     0.1026   1907.228   78.92122    0.01928    34.9098    34.9129 0.0000e+00
   1441.000    -0.4771    -0.4788   2.919999   2.920096    309.440     0.1280     0.1018   1908.259   78.92122    0.01928    34.9097    34.9129 0.0000e+00
   1442.000    -0.4773    -0.4791   2.920022   2.920115    309.142     0.1308     0.1028   1909.268   78.92122    0.01928    34.9097    34.9129 0.0000e+00
   1443.000    -0.4777    -0.4795   2.920044   2.920119    309.080     0.1288     0.1028   1910.286   78.92122    0.01928    34.9099    34.9129 0.0000e+00
   1444.000    -0.4778    -0.4796   2.920070   2.920149    308.893     0.1309     0.1029   1911.299   78.92122    0.01928    34.9098    34.9129 0.0000e+00
   1445.000    -0.4812    -0.4837   2.919783   2.919811    308.889     0.1312     0.1027   1912.335   78.92122    0.01928    34.9093    34.9125 0.0000e+00
   1446.000    -0.4825    -0.4845   2.919710   2.919791    308.554     0.1302     0.1027   1913.383   78.92122    0.01928    34.9092    34.9125 0.0000e+00
