test_project/cnv_input/001_bin.cnv
* Sea-Bird SBE 9 Data File:
* FileName = C:\Documents and Settings\ctd\Desktop\FS2022\data\001.hex
* Software Version Seasave V 7.21b
* Temperature SN = 2400
* Conductivity SN = 3447
* Number of Bytes Per Scan = 48
* Number of Voltage Words = 5
* Number of Scans Averaged by the Deck Unit = 1
* NMEA Latitude = 78 55.29 N
* NMEA Longitude = 000 01.51 E
* NMEA UTC (Time) = Sep 10 2022  15:07:17
* NMEA baud rate = 4800
** Cruise: FS 2022
** Ship: Silver Arctic
** Station (File Number):  001
** Latitude:
** Longitude:
** Echodepth (m):
** Seastate:
# nquan = 14
# nvalues = 2496                        
# units = specified
# name 0 = prDM: Pressure, Digiquartz [db]
# name 1 = t090C: Temperature [ITS-90, deg C]
# name 2 = t190C: Temperature, 2 [ITS-90, deg C]
# name 3 = c0S/m: Conductivity [S/m]
# name 4 = c1S/m: Conductivity, 2 [S/m]
# name 5 = sbox0Mm/Kg: Oxygen, SBE 43 [umol/kg]
# name 6 = wetCDOM: Fluorescence, WET Labs CDOM [mg/m^3]
# name 7 = wetCDOM1: Fluorescence, WET Labs CDOM, 2 [mg/m^3]
# name 8 = timeS: Time, Elapsed [seconds]
# name 9 = latitude: Latitude [deg]
# name 10 = longitude: Longitude [deg]
# name 11 = sal00: Salinity, Practical [PSU]
# name 12 = sal11: Salinity, Practical, 2 [PSU]
# name 13 = flag: flag
# span 0 =      2.000,   2497.000       
# span 1 =    -0.7157,     7.4431       
# span 2 =    -0.7177,     7.4426       
# span 3 =   2.872083,   3.564356       
# span 4 =   2.791173,   3.564461       
# span 5 =    294.815,    376.948       
# span 6 =     0.1070,     0.1428       
# span 7 =     0.0887,     0.1087       
# span 8 =    340.199,   3037.449       
# span 9 =   78.92122,   78.92172       
# span 10 =    0.01194,    0.02522      
# span 11 =    32.6051,    35.0368      
# span 12 =    32.1168,    35.0391      
# span 13 = 0.0000e+00, 0.0000e+00      
# interval = decibars: 1                
# start_time = Sep 10 2022 15:07:17 [NMEA time, first data scan]
# bad_flag = -9.990e-29
*END*
[from data line 1859]
   1861.000    -0.6658    -0.6676   2.921367   2.921457    301.727     0.1323     0.1020   2342.172   78.92136    0.01636    34.9096    34.9128 0.0000e+00
   1862.000    -0.6659    -0.6678   2.921391   2.921488    302.067     0.1345     0.1026   2343.270   78.92136    0.01635    34.9095    34.9129 0.0000e+00
   1863.000    -0.6660    -0.6678   2.921427   2.921535    301.801     0.1332     0.1028   2344.368   78.92136    0.01634    34.9095    34.9130 0.0000e+00
   1864.000    -0.6659    -0.6677   2.921495   2.921581    301.534     0.1273     0.1030   2345.447   78.92136    0.01633    34.9097    34.9129 0.0000e+00
   1865.000    -0.6656    -0.6675   2.921556   2.921640    302.025     0.1274     0.1047   2346.537   78.92136    0.01632    34.9097    34.9129 0.0000e+00
   1866.000    -0.6651    -0.6669   2.921634   2.921734    301.701     0.1290     0.1023   2347.630   78.92136    0.01630    34.9097    34.9130 0.0000e+00
   1867.000    -0.6651    -0.6669   2.921686   2.921783    301.694     0.1314     0.1018   2348.726   78.92136    0.01630    34.9097    34.9131 0.0000e+00
   1868.000    -0.6649    -0.6667   2.921743   2.921835    301.783     0.1267     0.1026   2349.823   78.92136    0.01628    34.9097    34.9130 0.0000e+00
   1869.000    -0.6647    -0.6666   2.921799   2.921901    301.935     0.1266     0.1028   2350.918   78.92136    0.01627    34.9097    34.9132 0.0000e+00
   1870.000    -0.6644    -0.6662   2.921885   2.921967    301.987     0.1302     0.1021   2352.003   78.92136    0.01626    34.9099    34.9131 0.0000e+00
   1871.000    -0.6646    -0.6664   2.921900   2.922000    301.984     0.1294     0.1017   2353.094   78.92136    0.01626    34.9098    34.9132 0.0000e+00
   1872.000    -0.6643    -0.6661   2.921972   2.922069    301.529     0.1293     0.1016   2354.188   78.92137    0.01625    34.9099    34.9133 0.0000e+00
   1873.000    -0.6645    -0.6663   2.921992   2.922091    301.490     0.1297     0.1023   2355.268   78.92138    0.01624    34.9099    34.9133 0.0000e+00
   1874.000    -0.6649    -0.6667   2.922002   2.922097    301.362     0.1329     0.1041   2356.351   78.92138    0.01623    34.9099    34.9133 0.0000e+00
   1875.000    -0.6651    -0.6670   2.922022   2.922114    301.344     0.1340     0.1042   2357.431   78.92138    0.01622    34.9099    34.9133 0.0000e+00
   1876.000    -0.6655    -0.6674   2.922024   2.922117    301.320     0.1323     0.1029   2358.525   78.92138    0.01620    34.9098    34.9132 0.0000e+00
   1877.000    -0.6661    -0.6680   2.922018   2.922118    301.191     0.1348     0.1027   2359.645   78.92138    0.01620    34.9099    34.9133 0.0000e+00
   1878.000    -0.6671    -0.6690   2.921967   2.922059    301.172     0.1269     0.1029   2360.772   78.92138    0.01620    34.9098    34.9131 0.0000e+00
   1879.000    -0.6675    -0.6696   2.921961   2.922043    301.220     0.1312     0.1033   2361.922   78.92138    0.01618    34.9096    34.9130 0.0000e+00
   1880.000    -0.6680    -0.6698   2.921974   2.922066    301.418     0.1307     0.1041   2363.059   78.92138    0.01618    34.9097    34.9130 0.0000e+00
   1881.000    -0.6685    -0.6703   2.921968   2.922070    301.280     0.1320     0.1032   2364.161   78.92138    0.01617    34.9097    34.9131 0.0000e+00
   1882.000    -0.6690    -0.6711   2.921965   2.922040    301.559     0.1362     0.1016   2365.226   78.92138    0.01616    34.9097    34.9131 0.0000e+00
   1883.000    -0.6702    -0.6718   2.921908   2.922021    301.673     0.1326     0.1020   2366.265   78.92138    0.01615    34.9097    34.9131 0.0000e+00
   1884.000    -0.6709    -0.6727   2.921890   2.921983    301.706     0.1281     0.1031   2367.303   78.92138    0.01614    34.9098    34.9131 0.0000e+00
   1885.000    -0.6711    -0.6729   2.921914   2.922012    301.754     0.1286     0.1047   2368.349   78.92138    0.01614    34.9097    34.9131 0.0000e+00
   1886.000    -0.6709    -0.6727   2.921961   2.922067    301.761     0.1317     0.1020   2369.430   78.92138    0.01613    34.9096    34.9131 0.0000e+00
   1887.000    -0.6711    -0.6730   2.921983   2.922081    301.619     0.1322     0.1028   2370.558   78.92138    0.01612    34.9097    34.9131 0.0000e+00
   1888.000    -0.6712    -0.6731   2.922020   2.922108    301.295     0.1309     0.1028   2371.717   78.92138    0.01610    34.9096    34.9130 0.0000e+00
   1889.000    -0.6712    -0.6730   2.922066   2.922163    301.229     0.1305     0.1028   2372.866   78.92140    0.01610    34.9097    34.9131 0.0000e+00
   1890.000    -0.6712    -0.6730   2.922113   2.922202    301.028     0.1305     0.1030   2373.987   78.92140    0.01610    34.9098    34.9131 0.0000e+00
   1891.000    -0.6713    -0.6731   2.922146   2.922242    300.932     0.1313     0.1037   2375.068   78.92140    0.01608    34.9098    34.9132 0.0000e+00
   1892.000    -0.6712    -0.6731   2.922195   2.922287    301.083     0.1319     0.0997   2376.111   78.92140    0.01608    34.9099    34.9132 0.0000e+00
   1893.000    -0.6713    -0.6732   2.922231   2.922316    301.221     0.1319     0.1012   2377.165   78.92140    0.01607    34.9099    34.9131 0.0000e+00
   1894.000    -0.6715    -0.6734   2.922247   2.922337    301.570     0.1318     0.1025   2378.301   78.92140    0.01606    34.9098    34.9131 0.0000e+00
   1895.000    -0.6729    -0.6748   2.922165   2.922262    301.170     0.1348     0.1029   2379.512   78.92140    0.01605    34.9098    34.9131 0.0000e+00
   1896.000    -0.6733    -0.6751   2.922170   2.922270    301.210     0.1305     0.1039   2380.742   78.92140    0.01604    34.9097    34.9130 0.0000e+00
   1897.000    -0.6734    -0.6752   2.922208   2.922308    300.948     0.1300     0.1020   2381.967   78.92140    0.01603    34.9098    34.9131 0.0000e+00
   1898.000    -0.6729    -0.6747   2.922297   2.922390    301.844     0.1327     0.1018   2383.140   78.92140    0.01602    34.9099    34.9131 0.0000e+00
   1899.000    -0.6725    -0.6744   2.922371   2.922465    302.135     0.1360     0.1019   2384.254   78.92140    0.01602    34.9099    34.9132 0.0000e+00
   1900.000    -0.6726    -0.6745   2.922409   2.922501    301.730     0.1336     0.1039   2385.338   78.92141    0.01601    34.9099    34.9133 0.0000e+00
   1901.000    -0.6727    -0.6746   2.922449   2.922539    301.373     0.1302     0.1029   2386.400   78.92142    0.01600    34.9100    34.9133 0.0000e+00
   1902.000    -0.6728    -0.6747   2.922469   2.922571    301.138     0.1311     0.1019   2387.459   78.92142    0.01600    34.9098    34.9134 0.0000e+00
   1903.000    -0.6729    -0.6748   2.922496   2.922600    301.119     0.1327     0.1016   2388.567   78.92142    0.01598    34.9098    34.9133 0.0000e+00
   1904.000    -0.6733    -0.6751   2.922509   2.922609    301.543     0.1313     0.1026   2389.698   78.92142    0.01598    34.9098    34.9132 0.0000e+00
   1905.000    -0.6737    -0.6757   2.922511   2.922589    301.835     0.1323     0.1040   2390.855   78.92142    0.01598    34.9098    34.9131 0.0000e+00
   1906.000    -0.6739    -0.6758   2.922534   2.922634    301.572     0.1358     0.1043   2392.007   78.92142    0.01596    34.9098    34.9132 0.0000e+00
   1907.000    -0.6744    -0.6762   2.922528   2.922624    301.613     0.1357     0.1022   2393.130   78.92142    0.01596    34.9098    34.9130 0.0000e+00
   1908.000    -0.6746    -0.6765   2.922552   2.922651    301.624     0.1344     0.1026   2394.204   78.92142    0.01595    34.9097    34.9131 0.0000e+00
   1909.000    -0.6747    -0.6767   2.922570   2.922662    301.387     0.1342     0.1036   2395.237   78.92142    0.01594    34.9096    34.9131 0.0000e+00
   1910.000    -0.6756    -0.6774   2.922546   2.922643    301.158     0.1322     0.1027   2396.264   78.92142    0.01594    34.9097    34.9131 0.0000e+00
   1911.000    -0.6768    -0.6786   2.922475   2.922579    301.155     0.1300     0.1017   2397.304   78.92143    0.01593    34.9095    34.9129 0.0000e+00
   1912.000    -0.6770    -0.6789   2.922498   2.922592    300.735     0.1293     0.1023   2398.369   78.92144    0.01592    34.9095    34.9130 0.0000e+00
   1913.000    -0.6772    -0.6791   2.922515   2.922609    300.646     0.1294     0.1032   2399.476   78.92144    0.01592    34.9095    34.9129 0.0000e+00
   1914.000    -0.6772    -0.6791   2.922564   2.922657    300.748     0.1309     0.1041   2400.618   78.92144    0.01590    34.9096    34.9130 0.0000e+00
   1915.000    -0.6766    -0.6785   2.922682   2.922770    301.171     0.1335     0.1030   2401.753   78.92144    0.01590    34.9099    34.9132 0.0000e+00
   1916.000    -0.6756    -0.6775   2.922808   2.922902    301.307     0.1332     0.1017   2402.849   78.92144    0.01590    34.9099    34.9133 0.0000e+00
   1917.000    -0.6757    -0.6775   2.922844   2.922949    301.352     0.1323     0.1021   2403.885   78.92144    0.01588    34.9100    34.9134 0.0000e+00
   1918.000    -0.6754    -0.6774   2.922921   2.923002    300.601     0.1331     0.1040   2404.886   78.92144    0.01588    34.9102    34.9134 0.0000e+00
   1919.000    -0.6749    -0.6768   2.923006   2.923093    300.648     0.1327     0.1028   2405.873   78.92144    0.01588    34.9101    34.9135 0.0000e+00
   1920.000    -0.6746    -0.6765   2.923072   2.923176    300.911     0.1296     0.1018   2406.911   78.92144    0.01586    34.9101    34.9136 0.0000e+00
   1921.000    -0.6743    -0.6762   2.923142   2.923232    300.575     0.1296     0.1016   2408.008   78.92144    0.01586    34.9102    34.9135 0.0000e+00
   1922.000    -0.6739    -0.6758   2.923219   2.923318    300.746     0.1340     0.1019   2409.156   78.92144    0.01585    34.9102    34.9137 0.0000e+00
   1923.000    -0.6734    -0.6753   2.923323   2.923414    300.644     0.1353     0.1050   2410.294   78.92144    0.01584    34.9105    34.9138 0.0000e+00
   1924.000    -0.6734    -0.6754   2.923369   2.923456    300.417     0.1352     0.1031   2411.384   78.92144    0.01584    34.9106    34.9139 0.0000e+00
   1925.000    -0.6734    -0.6754   2.923410   2.923496    300.676     0.1344     0.1009   2412.421   78.92145    0.01583    34.9106    34.9140 0.0000e+00
   1926.000    -0.6734    -0.6753   2.923452   2.923546    300.895     0.1362     0.1013   2413.409   78.92146    0.01582    34.9105    34.9139 0.0000e+00
   1927.000    -0.6737    -0.6756   2.923456   2.923561    301.200     0.1332     0.1023   2414.387   78.92146    0.01582    34.9104    34.9139 0.0000e+00
   1928.000    -0.6741    -0.6760   2.923468   2.923567    301.414     0.1331     0.1025   2415.377   78.92146    0.01581    34.9104    34.9140 0.0000e+00
   1929.000    -0.6741    -0.6761   2.923506   2.923586    301.510     0.1325     0.1019   2416.421   78.92146    0.01580    34.9105    34.9138 0.0000e+00
   1930.000    -0.6746    -0.6766   2.923496   2.923586    301.473     0.1317     0.1030   2417.513   78.92146    0.01580    34.9104    34.9138 0.0000e+00
   1931.000    -0.6751    -0.6771   2.923503   2.923578    301.269     0.1310     0.1030   2418.633   78.92146    0.01578    34.9104    34.9137 0.0000e+00
   1932.000    -0.6755    -0.6775   2.923503   2.923596    300.962     0.1311     0.1041   2419.730   78.92146    0.01578    34.9104    34.9139 0.0000e+00
   1933.000    -0.6760    -0.6780   2.923501   2.923586    300.892     0.1338     0.1050   2420.789   78.92146    0.01576    34.9104    34.9137 0.0000e+00
   1934.000    -0.6778    -0.6798   2.923371   2.923466    301.110     0.1341     0.1027   2421.807   78.92146    0.01576    34.9102    34.9136 0.0000e+00
   1935.000    -0.6777    -0.6798   2.923421   2.923498    300.806     0.1340     0.1016   2422.819   78.92146    0.01576    34.9102    34.9136 0.0000e+00
   1936.000    -0.6784    -0.6801   2.923403   2.923517    300.911     0.1365     0.1017   2423.845   78.92146    0.01574    34.9101    34.9136 0.0000e+00
   1937.000    -0.6777    -0.6797   2.923508   2.923598    300.875     0.1326     0.1025   2424.914   78.92148    0.01574    34.9102    34.9136 0.0000e+00
   1938.000    -0.6781    -0.6796   2.923511   2.923634    300.799     0.1331     0.1045   2426.021   78.92148    0.01572    34.9101    34.9135 0.0000e+00
   1939.000    -0.6774    -0.6792   2.923632   2.923720    300.533     0.1299     0.1047   2427.148   78.92148    0.01572    34.9104    34.9137 0.0000e+00
   1940.000    -0.6774    -0.6792   2.923673   2.923777    300.482     0.1298     0.1027   2428.261   78.92148    0.01571    34.9104    34.9139 0.0000e+00
   1941.000    -0.6776    -0.6796   2.923684   2.923775    300.965     0.1321     0.1025   2429.331   78.92148    0.01570    34.9103    34.9138 0.0000e+00
   1942.000    -0.6778    -0.6795   2.923716   2.923831    301.069     0.1343     0.1028   2430.364   78.92148    0.01570    34.9104    34.9139 0.0000e+00
   1943.000    -0.6801    -0.6817   2.923547   2.923668    301.236     0.1328     0.1030   2431.363   78.92148    0.01569    34.9102    34.9136 0.0000e+00
   1944.000    -0.6796    -0.6817   2.923623   2.923717    301.012     0.1305     0.1035   2432.357   78.92148    0.01568    34.9102    34.9137 0.0000e+00
   1945.000    -0.6803    -0.6823   2.923615   2.923697    300.797     0.1297     0.1050   2433.361   78.92148    0.01567    34.9102    34.9136 0.0000e+00
   1946.000    -0.6802    -0.6820   2.923654   2.923761    300.458     0.1309     0.1030   2434.384   78.92148    0.01566    34.9101    34.9136 0.0000e+00
   1947.000    -0.6809    -0.6823   2.923629   2.923767    300.681     0.1321     0.1027   2435.452   78.92148    0.01565    34.9101    34.9135 0.0000e+00
   1948.000    -0.6809    -0.6827   2.923679   2.923759    300.458     0.1339     0.1021   2436.569   78.92148    0.01564    34.9102    34.9133 0.0000e+00
   1949.000    -0.6802    -0.6820   2.923783   2.923887    300.701     0.1338     0.1038   2437.704   78.92148    0.01562    34.9102    34.9136 0.0000e+00
   1950.000    -0.6807    -0.6825   2.923785   2.923881    300.428     0.1304     0.1030   2438.837   78.92148    0.01562    34.9102    34.9136 0.0000e+00
   1951.000    -0.6822    -0.6839   2.923694   2.923804    300.075     0.1302     0.1028   2439.930   78.92150    0.01562    34.9102    34.9136 0.0000e+00
   1952.000    -0.6829    -0.6848   2.923671   2.923768    300.281     0.1301     0.1020   2440.983   78.92150    0.01560    34.9101    34.9136 0.0000e+00
   1953.000    -0.6833    -0.6852   2.923684   2.923767    300.269     0.1292     0.1024   2442.011   78.92150    0.01559    34.9103    34.9135 0.0000e+00
   1954.000    -0.6832    -0.6852   2.923721   2.923815    300.488     0.1318     0.1042   2443.034   78.92150    0.01558    34.9101    34.9135 0.0000e+00
   1955.000    -0.6833    -0.6851   2.923759   2.923852    300.666     0.1357     0.1032   2444.068   78.92150    0.01557    34.9102    34.9134 0.0000e+00
   1956.000    -0.6833    -0.6852   2.923790   2.923894    300.662     0.1326     0.1022   2445.115   78.92150    0.01556    34.9101    34.9136 0.0000e+00
   1957.000    -0.6833    -0.6852   2.923839   2.923941    300.799     0.1334     0.1028   2446.178   78.92150    0.01555    34.9101    34.9136 0.0000e+00
   1958.000    -0.6834    -0.6853   2.923873   2.923968    300.937     0.1362     0.1033   2447.251   78.92150    0.01554    34.9101    34.9136 0.0000e+00
   1959.000    -0.6835    -0.6854   2.923904   2.924000    301.083     0.1367     0.1037   2448.322   78.92150    0.01553    34.9102    34.9135 0.0000e+00
   1960.000    -0.6837    -0.6856   2.923930   2.924022    301.106     0.1283     0.1026   2449.380   78.92150    0.01552    34.9101    34.9135 0.0000e+00
   1961.000    -0.6840    -0.6862   2.923942   2.924004    300.301     0.1317     0.1016   2450.434   78.92150    0.01551    34.9102    34.9135 0.0000e+00
   1962.000    -0.6853    -0.6872   2.923880   2.923975    299.939     0.1335     0.1018   2451.477   78.92150    0.01550    34.9102    34.9136 0.0000e+00
