test_project/cnv_input/001_bin.cnv
* Sea-Bird SBE 9 Data File:
* FileName = C:\Documents and Settings\ctd\Desktop\FS2022\data\001.hex
* Software Version Seasave V 7.21b
* Temperature SN = 2400
* Conductivity SN = 3447
* Number of Bytes Per Scan = 48
* Number of Voltage Words = 5
* Number of Scans Averaged by the Deck Unit = 1
* NMEA Latitude = 78 55.29 N
* NMEA Longitude = 000 01.51 E
* NMEA UTC (Time) = Sep 10 2022  15:07:17
* NMEA baud rate = 4800
** Cruise: FS 2022
** Ship: Silver Arctic
** Station (File Number):  001
** Latitude:
** Longitude:
** Echodepth (m):
** Seastate:
# nquan = 14
# nvalues = 2496                        
# units = specified
# name 0 = prDM: Pressure, Digiquartz [db]
# name 1 = t090C: Temperature [ITS-90, deg C]
# name 2 = t190C: Temperature, 2 [ITS-90, deg C]
# name 3 = c0S/m: Conductivity [S/m]
# name 4 = c1S/m: Conductivity, 2 [S/m]
# name 5 = sbox0Mm/Kg: Oxygen, SBE 43 [umol/kg]
# name 6 = wetCDOM: Fluorescence, WET Labs CDOM [mg/m^3]
# name 7 = wetCDOM1: Fluorescence, WET Labs CDOM, 2 [mg/m^3]
# name 8 = timeS: Time, Elapsed [seconds]
# name 9 = latitude: Latitude [deg]
# name 10 = longitude: Longitude [deg]
# name 11 = sal00: Salinity, Practical [PSU]
# name 12 = sal11: Salinity, Practical, 2 [PSU]
# name 13 = flag: flag
# span 0 =      2.000,   2497.000       
# span 1 =    -0.7157,     7.4431       
# span 2 =    -0.7177,     7.4426       
# span 3 =   2.872083,   3.564356       
# span 4 =   2.791173,   3.564461       
# span 5 =    294.815,    376.948       
# span 6 =     0.1070,     0.1428       
# span 7 =     0.0887,     0.1087       
# span 8 =    340.199,   3037.449       
# span 9 =   78.92122,   78.92172       
# span 10 =    0.01194,    0.02522      
# span 11 =    32.6051,    35.0368      
# span 12 =    32.1168,    35.0391      
# span 13 = 0.0000e+00, 0.0000e+00      
# interval = decibars: 1                
# start_time = Sep 10 2022 15:07:17 [NMEA time, first data scan]
# bad_flag = -9.990e-29
*END*
[from data line 1136]
   1138.000    -0.2718    -0.2734   2.924485   2.924571    319.814     0.1224     0.1006   1584.863   78.92124    0.01992    34.9080    34.9110 0.0000e+00
   1139.000    -0.2731    -0.2750   2.924409   2.924479    319.071     0.1244     0.1017   1585.961   78.92124    0.01992    34.9080    34.9110 0.0000e+00
   1140.000    -0.2740    -0.2756   2.924380   2.924467    318.455     0.1229     0.1017   1587.062   78.92124    0.01992    34.9080    34.9110 0.0000e+00
   1141.000    -0.2742    -0.2760   2.924406   2.924489    318.435     0.1212     0.1004   1588.163   78.92124    0.01992    34.9080    34.9111 0.0000e+00
   1142.000    -0.2746    -0.2764   2.924412   2.924495    318.453     0.1250     0.1002   1589.239   78.92124    0.01991    34.9080    34.9111 0.0000e+00
   1143.000    -0.2752    -0.2770   2.924406   2.924487    318.135     0.1289     0.1004   1590.293   78.92124    0.01990    34.9080    34.9111 0.0000e+00
   1144.000    -0.2759    -0.2775   2.924393   2.924477    317.881     0.1247     0.1017   1591.347   78.92124    0.01990    34.9080    34.9110 0.0000e+00
   1145.000    -0.2776    -0.2792   2.924287   2.924380    318.522     0.1228     0.1008   1592.417   78.92124    0.01990    34.9080    34.9111 0.0000e+00
   1146.000    -0.2791    -0.2807   2.924210   2.924294    319.085     0.1249     0.1003   1593.522   78.92124    0.01990    34.9081    34.9111 0.0000e+00
   1147.000    -0.2792    -0.2810   2.924235   2.924313    318.653     0.1275     0.0984   1594.676   78.92124    0.01990    34.9080    34.9111 0.0000e+00
   1148.000    -0.2795    -0.2812   2.924257   2.924342    318.075     0.1293     0.1000   1595.849   78.92124    0.01990    34.9081    34.9111 0.0000e+00
   1149.000    -0.2795    -0.2813   2.924300   2.924381    318.703     0.1275     0.0994   1596.994   78.92124    0.01988    34.9081    34.9112 0.0000e+00
   1150.000    -0.2795    -0.2812   2.924348   2.924433    317.901     0.1284     0.0993   1598.083   78.92122    0.01988    34.9081    34.9111 0.0000e+00
   1151.000    -0.2795    -0.2812   2.924395   2.924473    317.522     0.1274     0.0994   1599.127   78.92122    0.01988    34.9082    34.9111 0.0000e+00
   1152.000    -0.2795    -0.2813   2.924433   2.924511    317.377     0.1263     0.0992   1600.138   78.92122    0.01988    34.9081    34.9112 0.0000e+00
   1153.000    -0.2802    -0.2819   2.924417   2.924502    317.461     0.1249     0.0993   1601.165   78.92122    0.01988    34.9081    34.9112 0.0000e+00
   1154.000    -0.2808    -0.2824   2.924410   2.924503    317.292     0.1258     0.0993   1602.228   78.92122    0.01988    34.9082    34.9112 0.0000e+00
   1155.000    -0.2817    -0.2833   2.924375   2.924469    317.420     0.1251     0.0993   1603.338   78.92122    0.01988    34.9081    34.9112 0.0000e+00
   1156.000    -0.2828    -0.2845   2.924326   2.924410    317.668     0.1230     0.0995   1604.462   78.92122    0.01988    34.9081    34.9111 0.0000e+00
   1157.000    -0.2831    -0.2848   2.924354   2.924432    317.800     0.1279     0.1010   1605.565   78.92122    0.01988    34.9083    34.9112 0.0000e+00
   1158.000    -0.2833    -0.2849   2.924378   2.924461    317.842     0.1274     0.1012   1606.641   78.92122    0.01988    34.9082    34.9112 0.0000e+00
   1159.000    -0.2843    -0.2860   2.924337   2.924413    317.927     0.1237     0.1009   1607.693   78.92122    0.01988    34.9083    34.9112 0.0000e+00
   1160.000    -0.2850    -0.2867   2.924311   2.924396    318.333     0.1248     0.1016   1608.749   78.92122    0.01988    34.9081    34.9112 0.0000e+00
   1161.000    -0.2871    -0.2888   2.924175   2.924266    319.121     0.1216     0.1004   1609.819   78.92122    0.01988    34.9082    34.9113 0.0000e+00
   1162.000    -0.2880    -0.2897   2.924133   2.924226    318.641     0.1240     0.1001   1610.934   78.92122    0.01988    34.9081    34.9112 0.0000e+00
   1163.000    -0.2893    -0.2909   2.924073   2.924162    317.972     0.1277     0.0993   1612.069   78.92122    0.01988    34.9082    34.9112 0.0000e+00
   1164.000    -0.2896    -0.2913   2.924095   2.924169    317.860     0.1255     0.1004   1613.203   78.92122    0.01988    34.9082    34.9111 0.0000e+00
   1165.000    -0.2898    -0.2915   2.924113   2.924194    318.166     0.1248     0.1015   1614.299   78.92122    0.01988    34.9082    34.9111 0.0000e+00
   1166.000    -0.2910    -0.2924   2.924061   2.924165    318.314     0.1256     0.0994   1615.359   78.92122    0.01988    34.9082    34.9112 0.0000e+00
   1167.000    -0.2918    -0.2935   2.924036   2.924124    317.998     0.1258     0.1003   1616.389   78.92122    0.01988    34.9082    34.9113 0.0000e+00
   1168.000    -0.2925    -0.2942   2.924021   2.924104    317.351     0.1261     0.1004   1617.399   78.92122    0.01988    34.9082    34.9113 0.0000e+00
   1169.000    -0.2927    -0.2945   2.924047   2.924132    317.404     0.1284     0.0995   1618.421   78.92122    0.01988    34.9083    34.9114 0.0000e+00
   1170.000    -0.2938    -0.2955   2.923998   2.924088    317.425     0.1234     0.0994   1619.446   78.92122    0.01988    34.9083    34.9114 0.0000e+00
   1171.000    -0.2948    -0.2965   2.923954   2.924038    317.545     0.1269     0.0985   1620.499   78.92122    0.01988    34.9083    34.9113 0.0000e+00
   1172.000    -0.2953    -0.2969   2.923953   2.924038    317.902     0.1230     0.0992   1621.575   78.92122    0.01988    34.9082    34.9112 0.0000e+00
   1173.000    -0.2962    -0.2978   2.923921   2.924016    317.992     0.1268     0.1005   1622.673   78.92122    0.01988    34.9083    34.9114 0.0000e+00
   1174.000    -0.2974    -0.2991   2.923857   2.923951    318.734     0.1230     0.1010   1623.787   78.92122    0.01988    34.9082    34.9114 0.0000e+00
   1175.000    -0.2979    -0.2996   2.923853   2.923946    319.141     0.1245     0.1019   1624.905   78.92122    0.01988    34.9082    34.9113 0.0000e+00
   1176.000    -0.2985    -0.3001   2.923854   2.923937    319.046     0.1228     0.1006   1626.004   78.92122    0.01988    34.9083    34.9112 0.0000e+00
   1177.000    -0.2991    -0.3008   2.923848   2.923941    318.446     0.1261     0.0987   1627.081   78.92122    0.01988    34.9083    34.9115 0.0000e+00
   1178.000    -0.2994    -0.3011   2.923869   2.923954    317.786     0.1302     0.1004   1628.132   78.92122    0.01988    34.9083    34.9114 0.0000e+00
   1179.000    -0.2994    -0.3011   2.923910   2.923997    317.953     0.1235     0.1002   1629.178   78.92122    0.01988    34.9083    34.9114 0.0000e+00
   1180.000    -0.2997    -0.3013   2.923936   2.924024    318.351     0.1247     0.0993   1630.216   78.92122    0.01988    34.9084    34.9115 0.0000e+00
   1181.000    -0.3001    -0.3018   2.923946   2.924024    318.118     0.1270     0.1003   1631.266   78.92122    0.01988    34.9084    34.9114 0.0000e+00
   1182.000    -0.3006    -0.3023   2.923942   2.924020    317.830     0.1251     0.1003   1632.342   78.92122    0.01988    34.9084    34.9114 0.0000e+00
   1183.000    -0.3016    -0.3032   2.923901   2.923990    318.269     0.1263     0.1002   1633.428   78.92122    0.01988    34.9084    34.9114 0.0000e+00
   1184.000    -0.3021    -0.3038   2.923902   2.923977    319.076     0.1284     0.1016   1634.507   78.92122    0.01988    34.9085    34.9114 0.0000e+00
   1185.000    -0.3025    -0.3042   2.923914   2.923996    319.467     0.1269     0.1007   1635.568   78.92122    0.01988    34.9084    34.9115 0.0000e+00
   1186.000    -0.3029    -0.3047   2.923914   2.924001    318.902     0.1264     0.0997   1636.611   78.92122    0.01988    34.9083    34.9115 0.0000e+00
   1187.000    -0.3033    -0.3050   2.923932   2.924016    318.196     0.1274     0.0999   1637.647   78.92122    0.01988    34.9084    34.9115 0.0000e+00
   1188.000    -0.3034    -0.3050   2.923969   2.924050    317.765     0.1242     0.0997   1638.685   78.92122    0.01988    34.9085    34.9115 0.0000e+00
   1189.000    -0.3039    -0.3056   2.923961   2.924047    317.763     0.1219     0.0992   1639.735   78.92122    0.01988    34.9084    34.9115 0.0000e+00
   1190.000    -0.3055    -0.3073   2.923865   2.923945    318.010     0.1204     0.1002   1640.813   78.92122    0.01988    34.9083    34.9114 0.0000e+00
   1191.000    -0.3058    -0.3075   2.923870   2.923962    318.293     0.1232     0.1009   1641.929   78.92122    0.01988    34.9083    34.9114 0.0000e+00
   1192.000    -0.3060    -0.3077   2.923907   2.923994    317.995     0.1267     0.1005   1643.068   78.92122    0.01988    34.9083    34.9114 0.0000e+00
   1193.000    -0.3061    -0.3079   2.923935   2.924022    318.054     0.1243     0.1018   1644.208   78.92122    0.01988    34.9083    34.9114 0.0000e+00
   1194.000    -0.3066    -0.3082   2.923949   2.924036    318.258     0.1252     0.0993   1645.306   78.92122    0.01988    34.9084    34.9114 0.0000e+00
   1195.000    -0.3075    -0.3092   2.923904   2.923988    318.638     0.1180     0.0989   1646.362   78.92122    0.01988    34.9084    34.9114 0.0000e+00
   1196.000    -0.3081    -0.3097   2.923910   2.923991    318.645     0.1194     0.0979   1647.380   78.92122    0.01988    34.9085    34.9114 0.0000e+00
   1197.000    -0.3100    -0.3118   2.923782   2.923855    318.373     0.1283     0.0979   1648.386   78.92122    0.01988    34.9084    34.9114 0.0000e+00
   1198.000    -0.3106    -0.3124   2.923783   2.923861    318.370     0.1280     0.0992   1649.387   78.92122    0.01988    34.9086    34.9115 0.0000e+00
   1199.000    -0.3110    -0.3128   2.923787   2.923868    318.032     0.1224     0.1003   1650.404   78.92122    0.01988    34.9084    34.9115 0.0000e+00
   1200.000    -0.3116    -0.3134   2.923779   2.923862    317.885     0.1231     0.1004   1651.458   78.92122    0.01988    34.9085    34.9116 0.0000e+00
   1201.000    -0.3121    -0.3140   2.923777   2.923850    317.426     0.1242     0.1003   1652.542   78.92122    0.01988    34.9084    34.9115 0.0000e+00
   1202.000    -0.3123    -0.3140   2.923799   2.923888    317.763     0.1257     0.0996   1653.654   78.92122    0.01988    34.9084    34.9115 0.0000e+00
   1203.000    -0.3125    -0.3142   2.923826   2.923916    318.660     0.1241     0.0999   1654.774   78.92122    0.01988    34.9084    34.9115 0.0000e+00
   1204.000    -0.3127    -0.3144   2.923856   2.923942    318.669     0.1231     0.1010   1655.876   78.92122    0.01988    34.9084    34.9115 0.0000e+00
   1205.000    -0.3128    -0.3145   2.923884   2.923971    317.984     0.1260     0.1011   1656.962   78.92122    0.01988    34.9084    34.9114 0.0000e+00
   1206.000    -0.3137    -0.3155   2.923860   2.923926    317.553     0.1259     0.1004   1658.021   78.92122    0.01988    34.9084    34.9114 0.0000e+00
   1207.000    -0.3145    -0.3162   2.923829   2.923912    318.110     0.1237     0.1005   1659.082   78.92124    0.01988    34.9084    34.9115 0.0000e+00
   1208.000    -0.3146    -0.3164   2.923861   2.923940    318.511     0.1225     0.1001   1660.145   78.92124    0.01988    34.9084    34.9115 0.0000e+00
   1209.000    -0.3152    -0.3170   2.923848   2.923928    318.118     0.1212     0.1001   1661.212   78.92124    0.01988    34.9084    34.9114 0.0000e+00
   1210.000    -0.3156    -0.3174   2.923856   2.923938    317.642     0.1244     0.1018   1662.277   78.92124    0.01988    34.9084    34.9115 0.0000e+00
   1211.000    -0.3159    -0.3176   2.923873   2.923963    317.975     0.1261     0.1006   1663.340   78.92124    0.01988    34.9083    34.9114 0.0000e+00
   1212.000    -0.3161    -0.3179   2.923900   2.923984    317.879     0.1248     0.1018   1664.391   78.92124    0.01988    34.9083    34.9114 0.0000e+00
   1213.000    -0.3164    -0.3183   2.923918   2.924008    317.093     0.1247     0.1019   1665.433   78.92124    0.01988    34.9084    34.9116 0.0000e+00
   1214.000    -0.3168    -0.3186   2.923932   2.924015    316.974     0.1227     0.1019   1666.470   78.92124    0.01988    34.9084    34.9115 0.0000e+00
   1215.000    -0.3171    -0.3188   2.923949   2.924033    317.391     0.1219     0.1008   1667.502   78.92124    0.01990    34.9084    34.9115 0.0000e+00
   1216.000    -0.3172    -0.3189   2.923986   2.924075    318.127     0.1242     0.1004   1668.557   78.92124    0.01990    34.9085    34.9115 0.0000e+00
   1217.000    -0.3173    -0.3190   2.924018   2.924102    318.367     0.1267     0.0996   1669.607   78.92124    0.01990    34.9084    34.9115 0.0000e+00
   1218.000    -0.3177    -0.3193   2.924033   2.924116    318.291     0.1273     0.1013   1670.676   78.92124    0.01990    34.9085    34.9114 0.0000e+00
   1219.000    -0.3187    -0.3204   2.923978   2.924067    317.718     0.1289     0.1017   1671.742   78.92124    0.01990    34.9083    34.9115 0.0000e+00
   1220.000    -0.3200    -0.3217   2.923911   2.923998    316.919     0.1259     0.0998   1672.829   78.92124    0.01990    34.9084    34.9115 0.0000e+00
   1221.000    -0.3209    -0.3227   2.923876   2.923966    317.355     0.1243     0.0995   1673.898   78.92124    0.01990    34.9084    34.9115 0.0000e+00
   1222.000    -0.3219    -0.3236   2.923845   2.923921    317.198     0.1236     0.1000   1674.947   78.92124    0.01990    34.9085    34.9115 0.0000e+00
   1223.000    -0.3223    -0.3239   2.923856   2.923947    317.306     0.1214     0.0997   1675.976   78.92125    0.01990    34.9085    34.9116 0.0000e+00
   1224.000    -0.3227    -0.3244   2.923858   2.923943    316.904     0.1211     0.1018   1676.987   78.92126    0.01990    34.9085    34.9115 0.0000e+00
   1225.000    -0.3230    -0.3247   2.923878   2.923964    317.271     0.1237     0.1017   1677.985   78.92126    0.01991    34.9085    34.9116 0.0000e+00
   1226.000    -0.3246    -0.3263   2.923783   2.923866    317.852     0.1237     0.0996   1678.987   78.92126    0.01992    34.9084    34.9115 0.0000e+00
   1227.000    -0.3256    -0.3272   2.923740   2.923829    317.905     0.1250     0.0993   1679.987   78.92126    0.01992    34.9084    34.9114 0.0000e+00
   1228.000    -0.3262    -0.3279   2.923717   2.923824    317.414     0.1291     0.0993   1681.008   78.92126    0.01992    34.9083    34.9116 0.0000e+00
   1229.000    -0.3268    -0.3284   2.923721   2.923809    316.698     0.1239     0.1013   1682.042   78.92126    0.01992    34.9084    34.9114 0.0000e+00
   1230.000    -0.3271    -0.3290   2.923734   2.923807    316.557     0.1243     0.1018   1683.080   78.92126    0.01992    34.9084    34.9115 0.0000e+00
   1231.000    -0.3285    -0.3302   2.923660   2.923750    316.576     0.1231     0.1004   1684.128   78.92126    0.01992    34.9084    34.9115 0.0000e+00
   1232.000    -0.3290    -0.3306   2.923663   2.923752    316.419     0.1193     0.1004   1685.167   78.92126    0.01992    34.9084    34.9115 0.0000e+00
   1233.000    -0.3302    -0.3320   2.923602   2.923682    316.516     0.1208     0.1001   1686.199   78.92126    0.01992    34.9085    34.9115 0.0000e+00
   1234.000    -0.3315    -0.3333   2.923527   2.923616    316.685     0.1232     0.0994   1687.229   78.92126    0.01992    34.9084    34.9115 0.0000e+00
   1235.000    -0.3321    -0.3337   2.923531   2.923622    316.596     0.1216     0.1003   1688.264   78.92126    0.01992    34.9085    34.9116 0.0000e+00
   1236.000    -0.3323    -0.3341   2.923544   2.923637    316.489     0.1231     0.1004   1689.302   78.92126    0.01992    34.9084    34.9116 0.0000e+00
   1237.000    -0.3340    -0.3357   2.923448   2.923534    316.259     0.1281     0.1015   1690.352   78.92126    0.01992    34.9084    34.9115 0.0000e+00
   1238.000    -0.3355    -0.3373   2.923365   2.923446    315.976     0.1204     0.1007   1691.413   78.92126    0.01992    34.9085    34.9115 0.0000e+00
   1239.000    -0.3358    -0.3375   2.923379   2.923464    316.270     0.1256     0.0997   1692.476   78.92126    0.01992    34.9085    34.9115 0.0000e+00
