test_project/cnv_input/004_bin.cnv
* Sea-Bird SBE 9 Data File:
* FileName = C:\Documents and Settings\ctd\Desktop\FS2022\data\004.hex
* Software Version Seasave V 7.21b
* Temperature SN = 2400
* Conductivity SN = 3447
* Number of Bytes Per Scan = 48
* Number of Voltage Words = 5
* Number of Scans Averaged by the Deck Unit = 1
* NMEA Latitude = 78 54.70 N
* NMEA Longitude = 002 59.42 W
* NMEA UTC (Time) = Sep 11 2022  17:22:19
* NMEA baud rate = 4800
** Cruise: FS 2022
** Ship: Silver Arctic
** Station (File Number):  004
** Latitude:
** Longitude:
** Echodepth (m):
** Seastate:
# nquan = 14
# nvalues = 2487                        
# units = specified
# name 0 = prDM: Pressure, Digiquartz [db]
# name 1 = t090C: Temperature [ITS-90, deg C]
# name 2 = t190C: Temperature, 2 [ITS-90, deg C]
# name 3 = c0S/m: Conductivity [S/m]
# name 4 = c1S/m: Conductivity, 2 [S/m]
# name 5 = sbox0Mm/Kg: Oxygen, SBE 43 [umol/kg]
# name 6 = wetCDOM: Fluorescence, WET Labs CDOM [mg/m^3]
# name 7 = wetCDOM1: Fluorescence, WET Labs CDOM, 2 [mg/m^3]
# name 8 = timeS: Time, Elapsed [seconds]
# name 9 = latitude: Latitude [deg]
# name 10 = longitude: Longitude [deg]
# name 11 = sal00: Salinity, Practical [PSU]
# name 12 = sal11: Salinity, Practical, 2 [PSU]
# name 13 = flag: flag
# span 0 =      3.000,   2490.000       
# span 1 =    -1.4683,     5.5360       
# span 2 =    -1.4678,     5.5308       
# span 3 =   2.362977,   3.364487       
# span 4 =   2.362971,   3.363919       
# span 5 =    296.683,    409.200       
# span 6 =     0.1054,     0.1542       
# span 7 =     0.0943,     0.1185       
# span 8 =    417.691,   3119.266       
# span 9 =   78.90590,   78.91092       
# span 10 =   -3.01544,   -2.99391      
# span 11 =    29.2943,    34.9851      
# span 12 =    29.2929,    34.9856      
# span 13 = 0.0000e+00, 0.0000e+00      
# interval = decibars: 1                
# start_time = Sep 11 2022 17:22:20 [NMEA time, first data scan]
# bad_flag = -9.990e-29
*END*
[from data line 1859]
   1862.000    -0.6486    -0.6500   2.923073   2.923060    301.810     0.1273     0.1040   2413.127   78.90712   -3.00894    34.9122    34.9136 0.0000e+00
   1863.000    -0.6487    -0.6501   2.923114   2.923092    302.266     0.1275     0.1039   2414.156   78.90712   -3.00895    34.9123    34.9136 0.0000e+00
   1864.000    -0.6487    -0.6501   2.923159   2.923138    302.055     0.1248     0.1031   2415.185   78.90712   -3.00896    34.9124    34.9137 0.0000e+00
   1865.000    -0.6484    -0.6500   2.923221   2.923188    302.121     0.1248     0.1029   2416.205   78.90712   -3.00897    34.9124    34.9137 0.0000e+00
   1866.000    -0.6485    -0.6498   2.923252   2.923246    301.876     0.1244     0.1037   2417.228   78.90712   -3.00898    34.9123    34.9137 0.0000e+00
   1867.000    -0.6490    -0.6505   2.923241   2.923227    301.351     0.1228     0.1036   2418.249   78.90712   -3.00898    34.9122    34.9137 0.0000e+00
   1868.000    -0.6495    -0.6510   2.923250   2.923227    301.588     0.1256     0.1028   2419.275   78.90712   -3.00900    34.9123    34.9137 0.0000e+00
   1869.000    -0.6497    -0.6511   2.923269   2.923258    301.322     0.1195     0.1026   2420.302   78.90712   -3.00900    34.9123    34.9137 0.0000e+00
   1870.000    -0.6507    -0.6519   2.923224   2.923221    301.598     0.1227     0.1019   2421.334   78.90712   -3.00900    34.9122    34.9136 0.0000e+00
   1871.000    -0.6516    -0.6530   2.923187   2.923177    301.666     0.1228     0.1019   2422.362   78.90710   -3.00902    34.9122    34.9137 0.0000e+00
   1872.000    -0.6517    -0.6533   2.923214   2.923189    301.456     0.1224     0.1020   2423.392   78.90710   -3.00902    34.9122    34.9136 0.0000e+00
   1873.000    -0.6520    -0.6535   2.923232   2.923208    302.027     0.1224     0.1027   2424.418   78.90710   -3.00904    34.9122    34.9136 0.0000e+00
   1874.000    -0.6518    -0.6534   2.923293   2.923262    301.710     0.1230     0.1040   2425.451   78.90710   -3.00904    34.9122    34.9137 0.0000e+00
   1875.000    -0.6508    -0.6524   2.923425   2.923399    301.806     0.1241     0.1050   2426.486   78.90710   -3.00906    34.9123    34.9138 0.0000e+00
   1876.000    -0.6507    -0.6522   2.923484   2.923470    301.930     0.1237     0.1046   2427.523   78.90710   -3.00906    34.9125    34.9139 0.0000e+00
   1877.000    -0.6517    -0.6530   2.923432   2.923440    301.300     0.1224     0.1016   2428.561   78.90710   -3.00906    34.9123    34.9139 0.0000e+00
   1878.000    -0.6521    -0.6533   2.923443   2.923440    301.541     0.1243     0.1003   2429.596   78.90710   -3.00908    34.9124    34.9138 0.0000e+00
   1879.000    -0.6529    -0.6544   2.923410   2.923386    302.614     0.1219     0.1021   2430.631   78.90710   -3.00908    34.9123    34.9137 0.0000e+00
   1880.000    -0.6529    -0.6543   2.923454   2.923438    302.326     0.1223     0.1026   2431.666   78.90709   -3.00910    34.9123    34.9138 0.0000e+00
   1881.000    -0.6531    -0.6545   2.923479   2.923467    302.389     0.1226     0.1017   2432.698   78.90708   -3.00910    34.9124    34.9138 0.0000e+00
   1882.000    -0.6535    -0.6550   2.923492   2.923459    302.160     0.1266     0.1018   2433.728   78.90708   -3.00911    34.9124    34.9137 0.0000e+00
   1883.000    -0.6538    -0.6554   2.923500   2.923469    301.941     0.1253     0.1019   2434.768   78.90708   -3.00912    34.9124    34.9138 0.0000e+00
   1884.000    -0.6540    -0.6554   2.923527   2.923507    301.515     0.1239     0.1040   2435.820   78.90708   -3.00912    34.9124    34.9137 0.0000e+00
   1885.000    -0.6540    -0.6553   2.923570   2.923560    301.395     0.1254     0.1050   2436.868   78.90708   -3.00913    34.9124    34.9138 0.0000e+00
   1886.000    -0.6540    -0.6555   2.923608   2.923584    301.401     0.1264     0.1045   2437.912   78.90708   -3.00914    34.9125    34.9137 0.0000e+00
   1887.000    -0.6544    -0.6558   2.923621   2.923602    301.780     0.1280     0.1042   2438.950   78.90708   -3.00915    34.9125    34.9138 0.0000e+00
   1888.000    -0.6546    -0.6561   2.923639   2.923624    301.864     0.1266     0.1028   2439.991   78.90708   -3.00916    34.9123    34.9139 0.0000e+00
   1889.000    -0.6546    -0.6560   2.923673   2.923652    301.302     0.1232     0.1028   2441.039   78.90708   -3.00916    34.9123    34.9136 0.0000e+00
   1890.000    -0.6545    -0.6561   2.923719   2.923704    301.211     0.1260     0.1038   2442.094   78.90708   -3.00917    34.9123    34.9138 0.0000e+00
   1891.000    -0.6545    -0.6560   2.923763   2.923747    301.011     0.1278     0.1032   2443.150   78.90707   -3.00918    34.9123    34.9137 0.0000e+00
   1892.000    -0.6545    -0.6559   2.923808   2.923796    301.147     0.1255     0.1033   2444.206   78.90706   -3.00918    34.9123    34.9138 0.0000e+00
   1893.000    -0.6543    -0.6558   2.923871   2.923851    301.067     0.1223     0.1020   2445.268   78.90706   -3.00919    34.9125    34.9138 0.0000e+00
   1894.000    -0.6543    -0.6556   2.923923   2.923901    300.942     0.1224     0.1026   2446.329   78.90706   -3.00920    34.9125    34.9138 0.0000e+00
   1895.000    -0.6540    -0.6555   2.923985   2.923959    301.113     0.1239     0.1016   2447.386   78.90706   -3.00922    34.9125    34.9138 0.0000e+00
   1896.000    -0.6546    -0.6561   2.923973   2.923952    301.095     0.1291     0.1015   2448.434   78.90706   -3.00922    34.9125    34.9139 0.0000e+00
   1897.000    -0.6555    -0.6570   2.923931   2.923919    301.035     0.1245     0.1026   2449.480   78.90706   -3.00922    34.9124    34.9139 0.0000e+00
   1898.000    -0.6556    -0.6570   2.923970   2.923955    301.223     0.1227     0.1021   2450.529   78.90706   -3.00924    34.9125    34.9139 0.0000e+00
   1899.000    -0.6564    -0.6578   2.923937   2.923922    301.253     0.1241     0.1036   2451.578   78.90706   -3.00924    34.9124    34.9138 0.0000e+00
   1900.000    -0.6578    -0.6593   2.923856   2.923835    300.946     0.1240     0.1041   2452.628   78.90706   -3.00926    34.9124    34.9138 0.0000e+00
   1901.000    -0.6582    -0.6597   2.923863   2.923830    301.115     0.1265     0.1033   2453.678   78.90706   -3.00926    34.9124    34.9137 0.0000e+00
   1902.000    -0.6588    -0.6603   2.923839   2.923823    301.195     0.1245     0.1023   2454.729   78.90705   -3.00927    34.9122    34.9136 0.0000e+00
   1903.000    -0.6592    -0.6607   2.923852   2.923828    300.942     0.1231     0.1019   2455.774   78.90704   -3.00928    34.9123    34.9136 0.0000e+00
   1904.000    -0.6598    -0.6614   2.923831   2.923813    301.279     0.1243     0.1018   2456.816   78.90704   -3.00928    34.9122    34.9137 0.0000e+00
   1905.000    -0.6603    -0.6617   2.923836   2.923817    301.488     0.1250     0.1017   2457.858   78.90704   -3.00929    34.9122    34.9135 0.0000e+00
   1906.000    -0.6608    -0.6623   2.923832   2.923815    301.372     0.1266     0.1020   2458.899   78.90704   -3.00930    34.9122    34.9136 0.0000e+00
   1907.000    -0.6615    -0.6630   2.923815   2.923789    301.080     0.1245     0.1027   2459.945   78.90704   -3.00931    34.9122    34.9136 0.0000e+00
   1908.000    -0.6613    -0.6628   2.923882   2.923861    300.999     0.1238     0.1020   2461.001   78.90704   -3.00932    34.9123    34.9138 0.0000e+00
   1909.000    -0.6612    -0.6627   2.923934   2.923914    301.216     0.1250     0.1028   2462.067   78.90704   -3.00932    34.9124    34.9139 0.0000e+00
   1910.000    -0.6615    -0.6627   2.923961   2.923954    301.232     0.1269     0.1038   2463.139   78.90704   -3.00933    34.9125    34.9139 0.0000e+00
   1911.000    -0.6608    -0.6620   2.924067   2.924065    300.690     0.1237     0.1031   2464.207   78.90704   -3.00934    34.9126    34.9140 0.0000e+00
   1912.000    -0.6610    -0.6625   2.924079   2.924062    300.873     0.1205     0.1038   2465.266   78.90702   -3.00934    34.9125    34.9139 0.0000e+00
   1913.000    -0.6610    -0.6625   2.924125   2.924117    301.204     0.1241     0.1032   2466.317   78.90702   -3.00936    34.9126    34.9141 0.0000e+00
   1914.000    -0.6609    -0.6624   2.924179   2.924153    301.149     0.1259     0.1028   2467.356   78.90702   -3.00936    34.9126    34.9140 0.0000e+00
   1915.000    -0.6612    -0.6627   2.924189   2.924179    301.049     0.1235     0.1029   2468.388   78.90702   -3.00938    34.9125    34.9140 0.0000e+00
   1916.000    -0.6613    -0.6627   2.924229   2.924212    301.166     0.1246     0.1037   2469.416   78.90702   -3.00938    34.9126    34.9140 0.0000e+00
   1917.000    -0.6616    -0.6628   2.924237   2.924238    301.310     0.1235     0.1045   2470.442   78.90702   -3.00938    34.9125    34.9139 0.0000e+00
   1918.000    -0.6613    -0.6626   2.924315   2.924308    301.305     0.1223     0.1031   2471.469   78.90702   -3.00940    34.9127    34.9140 0.0000e+00
   1919.000    -0.6615    -0.6631   2.924348   2.924311    301.042     0.1245     0.1040   2472.497   78.90702   -3.00940    34.9128    34.9142 0.0000e+00
   1920.000    -0.6618    -0.6628   2.924353   2.924371    301.273     0.1251     0.1028   2473.535   78.90702   -3.00942    34.9127    34.9141 0.0000e+00
   1921.000    -0.6625    -0.6639   2.924333   2.924319    301.091     0.1233     0.1018   2474.575   78.90702   -3.00942    34.9126    34.9141 0.0000e+00
   1922.000    -0.6624    -0.6639   2.924381   2.924361    300.966     0.1259     0.1006   2475.626   78.90702   -3.00942    34.9127    34.9140 0.0000e+00
   1923.000    -0.6627    -0.6640   2.924396   2.924386    301.451     0.1227     0.1042   2476.671   78.90700   -3.00944    34.9127    34.9140 0.0000e+00
   1924.000    -0.6633    -0.6647   2.924379   2.924363    301.794     0.1225     0.1036   2477.719   78.90700   -3.00944    34.9126    34.9139 0.0000e+00
   1925.000    -0.6642    -0.6655   2.924340   2.924331    301.095     0.1248     0.1030   2478.770   78.90700   -3.00946    34.9125    34.9138 0.0000e+00
   1926.000    -0.6646    -0.6659   2.924342   2.924331    300.185     0.1270     0.1028   2479.816   78.90700   -3.00946    34.9124    34.9137 0.0000e+00
   1927.000    -0.6648    -0.6663   2.924369   2.924353    300.450     0.1264     0.1028   2480.875   78.90700   -3.00947    34.9125    34.9139 0.0000e+00
   1928.000    -0.6650    -0.6665   2.924389   2.924364    300.822     0.1269     0.1033   2481.920   78.90700   -3.00948    34.9125    34.9137 0.0000e+00
   1929.000    -0.6653    -0.6666   2.924410   2.924403    300.998     0.1239     0.1038   2482.965   78.90700   -3.00948    34.9125    34.9139 0.0000e+00
   1930.000    -0.6654    -0.6669   2.924436   2.924414    301.379     0.1216     0.1028   2484.006   78.90700   -3.00949    34.9125    34.9138 0.0000e+00
   1931.000    -0.6655    -0.6670   2.924473   2.924451    301.115     0.1213     0.1027   2485.049   78.90700   -3.00950    34.9125    34.9139 0.0000e+00
   1932.000    -0.6657    -0.6671   2.924494   2.924475    300.762     0.1229     0.1017   2486.090   78.90699   -3.00951    34.9124    34.9137 0.0000e+00
   1933.000    -0.6662    -0.6675   2.924498   2.924477    301.066     0.1242     0.1004   2487.133   78.90698   -3.00952    34.9125    34.9138 0.0000e+00
   1934.000    -0.6669    -0.6682   2.924472   2.924464    301.530     0.1227     0.1025   2488.165   78.90698   -3.00952    34.9124    34.9138 0.0000e+00
   1935.000    -0.6670    -0.6685   2.924501   2.924480    301.986     0.1210     0.1029   2489.194   78.90698   -3.00954    34.9124    34.9138 0.0000e+00
   1936.000    -0.6671    -0.6685   2.924543   2.924519    302.036     0.1250     0.1029   2490.210   78.90698   -3.00954    34.9125    34.9138 0.0000e+00
   1937.000    -0.6670    -0.6684   2.924587   2.924572    301.728     0.1270     0.1029   2491.242   78.90698   -3.00956    34.9124    34.9139 0.0000e+00
   1938.000    -0.6676    -0.6689   2.924574   2.924567    301.137     0.1248     0.1030   2492.269   78.90698   -3.00956    34.9124    34.9138 0.0000e+00
   1939.000    -0.6680    -0.6695   2.924573   2.924561    300.762     0.1218     0.1030   2493.302   78.90698   -3.00956    34.9123    34.9138 0.0000e+00
   1940.000    -0.6682    -0.6696   2.924606   2.924586    301.196     0.1232     0.1026   2494.341   78.90698   -3.00958    34.9125    34.9138 0.0000e+00
   1941.000    -0.6683    -0.6698   2.924636   2.924621    300.943     0.1235     0.1017   2495.390   78.90698   -3.00958    34.9125    34.9139 0.0000e+00
   1942.000    -0.6683    -0.6697   2.924681   2.924654    300.720     0.1219     0.1020   2496.449   78.90698   -3.00958    34.9125    34.9137 0.0000e+00
   1943.000    -0.6684    -0.6697   2.924712   2.924699    300.897     0.1234     0.1029   2497.490   78.90698   -3.00960    34.9124    34.9138 0.0000e+00
   1944.000    -0.6688    -0.6703   2.924708   2.924692    300.491     0.1222     0.1030   2498.530   78.90698   -3.00960    34.9124    34.9138 0.0000e+00
   1945.000    -0.6686    -0.6700   2.924775   2.924757    300.299     0.1230     0.1020   2499.565   78.90696   -3.00960    34.9124    34.9138 0.0000e+00
   1946.000    -0.6692    -0.6706   2.924767   2.924749    301.005     0.1249     0.1016   2500.595   78.90696   -3.00962    34.9125    34.9138 0.0000e+00
   1947.000    -0.6695    -0.6708   2.924791   2.924772    301.258     0.1226     0.1025   2501.625   78.90696   -3.00962    34.9126    34.9138 0.0000e+00
   1948.000    -0.6698    -0.6711   2.924798   2.924781    301.344     0.1239     0.1030   2502.653   78.90696   -3.00962    34.9125    34.9137 0.0000e+00
   1949.000    -0.6703    -0.6717   2.924793   2.924779    300.621     0.1248     0.1029   2503.681   78.90696   -3.00964    34.9124    34.9138 0.0000e+00
   1950.000    -0.6708    -0.6722   2.924794   2.924776    300.887     0.1245     0.1030   2504.715   78.90696   -3.00965    34.9125    34.9138 0.0000e+00
   1951.000    -0.6716    -0.6729   2.924762   2.924764    301.153     0.1216     0.1028   2505.755   78.90696   -3.00966    34.9124    34.9139 0.0000e+00
   1952.000    -0.6724    -0.6738   2.924730   2.924715    301.172     0.1243     0.1027   2506.801   78.90696   -3.00966    34.9123    34.9137 0.0000e+00
   1953.000    -0.6733    -0.6747   2.924683   2.924660    300.773     0.1267     0.1018   2507.840   78.90696   -3.00967    34.9122    34.9135 0.0000e+00
   1954.000    -0.6739    -0.6753   2.924675   2.924656    300.929     0.1229     0.1028   2508.883   78.90695   -3.00968    34.9122    34.9135 0.0000e+00
   1955.000    -0.6741    -0.6755   2.924689   2.924673    300.236     0.1230     0.1040   2509.919   78.90694   -3.00968    34.9121    34.9135 0.0000e+00
   1956.000    -0.6741    -0.6756   2.924733   2.924706    300.267     0.1267     0.1031   2510.950   78.90694   -3.00969    34.9122    34.9135 0.0000e+00
   1957.000    -0.6744    -0.6759   2.924758   2.924728    300.277     0.1249     0.1029   2511.980   78.90694   -3.00970    34.9122    34.9135 0.0000e+00
   1958.000    -0.6750    -0.6764   2.924733   2.924716    300.093     0.1228     0.1046   2513.007   78.90694   -3.00971    34.9121    34.9135 0.0000e+00
   1959.000    -0.6753    -0.6767   2.924759   2.924738    300.296     0.1230     0.1040   2514.034   78.90694   -3.00972    34.9122    34.9135 0.0000e+00
   1960.000    -0.6754    -0.6768   2.924787   2.924762    300.308     0.1229     0.1024   2515.068   78.90694   -3.00972    34.9122    34.9134 0.0000e+00
   1961.000    -0.6756    -0.6770   2.924803   2.924788    300.357     0.1298     0.1020   2516.108   78.90694   -3.00973    34.9121    34.9135 0.0000e+00
   1962.000    -0.6755    -0.6770   2.924851   2.924832    300.196     0.1264     0.1029   2517.152   78.90694   -3.00974    34.9121    34.9135 0.0000e+00
   1963.000    -0.6756    -0.6769   2.924894   2.924874    299.976     0.1247     0.1051   2518.197   78.90694   -3.00974    34.9122    34.9135 0.0000e+00
