test_project/cnv_input/004_bin.cnv
* Sea-Bird SBE 9 Data File:
* FileName = C:\Documents and Settings\ctd\Desktop\FS2022\data\004.hex
* Software Version Seasave V 7.21b
* Temperature SN = 2400
* Conductivity SN = 3447
* Number of Bytes Per Scan = 48
* Number of Voltage Words = 5
* Number of Scans Averaged by the Deck Unit = 1
* NMEA Latitude = 78 54.70 N
* NMEA Longitude = 002 59.42 W
* NMEA UTC (Time) = Sep 11 2022  17:22:19
* NMEA baud rate = 4800
** Cruise: FS 2022
** Ship: Silver Arctic
** Station (File Number):  004
** Latitude:
** Longitude:
** Echodepth (m):
** Seastate:
# nquan = 14
# nvalues = 2487                        
# units = specified
# name 0 = prDM: Pressure, Digiquartz [db]
# name 1 = t090C: Temperature [ITS-90, deg C]
# name 2 = t190C: Temperature, 2 [ITS-90, deg C]
# name 3 = c0S/m: Conductivity [S/m]
# name 4 = c1S/m: Conductivity, 2 [S/m]
# name 5 = sbox0Mm/Kg: Oxygen, SBE 43 [umol/kg]
# name 6 = wetCDOM: Fluorescence, WET Labs CDOM [mg/m^3]
# name 7 = wetCDOM1: Fluorescence, WET Labs CDOM, 2 [mg/m^3]
# name 8 = timeS: Time, Elapsed [seconds]
# name 9 = latitude: Latitude [deg]
# name 10 = longitude: Longitude [deg]
# name 11 = sal00: Salinity, Practical [PSU]
# name 12 = sal11: Salinity, Practical, 2 [PSU]
# name 13 = flag: flag
# span 0 =      3.000,   2490.000       
# span 1 =    -1.4683,     5.5360       
# span 2 =    -1.4678,     5.5308       
# span 3 =   2.362977,   3.364487       
# span 4 =   2.362971,   3.363919       
# span 5 =    296.683,    409.200       
# span 6 =     0.1054,     0.1542       
# span 7 =     0.0943,     0.1185       
# span 8 =    417.691,   3119.266       
# span 9 =   78.90590,   78.91092       
# span 10 =   -3.01544,   -2.99391      
# span 11 =    29.2943,    34.9851      
# span 12 =    29.2929,    34.9856      
# span 13 = 0.0000e+00, 0.0000e+00      
# interval = decibars: 1                
# start_time = Sep 11 2022 17:22:20 [NMEA time, first data scan]
# bad_flag = -9.990e-29
*END*
      3.000    -1.4683    -1.4678   2.362977   2.362971    409.125     0.1534     0.1185    417.691   78.91092   -2.99391    29.2945    29.2939 0.0000e+00
      4.000    -1.4674    -1.4673   2.363070   2.362975    409.200     0.1542     0.1175    419.998   78.91092   -2.99393    29.2943    29.2929 0.0000e+00
      5.000    -1.4389    -1.4399   2.368637   2.368195    408.975     0.1494     0.1166    422.261   78.91092   -2.99395    29.3413    29.3362 0.0000e+00
      6.000    -1.1113    -0.9316   2.418844   2.446068    407.250     0.1525     0.1175    424.367   78.91092   -2.99397    29.6950    29.8825 0.0000e+00
      7.000    -1.0260    -0.9707   2.434761   2.442849    407.881     0.1501     0.1178    426.487   78.91091   -2.99399    29.8239    29.8777 0.0000e+00
      8.000    -0.6919    -0.7139   2.486881   2.482681    398.936     0.1468     0.1168    428.504   78.91090   -2.99401    30.1876    30.1538 0.0000e+00
      9.000    -0.7279    -0.7799   2.481320   2.473501    397.989     0.1470     0.1147    430.501   78.91090   -2.99404    30.1492    30.0969 0.0000e+00
     10.000    -0.5931    -0.6014   2.502156   2.500204    390.633     0.1480     0.1170    432.506   78.91090   -2.99406    30.2911    30.2734 0.0000e+00
     11.000     0.0207    -0.0658   2.593977   2.580506    385.553     0.1459     0.1147    434.539   78.91090   -2.99408    30.8819    30.7935 0.0000e+00
     12.000     0.3858     0.3793   2.652961   2.651349    386.982     0.1410     0.1126    436.598   78.91089   -2.99410    31.2818    31.2676 0.0000e+00
     13.000     0.7388     0.7429   2.702950   2.702852    380.963     0.1359     0.1117    438.647   78.91088   -2.99412    31.5673    31.5619 0.0000e+00
     14.000     1.1558     1.1596   2.757538   2.757391    375.851     0.1341     0.1103    440.694   78.91088   -2.99413    31.8393    31.8335 0.0000e+00
     15.000     1.6776     1.6847   2.832422   2.832624    372.320     0.1326     0.1083    442.708   78.91088   -2.99415    32.2513    32.2466 0.0000e+00
     16.000     2.2092     2.2130   2.904638   2.904442    369.900     0.1327     0.1089    444.727   78.91088   -2.99417    32.6057    32.5993 0.0000e+00
     17.000     2.4721     2.4756   2.961440   2.961082    369.605     0.1319     0.1079    446.780   78.91088   -2.99419    33.0371    33.0290 0.0000e+00
     18.000     2.9128     2.9288   3.024802   3.025401    357.061     0.1294     0.1079    448.822   78.91087   -2.99421    33.3558    33.3465 0.0000e+00
     19.000     3.5339     3.5317   3.095481   3.094234    355.269     0.1241     0.1058    450.864   78.91086   -2.99423    33.5671    33.5545 0.0000e+00
     20.000     3.8232     3.8229   3.128160   3.127604    349.975     0.1198     0.1025    452.903   78.91086   -2.99425    33.6588    33.6525 0.0000e+00
     21.000     3.8566     3.8524   3.131765   3.130870    341.795     0.1190     0.1010    454.929   78.91086   -2.99427    33.6668    33.6605 0.0000e+00
     22.000     4.0387     4.0330   3.153280   3.151560    337.385     0.1185     0.1011    456.955   78.91086   -2.99429    33.7339    33.7194 0.0000e+00
     23.000     4.0961     4.0863   3.166548   3.166377    340.042     0.1174     0.1018    458.997   78.91086   -2.99431    33.8312    33.8393 0.0000e+00
     24.000     3.4555     3.4498   3.109490   3.109183    336.168     0.1281     0.1050    461.063   78.91085   -2.99433    33.8144    33.8167 0.0000e+00
     25.000     3.7642     3.7672   3.144571   3.143624    330.834     0.1265     0.1064    463.119   78.91084   -2.99435    33.9126    33.8981 0.0000e+00
     26.000     4.3600     4.3673   3.208640   3.208223    332.914     0.1253     0.1058    465.115   78.91084   -2.99437    34.0537    34.0413 0.0000e+00
     27.000     4.6077     4.6055   3.237233   3.236870    332.994     0.1218     0.1041    466.600   78.91084   -2.99438    34.1326    34.1307 0.0000e+00
     28.000     4.4977     4.4975   3.229936   3.229665    331.711     0.1214     0.1042    467.701   78.91084   -2.99440    34.1604    34.1574 0.0000e+00
     29.000     4.8073     4.7937   3.267128   3.265872    324.204     0.1217     0.1042    468.664   78.91084   -2.99440    34.2737    34.2732 0.0000e+00
     30.000     5.1125     5.1044   3.300411   3.299532    319.081     0.1261     0.1043    469.597   78.91084   -2.99440    34.3444    34.3426 0.0000e+00
     31.000     4.9609     4.9660   3.286490   3.286427    324.001     0.1185     0.1041    470.585   78.91084   -2.99442    34.3391    34.3330 0.0000e+00
     32.000     4.7254     4.7273   3.267638   3.267554    326.513     0.1218     0.1042    471.638   78.91084   -2.99442    34.3632    34.3602 0.0000e+00
     33.000     4.7315     4.7293   3.269372   3.269135    321.890     0.1223     0.1034    472.718   78.91082   -2.99444    34.3765    34.3761 0.0000e+00
     34.000     4.7680     4.7708   3.274204   3.274574    320.656     0.1256     0.1041    473.852   78.91082   -2.99445    34.3945    34.3959 0.0000e+00
     35.000     4.9647     4.9609   3.295661   3.295396    319.426     0.1237     0.1051    475.037   78.91082   -2.99446    34.4395    34.4403 0.0000e+00
     36.000     4.7865     4.7822   3.279336   3.278237    323.337     0.1214     0.1053    476.220   78.91082   -2.99447    34.4339    34.4256 0.0000e+00
     37.000     4.9175     4.8819   3.295391   3.291841    320.219     0.1228     0.1046    477.384   78.91082   -2.99448    34.4839    34.4797 0.0000e+00
     38.000     5.4489     5.4167   3.354917   3.351409    312.957     0.1269     0.1047    478.537   78.91082   -2.99450    34.6201    34.6131 0.0000e+00
     39.000     5.5360     5.5308   3.364487   3.363919    317.313     0.1243     0.1039    479.669   78.91082   -2.99453    34.6392    34.6381 0.0000e+00
     40.000     5.3793     5.3855   3.348449   3.348430    318.743     0.1195     0.1035    480.772   78.91081   -2.99454    34.6167    34.6101 0.0000e+00
     41.000     4.6849     4.7034   3.281078   3.282017    317.654     0.1213     0.1030    481.869   78.91080   -2.99455    34.5572    34.5490 0.0000e+00
     42.000     4.4455     4.4480   3.258428   3.258493    310.300     0.1224     0.1024    482.955   78.91080   -2.99456    34.5418    34.5399 0.0000e+00
     43.000     4.3699     4.3729   3.250923   3.250986    306.896     0.1223     0.1041    484.055   78.91080   -2.99457    34.5321    34.5297 0.0000e+00
     44.000     4.1612     4.1644   3.231125   3.231180    312.543     0.1208     0.1046    485.142   78.91080   -2.99458    34.5169    34.5142 0.0000e+00
     45.000     3.9725     3.9751   3.213180   3.212973    316.302     0.1285     0.1032    486.207   78.91080   -2.99458    34.5019    34.4968 0.0000e+00
     46.000     3.3787     3.3969   3.155630   3.156326    321.204     0.1212     0.1042    487.267   78.91080   -2.99460    34.4394    34.4285 0.0000e+00
     47.000     2.3289     2.3625   3.057436   3.058987    328.563     0.1247     0.1041    488.316   78.91080   -2.99460    34.3598    34.3429 0.0000e+00
     48.000     1.6795     1.6863   2.997549   2.997775    325.810     0.1282     0.1041    489.359   78.91080   -2.99462    34.3130    34.3084 0.0000e+00
     49.000     1.4526     1.4480   2.976379   2.975975    319.876     0.1305     0.1042    490.414   78.91080   -2.99462    34.2915    34.2914 0.0000e+00
     50.000     1.3571     1.3639   2.967753   2.968346    321.565     0.1299     0.1066    491.461   78.91080   -2.99464    34.2855    34.2856 0.0000e+00
     51.000     1.1823     1.1907   2.951908   2.952552    328.500     0.1281     0.1054    492.517   78.91078   -2.99464    34.2738    34.2728 0.0000e+00
     52.000     0.9674     0.9721   2.932698   2.932933    333.444     0.1274     0.1066    493.570   78.91078   -2.99466    34.2625    34.2604 0.0000e+00
     53.000     0.8582     0.8535   2.924408   2.924223    332.931     0.1277     0.1085    494.622   78.91078   -2.99466    34.2752    34.2780 0.0000e+00
     54.000     1.0858     1.0805   2.947527   2.947498    329.771     0.1290     0.1077    495.673   78.91078   -2.99468    34.3218    34.3273 0.0000e+00
     55.000     1.2769     1.2782   2.966577   2.966942    330.581     0.1316     0.1075    496.723   78.91078   -2.99468    34.3555    34.3587 0.0000e+00
     56.000     1.4154     1.4093   2.980612   2.980317    333.178     0.1275     0.1060    497.770   78.91078   -2.99470    34.3821    34.3850 0.0000e+00
     57.000     1.5465     1.5417   2.994196   2.994003    333.185     0.1225     0.1038    498.819   78.91078   -2.99470    34.4107    34.4135 0.0000e+00
     58.000     1.6607     1.6564   3.006080   3.005877    331.899     0.1273     0.1033    499.875   78.91078   -2.99471    34.4358    34.4379 0.0000e+00
     59.000     1.7315     1.7309   3.013397   3.013388    330.766     0.1252     0.1048    500.934   78.91078   -2.99472    34.4503    34.4509 0.0000e+00
     60.000     1.7082     1.7076   3.011587   3.011598    330.725     0.1265     0.1068    501.986   78.91078   -2.99473    34.4524    34.4532 0.0000e+00
     61.000     1.7318     1.7296   3.014357   3.014253    328.945     0.1306     0.1057    503.041   78.91077   -2.99474    34.4610    34.4621 0.0000e+00
     62.000     1.8754     1.8676   3.029917   3.029297    326.021     0.1244     0.1068    504.105   78.91076   -2.99475    34.4998    34.5005 0.0000e+00
     63.000     2.0283     2.0192   3.045691   3.044967    324.111     0.1236     0.1054    505.159   78.91076   -2.99476    34.5306    34.5314 0.0000e+00
     64.000     2.0888     2.0892   3.051843   3.051877    324.139     0.1257     0.1054    506.209   78.91076   -2.99478    34.5412    34.5412 0.0000e+00
     65.000     2.1745     2.1706   3.060983   3.060977    323.016     0.1267     0.1034    507.262   78.91076   -2.99478    34.5616    34.5657 0.0000e+00
     66.000     2.3751     2.3749   3.081285   3.081268    320.140     0.1265     0.1030    508.311   78.91076   -2.99480    34.5958    34.5959 0.0000e+00
     67.000     2.3891     2.3889   3.082755   3.082716    321.449     0.1245     0.1031    509.359   78.91076   -2.99480    34.5983    34.5981 0.0000e+00
     68.000     2.4155     2.4145   3.085588   3.085526    321.391     0.1223     0.1037    510.414   78.91076   -2.99480    34.6043    34.6046 0.0000e+00
     69.000     2.5225     2.5208   3.096480   3.096284    319.195     0.1224     0.1043    511.474   78.91076   -2.99482    34.6226    34.6220 0.0000e+00
     70.000     2.5379     2.5377   3.098381   3.098309    319.482     0.1224     0.1032    512.534   78.91076   -2.99482    34.6290    34.6283 0.0000e+00
     71.000     2.5208     2.5206   3.097166   3.097103    319.719     0.1232     0.1022    513.597   78.91076   -2.99484    34.6319    34.6313 0.0000e+00
     72.000     2.5018     2.5023   3.095691   3.095676    319.198     0.1232     0.1029    514.661   78.91074   -2.99484    34.6337    34.6329 0.0000e+00
     73.000     2.4168     2.4179   3.088431   3.088457    318.885     0.1177     0.1029    515.721   78.91074   -2.99486    34.6353    34.6345 0.0000e+00
     74.000     2.4079     2.4067   3.088611   3.088497    317.955     0.1206     0.1027    516.773   78.91074   -2.99487    34.6466    34.6466 0.0000e+00
     75.000     2.4636     2.4627   3.094902   3.094794    316.615     0.1247     0.1019    517.825   78.91074   -2.99488    34.6636    34.6632 0.0000e+00
     76.000     2.4334     2.4338   3.092242   3.092208    317.196     0.1249     0.1028    518.877   78.91074   -2.99489    34.6628    34.6620 0.0000e+00
     77.000     2.3760     2.3770   3.087094   3.087144    317.344     0.1219     0.1028    519.933   78.91074   -2.99490    34.6608    34.6603 0.0000e+00
     78.000     2.5263     2.5200   3.103116   3.102594    314.832     0.1216     0.1029    520.987   78.91074   -2.99491    34.6956    34.6960 0.0000e+00
     79.000     2.6365     2.6368   3.114198   3.114159    314.274     0.1262     0.1048    522.038   78.91074   -2.99492    34.7124    34.7116 0.0000e+00
     80.000     2.6096     2.6086   3.111743   3.111634    316.375     0.1223     0.1045    523.094   78.91074   -2.99492    34.7107    34.7104 0.0000e+00
     81.000     2.7816     2.7723   3.129166   3.128183    314.047     0.1233     0.1026    524.151   78.91074   -2.99493    34.7383    34.7364 0.0000e+00
     82.000     2.9232     2.8974   3.143059   3.140520    312.522     0.1235     0.1010    525.201   78.91074   -2.99494    34.7551    34.7518 0.0000e+00
     83.000     2.9818     2.9805   3.149157   3.148981    313.706     0.1187     0.1012    526.252   78.91072   -2.99496    34.7659    34.7651 0.0000e+00
     84.000     2.8995     2.9068   3.141362   3.141847    314.992     0.1177     0.1022    527.311   78.91072   -2.99496    34.7588    34.7569 0.0000e+00
     85.000     2.8109     2.8109   3.133254   3.133247    314.306     0.1202     0.1020    528.379   78.91072   -2.99498    34.7547    34.7545 0.0000e+00
     86.000     2.8476     2.8459   3.137065   3.136890    311.098     0.1198     0.1007    529.451   78.91072   -2.99498    34.7611    34.7608 0.0000e+00
     87.000     2.8872     2.8854   3.141255   3.141063    309.872     0.1200     0.1012    530.539   78.91072   -2.99500    34.7692    34.7687 0.0000e+00
     88.000     2.9178     2.9175   3.144566   3.144487    310.181     0.1209     0.1006    531.619   78.91072   -2.99500    34.7760    34.7754 0.0000e+00
     89.000     3.0560     3.0478   3.158644   3.157830    309.471     0.1182     0.1016    532.698   78.91072   -2.99502    34.7983    34.7972 0.0000e+00
     90.000     3.0588     3.0591   3.158962   3.158957    310.070     0.1206     0.1005    533.777   78.91072   -2.99503    34.7986    34.7982 0.0000e+00
     91.000     3.0542     3.0650   3.158442   3.159553    310.173     0.1186     0.1017    534.849   78.91072   -2.99504    34.7967    34.7985 0.0000e+00
     92.000     2.9778     2.9748   3.150814   3.150260    311.090     0.1223     0.1015    535.921   78.91072   -2.99505    34.7853    34.7818 0.0000e+00
     93.000     2.0939     2.0962   3.067365   3.067232    318.244     0.1220     0.1005    536.993   78.91071   -2.99506    34.7129    34.7087 0.0000e+00
     94.000     1.8825     1.8742   3.047935   3.047346    311.435     0.1258     0.1025    538.068   78.91070   -2.99506    34.7005    34.7022 0.0000e+00
     95.000     1.8457     1.8415   3.044403   3.044042    304.611     0.1219     0.1037    539.141   78.91070   -2.99507    34.6958    34.6958 0.0000e+00
     96.000     1.8380     1.8344   3.043651   3.043370    306.616     0.1225     0.1043    540.218   78.91070   -2.99508    34.6942    34.6947 0.0000e+00
     97.000     1.8334     1.8270   3.043219   3.042620    308.655     0.1226     0.1042    541.287   78.91070   -2.99510    34.6933    34.6927 0.0000e+00
     98.000     1.6353     1.6401   3.024581   3.025004    312.373     0.1262     0.1029    542.366   78.91070   -2.99510    34.6749    34.6750 0.0000e+00
     99.000     1.3839     1.3885   3.001635   3.002065    314.248     0.1305     0.1032    543.447   78.91070   -2.99512    34.6600    34.6603 0.0000e+00
    100.000     1.3680     1.3657   3.000299   3.000156    310.777     0.1293     0.1042    544.530   78.91070   -2.99512    34.6599    34.6606 0.0000e+00
    101.000     1.4163     1.4184   3.005151   3.005498    309.333     0.1307     0.1042    545.606   78.91070   -2.99514    34.6678    34.6699 0.0000e+00
    102.000     1.4917     1.4855   3.012492   3.011962    309.753     0.1278     0.1045    546.687   78.91070   -2.99514    34.6775    34.6775 0.0000e+00
    103.000     1.5119     1.5085   3.014505   3.013750    311.135     0.1298     0.1049    547.765   78.91070   -2.99516    34.6801    34.6743 0.0000e+00
    104.000     1.5022     1.5043   3.013751   3.013976    311.616     0.1283     0.1039    548.837   78.91069   -2.99517    34.6807    34.6812 0.0000e+00
    105.000     1.6413     1.6258   3.027794   3.026410    310.677     0.1293     0.1033    549.910   78.91068   -2.99518    34.7048    34.7044 0.0000e+00
