test_project/cnv_input/004_bin.cnv
* Sea-Bird SBE 9 Data File:
* FileName = C:\Documents and Settings\ctd\Desktop\FS2022\data\004.hex
* Software Version Seasave V 7.21b
* Temperature SN = 2400
* Conductivity SN = 3447
* Number of Bytes Per Scan = 48
* Number of Voltage Words = 5
* Number of Scans Averaged by the Deck Unit = 1
* NMEA Latitude = 78 54.70 N
* NMEA Longitude = 002 59.42 W
* NMEA UTC (Time) = Sep 11 2022  17:22:19
* NMEA baud rate = 4800
** Cruise: FS 2022
** Ship: Silver Arctic
** Station (File Number):  004
** Latitude:
** Longitude:
** Echodepth (m):
** Seastate:
# nquan = 14
# nvalues = 2487                        
# units = specified
# name 0 = prDM: Pressure, Digiquartz [db]
# name 1 = t090C: Temperature [ITS-90, deg C]
# name 2 = t190C: Temperature, 2 [ITS-90, deg C]
# name 3 = c0S/m: Conductivity [S/m]
# name 4 = c1S/m: Conductivity, 2 [S/m]
# name 5 = sbox0Mm/Kg: Oxygen, SBE 43 [umol/kg]
# name 6 = wetCDOM: Fluorescence, WET Labs CDOM [mg/m^3]
# name 7 = wetCDOM1: Fluorescence, WET Labs CDOM, 2 [mg/m^3]
# name 8 = timeS: Time, Elapsed [seconds]
# name 9 = latitude: Latitude [deg]
# name 10 = longitude: Longitude [deg]
# name 11 = sal00: Salinity, Practical [PSU]
# name 12 = sal11: Salinity, Practical, 2 [PSU]
# name 13 = flag: flag
# span 0 =      3.000,   2490.000       
# span 1 =    -1.4683,     5.5360       
# span 2 =    -1.4678,     5.5308       
# span 3 =   2.362977,   3.364487       
# span 4 =   2.362971,   3.363919       
# span 5 =    296.683,    409.200       
# span 6 =     0.1054,     0.1542       
# span 7 =     0.0943,     0.1185       
# span 8 =    417.691,   3119.266       
# span 9 =   78.90590,   78.91092       
# span 10 =   -3.01544,   -2.99391      
# span 11 =    29.2943,    34.9851      
# span 12 =    29.2929,    34.9856      
# span 13 = 0.0000e+00, 0.0000e+00      
# interval = decibars: 1                
# start_time = Sep 11 2022 17:22:20 [NMEA time, first data scan]
# bad_flag = -9.990e-29
*END*
[from data line 620]
    623.000     0.8035     0.8022   2.994152   2.994116    313.821     0.1174     0.1017   1103.529   78.90958   -2.99946    34.9045    34.9054 0.0000e+00
    624.000     0.8030     0.8020   2.994171   2.994148    313.175     0.1191     0.1009   1104.571   78.90958   -2.99946    34.9047    34.9055 0.0000e+00
    625.000     0.7907     0.7906   2.993103   2.993173    313.514     0.1228     0.1018   1105.615   78.90958   -2.99946    34.9040    34.9051 0.0000e+00
    626.000     0.7843     0.7834   2.992566   2.992547    313.396     0.1231     0.1019   1106.662   78.90958   -2.99948    34.9036    34.9044 0.0000e+00
    627.000     0.7718     0.7709   2.991496   2.991499    313.437     0.1199     0.1006   1107.708   78.90956   -2.99948    34.9032    34.9042 0.0000e+00
    628.000     0.7601     0.7590   2.990498   2.990467    313.510     0.1185     0.1007   1108.750   78.90956   -2.99949    34.9029    34.9037 0.0000e+00
    629.000     0.7548     0.7539   2.990058   2.990060    313.179     0.1199     0.1025   1109.794   78.90956   -2.99950    34.9025    34.9035 0.0000e+00
    630.000     0.7500     0.7487   2.989674   2.989644    312.969     0.1202     0.1012   1110.828   78.90956   -2.99950    34.9024    34.9034 0.0000e+00
    631.000     0.7495     0.7482   2.989686   2.989651    313.121     0.1200     0.1004   1111.870   78.90956   -2.99950    34.9025    34.9034 0.0000e+00
    632.000     0.7455     0.7442   2.989357   2.989318    313.029     0.1192     0.1005   1112.908   78.90956   -2.99951    34.9021    34.9031 0.0000e+00
    633.000     0.7381     0.7368   2.988741   2.988700    312.446     0.1203     0.1015   1113.954   78.90956   -2.99952    34.9019    34.9028 0.0000e+00
    634.000     0.7347     0.7334   2.988481   2.988440    312.154     0.1243     0.1031   1115.005   78.90956   -2.99952    34.9018    34.9027 0.0000e+00
    635.000     0.7302     0.7280   2.988123   2.988003    312.337     0.1248     0.1024   1116.062   78.90955   -2.99953    34.9016    34.9025 0.0000e+00
    636.000     0.7181     0.7170   2.987109   2.987083    312.966     0.1174     0.1005   1117.121   78.90954   -2.99954    34.9014    34.9023 0.0000e+00
    637.000     0.7131     0.7119   2.986690   2.986663    312.688     0.1207     0.1007   1118.184   78.90954   -2.99954    34.9010    34.9020 0.0000e+00
    638.000     0.7053     0.7040   2.986056   2.985998    312.776     0.1235     0.1022   1119.244   78.90954   -2.99954    34.9009    34.9016 0.0000e+00
    639.000     0.7018     0.7006   2.985777   2.985737    313.888     0.1223     0.1029   1120.306   78.90954   -2.99956    34.9006    34.9015 0.0000e+00
    640.000     0.7004     0.6993   2.985707   2.985669    313.813     0.1207     0.1030   1121.367   78.90954   -2.99956    34.9007    34.9015 0.0000e+00
    641.000     0.6990     0.6978   2.985641   2.985595    312.536     0.1208     0.1020   1122.427   78.90954   -2.99956    34.9009    34.9017 0.0000e+00
    642.000     0.6975     0.6963   2.985548   2.985509    311.663     0.1216     0.1021   1123.484   78.90954   -2.99958    34.9008    34.9016 0.0000e+00
    643.000     0.6961     0.6947   2.985466   2.985410    311.767     0.1197     0.1008   1124.539   78.90954   -2.99958    34.9007    34.9016 0.0000e+00
    644.000     0.6964     0.6952   2.985535   2.985500    312.386     0.1173     0.1004   1125.587   78.90952   -2.99958    34.9007    34.9016 0.0000e+00
    645.000     0.6966     0.6957   2.985604   2.985591    312.432     0.1177     0.1004   1126.635   78.90952   -2.99960    34.9008    34.9017 0.0000e+00
    646.000     0.6960     0.6945   2.985595   2.985531    312.980     0.1184     0.1011   1127.675   78.90952   -2.99960    34.9008    34.9017 0.0000e+00
    647.000     0.6978     0.6963   2.985814   2.985758    312.918     0.1216     0.1013   1128.718   78.90952   -2.99961    34.9010    34.9019 0.0000e+00
    648.000     0.6936     0.6910   2.985480   2.985316    313.005     0.1215     0.1003   1129.761   78.90952   -2.99962    34.9008    34.9016 0.0000e+00
    649.000     0.6844     0.6831   2.984686   2.984650    313.348     0.1205     0.1007   1130.809   78.90952   -2.99962    34.9003    34.9012 0.0000e+00
    650.000     0.6733     0.6720   2.983748   2.983708    312.683     0.1258     0.1006   1131.865   78.90952   -2.99962    34.8999    34.9009 0.0000e+00
    651.000     0.6649     0.6640   2.983046   2.983034    312.328     0.1242     0.1008   1132.920   78.90952   -2.99963    34.8997    34.9006 0.0000e+00
    652.000     0.6627     0.6613   2.982907   2.982848    312.181     0.1209     0.1028   1133.977   78.90952   -2.99964    34.8998    34.9006 0.0000e+00
    653.000     0.6611     0.6596   2.982803   2.982744    312.946     0.1203     0.1021   1135.037   78.90951   -2.99964    34.8997    34.9006 0.0000e+00
    654.000     0.6593     0.6579   2.982690   2.982645    313.590     0.1219     0.1030   1136.101   78.90950   -2.99965    34.8997    34.9006 0.0000e+00
    655.000     0.6599     0.6584   2.982805   2.982741    313.515     0.1194     0.1029   1137.167   78.90950   -2.99966    34.8999    34.9007 0.0000e+00
    656.000     0.6581     0.6569   2.982690   2.982653    312.894     0.1200     0.1011   1138.224   78.90950   -2.99966    34.8999    34.9007 0.0000e+00
    657.000     0.6527     0.6516   2.982257   2.982236    312.867     0.1195     0.1006   1139.284   78.90950   -2.99968    34.8997    34.9006 0.0000e+00
    658.000     0.6481     0.6468   2.981895   2.981857    312.771     0.1211     0.1012   1140.338   78.90950   -2.99968    34.8996    34.9005 0.0000e+00
    659.000     0.6436     0.6423   2.981538   2.981497    313.084     0.1247     0.1013   1141.388   78.90950   -2.99968    34.8994    34.9003 0.0000e+00
    660.000     0.6355     0.6343   2.980847   2.980820    312.641     0.1233     0.1000   1142.432   78.90950   -2.99968    34.8989    34.8999 0.0000e+00
    661.000     0.6314     0.6301   2.980523   2.980481    312.395     0.1215     0.0996   1143.470   78.90950   -2.99970    34.8987    34.8997 0.0000e+00
    662.000     0.6275     0.6265   2.980216   2.980204    311.845     0.1220     0.1003   1144.508   78.90948   -2.99970    34.8985    34.8995 0.0000e+00
    663.000     0.6148     0.6136   2.979132   2.979087    311.727     0.1238     0.1011   1145.548   78.90948   -2.99970    34.8981    34.8990 0.0000e+00
    664.000     0.6134     0.6121   2.979048   2.978997    311.452     0.1237     0.1039   1146.587   78.90948   -2.99972    34.8981    34.8988 0.0000e+00
    665.000     0.6120     0.6107   2.978967   2.978919    311.370     0.1236     0.1007   1147.634   78.90948   -2.99972    34.8980    34.8989 0.0000e+00
    666.000     0.6095     0.6081   2.978778   2.978735    311.794     0.1165     0.1027   1148.687   78.90948   -2.99973    34.8978    34.8988 0.0000e+00
    667.000     0.6041     0.6028   2.978352   2.978318    311.895     0.1206     0.1019   1149.751   78.90948   -2.99974    34.8978    34.8987 0.0000e+00
    668.000     0.5992     0.5979   2.977966   2.977927    311.762     0.1206     0.1020   1150.816   78.90948   -2.99974    34.8976    34.8986 0.0000e+00
    669.000     0.5973     0.5959   2.977835   2.977795    311.807     0.1192     0.1008   1151.885   78.90948   -2.99974    34.8975    34.8985 0.0000e+00
    670.000     0.5935     0.5922   2.977543   2.977502    311.376     0.1188     0.1004   1152.952   78.90948   -2.99975    34.8973    34.8983 0.0000e+00
    671.000     0.5866     0.5853   2.976978   2.976936    310.734     0.1214     0.1015   1154.017   78.90947   -2.99976    34.8972    34.8982 0.0000e+00
    672.000     0.5835     0.5823   2.976743   2.976710    310.690     0.1241     0.1014   1155.078   78.90946   -2.99976    34.8971    34.8980 0.0000e+00
    673.000     0.5786     0.5772   2.976357   2.976316    310.886     0.1238     0.1000   1156.133   78.90946   -2.99978    34.8970    34.8979 0.0000e+00
    674.000     0.5735     0.5723   2.975951   2.975912    311.122     0.1238     0.1005   1157.178   78.90946   -2.99978    34.8968    34.8977 0.0000e+00
    675.000     0.5691     0.5677   2.975604   2.975561    311.508     0.1236     0.1019   1158.225   78.90946   -2.99978    34.8967    34.8976 0.0000e+00
    676.000     0.5607     0.5595   2.974911   2.974880    311.806     0.1216     0.1025   1159.264   78.90946   -2.99980    34.8966    34.8974 0.0000e+00
    677.000     0.5569     0.5557   2.974630   2.974590    312.253     0.1210     0.1040   1160.303   78.90946   -2.99980    34.8966    34.8974 0.0000e+00
    678.000     0.5532     0.5519   2.974359   2.974316    312.692     0.1199     0.1029   1161.351   78.90946   -2.99980    34.8966    34.8975 0.0000e+00
    679.000     0.5518     0.5505   2.974282   2.974237    312.917     0.1253     0.1028   1162.399   78.90946   -2.99980    34.8966    34.8975 0.0000e+00
    680.000     0.5490     0.5477   2.974087   2.974042    312.315     0.1280     0.1030   1163.450   78.90946   -2.99982    34.8966    34.8975 0.0000e+00
    681.000     0.5448     0.5435   2.973748   2.973708    311.641     0.1220     0.1023   1164.508   78.90944   -2.99982    34.8964    34.8973 0.0000e+00
    682.000     0.5386     0.5376   2.973245   2.973222    312.193     0.1236     0.1009   1165.570   78.90944   -2.99982    34.8962    34.8971 0.0000e+00
    683.000     0.5365     0.5350   2.973100   2.973053    311.963     0.1228     0.1016   1166.633   78.90944   -2.99984    34.8961    34.8971 0.0000e+00
    684.000     0.5337     0.5324   2.972903   2.972853    311.417     0.1197     0.1011   1167.696   78.90944   -2.99984    34.8961    34.8969 0.0000e+00
    685.000     0.5332     0.5318   2.972903   2.972852    312.070     0.1234     0.1014   1168.762   78.90944   -2.99985    34.8961    34.8970 0.0000e+00
    686.000     0.5296     0.5283   2.972612   2.972584    312.133     0.1233     0.1019   1169.824   78.90944   -2.99986    34.8957    34.8968 0.0000e+00
    687.000     0.5215     0.5202   2.971953   2.971912    312.743     0.1258     0.1026   1170.874   78.90944   -2.99986    34.8957    34.8966 0.0000e+00
    688.000     0.5197     0.5184   2.971875   2.971825    312.661     0.1245     0.1030   1171.911   78.90944   -2.99987    34.8961    34.8970 0.0000e+00
    689.000     0.5185     0.5173   2.971838   2.971798    311.722     0.1232     0.1029   1172.942   78.90943   -2.99988    34.8964    34.8973 0.0000e+00
    690.000     0.5169     0.5156   2.971745   2.971698    311.200     0.1238     0.1017   1173.987   78.90942   -2.99988    34.8964    34.8973 0.0000e+00
    691.000     0.5130     0.5117   2.971447   2.971401    311.172     0.1220     0.1007   1175.032   78.90942   -2.99988    34.8963    34.8972 0.0000e+00
    692.000     0.5080     0.5067   2.971048   2.971013    310.932     0.1192     0.1004   1176.078   78.90942   -2.99989    34.8962    34.8972 0.0000e+00
    693.000     0.5019     0.5006   2.970548   2.970505    310.887     0.1206     0.0996   1177.121   78.90942   -2.99990    34.8960    34.8969 0.0000e+00
    694.000     0.4974     0.4962   2.970192   2.970160    311.160     0.1217     0.1002   1178.169   78.90942   -2.99990    34.8958    34.8967 0.0000e+00
    695.000     0.4918     0.4906   2.969734   2.969705    311.504     0.1182     0.1013   1179.221   78.90942   -2.99992    34.8955    34.8965 0.0000e+00
    696.000     0.4908     0.4895   2.969713   2.969658    312.340     0.1200     0.1002   1180.279   78.90942   -2.99992    34.8958    34.8966 0.0000e+00
    697.000     0.4912     0.4900   2.969796   2.969757    312.715     0.1199     0.1016   1181.346   78.90942   -2.99992    34.8958    34.8967 0.0000e+00
    698.000     0.4931     0.4915   2.970056   2.969969    312.776     0.1179     0.1029   1182.412   78.90940   -2.99994    34.8965    34.8972 0.0000e+00
    699.000     0.4852     0.4843   2.969394   2.969378    312.689     0.1188     0.1026   1183.480   78.90940   -2.99994    34.8961    34.8970 0.0000e+00
    700.000     0.4760     0.4750   2.968603   2.968588    312.698     0.1197     0.1025   1184.545   78.90940   -2.99994    34.8957    34.8966 0.0000e+00
    701.000     0.4764     0.4751   2.968696   2.968651    312.062     0.1183     0.1031   1185.606   78.90940   -2.99994    34.8958    34.8967 0.0000e+00
    702.000     0.4748     0.4735   2.968610   2.968572    311.823     0.1219     0.1027   1186.655   78.90940   -2.99996    34.8959    34.8969 0.0000e+00
    703.000     0.4708     0.4695   2.968297   2.968259    311.844     0.1230     0.1020   1187.695   78.90940   -2.99996    34.8958    34.8967 0.0000e+00
    704.000     0.4674     0.4661   2.968048   2.967997    312.183     0.1225     0.1032   1188.728   78.90940   -2.99996    34.8957    34.8966 0.0000e+00
    705.000     0.4644     0.4635   2.967815   2.967811    312.130     0.1247     0.1031   1189.761   78.90940   -2.99998    34.8955    34.8965 0.0000e+00
    706.000     0.4557     0.4541   2.967075   2.967000    311.218     0.1275     0.1023   1190.797   78.90940   -2.99998    34.8951    34.8960 0.0000e+00
    707.000     0.4474     0.4461   2.966406   2.966363    311.158     0.1261     0.1020   1191.834   78.90939   -2.99998    34.8951    34.8960 0.0000e+00
    708.000     0.4426     0.4412   2.966057   2.966005    311.467     0.1237     0.1027   1192.885   78.90938   -2.99999    34.8953    34.8963 0.0000e+00
    709.000     0.4404     0.4391   2.965927   2.965875    312.195     0.1231     0.1024   1193.944   78.90938   -3.00000    34.8956    34.8964 0.0000e+00
    710.000     0.4393     0.4380   2.965897   2.965843    313.023     0.1201     0.1022   1195.014   78.90938   -3.00000    34.8959    34.8966 0.0000e+00
    711.000     0.4394     0.4382   2.965984   2.965935    312.916     0.1190     0.1012   1196.089   78.90938   -3.00001    34.8963    34.8970 0.0000e+00
    712.000     0.4388     0.4378   2.965980   2.965968    312.279     0.1214     0.1006   1197.164   78.90938   -3.00002    34.8963    34.8973 0.0000e+00
    713.000     0.4357     0.4346   2.965765   2.965736    311.990     0.1227     0.1011   1198.234   78.90938   -3.00002    34.8964    34.8973 0.0000e+00
    714.000     0.4320     0.4309   2.965470   2.965448    311.620     0.1245     0.1025   1199.294   78.90938   -3.00002    34.8961    34.8972 0.0000e+00
    715.000     0.4202     0.4190   2.964447   2.964412    311.145     0.1218     0.1029   1200.355   78.90938   -3.00004    34.8955    34.8964 0.0000e+00
    716.000     0.4102     0.4089   2.963593   2.963556    311.147     0.1222     0.1027   1201.419   78.90938   -3.00004    34.8950    34.8960 0.0000e+00
    717.000     0.4076     0.4063   2.963396   2.963350    311.192     0.1207     0.1021   1202.478   78.90936   -3.00004    34.8948    34.8957 0.0000e+00
    718.000     0.4040     0.4028   2.963122   2.963091    311.548     0.1220     0.1030   1203.533   78.90936   -3.00006    34.8947    34.8956 0.0000e+00
    719.000     0.4003     0.3990   2.962853   2.962801    312.360     0.1217     0.1028   1204.585   78.90936   -3.00006    34.8948    34.8956 0.0000e+00
    720.000     0.3968     0.3958   2.962583   2.962564    312.103     0.1235     0.1019   1205.650   78.90936   -3.00007    34.8946    34.8955 0.0000e+00
    721.000     0.3930     0.3919   2.962277   2.962255    312.117     0.1216     0.1029   1206.719   78.90936   -3.00008    34.8943    34.8953 0.0000e+00
    722.000     0.3882     0.3867   2.961889   2.961836    312.009     0.1208     0.1022   1207.791   78.90936   -3.00008    34.8941    34.8951 0.0000e+00
    723.000     0.3808     0.3796   2.961269   2.961237    311.435     0.1231     0.1027   1208.875   78.90936   -3.00008    34.8938    34.8947 0.0000e+00
    724.000     0.3777     0.3766   2.961054   2.961034    312.076     0.1251     0.1029   1209.959   78.90936   -3.00009    34.8939    34.8948 0.0000e+00
