test_project/cnv_input/004_bin.cnv
* Sea-Bird SBE 9 Data File:
* FileName = C:\Documents and Settings\ctd\Desktop\FS2022\data\004.hex
* Software Version Seasave V 7.21b
* Temperature SN = 2400
* Conductivity SN = 3447
* Number of Bytes Per Scan = 48
* Number of Voltage Words = 5
* Number of Scans Averaged by the Deck Unit = 1
* NMEA Latitude = 78 54.70 N
* NMEA Longitude = 002 59.42 W
* NMEA UTC (Time) = Sep 11 2022  17:22:19
* NMEA baud rate = 4800
** Cruise: FS 2022
** Ship: Silver Arctic
** Station (File Number):  004
** Latitude:
** Longitude:
** Echodepth (m):
** Seastate:
# nquan = 14
# nvalues = 2487                        
# units = specified
# name 0 = prDM: Pressure, Digiquartz [db]
# name 1 = t090C: Temperature [ITS-90, deg C]
# name 2 = t190C: Temperature, 2 [ITS-90, deg C]
# name 3 = c0S/m: Conductivity [S/m]
# name 4 = c1S/m: Conductivity, 2 [S/m]
# name 5 = sbox0Mm/Kg: Oxygen, SBE 43 [umol/kg]
# name 6 = wetCDOM: Fluorescence, WET Labs CDOM [mg/m^3]
# name 7 = wetCDOM1: Fluorescence, WET Labs CDOM, 2 [mg/m^3]
# name 8 = timeS: Time, Elapsed [seconds]
# name 9 = latitude: Latitude [deg]
# name 10 = longitude: Longitude [deg]
# name 11 = sal00: Salinity, Practical [PSU]
# name 12 = sal11: Salinity, Practical, 2 [PSU]
# name 13 = flag: flag
# span 0 =      3.000,   2490.000       
# span 1 =    -1.4683,     5.5360       
# span 2 =    -1.4678,     5.5308       
# span 3 =   2.362977,   3.364487       
# span 4 =   2.362971,   3.363919       
# span 5 =    296.683,    409.200       
# span 6 =     0.1054,     0.1542       
# span 7 =     0.0943,     0.1185       
# span 8 =    417.691,   3119.266       
# span 9 =   78.90590,   78.91092       
# span 10 =   -3.01544,   -2.99391      
# span 11 =    29.2943,    34.9851      
# span 12 =    29.2929,    34.9856      
# span 13 = 0.0000e+00, 0.0000e+00      
# interval = decibars: 1                
# start_time = Sep 11 2022 17:22:20 [NMEA time, first data scan]
# bad_flag = -9.990e-29
*END*
[from data line 1239]
   1242.000    -0.3202    -0.3215   2.924900   2.924874    313.071     0.1207     0.1022   1763.080   78.90816   -3.00346    34.9092    34.9103 0.0000e+00
   1243.000    -0.3203    -0.3217   2.924937   2.924913    312.737     0.1211     0.1029   1764.165   78.90816   -3.00347    34.9092    34.9105 0.0000e+00
   1244.000    -0.3211    -0.3224   2.924918   2.924889    312.766     0.1216     0.1025   1765.251   78.90816   -3.00348    34.9093    34.9105 0.0000e+00
   1245.000    -0.3217    -0.3230   2.924903   2.924874    312.472     0.1223     0.1004   1766.348   78.90816   -3.00348    34.9092    34.9104 0.0000e+00
   1246.000    -0.3230    -0.3243   2.924834   2.924816    312.853     0.1270     0.1007   1767.445   78.90816   -3.00348    34.9093    34.9104 0.0000e+00
   1247.000    -0.3252    -0.3265   2.924697   2.924671    312.780     0.1243     0.1020   1768.537   78.90816   -3.00350    34.9093    34.9104 0.0000e+00
   1248.000    -0.3267    -0.3280   2.924620   2.924592    312.917     0.1208     0.1017   1769.633   78.90816   -3.00350    34.9094    34.9106 0.0000e+00
   1249.000    -0.3267    -0.3281   2.924657   2.924629    313.629     0.1211     0.1028   1770.732   78.90814   -3.00350    34.9094    34.9105 0.0000e+00
   1250.000    -0.3269    -0.3282   2.924683   2.924656    313.966     0.1198     0.1007   1771.832   78.90814   -3.00351    34.9094    34.9105 0.0000e+00
   1251.000    -0.3272    -0.3285   2.924706   2.924682    314.538     0.1212     0.1016   1772.933   78.90814   -3.00352    34.9094    34.9106 0.0000e+00
   1252.000    -0.3272    -0.3285   2.924745   2.924713    314.045     0.1231     0.1027   1774.034   78.90814   -3.00352    34.9094    34.9105 0.0000e+00
   1253.000    -0.3271    -0.3284   2.924797   2.924775    313.474     0.1230     0.1030   1775.129   78.90814   -3.00353    34.9094    34.9106 0.0000e+00
   1254.000    -0.3273    -0.3287   2.924821   2.924783    313.457     0.1239     0.1030   1776.223   78.90814   -3.00354    34.9094    34.9104 0.0000e+00
   1255.000    -0.3290    -0.3303   2.924721   2.924698    313.398     0.1242     0.1000   1777.310   78.90814   -3.00354    34.9094    34.9106 0.0000e+00
   1256.000    -0.3308    -0.3321   2.924614   2.924582    313.487     0.1216     0.1013   1778.392   78.90814   -3.00354    34.9095    34.9105 0.0000e+00
   1257.000    -0.3321    -0.3334   2.924548   2.924515    313.064     0.1224     0.1020   1779.471   78.90814   -3.00356    34.9095    34.9105 0.0000e+00
   1258.000    -0.3339    -0.3352   2.924437   2.924406    312.649     0.1239     0.1019   1780.558   78.90814   -3.00356    34.9095    34.9106 0.0000e+00
   1259.000    -0.3341    -0.3355   2.924457   2.924428    312.962     0.1214     0.1003   1781.648   78.90812   -3.00356    34.9095    34.9106 0.0000e+00
   1260.000    -0.3344    -0.3357   2.924483   2.924450    313.408     0.1212     0.1012   1782.748   78.90812   -3.00357    34.9095    34.9106 0.0000e+00
   1261.000    -0.3351    -0.3365   2.924459   2.924427    313.432     0.1189     0.1016   1783.848   78.90812   -3.00358    34.9094    34.9106 0.0000e+00
   1262.000    -0.3366    -0.3379   2.924386   2.924355    313.525     0.1200     0.1016   1784.952   78.90812   -3.00358    34.9096    34.9107 0.0000e+00
   1263.000    -0.3372    -0.3385   2.924368   2.924343    313.628     0.1183     0.1017   1786.057   78.90812   -3.00359    34.9094    34.9106 0.0000e+00
   1264.000    -0.3384    -0.3397   2.924320   2.924282    314.362     0.1241     0.1015   1787.159   78.90812   -3.00360    34.9096    34.9106 0.0000e+00
   1265.000    -0.3387    -0.3401   2.924329   2.924308    313.961     0.1235     0.1034   1788.253   78.90812   -3.00360    34.9095    34.9108 0.0000e+00
   1266.000    -0.3401    -0.3415   2.924254   2.924230    313.326     0.1245     0.1034   1789.339   78.90812   -3.00360    34.9095    34.9108 0.0000e+00
   1267.000    -0.3410    -0.3422   2.924232   2.924209    313.689     0.1202     0.1016   1790.418   78.90810   -3.00362    34.9097    34.9108 0.0000e+00
   1268.000    -0.3412    -0.3424   2.924246   2.924220    313.196     0.1250     0.1021   1791.497   78.90810   -3.00362    34.9095    34.9106 0.0000e+00
   1269.000    -0.3416    -0.3430   2.924256   2.924227    312.859     0.1178     0.1029   1792.579   78.90810   -3.00362    34.9096    34.9108 0.0000e+00
   1270.000    -0.3417    -0.3431   2.924285   2.924263    313.006     0.1220     0.1024   1793.666   78.90810   -3.00364    34.9095    34.9108 0.0000e+00
   1271.000    -0.3421    -0.3435   2.924294   2.924270    313.435     0.1200     0.1001   1794.759   78.90810   -3.00364    34.9095    34.9108 0.0000e+00
   1272.000    -0.3431    -0.3446   2.924253   2.924214    313.537     0.1194     0.0993   1795.875   78.90810   -3.00364    34.9096    34.9107 0.0000e+00
   1273.000    -0.3437    -0.3449   2.924257   2.924233    313.416     0.1222     0.1003   1797.011   78.90810   -3.00365    34.9097    34.9108 0.0000e+00
   1274.000    -0.3438    -0.3452   2.924285   2.924249    313.795     0.1220     0.1002   1798.144   78.90810   -3.00366    34.9096    34.9107 0.0000e+00
   1275.000    -0.3445    -0.3461   2.924265   2.924223    313.598     0.1257     0.1003   1799.275   78.90810   -3.00366    34.9096    34.9108 0.0000e+00
   1276.000    -0.3450    -0.3463   2.924270   2.924241    312.932     0.1233     0.1007   1800.402   78.90810   -3.00366    34.9097    34.9108 0.0000e+00
   1277.000    -0.3459    -0.3473   2.924235   2.924202    312.810     0.1261     0.1031   1801.538   78.90808   -3.00368    34.9096    34.9108 0.0000e+00
   1278.000    -0.3469    -0.3483   2.924192   2.924160    313.149     0.1200     0.1040   1802.685   78.90808   -3.00368    34.9097    34.9108 0.0000e+00
   1279.000    -0.3475    -0.3488   2.924184   2.924162    313.227     0.1238     0.1029   1803.839   78.90808   -3.00368    34.9097    34.9108 0.0000e+00
   1280.000    -0.3482    -0.3495   2.924168   2.924145    313.634     0.1210     0.1021   1805.005   78.90808   -3.00369    34.9097    34.9109 0.0000e+00
   1281.000    -0.3499    -0.3512   2.924073   2.924039    313.499     0.1225     0.1028   1806.179   78.90808   -3.00370    34.9098    34.9108 0.0000e+00
   1282.000    -0.3507    -0.3519   2.924044   2.924018    313.542     0.1185     0.1026   1807.362   78.90808   -3.00370    34.9097    34.9108 0.0000e+00
   1283.000    -0.3510    -0.3523   2.924059   2.924032    313.027     0.1175     0.1015   1808.545   78.90808   -3.00372    34.9097    34.9108 0.0000e+00
   1284.000    -0.3515    -0.3530   2.924051   2.924022    313.699     0.1187     0.1011   1809.735   78.90807   -3.00372    34.9097    34.9109 0.0000e+00
   1285.000    -0.3523    -0.3537   2.924033   2.924004    314.192     0.1203     0.1027   1810.891   78.90806   -3.00372    34.9097    34.9109 0.0000e+00
   1286.000    -0.3531    -0.3544   2.924016   2.923985    314.052     0.1198     0.1021   1812.004   78.90806   -3.00373    34.9098    34.9109 0.0000e+00
   1287.000    -0.3540    -0.3554   2.923972   2.923948    314.517     0.1209     0.1022   1813.089   78.90806   -3.00374    34.9097    34.9110 0.0000e+00
   1288.000    -0.3554    -0.3567   2.923905   2.923881    314.216     0.1209     0.1006   1814.180   78.90806   -3.00374    34.9098    34.9110 0.0000e+00
   1289.000    -0.3564    -0.3578   2.923861   2.923832    313.666     0.1213     0.1018   1815.265   78.90806   -3.00374    34.9099    34.9110 0.0000e+00
   1290.000    -0.3566    -0.3579   2.923885   2.923860    313.582     0.1190     0.1018   1816.346   78.90806   -3.00376    34.9098    34.9110 0.0000e+00
   1291.000    -0.3571    -0.3587   2.923881   2.923846    313.790     0.1192     0.1006   1817.406   78.90806   -3.00376    34.9098    34.9110 0.0000e+00
   1292.000    -0.3574    -0.3589   2.923898   2.923868    313.886     0.1200     0.1025   1818.469   78.90806   -3.00376    34.9097    34.9110 0.0000e+00
   1293.000    -0.3579    -0.3592   2.923905   2.923878    314.063     0.1197     0.1018   1819.536   78.90806   -3.00378    34.9098    34.9110 0.0000e+00
   1294.000    -0.3582    -0.3594   2.923928   2.923908    314.443     0.1179     0.1006   1820.612   78.90806   -3.00378    34.9099    34.9111 0.0000e+00
   1295.000    -0.3584    -0.3597   2.923950   2.923940    314.294     0.1231     0.0995   1821.685   78.90804   -3.00378    34.9098    34.9112 0.0000e+00
   1296.000    -0.3587    -0.3599   2.923972   2.923944    314.326     0.1184     0.1011   1822.763   78.90804   -3.00379    34.9099    34.9110 0.0000e+00
   1297.000    -0.3589    -0.3601   2.923999   2.923976    314.497     0.1221     0.1009   1823.835   78.90804   -3.00380    34.9099    34.9111 0.0000e+00
   1298.000    -0.3595    -0.3609   2.923979   2.923953    314.358     0.1206     0.1013   1824.905   78.90804   -3.00380    34.9098    34.9110 0.0000e+00
   1299.000    -0.3604    -0.3617   2.923958   2.923929    314.456     0.1203     0.1019   1825.978   78.90804   -3.00381    34.9100    34.9111 0.0000e+00
   1300.000    -0.3608    -0.3621   2.923961   2.923934    314.405     0.1258     0.1007   1827.043   78.90804   -3.00382    34.9099    34.9110 0.0000e+00
   1301.000    -0.3609    -0.3622   2.924000   2.923968    314.782     0.1255     0.0998   1828.106   78.90804   -3.00382    34.9099    34.9110 0.0000e+00
   1302.000    -0.3609    -0.3622   2.924041   2.924013    314.815     0.1224     0.1005   1829.164   78.90804   -3.00382    34.9100    34.9111 0.0000e+00
   1303.000    -0.3614    -0.3627   2.924035   2.924010    314.468     0.1228     0.1008   1830.221   78.90804   -3.00383    34.9098    34.9110 0.0000e+00
   1304.000    -0.3617    -0.3631   2.924053   2.924022    314.216     0.1202     0.1017   1831.274   78.90802   -3.00384    34.9099    34.9111 0.0000e+00
   1305.000    -0.3620    -0.3633   2.924070   2.924048    314.283     0.1201     0.1005   1832.332   78.90802   -3.00384    34.9099    34.9111 0.0000e+00
   1306.000    -0.3629    -0.3642   2.924030   2.924012    314.429     0.1199     0.1016   1833.397   78.90802   -3.00386    34.9097    34.9110 0.0000e+00
   1307.000    -0.3639    -0.3652   2.923994   2.923968    313.954     0.1163     0.0994   1834.466   78.90802   -3.00386    34.9099    34.9110 0.0000e+00
   1308.000    -0.3643    -0.3656   2.923998   2.923972    313.649     0.1168     0.1013   1835.541   78.90802   -3.00386    34.9098    34.9110 0.0000e+00
   1309.000    -0.3650    -0.3663   2.923981   2.923959    314.093     0.1197     0.1006   1836.619   78.90802   -3.00388    34.9098    34.9110 0.0000e+00
   1310.000    -0.3661    -0.3674   2.923938   2.923901    314.123     0.1191     0.1015   1837.704   78.90802   -3.00388    34.9100    34.9109 0.0000e+00
   1311.000    -0.3672    -0.3685   2.923887   2.923860    314.286     0.1189     0.1018   1838.782   78.90802   -3.00388    34.9099    34.9110 0.0000e+00
   1312.000    -0.3675    -0.3688   2.923893   2.923875    314.348     0.1186     0.1001   1839.858   78.90802   -3.00389    34.9098    34.9111 0.0000e+00
   1313.000    -0.3685    -0.3698   2.923856   2.923833    314.267     0.1174     0.1015   1840.924   78.90801   -3.00390    34.9098    34.9111 0.0000e+00
   1314.000    -0.3699    -0.3713   2.923780   2.923749    313.892     0.1199     0.1008   1841.980   78.90800   -3.00390    34.9099    34.9111 0.0000e+00
   1315.000    -0.3712    -0.3726   2.923712   2.923682    313.445     0.1189     0.1004   1843.035   78.90800   -3.00391    34.9099    34.9111 0.0000e+00
   1316.000    -0.3729    -0.3742   2.923613   2.923585    313.759     0.1174     0.1018   1844.093   78.90800   -3.00392    34.9099    34.9111 0.0000e+00
   1317.000    -0.3735    -0.3748   2.923605   2.923583    313.783     0.1211     0.1013   1845.151   78.90800   -3.00392    34.9099    34.9111 0.0000e+00
   1318.000    -0.3738    -0.3751   2.923622   2.923598    314.259     0.1224     0.1009   1846.209   78.90800   -3.00394    34.9099    34.9111 0.0000e+00
   1319.000    -0.3746    -0.3759   2.923593   2.923564    314.374     0.1217     0.1017   1847.275   78.90800   -3.00394    34.9099    34.9110 0.0000e+00
   1320.000    -0.3754    -0.3768   2.923557   2.923540    314.367     0.1186     0.1018   1848.352   78.90800   -3.00396    34.9098    34.9111 0.0000e+00
   1321.000    -0.3767    -0.3780   2.923498   2.923471    314.526     0.1185     0.1004   1849.428   78.90800   -3.00396    34.9099    34.9111 0.0000e+00
   1322.000    -0.3777    -0.3791   2.923462   2.923431    314.384     0.1216     0.0995   1850.507   78.90800   -3.00396    34.9099    34.9112 0.0000e+00
   1323.000    -0.3774    -0.3788   2.923522   2.923500    314.300     0.1251     0.1004   1851.579   78.90800   -3.00396    34.9099    34.9111 0.0000e+00
   1324.000    -0.3786    -0.3799   2.923468   2.923450    314.611     0.1239     0.1027   1852.648   78.90798   -3.00398    34.9099    34.9112 0.0000e+00
   1325.000    -0.3790    -0.3803   2.923470   2.923453    314.957     0.1263     0.1018   1853.715   78.90798   -3.00398    34.9099    34.9111 0.0000e+00
   1326.000    -0.3791    -0.3805   2.923511   2.923483    315.282     0.1259     0.1020   1854.782   78.90798   -3.00399    34.9100    34.9112 0.0000e+00
   1327.000    -0.3792    -0.3806   2.923548   2.923526    314.449     0.1203     0.1019   1855.850   78.90798   -3.00400    34.9100    34.9113 0.0000e+00
   1328.000    -0.3794    -0.3808   2.923568   2.923543    314.291     0.1190     0.1019   1856.915   78.90798   -3.00400    34.9100    34.9112 0.0000e+00
   1329.000    -0.3793    -0.3807   2.923617   2.923596    314.743     0.1197     0.1017   1857.981   78.90798   -3.00401    34.9099    34.9112 0.0000e+00
   1330.000    -0.3798    -0.3810   2.923626   2.923600    314.961     0.1208     0.1009   1859.050   78.90798   -3.00402    34.9100    34.9111 0.0000e+00
   1331.000    -0.3802    -0.3816   2.923623   2.923608    314.596     0.1198     0.0999   1860.110   78.90798   -3.00402    34.9099    34.9113 0.0000e+00
   1332.000    -0.3810    -0.3824   2.923600   2.923576    314.303     0.1224     0.0998   1861.175   78.90798   -3.00403    34.9099    34.9111 0.0000e+00
   1333.000    -0.3816    -0.3828   2.923604   2.923585    314.095     0.1220     0.1004   1862.247   78.90798   -3.00404    34.9101    34.9113 0.0000e+00
   1334.000    -0.3831    -0.3844   2.923511   2.923487    314.099     0.1201     0.1008   1863.319   78.90798   -3.00404    34.9100    34.9112 0.0000e+00
   1335.000    -0.3842    -0.3857   2.923461   2.923429    314.101     0.1201     0.1022   1864.395   78.90796   -3.00406    34.9100    34.9113 0.0000e+00
   1336.000    -0.3846    -0.3859   2.923478   2.923450    314.023     0.1213     0.1028   1865.469   78.90796   -3.00406    34.9101    34.9112 0.0000e+00
   1337.000    -0.3848    -0.3862   2.923501   2.923479    314.143     0.1236     0.1025   1866.544   78.90796   -3.00406    34.9101    34.9114 0.0000e+00
   1338.000    -0.3851    -0.3864   2.923521   2.923502    313.526     0.1237     0.1007   1867.614   78.90796   -3.00408    34.9101    34.9114 0.0000e+00
   1339.000    -0.3850    -0.3864   2.923564   2.923547    313.190     0.1219     0.1025   1868.678   78.90796   -3.00408    34.9101    34.9114 0.0000e+00
   1340.000    -0.3850    -0.3863   2.923615   2.923594    312.937     0.1262     0.1004   1869.741   78.90796   -3.00409    34.9101    34.9114 0.0000e+00
   1341.000    -0.3851    -0.3865   2.923648   2.923623    313.072     0.1255     0.1004   1870.806   78.90796   -3.00410    34.9101    34.9114 0.0000e+00
   1342.000    -0.3852    -0.3866   2.923685   2.923660    312.991     0.1225     0.1015   1871.862   78.90796   -3.00410    34.9102    34.9114 0.0000e+00
   1343.000    -0.3857    -0.3870   2.923700   2.923669    312.467     0.1207     0.0998   1872.924   78.90796   -3.00411    34.9103    34.9114 0.0000e+00
