test_project/cnv_input/006_bin.cnv
* Sea-Bird SBE 9 Data File:
* FileName = C:\Documents and Settings\ctd\Desktop\FS2022\data\006.hex
* Software Version Seasave V 7.21b
* Temperature SN = 2400
* Conductivity SN = 3447
* Number of Bytes Per Scan = 48
* Number of Voltage Words = 5
* Number of Scans Averaged by the Deck Unit = 1
* NMEA Latitude = 78 57.19 N
* NMEA Longitude = 009 00.46 W
* NMEA UTC (Time) = Sep 13 2022  04:02:12
* NMEA baud rate = 4800
** Cruise: FS 2022
** Ship: Silver Arctic
** Station (File Number):  006
** Latitude:
** Longitude:
** Echodepth (m):
** Seastate:
# nquan = 14
# nvalues = 265                         
# units = specified
# name 0 = prDM: Pressure, Digiquartz [db]
# name 1 = t090C: Temperature [ITS-90, deg C]
# name 2 = t190C: Temperature, 2 [ITS-90, deg C]
# name 3 = c0S/m: Conductivity [S/m]
# name 4 = c1S/m: Conductivity, 2 [S/m]
# name 5 = sbox0Mm/Kg: Oxygen, SBE 43 [umol/kg]
# name 6 = wetCDOM: Fluorescence, WET Labs CDOM [mg/m^3]
# name 7 = wetCDOM1: Fluorescence, WET Labs CDOM, 2 [mg/m^3]
# name 8 = timeS: Time, Elapsed [seconds]
# name 9 = latitude: Latitude [deg]
# name 10 = longitude: Longitude [deg]
# name 11 = sal00: Salinity, Practical [PSU]
# name 12 = sal11: Salinity, Practical, 2 [PSU]
# name 13 = flag: flag
# span 0 =      1.000,    265.000       
# span 1 =    -1.6171,     0.2182       
# span 2 =    -1.6177,     0.2228       
# span 3 =   2.407619,   2.898073       
# span 4 =   2.407109,   2.898042       
# span 5 =    293.245,    406.461       
# span 6 =     0.1303,     0.1697       
# span 7 =     0.1097,     0.1277       
# span 8 =    578.218,    984.436       
# span 9 =   78.95310,   78.95320       
# span 10 =   -9.00662,   -9.00644      
# span 11 =    30.0033,    34.5176      
# span 12 =    29.9961,    34.5121      
# span 13 = 0.0000e+00, 0.0000e+00      
# interval = decibars: 1                
# start_time = Sep 13 2022 04:02:12 [NMEA time, first data scan]
# bad_flag = -9.990e-29
*END*
[from data line 207]
    208.000    -0.0019    -0.0029   2.868538   2.868081    302.387     0.1374     0.1101    819.988   78.95320   -9.00648    34.4090    34.4040 0.0000e+00
    209.000     0.0060     0.0050   2.869538   2.869074    302.380     0.1385     0.1112    820.995   78.95320   -9.00648    34.4128    34.4077 0.0000e+00
    210.000     0.0107     0.0098   2.870150   2.869689    301.574     0.1387     0.1123    822.001   78.95320   -9.00648    34.4149    34.4099 0.0000e+00
    211.000     0.0238     0.0231   2.871821   2.871421    300.955     0.1379     0.1128    823.007   78.95320   -9.00648    34.4218    34.4173 0.0000e+00
    212.000     0.0321     0.0313   2.872908   2.872465    301.104     0.1372     0.1126    824.014   78.95320   -9.00648    34.4263    34.4213 0.0000e+00
    213.000     0.0389     0.0382   2.873821   2.873410    300.733     0.1366     0.1125    825.023   78.95320   -9.00648    34.4301    34.4255 0.0000e+00
    214.000     0.0473     0.0466   2.874886   2.874458    300.980     0.1345     0.1106    826.026   78.95320   -9.00648    34.4341    34.4293 0.0000e+00
    215.000     0.0501     0.0492   2.875272   2.874820    301.224     0.1346     0.1117    827.028   78.95320   -9.00648    34.4355    34.4305 0.0000e+00
    216.000     0.0549     0.0536   2.875912   2.875415    300.804     0.1361     0.1105    828.030   78.95320   -9.00648    34.4380    34.4329 0.0000e+00
    217.000     0.0614     0.0604   2.876762   2.876300    300.232     0.1370     0.1104    829.037   78.95320   -9.00648    34.4413    34.4363 0.0000e+00
    218.000     0.0643     0.0633   2.877187   2.876710    300.131     0.1380     0.1105    830.043   78.95320   -9.00648    34.4430    34.4379 0.0000e+00
    219.000     0.0658     0.0647   2.877401   2.876923    300.261     0.1383     0.1110    831.047   78.95320   -9.00649    34.4437    34.4385 0.0000e+00
    220.000     0.0667     0.0657   2.877550   2.877081    299.968     0.1384     0.1119    832.049   78.95320   -9.00650    34.4440    34.4389 0.0000e+00
    221.000     0.0684     0.0673   2.877787   2.877318    299.686     0.1366     0.1117    833.058   78.95320   -9.00650    34.4446    34.4397 0.0000e+00
    222.000     0.0696     0.0685   2.877981   2.877509    299.150     0.1334     0.1107    834.059   78.95319   -9.00650    34.4453    34.4401 0.0000e+00
    223.000     0.0705     0.0694   2.878143   2.877682    299.151     0.1335     0.1118    835.063   78.95318   -9.00650    34.4458    34.4409 0.0000e+00
    224.000     0.0746     0.0735   2.878687   2.878201    299.201     0.1344     0.1108    836.071   78.95318   -9.00650    34.4477    34.4426 0.0000e+00
    225.000     0.0787     0.0779   2.879234   2.878797    299.387     0.1314     0.1104    837.073   78.95318   -9.00650    34.4497    34.4449 0.0000e+00
    226.000     0.0853     0.0846   2.880123   2.879691    299.022     0.1342     0.1098    838.077   78.95318   -9.00650    34.4535    34.4485 0.0000e+00
    227.000     0.0908     0.0898   2.880828   2.880356    299.160     0.1392     0.1099    839.081   78.95318   -9.00650    34.4560    34.4509 0.0000e+00
    228.000     0.0932     0.0922   2.881146   2.880690    298.963     0.1377     0.1104    840.081   78.95318   -9.00651    34.4569    34.4520 0.0000e+00
    229.000     0.0956     0.0946   2.881473   2.881010    298.740     0.1347     0.1106    841.081   78.95318   -9.00652    34.4580    34.4530 0.0000e+00
    230.000     0.1007     0.0997   2.882134   2.881661    298.834     0.1360     0.1116    842.108   78.95318   -9.00652    34.4604    34.4552 0.0000e+00
    231.000     0.1040     0.1029   2.882570   2.882091    298.330     0.1382     0.1105    843.263   78.95318   -9.00652    34.4618    34.4567 0.0000e+00
    232.000     0.1067     0.1051   2.882949   2.882406    298.416     0.1340     0.1109    844.647   78.95318   -9.00652    34.4632    34.4578 0.0000e+00
    233.000     0.1103     0.1092   2.883433   2.882951    298.341     0.1393     0.1109    846.093   78.95318   -9.00652    34.4650    34.4599 0.0000e+00
    234.000     0.1115     0.1106   2.883610   2.883144    297.916     0.1376     0.1106    847.542   78.95318   -9.00653    34.4653    34.4602 0.0000e+00
    235.000     0.1130     0.1120   2.883839   2.883354    298.131     0.1366     0.1121    849.139   78.95318   -9.00654    34.4660    34.4608 0.0000e+00
    236.000     0.1152     0.1143   2.884153   2.883676    297.229     0.1370     0.1121    850.882   78.95318   -9.00654    34.4671    34.4619 0.0000e+00
    237.000     0.1174     0.1164   2.884496   2.884008    296.952     0.1367     0.1112    852.582   78.95318   -9.00654    34.4686    34.4633 0.0000e+00
    238.000     0.1195     0.1185   2.884821   2.884344    297.630     0.1334     0.1102    854.323   78.95316   -9.00655    34.4699    34.4647 0.0000e+00
    239.000     0.1214     0.1205   2.885105   2.884631    297.092     0.1376     0.1098    856.111   78.95316   -9.00656    34.4709    34.4657 0.0000e+00
    240.000     0.1237     0.1227   2.885423   2.884940    297.104     0.1370     0.1103    857.913   78.95316   -9.00656    34.4720    34.4667 0.0000e+00
    241.000     0.1277     0.1266   2.885959   2.885464    297.164     0.1359     0.1105    859.822   78.95316   -9.00656    34.4739    34.4686 0.0000e+00
    242.000     0.1301     0.1292   2.886324   2.885835    297.060     0.1324     0.1123    861.743   78.95316   -9.00657    34.4754    34.4701 0.0000e+00
    243.000     0.1339     0.1329   2.886824   2.886337    296.720     0.1361     0.1116    863.679   78.95316   -9.00658    34.4772    34.4719 0.0000e+00
    244.000     0.1370     0.1359   2.887230   2.886747    296.597     0.1369     0.1097    865.601   78.95316   -9.00658    34.4784    34.4733 0.0000e+00
    245.000     0.1393     0.1384   2.887559   2.887076    296.545     0.1355     0.1098    867.528   78.95316   -9.00658    34.4796    34.4743 0.0000e+00
    246.000     0.1423     0.1413   2.887961   2.887479    296.726     0.1330     0.1115    869.442   78.95316   -9.00658    34.4810    34.4757 0.0000e+00
    247.000     0.1471     0.1462   2.888583   2.888108    296.642     0.1362     0.1118    871.353   78.95314   -9.00660    34.4831    34.4779 0.0000e+00
    248.000     0.1510     0.1502   2.889094   2.888638    296.365     0.1324     0.1119    873.268   78.95314   -9.00660    34.4849    34.4798 0.0000e+00
    249.000     0.1527     0.1518   2.889344   2.888875    296.430     0.1333     0.1111    875.177   78.95314   -9.00660    34.4857    34.4806 0.0000e+00
    250.000     0.1544     0.1533   2.889576   2.889080    296.100     0.1303     0.1118    877.103   78.95314   -9.00660    34.4863    34.4810 0.0000e+00
    251.000     0.1594     0.1566   2.890158   2.889479    296.144     0.1336     0.1118    879.018   78.95314   -9.00662    34.4878    34.4820 0.0000e+00
    252.000     0.1647     0.1636   2.890811   2.890323    295.878     0.1339     0.1124    880.934   78.95314   -9.00662    34.4898    34.4846 0.0000e+00
    253.000     0.1650     0.1640   2.890904   2.890430    296.121     0.1317     0.1108    882.850   78.95314   -9.00662    34.4902    34.4849 0.0000e+00
    254.000     0.1658     0.1648   2.891142   2.890663    295.775     0.1381     0.1098    884.750   78.95314   -9.00662    34.4917    34.4866 0.0000e+00
    255.000     0.1672     0.1662   2.891394   2.890912    295.811     0.1360     0.1111    886.656   78.95314   -9.00662    34.4929    34.4876 0.0000e+00
    256.000     0.1681     0.1672   2.891572   2.891099    295.285     0.1378     0.1110    888.551   78.95314   -9.00662    34.4936    34.4884 0.0000e+00
    257.000     0.1695     0.1686   2.891810   2.891337    295.104     0.1403     0.1130    890.451   78.95314   -9.00662    34.4946    34.4894 0.0000e+00
    258.000     0.1718     0.1709   2.892153   2.891672    294.880     0.1342     0.1097    892.355   78.95313   -9.00662    34.4959    34.4906 0.0000e+00
    259.000     0.1808     0.1798   2.893295   2.892803    294.855     0.1376     0.1097    894.303   78.95312   -9.00662    34.5002    34.4949 0.0000e+00
    260.000     0.1847     0.1835   2.893825   2.893319    294.986     0.1347     0.1107    896.611   78.95312   -9.00662    34.5023    34.4970 0.0000e+00
    261.000     0.1911     0.1891   2.894609   2.894024    294.757     0.1353     0.1104    899.256   78.95312   -9.00662    34.5048    34.4994 0.0000e+00
    262.000     0.1968     0.1955   2.895336   2.894831    295.165     0.1347     0.1100    902.253   78.95312   -9.00662    34.5074    34.5022 0.0000e+00
    263.000     0.2062     0.2040   2.896455   2.895880    293.916     0.1382     0.1124    905.366   78.95312   -9.00662    34.5111    34.5059 0.0000e+00
    264.000     0.2116     0.2105   2.897191   2.896708    293.245     0.1367     0.1115    908.649   78.95312   -9.00662    34.5141    34.5089 0.0000e+00
    265.000     0.2182     0.2228   2.898073   2.898042    293.719     0.1327     0.1124    984.436   78.95310   -9.00662    34.5176    34.5121 0.0000e+00
