test_project/cnv_input/006_bin.cnv
* Sea-Bird SBE 9 Data File:
* FileName = C:\Documents and Settings\ctd\Desktop\FS2022\data\006.hex
* Software Version Seasave V 7.21b
* Temperature SN = 2400
* Conductivity SN = 3447
* Number of Bytes Per Scan = 48
* Number of Voltage Words = 5
* Number of Scans Averaged by the Deck Unit = 1
* NMEA Latitude = 78 57.19 N
* NMEA Longitude = 009 00.46 W
* NMEA UTC (Time) = Sep 13 2022  04:02:12
* NMEA baud rate = 4800
** Cruise: FS 2022
** Ship: Silver Arctic
** Station (File Number):  006
** Latitude:
** Longitude:
** Echodepth (m):
** Seastate:
# nquan = 14
# nvalues = 265                         
# units = specified
# name 0 = prDM: Pressure, Digiquartz [db]
# name 1 = t090C: Temperature [ITS-90, deg C]
# name 2 = t190C: Temperature, 2 [ITS-90, deg C]
# name 3 = c0S/m: Conductivity [S/m]
# name 4 = c1S/m: Conductivity, 2 [S/m]
# name 5 = sbox0Mm/Kg: Oxygen, SBE 43 [umol/kg]
# name 6 = wetCDOM: Fluorescence, WET Labs CDOM [mg/m^3]
# name 7 = wetCDOM1: Fluorescence, WET Labs CDOM, 2 [mg/m^3]
# name 8 = timeS: Time, Elapsed [seconds]
# name 9 = latitude: Latitude [deg]
# name 10 = longitude: Longitude [deg]
# name 11 = sal00: Salinity, Practical [PSU]
# name 12 = sal11: Salinity, Practical, 2 [PSU]
# name 13 = flag: flag
# span 0 =      1.000,    265.000       
# span 1 =    -1.6171,     0.2182       
# span 2 =    -1.6177,     0.2228       
# span 3 =   2.407619,   2.898073       
# span 4 =   2.407109,   2.898042       
# span 5 =    293.245,    406.461       
# span 6 =     0.1303,     0.1697       
# span 7 =     0.1097,     0.1277       
# span 8 =    578.218,    984.436       
# span 9 =   78.95310,   78.95320       
# span 10 =   -9.00662,   -9.00644      
# span 11 =    30.0033,    34.5176      
# span 12 =    29.9961,    34.5121      
# span 13 = 0.0000e+00, 0.0000e+00      
# interval = decibars: 1                
# start_time = Sep 13 2022 04:02:12 [NMEA time, first data scan]
# bad_flag = -9.990e-29
*END*
      1.000    -1.5480    -1.5496   2.410342   2.409731    399.327     0.1447     0.1132    578.218   78.95316   -9.00658    30.0201    30.0134 0.0000e+00
      2.000    -1.5452    -1.5479   2.410817   2.409794    399.028     0.1430     0.1129    579.935   78.95316   -9.00658    30.0232    30.0120 0.0000e+00
      3.000    -1.5520    -1.5533   2.409569   2.408780    406.461     0.1397     0.1133    581.441   78.95316   -9.00657    30.0124    30.0030 0.0000e+00
      4.000    -1.5578    -1.5597   2.408670   2.407986    400.196     0.1463     0.1123    583.114   78.95316   -9.00656    30.0055    29.9980 0.0000e+00
      5.000    -1.5640    -1.5677   2.408157   2.407328    396.587     0.1428     0.1133    584.681   78.95316   -9.00656    30.0042    29.9966 0.0000e+00
      6.000    -1.5663    -1.5658   2.408011   2.407513    397.013     0.1448     0.1142    586.389   78.95316   -9.00656    30.0039    29.9966 0.0000e+00
      7.000    -1.5716    -1.5714   2.407619   2.407109    397.917     0.1416     0.1142    588.407   78.95316   -9.00656    30.0033    29.9961 0.0000e+00
      8.000    -1.5632    -1.5631   2.408505   2.407979    398.267     0.1449     0.1134    590.525   78.95316   -9.00654    30.0063    29.9990 0.0000e+00
      9.000    -1.5552    -1.5559   2.409995   2.409422    398.084     0.1410     0.1141    592.636   78.95316   -9.00654    30.0181    30.0109 0.0000e+00
     10.000    -1.4273    -1.4281   2.428528   2.427889    397.630     0.1410     0.1140    594.757   78.95316   -9.00654    30.1407    30.1328 0.0000e+00
     11.000    -1.3264    -1.3280   2.446740   2.446469    399.797     0.1415     0.1136    596.869   78.95316   -9.00653    30.2855    30.2835 0.0000e+00
     12.000    -1.2349    -1.2386   2.466389   2.465544    401.436     0.1472     0.1154    598.954   78.95316   -9.00652    30.4585    30.4508 0.0000e+00
     13.000    -1.1589    -1.1612   2.482244   2.481383    404.168     0.1446     0.1171    601.026   78.95316   -9.00652    30.5951    30.5858 0.0000e+00
     14.000    -1.1398    -1.1414   2.490708   2.489652    405.475     0.1485     0.1155    603.068   78.95316   -9.00652    30.6894    30.6768 0.0000e+00
     15.000    -1.1329    -1.1351   2.495066   2.493982    405.328     0.1476     0.1184    605.138   78.95317   -9.00651    30.7407    30.7283 0.0000e+00
     16.000    -1.1222    -1.1236   2.497636   2.496912    405.277     0.1458     0.1175    607.220   78.95318   -9.00650    30.7638    30.7555 0.0000e+00
     17.000    -1.1181    -1.1190   2.498563   2.497932    405.817     0.1499     0.1177    609.315   78.95318   -9.00650    30.7716    30.7641 0.0000e+00
     18.000    -1.1164    -1.1173   2.498753   2.498107    405.993     0.1532     0.1178    611.391   78.95318   -9.00650    30.7719    30.7640 0.0000e+00
     19.000    -1.1147    -1.1158   2.499344   2.498589    405.473     0.1506     0.1181    613.377   78.95318   -9.00650    30.7775    30.7684 0.0000e+00
     20.000    -1.1274    -1.1274   2.515693   2.515327    404.926     0.1502     0.1184    615.383   78.95318   -9.00649    31.0113    31.0062 0.0000e+00
     21.000    -1.1446    -1.1446   2.520455   2.519661    404.535     0.1506     0.1195    617.402   78.95318   -9.00648    31.0929    31.0822 0.0000e+00
     22.000    -1.1585    -1.1591   2.524931   2.524328    405.473     0.1525     0.1199    619.417   78.95318   -9.00648    31.1674    31.1599 0.0000e+00
     23.000    -1.1998    -1.1959   2.529763   2.528860    405.152     0.1530     0.1216    621.464   78.95318   -9.00648    31.2756    31.2592 0.0000e+00
     24.000    -1.2605    -1.2593   2.533878   2.533242    403.710     0.1542     0.1212    623.527   78.95318   -9.00648    31.3945    31.3845 0.0000e+00
     25.000    -1.3005    -1.3002   2.534082   2.533523    403.265     0.1568     0.1218    625.600   78.95318   -9.00648    31.4387    31.4308 0.0000e+00
     26.000    -1.3314    -1.3307   2.534134   2.533588    402.614     0.1563     0.1219    627.630   78.95318   -9.00648    31.4714    31.4632 0.0000e+00
     27.000    -1.3629    -1.3637   2.534692   2.534129    402.725     0.1543     0.1219    629.207   78.95318   -9.00648    31.5117    31.5049 0.0000e+00
     28.000    -1.3827    -1.3837   2.534753   2.534171    402.263     0.1531     0.1220    630.350   78.95318   -9.00647    31.5328    31.5259 0.0000e+00
     29.000    -1.4147    -1.4156   2.534825   2.534258    402.517     0.1576     0.1228    631.352   78.95318   -9.00646    31.5671    31.5602 0.0000e+00
     30.000    -1.4261    -1.4271   2.535339   2.534771    401.903     0.1569     0.1241    632.326   78.95318   -9.00646    31.5856    31.5789 0.0000e+00
     31.000    -1.4352    -1.4360   2.535341   2.534777    400.977     0.1605     0.1240    633.337   78.95318   -9.00646    31.5946    31.5878 0.0000e+00
     32.000    -1.4426    -1.4435   2.535414   2.534841    400.507     0.1608     0.1231    634.376   78.95318   -9.00646    31.6030    31.5960 0.0000e+00
     33.000    -1.4528    -1.4536   2.535363   2.534821    400.135     0.1592     0.1229    635.406   78.95318   -9.00646    31.6124    31.6059 0.0000e+00
     34.000    -1.4544    -1.4553   2.535566   2.535013    399.353     0.1606     0.1228    636.431   78.95318   -9.00646    31.6163    31.6097 0.0000e+00
     35.000    -1.4603    -1.4610   2.535555   2.534992    398.955     0.1618     0.1227    637.461   78.95318   -9.00646    31.6219    31.6149 0.0000e+00
     36.000    -1.4699    -1.4705   2.535401   2.534851    399.135     0.1608     0.1226    638.483   78.95318   -9.00646    31.6293    31.6224 0.0000e+00
     37.000    -1.4767    -1.4774   2.535462   2.534898    398.792     0.1600     0.1225    639.514   78.95318   -9.00646    31.6368    31.6298 0.0000e+00
     38.000    -1.4830    -1.4837   2.535592   2.535032    398.628     0.1623     0.1247    640.549   78.95318   -9.00646    31.6447    31.6378 0.0000e+00
     39.000    -1.4906    -1.4914   2.535500   2.534951    398.454     0.1653     0.1264    641.578   78.95318   -9.00646    31.6509    31.6442 0.0000e+00
     40.000    -1.5047    -1.5050   2.534788   2.534260    398.245     0.1625     0.1223    642.614   78.95318   -9.00646    31.6555    31.6486 0.0000e+00
     41.000    -1.5223    -1.5230   2.533947   2.533384    398.274     0.1612     0.1241    643.647   78.95318   -9.00646    31.6621    31.6552 0.0000e+00
     42.000    -1.5255    -1.5263   2.534089   2.533526    397.940     0.1626     0.1231    644.673   78.95318   -9.00646    31.6669    31.6600 0.0000e+00
     43.000    -1.5293    -1.5298   2.534430   2.533882    398.187     0.1623     0.1239    645.698   78.95318   -9.00646    31.6750    31.6680 0.0000e+00
     44.000    -1.5396    -1.5404   2.534367   2.533800    398.312     0.1601     0.1234    646.724   78.95318   -9.00646    31.6845    31.6776 0.0000e+00
     45.000    -1.5424    -1.5432   2.534699   2.534151    398.086     0.1596     0.1241    647.737   78.95318   -9.00646    31.6914    31.6848 0.0000e+00
     46.000    -1.5468    -1.5477   2.534858   2.534305    398.239     0.1612     0.1256    648.764   78.95318   -9.00646    31.6978    31.6911 0.0000e+00
     47.000    -1.5527    -1.5535   2.534759   2.534200    397.065     0.1610     0.1256    649.836   78.95318   -9.00646    31.7020    31.6952 0.0000e+00
     48.000    -1.5622    -1.5631   2.534675   2.534111    395.788     0.1620     0.1247    650.936   78.95318   -9.00646    31.7104    31.7036 0.0000e+00
     49.000    -1.5702    -1.5710   2.534499   2.533938    395.195     0.1643     0.1230    652.002   78.95318   -9.00646    31.7160    31.7091 0.0000e+00
     50.000    -1.5731    -1.5739   2.534554   2.534005    394.971     0.1639     0.1231    653.015   78.95318   -9.00646    31.7192    31.7125 0.0000e+00
     51.000    -1.5780    -1.5787   2.534455   2.533909    395.431     0.1618     0.1230    654.037   78.95318   -9.00646    31.7225    31.7157 0.0000e+00
     52.000    -1.5829    -1.5837   2.534370   2.533823    395.017     0.1671     0.1241    655.083   78.95318   -9.00645    31.7259    31.7192 0.0000e+00
     53.000    -1.5852    -1.5856   2.534431   2.533887    394.532     0.1630     0.1241    656.124   78.95318   -9.00644    31.7287    31.7216 0.0000e+00
     54.000    -1.5889    -1.5891   2.534519   2.533961    394.195     0.1642     0.1250    657.158   78.95318   -9.00644    31.7332    31.7257 0.0000e+00
     55.000    -1.5923    -1.5928   2.534550   2.534011    393.766     0.1656     0.1252    658.189   78.95318   -9.00644    31.7367    31.7298 0.0000e+00
     56.000    -1.5976    -1.5984   2.534596   2.534054    393.356     0.1644     0.1241    659.222   78.95318   -9.00644    31.7423    31.7357 0.0000e+00
     57.000    -1.5991    -1.5998   2.534777   2.534217    393.105     0.1627     0.1240    660.245   78.95318   -9.00644    31.7459    31.7389 0.0000e+00
     58.000    -1.5995    -1.6001   2.535150   2.534604    392.468     0.1626     0.1259    661.270   78.95318   -9.00644    31.7508    31.7440 0.0000e+00
     59.000    -1.6041    -1.6048   2.535316   2.534771    392.402     0.1637     0.1266    662.300   78.95318   -9.00644    31.7574    31.7506 0.0000e+00
     60.000    -1.6067    -1.6074   2.535442   2.534899    392.593     0.1635     0.1254    663.333   78.95318   -9.00644    31.7613    31.7545 0.0000e+00
     61.000    -1.6085    -1.6092   2.535604   2.535061    392.566     0.1619     0.1252    664.355   78.95318   -9.00644    31.7649    31.7582 0.0000e+00
     62.000    -1.6097    -1.6104   2.535985   2.535444    391.937     0.1644     0.1254    665.387   78.95318   -9.00644    31.7708    31.7641 0.0000e+00
     63.000    -1.6094    -1.6102   2.536237   2.535692    391.524     0.1630     0.1256    666.429   78.95318   -9.00644    31.7733    31.7666 0.0000e+00
     64.000    -1.6108    -1.6115   2.536501   2.535960    391.717     0.1613     0.1254    667.481   78.95318   -9.00644    31.7779    31.7712 0.0000e+00
     65.000    -1.6128    -1.6136   2.536823   2.536286    391.361     0.1631     0.1244    668.538   78.95318   -9.00644    31.7839    31.7773 0.0000e+00
     66.000    -1.6122    -1.6130   2.537206   2.536669    390.264     0.1624     0.1242    669.598   78.95318   -9.00644    31.7879    31.7813 0.0000e+00
     67.000    -1.6082    -1.6092   2.537943   2.537368    390.539     0.1653     0.1241    670.660   78.95318   -9.00644    31.7932    31.7863 0.0000e+00
     68.000    -1.6154    -1.6163   2.537796   2.537256    391.123     0.1674     0.1240    671.720   78.95318   -9.00644    31.7982    31.7917 0.0000e+00
     69.000    -1.6128    -1.6135   2.538418   2.537884    391.042     0.1644     0.1240    672.778   78.95318   -9.00644    31.8033    31.7968 0.0000e+00
     70.000    -1.6110    -1.6118   2.538895   2.538364    390.128     0.1609     0.1246    673.837   78.95318   -9.00644    31.8075    31.8010 0.0000e+00
     71.000    -1.6096    -1.6102   2.539585   2.539047    389.969     0.1591     0.1259    674.895   78.95318   -9.00644    31.8148    31.8080 0.0000e+00
     72.000    -1.6113    -1.6120   2.539930   2.539391    390.120     0.1631     0.1262    675.952   78.95320   -9.00644    31.8208    31.8141 0.0000e+00
     73.000    -1.6123    -1.6130   2.540459   2.539918    390.223     0.1675     0.1243    677.011   78.95320   -9.00644    31.8286    31.8219 0.0000e+00
     74.000    -1.6144    -1.6150   2.540837   2.540305    389.996     0.1671     0.1243    678.072   78.95320   -9.00644    31.8354    31.8287 0.0000e+00
     75.000    -1.6171    -1.6177   2.541010   2.540479    389.736     0.1666     0.1252    679.133   78.95320   -9.00644    31.8400    31.8334 0.0000e+00
     76.000    -1.6168    -1.6175   2.541361   2.540825    389.718     0.1669     0.1242    680.192   78.95320   -9.00644    31.8440    31.8374 0.0000e+00
     77.000    -1.6158    -1.6166   2.541811   2.541281    389.026     0.1636     0.1251    681.258   78.95320   -9.00644    31.8485    31.8420 0.0000e+00
     78.000    -1.6127    -1.6135   2.542757   2.542218    388.269     0.1622     0.1244    682.325   78.95320   -9.00644    31.8576    31.8510 0.0000e+00
     79.000    -1.6129    -1.6136   2.542978   2.542441    387.814     0.1659     0.1263    683.393   78.95320   -9.00644    31.8602    31.8537 0.0000e+00
     80.000    -1.6122    -1.6130   2.543365   2.542828    387.907     0.1620     0.1268    684.462   78.95320   -9.00644    31.8642    31.8577 0.0000e+00
     81.000    -1.6119    -1.6126   2.543930   2.543399    387.368     0.1613     0.1252    685.534   78.95320   -9.00644    31.8711    31.8646 0.0000e+00
     82.000    -1.6117    -1.6123   2.544455   2.543922    387.921     0.1637     0.1242    686.607   78.95320   -9.00646    31.8775    31.8708 0.0000e+00
     83.000    -1.6112    -1.6120   2.545122   2.544582    388.410     0.1694     0.1248    687.680   78.95320   -9.00646    31.8855    31.8790 0.0000e+00
     84.000    -1.6101    -1.6108   2.545714   2.545176    387.744     0.1628     0.1254    688.754   78.95320   -9.00646    31.8919    31.8853 0.0000e+00
     85.000    -1.6088    -1.6096   2.546249   2.545703    387.225     0.1652     0.1253    689.822   78.95320   -9.00646    31.8973    31.8906 0.0000e+00
     86.000    -1.6077    -1.6085   2.546742   2.546200    386.843     0.1645     0.1259    690.890   78.95320   -9.00646    31.9023    31.8957 0.0000e+00
     87.000    -1.6063    -1.6070   2.547261   2.546728    386.056     0.1627     0.1265    691.958   78.95320   -9.00646    31.9073    31.9008 0.0000e+00
     88.000    -1.6040    -1.6048   2.548017   2.547482    385.589     0.1656     0.1249    693.030   78.95320   -9.00646    31.9147    31.9082 0.0000e+00
     89.000    -1.6023    -1.6031   2.548440   2.547901    385.792     0.1617     0.1227    694.106   78.95320   -9.00646    31.9181    31.9114 0.0000e+00
     90.000    -1.6003    -1.6010   2.549046   2.548506    385.694     0.1615     0.1239    695.186   78.95320   -9.00646    31.9237    31.9169 0.0000e+00
     91.000    -1.6034    -1.6041   2.549704   2.549126    385.725     0.1636     0.1245    696.264   78.95320   -9.00646    31.9354    31.9282 0.0000e+00
     92.000    -1.5978    -1.5987   2.551623   2.551071    385.798     0.1666     0.1267    697.345   78.95320   -9.00646    31.9553    31.9486 0.0000e+00
     93.000    -1.6022    -1.6027   2.551952   2.551425    385.723     0.1646     0.1269    698.434   78.95320   -9.00646    31.9638    31.9571 0.0000e+00
     94.000    -1.5982    -1.5993   2.553406   2.552814    385.340     0.1640     0.1254    699.518   78.95320   -9.00646    31.9790    31.9720 0.0000e+00
     95.000    -1.5896    -1.5906   2.555645   2.555064    384.298     0.1667     0.1253    700.608   78.95320   -9.00646    31.9999    31.9930 0.0000e+00
     96.000    -1.5865    -1.5872   2.556614   2.556065    383.918     0.1663     0.1253    701.699   78.95320   -9.00646    32.0094    32.0026 0.0000e+00
     97.000    -1.5847    -1.5856   2.558050   2.557478    383.251     0.1654     0.1265    702.794   78.95320   -9.00646    32.0266    32.0196 0.0000e+00
     98.000    -1.5832    -1.5840   2.559544   2.558986    382.578     0.1665     0.1269    703.893   78.95320   -9.00646    32.0449    32.0381 0.0000e+00
     99.000    -1.5832    -1.5839   2.561180   2.560638    382.500     0.1659     0.1258    704.987   78.95320   -9.00646    32.0668    32.0601 0.0000e+00
    100.000    -1.5797    -1.5808   2.562723   2.562144    381.845     0.1677     0.1270    706.084   78.95320   -9.00646    32.0836    32.0769 0.0000e+00
    101.000    -1.5620    -1.5634   2.566180   2.565561    380.626     0.1688     0.1270    707.179   78.95320   -9.00646    32.1115    32.1045 0.0000e+00
    102.000    -1.5520    -1.5532   2.568913   2.568279    380.368     0.1656     0.1269    708.280   78.95320   -9.00646    32.1377    32.1303 0.0000e+00
    103.000    -1.5484    -1.5495   2.572807   2.572133    380.320     0.1660     0.1269    709.374   78.95320   -9.00646    32.1868    32.1787 0.0000e+00
