test_project/cnv_input/006_bin.cnv
* Sea-Bird SBE 9 Data File:
* FileName = C:\Documents and Settings\ctd\Desktop\FS2022\data\006.hex
* Software Version Seasave V 7.21b
* Temperature SN = 2400
* Conductivity SN = 3447
* Number of Bytes Per Scan = 48
* Number of Voltage Words = 5
* Number of Scans Averaged by the Deck Unit = 1
* NMEA Latitude = 78 57.19 N
* NMEA Longitude = 009 00.46 W
* NMEA UTC (Time) = Sep 13 2022  04:02:12
* NMEA baud rate = 4800
** Cruise: FS 2022
** Ship: Silver Arctic
** Station (File Number):  006
** Latitude:
** Longitude:
** Echodepth (m):
** Seastate:
# nquan = 14
# nvalues = 265                         
# units = specified
# name 0 = prDM: Pressure, Digiquartz [db]
# name 1 = t090C: Temperature [ITS-90, deg C]
# name 2 = t190C: Temperature, 2 [ITS-90, deg C]
# name 3 = c0S/m: Conductivity [S/m]
# name 4 = c1S/m: Conductivity, 2 [S/m]
# name 5 = sbox0Mm/Kg: Oxygen, SBE 43 [umol/kg]
# name 6 = wetCDOM: Fluorescence, WET Labs CDOM [mg/m^3]
# name 7 = wetCDOM1: Fluorescence, WET Labs CDOM, 2 [mg/m^3]
# name 8 = timeS: Time, Elapsed [seconds]
# name 9 = latitude: Latitude [deg]
# name 10 = longitude: Longitude [deg]
# name 11 = sal00: Salinity, Practical [PSU]
# name 12 = sal11: Salinity, Practical, 2 [PSU]
# name 13 = flag: flag
# span 0 =      1.000,    265.000       
# span 1 =    -1.6171,     0.2182       
# span 2 =    -1.6177,     0.2228       
# span 3 =   2.407619,   2.898073       
# span 4 =   2.407109,   2.898042       
# span 5 =    293.245,    406.461       
# span 6 =     0.1303,     0.1697       
# span 7 =     0.1097,     0.1277       
# span 8 =    578.218,    984.436       
# span 9 =   78.95310,   78.95320       
# span 10 =   -9.00662,   -9.00644      
# span 11 =    30.0033,    34.5176      
# span 12 =    29.9961,    34.5121      
# span 13 = 0.0000e+00, 0.0000e+00      
# interval = decibars: 1                
# start_time = Sep 13 2022 04:02:12 [NMEA time, first data scan]
# bad_flag = -9.990e-29
*END*
[from data line 104]
    105.000    -1.5180    -1.5198   2.583103   2.582359    377.114     0.1693     0.1246    711.575   78.95320   -9.00646    32.2942    32.2859 0.0000e+00
    106.000    -1.4894    -1.4906   2.591076   2.590496    375.103     0.1656     0.1261    712.686   78.95320   -9.00646    32.3721    32.3654 0.0000e+00
    107.000    -1.4735    -1.4751   2.595600   2.594918    373.676     0.1689     0.1277    713.795   78.95320   -9.00646    32.4164    32.4088 0.0000e+00
    108.000    -1.4589    -1.4600   2.599818   2.599213    371.904     0.1690     0.1274    714.899   78.95320   -9.00646    32.4578    32.4506 0.0000e+00
    109.000    -1.4496    -1.4506   2.602478   2.601935    370.173     0.1691     0.1274    716.009   78.95320   -9.00646    32.4836    32.4772 0.0000e+00
    110.000    -1.4313    -1.4319   2.608234   2.607729    368.357     0.1685     0.1276    717.112   78.95320   -9.00646    32.5420    32.5358 0.0000e+00
    111.000    -1.4151    -1.4167   2.612992   2.612301    367.147     0.1657     0.1270    718.216   78.95320   -9.00646    32.5891    32.5813 0.0000e+00
    112.000    -1.4069    -1.4078   2.615395   2.614808    365.857     0.1639     0.1260    719.325   78.95320   -9.00646    32.6124    32.6054 0.0000e+00
    113.000    -1.3955    -1.3975   2.621026   2.620043    363.479     0.1616     0.1246    720.427   78.95320   -9.00646    32.6766    32.6653 0.0000e+00
    114.000    -1.3775    -1.3794   2.626826   2.626001    361.144     0.1638     0.1252    721.525   78.95320   -9.00646    32.7358    32.7266 0.0000e+00
    115.000    -1.3406    -1.3449   2.635480   2.634308    359.533     0.1680     0.1258    722.619   78.95320   -9.00646    32.8133    32.8019 0.0000e+00
    116.000    -1.3107    -1.3126   2.641966   2.641242    358.857     0.1697     0.1271    723.713   78.95320   -9.00646    32.8686    32.8608 0.0000e+00
    117.000    -1.3054    -1.3059   2.644681   2.644063    358.105     0.1669     0.1275    724.814   78.95320   -9.00646    32.8993    32.8915 0.0000e+00
    118.000    -1.3110    -1.3119   2.646425   2.645770    356.521     0.1664     0.1267    725.914   78.95320   -9.00646    32.9288    32.9208 0.0000e+00
    119.000    -1.2800    -1.2839   2.652616   2.651590    353.678     0.1625     0.1253    727.013   78.95320   -9.00646    32.9788    32.9690 0.0000e+00
    120.000    -1.2551    -1.2567   2.658963   2.658195    352.248     0.1656     0.1253    728.117   78.95320   -9.00646    33.0376    33.0288 0.0000e+00
    121.000    -1.2609    -1.2617   2.661691   2.660860    351.993     0.1664     0.1253    729.217   78.95320   -9.00646    33.0807    33.0702 0.0000e+00
    122.000    -1.2481    -1.2501   2.665869   2.665046    351.065     0.1645     0.1254    730.302   78.95320   -9.00646    33.1230    33.1140 0.0000e+00
    123.000    -1.2394    -1.2429   2.669947   2.668755    349.158     0.1617     0.1254    731.365   78.95320   -9.00646    33.1685    33.1561 0.0000e+00
    124.000    -1.1883    -1.1930   2.677899   2.676922    347.481     0.1628     0.1266    732.422   78.95320   -9.00646    33.2200    33.2119 0.0000e+00
    125.000    -1.2002    -1.1993   2.680462   2.679696    347.559     0.1623     0.1249    733.481   78.95320   -9.00646    33.2677    33.2561 0.0000e+00
    126.000    -1.2002    -1.2016   2.683555   2.682675    347.183     0.1622     0.1225    734.540   78.95320   -9.00646    33.3093    33.2989 0.0000e+00
    127.000    -1.1808    -1.1830   2.687103   2.686399    345.476     0.1635     0.1226    735.599   78.95320   -9.00646    33.3356    33.3285 0.0000e+00
    128.000    -1.1638    -1.1685   2.689797   2.688774    343.948     0.1636     0.1236    736.659   78.95320   -9.00646    33.3528    33.3441 0.0000e+00
    129.000    -1.1356    -1.1376   2.695929   2.694867    342.919     0.1621     0.1242    737.715   78.95320   -9.00646    33.4046    33.3923 0.0000e+00
    130.000    -1.1341    -1.1351   2.698366   2.697658    342.792     0.1590     0.1235    738.768   78.95320   -9.00646    33.4356    33.4270 0.0000e+00
    131.000    -1.1356    -1.1363   2.699187   2.698618    342.438     0.1567     0.1229    739.821   78.95320   -9.00646    33.4478    33.4408 0.0000e+00
    132.000    -1.1431    -1.1451   2.700867   2.700088    341.700     0.1577     0.1232    740.884   78.95320   -9.00646    33.4785    33.4701 0.0000e+00
    133.000    -1.1337    -1.1350   2.703474   2.702647    340.872     0.1579     0.1236    741.934   78.95320   -9.00646    33.5029    33.4932 0.0000e+00
    134.000    -1.2019    -1.1929   2.701447   2.701219    341.319     0.1566     0.1216    742.995   78.95320   -9.00646    33.5510    33.5377 0.0000e+00
    135.000    -1.1321    -1.1450   2.709413   2.707722    339.820     0.1574     0.1216    744.059   78.95320   -9.00646    33.5810    33.5724 0.0000e+00
    136.000    -1.0811    -1.0833   2.715980   2.715096    338.929     0.1570     0.1191    745.118   78.95320   -9.00646    33.6129    33.6034 0.0000e+00
    137.000    -1.2018    -1.1901   2.707984   2.708211    342.406     0.1554     0.1190    746.188   78.95320   -9.00646    33.6384    33.6284 0.0000e+00
    138.000    -1.2335    -1.2330   2.707129   2.706511    342.241     0.1561     0.1203    747.257   78.95320   -9.00646    33.6617    33.6526 0.0000e+00
    139.000    -1.2168    -1.2191   2.710753   2.709948    339.256     0.1539     0.1202    748.321   78.95320   -9.00646    33.6920    33.6835 0.0000e+00
    140.000    -1.2217    -1.2218   2.711564   2.711038    340.389     0.1512     0.1185    749.373   78.95320   -9.00646    33.7080    33.7008 0.0000e+00
    141.000    -1.2219    -1.2240   2.712670   2.711984    343.044     0.1508     0.1188    750.423   78.95320   -9.00646    33.7227    33.7156 0.0000e+00
    142.000    -1.1980    -1.2012   2.715423   2.714669    344.266     0.1513     0.1185    751.470   78.95320   -9.00646    33.7329    33.7262 0.0000e+00
    143.000    -1.1853    -1.1872   2.717105   2.716469    345.410     0.1491     0.1183    752.518   78.95320   -9.00646    33.7410    33.7344 0.0000e+00
    144.000    -1.1965    -1.1937   2.716441   2.716223    345.503     0.1489     0.1186    753.569   78.95320   -9.00646    33.7438    33.7377 0.0000e+00
    145.000    -1.2073    -1.2069   2.715648   2.715228    344.518     0.1477     0.1181    754.619   78.95320   -9.00646    33.7445    33.7383 0.0000e+00
    146.000    -1.1990    -1.2036   2.717566   2.716618    342.611     0.1474     0.1179    755.669   78.95320   -9.00646    33.7608    33.7531 0.0000e+00
    147.000    -1.1600    -1.1626   2.721992   2.721271    341.778     0.1491     0.1175    756.725   78.95320   -9.00646    33.7768    33.7699 0.0000e+00
    148.000    -1.1516    -1.1539   2.723677   2.722989    343.172     0.1487     0.1155    757.778   78.95320   -9.00646    33.7899    33.7830 0.0000e+00
    149.000    -1.1289    -1.1341   2.726370   2.725444    343.140     0.1453     0.1171    758.831   78.95320   -9.00646    33.8004    33.7936 0.0000e+00
    150.000    -1.0375    -1.0483   2.735413   2.734073    341.426     0.1455     0.1177    759.889   78.95320   -9.00646    33.8202    33.8142 0.0000e+00
    151.000    -0.9718    -0.9762   2.742673   2.741839    340.327     0.1492     0.1173    760.947   78.95320   -9.00646    33.8446    33.8382 0.0000e+00
    152.000    -0.9421    -0.9459   2.746313   2.745537    340.697     0.1504     0.1180    762.010   78.95320   -9.00648    33.8600    33.8538 0.0000e+00
    153.000    -0.9188    -0.9212   2.749525   2.748857    338.418     0.1490     0.1174    763.067   78.95320   -9.00648    33.8769    33.8705 0.0000e+00
    154.000    -0.8791    -0.8836   2.755035   2.754138    334.627     0.1463     0.1172    764.123   78.95320   -9.00648    33.9064    33.8992 0.0000e+00
    155.000    -0.8444    -0.8483   2.759401   2.758612    331.970     0.1478     0.1172    765.178   78.95320   -9.00648    33.9259    33.9197 0.0000e+00
    156.000    -0.8137    -0.8162   2.763245   2.762606    330.507     0.1460     0.1162    766.232   78.95320   -9.00648    33.9429    33.9370 0.0000e+00
    157.000    -0.7972    -0.7997   2.765465   2.764817    329.240     0.1465     0.1161    767.280   78.95320   -9.00648    33.9538    33.9479 0.0000e+00
    158.000    -0.7742    -0.7765   2.768220   2.767607    327.764     0.1467     0.1172    768.331   78.95320   -9.00648    33.9646    33.9589 0.0000e+00
    159.000    -0.7528    -0.7553   2.771134   2.770475    326.431     0.1468     0.1174    769.380   78.95320   -9.00648    33.9793    33.9732 0.0000e+00
    160.000    -0.7089    -0.7120   2.777212   2.776467    324.812     0.1483     0.1176    770.426   78.95320   -9.00648    34.0114    34.0049 0.0000e+00
    161.000    -0.6833    -0.6850   2.780369   2.779852    323.674     0.1430     0.1155    771.480   78.95320   -9.00648    34.0247    34.0196 0.0000e+00
    162.000    -0.6421    -0.6435   2.785407   2.784995    323.242     0.1383     0.1170    772.535   78.95320   -9.00648    34.0457    34.0416 0.0000e+00
    163.000    -0.5773    -0.5792   2.793101   2.792631    321.989     0.1416     0.1155    773.589   78.95320   -9.00648    34.0759    34.0716 0.0000e+00
    164.000    -0.5294    -0.5300   2.798849   2.798486    321.052     0.1475     0.1145    774.642   78.95320   -9.00648    34.0987    34.0944 0.0000e+00
    165.000    -0.4950    -0.4964   2.802963   2.802522    320.241     0.1473     0.1153    775.694   78.95320   -9.00648    34.1147    34.1104 0.0000e+00
    166.000    -0.4700    -0.4717   2.805913   2.805414    318.716     0.1418     0.1146    776.748   78.95320   -9.00648    34.1255    34.1207 0.0000e+00
    167.000    -0.4533    -0.4547   2.807979   2.807489    317.467     0.1438     0.1143    777.804   78.95320   -9.00648    34.1339    34.1289 0.0000e+00
    168.000    -0.4199    -0.4211   2.812206   2.811815    316.074     0.1417     0.1134    778.859   78.95320   -9.00648    34.1524    34.1485 0.0000e+00
    169.000    -0.3815    -0.3825   2.817175   2.816732    314.312     0.1404     0.1130    779.911   78.95320   -9.00648    34.1752    34.1703 0.0000e+00
    170.000    -0.3733    -0.3744   2.818294   2.817847    313.631     0.1374     0.1128    780.960   78.95320   -9.00648    34.1803    34.1756 0.0000e+00
    171.000    -0.3644    -0.3657   2.819569   2.819069    312.944     0.1375     0.1134    782.011   78.95320   -9.00648    34.1868    34.1816 0.0000e+00
    172.000    -0.3518    -0.3533   2.821422   2.820926    312.022     0.1424     0.1144    783.072   78.95320   -9.00648    34.1968    34.1918 0.0000e+00
    173.000    -0.3454    -0.3461   2.822386   2.821945    311.854     0.1432     0.1141    784.139   78.95320   -9.00648    34.2018    34.1967 0.0000e+00
    174.000    -0.3447    -0.3455   2.822502   2.822061    311.834     0.1421     0.1108    785.205   78.95320   -9.00648    34.2020    34.1970 0.0000e+00
    175.000    -0.3433    -0.3445   2.822741   2.822231    311.438     0.1393     0.1119    786.272   78.95320   -9.00648    34.2031    34.1975 0.0000e+00
    176.000    -0.3350    -0.3363   2.823934   2.823440    310.695     0.1392     0.1128    787.345   78.95320   -9.00648    34.2091    34.2039 0.0000e+00
    177.000    -0.3276    -0.3286   2.824989   2.824531    310.341     0.1394     0.1118    788.420   78.95320   -9.00648    34.2142    34.2093 0.0000e+00
    178.000    -0.3058    -0.3065   2.827849   2.827433    310.417     0.1380     0.1128    789.499   78.95320   -9.00648    34.2273    34.2226 0.0000e+00
    179.000    -0.2887    -0.2892   2.830224   2.829829    310.022     0.1396     0.1141    790.578   78.95320   -9.00648    34.2393    34.2346 0.0000e+00
    180.000    -0.2757    -0.2767   2.832085   2.831636    310.424     0.1390     0.1131    791.652   78.95320   -9.00648    34.2489    34.2440 0.0000e+00
    181.000    -0.2607    -0.2617   2.834245   2.833798    310.580     0.1410     0.1137    792.727   78.95320   -9.00648    34.2603    34.2554 0.0000e+00
    182.000    -0.2491    -0.2504   2.835843   2.835355    310.139     0.1420     0.1123    793.794   78.95320   -9.00648    34.2679    34.2628 0.0000e+00
    183.000    -0.2409    -0.2420   2.836992   2.836525    309.481     0.1366     0.1118    794.839   78.95320   -9.00648    34.2734    34.2684 0.0000e+00
    184.000    -0.2148    -0.2167   2.840447   2.839927    309.058     0.1379     0.1131    795.864   78.95320   -9.00648    34.2895    34.2847 0.0000e+00
    185.000    -0.2014    -0.2029   2.842195   2.841685    308.667     0.1433     0.1141    796.873   78.95320   -9.00648    34.2971    34.2920 0.0000e+00
    186.000    -0.1931    -0.1948   2.843300   2.842747    308.389     0.1436     0.1141    797.877   78.95320   -9.00648    34.3019    34.2965 0.0000e+00
    187.000    -0.1832    -0.1847   2.844585   2.844072    307.407     0.1380     0.1140    798.879   78.95320   -9.00648    34.3073    34.3021 0.0000e+00
    188.000    -0.1694    -0.1710   2.846519   2.845998    306.762     0.1422     0.1128    799.881   78.95320   -9.00648    34.3170    34.3118 0.0000e+00
    189.000    -0.1605    -0.1618   2.847743   2.847258    306.772     0.1380     0.1119    800.880   78.95320   -9.00648    34.3226    34.3176 0.0000e+00
    190.000    -0.1461    -0.1475   2.849594   2.849098    306.579     0.1364     0.1116    801.888   78.95320   -9.00648    34.3305    34.3254 0.0000e+00
    191.000    -0.1365    -0.1376   2.850883   2.850407    306.280     0.1341     0.1118    802.896   78.95320   -9.00648    34.3362    34.3311 0.0000e+00
    192.000    -0.1291    -0.1300   2.851912   2.851457    305.721     0.1370     0.1119    803.906   78.95320   -9.00648    34.3409    34.3359 0.0000e+00
    193.000    -0.1199    -0.1216   2.853093   2.852556    305.181     0.1416     0.1117    804.911   78.95320   -9.00648    34.3457    34.3405 0.0000e+00
    194.000    -0.1069    -0.1087   2.854784   2.854215    304.724     0.1370     0.1126    805.917   78.95320   -9.00648    34.3529    34.3474 0.0000e+00
    195.000    -0.0944    -0.0975   2.856430   2.855738    304.565     0.1336     0.1133    806.926   78.95320   -9.00648    34.3602    34.3544 0.0000e+00
    196.000    -0.0887    -0.0902   2.857188   2.856679    304.523     0.1412     0.1108    807.931   78.95320   -9.00648    34.3632    34.3581 0.0000e+00
    197.000    -0.0849    -0.0859   2.857733   2.857262    304.350     0.1387     0.1125    808.934   78.95320   -9.00648    34.3656    34.3605 0.0000e+00
    198.000    -0.0738    -0.0747   2.859146   2.858716    304.328     0.1365     0.1108    809.939   78.95320   -9.00648    34.3713    34.3666 0.0000e+00
    199.000    -0.0697    -0.0703   2.859727   2.859313    304.625     0.1368     0.1117    810.949   78.95320   -9.00648    34.3737    34.3690 0.0000e+00
    200.000    -0.0599    -0.0603   2.861007   2.860623    304.293     0.1399     0.1109    811.949   78.95320   -9.00648    34.3791    34.3745 0.0000e+00
    201.000    -0.0535    -0.0540   2.861857   2.861460    304.285     0.1401     0.1111    812.956   78.95320   -9.00648    34.3826    34.3779 0.0000e+00
    202.000    -0.0469    -0.0473   2.862716   2.862327    303.956     0.1383     0.1122    813.963   78.95320   -9.00648    34.3860    34.3813 0.0000e+00
    203.000    -0.0392    -0.0393   2.863710   2.863354    303.980     0.1372     0.1124    814.965   78.95320   -9.00648    34.3900    34.3853 0.0000e+00
    204.000    -0.0310    -0.0317   2.864750   2.864336    303.620     0.1353     0.1118    815.967   78.95320   -9.00648    34.3939    34.3893 0.0000e+00
    205.000    -0.0238    -0.0246   2.865697   2.865267    302.628     0.1381     0.1119    816.970   78.95320   -9.00648    34.3978    34.3930 0.0000e+00
    206.000    -0.0156    -0.0159   2.866739   2.866377    302.479     0.1382     0.1127    817.975   78.95320   -9.00648    34.4018    34.3973 0.0000e+00
