test_project/cnv_input/007_bin.cnv
* Sea-Bird SBE 9 Data File:
* FileName = C:\Documents and Settings\ctd\Desktop\FS2022\data\007.hex
* Software Version Seasave V 7.21b
* Temperature SN = 2400
* Conductivity SN = 3447
* Number of Bytes Per Scan = 48
* Number of Voltage Words = 5
* Number of Scans Averaged by the Deck Unit = 1
* NMEA Latitude = 78 54.48 N
* NMEA Longitude = 008 02.19 W
* NMEA UTC (Time) = Sep 13 2022  06:16:24
* NMEA baud rate = 4800
** Cruise: FS 2022
** Ship: Silver Arctic
** Station (File Number):  007
** Latitude:
** Longitude:
** Echodepth (m):
** Seastate:
# nquan = 14
# nvalues = 158                         
# units = specified
# name 0 = prDM: Pressure, Digiquartz [db]
# name 1 = t090C: Temperature [ITS-90, deg C]
# name 2 = t190C: Temperature, 2 [ITS-90, deg C]
# name 3 = c0S/m: Conductivity [S/m]
# name 4 = c1S/m: Conductivity, 2 [S/m]
# name 5 = sbox0Mm/Kg: Oxygen, SBE 43 [umol/kg]
# name 6 = wetCDOM: Fluorescence, WET Labs CDOM [mg/m^3]
# name 7 = wetCDOM1: Fluorescence, WET Labs CDOM, 2 [mg/m^3]
# name 8 = timeS: Time, Elapsed [seconds]
# name 9 = latitude: Latitude [deg]
# name 10 = longitude: Longitude [deg]
# name 11 = sal00: Salinity, Practical [PSU]
# name 12 = sal11: Salinity, Practical, 2 [PSU]
# name 13 = flag: flag
# span 0 =     15.000,    174.000       
# span 1 =    -1.5966,    -0.1781       
# span 2 =    -1.5979,    -0.1805       
# span 3 =   0.001276,   2.842992       
# span 4 =   2.450543,   2.842449       
# span 5 =    274.719,    412.097       
# span 6 =     0.1409,     0.1743       
# span 7 =     0.1122,     0.1277       
# span 8 =    107.833,   1300.427       
# span 9 =   78.90762,   78.99931       
# span 10 =   -8.04860,   -8.03680      
# span 11 =     0.0077,    34.2840      
# span 12 =    30.5372,    34.2795      
# span 13 = 0.0000e+00, 0.0000e+00      
# interval = decibars: 1                
# start_time = Sep 13 2022 06:16:24 [NMEA time, first data scan]
# bad_flag = -9.990e-29
*END*
[from data line 104]
    119.000    -1.1600    -1.1651   2.674794   2.673624    345.983     0.1648     0.1242   1191.361   78.90762   -8.03831    33.1493    33.1390 0.0000e+00
    120.000    -1.1176    -1.1256   2.682548   2.681167    344.721     0.1623     0.1241   1192.454   78.90762   -8.03832    33.2076    33.1976 0.0000e+00
    121.000    -1.0968    -1.1010   2.685972   2.684942    344.259     0.1607     0.1236   1193.542   78.90762   -8.03833    33.2306    33.2212 0.0000e+00
    122.000    -1.0706    -1.0771   2.691913   2.690529    344.459     0.1621     0.1222   1194.637   78.90762   -8.03834    33.2819    33.2702 0.0000e+00
    123.000    -1.0524    -1.0550   2.696552   2.695709    343.690     0.1641     0.1202   1195.723   78.90762   -8.03836    33.3243    33.3157 0.0000e+00
    124.000    -1.0490    -1.0511   2.698039   2.697370    342.051     0.1599     0.1205   1196.812   78.90762   -8.03838    33.3401    33.3334 0.0000e+00
    125.000    -1.0427    -1.0450   2.699972   2.699190    339.518     0.1615     0.1204   1197.899   78.90762   -8.03838    33.3588    33.3507 0.0000e+00
    126.000    -1.0362    -1.0382   2.704137   2.703218    337.642     0.1640     0.1226   1198.987   78.90762   -8.03840    33.4077    33.3974 0.0000e+00
    127.000    -1.0259    -1.0294   2.707787   2.706894    336.926     0.1640     0.1227   1200.082   78.90762   -8.03840    33.4453    33.4370 0.0000e+00
    128.000    -1.0157    -1.0180   2.709632   2.709008    337.055     0.1630     0.1216   1201.181   78.90762   -8.03842    33.4584    33.4524 0.0000e+00
    129.000    -1.0025    -1.0063   2.713087   2.712152    336.280     0.1594     0.1218   1202.282   78.90762   -8.03843    33.4901    33.4816 0.0000e+00
    130.000    -0.9792    -0.9823   2.717111   2.716415    335.166     0.1592     0.1217   1203.371   78.90762   -8.03844    33.5182    33.5122 0.0000e+00
    131.000    -0.9697    -0.9721   2.718975   2.718354    335.573     0.1580     0.1196   1204.464   78.90762   -8.03845    33.5323    33.5266 0.0000e+00
    132.000    -0.9498    -0.9567   2.723003   2.721652    335.498     0.1562     0.1197   1205.553   78.90762   -8.03846    33.5643    33.5536 0.0000e+00
    133.000    -0.9078    -0.9138   2.730461   2.729275    334.148     0.1551     0.1195   1206.641   78.90762   -8.03848    33.6181    33.6087 0.0000e+00
    134.000    -0.8686    -0.8767   2.735942   2.734804    333.227     0.1549     0.1207   1207.729   78.90762   -8.03850    33.6480    33.6416 0.0000e+00
    135.000    -0.8132    -0.8201   2.745112   2.743775    331.952     0.1560     0.1191   1208.813   78.90762   -8.03850    33.7097    33.6993 0.0000e+00
    136.000    -0.7895    -0.7922   2.750851   2.750162    330.624     0.1539     0.1177   1209.893   78.90762   -8.03852    33.7603    33.7539 0.0000e+00
    137.000    -0.7783    -0.7807   2.753671   2.753042    329.166     0.1518     0.1186   1210.975   78.90762   -8.03852    33.7852    33.7794 0.0000e+00
    138.000    -0.7674    -0.7706   2.755687   2.754986    327.526     0.1526     0.1192   1212.054   78.90762   -8.03854    33.7996    33.7939 0.0000e+00
    139.000    -0.7329    -0.7389   2.760845   2.759800    325.531     0.1545     0.1185   1213.134   78.90762   -8.03855    33.8302    33.8228 0.0000e+00
    140.000    -0.7078    -0.7128   2.764455   2.763631    324.702     0.1522     0.1167   1214.210   78.90762   -8.03856    33.8502    33.8447 0.0000e+00
    141.000    -0.6850    -0.6897   2.767329   2.766542    324.112     0.1497     0.1159   1215.291   78.90762   -8.03857    33.8629    33.8575 0.0000e+00
    142.000    -0.6677    -0.6711   2.770059   2.769342    323.121     0.1501     0.1174   1216.364   78.90762   -8.03859    33.8797    33.8739 0.0000e+00
    143.000    -0.6560    -0.6596   2.772427   2.771687    322.582     0.1526     0.1173   1217.443   78.90762   -8.03860    33.8979    33.8920 0.0000e+00
    144.000    -0.6419    -0.6451   2.774972   2.774236    321.784     0.1538     0.1177   1218.526   78.90762   -8.03861    33.9158    33.9095 0.0000e+00
    145.000    -0.5950    -0.6028   2.781026   2.779996    321.142     0.1504     0.1172   1219.608   78.90762   -8.03862    33.9441    33.9390 0.0000e+00
    146.000    -0.5455    -0.5511   2.787478   2.786520    321.113     0.1500     0.1170   1220.685   78.90762   -8.03864    33.9748    33.9683 0.0000e+00
    147.000    -0.5299    -0.5337   2.789573   2.788938    321.728     0.1510     0.1153   1221.758   78.90762   -8.03864    33.9849    33.9806 0.0000e+00
    148.000    -0.5039    -0.5079   2.792777   2.792034    321.136     0.1504     0.1141   1222.837   78.90762   -8.03866    33.9982    33.9928 0.0000e+00
    149.000    -0.5014    -0.5039   2.794377   2.793753    319.874     0.1480     0.1151   1223.911   78.90762   -8.03866    34.0162    34.0107 0.0000e+00
    150.000    -0.4703    -0.4740   2.798715   2.798058    317.365     0.1471     0.1167   1224.981   78.90762   -8.03868    34.0390    34.0344 0.0000e+00
    151.000    -0.4540    -0.4568   2.800766   2.800188    315.907     0.1496     0.1158   1226.052   78.90762   -8.03868    34.0477    34.0430 0.0000e+00
    152.000    -0.4475    -0.4498   2.801826   2.801284    315.064     0.1454     0.1153   1227.113   78.90762   -8.03869    34.0540    34.0493 0.0000e+00
    153.000    -0.4388    -0.4415   2.803026   2.802476    314.334     0.1449     0.1147   1228.166   78.90762   -8.03870    34.0597    34.0554 0.0000e+00
    154.000    -0.4254    -0.4281   2.804746   2.804173    314.102     0.1464     0.1141   1229.225   78.90762   -8.03871    34.0671    34.0625 0.0000e+00
    155.000    -0.4126    -0.4163   2.806472   2.805813    314.127     0.1457     0.1146   1230.287   78.90762   -8.03872    34.0753    34.0706 0.0000e+00
    156.000    -0.3948    -0.3982   2.808989   2.808297    313.961     0.1467     0.1148   1231.350   78.90762   -8.03873    34.0884    34.0830 0.0000e+00
    157.000    -0.3836    -0.3855   2.810645   2.810182    313.459     0.1476     0.1136   1232.411   78.90762   -8.03874    34.0975    34.0933 0.0000e+00
    158.000    -0.3737    -0.3765   2.811957   2.811394    312.652     0.1444     0.1136   1233.542   78.90762   -8.03875    34.1032    34.0988 0.0000e+00
    159.000    -0.3680    -0.3701   2.812779   2.812301    311.535     0.1435     0.1147   1234.836   78.90762   -8.03876    34.1072    34.1032 0.0000e+00
    160.000    -0.3526    -0.3572   2.814879   2.814106    310.371     0.1478     0.1133   1236.323   78.90762   -8.03878    34.1175    34.1123 0.0000e+00
    161.000    -0.3176    -0.3206   2.819592   2.819106    309.911     0.1437     0.1140   1238.123   78.90762   -8.03880    34.1406    34.1375 0.0000e+00
    162.000    -0.3012    -0.3034   2.822039   2.821543    310.057     0.1481     0.1142   1240.040   78.90762   -8.03881    34.1543    34.1502 0.0000e+00
    163.000    -0.2902    -0.2930   2.823594   2.823013    308.946     0.1462     0.1130   1241.975   78.90762   -8.03883    34.1621    34.1575 0.0000e+00
    164.000    -0.2667    -0.2717   2.826862   2.826011    308.265     0.1412     0.1133   1243.909   78.90762   -8.03885    34.1788    34.1730 0.0000e+00
    165.000    -0.2327    -0.2379   2.831630   2.830759    307.538     0.1433     0.1142   1245.854   78.90762   -8.03887    34.2037    34.1979 0.0000e+00
    166.000    -0.2227    -0.2259   2.833111   2.832484    307.883     0.1436     0.1138   1247.807   78.90762   -8.03888    34.2115    34.2067 0.0000e+00
    167.000    -0.2123    -0.2154   2.834601   2.833987    305.433     0.1409     0.1136   1249.768   78.90762   -8.03890    34.2191    34.2144 0.0000e+00
    168.000    -0.2035    -0.2059   2.835873   2.835342    304.541     0.1454     0.1136   1251.762   78.90762   -8.03892    34.2256    34.2212 0.0000e+00
    169.000    -0.2010    -0.2029   2.836263   2.835789    305.537     0.1416     0.1122   1253.769   78.90762   -8.03893    34.2274    34.2232 0.0000e+00
    170.000    -0.1969    -0.1990   2.836855   2.836334    305.493     0.1453     0.1127   1255.883   78.90762   -8.03896    34.2300    34.2255 0.0000e+00
    171.000    -0.1886    -0.1905   2.837479   2.837526    304.792     0.1414     0.1127   1258.341   78.90762   -8.03898    34.2285    34.2312 0.0000e+00
    174.000    -0.1781    -0.1805   2.842992   2.842449    303.054     0.1445     0.1123   1300.427   78.99931   -8.04860    34.2840    34.2795 0.0000e+00
