test_project/cnv_input/007_bin.cnv
* Sea-Bird SBE 9 Data File:
* FileName = C:\Documents and Settings\ctd\Desktop\FS2022\data\007.hex
* Software Version Seasave V 7.21b
* Temperature SN = 2400
* Conductivity SN = 3447
* Number of Bytes Per Scan = 48
* Number of Voltage Words = 5
* Number of Scans Averaged by the Deck Unit = 1
* NMEA Latitude = 78 54.48 N
* NMEA Longitude = 008 02.19 W
* NMEA UTC (Time) = Sep 13 2022  06:16:24
* NMEA baud rate = 4800
** Cruise: FS 2022
** Ship: Silver Arctic
** Station (File Number):  007
** Latitude:
** Longitude:
** Echodepth (m):
** Seastate:
# nquan = 14
# nvalues = 158                         
# units = specified
# name 0 = prDM: Pressure, Digiquartz [db]
# name 1 = t090C: Temperature [ITS-90, deg C]
# name 2 = t190C: Temperature, 2 [ITS-90, deg C]
# name 3 = c0S/m: Conductivity [S/m]
# name 4 = c1S/m: Conductivity, 2 [S/m]
# name 5 = sbox0Mm/Kg: Oxygen, SBE 43 [umol/kg]
# name 6 = wetCDOM: Fluorescence, WET Labs CDOM [mg/m^3]
# name 7 = wetCDOM1: Fluorescence, WET Labs CDOM, 2 [mg/m^3]
# name 8 = timeS: Time, Elapsed [seconds]
# name 9 = latitude: Latitude [deg]
# name 10 = longitude: Longitude [deg]
# name 11 = sal00: Salinity, Practical [PSU]
# name 12 = sal11: Salinity, Practical, 2 [PSU]
# name 13 = flag: flag
# span 0 =     15.000,    174.000       
# span 1 =    -1.5966,    -0.1781       
# span 2 =    -1.5979,    -0.1805       
# span 3 =   0.001276,   2.842992       
# span 4 =   2.450543,   2.842449       
# span 5 =    274.719,    412.097       
# span 6 =     0.1409,     0.1743       
# span 7 =     0.1122,     0.1277       
# span 8 =    107.833,   1300.427       
# span 9 =   78.90762,   78.99931       
# span 10 =   -8.04860,   -8.03680      
# span 11 =     0.0077,    34.2840      
# span 12 =    30.5372,    34.2795      
# span 13 = 0.0000e+00, 0.0000e+00      
# interval = decibars: 1                
# start_time = Sep 13 2022 06:16:24 [NMEA time, first data scan]
# bad_flag = -9.990e-29
*END*
     15.000    -1.3928    -1.3858   2.256406   2.547331    327.530     0.1505     0.1186    107.833   78.90792   -8.03698    27.7744    31.7158 0.0000e+00
     16.000    -1.3803    -1.3798   2.257788   2.545665    325.795     0.1511     0.1197    109.643   78.90792   -8.03699    27.7808    31.6860 0.0000e+00
     17.000    -1.3736    -1.3713   2.235023   2.544083    324.836     0.1570     0.1202    111.446   78.90792   -8.03700    27.4679    31.6548 0.0000e+00
     18.000    -1.3903    -1.3847   1.320475   2.542447    354.931     0.1588     0.1193    113.241   78.90792   -8.03700    15.5419    31.6460 0.0000e+00
     19.000    -1.3929    -1.3914   0.565122   2.540835    379.996     0.1543     0.1196    115.027   78.90792   -8.03702     6.5561    31.6305 0.0000e+00
     20.000    -1.2898    -1.3975   0.023366   2.539230    412.097     0.1581     0.1201    116.851   78.90792   -8.03702     0.2358    31.6145 0.0000e+00
     21.000    -1.3874    -1.4083   0.008484   2.494987    351.006     0.1581     0.1221    216.597   78.90782   -8.03703     0.0754    31.0210 0.0000e+00
     22.000    -1.4149    -1.4139   0.007946   2.469610    308.557     0.1569     0.1227    276.867   78.90776   -8.03704     0.0695    30.6798 0.0000e+00
     23.000    -1.4198    -1.4185   0.006832   2.469967    312.083     0.1602     0.1218    278.016   78.90776   -8.03702     0.0591    30.6889 0.0000e+00
     24.000    -1.4283    -1.4260   0.004822   2.469604    317.659     0.1590     0.1222    280.329   78.90776   -8.03702     0.0403    30.6911 0.0000e+00
     25.000    -1.4518    -1.4459   0.003871   2.469396    323.486     0.1638     0.1239    282.539   78.90776   -8.03702     0.0315    30.7081 0.0000e+00
     26.000    -1.4687    -1.4693   0.003328   2.469165    329.473     0.1616     0.1230    284.594   78.90776   -8.03701     0.0264    30.7285 0.0000e+00
     27.000    -1.4807    -1.4824   0.003111   2.468800    337.793     0.1594     0.1233    286.673   78.90776   -8.03700     0.0244    30.7365 0.0000e+00
     28.000    -1.4999    -1.4994   0.003725   2.468469    344.967     0.1607     0.1227    288.707   78.90776   -8.03700     0.0301    30.7489 0.0000e+00
     29.000    -1.5051    -1.5051   0.003994   2.468141    348.657     0.1640     0.1228    290.759   78.90776   -8.03700     0.0326    30.7497 0.0000e+00
     30.000    -1.5115    -1.5097   0.003438   2.467887    349.696     0.1620     0.1250    292.842   78.90776   -8.03698     0.0275    30.7505 0.0000e+00
     31.000    -1.5224    -1.5195   0.002182   2.458813    310.668     0.1608     0.1250    377.008   78.90774   -8.03688     0.0160    30.6360 0.0000e+00
     32.000    -1.5360    -1.5340   0.001276   2.450543    274.719     0.1625     0.1244    455.098   78.90772   -8.03680     0.0077    30.5372 0.0000e+00
     33.000    -1.5380    -1.5382   0.001322   2.451086    277.353     0.1620     0.1238    453.287   78.90772   -8.03680     0.0081    30.5483 0.0000e+00
     34.000    -1.5474    -1.5478   0.001851   2.451024    281.377     0.1666     0.1233    455.362   78.90772   -8.03680     0.0129    30.5568 0.0000e+00
     35.000    -1.5553    -1.5554   0.002908   2.450931    287.929     0.1666     0.1231    457.430   78.90772   -8.03680     0.0226    30.5627 0.0000e+00
     36.000    -1.5611    -1.5593   0.012147   2.450866    295.876     0.1640     0.1242    459.504   78.90772   -8.03680     0.1104    30.5653 0.0000e+00
     37.000    -1.5638    -1.5639   0.038329   2.450826    303.261     0.1621     0.1234    461.591   78.90772   -8.03680     0.3686    30.5689 0.0000e+00
     38.000    -1.5680    -1.5677   0.145335   2.450801    307.494     0.1640     0.1240    463.670   78.90772   -8.03680     1.4862    30.5719 0.0000e+00
     39.000    -1.5729    -1.5710   0.339455   2.450730    307.354     0.1647     0.1250    465.750   78.90772   -8.03680     3.6396    30.5737 0.0000e+00
     40.000    -1.5765    -1.5757   0.469580   2.450686    307.247     0.1587     0.1240    467.801   78.90772   -8.03680     5.1434    30.5774 0.0000e+00
     41.000    -1.5797    -1.5786   0.787287   2.450622    300.443     0.1663     0.1242    469.835   78.90772   -8.03680     8.9488    30.5789 0.0000e+00
     42.000    -1.5812    -1.5803   1.079862   2.450736    293.647     0.1687     0.1242    471.871   78.90772   -8.03680    12.5603    30.5816 0.0000e+00
     43.000    -1.5839    -1.5772   1.169351   2.450951    292.199     0.1689     0.1258    473.904   78.90772   -8.03680    13.6860    30.5808 0.0000e+00
     44.000    -1.5882    -1.5810   1.197816   2.450859    292.583     0.1653     0.1254    475.956   78.90772   -8.03680    14.0476    30.5828 0.0000e+00
     45.000    -1.5874    -1.5632   1.219870   2.450937    292.458     0.1661     0.1239    478.014   78.90772   -8.03680    14.3265    30.5651 0.0000e+00
     46.000    -1.5933    -1.5731   1.234312   2.451038    292.003     0.1642     0.1248    480.064   78.90772   -8.03680    14.5123    30.5760 0.0000e+00
     47.000    -1.5866    -1.5502   1.242855   2.451248    291.588     0.1670     0.1267    482.106   78.90772   -8.03680    14.6172    30.5548 0.0000e+00
     48.000    -1.5784    -1.5406   1.242920   2.451309    291.059     0.1638     0.1247    484.128   78.90772   -8.03680    14.6137    30.5452 0.0000e+00
     49.000    -1.5768    -1.5359   1.243005   2.451168    290.787     0.1610     0.1237    486.158   78.90772   -8.03680    14.6136    30.5379 0.0000e+00
     50.000    -1.5771    -1.5285   1.555215   2.471627    315.392     0.1642     0.1241    639.628   78.90770   -8.03700    18.7500    30.8104 0.0000e+00
     51.000    -1.5796    -1.5803   2.533505   2.535646    392.922     0.1641     0.1222   1115.683   78.90762   -8.03764    31.7125    31.7413 0.0000e+00
     52.000    -1.5802    -1.5811   2.536479   2.535996    392.767     0.1643     0.1249   1118.140   78.90762   -8.03764    31.7520    31.7463 0.0000e+00
     53.000    -1.5838    -1.5835   2.536776   2.536288    392.333     0.1655     0.1251   1119.234   78.90762   -8.03765    31.7593    31.7524 0.0000e+00
     54.000    -1.5901    -1.5908   2.537261   2.536711    391.729     0.1663     0.1240   1120.332   78.90762   -8.03766    31.7722    31.7654 0.0000e+00
     55.000    -1.5913    -1.5915   2.537882   2.537365    391.594     0.1662     0.1238   1121.424   78.90762   -8.03766    31.7814    31.7745 0.0000e+00
     56.000    -1.5965    -1.5972   2.538165   2.537652    391.437     0.1662     0.1229   1122.515   78.90762   -8.03767    31.7903    31.7840 0.0000e+00
     57.000    -1.5955    -1.5966   2.538749   2.538211    391.670     0.1698     0.1238   1123.615   78.90762   -8.03768    31.7966    31.7904 0.0000e+00
     58.000    -1.5932    -1.5943   2.539225   2.538731    390.384     0.1686     0.1250   1124.708   78.90762   -8.03768    31.8001    31.7945 0.0000e+00
     59.000    -1.5919    -1.5930   2.539463   2.538987    389.389     0.1677     0.1253   1125.806   78.90762   -8.03770    31.8015    31.7960 0.0000e+00
     60.000    -1.5917    -1.5927   2.539555   2.539088    389.749     0.1676     0.1264   1126.902   78.90762   -8.03770    31.8018    31.7965 0.0000e+00
     61.000    -1.5915    -1.5925   2.539632   2.539176    389.424     0.1676     0.1258   1128.004   78.90762   -8.03772    31.8021    31.7969 0.0000e+00
     62.000    -1.5915    -1.5924   2.539719   2.539265    388.766     0.1677     0.1262   1129.102   78.90762   -8.03772    31.8027    31.7974 0.0000e+00
     63.000    -1.5916    -1.5925   2.539806   2.539352    388.958     0.1679     0.1252   1130.204   78.90762   -8.03773    31.8034    31.7982 0.0000e+00
     64.000    -1.5917    -1.5926   2.539881   2.539428    389.563     0.1710     0.1239   1131.306   78.90762   -8.03774    31.8039    31.7987 0.0000e+00
     65.000    -1.5917    -1.5927   2.539991   2.539540    390.406     0.1720     0.1246   1132.408   78.90762   -8.03774    31.8048    31.7997 0.0000e+00
     66.000    -1.5916    -1.5926   2.540145   2.539654    390.560     0.1681     0.1260   1133.500   78.90762   -8.03775    31.8063    31.8005 0.0000e+00
     67.000    -1.5913    -1.5923   2.540433   2.539926    389.696     0.1656     0.1259   1134.603   78.90762   -8.03776    31.8093    31.8034 0.0000e+00
     68.000    -1.5903    -1.5915   2.541079   2.540522    388.754     0.1671     0.1252   1135.693   78.90762   -8.03778    31.8165    31.8101 0.0000e+00
     69.000    -1.5895    -1.5906   2.541542   2.541048    388.146     0.1637     0.1253   1136.791   78.90762   -8.03778    31.8214    31.8158 0.0000e+00
     70.000    -1.5897    -1.5906   2.541921   2.541450    388.308     0.1677     0.1258   1137.885   78.90762   -8.03778    31.8263    31.8207 0.0000e+00
     71.000    -1.5911    -1.5919   2.542311   2.541840    387.918     0.1669     0.1259   1138.976   78.90762   -8.03780    31.8325    31.8269 0.0000e+00
     72.000    -1.5926    -1.5934   2.542565   2.542101    388.436     0.1629     0.1237   1140.065   78.90762   -8.03780    31.8370    31.8315 0.0000e+00
     73.000    -1.5932    -1.5940   2.542727   2.542247    388.929     0.1705     0.1227   1141.157   78.90762   -8.03782    31.8392    31.8336 0.0000e+00
     74.000    -1.5933    -1.5943   2.542963   2.542484    389.049     0.1693     0.1228   1142.243   78.90762   -8.03783    31.8420    31.8365 0.0000e+00
     75.000    -1.5933    -1.5942   2.543682   2.543139    388.645     0.1676     0.1242   1143.339   78.90762   -8.03784    31.8513    31.8448 0.0000e+00
     76.000    -1.5920    -1.5933   2.545175   2.544475    387.584     0.1691     0.1250   1144.420   78.90762   -8.03784    31.8699    31.8616 0.0000e+00
     77.000    -1.5898    -1.5910   2.546741   2.546141    387.419     0.1677     0.1240   1145.521   78.90762   -8.03785    31.8885    31.8815 0.0000e+00
     78.000    -1.5890    -1.5902   2.547391   2.546897    386.534     0.1679     0.1251   1146.604   78.90762   -8.03786    31.8960    31.8904 0.0000e+00
     79.000    -1.5888    -1.5898   2.547708   2.547233    385.662     0.1686     0.1251   1147.684   78.90762   -8.03788    31.8995    31.8941 0.0000e+00
     80.000    -1.5890    -1.5899   2.548185   2.547637    385.306     0.1657     0.1230   1148.771   78.90762   -8.03788    31.9056    31.8991 0.0000e+00
     81.000    -1.5911    -1.5918   2.550144   2.549359    384.922     0.1635     0.1238   1149.851   78.90762   -8.03790    31.9343    31.9242 0.0000e+00
     82.000    -1.5966    -1.5967   2.552539   2.551844    385.224     0.1668     0.1250   1150.933   78.90762   -8.03790    31.9725    31.9631 0.0000e+00
     83.000    -1.5964    -1.5979   2.554238   2.553614    385.100     0.1700     0.1265   1152.024   78.90762   -8.03792    31.9951    31.9881 0.0000e+00
     84.000    -1.5929    -1.5941   2.555118   2.554611    383.718     0.1704     0.1269   1153.112   78.90762   -8.03792    32.0028    31.9971 0.0000e+00
     85.000    -1.5859    -1.5880   2.556239   2.555660    382.506     0.1683     0.1268   1154.205   78.90762   -8.03793    32.0102    32.0044 0.0000e+00
     86.000    -1.5796    -1.5810   2.557307   2.556764    381.135     0.1670     0.1269   1155.298   78.90762   -8.03794    32.0175    32.0115 0.0000e+00
     87.000    -1.5696    -1.5732   2.559300   2.558499    380.116     0.1704     0.1260   1156.397   78.90762   -8.03795    32.0335    32.0264 0.0000e+00
     88.000    -1.5515    -1.5545   2.561636   2.560948    379.379     0.1671     0.1262   1157.491   78.90762   -8.03796    32.0456    32.0393 0.0000e+00
     89.000    -1.5373    -1.5395   2.563855   2.563191    379.321     0.1691     0.1254   1158.590   78.90762   -8.03797    32.0602    32.0534 0.0000e+00
     90.000    -1.5421    -1.5423   2.564888   2.564362    379.363     0.1703     0.1256   1159.685   78.90762   -8.03798    32.0789    32.0718 0.0000e+00
     91.000    -1.5362    -1.5391   2.566682   2.565903    379.069     0.1713     0.1270   1160.781   78.90762   -8.03800    32.0966    32.0890 0.0000e+00
     92.000    -1.5267    -1.5285   2.569223   2.568529    378.536     0.1719     0.1262   1161.875   78.90762   -8.03800    32.1207    32.1131 0.0000e+00
     93.000    -1.5216    -1.5233   2.571355   2.570721    378.216     0.1699     0.1246   1162.970   78.90762   -8.03802    32.1438    32.1370 0.0000e+00
     94.000    -1.5182    -1.5197   2.572547   2.571996    377.724     0.1683     0.1245   1164.060   78.90762   -8.03802    32.1560    32.1500 0.0000e+00
     95.000    -1.5149    -1.5166   2.574124   2.573496    377.754     0.1670     0.1250   1165.146   78.90762   -8.03804    32.1734    32.1666 0.0000e+00
     96.000    -1.5132    -1.5141   2.575216   2.574702    377.285     0.1702     0.1244   1166.231   78.90762   -8.03805    32.1861    32.1799 0.0000e+00
     97.000    -1.5210    -1.5206   2.576035   2.575360    376.090     0.1720     0.1251   1167.319   78.90762   -8.03806    32.2052    32.1954 0.0000e+00
     98.000    -1.5189    -1.5219   2.579717   2.578610    375.526     0.1690     0.1254   1168.413   78.90762   -8.03807    32.2529    32.2409 0.0000e+00
     99.000    -1.5095    -1.5114   2.582024   2.581367    374.824     0.1678     0.1269   1169.506   78.90762   -8.03808    32.2738    32.2668 0.0000e+00
    100.000    -1.5052    -1.5070   2.583655   2.582858    374.852     0.1684     0.1277   1170.600   78.90762   -8.03809    32.2909    32.2820 0.0000e+00
    101.000    -1.4973    -1.5006   2.586764   2.585664    373.160     0.1667     0.1267   1171.695   78.90762   -8.03810    32.3245    32.3130 0.0000e+00
    102.000    -1.4854    -1.4896   2.589603   2.588503    371.758     0.1694     0.1254   1172.791   78.90762   -8.03812    32.3499    32.3394 0.0000e+00
    103.000    -1.4685    -1.4710   2.593911   2.592971    371.840     0.1680     0.1267   1173.885   78.90762   -8.03812    32.3902    32.3800 0.0000e+00
    104.000    -1.4546    -1.4593   2.598272   2.596959    371.051     0.1696     0.1268   1174.977   78.90762   -8.03814    32.4344    32.4214 0.0000e+00
    105.000    -1.4365    -1.4405   2.603001   2.601853    368.970     0.1683     0.1255   1176.070   78.90762   -8.03814    32.4789    32.4676 0.0000e+00
    106.000    -1.4165    -1.4210   2.608256   2.607036    367.102     0.1743     0.1253   1177.159   78.90762   -8.03816    32.5286    32.5168 0.0000e+00
    107.000    -1.4011    -1.4048   2.612683   2.611594    365.812     0.1714     0.1270   1178.253   78.90762   -8.03817    32.5719    32.5610 0.0000e+00
    108.000    -1.3891    -1.3919   2.615574   2.614734    364.653     0.1673     0.1270   1179.339   78.90762   -8.03818    32.5979    32.5894 0.0000e+00
    109.000    -1.3819    -1.3852   2.617749   2.616782    363.131     0.1648     0.1268   1180.430   78.90762   -8.03819    32.6192    32.6095 0.0000e+00
    110.000    -1.3612    -1.3662   2.623274   2.621927    361.564     0.1673     0.1258   1181.524   78.90762   -8.03820    32.6717    32.6587 0.0000e+00
    111.000    -1.3355    -1.3407   2.632625   2.630760    360.412     0.1702     0.1245   1182.607   78.90762   -8.03822    32.7711    32.7512 0.0000e+00
    112.000    -1.3239    -1.3274   2.636740   2.635607    360.319     0.1676     0.1240   1183.696   78.90762   -8.03824    32.8140    32.8024 0.0000e+00
    113.000    -1.3027    -1.3077   2.643650   2.642021    359.092     0.1681     0.1246   1184.791   78.90762   -8.03824    32.8847    32.8680 0.0000e+00
    114.000    -1.2525    -1.2609   2.655817   2.653901    355.806     0.1665     0.1246   1185.885   78.90762   -8.03826    32.9953    32.9784 0.0000e+00
    115.000    -1.2341    -1.2374   2.659755   2.658954    352.987     0.1672     0.1234   1186.981   78.90762   -8.03826    33.0283    33.0210 0.0000e+00
    116.000    -1.2171    -1.2217   2.663142   2.662105    351.306     0.1643     0.1234   1188.075   78.90762   -8.03828    33.0552    33.0461 0.0000e+00
    117.000    -1.1959    -1.1994   2.667169   2.666338    348.783     0.1630     0.1239   1189.174   78.90762   -8.03829    33.0862    33.0787 0.0000e+00
