test_project/cnv_input/010_bin.cnv
* Sea-Bird SBE 9 Data File:
* FileName = C:\Documents and Settings\ctd\Desktop\FS2022\data\010.hex
* Software Version Seasave V 7.21b
* Temperature SN = 2400
* Conductivity SN = 3447
* Number of Bytes Per Scan = 48
* Number of Voltage Words = 5
* Number of Scans Averaged by the Deck Unit = 1
* NMEA Latitude = 78 50.21 N
* NMEA Longitude = 005 08.97 W
* NMEA UTC (Time) = Sep 13 2022  22:25:41
* NMEA baud rate = 4800
** Cruise: FS 2022
** Ship: Silver Arctic
** Station (File Number):  010
** Latitude:
** Longitude:
** Echodepth (m):
** Seastate:
# nquan = 14
# nvalues = 876                         
# units = specified
# name 0 = prDM: Pressure, Digiquartz [db]
# name 1 = t090C: Temperature [ITS-90, deg C]
# name 2 = t190C: Temperature, 2 [ITS-90, deg C]
# name 3 = c0S/m: Conductivity [S/m]
# name 4 = c1S/m: Conductivity, 2 [S/m]
# name 5 = sbox0Mm/Kg: Oxygen, SBE 43 [umol/kg]
# name 6 = wetCDOM: Fluorescence, WET Labs CDOM [mg/m^3]
# name 7 = wetCDOM1: Fluorescence, WET Labs CDOM, 2 [mg/m^3]
# name 8 = timeS: Time, Elapsed [seconds]
# name 9 = latitude: Latitude [deg]
# name 10 = longitude: Longitude [deg]
# name 11 = sal00: Salinity, Practical [PSU]
# name 12 = sal11: Salinity, Practical, 2 [PSU]
# name 13 = flag: flag
# span 0 =      2.000,    877.000       
# span 1 =    -1.6461,     1.3050       
# span 2 =    -1.6471,     1.3024       
# span 3 =   2.352454,   3.009845       
# span 4 =   2.352074,   3.009564       
# span 5 =    300.662,    501.483       
# span 6 =     0.1125,     0.1831       
# span 7 =     0.1010,     0.1349       
# span 8 =    465.669,   1496.802       
# span 9 =   78.83497,   78.83668       
# span 10 =   -5.14878,   -5.14509      
# span 11 =    29.2283,    34.8806      
# span 12 =    29.2232,    34.8780      
# span 13 = 0.0000e+00, 0.0000e+00      
# interval = decibars: 1                
# start_time = Sep 13 2022 22:25:41 [NMEA time, first data scan]
# bad_flag = -9.990e-29
*END*
[from data line 104]
    106.000    -0.4263    -0.4316   2.801468   2.800618    317.779     0.1423     0.1154    607.331   78.83660   -5.14856    34.0534    34.0480 0.0000e+00
    107.000    -0.3835    -0.3883   2.806558   2.805804    317.346     0.1429     0.1154    608.416   78.83660   -5.14855    34.0731    34.0684 0.0000e+00
    108.000    -0.3766    -0.3809   2.808416   2.807701    316.822     0.1411     0.1159    609.502   78.83660   -5.14854    34.0896    34.0848 0.0000e+00
    109.000    -0.3334    -0.3400   2.813461   2.812521    315.623     0.1368     0.1165    610.596   78.83660   -5.14854    34.1081    34.1029 0.0000e+00
    110.000    -0.3488    -0.3421   2.813513   2.813646    315.154     0.1367     0.1143    611.680   78.83660   -5.14854    34.1254    34.1197 0.0000e+00
    111.000    -0.4324    -0.4296   2.808191   2.807966    316.014     0.1375     0.1147    612.768   78.83660   -5.14854    34.1475    34.1412 0.0000e+00
    112.000    -0.4496    -0.4465   2.807877   2.807734    314.696     0.1398     0.1176    613.858   78.83660   -5.14854    34.1620    34.1565 0.0000e+00
    113.000    -0.4774    -0.4771   2.806218   2.805940    313.815     0.1421     0.1172    614.945   78.83660   -5.14854    34.1704    34.1663 0.0000e+00
    114.000    -0.4819    -0.4828   2.806119   2.805753    312.472     0.1442     0.1171    616.030   78.83660   -5.14854    34.1735    34.1696 0.0000e+00
    115.000    -0.4922    -0.4920   2.805792   2.805497    310.472     0.1439     0.1156    617.114   78.83660   -5.14854    34.1801    34.1758 0.0000e+00
    116.000    -0.4965    -0.4980   2.806240   2.805738    308.341     0.1517     0.1177    618.200   78.83660   -5.14854    34.1903    34.1853 0.0000e+00
    117.000    -0.4848    -0.4878   2.807837   2.807300    307.441     0.1472     0.1173    619.290   78.83660   -5.14854    34.1981    34.1942 0.0000e+00
    118.000    -0.4833    -0.4844   2.808441   2.808028    307.808     0.1448     0.1198    620.369   78.83660   -5.14854    34.2039    34.1995 0.0000e+00
    119.000    -0.4513    -0.4571   2.812026   2.811272    308.022     0.1462     0.1183    621.455   78.83660   -5.14852    34.2153    34.2117 0.0000e+00
    120.000    -0.4067    -0.4139   2.816599   2.815721    308.201     0.1444     0.1173    622.538   78.83660   -5.14852    34.2257    34.2220 0.0000e+00
    121.000    -0.3278    -0.3389   2.824349   2.823156    307.370     0.1442     0.1152    623.623   78.83660   -5.14852    34.2401    34.2366 0.0000e+00
    122.000    -0.2483    -0.2544   2.832232   2.831437    307.293     0.1438     0.1149    624.709   78.83660   -5.14852    34.2553    34.2516 0.0000e+00
    123.000    -0.2481    -0.2498   2.832921   2.832491    308.564     0.1434     0.1139    625.794   78.83660   -5.14852    34.2637    34.2599 0.0000e+00
    124.000    -0.2309    -0.2355   2.835029   2.834364    309.194     0.1404     0.1140    626.871   78.83660   -5.14852    34.2718    34.2682 0.0000e+00
    125.000    -0.2141    -0.2187   2.837207   2.836516    308.629     0.1358     0.1148    627.957   78.83660   -5.14852    34.2815    34.2773 0.0000e+00
    126.000    -0.1878    -0.1911   2.840230   2.839665    308.417     0.1345     0.1143    629.044   78.83660   -5.14852    34.2915    34.2877 0.0000e+00
    127.000    -0.1838    -0.1865   2.841350   2.840820    308.378     0.1367     0.1133    630.127   78.83660   -5.14852    34.3013    34.2973 0.0000e+00
    128.000    -0.1699    -0.1732   2.843188   2.842637    308.420     0.1391     0.1123    631.209   78.83660   -5.14852    34.3096    34.3059 0.0000e+00
    129.000    -0.1604    -0.1630   2.844485   2.844006    308.115     0.1387     0.1128    632.258   78.83660   -5.14852    34.3156    34.3121 0.0000e+00
    130.000    -0.1542    -0.1564   2.845621   2.845139    307.608     0.1387     0.1121    633.264   78.83660   -5.14852    34.3231    34.3192 0.0000e+00
    131.000    -0.1513    -0.1523   2.846523   2.846171    307.583     0.1414     0.1130    634.267   78.83660   -5.14850    34.3313    34.3277 0.0000e+00
    132.000    -0.1673    -0.1663   2.845355   2.845182    307.525     0.1381     0.1142    635.281   78.83660   -5.14850    34.3331    34.3297 0.0000e+00
    133.000    -0.1944    -0.1919   2.843382   2.843274    307.657     0.1351     0.1142    636.294   78.83660   -5.14850    34.3367    34.3325 0.0000e+00
    134.000    -0.2008    -0.2056   2.843449   2.842755    307.956     0.1390     0.1143    637.306   78.83660   -5.14850    34.3442    34.3403 0.0000e+00
    135.000    -0.2005    -0.1980   2.843672   2.843615    308.109     0.1388     0.1133    638.321   78.83660   -5.14850    34.3462    34.3426 0.0000e+00
    136.000    -0.1952    -0.2007   2.844567   2.843852    307.939     0.1371     0.1124    639.336   78.83660   -5.14850    34.3516    34.3482 0.0000e+00
    137.000    -0.2068    -0.2043   2.843939   2.843872    307.853     0.1333     0.1121    640.346   78.83660   -5.14850    34.3557    34.3520 0.0000e+00
    138.000    -0.2343    -0.2346   2.841830   2.841506    308.424     0.1349     0.1126    641.357   78.83660   -5.14850    34.3579    34.3540 0.0000e+00
    139.000    -0.2023    -0.2060   2.845139   2.844555    307.574     0.1380     0.1143    642.367   78.83660   -5.14850    34.3654    34.3618 0.0000e+00
    140.000    -0.2112    -0.2119   2.844568   2.844241    307.071     0.1370     0.1142    643.377   78.83660   -5.14850    34.3671    34.3636 0.0000e+00
    141.000    -0.2070    -0.2085   2.845447   2.845011    307.526     0.1374     0.1130    644.388   78.83660   -5.14850    34.3735    34.3695 0.0000e+00
    142.000    -0.2881    -0.2722   2.838704   2.839751    308.608     0.1405     0.1139    645.397   78.83660   -5.14848    34.3745    34.3704 0.0000e+00
    143.000    -0.4120    -0.4033   2.828282   2.828710    309.748     0.1377     0.1150    646.412   78.83660   -5.14848    34.3743    34.3702 0.0000e+00
    144.000    -0.4429    -0.4432   2.825892   2.825541    308.477     0.1415     0.1147    647.426   78.83660   -5.14848    34.3766    34.3722 0.0000e+00
    145.000    -0.4060    -0.4110   2.829558   2.828837    307.078     0.1418     0.1148    648.441   78.83660   -5.14848    34.3833    34.3793 0.0000e+00
    146.000    -0.3870    -0.3927   2.831697   2.830939    307.785     0.1385     0.1161    649.457   78.83660   -5.14848    34.3900    34.3862 0.0000e+00
    147.000    -0.3645    -0.3696   2.834080   2.833372    309.244     0.1386     0.1166    650.473   78.83660   -5.14848    34.3958    34.3921 0.0000e+00
    148.000    -0.3328    -0.3378   2.837289   2.836612    309.604     0.1390     0.1142    651.490   78.83660   -5.14848    34.4023    34.3990 0.0000e+00
    149.000    -0.3180    -0.3190   2.838941   2.838599    310.037     0.1400     0.1129    652.508   78.83660   -5.14848    34.4071    34.4036 0.0000e+00
    150.000    -0.3444    -0.3424   2.837033   2.836894    311.184     0.1401     0.1130    653.519   78.83660   -5.14848    34.4108    34.4067 0.0000e+00
    151.000    -0.3086    -0.3164   2.841008   2.840059    310.838     0.1380     0.1121    654.538   78.83660   -5.14847    34.4229    34.4190 0.0000e+00
    152.000    -0.2380    -0.2471   2.847638   2.846630    309.641     0.1412     0.1135    655.554   78.83660   -5.14846    34.4310    34.4279 0.0000e+00
    153.000    -0.1605    -0.1666   2.854892   2.854167    309.002     0.1373     0.1151    656.566   78.83660   -5.14846    34.4397    34.4369 0.0000e+00
    154.000    -0.1484    -0.1522   2.856211   2.855659    310.348     0.1367     0.1143    657.577   78.83660   -5.14846    34.4430    34.4399 0.0000e+00
    155.000    -0.1603    -0.1589   2.855379   2.855253    310.962     0.1391     0.1132    658.594   78.83660   -5.14846    34.4447    34.4415 0.0000e+00
    156.000    -0.1721    -0.1749   2.854622   2.854141    310.028     0.1387     0.1126    659.608   78.83660   -5.14846    34.4473    34.4441 0.0000e+00
    157.000    -0.2434    -0.2353   2.848766   2.849127    309.816     0.1344     0.1118    660.622   78.83660   -5.14846    34.4492    34.4448 0.0000e+00
    158.000    -0.2769    -0.2765   2.845986   2.845778    309.757     0.1386     0.1125    661.635   78.83660   -5.14846    34.4493    34.4460 0.0000e+00
    159.000    -0.2824    -0.2840   2.845700   2.845319    308.809     0.1400     0.1107    662.647   78.83660   -5.14846    34.4511    34.4478 0.0000e+00
    160.000    -0.2324    -0.2390   2.850518   2.849709    308.361     0.1386     0.1127    663.668   78.83660   -5.14846    34.4582    34.4549 0.0000e+00
    161.000    -0.2217    -0.2242   2.851908   2.851424    308.947     0.1408     0.1146    664.678   78.83660   -5.14845    34.4641    34.4605 0.0000e+00
    162.000    -0.1947    -0.1989   2.854540   2.853939    309.819     0.1380     0.1138    665.687   78.83660   -5.14844    34.4681    34.4648 0.0000e+00
    163.000    -0.1593    -0.1669   2.857915   2.857011    310.494     0.1407     0.1127    666.697   78.83660   -5.14844    34.4725    34.4690 0.0000e+00
    164.000    -0.1283    -0.1324   2.861003   2.860396    311.025     0.1386     0.1126    667.705   78.83660   -5.14844    34.4780    34.4746 0.0000e+00
    165.000    -0.1093    -0.1142   2.862996   2.862343    311.177     0.1367     0.1117    668.714   78.83660   -5.14844    34.4824    34.4793 0.0000e+00
    166.000    -0.0819    -0.0863   2.865760   2.865154    310.633     0.1351     0.1105    669.719   78.83660   -5.14844    34.4877    34.4846 0.0000e+00
    167.000    -0.0715    -0.0747   2.866963   2.866465    310.327     0.1346     0.1096    670.730   78.83660   -5.14844    34.4913    34.4882 0.0000e+00
    168.000    -0.0489    -0.0541   2.869368   2.868711    309.791     0.1368     0.1116    671.739   78.83660   -5.14844    34.4972    34.4942 0.0000e+00
    169.000    -0.0243    -0.0276   2.871966   2.871455    310.187     0.1379     0.1106    672.748   78.83660   -5.14844    34.5032    34.5002 0.0000e+00
    170.000    -0.0172    -0.0199   2.872827   2.872367    311.502     0.1355     0.1115    673.756   78.83660   -5.14844    34.5061    34.5030 0.0000e+00
    171.000    -0.0150    -0.0166   2.873212   2.872851    310.905     0.1320     0.1111    674.771   78.83660   -5.14843    34.5081    34.5051 0.0000e+00
    172.000    -0.0174    -0.0186   2.873190   2.872860    309.262     0.1315     0.1112    675.790   78.83660   -5.14842    34.5099    34.5069 0.0000e+00
    173.000    -0.0130    -0.0151   2.874071   2.873603    307.388     0.1320     0.1119    676.825   78.83660   -5.14842    34.5160    34.5122 0.0000e+00
    174.000    -0.0019    -0.0048   2.875693   2.875183    306.659     0.1369     0.1114    677.860   78.83660   -5.14842    34.5244    34.5209 0.0000e+00
    175.000     0.0000    -0.0022   2.876224   2.875787    306.598     0.1366     0.1109    678.894   78.83660   -5.14842    34.5287    34.5253 0.0000e+00
    176.000     0.0142     0.0097   2.877807   2.877190    306.005     0.1364     0.1116    679.928   78.83660   -5.14842    34.5330    34.5299 0.0000e+00
    177.000     0.0491     0.0457   2.881389   2.880875    305.602     0.1341     0.1104    680.960   78.83660   -5.14842    34.5406    34.5376 0.0000e+00
    178.000     0.0236     0.0273   2.879328   2.879403    306.263     0.1345     0.1105    681.994   78.83660   -5.14842    34.5413    34.5382 0.0000e+00
    179.000     0.0309     0.0258   2.880340   2.879691    305.661     0.1317     0.1097    683.029   78.83660   -5.14842    34.5459    34.5431 0.0000e+00
    180.000     0.0957     0.0881   2.886667   2.885767    305.261     0.1298     0.1113    684.056   78.83660   -5.14842    34.5561    34.5527 0.0000e+00
    181.000     0.1000     0.0998   2.887389   2.887124    306.398     0.1310     0.1121    685.080   78.83660   -5.14840    34.5601    34.5569 0.0000e+00
    182.000     0.0556     0.0590   2.883558   2.883609    307.304     0.1329     0.1120    686.106   78.83660   -5.14840    34.5589    34.5557 0.0000e+00
    183.000     0.0652     0.0600   2.884743   2.884032    306.464     0.1344     0.1121    687.128   78.83660   -5.14840    34.5632    34.5596 0.0000e+00
    184.000     0.0932     0.0871   2.887571   2.886827    305.347     0.1355     0.1117    688.150   78.83660   -5.14840    34.5684    34.5655 0.0000e+00
    185.000     0.1495     0.1422   2.893050   2.892212    304.951     0.1301     0.1102    689.180   78.83660   -5.14840    34.5768    34.5739 0.0000e+00
    186.000     0.1828     0.1772   2.896410   2.895706    305.521     0.1312     0.1092    690.210   78.83660   -5.14840    34.5829    34.5800 0.0000e+00
    187.000     0.2193     0.2127   2.900042   2.899273    305.901     0.1312     0.1093    691.239   78.83660   -5.14840    34.5892    34.5865 0.0000e+00
    188.000     0.2894     0.2786   2.906853   2.905679    305.301     0.1302     0.1094    692.270   78.83660   -5.14840    34.5994    34.5961 0.0000e+00
    189.000     0.2976     0.2957   2.907786   2.907410    305.370     0.1309     0.1116    693.305   78.83660   -5.14840    34.6018    34.5991 0.0000e+00
    190.000     0.3076     0.3024   2.909115   2.908434    305.822     0.1280     0.1108    694.348   78.83660   -5.14838    34.6075    34.6044 0.0000e+00
    191.000     0.3727     0.3601   2.915510   2.914202    305.134     0.1300     0.1104    695.392   78.83660   -5.14838    34.6177    34.6147 0.0000e+00
    192.000     0.4311     0.4267   2.921202   2.920609    304.416     0.1296     0.1099    696.441   78.83660   -5.14838    34.6261    34.6233 0.0000e+00
    193.000     0.4336     0.4312   2.921705   2.921322    305.175     0.1293     0.1087    697.480   78.83660   -5.14838    34.6294    34.6270 0.0000e+00
    194.000     0.5117     0.4916   2.929325   2.927349    304.755     0.1312     0.1081    698.522   78.83660   -5.14838    34.6409    34.6376 0.0000e+00
    195.000     0.6207     0.6039   2.939965   2.938298    304.071     0.1313     0.1078    699.564   78.83660   -5.14838    34.6570    34.6541 0.0000e+00
    196.000     0.6594     0.6551   2.943890   2.943325    304.788     0.1313     0.1073    700.604   78.83660   -5.14838    34.6642    34.6617 0.0000e+00
    197.000     0.5991     0.6052   2.938503   2.938814    306.335     0.1304     0.1082    701.643   78.83660   -5.14838    34.6609    34.6582 0.0000e+00
    198.000     0.5143     0.5216   2.930968   2.931382    307.023     0.1258     0.1092    702.681   78.83660   -5.14838    34.6570    34.6542 0.0000e+00
    199.000     0.4677     0.4697   2.926817   2.926766    306.507     0.1283     0.1080    703.722   78.83660   -5.14837    34.6544    34.6515 0.0000e+00
    200.000     0.4563     0.4561   2.925827   2.925580    305.600     0.1253     0.1081    704.763   78.83660   -5.14836    34.6537    34.6507 0.0000e+00
    201.000     0.4500     0.4524   2.925770   2.925693    304.867     0.1250     0.1079    705.803   78.83660   -5.14836    34.6593    34.6556 0.0000e+00
    202.000     0.3819     0.3822   2.919981   2.919758    305.342     0.1263     0.1090    706.847   78.83660   -5.14836    34.6594    34.6561 0.0000e+00
    203.000     0.4321     0.4238   2.924966   2.923997    304.347     0.1255     0.1078    707.886   78.83660   -5.14836    34.6678    34.6644 0.0000e+00
    204.000     0.4496     0.4470   2.926922   2.926465    303.208     0.1281     0.1062    708.924   78.83660   -5.14836    34.6731    34.6701 0.0000e+00
    205.000     0.4880     0.4789   2.930751   2.929724    302.067     0.1280     0.1067    709.964   78.83660   -5.14836    34.6795    34.6763 0.0000e+00
    206.000     0.5295     0.5257   2.934981   2.934431    302.174     0.1258     0.1085    711.006   78.83660   -5.14836    34.6876    34.6847 0.0000e+00
    207.000     0.5538     0.5475   2.937532   2.936758    302.979     0.1250     0.1093    712.044   78.83660   -5.14836    34.6930    34.6901 0.0000e+00
