test_project/cnv_input/010_bin.cnv
* Sea-Bird SBE 9 Data File:
* FileName = C:\Documents and Settings\ctd\Desktop\FS2022\data\010.hex
* Software Version Seasave V 7.21b
* Temperature SN = 2400
* Conductivity SN = 3447
* Number of Bytes Per Scan = 48
* Number of Voltage Words = 5
* Number of Scans Averaged by the Deck Unit = 1
* NMEA Latitude = 78 50.21 N
* NMEA Longitude = 005 08.97 W
* NMEA UTC (Time) = Sep 13 2022  22:25:41
* NMEA baud rate = 4800
** Cruise: FS 2022
** Ship: Silver Arctic
** Station (File Number):  010
** Latitude:
** Longitude:
** Echodepth (m):
** Seastate:
# nquan = 14
# nvalues = 876                         
# units = specified
# name 0 = prDM: Pressure, Digiquartz [db]
# name 1 = t090C: Temperature [ITS-90, deg C]
# name 2 = t190C: Temperature, 2 [ITS-90, deg C]
# name 3 = c0S/m: Conductivity [S/m]
# name 4 = c1S/m: Conductivity, 2 [S/m]
# name 5 = sbox0Mm/Kg: Oxygen, SBE 43 [umol/kg]
# name 6 = wetCDOM: Fluorescence, WET Labs CDOM [mg/m^3]
# name 7 = wetCDOM1: Fluorescence, WET Labs CDOM, 2 [mg/m^3]
# name 8 = timeS: Time, Elapsed [seconds]
# name 9 = latitude: Latitude [deg]
# name 10 = longitude: Longitude [deg]
# name 11 = sal00: Salinity, Practical [PSU]
# name 12 = sal11: Salinity, Practical, 2 [PSU]
# name 13 = flag: flag
# span 0 =      2.000,    877.000       
# span 1 =    -1.6461,     1.3050       
# span 2 =    -1.6471,     1.3024       
# span 3 =   2.352454,   3.009845       
# span 4 =   2.352074,   3.009564       
# span 5 =    300.662,    501.483       
# span 6 =     0.1125,     0.1831       
# span 7 =     0.1010,     0.1349       
# span 8 =    465.669,   1496.802       
# span 9 =   78.83497,   78.83668       
# span 10 =   -5.14878,   -5.14509      
# span 11 =    29.2283,    34.8806      
# span 12 =    29.2232,    34.8780      
# span 13 = 0.0000e+00, 0.0000e+00      
# interval = decibars: 1                
# start_time = Sep 13 2022 22:25:41 [NMEA time, first data scan]
# bad_flag = -9.990e-29
*END*
[from data line 620]
    622.000     0.3826     0.3809   2.954954   2.954628    308.324     0.1198     0.1042   1159.009   78.83608   -5.14876    34.8680    34.8656 0.0000e+00
    623.000     0.3806     0.3790   2.954830   2.954516    307.260     0.1224     0.1047   1160.108   78.83608   -5.14876    34.8679    34.8657 0.0000e+00
    624.000     0.3800     0.3783   2.954816   2.954497    307.781     0.1206     0.1039   1161.216   78.83608   -5.14878    34.8679    34.8656 0.0000e+00
    625.000     0.3776     0.3760   2.954670   2.954343    308.149     0.1230     0.1028   1162.322   78.83608   -5.14878    34.8680    34.8656 0.0000e+00
    626.000     0.3738     0.3721   2.954393   2.954072    308.060     0.1253     0.1028   1163.433   78.83607   -5.14876    34.8682    34.8659 0.0000e+00
    627.000     0.3721     0.3705   2.954293   2.953980    307.610     0.1237     0.1029   1164.538   78.83606   -5.14876    34.8682    34.8659 0.0000e+00
    628.000     0.3689     0.3674   2.954054   2.953742    307.835     0.1257     0.1036   1165.643   78.83606   -5.14876    34.8681    34.8657 0.0000e+00
    629.000     0.3647     0.3631   2.953718   2.953400    308.126     0.1238     0.1035   1166.746   78.83606   -5.14876    34.8678    34.8654 0.0000e+00
    630.000     0.3632     0.3616   2.953617   2.953304    308.313     0.1211     0.1041   1167.843   78.83606   -5.14876    34.8676    34.8653 0.0000e+00
    631.000     0.3613     0.3596   2.953501   2.953175    308.303     0.1203     0.1054   1168.937   78.83605   -5.14875    34.8676    34.8653 0.0000e+00
    632.000     0.3601     0.3585   2.953445   2.953125    307.724     0.1211     0.1049   1170.029   78.83604   -5.14874    34.8677    34.8653 0.0000e+00
    633.000     0.3602     0.3586   2.953520   2.953201    307.847     0.1202     0.1038   1171.115   78.83604   -5.14872    34.8680    34.8656 0.0000e+00
    634.000     0.3615     0.3599   2.953700   2.953384    307.721     0.1216     0.1033   1172.212   78.83604   -5.14872    34.8683    34.8660 0.0000e+00
    635.000     0.3622     0.3605   2.953819   2.953499    307.858     0.1218     0.1042   1173.306   78.83604   -5.14870    34.8685    34.8661 0.0000e+00
    636.000     0.3628     0.3612   2.953928   2.953606    308.080     0.1189     0.1038   1174.407   78.83602   -5.14870    34.8687    34.8663 0.0000e+00
    637.000     0.3635     0.3618   2.954045   2.953722    308.134     0.1198     0.1029   1175.508   78.83602   -5.14868    34.8688    34.8665 0.0000e+00
    638.000     0.3646     0.3630   2.954198   2.953882    308.442     0.1197     0.1032   1176.617   78.83602   -5.14867    34.8690    34.8667 0.0000e+00
    639.000     0.3656     0.3639   2.954350   2.954042    308.494     0.1256     0.1040   1177.727   78.83602   -5.14866    34.8693    34.8672 0.0000e+00
    640.000     0.3650     0.3634   2.954379   2.954056    308.618     0.1226     0.1031   1178.835   78.83602   -5.14866    34.8697    34.8673 0.0000e+00
    641.000     0.3650     0.3633   2.954424   2.954103    308.410     0.1235     0.1043   1179.950   78.83601   -5.14865    34.8698    34.8675 0.0000e+00
    642.000     0.3651     0.3635   2.954500   2.954180    308.220     0.1224     0.1054   1181.060   78.83600   -5.14864    34.8700    34.8676 0.0000e+00
    643.000     0.3660     0.3644   2.954626   2.954310    308.430     0.1213     0.1042   1182.161   78.83600   -5.14864    34.8701    34.8677 0.0000e+00
    644.000     0.3659     0.3642   2.954668   2.954351    308.709     0.1202     0.1031   1183.260   78.83600   -5.14864    34.8702    34.8679 0.0000e+00
    645.000     0.3657     0.3641   2.954696   2.954387    309.319     0.1214     0.1041   1184.358   78.83599   -5.14862    34.8701    34.8679 0.0000e+00
    646.000     0.3661     0.3645   2.954795   2.954483    309.393     0.1222     0.1040   1185.458   78.83598   -5.14862    34.8704    34.8681 0.0000e+00
    647.000     0.3655     0.3638   2.954793   2.954470    308.928     0.1192     0.1032   1186.553   78.83598   -5.14861    34.8705    34.8682 0.0000e+00
    648.000     0.3636     0.3619   2.954661   2.954342    308.691     0.1174     0.1038   1187.648   78.83598   -5.14860    34.8703    34.8681 0.0000e+00
    649.000     0.3613     0.3595   2.954503   2.954183    308.541     0.1207     0.1040   1188.751   78.83598   -5.14859    34.8703    34.8681 0.0000e+00
    650.000     0.3607     0.3591   2.954495   2.954190    308.789     0.1243     0.1041   1189.853   78.83597   -5.14858    34.8702    34.8680 0.0000e+00
    651.000     0.3595     0.3577   2.954434   2.954103    308.721     0.1238     0.1033   1190.959   78.83596   -5.14856    34.8703    34.8679 0.0000e+00
    652.000     0.3565     0.3547   2.954216   2.953901    308.412     0.1207     0.1039   1192.068   78.83596   -5.14854    34.8702    34.8680 0.0000e+00
    653.000     0.3540     0.3522   2.954045   2.953717    308.749     0.1200     0.1049   1193.180   78.83596   -5.14854    34.8701    34.8678 0.0000e+00
    654.000     0.3522     0.3505   2.953935   2.953604    308.660     0.1201     0.1052   1194.292   78.83596   -5.14852    34.8702    34.8677 0.0000e+00
    655.000     0.3509     0.3492   2.953869   2.953547    308.903     0.1202     0.1046   1195.412   78.83596   -5.14850    34.8702    34.8678 0.0000e+00
    656.000     0.3495     0.3480   2.953827   2.953510    308.871     0.1236     0.1034   1196.521   78.83595   -5.14849    34.8706    34.8682 0.0000e+00
    657.000     0.3484     0.3467   2.953785   2.953466    308.498     0.1193     0.1043   1197.634   78.83594   -5.14848    34.8707    34.8685 0.0000e+00
    658.000     0.3483     0.3467   2.953829   2.953508    308.589     0.1231     0.1046   1198.745   78.83594   -5.14847    34.8708    34.8684 0.0000e+00
    659.000     0.3474     0.3459   2.953800   2.953484    308.710     0.1232     0.1040   1199.854   78.83594   -5.14846    34.8709    34.8685 0.0000e+00
    660.000     0.3455     0.3438   2.953671   2.953347    308.755     0.1208     0.1048   1200.965   78.83593   -5.14845    34.8708    34.8685 0.0000e+00
    661.000     0.3447     0.3430   2.953652   2.953330    309.093     0.1235     0.1060   1202.072   78.83592   -5.14844    34.8708    34.8685 0.0000e+00
    662.000     0.3442     0.3426   2.953661   2.953339    309.123     0.1225     0.1062   1203.171   78.83592   -5.14844    34.8709    34.8685 0.0000e+00
    663.000     0.3427     0.3412   2.953581   2.953273    308.929     0.1221     0.1049   1204.280   78.83592   -5.14842    34.8709    34.8687 0.0000e+00
    664.000     0.3402     0.3385   2.953408   2.953093    308.747     0.1257     0.1046   1205.385   78.83591   -5.14841    34.8709    34.8687 0.0000e+00
    665.000     0.3381     0.3364   2.953288   2.952971    308.945     0.1281     0.1043   1206.501   78.83590   -5.14840    34.8712    34.8689 0.0000e+00
    666.000     0.3362     0.3346   2.953180   2.952858    308.687     0.1255     0.1035   1207.614   78.83590   -5.14840    34.8713    34.8689 0.0000e+00
    667.000     0.3347     0.3330   2.953096   2.952770    308.628     0.1221     0.1037   1208.736   78.83590   -5.14840    34.8713    34.8690 0.0000e+00
    668.000     0.3328     0.3311   2.952974   2.952645    308.766     0.1214     0.1034   1209.859   78.83590   -5.14840    34.8713    34.8689 0.0000e+00
    669.000     0.3291     0.3276   2.952697   2.952378    309.285     0.1230     0.1046   1210.975   78.83588   -5.14840    34.8712    34.8687 0.0000e+00
    670.000     0.3261     0.3245   2.952475   2.952150    309.306     0.1237     0.1050   1212.090   78.83588   -5.14838    34.8711    34.8687 0.0000e+00
    671.000     0.3241     0.3224   2.952343   2.952024    308.854     0.1245     0.1037   1213.212   78.83588   -5.14838    34.8711    34.8688 0.0000e+00
    672.000     0.3237     0.3220   2.952348   2.952026    309.055     0.1227     0.1029   1214.329   78.83588   -5.14838    34.8710    34.8687 0.0000e+00
    673.000     0.3221     0.3204   2.952254   2.951934    308.885     0.1200     0.1031   1215.441   78.83588   -5.14836    34.8710    34.8687 0.0000e+00
    674.000     0.3205     0.3188   2.952163   2.951836    309.091     0.1214     0.1041   1216.551   78.83588   -5.14836    34.8711    34.8687 0.0000e+00
    675.000     0.3171     0.3153   2.951917   2.951577    309.340     0.1205     0.1044   1217.661   78.83587   -5.14835    34.8711    34.8686 0.0000e+00
    676.000     0.3148     0.3132   2.951757   2.951444    309.039     0.1205     0.1048   1218.777   78.83586   -5.14833    34.8710    34.8687 0.0000e+00
    677.000     0.3140     0.3125   2.951742   2.951425    308.491     0.1245     0.1032   1219.896   78.83586   -5.14832    34.8710    34.8687 0.0000e+00
    678.000     0.3133     0.3117   2.951721   2.951402    308.860     0.1235     0.1053   1221.031   78.83586   -5.14830    34.8710    34.8687 0.0000e+00
    679.000     0.3103     0.3087   2.951503   2.951187    308.576     0.1216     0.1053   1222.171   78.83586   -5.14828    34.8710    34.8687 0.0000e+00
    680.000     0.3073     0.3056   2.951290   2.950970    308.281     0.1205     0.1041   1223.302   78.83586   -5.14826    34.8710    34.8687 0.0000e+00
    681.000     0.3064     0.3047   2.951258   2.950944    308.440     0.1217     0.1040   1224.418   78.83586   -5.14826    34.8710    34.8688 0.0000e+00
    682.000     0.3049     0.3033   2.951183   2.950856    308.543     0.1204     0.1042   1225.543   78.83584   -5.14823    34.8711    34.8686 0.0000e+00
    683.000     0.3039     0.3023   2.951138   2.950822    308.869     0.1195     0.1029   1226.670   78.83584   -5.14821    34.8711    34.8688 0.0000e+00
    684.000     0.3028     0.3012   2.951093   2.950774    308.889     0.1200     0.1030   1227.793   78.83584   -5.14819    34.8711    34.8687 0.0000e+00
    685.000     0.3018     0.3002   2.951051   2.950739    308.560     0.1230     0.1027   1228.909   78.83584   -5.14817    34.8711    34.8689 0.0000e+00
    686.000     0.3011     0.2996   2.951043   2.950732    308.759     0.1242     0.1019   1230.027   78.83584   -5.14816    34.8712    34.8689 0.0000e+00
    687.000     0.2985     0.2969   2.950868   2.950549    308.564     0.1201     0.1029   1231.147   78.83582   -5.14816    34.8713    34.8690 0.0000e+00
    688.000     0.2966     0.2950   2.950756   2.950436    308.345     0.1234     0.1050   1232.266   78.83582   -5.14814    34.8714    34.8690 0.0000e+00
    689.000     0.2951     0.2934   2.950664   2.950345    308.397     0.1215     0.1034   1233.382   78.83582   -5.14814    34.8713    34.8691 0.0000e+00
    690.000     0.2946     0.2931   2.950672   2.950350    308.643     0.1189     0.1064   1234.500   78.83581   -5.14813    34.8713    34.8689 0.0000e+00
    691.000     0.2932     0.2916   2.950594   2.950288    308.980     0.1208     0.1047   1235.620   78.83580   -5.14812    34.8714    34.8692 0.0000e+00
    692.000     0.2909     0.2892   2.950453   2.950132    308.603     0.1198     0.1051   1236.744   78.83580   -5.14812    34.8715    34.8692 0.0000e+00
    693.000     0.2893     0.2877   2.950365   2.950046    307.806     0.1218     0.1033   1237.877   78.83580   -5.14812    34.8716    34.8692 0.0000e+00
    694.000     0.2893     0.2876   2.950403   2.950089    307.620     0.1237     0.1064   1239.012   78.83578   -5.14810    34.8715    34.8692 0.0000e+00
    695.000     0.2891     0.2874   2.950440   2.950116    307.837     0.1235     0.1045   1240.146   78.83578   -5.14810    34.8716    34.8693 0.0000e+00
    696.000     0.2860     0.2841   2.950219   2.949879    308.389     0.1222     0.1041   1241.278   78.83578   -5.14808    34.8717    34.8693 0.0000e+00
    697.000     0.2843     0.2827   2.950137   2.949813    308.675     0.1197     0.1032   1242.408   78.83577   -5.14807    34.8719    34.8694 0.0000e+00
    698.000     0.2836     0.2820   2.950124   2.949803    308.868     0.1203     0.1040   1243.541   78.83576   -5.14806    34.8720    34.8695 0.0000e+00
    699.000     0.2819     0.2801   2.950019   2.949694    308.822     0.1197     0.1043   1244.669   78.83576   -5.14806    34.8718    34.8696 0.0000e+00
    700.000     0.2794     0.2777   2.949828   2.949512    308.262     0.1236     0.1042   1245.799   78.83576   -5.14805    34.8717    34.8694 0.0000e+00
    701.000     0.2790     0.2773   2.949834   2.949516    308.533     0.1239     0.1041   1246.922   78.83575   -5.14804    34.8716    34.8693 0.0000e+00
    702.000     0.2786     0.2770   2.949863   2.949542    308.823     0.1223     0.1052   1248.043   78.83574   -5.14802    34.8718    34.8695 0.0000e+00
    703.000     0.2780     0.2763   2.949850   2.949533    308.910     0.1217     0.1044   1249.166   78.83574   -5.14802    34.8718    34.8695 0.0000e+00
    704.000     0.2778     0.2763   2.949893   2.949581    308.586     0.1204     0.1031   1250.289   78.83574   -5.14800    34.8719    34.8696 0.0000e+00
    705.000     0.2785     0.2770   2.950019   2.949702    308.345     0.1200     0.1028   1251.413   78.83572   -5.14800    34.8722    34.8698 0.0000e+00
    706.000     0.2769     0.2753   2.949919   2.949606    308.405     0.1225     0.1048   1252.546   78.83572   -5.14799    34.8722    34.8699 0.0000e+00
    707.000     0.2757     0.2740   2.949863   2.949545    308.837     0.1229     0.1044   1253.677   78.83572   -5.14798    34.8722    34.8699 0.0000e+00
    708.000     0.2737     0.2722   2.949754   2.949438    308.781     0.1218     0.1041   1254.818   78.83571   -5.14798    34.8724    34.8700 0.0000e+00
    709.000     0.2711     0.2694   2.949581   2.949256    308.817     0.1215     0.1051   1255.952   78.83570   -5.14796    34.8725    34.8701 0.0000e+00
    710.000     0.2696     0.2679   2.949491   2.949167    309.050     0.1197     0.1032   1257.089   78.83570   -5.14796    34.8724    34.8700 0.0000e+00
    711.000     0.2693     0.2677   2.949514   2.949196    308.858     0.1230     0.1037   1258.223   78.83570   -5.14794    34.8725    34.8701 0.0000e+00
    712.000     0.2691     0.2675   2.949538   2.949225    308.929     0.1213     0.1040   1259.354   78.83568   -5.14792    34.8724    34.8701 0.0000e+00
    713.000     0.2685     0.2669   2.949542   2.949227    308.937     0.1201     0.1042   1260.485   78.83568   -5.14790    34.8726    34.8703 0.0000e+00
    714.000     0.2679     0.2662   2.949526   2.949203    308.508     0.1233     0.1032   1261.610   78.83568   -5.14789    34.8725    34.8702 0.0000e+00
    715.000     0.2673     0.2656   2.949522   2.949204    308.712     0.1224     0.1028   1262.736   78.83567   -5.14787    34.8726    34.8703 0.0000e+00
    716.000     0.2664     0.2649   2.949490   2.949174    308.975     0.1221     0.1029   1263.865   78.83566   -5.14786    34.8725    34.8701 0.0000e+00
    717.000     0.2643     0.2626   2.949360   2.949044    308.595     0.1216     0.1039   1264.991   78.83566   -5.14785    34.8726    34.8704 0.0000e+00
    718.000     0.2631     0.2614   2.949298   2.948983    308.768     0.1223     0.1050   1266.120   78.83566   -5.14782    34.8726    34.8703 0.0000e+00
    719.000     0.2614     0.2598   2.949198   2.948888    309.170     0.1253     0.1070   1267.251   78.83566   -5.14780    34.8726    34.8703 0.0000e+00
    720.000     0.2600     0.2583   2.949132   2.948804    308.622     0.1234     0.1072   1268.388   78.83565   -5.14778    34.8728    34.8704 0.0000e+00
    721.000     0.2594     0.2578   2.949128   2.948820    308.065     0.1216     0.1050   1269.522   78.83564   -5.14777    34.8727    34.8705 0.0000e+00
    722.000     0.2585     0.2570   2.949099   2.948777    308.267     0.1197     0.1033   1270.659   78.83564   -5.14775    34.8728    34.8704 0.0000e+00
    723.000     0.2561     0.2545   2.948943   2.948625    308.154     0.1227     0.1046   1271.806   78.83564   -5.14774    34.8729    34.8705 0.0000e+00
