test_project/cnv_input/010_bin.cnv
* Sea-Bird SBE 9 Data File:
* FileName = C:\Documents and Settings\ctd\Desktop\FS2022\data\010.hex
* Software Version Seasave V 7.21b
* Temperature SN = 2400
* Conductivity SN = 3447
* Number of Bytes Per Scan = 48
* Number of Voltage Words = 5
* Number of Scans Averaged by the Deck Unit = 1
* NMEA Latitude = 78 50.21 N
* NMEA Longitude = 005 08.97 W
* NMEA UTC (Time) = Sep 13 2022  22:25:41
* NMEA baud rate = 4800
** Cruise: FS 2022
** Ship: Silver Arctic
** Station (File Number):  010
** Latitude:
** Longitude:
** Echodepth (m):
** Seastate:
# nquan = 14
# nvalues = 876                         
# units = specified
# name 0 = prDM: Pressure, Digiquartz [db]
# name 1 = t090C: Temperature [ITS-90, deg C]
# name 2 = t190C: Temperature, 2 [ITS-90, deg C]
# name 3 = c0S/m: Conductivity [S/m]
# name 4 = c1S/m: Conductivity, 2 [S/m]
# name 5 = sbox0Mm/Kg: Oxygen, SBE 43 [umol/kg]
# name 6 = wetCDOM: Fluorescence, WET Labs CDOM [mg/m^3]
# name 7 = wetCDOM1: Fluorescence, WET Labs CDOM, 2 [mg/m^3]
# name 8 = timeS: Time, Elapsed [seconds]
# name 9 = latitude: Latitude [deg]
# name 10 = longitude: Longitude [deg]
# name 11 = sal00: Salinity, Practical [PSU]
# name 12 = sal11: Salinity, Practical, 2 [PSU]
# name 13 = flag: flag
# span 0 =      2.000,    877.000       
# span 1 =    -1.6461,     1.3050       
# span 2 =    -1.6471,     1.3024       
# span 3 =   2.352454,   3.009845       
# span 4 =   2.352074,   3.009564       
# span 5 =    300.662,    501.483       
# span 6 =     0.1125,     0.1831       
# span 7 =     0.1010,     0.1349       
# span 8 =    465.669,   1496.802       
# span 9 =   78.83497,   78.83668       
# span 10 =   -5.14878,   -5.14509      
# span 11 =    29.2283,    34.8806      
# span 12 =    29.2232,    34.8780      
# span 13 = 0.0000e+00, 0.0000e+00      
# interval = decibars: 1                
# start_time = Sep 13 2022 22:25:41 [NMEA time, first data scan]
# bad_flag = -9.990e-29
*END*
[from data line 207]
    209.000     0.5723     0.5688   2.939607   2.939103    303.530     0.1273     0.1092    714.117   78.83660   -5.14834    34.6982    34.6955 0.0000e+00
    210.000     0.5708     0.5689   2.939525   2.939172    303.581     0.1267     0.1071    715.155   78.83660   -5.14834    34.6982    34.6957 0.0000e+00
    211.000     0.6406     0.6242   2.946079   2.944477    303.227     0.1260     0.1076    716.194   78.83660   -5.14834    34.7049    34.7024 0.0000e+00
    212.000     0.9287     0.8649   2.973555   2.967733    300.662     0.1227     0.1080    717.231   78.83660   -5.14834    34.7384    34.7343 0.0000e+00
    213.000     1.1081     1.0670   2.990754   2.986909    300.836     0.1216     0.1053    718.273   78.83660   -5.14834    34.7595    34.7559 0.0000e+00
    214.000     1.2556     1.2442   3.004792   3.003720    303.211     0.1215     0.1044    719.312   78.83660   -5.14834    34.7751    34.7740 0.0000e+00
    215.000     1.2696     1.2674   3.006292   3.006010    306.541     0.1215     0.1049    720.348   78.83660   -5.14834    34.7782    34.7770 0.0000e+00
    216.000     1.3050     1.2930   3.009718   3.008523    308.102     0.1204     0.1050    721.384   78.83660   -5.14833    34.7821    34.7801 0.0000e+00
    217.000     1.3035     1.3024   3.009845   3.009564    309.024     0.1196     0.1039    722.416   78.83660   -5.14832    34.7848    34.7825 0.0000e+00
    218.000     1.2312     1.2367   3.003266   3.003597    310.654     0.1178     0.1033    723.452   78.83660   -5.14832    34.7803    34.7784 0.0000e+00
    219.000     1.2206     1.2182   3.002272   3.001896    310.180     0.1174     0.1041    724.485   78.83660   -5.14832    34.7787    34.7767 0.0000e+00
    220.000     1.2275     1.2252   3.002902   3.002554    309.022     0.1181     0.1044    725.519   78.83660   -5.14832    34.7786    34.7767 0.0000e+00
    221.000     1.2163     1.2190   3.001889   3.001947    308.646     0.1203     0.1054    726.555   78.83660   -5.14832    34.7774    34.7751 0.0000e+00
    222.000     1.1109     1.1264   2.992273   2.993347    309.062     0.1226     0.1069    727.591   78.83660   -5.14832    34.7706    34.7672 0.0000e+00
    223.000     0.8755     0.8921   2.970795   2.971834    310.497     0.1225     0.1047    728.631   78.83660   -5.14832    34.7556    34.7505 0.0000e+00
    224.000     0.8384     0.8378   2.967402   2.967103    308.268     0.1214     0.1052    729.667   78.83660   -5.14832    34.7526    34.7494 0.0000e+00
    225.000     0.8367     0.8368   2.967450   2.967194    305.819     0.1190     0.1045    730.705   78.83660   -5.14832    34.7545    34.7511 0.0000e+00
    226.000     0.8201     0.8195   2.966043   2.965741    305.502     0.1181     0.1058    731.739   78.83660   -5.14831    34.7543    34.7511 0.0000e+00
    227.000     0.8133     0.8135   2.965517   2.965296    304.923     0.1218     0.1063    732.774   78.83660   -5.14830    34.7545    34.7514 0.0000e+00
    228.000     0.8190     0.8144   2.966232   2.965602    304.627     0.1186     0.1053    733.813   78.83660   -5.14830    34.7568    34.7538 0.0000e+00
    229.000     0.8440     0.8403   2.968710   2.968150    303.932     0.1213     0.1053    734.845   78.83660   -5.14830    34.7603    34.7572 0.0000e+00
    230.000     0.8254     0.8257   2.967123   2.966939    304.057     0.1210     0.1050    735.885   78.83660   -5.14830    34.7600    34.7572 0.0000e+00
    231.000     0.8252     0.8230   2.967239   2.966814    304.225     0.1222     0.1042    736.919   78.83660   -5.14830    34.7612    34.7580 0.0000e+00
    232.000     0.8027     0.8045   2.965331   2.965247    304.636     0.1208     0.1042    737.955   78.83660   -5.14830    34.7610    34.7579 0.0000e+00
    233.000     0.7817     0.7820   2.963535   2.963339    304.732     0.1194     0.1044    738.990   78.83660   -5.14830    34.7606    34.7578 0.0000e+00
    234.000     0.7737     0.7741   2.962978   2.962765    304.241     0.1219     0.1053    740.026   78.83660   -5.14830    34.7618    34.7586 0.0000e+00
    235.000     0.7508     0.7525   2.961059   2.960970    304.460     0.1215     0.1045    741.063   78.83660   -5.14830    34.7619    34.7588 0.0000e+00
    236.000     0.7243     0.7267   2.958720   2.958709    304.554     0.1202     0.1049    742.105   78.83660   -5.14830    34.7606    34.7578 0.0000e+00
    237.000     0.6936     0.7019   2.956091   2.956533    304.165     0.1257     0.1068    743.147   78.83660   -5.14828    34.7602    34.7566 0.0000e+00
    238.000     0.6155     0.6199   2.949204   2.949329    304.603     0.1223     0.1074    744.202   78.83660   -5.14828    34.7576    34.7543 0.0000e+00
    239.000     0.6245     0.6211   2.950151   2.949621    303.457     0.1186     0.1065    745.258   78.83660   -5.14828    34.7592    34.7562 0.0000e+00
    240.000     0.6548     0.6474   2.953065   2.952205    302.503     0.1255     0.1058    746.311   78.83660   -5.14828    34.7626    34.7597 0.0000e+00
    241.000     0.7029     0.6980   2.957776   2.957097    301.922     0.1212     0.1069    747.364   78.83660   -5.14828    34.7693    34.7660 0.0000e+00
    242.000     0.6988     0.6975   2.957575   2.957252    302.913     0.1234     0.1065    748.419   78.83660   -5.14828    34.7707    34.7679 0.0000e+00
    243.000     0.6666     0.6726   2.954757   2.955056    303.606     0.1205     0.1046    749.471   78.83660   -5.14828    34.7696    34.7667 0.0000e+00
    244.000     0.6475     0.6467   2.953221   2.952926    303.064     0.1183     0.1068    750.546   78.83660   -5.14828    34.7705    34.7675 0.0000e+00
    245.000     0.6570     0.6549   2.954308   2.953900    302.786     0.1183     0.1055    751.666   78.83660   -5.14827    34.7734    34.7703 0.0000e+00
    246.000     0.6566     0.6551   2.954377   2.954027    303.014     0.1214     0.1051    752.791   78.83660   -5.14826    34.7740    34.7712 0.0000e+00
    247.000     0.6581     0.6566   2.954635   2.954284    303.188     0.1218     0.1042    753.907   78.83660   -5.14826    34.7752    34.7723 0.0000e+00
    248.000     0.6548     0.6537   2.954452   2.954148    303.327     0.1222     0.1054    755.032   78.83660   -5.14826    34.7759    34.7731 0.0000e+00
    249.000     0.6498     0.6490   2.954100   2.953814    303.624     0.1218     0.1051    756.152   78.83660   -5.14826    34.7763    34.7735 0.0000e+00
    250.000     0.6476     0.6464   2.953969   2.953649    303.330     0.1221     0.1044    757.276   78.83660   -5.14826    34.7765    34.7737 0.0000e+00
    251.000     0.6463     0.6450   2.953937   2.953605    302.889     0.1226     0.1075    758.402   78.83660   -5.14826    34.7769    34.7741 0.0000e+00
    252.000     0.6461     0.6445   2.954044   2.953690    302.919     0.1218     0.1068    759.529   78.83660   -5.14826    34.7780    34.7751 0.0000e+00
    253.000     0.6520     0.6496   2.954767   2.954335    303.127     0.1188     0.1043    760.660   78.83660   -5.14825    34.7801    34.7772 0.0000e+00
    254.000     0.6561     0.6542   2.955275   2.954901    302.961     0.1187     0.1032    761.800   78.83660   -5.14824    34.7816    34.7788 0.0000e+00
    255.000     0.6583     0.6565   2.955609   2.955236    302.952     0.1215     0.1062    762.932   78.83660   -5.14824    34.7828    34.7800 0.0000e+00
    256.000     0.6653     0.6623   2.956397   2.955918    302.859     0.1241     0.1053    764.064   78.83660   -5.14824    34.7847    34.7818 0.0000e+00
    257.000     0.6732     0.6711   2.957250   2.956865    302.938     0.1215     0.1050    765.200   78.83660   -5.14824    34.7863    34.7836 0.0000e+00
    258.000     0.6826     0.6799   2.958230   2.957784    302.899     0.1257     0.1042    766.340   78.83660   -5.14824    34.7879    34.7851 0.0000e+00
    259.000     0.7035     0.6982   2.960415   2.959734    303.125     0.1245     0.1052    767.492   78.83660   -5.14824    34.7923    34.7894 0.0000e+00
    260.000     0.7190     0.7160   2.961942   2.961480    303.382     0.1236     0.1043    768.644   78.83660   -5.14824    34.7942    34.7915 0.0000e+00
    261.000     0.7335     0.7297   2.963422   2.962900    303.679     0.1246     0.1040    769.796   78.83660   -5.14823    34.7966    34.7940 0.0000e+00
    262.000     0.7426     0.7403   2.964371   2.963969    303.423     0.1221     0.1031    770.948   78.83660   -5.14822    34.7980    34.7955 0.0000e+00
    263.000     0.7542     0.7497   2.965590   2.964990    303.304     0.1204     0.1050    772.107   78.83660   -5.14822    34.8003    34.7976 0.0000e+00
    264.000     0.7930     0.7868   2.969372   2.968647    303.547     0.1192     0.1052    773.248   78.83660   -5.14822    34.8052    34.8028 0.0000e+00
    265.000     0.8040     0.8012   2.970519   2.970094    303.940     0.1212     0.1041    774.361   78.83660   -5.14822    34.8072    34.8048 0.0000e+00
    266.000     0.8162     0.8128   2.971780   2.971309    304.793     0.1203     0.1042    775.457   78.83660   -5.14822    34.8093    34.8070 0.0000e+00
    267.000     0.8286     0.8259   2.973014   2.972585    305.134     0.1175     0.1040    776.561   78.83660   -5.14822    34.8108    34.8084 0.0000e+00
    268.000     0.8250     0.8244   2.972793   2.972543    305.181     0.1208     0.1031    777.666   78.83660   -5.14821    34.8114    34.8089 0.0000e+00
    269.000     0.8227     0.8214   2.972696   2.972398    305.331     0.1216     0.1049    778.770   78.83660   -5.14820    34.8121    34.8097 0.0000e+00
    270.000     0.8130     0.8115   2.971904   2.971592    305.480     0.1223     0.1042    779.876   78.83660   -5.14820    34.8122    34.8098 0.0000e+00
    271.000     0.8219     0.8182   2.972823   2.972302    305.159     0.1217     0.1041    780.983   78.83660   -5.14820    34.8134    34.8109 0.0000e+00
    272.000     0.8264     0.8247   2.973306   2.972973    305.109     0.1232     0.1069    782.091   78.83660   -5.14820    34.8142    34.8117 0.0000e+00
    273.000     0.8269     0.8243   2.973494   2.973070    305.093     0.1221     0.1051    783.201   78.83660   -5.14820    34.8154    34.8129 0.0000e+00
    274.000     0.8306     0.8283   2.973941   2.973543    304.708     0.1205     0.1040    784.313   78.83660   -5.14820    34.8165    34.8139 0.0000e+00
    275.000     0.8300     0.8289   2.973981   2.973684    304.693     0.1219     0.1048    785.419   78.83660   -5.14819    34.8170    34.8144 0.0000e+00
    276.000     0.8228     0.8216   2.973382   2.973071    304.868     0.1236     0.1045    786.529   78.83660   -5.14818    34.8168    34.8141 0.0000e+00
    277.000     0.8151     0.8142   2.972728   2.972455    305.701     0.1221     0.1049    787.635   78.83660   -5.14818    34.8164    34.8138 0.0000e+00
    278.000     0.8121     0.8111   2.972511   2.972232    305.429     0.1223     0.1052    788.746   78.83660   -5.14818    34.8163    34.8138 0.0000e+00
    279.000     0.8120     0.8101   2.972572   2.972207    304.839     0.1209     0.1055    789.854   78.83660   -5.14818    34.8166    34.8140 0.0000e+00
    280.000     0.8078     0.8064   2.972265   2.971929    304.220     0.1234     0.1047    790.957   78.83660   -5.14818    34.8167    34.8139 0.0000e+00
    281.000     0.7951     0.7945   2.971150   2.970898    304.787     0.1208     0.1041    792.074   78.83660   -5.14818    34.8159    34.8133 0.0000e+00
    282.000     0.7910     0.7900   2.970797   2.970518    304.877     0.1175     0.1048    793.207   78.83660   -5.14818    34.8154    34.8129 0.0000e+00
    283.000     0.7887     0.7873   2.970662   2.970353    304.862     0.1172     0.1061    794.336   78.83660   -5.14818    34.8156    34.8132 0.0000e+00
    284.000     0.7891     0.7875   2.970765   2.970435    305.044     0.1183     0.1057    795.467   78.83660   -5.14816    34.8159    34.8134 0.0000e+00
    285.000     0.7889     0.7874   2.970846   2.970518    304.762     0.1230     0.1056    796.600   78.83660   -5.14816    34.8165    34.8140 0.0000e+00
    286.000     0.7880     0.7869   2.970831   2.970535    304.673     0.1238     0.1048    797.732   78.83660   -5.14816    34.8168    34.8142 0.0000e+00
    287.000     0.7810     0.7799   2.970258   2.969954    304.009     0.1189     0.1035    798.863   78.83660   -5.14816    34.8166    34.8139 0.0000e+00
    288.000     0.7751     0.7740   2.969787   2.969491    303.614     0.1175     0.1042    799.999   78.83660   -5.14816    34.8165    34.8140 0.0000e+00
    289.000     0.7756     0.7742   2.969902   2.969588    303.938     0.1193     0.1041    801.132   78.83660   -5.14816    34.8169    34.8143 0.0000e+00
    290.000     0.7725     0.7707   2.969682   2.969333    304.417     0.1164     0.1035    802.267   78.83660   -5.14814    34.8169    34.8144 0.0000e+00
    291.000     0.7755     0.7741   2.970048   2.969724    304.164     0.1199     0.1034    803.399   78.83660   -5.14814    34.8177    34.8151 0.0000e+00
    292.000     0.7725     0.7706   2.969865   2.969505    303.923     0.1216     0.1043    804.534   78.83660   -5.14814    34.8180    34.8156 0.0000e+00
    293.000     0.7801     0.7786   2.970679   2.970353    304.453     0.1269     0.1043    805.659   78.83660   -5.14814    34.8195    34.8169 0.0000e+00
    294.000     0.7728     0.7721   2.970096   2.969839    304.976     0.1211     0.1045    806.777   78.83660   -5.14814    34.8196    34.8170 0.0000e+00
    295.000     0.7685     0.7670   2.969769   2.969449    304.841     0.1207     0.1060    807.877   78.83660   -5.14814    34.8196    34.8170 0.0000e+00
    296.000     0.7651     0.7638   2.969540   2.969228    303.980     0.1161     0.1059    808.980   78.83660   -5.14814    34.8198    34.8172 0.0000e+00
    297.000     0.7689     0.7658   2.969956   2.969473    304.589     0.1192     0.1052    810.084   78.83660   -5.14812    34.8203    34.8176 0.0000e+00
    298.000     0.7694     0.7673   2.970080   2.969709    304.509     0.1188     0.1062    811.190   78.83660   -5.14812    34.8208    34.8183 0.0000e+00
    299.000     0.7955     0.7911   2.972651   2.972089    303.951     0.1223     0.1044    812.297   78.83660   -5.14812    34.8243    34.8219 0.0000e+00
    300.000     0.8057     0.8031   2.973734   2.973312    304.175     0.1199     0.1042    813.403   78.83660   -5.14812    34.8263    34.8237 0.0000e+00
    301.000     0.8133     0.8108   2.974535   2.974114    303.721     0.1186     0.1042    814.515   78.83660   -5.14812    34.8275    34.8249 0.0000e+00
    302.000     0.8132     0.8117   2.974579   2.974259    303.881     0.1214     0.1040    815.624   78.83660   -5.14812    34.8276    34.8253 0.0000e+00
    303.000     0.8129     0.8115   2.974619   2.974293    304.656     0.1210     0.1032    816.732   78.83660   -5.14812    34.8280    34.8253 0.0000e+00
    304.000     0.7982     0.7987   2.973308   2.973167    305.115     0.1210     0.1041    817.836   78.83660   -5.14811    34.8269    34.8244 0.0000e+00
    305.000     0.7810     0.7808   2.971791   2.971575    305.317     0.1219     0.1030    818.946   78.83660   -5.14810    34.8258    34.8233 0.0000e+00
    306.000     0.7801     0.7784   2.971738   2.971405    305.290     0.1192     0.1032    820.049   78.83660   -5.14810    34.8256    34.8231 0.0000e+00
    307.000     0.7917     0.7884   2.972881   2.972411    304.825     0.1183     0.1042    821.154   78.83660   -5.14810    34.8268    34.8244 0.0000e+00
    308.000     0.8100     0.8066   2.974699   2.974222    304.344     0.1208     0.1031    822.259   78.83660   -5.14810    34.8293    34.8268 0.0000e+00
    309.000     0.8148     0.8131   2.975225   2.974889    304.617     0.1214     0.1042    823.365   78.83660   -5.14810    34.8301    34.8277 0.0000e+00
    310.000     0.8133     0.8122   2.975148   2.974859    304.766     0.1225     0.1033    824.478   78.83660   -5.14810    34.8301    34.8277 0.0000e+00
