test_project/cnv_input/010_bin.cnv
* Sea-Bird SBE 9 Data File:
* FileName = C:\Documents and Settings\ctd\Desktop\FS2022\data\010.hex
* Software Version Seasave V 7.21b
* Temperature SN = 2400
* Conductivity SN = 3447
* Number of Bytes Per Scan = 48
* Number of Voltage Words = 5
* Number of Scans Averaged by the Deck Unit = 1
* NMEA Latitude = 78 50.21 N
* NMEA Longitude = 005 08.97 W
* NMEA UTC (Time) = Sep 13 2022  22:25:41
* NMEA baud rate = 4800
** Cruise: FS 2022
** Ship: Silver Arctic
** Station (File Number):  010
** Latitude:
** Longitude:
** Echodepth (m):
** Seastate:
# nquan = 14
# nvalues = 876                         
# units = specified
# name 0 = prDM: Pressure, Digiquartz [db]
# name 1 = t090C: Temperature [ITS-90, deg C]
# name 2 = t190C: Temperature, 2 [ITS-90, deg C]
# name 3 = c0S/m: Conductivity [S/m]
# name 4 = c1S/m: Conductivity, 2 [S/m]
# name 5 = sbox0Mm/Kg: Oxygen, SBE 43 [umol/kg]
# name 6 = wetCDOM: Fluorescence, WET Labs CDOM [mg/m^3]
# name 7 = wetCDOM1: Fluorescence, WET Labs CDOM, 2 [mg/m^3]
# name 8 = timeS: Time, Elapsed [seconds]
# name 9 = latitude: Latitude [deg]
# name 10 = longitude: Longitude [deg]
# name 11 = sal00: Salinity, Practical [PSU]
# name 12 = sal11: Salinity, Practical, 2 [PSU]
# name 13 = flag: flag
# span 0 =      2.000,    877.000       
# span 1 =    -1.6461,     1.3050       
# span 2 =    -1.6471,     1.3024       
# span 3 =   2.352454,   3.009845       
# span 4 =   2.352074,   3.009564       
# span 5 =    300.662,    501.483       
# span 6 =     0.1125,     0.1831       
# span 7 =     0.1010,     0.1349       
# span 8 =    465.669,   1496.802       
# span 9 =   78.83497,   78.83668       
# span 10 =   -5.14878,   -5.14509      
# span 11 =    29.2283,    34.8806      
# span 12 =    29.2232,    34.8780      
# span 13 = 0.0000e+00, 0.0000e+00      
# interval = decibars: 1                
# start_time = Sep 13 2022 22:25:41 [NMEA time, first data scan]
# bad_flag = -9.990e-29
*END*
[from data line 826]
    828.000     0.1280     0.1265   2.942984   2.942682    308.277     0.1215     0.1043   1383.953   78.83522   -5.14636    34.8783    34.8760 0.0000e+00
    829.000     0.1267     0.1251   2.942917   2.942601    308.407     0.1251     0.1043   1384.956   78.83520   -5.14636    34.8783    34.8759 0.0000e+00
    830.000     0.1243     0.1227   2.942757   2.942449    308.583     0.1257     0.1042   1385.966   78.83520   -5.14635    34.8783    34.8761 0.0000e+00
    831.000     0.1233     0.1217   2.942719   2.942410    308.837     0.1253     0.1066   1386.971   78.83520   -5.14633    34.8784    34.8761 0.0000e+00
    832.000     0.1230     0.1214   2.942736   2.942423    308.378     0.1258     0.1069   1387.977   78.83520   -5.14630    34.8784    34.8761 0.0000e+00
    833.000     0.1216     0.1201   2.942673   2.942363    308.312     0.1237     0.1055   1388.984   78.83520   -5.14630    34.8785    34.8761 0.0000e+00
    834.000     0.1201     0.1184   2.942585   2.942272    308.682     0.1234     0.1041   1389.991   78.83520   -5.14629    34.8785    34.8763 0.0000e+00
    835.000     0.1195     0.1178   2.942577   2.942263    308.249     0.1184     0.1039   1390.997   78.83519   -5.14627    34.8785    34.8763 0.0000e+00
    836.000     0.1183     0.1167   2.942520   2.942207    308.721     0.1236     0.1030   1392.008   78.83518   -5.14624    34.8785    34.8763 0.0000e+00
    837.000     0.1174     0.1157   2.942493   2.942160    309.099     0.1231     0.1031   1393.014   78.83518   -5.14624    34.8786    34.8762 0.0000e+00
    838.000     0.1155     0.1139   2.942375   2.942067    308.944     0.1237     0.1051   1394.024   78.83518   -5.14622    34.8786    34.8763 0.0000e+00
    839.000     0.1122     0.1105   2.942149   2.941837    308.469     0.1256     0.1023   1395.035   78.83518   -5.14620    34.8788    34.8766 0.0000e+00
    840.000     0.1112     0.1096   2.942105   2.941799    308.648     0.1242     0.1047   1396.044   78.83518   -5.14620    34.8788    34.8765 0.0000e+00
    841.000     0.1104     0.1088   2.942085   2.941776    308.737     0.1213     0.1064   1397.050   78.83516   -5.14618    34.8788    34.8766 0.0000e+00
    842.000     0.1083     0.1068   2.941959   2.941657    308.762     0.1217     0.1061   1398.054   78.83516   -5.14616    34.8789    34.8766 0.0000e+00
    843.000     0.1075     0.1058   2.941928   2.941623    308.458     0.1221     0.1053   1399.059   78.83516   -5.14614    34.8789    34.8767 0.0000e+00
    844.000     0.1059     0.1044   2.941844   2.941538    308.591     0.1191     0.1049   1400.063   78.83516   -5.14614    34.8790    34.8767 0.0000e+00
    845.000     0.1052     0.1035   2.941830   2.941518    308.867     0.1219     0.1044   1401.068   78.83516   -5.14612    34.8790    34.8768 0.0000e+00
    846.000     0.1048     0.1031   2.941840   2.941528    308.960     0.1223     0.1052   1402.066   78.83514   -5.14610    34.8790    34.8768 0.0000e+00
    847.000     0.1033     0.1017   2.941770   2.941449    309.074     0.1187     0.1031   1403.068   78.83514   -5.14608    34.8792    34.8769 0.0000e+00
    848.000     0.1016     0.0999   2.941661   2.941356    309.111     0.1206     0.1050   1404.072   78.83514   -5.14606    34.8791    34.8770 0.0000e+00
    849.000     0.0996     0.0981   2.941535   2.941233    308.669     0.1210     0.1054   1405.077   78.83514   -5.14604    34.8791    34.8769 0.0000e+00
    850.000     0.0974     0.0959   2.941409   2.941101    308.537     0.1189     0.1047   1406.081   78.83514   -5.14602    34.8794    34.8771 0.0000e+00
    851.000     0.0969     0.0953   2.941409   2.941093    308.651     0.1208     0.1036   1407.085   78.83514   -5.14600    34.8794    34.8771 0.0000e+00
    852.000     0.0962     0.0945   2.941396   2.941080    308.558     0.1209     0.1033   1408.091   78.83514   -5.14598    34.8794    34.8771 0.0000e+00
    853.000     0.0951     0.0934   2.941338   2.941036    308.808     0.1260     0.1041   1409.096   78.83514   -5.14596    34.8794    34.8773 0.0000e+00
    854.000     0.0945     0.0929   2.941337   2.941029    308.737     0.1282     0.1043   1410.102   78.83512   -5.14596    34.8794    34.8772 0.0000e+00
    855.000     0.0940     0.0923   2.941342   2.941032    308.917     0.1245     0.1053   1411.107   78.83512   -5.14594    34.8795    34.8773 0.0000e+00
    856.000     0.0937     0.0921   2.941363   2.941054    309.041     0.1264     0.1052   1412.112   78.83512   -5.14592    34.8795    34.8773 0.0000e+00
    857.000     0.0936     0.0919   2.941397   2.941082    308.796     0.1243     0.1035   1413.122   78.83512   -5.14590    34.8795    34.8773 0.0000e+00
    858.000     0.0931     0.0915   2.941411   2.941106    308.545     0.1177     0.1047   1414.193   78.83512   -5.14588    34.8796    34.8775 0.0000e+00
    859.000     0.0921     0.0905   2.941382   2.941064    308.799     0.1161     0.1054   1415.384   78.83512   -5.14586    34.8798    34.8775 0.0000e+00
    860.000     0.0911     0.0895   2.941345   2.941030    308.987     0.1221     0.1054   1416.680   78.83512   -5.14583    34.8798    34.8776 0.0000e+00
    861.000     0.0906     0.0890   2.941365   2.941046    308.732     0.1261     0.1038   1418.103   78.83512   -5.14580    34.8801    34.8777 0.0000e+00
    862.000     0.0904     0.0891   2.941393   2.941108    308.675     0.1231     0.1026   1419.708   78.83512   -5.14579    34.8801    34.8779 0.0000e+00
    863.000     0.0907     0.0892   2.941460   2.941156    308.850     0.1210     0.1065   1421.580   78.83512   -5.14577    34.8802    34.8778 0.0000e+00
    864.000     0.0908     0.0893   2.941507   2.941203    309.000     0.1213     0.1071   1423.601   78.83510   -5.14574    34.8801    34.8778 0.0000e+00
    865.000     0.0908     0.0893   2.941556   2.941242    308.933     0.1199     0.1062   1425.629   78.83510   -5.14571    34.8801    34.8777 0.0000e+00
    866.000     0.0909     0.0894   2.941612   2.941296    308.667     0.1227     0.1048   1427.637   78.83510   -5.14569    34.8802    34.8776 0.0000e+00
    867.000     0.0909     0.0894   2.941655   2.941346    308.676     0.1205     0.1042   1429.647   78.83509   -5.14567    34.8802    34.8778 0.0000e+00
    868.000     0.0908     0.0894   2.941694   2.941385    308.418     0.1237     0.1041   1431.655   78.83508   -5.14565    34.8802    34.8778 0.0000e+00
    869.000     0.0904     0.0890   2.941703   2.941406    308.632     0.1230     0.1036   1433.654   78.83508   -5.14563    34.8802    34.8779 0.0000e+00
    870.000     0.0892     0.0879   2.941650   2.941362    308.339     0.1193     0.1049   1435.667   78.83508   -5.14562    34.8802    34.8779 0.0000e+00
    871.000     0.0884     0.0868   2.941615   2.941308    308.749     0.1223     0.1057   1437.670   78.83506   -5.14561    34.8801    34.8779 0.0000e+00
    872.000     0.0867     0.0854   2.941508   2.941228    308.633     0.1237     0.1037   1439.680   78.83506   -5.14560    34.8801    34.8778 0.0000e+00
    873.000     0.0863     0.0847   2.941525   2.941209    308.395     0.1218     0.1034   1441.666   78.83506   -5.14558    34.8802    34.8778 0.0000e+00
    874.000     0.0862     0.0847   2.941564   2.941254    308.500     0.1237     0.1060   1443.643   78.83505   -5.14557    34.8802    34.8778 0.0000e+00
    875.000     0.0854     0.0840   2.941545   2.941249    308.968     0.1219     0.1047   1445.603   78.83504   -5.14556    34.8803    34.8779 0.0000e+00
    876.000     0.0855     0.0840   2.941601   2.941293    308.768     0.1230     0.1053   1447.614   78.83504   -5.14554    34.8804    34.8780 0.0000e+00
    877.000     0.0861     0.0842   2.941714   2.941338    308.721     0.1194     0.1028   1496.802   78.83497   -5.14509    34.8806    34.8778 0.0000e+00
