test_project/cnv_input/011_bin.cnv
* Sea-Bird SBE 9 Data File:
* FileName = C:\Documents and Settings\ctd\Desktop\FS2022\data\011.hex
* Software Version Seasave V 7.21b
* Temperature SN = 2400
* Conductivity SN = 3447
* Number of Bytes Per Scan = 48
* Number of Voltage Words = 5
* Number of Scans Averaged by the Deck Unit = 1
* NMEA Latitude = 78 55.05 N
* NMEA Longitude = 007 29.92 W
* NMEA UTC (Time) = Sep 14 2022  06:11:30
* NMEA baud rate = 4800
** Cruise: FS 2022
** Ship: Silver Arctic
** Station (File Number):  011
** Latitude:
** Longitude:
** Echodepth (m):
** Seastate:
# nquan = 14
# nvalues = 165                         
# units = specified
# name 0 = prDM: Pressure, Digiquartz [db]
# name 1 = t090C: Temperature [ITS-90, deg C]
# name 2 = t190C: Temperature, 2 [ITS-90, deg C]
# name 3 = c0S/m: Conductivity [S/m]
# name 4 = c1S/m: Conductivity, 2 [S/m]
# name 5 = sbox0Mm/Kg: Oxygen, SBE 43 [umol/kg]
# name 6 = wetCDOM: Fluorescence, WET Labs CDOM [mg/m^3]
# name 7 = wetCDOM1: Fluorescence, WET Labs CDOM, 2 [mg/m^3]
# name 8 = timeS: Time, Elapsed [seconds]
# name 9 = latitude: Latitude [deg]
# name 10 = longitude: Longitude [deg]
# name 11 = sal00: Salinity, Practical [PSU]
# name 12 = sal11: Salinity, Practical, 2 [PSU]
# name 13 = flag: flag
# span 0 =     15.000,    183.000       
# span 1 =    -1.6216,     0.0276       
# span 2 =    -1.6228,     0.0267       
# span 3 =   0.006199,   2.874441       
# span 4 =   2.462692,   2.874364       
# span 5 =    305.144,    401.091       
# span 6 =     0.1327,     0.1692       
# span 7 =     0.1093,     0.1290       
# span 8 =    205.581,   1038.009       
# span 9 =   78.73072,   79.11016       
# span 10 =   -7.51618,   -7.47969      
# span 11 =     0.0532,    34.4607      
# span 12 =    30.6953,    34.4606      
# span 13 = 0.0000e+00, 0.0000e+00      
# interval = decibars: 1                
# start_time = Sep 14 2022 06:11:31 [NMEA time, first data scan]
# bad_flag = -9.990e-29
*END*
     15.000    -1.3312    -1.3334   0.011396   2.720913    396.264     0.1476     0.1207    205.581   78.91736   -7.49758     0.1020    34.0411 0.0000e+00
     16.000    -1.3452    -1.3416   0.011904   2.724408    395.012     0.1473     0.1196    207.821   78.91736   -7.49758     0.1069    34.0981 0.0000e+00
     17.000    -1.3513    -1.3462   0.012035   2.726281    396.481     0.1482     0.1207    210.133   78.91736   -7.49756     0.1082    34.1286 0.0000e+00
     18.000    -1.3576    -1.3540   0.014215   2.725458    395.183     0.1443     0.1206    212.470   78.91736   -7.49755     0.1291    34.1254 0.0000e+00
     19.000    -1.3659    -1.3616   0.017437   2.723040    393.990     0.1447     0.1197    214.827   78.91736   -7.49754     0.1601    34.1001 0.0000e+00
     20.000    -1.3765    -1.3772   0.085532   2.719092    392.902     0.1504     0.1216    217.164   78.91736   -7.49754     0.8659    34.0629 0.0000e+00
     24.000    -1.4331    -1.4340   0.008987   2.485635    363.372     0.1538     0.1217    354.728   78.73072   -7.47969     0.0794    30.9287 0.0000e+00
     25.000    -1.4535    -1.4538   0.007643   2.489397    369.673     0.1545     0.1235    358.582   78.91736   -7.49742     0.0668    30.9894 0.0000e+00
     26.000    -1.4629    -1.4638   0.006199   2.486990    376.287     0.1548     0.1229    361.762   78.91736   -7.49742     0.0532    30.9664 0.0000e+00
     27.000    -1.4700    -1.4720   0.287974   2.484845    372.438     0.1573     0.1232    364.916   78.91736   -7.49742     3.2638    30.9450 0.0000e+00
     28.000    -1.4771    -1.4780   1.114343   2.483062    347.701     0.1553     0.1245    368.058   78.91736   -7.49742    12.9518    30.9262 0.0000e+00
     29.000    -1.4850    -1.4857   1.209954   2.480640    345.647     0.1541     0.1239    371.211   78.91736   -7.49742    14.1566    30.9006 0.0000e+00
     30.000    -1.4999    -1.4989   1.250497   2.478615    344.682     0.1579     0.1232    374.330   78.91736   -7.49742    14.6765    30.8860 0.0000e+00
     31.000    -1.5039    -1.5051   1.268477   2.476705    344.051     0.1572     0.1234    377.445   78.91736   -7.49742    14.9063    30.8657 0.0000e+00
     32.000    -1.5085    -1.5103   1.271048   2.474838    343.494     0.1567     0.1243    380.557   78.91736   -7.49742    14.9410    30.8450 0.0000e+00
     33.000    -1.5143    -1.5171   1.274141   2.472952    342.635     0.1588     0.1232    383.692   78.91736   -7.49742    14.9829    30.8257 0.0000e+00
     34.000    -1.5179    -1.5223   1.403922   2.471082    337.208     0.1565     0.1253    386.858   78.91736   -7.49742    16.6463    30.8048 0.0000e+00
     35.000    -1.5227    -1.5273   1.463172   2.469232    333.551     0.1582     0.1254    389.989   78.91736   -7.49742    17.4059    30.7841 0.0000e+00
     36.000    -1.5260    -1.5287   1.535493   2.467437    330.773     0.1562     0.1240    393.049   78.91736   -7.49742    18.3424    30.7604 0.0000e+00
     37.000    -1.5271    -1.5292   1.467120   2.465791    331.143     0.1551     0.1236    396.029   78.91736   -7.49742    17.4587    30.7378 0.0000e+00
     38.000    -1.5277    -1.5295   1.460834   2.464309    328.831     0.1566     0.1235    399.015   78.91736   -7.49742    17.3777    30.7173 0.0000e+00
     39.000    -1.5285    -1.5301   1.485370   2.462692    327.024     0.1621     0.1231    402.026   78.91736   -7.49742    17.6942    30.6953 0.0000e+00
     40.000    -1.5292    -1.5302   1.673514   2.464661    324.459     0.1557     0.1252    426.010   78.91736   -7.49747    20.1567    30.7218 0.0000e+00
     41.000    -1.5327    -1.5334   2.540286   2.532896    401.091     0.1618     0.1253    845.556   78.91740   -7.49849    31.7574    31.6595 0.0000e+00
     42.000    -1.5348    -1.5358   2.532889   2.532570    400.613     0.1614     0.1242    842.876   78.91740   -7.49848    31.6603    31.6570 0.0000e+00
     43.000    -1.5442    -1.5446   2.532994   2.532738    400.843     0.1617     0.1240    843.911   78.91740   -7.49848    31.6711    31.6680 0.0000e+00
     44.000    -1.5536    -1.5537   2.532988   2.532738    401.045     0.1590     0.1231    844.950   78.91740   -7.49848    31.6804    31.6772 0.0000e+00
     45.000    -1.5637    -1.5640   2.532975   2.532719    400.366     0.1626     0.1230    845.972   78.91740   -7.49847    31.6905    31.6873 0.0000e+00
     46.000    -1.5747    -1.5755   2.532865   2.532610    400.308     0.1603     0.1238    846.976   78.91740   -7.49846    31.7001    31.6974 0.0000e+00
     47.000    -1.5805    -1.5811   2.533028   2.532762    400.596     0.1641     0.1249    847.979   78.91740   -7.49846    31.7079    31.7049 0.0000e+00
     48.000    -1.5854    -1.5864   2.533146   2.532893    400.603     0.1632     0.1261    848.986   78.91740   -7.49846    31.7142    31.7117 0.0000e+00
     49.000    -1.5869    -1.5880   2.533316   2.533044    399.584     0.1608     0.1259    849.995   78.91740   -7.49846    31.7175    31.7150 0.0000e+00
     50.000    -1.5884    -1.5894   2.533478   2.533211    398.509     0.1592     0.1242    851.001   78.91740   -7.49846    31.7207    31.7181 0.0000e+00
     51.000    -1.5887    -1.5898   2.533565   2.533298    398.644     0.1606     0.1238    852.005   78.91740   -7.49846    31.7217    31.7191 0.0000e+00
     52.000    -1.5892    -1.5902   2.533630   2.533375    398.808     0.1657     0.1232    853.008   78.91740   -7.49846    31.7225    31.7201 0.0000e+00
     53.000    -1.5929    -1.5932   2.533638   2.533390    398.335     0.1655     0.1251    854.011   78.91740   -7.49846    31.7259    31.7228 0.0000e+00
     54.000    -1.5963    -1.5971   2.533702   2.533436    398.157     0.1632     0.1251    855.014   78.91740   -7.49846    31.7299    31.7271 0.0000e+00
     55.000    -1.5986    -1.5997   2.533963   2.533674    397.663     0.1619     0.1252    856.016   78.91740   -7.49846    31.7353    31.7325 0.0000e+00
     56.000    -1.6001    -1.6011   2.534312   2.534024    397.075     0.1611     0.1263    857.021   78.91740   -7.49846    31.7411    31.7381 0.0000e+00
     57.000    -1.6020    -1.6028   2.534523   2.534257    397.492     0.1617     0.1270    858.025   78.91740   -7.49846    31.7454    31.7426 0.0000e+00
     58.000    -1.6053    -1.6061   2.534535   2.534275    396.885     0.1633     0.1264    859.031   78.91740   -7.49846    31.7486    31.7458 0.0000e+00
     59.000    -1.6058    -1.6070   2.534814   2.534521    396.427     0.1642     0.1254    860.035   78.91740   -7.49845    31.7522    31.7496 0.0000e+00
     60.000    -1.6046    -1.6056   2.535228   2.534957    396.158     0.1639     0.1251    861.041   78.91740   -7.49844    31.7561    31.7535 0.0000e+00
     61.000    -1.6087    -1.6094   2.535328   2.535077    396.123     0.1631     0.1243    862.046   78.91740   -7.49844    31.7613    31.7586 0.0000e+00
     62.000    -1.6133    -1.6143   2.535450   2.535187    395.870     0.1625     0.1264    863.054   78.91740   -7.49844    31.7673    31.7648 0.0000e+00
     63.000    -1.6146    -1.6157   2.536149   2.535880    396.091     0.1657     0.1269    864.060   78.91740   -7.49844    31.7776    31.7751 0.0000e+00
     64.000    -1.6148    -1.6160   2.536610   2.536332    396.399     0.1657     0.1270    865.063   78.91740   -7.49844    31.7837    31.7811 0.0000e+00
     65.000    -1.6121    -1.6134   2.537238   2.536958    396.580     0.1629     0.1260    866.069   78.91739   -7.49844    31.7887    31.7863 0.0000e+00
     66.000    -1.6117    -1.6128   2.537439   2.537193    396.361     0.1664     0.1251    867.074   78.91738   -7.49844    31.7905    31.7883 0.0000e+00
     67.000    -1.6123    -1.6135   2.537553   2.537296    395.727     0.1638     0.1258    868.078   78.91738   -7.49844    31.7922    31.7898 0.0000e+00
     68.000    -1.6129    -1.6140   2.537634   2.537382    394.800     0.1605     0.1264    869.078   78.91738   -7.49844    31.7933    31.7910 0.0000e+00
     69.000    -1.6123    -1.6136   2.538216   2.537951    394.528     0.1618     0.1243    870.079   78.91738   -7.49844    31.8001    31.7978 0.0000e+00
     70.000    -1.6114    -1.6121   2.539011   2.538789    394.404     0.1665     0.1254    871.079   78.91738   -7.49843    31.8094    31.8072 0.0000e+00
     71.000    -1.6143    -1.6156   2.539443   2.539186    394.723     0.1684     0.1254    872.085   78.91738   -7.49842    31.8179    31.8157 0.0000e+00
     72.000    -1.6135    -1.6145   2.540265   2.540018    394.536     0.1657     0.1265    873.090   78.91738   -7.49842    31.8278    31.8255 0.0000e+00
     73.000    -1.6182    -1.6191   2.540454   2.540206    393.960     0.1643     0.1262    874.097   78.91738   -7.49842    31.8348    31.8323 0.0000e+00
     74.000    -1.6191    -1.6204   2.541066   2.540808    393.437     0.1656     0.1260    875.104   78.91738   -7.49842    31.8436    31.8414 0.0000e+00
     75.000    -1.5961    -1.5974   2.544120   2.543882    392.447     0.1663     0.1269    876.108   78.91738   -7.49842    31.8604    31.8584 0.0000e+00
     76.000    -1.6057    -1.6063   2.543724   2.543502    392.159     0.1673     0.1267    877.116   78.91738   -7.49842    31.8646    31.8622 0.0000e+00
     77.000    -1.6157    -1.6165   2.543017   2.542781    392.193     0.1641     0.1256    878.124   78.91738   -7.49842    31.8650    31.8626 0.0000e+00
     78.000    -1.6210    -1.6222   2.542906   2.542637    391.786     0.1620     0.1266    879.131   78.91738   -7.49842    31.8685    31.8661 0.0000e+00
     79.000    -1.6216    -1.6228   2.543220   2.542962    391.159     0.1657     0.1243    880.135   78.91738   -7.49841    31.8729    31.8706 0.0000e+00
     80.000    -1.6212    -1.6224   2.543914   2.543654    390.835     0.1692     0.1241    881.140   78.91738   -7.49840    31.8815    31.8791 0.0000e+00
     81.000    -1.6174    -1.6184   2.545386   2.545145    390.471     0.1622     0.1259    882.144   78.91738   -7.49840    31.8970    31.8948 0.0000e+00
     82.000    -1.6183    -1.6194   2.546606   2.546351    390.574     0.1613     0.1270    883.147   78.91738   -7.49840    31.9142    31.9119 0.0000e+00
     83.000    -1.6156    -1.6169   2.547911   2.547643    390.620     0.1640     0.1263    884.148   78.91738   -7.49840    31.9287    31.9263 0.0000e+00
     84.000    -1.6074    -1.6086   2.549698   2.549450    389.651     0.1660     0.1254    885.150   78.91738   -7.49840    31.9438    31.9417 0.0000e+00
     85.000    -1.6051    -1.6063   2.550822   2.550572    388.750     0.1634     0.1257    886.152   78.91738   -7.49840    31.9563    31.9541 0.0000e+00
     86.000    -1.6048    -1.6060   2.552401   2.552122    388.454     0.1627     0.1268    887.154   78.91738   -7.49840    31.9771    31.9745 0.0000e+00
     87.000    -1.6004    -1.6016   2.555066   2.554798    388.186     0.1648     0.1269    888.159   78.91738   -7.49838    32.0084    32.0060 0.0000e+00
     88.000    -1.5918    -1.5929   2.557827   2.557610    387.037     0.1669     0.1277    889.167   78.91738   -7.49838    32.0366    32.0348 0.0000e+00
     89.000    -1.5854    -1.5865   2.560361   2.560146    386.430     0.1665     0.1278    890.174   78.91738   -7.49838    32.0639    32.0621 0.0000e+00
     90.000    -1.5820    -1.5833   2.561659   2.561395    386.037     0.1653     0.1286    891.180   78.91738   -7.49838    32.0775    32.0753 0.0000e+00
     91.000    -1.5765    -1.5778   2.564474   2.564213    384.739     0.1636     0.1287    892.189   78.91738   -7.49838    32.1098    32.1075 0.0000e+00
     92.000    -1.5627    -1.5641   2.568046   2.567816    383.388     0.1674     0.1278    893.189   78.91738   -7.49838    32.1433    32.1418 0.0000e+00
     93.000    -1.5406    -1.5417   2.573343   2.573170    382.713     0.1667     0.1278    894.189   78.91738   -7.49838    32.1917    32.1905 0.0000e+00
     94.000    -1.5200    -1.5214   2.579921   2.579679    381.990     0.1649     0.1269    895.193   78.91738   -7.49838    32.2593    32.2575 0.0000e+00
     95.000    -1.5018    -1.5030   2.585713   2.585509    380.837     0.1665     0.1256    896.203   78.91738   -7.49836    32.3186    32.3170 0.0000e+00
     96.000    -1.4812    -1.4831   2.591933   2.591563    379.237     0.1684     0.1275    897.206   78.91738   -7.49836    32.3810    32.3780 0.0000e+00
     97.000    -1.4627    -1.4642   2.598301   2.598064    377.428     0.1680     0.1290    898.214   78.91738   -7.49836    32.4477    32.4461 0.0000e+00
     98.000    -1.4453    -1.4468   2.602883   2.602610    374.416     0.1651     0.1284    899.225   78.91738   -7.49836    32.4911    32.4890 0.0000e+00
     99.000    -1.4324    -1.4338   2.606280   2.606061    372.599     0.1633     0.1274    900.228   78.91738   -7.49836    32.5231    32.5216 0.0000e+00
    100.000    -1.4116    -1.4129   2.612239   2.611985    370.386     0.1666     0.1269    901.236   78.91738   -7.49836    32.5815    32.5795 0.0000e+00
    101.000    -1.3998    -1.4018   2.615557   2.615162    368.638     0.1604     0.1260    902.241   78.91738   -7.49836    32.6135    32.6103 0.0000e+00
    102.000    -1.3824    -1.3819   2.620284   2.620522    367.939     0.1669     0.1233    903.245   78.91738   -7.49834    32.6587    32.6615 0.0000e+00
    103.000    -1.3693    -1.3694   2.623814   2.623912    366.944     0.1640     0.1267    904.243   78.91738   -7.49834    32.6922    32.6937 0.0000e+00
    104.000    -1.3344    -1.3357   2.632994   2.632830    365.445     0.1640     0.1255    905.240   78.91738   -7.49834    32.7791    32.7783 0.0000e+00
    105.000    -1.3216    -1.3232   2.636474   2.636169    364.406     0.1651     0.1274    906.244   78.91738   -7.49834    32.8121    32.8098 0.0000e+00
    106.000    -1.2910    -1.2939   2.642766   2.642446    363.155     0.1641     0.1280    907.255   78.91738   -7.49834    32.8641    32.8628 0.0000e+00
    107.000    -1.2286    -1.2294   2.652623   2.652486    360.596     0.1621     0.1264    908.257   78.91738   -7.49834    32.9296    32.9287 0.0000e+00
    108.000    -1.2281    -1.2292   2.654205   2.654016    359.783     0.1624     0.1248    909.255   78.91738   -7.49832    32.9501    32.9487 0.0000e+00
    109.000    -1.2148    -1.2162   2.657967   2.657792    359.004     0.1640     0.1239    910.255   78.91738   -7.49832    32.9863    32.9854 0.0000e+00
    110.000    -1.1982    -1.1993   2.661192   2.661043    356.809     0.1627     0.1229    911.254   78.91738   -7.49832    33.0113    33.0105 0.0000e+00
    111.000    -1.1716    -1.1722   2.666339   2.666318    354.930     0.1599     0.1228    912.253   78.91738   -7.49832    33.0517    33.0521 0.0000e+00
    112.000    -1.1500    -1.1510   2.670871   2.670740    353.279     0.1588     0.1219    913.247   78.91738   -7.49832    33.0891    33.0884 0.0000e+00
    113.000    -1.1366    -1.1380   2.673587   2.673407    352.056     0.1609     0.1218    914.241   78.91738   -7.49832    33.1107    33.1098 0.0000e+00
    114.000    -1.1130    -1.1142   2.678827   2.678672    351.047     0.1627     0.1234    915.239   78.91738   -7.49832    33.1554    33.1547 0.0000e+00
    115.000    -1.0982    -1.0995   2.682238   2.682061    350.184     0.1616     0.1240    916.240   78.91738   -7.49830    33.1849    33.1839 0.0000e+00
    116.000    -1.0845    -1.0856   2.685692   2.685530    349.401     0.1593     0.1237    917.239   78.91738   -7.49830    33.2163    33.2153 0.0000e+00
    117.000    -1.0711    -1.0724   2.688724   2.688572    348.538     0.1585     0.1224    918.245   78.91738   -7.49830    33.2421    33.2414 0.0000e+00
    118.000    -1.0543    -1.0553   2.691852   2.691716    347.087     0.1582     0.1220    919.245   78.91738   -7.49830    33.2655    33.2648 0.0000e+00
    119.000    -1.0421    -1.0433   2.694119   2.693963    345.915     0.1560     0.1220    920.250   78.91738   -7.49830    33.2822    33.2814 0.0000e+00
    120.000    -1.0278    -1.0290   2.696970   2.696789    345.126     0.1521     0.1228    921.253   78.91738   -7.49830    33.3045    33.3034 0.0000e+00
