test_project/cnv_input/011_bin.cnv
* Sea-Bird SBE 9 Data File:
* FileName = C:\Documents and Settings\ctd\Desktop\FS2022\data\011.hex
* Software Version Seasave V 7.21b
* Temperature SN = 2400
* Conductivity SN = 3447
* Number of Bytes Per Scan = 48
* Number of Voltage Words = 5
* Number of Scans Averaged by the Deck Unit = 1
* NMEA Latitude = 78 55.05 N
* NMEA Longitude = 007 29.92 W
* NMEA UTC (Time) = Sep 14 2022  06:11:30
* NMEA baud rate = 4800
** Cruise: FS 2022
** Ship: Silver Arctic
** Station (File Number):  011
** Latitude:
** Longitude:
** Echodepth (m):
** Seastate:
# nquan = 14
# nvalues = 165                         
# units = specified
# name 0 = prDM: Pressure, Digiquartz [db]
# name 1 = t090C: Temperature [ITS-90, deg C]
# name 2 = t190C: Temperature, 2 [ITS-90, deg C]
# name 3 = c0S/m: Conductivity [S/m]
# name 4 = c1S/m: Conductivity, 2 [S/m]
# name 5 = sbox0Mm/Kg: Oxygen, SBE 43 [umol/kg]
# name 6 = wetCDOM: Fluorescence, WET Labs CDOM [mg/m^3]
# name 7 = wetCDOM1: Fluorescence, WET Labs CDOM, 2 [mg/m^3]
# name 8 = timeS: Time, Elapsed [seconds]
# name 9 = latitude: Latitude [deg]
# name 10 = longitude: Longitude [deg]
# name 11 = sal00: Salinity, Practical [PSU]
# name 12 = sal11: Salinity, Practical, 2 [PSU]
# name 13 = flag: flag
# span 0 =     15.000,    183.000       
# span 1 =    -1.6216,     0.0276       
# span 2 =    -1.6228,     0.0267       
# span 3 =   0.006199,   2.874441       
# span 4 =   2.462692,   2.874364       
# span 5 =    305.144,    401.091       
# span 6 =     0.1327,     0.1692       
# span 7 =     0.1093,     0.1290       
# span 8 =    205.581,   1038.009       
# span 9 =   78.73072,   79.11016       
# span 10 =   -7.51618,   -7.47969      
# span 11 =     0.0532,    34.4607      
# span 12 =    30.6953,    34.4606      
# span 13 = 0.0000e+00, 0.0000e+00      
# interval = decibars: 1                
# start_time = Sep 14 2022 06:11:31 [NMEA time, first data scan]
# bad_flag = -9.990e-29
*END*
[from data line 104]
    122.000    -1.0014    -1.0026   2.703507   2.703308    343.751     0.1591     0.1216    923.299   78.91738   -7.49828    33.3629    33.3615 0.0000e+00
    123.000    -0.9911    -0.9927   2.705986   2.705760    342.785     0.1566     0.1235    924.335   78.91738   -7.49828    33.3845    33.3832 0.0000e+00
    124.000    -0.9672    -0.9686   2.711687   2.711479    342.133     0.1559     0.1235    925.366   78.91738   -7.49828    33.4349    33.4335 0.0000e+00
    125.000    -0.9411    -0.9428   2.716630   2.716487    341.659     0.1563     0.1224    926.396   78.91738   -7.49828    33.4723    33.4723 0.0000e+00
    126.000    -0.9075    -0.9093   2.721895   2.721631    340.588     0.1563     0.1216    927.424   78.91738   -7.49828    33.5058    33.5042 0.0000e+00
    127.000    -0.9091    -0.9104   2.725052   2.724885    339.237     0.1563     0.1209    928.452   78.91738   -7.49828    33.5498    33.5490 0.0000e+00
    128.000    -0.9034    -0.9049   2.727132   2.726925    337.285     0.1551     0.1214    929.474   78.91738   -7.49826    33.5711    33.5699 0.0000e+00
    129.000    -0.8919    -0.8935   2.728865   2.728635    335.816     0.1519     0.1199    930.502   78.91738   -7.49826    33.5811    33.5798 0.0000e+00
    130.000    -0.8792    -0.8804   2.730894   2.730743    335.487     0.1527     0.1195    931.531   78.91738   -7.49826    33.5939    33.5931 0.0000e+00
    131.000    -0.8453    -0.8464   2.735390   2.735264    335.306     0.1515     0.1201    932.563   78.91738   -7.49826    33.6163    33.6159 0.0000e+00
    132.000    -0.8292    -0.8303   2.739123   2.738942    335.318     0.1494     0.1201    933.592   78.91738   -7.49826    33.6483    33.6470 0.0000e+00
    133.000    -0.8256    -0.8269   2.741955   2.741793    334.972     0.1514     0.1196    934.622   78.91738   -7.49826    33.6820    33.6813 0.0000e+00
    134.000    -0.8106    -0.8117   2.745695   2.745570    334.387     0.1508     0.1191    935.656   78.91738   -7.49824    33.7152    33.7149 0.0000e+00
    135.000    -0.8061    -0.8074   2.747895   2.747724    333.669     0.1496     0.1191    936.685   78.91738   -7.49824    33.7394    33.7386 0.0000e+00
    136.000    -0.7837    -0.7854   2.751273   2.751091    332.609     0.1527     0.1198    937.720   78.91738   -7.49824    33.7594    33.7589 0.0000e+00
    137.000    -0.7600    -0.7613   2.755260   2.755095    331.234     0.1527     0.1193    938.752   78.91738   -7.49824    33.7863    33.7855 0.0000e+00
    138.000    -0.7491    -0.7506   2.757621   2.757428    330.427     0.1504     0.1172    939.779   78.91738   -7.49824    33.8054    33.8044 0.0000e+00
    139.000    -0.7305    -0.7317   2.760575   2.760411    329.945     0.1505     0.1172    940.808   78.91738   -7.49823    33.8238    33.8230 0.0000e+00
    140.000    -0.7196    -0.7209   2.762360   2.762208    329.141     0.1497     0.1173    941.840   78.91738   -7.49822    33.8351    33.8345 0.0000e+00
    141.000    -0.6315    -0.6334   2.772824   2.772770    327.301     0.1463     0.1190    942.875   78.91738   -7.49822    33.8770    33.8783 0.0000e+00
    142.000    -0.5671    -0.5685   2.780405   2.780272    326.159     0.1439     0.1159    943.901   78.91738   -7.49822    33.9064    33.9062 0.0000e+00
    143.000    -0.5472    -0.5486   2.783726   2.783566    326.669     0.1488     0.1153    944.934   78.91738   -7.49822    33.9282    33.9276 0.0000e+00
    144.000    -0.5300    -0.5316   2.786456   2.786265    326.406     0.1463     0.1146    945.960   78.91738   -7.49822    33.9450    33.9442 0.0000e+00
    145.000    -0.5238    -0.5253   2.787485   2.787295    325.136     0.1466     0.1142    946.990   78.91738   -7.49821    33.9513    33.9504 0.0000e+00
    146.000    -0.5028    -0.5049   2.790715   2.790473    323.515     0.1448     0.1155    948.021   78.91738   -7.49820    33.9705    33.9696 0.0000e+00
    147.000    -0.4769    -0.4783   2.795359   2.795149    322.541     0.1460     0.1166    949.055   78.91738   -7.49820    34.0032    34.0020 0.0000e+00
    148.000    -0.4747    -0.4760   2.796973   2.796783    321.793     0.1439     0.1153    950.096   78.91738   -7.49820    34.0219    34.0207 0.0000e+00
    149.000    -0.4669    -0.4682   2.798530   2.798373    321.567     0.1453     0.1152    951.134   78.91738   -7.49820    34.0333    34.0327 0.0000e+00
    150.000    -0.4423    -0.4439   2.802278   2.802115    320.683     0.1460     0.1151    952.163   78.91738   -7.49820    34.0555    34.0550 0.0000e+00
    151.000    -0.4286    -0.4298   2.804146   2.803999    319.239     0.1429     0.1143    953.197   78.91738   -7.49818    34.0645    34.0639 0.0000e+00
    152.000    -0.4241    -0.4258   2.804748   2.804534    318.134     0.1412     0.1143    954.229   78.91738   -7.49818    34.0669    34.0660 0.0000e+00
    153.000    -0.4005    -0.4034   2.807918   2.807601    316.694     0.1408     0.1142    955.259   78.91738   -7.49818    34.0823    34.0814 0.0000e+00
    154.000    -0.3800    -0.3825   2.810671   2.810371    315.813     0.1447     0.1148    956.287   78.91738   -7.49818    34.0955    34.0943 0.0000e+00
    155.000    -0.3685    -0.3715   2.812242   2.811868    315.789     0.1397     0.1140    957.315   78.91738   -7.49818    34.1031    34.1014 0.0000e+00
    156.000    -0.3591    -0.3611   2.813482   2.813233    316.114     0.1385     0.1129    958.344   78.91738   -7.49816    34.1086    34.1074 0.0000e+00
    157.000    -0.3445    -0.3467   2.815274   2.815008    315.912     0.1414     0.1135    959.375   78.91738   -7.49816    34.1156    34.1145 0.0000e+00
    158.000    -0.3129    -0.3147   2.819295   2.819129    315.248     0.1437     0.1137    960.404   78.91738   -7.49816    34.1332    34.1330 0.0000e+00
    159.000    -0.2707    -0.2728   2.825146   2.824953    314.797     0.1435     0.1129    961.437   78.91738   -7.49816    34.1634    34.1631 0.0000e+00
    160.000    -0.2403    -0.2414   2.829306   2.829199    314.623     0.1408     0.1128    962.478   78.91738   -7.49816    34.1842    34.1840 0.0000e+00
    161.000    -0.2268    -0.2282   2.831167   2.831019    314.411     0.1388     0.1128    963.519   78.91738   -7.49814    34.1933    34.1929 0.0000e+00
    162.000    -0.2084    -0.2101   2.833744   2.833566    313.683     0.1395     0.1126    964.554   78.91738   -7.49814    34.2063    34.2059 0.0000e+00
    163.000    -0.1791    -0.1812   2.837846   2.837639    312.454     0.1401     0.1097    965.592   78.91738   -7.49814    34.2275    34.2271 0.0000e+00
    164.000    -0.1659    -0.1671   2.839711   2.839563    311.710     0.1384     0.1121    966.632   78.91738   -7.49814    34.2369    34.2363 0.0000e+00
    165.000    -0.1541    -0.1557   2.841371   2.841203    311.652     0.1370     0.1129    967.670   78.91738   -7.49813    34.2452    34.2448 0.0000e+00
    166.000    -0.1205    -0.1218   2.845984   2.845892    310.417     0.1385     0.1122    968.704   78.91738   -7.49812    34.2682    34.2684 0.0000e+00
    167.000    -0.0622    -0.0635   2.853965   2.853941    309.652     0.1396     0.1120    969.748   78.91738   -7.49812    34.3082    34.3094 0.0000e+00
    168.000    -0.0246    -0.0272   2.859400   2.859078    309.963     0.1404     0.1124    970.873   78.91738   -7.49812    34.3375    34.3362 0.0000e+00
    169.000    -0.0129    -0.0148   2.861257   2.860987    309.740     0.1365     0.1123    972.171   78.91738   -7.49812    34.3484    34.3470 0.0000e+00
    170.000    -0.0030    -0.0047   2.862745   2.862546    308.141     0.1356     0.1108    973.524   78.91738   -7.49810    34.3564    34.3557 0.0000e+00
    171.000     0.0008    -0.0005   2.863263   2.863088    307.059     0.1386     0.1114    974.915   78.91738   -7.49810    34.3584    34.3575 0.0000e+00
    172.000     0.0031     0.0017   2.863614   2.863435    306.448     0.1372     0.1097    976.478   78.91738   -7.49810    34.3599    34.3591 0.0000e+00
    173.000     0.0042     0.0028   2.863794   2.863607    305.783     0.1336     0.1107    978.188   78.91738   -7.49808    34.3605    34.3596 0.0000e+00
    174.000     0.0043     0.0027   2.863892   2.863686    305.988     0.1358     0.1134    979.997   78.91738   -7.49808    34.3610    34.3601 0.0000e+00
    175.000     0.0079     0.0062   2.864436   2.864199    306.416     0.1341     0.1129    981.860   78.91738   -7.49807    34.3636    34.3624 0.0000e+00
    176.000     0.0099     0.0085   2.864772   2.864588    306.349     0.1327     0.1112    983.758   78.91738   -7.49806    34.3651    34.3643 0.0000e+00
    177.000     0.0140     0.0119   2.865348   2.865068    306.207     0.1347     0.1111    985.696   78.91738   -7.49806    34.3676    34.3662 0.0000e+00
    178.000     0.0181     0.0166   2.865930   2.865726    305.803     0.1340     0.1103    987.612   78.91738   -7.49804    34.3701    34.3691 0.0000e+00
    179.000     0.0213     0.0197   2.866441   2.866215    305.569     0.1381     0.1112    989.543   78.91738   -7.49804    34.3727    34.3714 0.0000e+00
    180.000     0.0224     0.0214   2.866654   2.866506    305.144     0.1365     0.1124    991.782   78.91737   -7.49802    34.3737    34.3728 0.0000e+00
    181.000     0.0258     0.0228   2.867109   2.866791    305.501     0.1377     0.1093    995.500   78.91735   -7.49802    34.3753    34.3744 0.0000e+00
    183.000     0.0276     0.0267   2.874441   2.874364    306.100     0.1359     0.1122   1038.009   79.11016   -7.51618    34.4607    34.4606 0.0000e+00
