test_project/cnv_input/012_bin.cnv
* Sea-Bird SBE 9 Data File:
* FileName = C:\Documents and Settings\ctd\Desktop\FS2022\data\012.hex
* Software Version Seasave V 7.21b
* Temperature SN = 2400
* Conductivity SN = 3447
* Number of Bytes Per Scan = 48
* Number of Voltage Words = 5
* Number of Scans Averaged by the Deck Unit = 1
* NMEA Latitude = 78 54.99 N
* NMEA Longitude = 008 30.28 W
* NMEA UTC (Time) = Sep 14 2022  08:41:08
* NMEA baud rate = 4800
** Cruise: FS 2022
** Ship: Silver Arctic
** Station (File Number):  012
** Latitude:
** Longitude:
** Echodepth (m):
** Seastate:
# nquan = 14
# nvalues = 239                         
# units = specified
# name 0 = prDM: Pressure, Digiquartz [db]
# name 1 = t090C: Temperature [ITS-90, deg C]
# name 2 = t190C: Temperature, 2 [ITS-90, deg C]
# name 3 = c0S/m: Conductivity [S/m]
# name 4 = c1S/m: Conductivity, 2 [S/m]
# name 5 = sbox0Mm/Kg: Oxygen, SBE 43 [umol/kg]
# name 6 = wetCDOM: Fluorescence, WET Labs CDOM [mg/m^3]
# name 7 = wetCDOM1: Fluorescence, WET Labs CDOM, 2 [mg/m^3]
# name 8 = timeS: Time, Elapsed [seconds]
# name 9 = latitude: Latitude [deg]
# name 10 = longitude: Longitude [deg]
# name 11 = sal00: Salinity, Practical [PSU]
# name 12 = sal11: Salinity, Practical, 2 [PSU]
# name 13 = flag: flag
# span 0 =      2.000,    240.000       
# span 1 =    -1.6156,     0.2645       
# span 2 =    -1.6168,     0.2627       
# span 3 =   2.422503,   2.902157       
# span 4 =   2.422048,   2.901934       
# span 5 =    297.106,    532.726       
# span 6 =     0.1291,     0.1662       
# span 7 =     0.1094,     0.1278       
# span 8 =    375.040,    708.954       
# span 9 =   78.91591,   78.91628       
# span 10 =   -8.50795,   -8.50489      
# span 11 =    30.2348,    34.5344      
# span 12 =    30.2300,    34.5335      
# span 13 = 0.0000e+00, 0.0000e+00      
# interval = decibars: 1                
# start_time = Sep 14 2022 08:41:08 [NMEA time, first data scan]
# bad_flag = -9.990e-29
*END*
      2.000    -1.5961    -1.5962   2.422522   2.422347    417.666     0.1291     0.1164    375.040   78.91628   -8.50489    30.2348    30.2325 0.0000e+00
      3.000    -1.5984    -1.5988   2.422648   2.422315    434.092     0.1381     0.1138    377.779   78.91628   -8.50492    30.2383    30.2341 0.0000e+00
      4.000    -1.5985    -1.5996   2.422564   2.422263    460.968     0.1383     0.1152    379.975   78.91628   -8.50492    30.2367    30.2336 0.0000e+00
      5.000    -1.5994    -1.5995   2.422503   2.422048    489.994     0.1376     0.1155    381.686   78.91628   -8.50494    30.2362    30.2300 0.0000e+00
      6.000    -1.5964    -1.5965   2.422953   2.422764    532.726     0.1387     0.1157    383.815   78.91628   -8.50494    30.2387    30.2362 0.0000e+00
      7.000    -1.5946    -1.5954   2.424135   2.423808    495.771     0.1373     0.1144    385.959   78.91628   -8.50495    30.2525    30.2488 0.0000e+00
      8.000    -1.5902    -1.5900   2.425911   2.425870    405.820     0.1379     0.1153    387.941   78.91628   -8.50496    30.2717    30.2709 0.0000e+00
      9.000    -1.5744    -1.5750   2.430919   2.430715    400.108     0.1383     0.1167    389.933   78.91628   -8.50496    30.3235    30.3214 0.0000e+00
     10.000    -1.5765    -1.5773   2.432586   2.432288    401.557     0.1420     0.1160    391.954   78.91628   -8.50498    30.3479    30.3446 0.0000e+00
     11.000    -1.5680    -1.5682   2.433791   2.433566    403.151     0.1393     0.1162    394.012   78.91628   -8.50498    30.3552    30.3523 0.0000e+00
     12.000    -1.5554    -1.5556   2.435384   2.435136    404.882     0.1387     0.1142    396.154   78.91628   -8.50499    30.3635    30.3603 0.0000e+00
     13.000    -1.5404    -1.5416   2.437280   2.436920    406.855     0.1428     0.1162    398.329   78.91628   -8.50500    30.3734    30.3698 0.0000e+00
     14.000    -1.5393    -1.5406   2.437826   2.437477    408.151     0.1409     0.1172    400.488   78.91628   -8.50501    30.3792    30.3758 0.0000e+00
     15.000    -1.5300    -1.5312   2.439584   2.439186    408.372     0.1423     0.1149    402.638   78.91628   -8.50502    30.3932    30.3890 0.0000e+00
     16.000    -1.5240    -1.5249   2.440630   2.440321    408.393     0.1426     0.1158    404.825   78.91628   -8.50502    30.4008    30.3975 0.0000e+00
     17.000    -1.4725    -1.4737   2.448816   2.448791    407.512     0.1402     0.1171    407.051   78.91628   -8.50503    30.4593    30.4601 0.0000e+00
     18.000    -1.3666    -1.3675   2.480386   2.480472    406.528     0.1425     0.1169    409.308   78.91628   -8.50504    30.7802    30.7823 0.0000e+00
     19.000    -1.3331    -1.3344   2.498494   2.498116    408.575     0.1451     0.1191    411.603   78.91628   -8.50506    30.9916    30.9878 0.0000e+00
     20.000    -1.3420    -1.3432   2.502906   2.502569    412.333     0.1444     0.1194    413.877   78.91628   -8.50506    31.0603    31.0569 0.0000e+00
     21.000    -1.3379    -1.3393   2.506870   2.506419    413.598     0.1498     0.1204    416.112   78.91628   -8.50507    31.1095    31.1048 0.0000e+00
     22.000    -1.2940    -1.2943   2.517526   2.517343    412.933     0.1527     0.1213    418.314   78.91628   -8.50508    31.2082    31.2060 0.0000e+00
     23.000    -1.2783    -1.2798   2.523369   2.522965    413.699     0.1512     0.1219    420.519   78.91628   -8.50509    31.2707    31.2668 0.0000e+00
     24.000    -1.2909    -1.2913   2.528306   2.527962    414.573     0.1532     0.1211    422.776   78.91628   -8.50510    31.3505    31.3463 0.0000e+00
     25.000    -1.3556    -1.3537   2.528319   2.528127    414.826     0.1539     0.1226    425.034   78.91628   -8.50511    31.4182    31.4135 0.0000e+00
     26.000    -1.4386    -1.4329   2.525227   2.524909    412.520     0.1534     0.1237    427.324   78.91628   -8.50512    31.4628    31.4525 0.0000e+00
     27.000    -1.4629    -1.4628   2.526784   2.526368    408.608     0.1534     0.1225    429.615   78.91628   -8.50514    31.5092    31.5035 0.0000e+00
     28.000    -1.4705    -1.4694   2.528542   2.527994    406.636     0.1577     0.1230    431.885   78.91628   -8.50515    31.5408    31.5321 0.0000e+00
     29.000    -1.4879    -1.4865   2.529617   2.529296    405.864     0.1571     0.1229    434.143   78.91628   -8.50517    31.5733    31.5675 0.0000e+00
     30.000    -1.4920    -1.4921   2.529503   2.529263    404.982     0.1578     0.1231    436.389   78.91628   -8.50518    31.5755    31.5723 0.0000e+00
     31.000    -1.4930    -1.4935   2.529480   2.529231    403.896     0.1572     0.1237    438.668   78.91628   -8.50520    31.5757    31.5728 0.0000e+00
     32.000    -1.4965    -1.4964   2.529398   2.529146    404.062     0.1542     0.1239    440.963   78.91628   -8.50520    31.5776    31.5741 0.0000e+00
     33.000    -1.4990    -1.4997   2.529710   2.529346    404.633     0.1561     0.1236    443.269   78.91628   -8.50522    31.5840    31.5798 0.0000e+00
     34.000    -1.4986    -1.4992   2.531602   2.531057    403.750     0.1585     0.1235    445.565   78.91628   -8.50524    31.6089    31.6020 0.0000e+00
     35.000    -1.5004    -1.5010   2.532189   2.531867    402.796     0.1574     0.1252    447.818   78.91628   -8.50526    31.6183    31.6145 0.0000e+00
     36.000    -1.5018    -1.5023   2.532341   2.532062    402.621     0.1559     0.1246    450.066   78.91628   -8.50527    31.6213    31.6179 0.0000e+00
     37.000    -1.5029    -1.5036   2.532311   2.532060    402.281     0.1553     0.1224    452.310   78.91628   -8.50529    31.6215    31.6187 0.0000e+00
     38.000    -1.5104    -1.5092   2.532627   2.532296    402.511     0.1563     0.1230    454.576   78.91628   -8.50531    31.6331    31.6273 0.0000e+00
     39.000    -1.5276    -1.5254   2.532811   2.532532    402.371     0.1573     0.1242    456.877   78.91628   -8.50532    31.6534    31.6471 0.0000e+00
     40.000    -1.5396    -1.5390   2.532781   2.532537    402.013     0.1603     0.1248    459.168   78.91628   -8.50534    31.6652    31.6611 0.0000e+00
     41.000    -1.5502    -1.5494   2.532757   2.532479    401.294     0.1610     0.1253    461.466   78.91628   -8.50536    31.6755    31.6708 0.0000e+00
     42.000    -1.5545    -1.5554   2.532907   2.532634    400.827     0.1531     0.1234    463.432   78.91628   -8.50537    31.6816    31.6787 0.0000e+00
     43.000    -1.5613    -1.5623   2.532894   2.532613    400.381     0.1624     0.1248    464.629   78.91628   -8.50538    31.6880    31.6852 0.0000e+00
     44.000    -1.5663    -1.5675   2.532946   2.532676    399.787     0.1635     0.1255    465.570   78.91628   -8.50539    31.6934    31.6910 0.0000e+00
     45.000    -1.5675    -1.5683   2.533417   2.533126    399.433     0.1598     0.1255    466.417   78.91628   -8.50540    31.7006    31.6975 0.0000e+00
     46.000    -1.5834    -1.5809   2.532965   2.532868    399.326     0.1573     0.1268    467.710   78.91628   -8.50540    31.7108    31.7068 0.0000e+00
     47.000    -1.6092    -1.6106   2.532060   2.531791    399.171     0.1609     0.1257    469.635   78.91628   -8.50542    31.7252    31.7230 0.0000e+00
     48.000    -1.6156    -1.6168   2.532436   2.532127    398.326     0.1600     0.1255    471.035   78.91628   -8.50544    31.7366    31.7337 0.0000e+00
     49.000    -1.6154    -1.6165   2.533155   2.532850    398.093     0.1583     0.1255    472.449   78.91628   -8.50544    31.7457    31.7426 0.0000e+00
     50.000    -1.6146    -1.6157   2.533687   2.533396    397.908     0.1638     0.1248    473.823   78.91628   -8.50545    31.7516    31.7488 0.0000e+00
     51.000    -1.6110    -1.6123   2.534321   2.534028    397.653     0.1621     0.1260    475.088   78.91628   -8.50546    31.7559    31.7533 0.0000e+00
     52.000    -1.6083    -1.6094   2.535001   2.534729    396.874     0.1592     0.1270    476.277   78.91628   -8.50548    31.7617    31.7592 0.0000e+00
     53.000    -1.6028    -1.6045   2.536035   2.535706    396.472     0.1577     0.1259    477.416   78.91627   -8.50548    31.7695    31.7668 0.0000e+00
     54.000    -1.5969    -1.5981   2.537427   2.537146    396.442     0.1593     0.1246    478.539   78.91626   -8.50549    31.7817    31.7791 0.0000e+00
     55.000    -1.5969    -1.5978   2.537924   2.537659    396.507     0.1598     0.1260    479.622   78.91626   -8.50550    31.7879    31.7853 0.0000e+00
     56.000    -1.5989    -1.6000   2.537996   2.537734    396.404     0.1582     0.1254    480.665   78.91626   -8.50551    31.7905    31.7880 0.0000e+00
     57.000    -1.5995    -1.6006   2.538031   2.537764    395.668     0.1588     0.1255    481.703   78.91626   -8.50552    31.7911    31.7885 0.0000e+00
     58.000    -1.5998    -1.6011   2.538223   2.537945    395.594     0.1598     0.1263    482.746   78.91626   -8.50553    31.7934    31.7909 0.0000e+00
     59.000    -1.5985    -1.5996   2.538645   2.538368    395.208     0.1603     0.1257    483.803   78.91626   -8.50554    31.7972    31.7945 0.0000e+00
     60.000    -1.5982    -1.5994   2.538978   2.538699    395.265     0.1610     0.1270    484.861   78.91626   -8.50554    31.8009    31.7983 0.0000e+00
     61.000    -1.5989    -1.6000   2.539668   2.539332    395.838     0.1617     0.1266    485.919   78.91626   -8.50556    31.8105    31.8070 0.0000e+00
     62.000    -1.5989    -1.5999   2.539909   2.539641    395.840     0.1618     0.1257    486.983   78.91626   -8.50556    31.8132    31.8107 0.0000e+00
     63.000    -1.5988    -1.5999   2.539983   2.539717    395.694     0.1584     0.1268    488.045   78.91626   -8.50558    31.8135    31.8110 0.0000e+00
     64.000    -1.5986    -1.5997   2.540061   2.539806    395.410     0.1583     0.1255    489.107   78.91626   -8.50558    31.8138    31.8115 0.0000e+00
     65.000    -1.5985    -1.5996   2.540111   2.539851    394.896     0.1619     0.1255    490.174   78.91626   -8.50560    31.8138    31.8114 0.0000e+00
     66.000    -1.5976    -1.5989   2.540338   2.540017    394.472     0.1613     0.1267    491.233   78.91626   -8.50560    31.8154    31.8123 0.0000e+00
     67.000    -1.5966    -1.5977   2.541292   2.540910    394.987     0.1619     0.1256    492.293   78.91626   -8.50562    31.8268    31.8227 0.0000e+00
     68.000    -1.5966    -1.5977   2.541999   2.541645    395.028     0.1592     0.1265    493.353   78.91626   -8.50562    31.8360    31.8322 0.0000e+00
     69.000    -1.5964    -1.5976   2.542710   2.542382    394.538     0.1648     0.1261    494.408   78.91626   -8.50563    31.8449    31.8416 0.0000e+00
     70.000    -1.5952    -1.5964   2.543311   2.542969    393.834     0.1597     0.1254    495.465   78.91626   -8.50564    31.8513    31.8478 0.0000e+00
     71.000    -1.5950    -1.5961   2.544328   2.543912    393.583     0.1586     0.1255    496.515   78.91626   -8.50565    31.8644    31.8599 0.0000e+00
     72.000    -1.5947    -1.5957   2.544627   2.544344    392.784     0.1626     0.1256    497.566   78.91625   -8.50566    31.8676    31.8648 0.0000e+00
     73.000    -1.5938    -1.5950   2.544875   2.544594    392.276     0.1598     0.1261    498.618   78.91624   -8.50567    31.8695    31.8669 0.0000e+00
     74.000    -1.5934    -1.5944   2.545051   2.544778    392.569     0.1601     0.1277    499.670   78.91624   -8.50568    31.8708    31.8682 0.0000e+00
     75.000    -1.5927    -1.5939   2.545452   2.545139    392.550     0.1607     0.1270    500.731   78.91624   -8.50569    31.8750    31.8720 0.0000e+00
     76.000    -1.5928    -1.5938   2.545607   2.545329    391.444     0.1613     0.1270    501.797   78.91624   -8.50570    31.8767    31.8740 0.0000e+00
     77.000    -1.5926    -1.5938   2.545998   2.545712    390.572     0.1623     0.1270    502.861   78.91624   -8.50570    31.8812    31.8785 0.0000e+00
     78.000    -1.5922    -1.5933   2.546224   2.545964    390.200     0.1611     0.1278    503.926   78.91624   -8.50572    31.8833    31.8810 0.0000e+00
     79.000    -1.5890    -1.5906   2.547219   2.546828    390.539     0.1606     0.1259    504.992   78.91624   -8.50572    31.8929    31.8893 0.0000e+00
     80.000    -1.5871    -1.5885   2.547741   2.547432    390.800     0.1597     0.1256    506.057   78.91624   -8.50574    31.8976    31.8948 0.0000e+00
     81.000    -1.5853    -1.5866   2.548271   2.547949    390.434     0.1606     0.1247    507.120   78.91624   -8.50574    31.9023    31.8993 0.0000e+00
     82.000    -1.5814    -1.5829   2.549275   2.548925    390.175     0.1637     0.1252    508.187   78.91624   -8.50576    31.9113    31.9082 0.0000e+00
     83.000    -1.5776    -1.5790   2.550008   2.549671    390.344     0.1651     0.1252    509.248   78.91624   -8.50576    31.9167    31.9136 0.0000e+00
     84.000    -1.5740    -1.5757   2.551412   2.550946    390.100     0.1614     0.1263    510.305   78.91624   -8.50578    31.9316    31.9270 0.0000e+00
     85.000    -1.5708    -1.5719   2.553549   2.553191    389.693     0.1642     0.1262    511.359   78.91624   -8.50578    31.9569    31.9531 0.0000e+00
     86.000    -1.5722    -1.5731   2.555436   2.554994    389.400     0.1634     0.1254    512.414   78.91624   -8.50579    31.9837    31.9786 0.0000e+00
     87.000    -1.5740    -1.5748   2.555938   2.555659    388.785     0.1632     0.1260    513.471   78.91623   -8.50580    31.9920    31.9890 0.0000e+00
     88.000    -1.5745    -1.5756   2.556240   2.555960    388.257     0.1587     0.1272    514.521   78.91622   -8.50581    31.9961    31.9934 0.0000e+00
     89.000    -1.5733    -1.5744   2.556827   2.556532    386.672     0.1618     0.1274    515.579   78.91622   -8.50582    32.0023    31.9994 0.0000e+00
     90.000    -1.5736    -1.5746   2.556940   2.556695    386.049     0.1648     0.1254    516.633   78.91622   -8.50583    32.0035    32.0013 0.0000e+00
     91.000    -1.5684    -1.5713   2.558814   2.558138    386.141     0.1648     0.1256    517.696   78.91622   -8.50584    32.0231    32.0169 0.0000e+00
     92.000    -1.5516    -1.5540   2.562963   2.562405    386.045     0.1609     0.1256    518.757   78.91622   -8.50585    32.0615    32.0564 0.0000e+00
     93.000    -1.5471    -1.5489   2.564482   2.564007    385.559     0.1623     0.1256    519.818   78.91622   -8.50586    32.0770    32.0723 0.0000e+00
     94.000    -1.5403    -1.5422   2.568871   2.568129    385.337     0.1645     0.1275    520.876   78.91622   -8.50588    32.1294    32.1212 0.0000e+00
     95.000    -1.5370    -1.5384   2.570594   2.570232    384.200     0.1637     0.1271    521.936   78.91622   -8.50588    32.1489    32.1454 0.0000e+00
     96.000    -1.5351    -1.5365   2.571282   2.570936    383.474     0.1641     0.1275    522.992   78.91622   -8.50590    32.1557    32.1524 0.0000e+00
     97.000    -1.5302    -1.5319   2.572571   2.572190    382.480     0.1641     0.1264    524.040   78.91622   -8.50590    32.1675    32.1640 0.0000e+00
     98.000    -1.5289    -1.5300   2.572962   2.572694    381.452     0.1638     0.1257    525.096   78.91622   -8.50590    32.1708    32.1684 0.0000e+00
     99.000    -1.5229    -1.5251   2.576199   2.575497    380.678     0.1625     0.1262    526.143   78.91622   -8.50592    32.2082    32.2010 0.0000e+00
    100.000    -1.5113    -1.5134   2.579849   2.579339    379.788     0.1642     0.1273    527.183   78.91622   -8.50592    32.2452    32.2405 0.0000e+00
    101.000    -1.5066    -1.5082   2.581924   2.581437    379.873     0.1625     0.1276    528.235   78.91620   -8.50594    32.2681    32.2631 0.0000e+00
    102.000    -1.4980    -1.5005   2.585677   2.585044    378.754     0.1660     0.1272    529.286   78.91620   -8.50594    32.3097    32.3037 0.0000e+00
    103.000    -1.4777    -1.4808   2.590625   2.589904    377.250     0.1647     0.1276    530.336   78.91620   -8.50596    32.3551    32.3485 0.0000e+00
    104.000    -1.4698    -1.4719   2.593929   2.593317    376.991     0.1634     0.1259    531.389   78.91620   -8.50597    32.3912    32.3851 0.0000e+00
