test_project/cnv_input/012_bin.cnv
* Sea-Bird SBE 9 Data File:
* FileName = C:\Documents and Settings\ctd\Desktop\FS2022\data\012.hex
* Software Version Seasave V 7.21b
* Temperature SN = 2400
* Conductivity SN = 3447
* Number of Bytes Per Scan = 48
* Number of Voltage Words = 5
* Number of Scans Averaged by the Deck Unit = 1
* NMEA Latitude = 78 54.99 N
* NMEA Longitude = 008 30.28 W
* NMEA UTC (Time) = Sep 14 2022  08:41:08
* NMEA baud rate = 4800
** Cruise: FS 2022
** Ship: Silver Arctic
** Station (File Number):  012
** Latitude:
** Longitude:
** Echodepth (m):
** Seastate:
# nquan = 14
# nvalues = 239                         
# units = specified
# name 0 = prDM: Pressure, Digiquartz [db]
# name 1 = t090C: Temperature [ITS-90, deg C]
# name 2 = t190C: Temperature, 2 [ITS-90, deg C]
# name 3 = c0S/m: Conductivity [S/m]
# name 4 = c1S/m: Conductivity, 2 [S/m]
# name 5 = sbox0Mm/Kg: Oxygen, SBE 43 [umol/kg]
# name 6 = wetCDOM: Fluorescence, WET Labs CDOM [mg/m^3]
# name 7 = wetCDOM1: Fluorescence, WET Labs CDOM, 2 [mg/m^3]
# name 8 = timeS: Time, Elapsed [seconds]
# name 9 = latitude: Latitude [deg]
# name 10 = longitude: Longitude [deg]
# name 11 = sal00: Salinity, Practical [PSU]
# name 12 = sal11: Salinity, Practical, 2 [PSU]
# name 13 = flag: flag
# span 0 =      2.000,    240.000       
# span 1 =    -1.6156,     0.2645       
# span 2 =    -1.6168,     0.2627       
# span 3 =   2.422503,   2.902157       
# span 4 =   2.422048,   2.901934       
# span 5 =    297.106,    532.726       
# span 6 =     0.1291,     0.1662       
# span 7 =     0.1094,     0.1278       
# span 8 =    375.040,    708.954       
# span 9 =   78.91591,   78.91628       
# span 10 =   -8.50795,   -8.50489      
# span 11 =    30.2348,    34.5344      
# span 12 =    30.2300,    34.5335      
# span 13 = 0.0000e+00, 0.0000e+00      
# interval = decibars: 1                
# start_time = Sep 14 2022 08:41:08 [NMEA time, first data scan]
# bad_flag = -9.990e-29
*END*
[from data line 104]
    106.000    -1.4357    -1.4376   2.604296   2.603849    374.269     0.1628     0.1258    533.520   78.91620   -8.50599    32.4952    32.4911 0.0000e+00
    107.000    -1.4333    -1.4347   2.605176   2.604859    372.809     0.1637     0.1268    534.588   78.91620   -8.50600    32.5040    32.5012 0.0000e+00
    108.000    -1.4206    -1.4249   2.608789   2.607752    370.560     0.1602     0.1256    535.655   78.91620   -8.50601    32.5392    32.5297 0.0000e+00
    109.000    -1.3897    -1.3939   2.617999   2.616975    367.937     0.1601     0.1245    536.721   78.91620   -8.50602    32.6312    32.6217 0.0000e+00
    110.000    -1.3643    -1.3682   2.625396   2.624450    366.869     0.1633     0.1270    537.785   78.91620   -8.50603    32.7041    32.6955 0.0000e+00
    111.000    -1.3448    -1.3482   2.630942   2.630172    366.293     0.1639     0.1265    538.845   78.91620   -8.50604    32.7582    32.7513 0.0000e+00
    112.000    -1.3342    -1.3368   2.633895   2.633361    365.130     0.1648     0.1264    539.907   78.91620   -8.50605    32.7864    32.7819 0.0000e+00
    113.000    -1.3244    -1.3270   2.636304   2.635780    362.580     0.1644     0.1257    540.968   78.91618   -8.50606    32.8081    32.8037 0.0000e+00
    114.000    -1.3120    -1.3154   2.639246   2.638519    360.212     0.1606     0.1243    542.037   78.91618   -8.50608    32.8341    32.8279 0.0000e+00
    115.000    -1.2998    -1.3019   2.642292   2.641871    358.663     0.1616     0.1252    543.109   78.91618   -8.50608    32.8618    32.8583 0.0000e+00
    116.000    -1.2848    -1.2884   2.646020   2.645257    358.317     0.1604     0.1260    544.178   78.91618   -8.50610    32.8956    32.8892 0.0000e+00
    117.000    -1.2690    -1.2716   2.650175   2.649574    357.750     0.1620     0.1246    545.251   78.91618   -8.50610    32.9345    32.9291 0.0000e+00
    118.000    -1.2599    -1.2624   2.652849   2.652295    356.876     0.1619     0.1253    546.324   78.91618   -8.50612    32.9604    32.9557 0.0000e+00
    119.000    -1.2496    -1.2527   2.655680   2.655003    355.843     0.1617     0.1250    547.408   78.91618   -8.50613    32.9872    32.9813 0.0000e+00
    120.000    -1.2169    -1.2237   2.663533   2.662168    354.835     0.1662     0.1232    548.491   78.91618   -8.50614    33.0579    33.0467 0.0000e+00
    121.000    -1.1882    -1.1930   2.669904   2.668997    353.972     0.1633     0.1242    549.573   78.91618   -8.50615    33.1126    33.1055 0.0000e+00
    122.000    -1.1528    -1.1594   2.677771   2.676459    352.768     0.1600     0.1231    550.654   78.91618   -8.50616    33.1802    33.1695 0.0000e+00
    123.000    -1.1395    -1.1419   2.681071   2.680587    351.432     0.1598     0.1243    551.734   78.91617   -8.50616    33.2099    33.2059 0.0000e+00
    124.000    -1.1285    -1.1312   2.683801   2.683278    349.696     0.1596     0.1252    552.801   78.91616   -8.50617    33.2343    33.2301 0.0000e+00
    125.000    -1.1225    -1.1240   2.685395   2.685125    348.503     0.1560     0.1244    553.871   78.91616   -8.50618    33.2488    33.2467 0.0000e+00
    126.000    -1.1203    -1.1219   2.686029   2.685729    347.262     0.1596     0.1231    554.938   78.91616   -8.50620    33.2544    33.2521 0.0000e+00
    127.000    -1.1188    -1.1201   2.686566   2.686320    346.001     0.1576     0.1238    556.005   78.91616   -8.50620    33.2595    33.2575 0.0000e+00
    128.000    -1.1105    -1.1143   2.688713   2.687965    346.163     0.1555     0.1227    557.078   78.91616   -8.50622    33.2789    33.2728 0.0000e+00
    129.000    -1.0891    -1.0924   2.693753   2.693121    346.205     0.1559     0.1210    558.146   78.91616   -8.50622    33.3232    33.3182 0.0000e+00
    130.000    -1.0659    -1.0698   2.697557   2.696996    346.272     0.1576     0.1211    559.217   78.91616   -8.50624    33.3486    33.3454 0.0000e+00
    131.000    -1.0473    -1.0506   2.701121   2.700549    345.965     0.1560     0.1219    560.293   78.91616   -8.50624    33.3759    33.3718 0.0000e+00
    132.000    -1.0272    -1.0309   2.705433   2.704740    344.650     0.1523     0.1213    561.377   78.91616   -8.50626    33.4116    33.4063 0.0000e+00
    133.000    -1.0067    -1.0104   2.708972   2.708412    343.462     0.1513     0.1213    562.460   78.91616   -8.50627    33.4363    33.4328 0.0000e+00
    134.000    -0.9906    -0.9952   2.711626   2.710936    341.939     0.1546     0.1226    563.542   78.91616   -8.50628    33.4540    33.4497 0.0000e+00
    135.000    -0.9731    -0.9764   2.714786   2.714228    340.366     0.1545     0.1222    564.615   78.91616   -8.50629    33.4768    33.4728 0.0000e+00
    136.000    -0.9560    -0.9597   2.718641   2.717958    339.497     0.1499     0.1230    565.687   78.91615   -8.50630    33.5095    33.5043 0.0000e+00
    137.000    -0.9399    -0.9425   2.722440   2.721960    338.175     0.1528     0.1228    566.766   78.91614   -8.50631    33.5425    33.5389 0.0000e+00
    138.000    -0.9351    -0.9377   2.723705   2.723288    337.432     0.1532     0.1218    567.845   78.91614   -8.50632    33.5538    33.5509 0.0000e+00
    139.000    -0.9230    -0.9256   2.726115   2.725703    336.380     0.1533     0.1206    568.922   78.91614   -8.50634    33.5723    33.5696 0.0000e+00
    140.000    -0.8898    -0.8958   2.732542   2.731573    335.246     0.1523     0.1203    569.999   78.91614   -8.50634    33.6218    33.6154 0.0000e+00
    141.000    -0.8426    -0.8494   2.740075   2.739111    334.761     0.1551     0.1205    571.074   78.91614   -8.50636    33.6707    33.6652 0.0000e+00
    142.000    -0.8266    -0.8300   2.742486   2.742040    334.924     0.1536     0.1218    572.153   78.91614   -8.50636    33.6849    33.6826 0.0000e+00
    143.000    -0.8085    -0.8120   2.745256   2.744765    334.324     0.1512     0.1198    573.228   78.91614   -8.50638    33.7015    33.6988 0.0000e+00
    144.000    -0.7826    -0.7871   2.749491   2.748867    332.463     0.1449     0.1212    574.301   78.91614   -8.50638    33.7292    33.7258 0.0000e+00
    145.000    -0.7477    -0.7521   2.755775   2.755122    330.175     0.1467     0.1190    575.375   78.91614   -8.50640    33.7746    33.7707 0.0000e+00
    146.000    -0.7173    -0.7209   2.760674   2.760159    329.161     0.1479     0.1174    576.462   78.91613   -8.50641    33.8061    33.8032 0.0000e+00
    147.000    -0.7055    -0.7077   2.762540   2.762250    328.685     0.1491     0.1185    577.543   78.91612   -8.50643    33.8175    33.8160 0.0000e+00
    148.000    -0.6926    -0.6965   2.764623   2.764115    327.612     0.1483     0.1183    578.617   78.91612   -8.50644    33.8306    33.8280 0.0000e+00
    149.000    -0.6649    -0.6689   2.768949   2.768397    326.348     0.1481     0.1186    579.700   78.91612   -8.50644    33.8573    33.8543 0.0000e+00
    150.000    -0.6399    -0.6446   2.773023   2.772333    325.072     0.1501     0.1192    580.776   78.91612   -8.50645    33.8836    33.8796 0.0000e+00
    151.000    -0.6249    -0.6278   2.776201   2.775786    323.949     0.1472     0.1184    581.853   78.91612   -8.50646    33.9090    33.9067 0.0000e+00
    152.000    -0.6076    -0.6123   2.778208   2.777685    323.482     0.1441     0.1172    582.927   78.91612   -8.50648    33.9161    33.9143 0.0000e+00
    153.000    -0.5829    -0.5868   2.781332   2.780831    322.923     0.1452     0.1171    584.003   78.91612   -8.50648    33.9298    33.9275 0.0000e+00
    154.000    -0.5583    -0.5625   2.784809   2.784295    322.166     0.1479     0.1173    585.078   78.91612   -8.50648    33.9485    33.9463 0.0000e+00
    155.000    -0.5365    -0.5395   2.788065   2.787693    321.226     0.1459     0.1181    586.168   78.91612   -8.50650    33.9672    33.9655 0.0000e+00
    156.000    -0.5138    -0.5175   2.791669   2.791181    320.356     0.1434     0.1189    587.259   78.91612   -8.50650    33.9896    33.9871 0.0000e+00
    157.000    -0.4911    -0.4948   2.795174   2.794703    319.315     0.1432     0.1170    588.351   78.91612   -8.50652    34.0106    34.0084 0.0000e+00
    158.000    -0.4787    -0.4811   2.797094   2.796766    318.626     0.1426     0.1155    589.449   78.91611   -8.50654    34.0218    34.0201 0.0000e+00
    159.000    -0.4769    -0.4785   2.797425   2.797220    318.489     0.1420     0.1171    590.548   78.91610   -8.50655    34.0237    34.0227 0.0000e+00
    160.000    -0.4690    -0.4714   2.798549   2.798243    318.312     0.1448     0.1172    591.645   78.91610   -8.50657    34.0292    34.0278 0.0000e+00
    161.000    -0.4538    -0.4566   2.800696   2.800347    317.990     0.1466     0.1171    592.776   78.91610   -8.50658    34.0404    34.0389 0.0000e+00
    162.000    -0.4374    -0.4400   2.803029   2.802695    317.721     0.1439     0.1170    593.921   78.91610   -8.50658    34.0527    34.0511 0.0000e+00
    163.000    -0.4276    -0.4301   2.804512   2.804182    317.119     0.1439     0.1143    595.065   78.91610   -8.50660    34.0609    34.0593 0.0000e+00
    164.000    -0.3989    -0.4042   2.808722   2.808044    316.358     0.1415     0.1143    596.215   78.91610   -8.50660    34.0846    34.0815 0.0000e+00
    165.000    -0.3722    -0.3756   2.812536   2.812123    315.978     0.1386     0.1152    597.357   78.91609   -8.50660    34.1051    34.1033 0.0000e+00
    166.000    -0.3418    -0.3463   2.816928   2.816386    315.553     0.1418     0.1170    598.504   78.91608   -8.50660    34.1291    34.1269 0.0000e+00
    167.000    -0.3165    -0.3200   2.820671   2.820213    314.785     0.1382     0.1152    599.664   78.91608   -8.50661    34.1502    34.1480 0.0000e+00
    168.000    -0.3047    -0.3067   2.822450   2.822194    313.965     0.1382     0.1142    600.833   78.91608   -8.50662    34.1601    34.1589 0.0000e+00
    169.000    -0.3005    -0.3022   2.823112   2.822899    312.842     0.1362     0.1142    602.020   78.91608   -8.50662    34.1636    34.1627 0.0000e+00
    170.000    -0.2978    -0.2996   2.823642   2.823427    311.978     0.1408     0.1147    603.215   78.91608   -8.50664    34.1670    34.1662 0.0000e+00
    171.000    -0.2841    -0.2867   2.825727   2.825381    311.066     0.1414     0.1171    604.419   78.91608   -8.50665    34.1789    34.1772 0.0000e+00
    172.000    -0.2737    -0.2756   2.827514   2.827256    310.506     0.1372     0.1162    605.654   78.91608   -8.50666    34.1905    34.1892 0.0000e+00
    173.000    -0.2670    -0.2692   2.828747   2.828445    310.158     0.1376     0.1135    606.937   78.91607   -8.50667    34.1989    34.1972 0.0000e+00
    174.000    -0.2625    -0.2644   2.830094   2.829744    310.021     0.1388     0.1128    608.242   78.91606   -8.50668    34.2112    34.2086 0.0000e+00
    175.000    -0.2585    -0.2602   2.831778   2.831484    309.409     0.1392     0.1129    609.537   78.91606   -8.50671    34.2285    34.2265 0.0000e+00
    176.000    -0.2544    -0.2560   2.832562   2.832340    309.472     0.1376     0.1139    610.853   78.91606   -8.50672    34.2338    34.2326 0.0000e+00
    177.000    -0.2531    -0.2546   2.832819   2.832622    309.588     0.1377     0.1153    612.193   78.91606   -8.50674    34.2351    34.2341 0.0000e+00
    178.000    -0.2521    -0.2537   2.833116   2.832884    309.581     0.1359     0.1147    613.523   78.91606   -8.50677    34.2373    34.2360 0.0000e+00
    179.000    -0.2499    -0.2516   2.833577   2.833338    308.529     0.1391     0.1129    614.873   78.91605   -8.50679    34.2404    34.2391 0.0000e+00
    180.000    -0.2440    -0.2472   2.834527   2.834085    308.754     0.1347     0.1128    616.224   78.91604   -8.50682    34.2459    34.2435 0.0000e+00
    181.000    -0.2338    -0.2365   2.835904   2.835577    309.128     0.1355     0.1129    617.548   78.91604   -8.50683    34.2521    34.2508 0.0000e+00
    182.000    -0.2316    -0.2333   2.836288   2.836059    309.483     0.1410     0.1139    618.747   78.91604   -8.50685    34.2542    34.2531 0.0000e+00
    183.000    -0.2238    -0.2272   2.838022   2.837532    309.513     0.1389     0.1141    619.859   78.91604   -8.50686    34.2679    34.2652 0.0000e+00
    184.000    -0.2092    -0.2118   2.840522   2.840165    308.583     0.1372     0.1131    620.957   78.91604   -8.50688    34.2842    34.2824 0.0000e+00
    185.000    -0.2000    -0.2033   2.841843   2.841448    307.775     0.1369     0.1137    622.077   78.91604   -8.50688    34.2909    34.2894 0.0000e+00
    186.000    -0.1846    -0.1884   2.843646   2.843231    307.436     0.1383     0.1125    623.190   78.91604   -8.50688    34.2970    34.2957 0.0000e+00
    187.000    -0.1520    -0.1584   2.847242   2.846561    307.636     0.1384     0.1118    624.298   78.91604   -8.50690    34.3076    34.3058 0.0000e+00
    188.000    -0.1231    -0.1275   2.850973   2.850445    307.586     0.1380     0.1119    625.403   78.91604   -8.50690    34.3241    34.3221 0.0000e+00
    189.000    -0.1059    -0.1093   2.853514   2.853098    307.296     0.1379     0.1125    626.506   78.91604   -8.50691    34.3380    34.3363 0.0000e+00
    190.000    -0.0998    -0.1023   2.854431   2.854127    306.915     0.1384     0.1137    627.621   78.91603   -8.50692    34.3427    34.3414 0.0000e+00
    191.000    -0.0865    -0.0898   2.856576   2.856117    306.138     0.1381     0.1134    628.738   78.91602   -8.50692    34.3557    34.3533 0.0000e+00
    192.000    -0.0751    -0.0781   2.858235   2.857881    305.102     0.1366     0.1137    629.860   78.91602   -8.50693    34.3643    34.3629 0.0000e+00
    193.000    -0.0668    -0.0695   2.859745   2.859388    304.896     0.1366     0.1129    630.990   78.91602   -8.50694    34.3743    34.3726 0.0000e+00
    194.000    -0.0565    -0.0594   2.861163   2.860820    304.607     0.1366     0.1110    632.121   78.91602   -8.50694    34.3810    34.3797 0.0000e+00
    195.000    -0.0382    -0.0428   2.863486   2.862955    303.446     0.1366     0.1112    633.254   78.91602   -8.50694    34.3907    34.3888 0.0000e+00
    196.000    -0.0253    -0.0279   2.865153   2.864860    303.642     0.1379     0.1119    634.388   78.91602   -8.50696    34.3977    34.3967 0.0000e+00
    197.000    -0.0151    -0.0178   2.866466   2.866155    304.079     0.1383     0.1123    635.518   78.91602   -8.50697    34.4030    34.4019 0.0000e+00
    198.000     0.0079     0.0033   2.869392   2.868863    303.864     0.1335     0.1127    636.653   78.91602   -8.50698    34.4153    34.4134 0.0000e+00
    199.000     0.0266     0.0235   2.871718   2.871367    303.008     0.1338     0.1125    637.781   78.91602   -8.50699    34.4245    34.4234 0.0000e+00
    200.000     0.0413     0.0388   2.873590   2.873315    303.024     0.1379     0.1128    638.903   78.91602   -8.50700    34.4322    34.4314 0.0000e+00
    201.000     0.0466     0.0447   2.874295   2.874083    302.647     0.1359     0.1117    640.018   78.91602   -8.50702    34.4349    34.4343 0.0000e+00
    202.000     0.0509     0.0489   2.874840   2.874614    302.015     0.1325     0.1105    641.141   78.91602   -8.50704    34.4368    34.4360 0.0000e+00
    203.000     0.0561     0.0538   2.875512   2.875245    300.936     0.1331     0.1104    642.259   78.91602   -8.50706    34.4392    34.4382 0.0000e+00
    204.000     0.0698     0.0671   2.877263   2.876958    300.399     0.1366     0.1104    643.378   78.91602   -8.50707    34.4464    34.4453 0.0000e+00
    205.000     0.0765     0.0747   2.878125   2.877905    300.492     0.1354     0.1104    644.498   78.91602   -8.50709    34.4496    34.4488 0.0000e+00
    206.000     0.0786     0.0771   2.878412   2.878246    300.234     0.1332     0.1112    645.623   78.91602   -8.50710    34.4504    34.4499 0.0000e+00
    207.000     0.0794     0.0779   2.878557   2.878383    300.269     0.1356     0.1119    646.752   78.91602   -8.50711    34.4509    34.4502 0.0000e+00
