test_project/cnv_input/012_bin.cnv
* Sea-Bird SBE 9 Data File:
* FileName = C:\Documents and Settings\ctd\Desktop\FS2022\data\012.hex
* Software Version Seasave V 7.21b
* Temperature SN = 2400
* Conductivity SN = 3447
* Number of Bytes Per Scan = 48
* Number of Voltage Words = 5
* Number of Scans Averaged by the Deck Unit = 1
* NMEA Latitude = 78 54.99 N
* NMEA Longitude = 008 30.28 W
* NMEA UTC (Time) = Sep 14 2022  08:41:08
* NMEA baud rate = 4800
** Cruise: FS 2022
** Ship: Silver Arctic
** Station (File Number):  012
** Latitude:
** Longitude:
** Echodepth (m):
** Seastate:
# nquan = 14
# nvalues = 239                         
# units = specified
# name 0 = prDM: Pressure, Digiquartz [db]
# name 1 = t090C: Temperature [ITS-90, deg C]
# name 2 = t190C: Temperature, 2 [ITS-90, deg C]
# name 3 = c0S/m: Conductivity [S/m]
# name 4 = c1S/m: Conductivity, 2 [S/m]
# name 5 = sbox0Mm/Kg: Oxygen, SBE 43 [umol/kg]
# name 6 = wetCDOM: Fluorescence, WET Labs CDOM [mg/m^3]
# name 7 = wetCDOM1: Fluorescence, WET Labs CDOM, 2 [mg/m^3]
# name 8 = timeS: Time, Elapsed [seconds]
# name 9 = latitude: Latitude [deg]
# name 10 = longitude: Longitude [deg]
# name 11 = sal00: Salinity, Practical [PSU]
# name 12 = sal11: Salinity, Practical, 2 [PSU]
# name 13 = flag: flag
# span 0 =      2.000,    240.000       
# span 1 =    -1.6156,     0.2645       
# span 2 =    -1.6168,     0.2627       
# span 3 =   2.422503,   2.902157       
# span 4 =   2.422048,   2.901934       
# span 5 =    297.106,    532.726       
# span 6 =     0.1291,     0.1662       
# span 7 =     0.1094,     0.1278       
# span 8 =    375.040,    708.954       
# span 9 =   78.91591,   78.91628       
# span 10 =   -8.50795,   -8.50489      
# span 11 =    30.2348,    34.5344      
# span 12 =    30.2300,    34.5335      
# span 13 = 0.0000e+00, 0.0000e+00      
# interval = decibars: 1                
# start_time = Sep 14 2022 08:41:08 [NMEA time, first data scan]
# bad_flag = -9.990e-29
*END*
[from data line 207]
    209.000     0.0848     0.0829   2.879312   2.879085    300.300     0.1382     0.1119    649.010   78.91602   -8.50716    34.4535    34.4526 0.0000e+00
    210.000     0.0873     0.0857   2.879663   2.879482    299.587     0.1384     0.1103    650.131   78.91600   -8.50716    34.4548    34.4542 0.0000e+00
    211.000     0.0906     0.0884   2.880130   2.879886    299.601     0.1323     0.1110    651.254   78.91600   -8.50718    34.4567    34.4558 0.0000e+00
    212.000     0.1022     0.0998   2.881617   2.881336    300.128     0.1338     0.1118    652.377   78.91600   -8.50721    34.4626    34.4617 0.0000e+00
    213.000     0.1096     0.1073   2.882555   2.882298    300.036     0.1360     0.1104    653.500   78.91600   -8.50722    34.4662    34.4653 0.0000e+00
    214.000     0.1154     0.1132   2.883327   2.883076    299.846     0.1358     0.1102    654.612   78.91600   -8.50723    34.4693    34.4683 0.0000e+00
    215.000     0.1178     0.1163   2.883665   2.883488    299.517     0.1366     0.1094    655.722   78.91600   -8.50725    34.4704    34.4698 0.0000e+00
    216.000     0.1208     0.1191   2.884073   2.883880    299.000     0.1335     0.1101    656.838   78.91600   -8.50727    34.4718    34.4711 0.0000e+00
    217.000     0.1238     0.1220   2.884468   2.884259    298.474     0.1313     0.1102    657.954   78.91600   -8.50728    34.4731    34.4723 0.0000e+00
    218.000     0.1290     0.1270   2.885153   2.884929    298.328     0.1319     0.1138    659.064   78.91600   -8.50730    34.4757    34.4749 0.0000e+00
    219.000     0.1320     0.1299   2.885568   2.885352    298.253     0.1324     0.1123    660.186   78.91600   -8.50732    34.4772    34.4767 0.0000e+00
    220.000     0.1367     0.1350   2.886196   2.886004    297.961     0.1355     0.1107    661.310   78.91598   -8.50732    34.4796    34.4789 0.0000e+00
    221.000     0.1435     0.1412   2.887039   2.886761    297.685     0.1369     0.1114    662.435   78.91598   -8.50735    34.4824    34.4814 0.0000e+00
    222.000     0.1493     0.1475   2.887706   2.887508    298.056     0.1341     0.1104    663.567   78.91598   -8.50736    34.4841    34.4835 0.0000e+00
    223.000     0.1585     0.1563   2.888764   2.888535    297.794     0.1340     0.1105    664.693   78.91598   -8.50737    34.4872    34.4866 0.0000e+00
    224.000     0.1645     0.1625   2.889512   2.889296    297.126     0.1352     0.1106    665.813   78.91598   -8.50738    34.4897    34.4891 0.0000e+00
    225.000     0.1711     0.1692   2.890411   2.890186    297.677     0.1351     0.1116    666.944   78.91598   -8.50740    34.4935    34.4927 0.0000e+00
    226.000     0.1737     0.1722   2.890777   2.890608    298.620     0.1351     0.1119    668.060   78.91598   -8.50742    34.4949    34.4943 0.0000e+00
    227.000     0.1786     0.1766   2.891420   2.891205    299.155     0.1311     0.1117    669.183   78.91598   -8.50744    34.4973    34.4967 0.0000e+00
    228.000     0.1892     0.1870   2.892736   2.892494    298.697     0.1315     0.1103    670.294   78.91598   -8.50746    34.5021    34.5013 0.0000e+00
    229.000     0.1923     0.1904   2.893162   2.892950    297.868     0.1330     0.1103    671.406   78.91598   -8.50747    34.5036    34.5030 0.0000e+00
    230.000     0.1965     0.1946   2.893678   2.893472    297.520     0.1330     0.1117    672.530   78.91598   -8.50749    34.5051    34.5045 0.0000e+00
    231.000     0.1999     0.1982   2.894104   2.893915    297.295     0.1347     0.1118    673.664   78.91598   -8.50750    34.5063    34.5058 0.0000e+00
    232.000     0.2057     0.2032   2.894807   2.894540    297.106     0.1372     0.1118    674.814   78.91598   -8.50751    34.5085    34.5078 0.0000e+00
    233.000     0.2191     0.2168   2.896457   2.896198    297.144     0.1366     0.1114    676.107   78.91598   -8.50754    34.5145    34.5137 0.0000e+00
    234.000     0.2293     0.2270   2.897706   2.897450    297.655     0.1367     0.1114    678.214   78.91596   -8.50756    34.5189    34.5182 0.0000e+00
    235.000     0.2368     0.2341   2.898665   2.898372    298.129     0.1358     0.1117    680.278   78.91596   -8.50758    34.5225    34.5217 0.0000e+00
    236.000     0.2398     0.2382   2.899065   2.898890    298.108     0.1332     0.1114    681.993   78.91596   -8.50760    34.5238    34.5233 0.0000e+00
    237.000     0.2437     0.2416   2.899559   2.899327    299.122     0.1300     0.1097    683.701   78.91596   -8.50763    34.5254    34.5247 0.0000e+00
    238.000     0.2532     0.2510   2.900707   2.900471    299.214     0.1356     0.1103    685.600   78.91596   -8.50765    34.5292    34.5286 0.0000e+00
    239.000     0.2593     0.2578   2.901474   2.901316    298.665     0.1331     0.1102    688.346   78.91595   -8.50768    34.5319    34.5314 0.0000e+00
    240.000     0.2645     0.2627   2.902157   2.901934    298.881     0.1313     0.1100    708.954   78.91591   -8.50795    34.5344    34.5335 0.0000e+00
