test_project/cnv_input/016_bin.cnv
* Sea-Bird SBE 9 Data File:
* FileName = C:\Documents and Settings\ctd\Desktop\FS2022\data\016.hex
* Software Version Seasave V 7.21b
* Temperature SN = 2400
* Conductivity SN = 3447
* Number of Bytes Per Scan = 48
* Number of Voltage Words = 5
* Number of Scans Averaged by the Deck Unit = 1
* NMEA Latitude = 78 54.86 N
* NMEA Longitude = 004 28.56 W
* NMEA UTC (Time) = Sep 16 2022  10:28:09
* NMEA baud rate = 4800
** Cruise: FS 2022
** Ship: Silver Arctic
** Station (File Number):  016
** Latitude:
** Longitude:
** Echodepth (m):
** Seastate:
# nquan = 14
# nvalues = 1597                        
# units = specified
# name 0 = prDM: Pressure, Digiquartz [db]
# name 1 = t090C: Temperature [ITS-90, deg C]
# name 2 = t190C: Temperature, 2 [ITS-90, deg C]
# name 3 = c0S/m: Conductivity [S/m]
# name 4 = c1S/m: Conductivity, 2 [S/m]
# name 5 = sbox0Mm/Kg: Oxygen, SBE 43 [umol/kg]
# name 6 = wetCDOM: Fluorescence, WET Labs CDOM [mg/m^3]
# name 7 = wetCDOM1: Fluorescence, WET Labs CDOM, 2 [mg/m^3]
# name 8 = timeS: Time, Elapsed [seconds]
# name 9 = latitude: Latitude [deg]
# name 10 = longitude: Longitude [deg]
# name 11 = sal00: Salinity, Practical [PSU]
# name 12 = sal11: Salinity, Practical, 2 [PSU]
# name 13 = flag: flag
# span 0 =     15.000,   1611.000       
# span 1 =    -1.7625,     1.6739       
# span 2 =    -1.7627,     1.6718       
# span 3 =   0.066163,   3.057310       
# span 4 =   2.464914,   3.057242       
# span 5 =    289.186,    402.295       
# span 6 =     0.1071,     0.1793       
# span 7 =     0.0823,     0.1321       
# span 8 =    187.831,   2299.794       
# span 9 =   78.90773,   78.91380       
# span 10 =   -4.49299,   -4.47724      
# span 11 =     0.6512,    34.9141      
# span 12 =    30.7396,    34.9152      
# span 13 = 0.0000e+00, 0.0000e+00      
# interval = decibars: 1                
# start_time = Sep 16 2022 10:28:09 [NMEA time, first data scan]
# bad_flag = -9.990e-29
*END*
[from data line 620]
    635.000     0.3707     0.3694   2.954590   2.954553    305.757     0.1218     0.1039   1230.266   78.91068   -4.48432    34.8689    34.8700 0.0000e+00
    636.000     0.3700     0.3685   2.954586   2.954526    305.701     0.1220     0.1041   1231.287   78.91067   -4.48432    34.8691    34.8700 0.0000e+00
    637.000     0.3687     0.3674   2.954516   2.954462    305.367     0.1224     0.1042   1232.313   78.91066   -4.48432    34.8691    34.8699 0.0000e+00
    638.000     0.3667     0.3654   2.954400   2.954360    305.759     0.1229     0.1047   1233.346   78.91066   -4.48433    34.8692    34.8701 0.0000e+00
    639.000     0.3645     0.3630   2.954257   2.954210    305.428     0.1217     0.1053   1234.369   78.91066   -4.48434    34.8693    34.8703 0.0000e+00
    640.000     0.3634     0.3620   2.954201   2.954157    305.759     0.1229     0.1056   1235.395   78.91065   -4.48435    34.8692    34.8702 0.0000e+00
    641.000     0.3622     0.3608   2.954156   2.954108    306.265     0.1258     0.1059   1236.409   78.91064   -4.48436    34.8693    34.8703 0.0000e+00
    642.000     0.3617     0.3602   2.954146   2.954099    306.208     0.1226     0.1027   1237.431   78.91064   -4.48436    34.8692    34.8703 0.0000e+00
    643.000     0.3601     0.3588   2.954059   2.954017    306.261     0.1203     0.1019   1238.457   78.91064   -4.48437    34.8693    34.8702 0.0000e+00
    644.000     0.3580     0.3568   2.953939   2.953895    306.109     0.1201     0.1029   1239.474   78.91064   -4.48439    34.8695    34.8703 0.0000e+00
    645.000     0.3574     0.3559   2.953928   2.953872    306.212     0.1218     0.1038   1240.496   78.91063   -4.48440    34.8694    34.8704 0.0000e+00
    646.000     0.3568     0.3554   2.953927   2.953877    306.083     0.1196     0.1032   1241.517   78.91062   -4.48441    34.8696    34.8705 0.0000e+00
    647.000     0.3546     0.3534   2.953786   2.953753    306.014     0.1176     0.1035   1242.540   78.91062   -4.48442    34.8696    34.8705 0.0000e+00
    648.000     0.3523     0.3509   2.953651   2.953605    305.789     0.1197     0.1033   1243.572   78.91062   -4.48442    34.8699    34.8708 0.0000e+00
    649.000     0.3509     0.3495   2.953575   2.953522    305.530     0.1220     0.1037   1244.599   78.91062   -4.48442    34.8698    34.8708 0.0000e+00
    650.000     0.3502     0.3488   2.953556   2.953500    305.487     0.1214     0.1053   1245.631   78.91062   -4.48443    34.8698    34.8706 0.0000e+00
    651.000     0.3500     0.3485   2.953578   2.953524    305.736     0.1209     0.1056   1246.665   78.91061   -4.48444    34.8697    34.8707 0.0000e+00
    652.000     0.3484     0.3472   2.953494   2.953463    305.617     0.1192     0.1067   1247.695   78.91060   -4.48444    34.8699    34.8708 0.0000e+00
    653.000     0.3470     0.3456   2.953422   2.953366    305.880     0.1212     0.1056   1248.720   78.91060   -4.48444    34.8699    34.8708 0.0000e+00
    654.000     0.3459     0.3445   2.953381   2.953330    306.337     0.1215     0.1065   1249.751   78.91060   -4.48444    34.8700    34.8710 0.0000e+00
    655.000     0.3448     0.3433   2.953331   2.953279    306.098     0.1223     0.1053   1250.774   78.91060   -4.48446    34.8700    34.8710 0.0000e+00
    656.000     0.3433     0.3419   2.953247   2.953209    305.679     0.1188     0.1053   1251.799   78.91058   -4.48446    34.8700    34.8711 0.0000e+00
    657.000     0.3406     0.3393   2.953081   2.953040    306.149     0.1209     0.1053   1252.822   78.91058   -4.48446    34.8703    34.8712 0.0000e+00
    658.000     0.3383     0.3369   2.952922   2.952881    306.331     0.1210     0.1054   1253.842   78.91058   -4.48446    34.8702    34.8712 0.0000e+00
    659.000     0.3369     0.3355   2.952857   2.952803    305.749     0.1208     0.1048   1254.864   78.91058   -4.48448    34.8704    34.8713 0.0000e+00
    660.000     0.3359     0.3346   2.952827   2.952786    306.235     0.1220     0.1036   1255.890   78.91058   -4.48448    34.8705    34.8714 0.0000e+00
    661.000     0.3338     0.3325   2.952692   2.952652    306.481     0.1218     0.1030   1256.908   78.91056   -4.48448    34.8705    34.8714 0.0000e+00
    662.000     0.3333     0.3319   2.952709   2.952643    305.664     0.1195     0.1042   1257.938   78.91056   -4.48450    34.8708    34.8715 0.0000e+00
    663.000     0.3323     0.3308   2.952661   2.952614    306.022     0.1183     0.1051   1258.970   78.91056   -4.48450    34.8707    34.8717 0.0000e+00
    664.000     0.3312     0.3295   2.952611   2.952561    306.200     0.1249     0.1042   1259.999   78.91056   -4.48450    34.8707    34.8719 0.0000e+00
    665.000     0.3315     0.3301   2.952724   2.952676    306.230     0.1260     0.1052   1261.039   78.91056   -4.48450    34.8712    34.8722 0.0000e+00
    666.000     0.3286     0.3275   2.952516   2.952490    305.957     0.1221     0.1054   1262.074   78.91054   -4.48452    34.8712    34.8721 0.0000e+00
    667.000     0.3247     0.3233   2.952225   2.952183    305.590     0.1220     0.1064   1263.103   78.91054   -4.48452    34.8712    34.8722 0.0000e+00
    668.000     0.3240     0.3225   2.952202   2.952155    305.681     0.1161     0.1036   1264.142   78.91054   -4.48452    34.8711    34.8721 0.0000e+00
    669.000     0.3232     0.3216   2.952191   2.952128    306.521     0.1165     0.1033   1265.181   78.91054   -4.48454    34.8713    34.8722 0.0000e+00
    670.000     0.3215     0.3201   2.952086   2.952042    306.297     0.1206     0.1049   1266.208   78.91052   -4.48454    34.8713    34.8722 0.0000e+00
    671.000     0.3184     0.3170   2.951863   2.951817    305.952     0.1231     0.1043   1267.224   78.91052   -4.48456    34.8712    34.8722 0.0000e+00
    672.000     0.3171     0.3156   2.951809   2.951750    306.198     0.1233     0.1053   1268.243   78.91052   -4.48456    34.8714    34.8723 0.0000e+00
    673.000     0.3159     0.3145   2.951746   2.951697    306.240     0.1215     0.1054   1269.269   78.91052   -4.48455    34.8713    34.8723 0.0000e+00
    674.000     0.3146     0.3131   2.951676   2.951627    306.336     0.1197     0.1066   1270.291   78.91052   -4.48454    34.8713    34.8723 0.0000e+00
    675.000     0.3136     0.3121   2.951648   2.951584    306.362     0.1210     0.1046   1271.321   78.91051   -4.48454    34.8715    34.8723 0.0000e+00
    676.000     0.3131     0.3116   2.951648   2.951589    305.934     0.1195     0.1051   1272.353   78.91050   -4.48454    34.8714    34.8724 0.0000e+00
    677.000     0.3111     0.3098   2.951518   2.951473    306.046     0.1233     0.1052   1273.383   78.91050   -4.48454    34.8715    34.8723 0.0000e+00
    678.000     0.3093     0.3079   2.951404   2.951361    306.354     0.1219     0.1051   1274.412   78.91050   -4.48454    34.8714    34.8724 0.0000e+00
    679.000     0.3082     0.3067   2.951363   2.951311    306.397     0.1254     0.1051   1275.442   78.91050   -4.48454    34.8715    34.8725 0.0000e+00
    680.000     0.3076     0.3061   2.951364   2.951312    306.144     0.1227     0.1047   1276.467   78.91049   -4.48454    34.8716    34.8727 0.0000e+00
    681.000     0.3064     0.3048   2.951322   2.951258    306.126     0.1186     0.1041   1277.488   78.91048   -4.48454    34.8718    34.8728 0.0000e+00
    682.000     0.3062     0.3048   2.951342   2.951296    306.915     0.1201     0.1042   1278.512   78.91048   -4.48454    34.8717    34.8727 0.0000e+00
    683.000     0.3060     0.3044   2.951373   2.951322    306.786     0.1215     0.1039   1279.534   78.91048   -4.48454    34.8718    34.8729 0.0000e+00
    684.000     0.3048     0.3034   2.951322   2.951264    306.572     0.1199     0.1031   1280.558   78.91048   -4.48454    34.8719    34.8727 0.0000e+00
    685.000     0.3034     0.3022   2.951242   2.951204    306.114     0.1197     0.1049   1281.580   78.91048   -4.48454    34.8718    34.8727 0.0000e+00
    686.000     0.2970     0.2960   2.950738   2.950709    305.924     0.1212     0.1026   1282.602   78.91048   -4.48455    34.8718    34.8726 0.0000e+00
    687.000     0.2954     0.2940   2.950635   2.950591    305.946     0.1197     0.1041   1283.635   78.91048   -4.48456    34.8717    34.8727 0.0000e+00
    688.000     0.2942     0.2927   2.950568   2.950510    306.057     0.1177     0.1039   1284.672   78.91047   -4.48457    34.8717    34.8726 0.0000e+00
    689.000     0.2932     0.2917   2.950535   2.950485    306.384     0.1254     0.1035   1285.693   78.91046   -4.48459    34.8718    34.8727 0.0000e+00
    690.000     0.2898     0.2885   2.950296   2.950253    306.241     0.1251     0.1035   1286.729   78.91046   -4.48460    34.8718    34.8727 0.0000e+00
    691.000     0.2890     0.2875   2.950273   2.950222    306.341     0.1268     0.1028   1287.771   78.91046   -4.48460    34.8719    34.8729 0.0000e+00
    692.000     0.2888     0.2874   2.950307   2.950250    306.572     0.1231     0.1030   1288.809   78.91046   -4.48462    34.8720    34.8728 0.0000e+00
    693.000     0.2856     0.2842   2.950065   2.950010    306.116     0.1214     0.1039   1289.835   78.91044   -4.48462    34.8719    34.8727 0.0000e+00
    694.000     0.2838     0.2824   2.949949   2.949899    305.686     0.1207     0.1040   1290.861   78.91044   -4.48462    34.8717    34.8727 0.0000e+00
    695.000     0.2824     0.2810   2.949887   2.949826    305.593     0.1188     0.1050   1291.888   78.91044   -4.48464    34.8719    34.8727 0.0000e+00
    696.000     0.2820     0.2806   2.949912   2.949854    305.376     0.1194     0.1034   1292.914   78.91044   -4.48464    34.8721    34.8729 0.0000e+00
    697.000     0.2815     0.2800   2.949902   2.949855    305.087     0.1208     0.1045   1293.939   78.91044   -4.48464    34.8719    34.8731 0.0000e+00
    698.000     0.2810     0.2795   2.949904   2.949852    305.741     0.1187     0.1047   1294.961   78.91042   -4.48464    34.8720    34.8730 0.0000e+00
    699.000     0.2804     0.2788   2.949893   2.949835    305.681     0.1253     0.1057   1295.986   78.91042   -4.48466    34.8720    34.8729 0.0000e+00
    700.000     0.2800     0.2785   2.949915   2.949857    305.776     0.1191     0.1067   1297.023   78.91042   -4.48466    34.8721    34.8730 0.0000e+00
    701.000     0.2796     0.2782   2.949922   2.949867    306.129     0.1191     0.1067   1298.053   78.91042   -4.48468    34.8721    34.8729 0.0000e+00
    702.000     0.2787     0.2773   2.949908   2.949851    306.434     0.1231     0.1061   1299.091   78.91042   -4.48468    34.8723    34.8731 0.0000e+00
    703.000     0.2779     0.2764   2.949882   2.949831    306.199     0.1245     0.1042   1300.125   78.91042   -4.48470    34.8723    34.8733 0.0000e+00
    704.000     0.2758     0.2744   2.949750   2.949704    305.994     0.1206     0.1053   1301.158   78.91040   -4.48470    34.8723    34.8733 0.0000e+00
    705.000     0.2744     0.2731   2.949682   2.949629    305.882     0.1182     0.1052   1302.193   78.91040   -4.48470    34.8724    34.8732 0.0000e+00
    706.000     0.2740     0.2725   2.949688   2.949632    305.627     0.1211     0.1032   1303.239   78.91040   -4.48472    34.8724    34.8734 0.0000e+00
    707.000     0.2731     0.2716   2.949649   2.949602    305.861     0.1219     0.1039   1304.268   78.91040   -4.48472    34.8723    34.8733 0.0000e+00
    708.000     0.2722     0.2707   2.949629   2.949578    306.117     0.1195     0.1050   1305.304   78.91040   -4.48473    34.8725    34.8735 0.0000e+00
    709.000     0.2722     0.2706   2.949676   2.949618    305.980     0.1184     0.1045   1306.344   78.91040   -4.48474    34.8725    34.8735 0.0000e+00
    710.000     0.2730     0.2716   2.949805   2.949758    306.132     0.1192     0.1040   1307.378   78.91039   -4.48475    34.8727    34.8737 0.0000e+00
    711.000     0.2738     0.2722   2.949921   2.949867    306.120     0.1236     0.1034   1308.406   78.91038   -4.48476    34.8728    34.8738 0.0000e+00
    712.000     0.2731     0.2716   2.949929   2.949874    306.178     0.1196     0.1032   1309.442   78.91038   -4.48477    34.8731    34.8740 0.0000e+00
    713.000     0.2708     0.2694   2.949772   2.949731    306.117     0.1232     0.1040   1310.475   78.91038   -4.48479    34.8730    34.8740 0.0000e+00
    714.000     0.2695     0.2681   2.949717   2.949666    305.757     0.1206     0.1043   1311.521   78.91038   -4.48481    34.8732    34.8741 0.0000e+00
    715.000     0.2675     0.2662   2.949588   2.949545    305.002     0.1242     0.1051   1312.569   78.91037   -4.48482    34.8732    34.8741 0.0000e+00
    716.000     0.2659     0.2645   2.949492   2.949451    305.540     0.1259     0.1043   1313.623   78.91036   -4.48483    34.8731    34.8741 0.0000e+00
    717.000     0.2640     0.2626   2.949378   2.949325    306.261     0.1227     0.1065   1314.669   78.91036   -4.48484    34.8732    34.8741 0.0000e+00
    718.000     0.2628     0.2613   2.949321   2.949269    306.333     0.1205     0.1057   1315.716   78.91036   -4.48485    34.8732    34.8742 0.0000e+00
    719.000     0.2611     0.2597   2.949215   2.949176    306.283     0.1194     0.1034   1316.769   78.91036   -4.48486    34.8732    34.8742 0.0000e+00
    720.000     0.2596     0.2582   2.949148   2.949100    306.217     0.1204     0.1046   1317.823   78.91036   -4.48486    34.8734    34.8743 0.0000e+00
    721.000     0.2568     0.2557   2.948945   2.948913    305.797     0.1220     0.1037   1318.869   78.91034   -4.48488    34.8733    34.8742 0.0000e+00
    722.000     0.2548     0.2534   2.948814   2.948765    305.371     0.1221     0.1022   1319.928   78.91034   -4.48488    34.8733    34.8741 0.0000e+00
    723.000     0.2526     0.2515   2.948667   2.948643    305.791     0.1217     0.1030   1320.985   78.91034   -4.48490    34.8732    34.8741 0.0000e+00
    724.000     0.2510     0.2496   2.948560   2.948516    306.088     0.1214     0.1041   1322.040   78.91034   -4.48490    34.8731    34.8741 0.0000e+00
    725.000     0.2507     0.2493   2.948593   2.948550    306.238     0.1199     0.1038   1323.092   78.91034   -4.48490    34.8732    34.8743 0.0000e+00
    726.000     0.2516     0.2501   2.948723   2.948669    306.329     0.1238     0.1032   1324.143   78.91034   -4.48492    34.8734    34.8743 0.0000e+00
    727.000     0.2520     0.2505   2.948832   2.948771    306.014     0.1233     0.1043   1325.188   78.91034   -4.48492    34.8737    34.8747 0.0000e+00
    728.000     0.2517     0.2502   2.948857   2.948806    306.073     0.1213     0.1052   1326.224   78.91034   -4.48494    34.8738    34.8749 0.0000e+00
    729.000     0.2507     0.2493   2.948822   2.948776    305.792     0.1224     0.1044   1327.260   78.91032   -4.48495    34.8739    34.8749 0.0000e+00
    730.000     0.2494     0.2481   2.948753   2.948724    306.121     0.1204     0.1066   1328.302   78.91032   -4.48496    34.8739    34.8750 0.0000e+00
    731.000     0.2476     0.2463   2.948667   2.948625    306.211     0.1176     0.1056   1329.337   78.91032   -4.48497    34.8742    34.8751 0.0000e+00
    732.000     0.2468     0.2453   2.948634   2.948592    306.900     0.1191     0.1045   1330.379   78.91032   -4.48498    34.8742    34.8752 0.0000e+00
    733.000     0.2457     0.2443   2.948589   2.948540    306.837     0.1179     0.1034   1331.417   78.91031   -4.48498    34.8742    34.8751 0.0000e+00
    734.000     0.2451     0.2437   2.948588   2.948537    306.655     0.1170     0.1036   1332.461   78.91030   -4.48498    34.8743    34.8752 0.0000e+00
    735.000     0.2431     0.2418   2.948480   2.948441    306.446     0.1186     0.1059   1333.515   78.91030   -4.48498    34.8745    34.8755 0.0000e+00
    736.000     0.2400     0.2390   2.948250   2.948233    306.770     0.1186     0.1064   1334.566   78.91030   -4.48499    34.8744    34.8753 0.0000e+00
