test_project/cnv_input/016_bin.cnv
* Sea-Bird SBE 9 Data File:
* FileName = C:\Documents and Settings\ctd\Desktop\FS2022\data\016.hex
* Software Version Seasave V 7.21b
* Temperature SN = 2400
* Conductivity SN = 3447
* Number of Bytes Per Scan = 48
* Number of Voltage Words = 5
* Number of Scans Averaged by the Deck Unit = 1
* NMEA Latitude = 78 54.86 N
* NMEA Longitude = 004 28.56 W
* NMEA UTC (Time) = Sep 16 2022  10:28:09
* NMEA baud rate = 4800
** Cruise: FS 2022
** Ship: Silver Arctic
** Station (File Number):  016
** Latitude:
** Longitude:
** Echodepth (m):
** Seastate:
# nquan = 14
# nvalues = 1597                        
# units = specified
# name 0 = prDM: Pressure, Digiquartz [db]
# name 1 = t090C: Temperature [ITS-90, deg C]
# name 2 = t190C: Temperature, 2 [ITS-90, deg C]
# name 3 = c0S/m: Conductivity [S/m]
# name 4 = c1S/m: Conductivity, 2 [S/m]
# name 5 = sbox0Mm/Kg: Oxygen, SBE 43 [umol/kg]
# name 6 = wetCDOM: Fluorescence, WET Labs CDOM [mg/m^3]
# name 7 = wetCDOM1: Fluorescence, WET Labs CDOM, 2 [mg/m^3]
# name 8 = timeS: Time, Elapsed [seconds]
# name 9 = latitude: Latitude [deg]
# name 10 = longitude: Longitude [deg]
# name 11 = sal00: Salinity, Practical [PSU]
# name 12 = sal11: Salinity, Practical, 2 [PSU]
# name 13 = flag: flag
# span 0 =     15.000,   1611.000       
# span 1 =    -1.7625,     1.6739       
# span 2 =    -1.7627,     1.6718       
# span 3 =   0.066163,   3.057310       
# span 4 =   2.464914,   3.057242       
# span 5 =    289.186,    402.295       
# span 6 =     0.1071,     0.1793       
# span 7 =     0.0823,     0.1321       
# span 8 =    187.831,   2299.794       
# span 9 =   78.90773,   78.91380       
# span 10 =   -4.49299,   -4.47724      
# span 11 =     0.6512,    34.9141      
# span 12 =    30.7396,    34.9152      
# span 13 = 0.0000e+00, 0.0000e+00      
# interval = decibars: 1                
# start_time = Sep 16 2022 10:28:09 [NMEA time, first data scan]
# bad_flag = -9.990e-29
*END*
[from data line 1342]
   1357.000    -0.2320    -0.2335   2.937066   2.937033    305.883     0.1195     0.1043   1991.303   78.90858   -4.49046    34.9055    34.9067 0.0000e+00
   1358.000    -0.2322    -0.2336   2.937099   2.937063    306.127     0.1232     0.1052   1992.311   78.90858   -4.49046    34.9055    34.9067 0.0000e+00
   1359.000    -0.2322    -0.2336   2.937155   2.937104    306.059     0.1216     0.1055   1993.316   78.90858   -4.49048    34.9057    34.9067 0.0000e+00
   1360.000    -0.2325    -0.2338   2.937166   2.937130    305.920     0.1214     0.1053   1994.317   78.90858   -4.49049    34.9057    34.9067 0.0000e+00
   1361.000    -0.2330    -0.2345   2.937158   2.937124    305.760     0.1236     0.1051   1995.318   78.90858   -4.49050    34.9056    34.9068 0.0000e+00
   1362.000    -0.2340    -0.2355   2.937132   2.937090    306.009     0.1221     0.1050   1996.321   78.90858   -4.49051    34.9058    34.9070 0.0000e+00
   1363.000    -0.2343    -0.2359   2.937150   2.937106    305.756     0.1206     0.1044   1997.326   78.90858   -4.49052    34.9058    34.9070 0.0000e+00
   1364.000    -0.2344    -0.2360   2.937183   2.937129    305.637     0.1218     0.1052   1998.338   78.90858   -4.49053    34.9058    34.9070 0.0000e+00
   1365.000    -0.2353    -0.2368   2.937152   2.937110    306.060     0.1223     0.1041   1999.356   78.90858   -4.49054    34.9058    34.9070 0.0000e+00
   1366.000    -0.2361    -0.2376   2.937131   2.937093    306.026     0.1216     0.1042   2000.387   78.90858   -4.49054    34.9059    34.9072 0.0000e+00
   1367.000    -0.2363    -0.2378   2.937157   2.937112    305.914     0.1236     0.1053   2001.417   78.90858   -4.49055    34.9060    34.9071 0.0000e+00
   1368.000    -0.2366    -0.2381   2.937175   2.937129    305.671     0.1224     0.1066   2002.452   78.90858   -4.49056    34.9059    34.9070 0.0000e+00
   1369.000    -0.2371    -0.2386   2.937177   2.937138    305.505     0.1224     0.1071   2003.492   78.90858   -4.49057    34.9060    34.9072 0.0000e+00
   1370.000    -0.2376    -0.2391   2.937185   2.937139    305.195     0.1216     0.1054   2004.525   78.90858   -4.49058    34.9061    34.9072 0.0000e+00
   1371.000    -0.2380    -0.2395   2.937192   2.937152    305.226     0.1229     0.1042   2005.545   78.90858   -4.49058    34.9061    34.9073 0.0000e+00
   1372.000    -0.2390    -0.2405   2.937155   2.937113    306.012     0.1190     0.1041   2006.564   78.90858   -4.49059    34.9061    34.9073 0.0000e+00
   1373.000    -0.2395    -0.2411   2.937154   2.937112    305.722     0.1222     0.1043   2007.570   78.90858   -4.49060    34.9062    34.9074 0.0000e+00
   1374.000    -0.2399    -0.2414   2.937170   2.937131    305.839     0.1239     0.1052   2008.567   78.90858   -4.49060    34.9062    34.9075 0.0000e+00
   1375.000    -0.2406    -0.2421   2.937147   2.937113    305.638     0.1204     0.1054   2009.555   78.90858   -4.49061    34.9061    34.9074 0.0000e+00
   1376.000    -0.2414    -0.2429   2.937122   2.937085    305.533     0.1199     0.1052   2010.541   78.90858   -4.49062    34.9062    34.9074 0.0000e+00
   1377.000    -0.2414    -0.2430   2.937179   2.937129    305.421     0.1229     0.1044   2011.539   78.90858   -4.49063    34.9064    34.9075 0.0000e+00
   1378.000    -0.2415    -0.2431   2.937200   2.937169    305.562     0.1194     0.1048   2012.521   78.90858   -4.49064    34.9062    34.9076 0.0000e+00
   1379.000    -0.2418    -0.2434   2.937224   2.937180    305.776     0.1232     0.1048   2013.521   78.90858   -4.49064    34.9064    34.9075 0.0000e+00
   1380.000    -0.2422    -0.2437   2.937240   2.937196    305.413     0.1229     0.1043   2014.529   78.90858   -4.49064    34.9064    34.9076 0.0000e+00
   1381.000    -0.2420    -0.2437   2.937299   2.937246    305.482     0.1216     0.1044   2015.547   78.90858   -4.49065    34.9064    34.9076 0.0000e+00
   1382.000    -0.2420    -0.2435   2.937342   2.937301    305.436     0.1219     0.1053   2016.568   78.90858   -4.49066    34.9064    34.9075 0.0000e+00
   1383.000    -0.2429    -0.2443   2.937315   2.937282    305.483     0.1216     0.1043   2017.607   78.90857   -4.49066    34.9065    34.9076 0.0000e+00
   1384.000    -0.2442    -0.2456   2.937249   2.937223    305.599     0.1228     0.1053   2018.632   78.90856   -4.49066    34.9066    34.9078 0.0000e+00
   1385.000    -0.2456    -0.2470   2.937179   2.937144    305.426     0.1253     0.1046   2019.673   78.90856   -4.49067    34.9067    34.9078 0.0000e+00
   1386.000    -0.2461    -0.2475   2.937182   2.937147    305.524     0.1256     0.1062   2020.725   78.90856   -4.49068    34.9067    34.9078 0.0000e+00
   1387.000    -0.2463    -0.2477   2.937215   2.937173    305.270     0.1229     0.1050   2021.746   78.90856   -4.49070    34.9068    34.9078 0.0000e+00
   1388.000    -0.2484    -0.2499   2.937082   2.937033    305.812     0.1202     0.1042   2022.752   78.90856   -4.49070    34.9068    34.9079 0.0000e+00
   1389.000    -0.2490    -0.2507   2.937064   2.937022    305.861     0.1214     0.1040   2023.771   78.90856   -4.49071    34.9068    34.9081 0.0000e+00
   1390.000    -0.2494    -0.2510   2.937083   2.937037    305.854     0.1277     0.1045   2024.803   78.90856   -4.49072    34.9069    34.9081 0.0000e+00
   1391.000    -0.2497    -0.2513   2.937097   2.937055    305.741     0.1233     0.1046   2025.844   78.90856   -4.49074    34.9069    34.9082 0.0000e+00
   1392.000    -0.2503    -0.2519   2.937089   2.937054    305.574     0.1197     0.1035   2026.863   78.90856   -4.49074    34.9069    34.9082 0.0000e+00
   1393.000    -0.2516    -0.2529   2.937037   2.937004    305.507     0.1212     0.1051   2027.885   78.90856   -4.49076    34.9071    34.9081 0.0000e+00
   1394.000    -0.2520    -0.2534   2.937047   2.936998    306.036     0.1224     0.1044   2028.927   78.90856   -4.49076    34.9071    34.9081 0.0000e+00
   1395.000    -0.2525    -0.2539   2.937044   2.937004    306.154     0.1262     0.1052   2029.984   78.90856   -4.49078    34.9070    34.9081 0.0000e+00
   1396.000    -0.2527    -0.2542   2.937066   2.937027    306.123     0.1246     0.1043   2031.055   78.90856   -4.49078    34.9070    34.9082 0.0000e+00
   1397.000    -0.2529    -0.2545   2.937087   2.937042    306.009     0.1208     0.1064   2032.113   78.90856   -4.49078    34.9069    34.9083 0.0000e+00
   1398.000    -0.2536    -0.2551   2.937074   2.937032    305.845     0.1240     0.1051   2033.181   78.90855   -4.49080    34.9071    34.9081 0.0000e+00
   1399.000    -0.2543    -0.2558   2.937065   2.937020    305.998     0.1253     0.1059   2034.236   78.90854   -4.49080    34.9072    34.9083 0.0000e+00
   1400.000    -0.2544    -0.2560   2.937096   2.937053    305.880     0.1262     0.1060   2035.288   78.90854   -4.49082    34.9071    34.9083 0.0000e+00
   1401.000    -0.2545    -0.2561   2.937126   2.937085    305.886     0.1252     0.1054   2036.354   78.90854   -4.49083    34.9070    34.9083 0.0000e+00
   1402.000    -0.2549    -0.2566   2.937136   2.937079    305.699     0.1222     0.1061   2037.423   78.90854   -4.49084    34.9071    34.9083 0.0000e+00
   1403.000    -0.2552    -0.2569   2.937158   2.937107    306.220     0.1258     0.1054   2038.489   78.90854   -4.49085    34.9072    34.9084 0.0000e+00
   1404.000    -0.2553    -0.2568   2.937192   2.937146    306.101     0.1246     0.1029   2039.545   78.90854   -4.49086    34.9071    34.9082 0.0000e+00
   1405.000    -0.2558    -0.2573   2.937194   2.937153    305.990     0.1228     0.1032   2040.601   78.90854   -4.49087    34.9072    34.9083 0.0000e+00
   1406.000    -0.2567    -0.2581   2.937164   2.937129    306.437     0.1266     0.1041   2041.666   78.90854   -4.49088    34.9072    34.9084 0.0000e+00
   1407.000    -0.2562    -0.2578   2.937253   2.937198    306.165     0.1241     0.1045   2042.713   78.90854   -4.49089    34.9074    34.9084 0.0000e+00
   1408.000    -0.2570    -0.2583   2.937239   2.937207    305.490     0.1236     0.1067   2043.772   78.90854   -4.49090    34.9074    34.9086 0.0000e+00
   1409.000    -0.2582    -0.2595   2.937173   2.937146    305.699     0.1209     0.1054   2044.823   78.90854   -4.49092    34.9073    34.9085 0.0000e+00
   1410.000    -0.2603    -0.2617   2.937034   2.937014    306.038     0.1199     0.1042   2045.881   78.90854   -4.49092    34.9074    34.9087 0.0000e+00
   1411.000    -0.2610    -0.2625   2.937019   2.936983    305.962     0.1214     0.1051   2046.940   78.90852   -4.49094    34.9075    34.9087 0.0000e+00
   1412.000    -0.2612    -0.2627   2.937049   2.937010    306.172     0.1210     0.1045   2048.002   78.90852   -4.49094    34.9075    34.9087 0.0000e+00
   1413.000    -0.2619    -0.2634   2.937043   2.936997    306.097     0.1219     0.1049   2049.070   78.90852   -4.49096    34.9076    34.9087 0.0000e+00
   1414.000    -0.2622    -0.2637   2.937049   2.937016    305.917     0.1237     0.1047   2050.139   78.90852   -4.49096    34.9075    34.9087 0.0000e+00
   1415.000    -0.2629    -0.2643   2.937050   2.937008    305.860     0.1215     0.1043   2051.212   78.90852   -4.49098    34.9077    34.9087 0.0000e+00
   1416.000    -0.2632    -0.2647   2.937055   2.937018    306.059     0.1191     0.1040   2052.289   78.90852   -4.49099    34.9076    34.9088 0.0000e+00
   1417.000    -0.2634    -0.2649   2.937085   2.937036    306.202     0.1198     0.1046   2053.366   78.90852   -4.49100    34.9077    34.9087 0.0000e+00
   1418.000    -0.2645    -0.2659   2.937046   2.937009    306.084     0.1200     0.1060   2054.448   78.90852   -4.49101    34.9078    34.9089 0.0000e+00
   1419.000    -0.2669    -0.2682   2.936893   2.936865    306.160     0.1210     0.1070   2055.518   78.90852   -4.49102    34.9079    34.9090 0.0000e+00
   1420.000    -0.2678    -0.2693   2.936852   2.936819    306.374     0.1242     0.1059   2056.587   78.90852   -4.49103    34.9079    34.9092 0.0000e+00
   1421.000    -0.2682    -0.2697   2.936870   2.936824    306.206     0.1255     0.1028   2057.656   78.90850   -4.49104    34.9080    34.9091 0.0000e+00
   1422.000    -0.2697    -0.2711   2.936801   2.936762    305.534     0.1226     0.1034   2058.716   78.90850   -4.49106    34.9082    34.9093 0.0000e+00
   1423.000    -0.2708    -0.2722   2.936747   2.936721    305.304     0.1246     0.1066   2059.779   78.90850   -4.49106    34.9082    34.9094 0.0000e+00
   1424.000    -0.2714    -0.2729   2.936747   2.936711    305.070     0.1247     0.1045   2060.835   78.90850   -4.49106    34.9083    34.9095 0.0000e+00
   1425.000    -0.2717    -0.2732   2.936778   2.936731    305.001     0.1217     0.1043   2061.894   78.90850   -4.49110    34.9085    34.9095 0.0000e+00
   1426.000    -0.2722    -0.2737   2.936770   2.936734    305.155     0.1257     0.1051   2062.971   78.90850   -4.49112    34.9084    34.9096 0.0000e+00
   1427.000    -0.2725    -0.2740   2.936796   2.936750    305.440     0.1241     0.1072   2064.051   78.90850   -4.49114    34.9085    34.9096 0.0000e+00
   1428.000    -0.2730    -0.2745   2.936796   2.936750    305.427     0.1247     0.1049   2065.130   78.90850   -4.49116    34.9085    34.9096 0.0000e+00
   1429.000    -0.2734    -0.2749   2.936798   2.936755    305.178     0.1277     0.1041   2066.224   78.90849   -4.49117    34.9085    34.9096 0.0000e+00
   1430.000    -0.2739    -0.2754   2.936816   2.936768    305.347     0.1267     0.1041   2067.335   78.90848   -4.49118    34.9086    34.9097 0.0000e+00
   1431.000    -0.2740    -0.2756   2.936844   2.936792    305.002     0.1224     0.1050   2068.440   78.90848   -4.49119    34.9086    34.9097 0.0000e+00
   1432.000    -0.2744    -0.2760   2.936850   2.936808    305.250     0.1213     0.1047   2069.537   78.90848   -4.49120    34.9086    34.9098 0.0000e+00
   1433.000    -0.2748    -0.2764   2.936871   2.936822    305.122     0.1230     0.1059   2070.615   78.90848   -4.49120    34.9087    34.9099 0.0000e+00
   1434.000    -0.2753    -0.2768   2.936865   2.936831    304.766     0.1245     0.1059   2071.702   78.90848   -4.49122    34.9086    34.9099 0.0000e+00
   1435.000    -0.2758    -0.2774   2.936863   2.936821    304.891     0.1226     0.1046   2072.768   78.90848   -4.49123    34.9086    34.9099 0.0000e+00
   1436.000    -0.2762    -0.2777   2.936885   2.936840    304.929     0.1206     0.1041   2073.836   78.90846   -4.49126    34.9089    34.9100 0.0000e+00
   1437.000    -0.2774    -0.2788   2.936821   2.936785    304.845     0.1207     0.1042   2074.916   78.90846   -4.49128    34.9088    34.9099 0.0000e+00
   1438.000    -0.2778    -0.2794   2.936828   2.936784    305.069     0.1219     0.1037   2075.995   78.90846   -4.49130    34.9088    34.9100 0.0000e+00
   1439.000    -0.2788    -0.2802   2.936789   2.936746    305.417     0.1218     0.1033   2077.084   78.90846   -4.49132    34.9089    34.9099 0.0000e+00
   1440.000    -0.2796    -0.2810   2.936781   2.936744    305.306     0.1212     0.1045   2078.181   78.90846   -4.49134    34.9091    34.9101 0.0000e+00
   1441.000    -0.2804    -0.2819   2.936750   2.936714    305.535     0.1219     0.1052   2079.289   78.90846   -4.49137    34.9090    34.9102 0.0000e+00
   1442.000    -0.2810    -0.2824   2.936746   2.936712    305.144     0.1223     0.1050   2080.401   78.90846   -4.49138    34.9091    34.9102 0.0000e+00
   1443.000    -0.2811    -0.2826   2.936779   2.936738    304.716     0.1234     0.1053   2081.507   78.90846   -4.49139    34.9091    34.9102 0.0000e+00
   1444.000    -0.2814    -0.2831   2.936800   2.936749    305.051     0.1247     0.1050   2082.621   78.90846   -4.49141    34.9092    34.9103 0.0000e+00
   1445.000    -0.2818    -0.2832   2.936816   2.936775    304.705     0.1239     0.1030   2083.723   78.90844   -4.49142    34.9092    34.9103 0.0000e+00
   1446.000    -0.2824    -0.2839   2.936806   2.936771    303.988     0.1224     0.1042   2084.819   78.90844   -4.49142    34.9092    34.9104 0.0000e+00
   1447.000    -0.2828    -0.2843   2.936814   2.936781    304.676     0.1221     0.1042   2085.902   78.90844   -4.49144    34.9093    34.9105 0.0000e+00
   1448.000    -0.2830    -0.2845   2.936840   2.936801    304.793     0.1217     0.1051   2086.971   78.90844   -4.49144    34.9092    34.9105 0.0000e+00
   1449.000    -0.2830    -0.2845   2.936879   2.936848    304.469     0.1223     0.1052   2088.052   78.90844   -4.49144    34.9093    34.9105 0.0000e+00
   1450.000    -0.2834    -0.2848   2.936900   2.936863    304.718     0.1222     0.1053   2089.128   78.90844   -4.49146    34.9094    34.9105 0.0000e+00
   1451.000    -0.2840    -0.2854   2.936894   2.936864    304.208     0.1221     0.1043   2090.201   78.90844   -4.49146    34.9094    34.9106 0.0000e+00
   1452.000    -0.2846    -0.2860   2.936885   2.936851    304.474     0.1259     0.1060   2091.281   78.90843   -4.49148    34.9095    34.9106 0.0000e+00
   1453.000    -0.2850    -0.2866   2.936894   2.936857    305.003     0.1237     0.1058   2092.376   78.90842   -4.49149    34.9095    34.9107 0.0000e+00
   1454.000    -0.2852    -0.2867   2.936921   2.936888    304.795     0.1238     0.1036   2093.472   78.90842   -4.49150    34.9095    34.9107 0.0000e+00
   1455.000    -0.2860    -0.2871   2.936907   2.936895    304.725     0.1245     0.1038   2094.578   78.90842   -4.49151    34.9096    34.9107 0.0000e+00
   1456.000    -0.2866    -0.2880   2.936910   2.936868    304.497     0.1225     0.1056   2095.680   78.90842   -4.49152    34.9097    34.9109 0.0000e+00
   1457.000    -0.2867    -0.2882   2.936939   2.936893    304.714     0.1224     0.1059   2096.788   78.90842   -4.49154    34.9097    34.9108 0.0000e+00
   1458.000    -0.2867    -0.2883   2.936984   2.936932    304.311     0.1223     0.1065   2097.891   78.90840   -4.49154    34.9097    34.9108 0.0000e+00
   1459.000    -0.2868    -0.2884   2.937011   2.936968    304.621     0.1227     0.1060   2098.978   78.90840   -4.49156    34.9096    34.9109 0.0000e+00
