test_project/cnv_input/016_bin.cnv
* Sea-Bird SBE 9 Data File:
* FileName = C:\Documents and Settings\ctd\Desktop\FS2022\data\016.hex
* Software Version Seasave V 7.21b
* Temperature SN = 2400
* Conductivity SN = 3447
* Number of Bytes Per Scan = 48
* Number of Voltage Words = 5
* Number of Scans Averaged by the Deck Unit = 1
* NMEA Latitude = 78 54.86 N
* NMEA Longitude = 004 28.56 W
* NMEA UTC (Time) = Sep 16 2022  10:28:09
* NMEA baud rate = 4800
** Cruise: FS 2022
** Ship: Silver Arctic
** Station (File Number):  016
** Latitude:
** Longitude:
** Echodepth (m):
** Seastate:
# nquan = 14
# nvalues = 1597                        
# units = specified
# name 0 = prDM: Pressure, Digiquartz [db]
# name 1 = t090C: Temperature [ITS-90, deg C]
# name 2 = t190C: Temperature, 2 [ITS-90, deg C]
# name 3 = c0S/m: Conductivity [S/m]
# name 4 = c1S/m: Conductivity, 2 [S/m]
# name 5 = sbox0Mm/Kg: Oxygen, SBE 43 [umol/kg]
# name 6 = wetCDOM: Fluorescence, WET Labs CDOM [mg/m^3]
# name 7 = wetCDOM1: Fluorescence, WET Labs CDOM, 2 [mg/m^3]
# name 8 = timeS: Time, Elapsed [seconds]
# name 9 = latitude: Latitude [deg]
# name 10 = longitude: Longitude [deg]
# name 11 = sal00: Salinity, Practical [PSU]
# name 12 = sal11: Salinity, Practical, 2 [PSU]
# name 13 = flag: flag
# span 0 =     15.000,   1611.000       
# span 1 =    -1.7625,     1.6739       
# span 2 =    -1.7627,     1.6718       
# span 3 =   0.066163,   3.057310       
# span 4 =   2.464914,   3.057242       
# span 5 =    289.186,    402.295       
# span 6 =     0.1071,     0.1793       
# span 7 =     0.0823,     0.1321       
# span 8 =    187.831,   2299.794       
# span 9 =   78.90773,   78.91380       
# span 10 =   -4.49299,   -4.47724      
# span 11 =     0.6512,    34.9141      
# span 12 =    30.7396,    34.9152      
# span 13 = 0.0000e+00, 0.0000e+00      
# interval = decibars: 1                
# start_time = Sep 16 2022 10:28:09 [NMEA time, first data scan]
# bad_flag = -9.990e-29
*END*
[from data line 310]
    325.000     1.4839     1.4566   3.038572   3.036164    304.697     0.1130     0.1034    907.602   78.91165   -4.48229    34.8881    34.8878 0.0000e+00
    326.000     1.5744     1.5685   3.047399   3.047050    305.827     0.1111     0.1022    908.681   78.91164   -4.48232    34.8993    34.9015 0.0000e+00
    327.000     1.5959     1.5945   3.049550   3.049603    307.991     0.1132     0.1016    909.762   78.91164   -4.48232    34.9023    34.9044 0.0000e+00
    328.000     1.6199     1.6131   3.051939   3.051529    309.814     0.1107     0.1018    910.844   78.91164   -4.48234    34.9053    34.9077 0.0000e+00
    329.000     1.6336     1.6312   3.053311   3.053245    311.635     0.1136     0.1008    911.923   78.91164   -4.48234    34.9070    34.9088 0.0000e+00
    330.000     1.6612     1.6547   3.056017   3.055618    312.203     0.1127     0.0995    913.009   78.91164   -4.48236    34.9102    34.9123 0.0000e+00
    331.000     1.6739     1.6718   3.057310   3.057242    312.475     0.1140     0.1004    914.088   78.91164   -4.48236    34.9120    34.9133 0.0000e+00
    332.000     1.6505     1.6508   3.055149   3.055301    312.985     0.1150     0.1000    915.170   78.91163   -4.48238    34.9099    34.9115 0.0000e+00
    333.000     1.6354     1.6343   3.053762   3.053791    313.014     0.1148     0.0994    916.261   78.91162   -4.48239    34.9084    34.9100 0.0000e+00
    334.000     1.6334     1.6313   3.053585   3.053528    312.439     0.1099     0.1001    917.353   78.91162   -4.48240    34.9079    34.9095 0.0000e+00
    335.000     1.6226     1.6226   3.052613   3.052730    311.694     0.1124     0.0993    918.451   78.91162   -4.48241    34.9068    34.9083 0.0000e+00
    336.000     1.6071     1.6070   3.051178   3.051292    311.407     0.1148     0.1002    919.535   78.91162   -4.48242    34.9053    34.9069 0.0000e+00
    337.000     1.6048     1.6024   3.050993   3.050880    311.472     0.1151     0.1002    920.622   78.91162   -4.48243    34.9049    34.9062 0.0000e+00
    338.000     1.6198     1.6170   3.052498   3.052366    310.791     0.1142     0.0993    921.710   78.91162   -4.48244    34.9068    34.9082 0.0000e+00
    339.000     1.6097     1.6082   3.051612   3.051589    311.395     0.1161     0.1002    922.794   78.91162   -4.48245    34.9062    34.9076 0.0000e+00
    340.000     1.5946     1.5940   3.050253   3.050290    312.342     0.1145     0.1002    923.871   78.91160   -4.48246    34.9051    34.9062 0.0000e+00
    341.000     1.5749     1.5743   3.048453   3.048506    312.753     0.1096     0.1002    924.946   78.91160   -4.48246    34.9035    34.9049 0.0000e+00
    342.000     1.5761     1.5734   3.048598   3.048483    312.032     0.1127     0.1002    926.022   78.91160   -4.48248    34.9034    34.9049 0.0000e+00
    343.000     1.5754     1.5705   3.048578   3.048236    311.653     0.1136     0.1012    927.101   78.91160   -4.48250    34.9034    34.9045 0.0000e+00
    344.000     1.5731     1.5704   3.048413   3.048269    311.784     0.1120     0.1016    928.179   78.91160   -4.48250    34.9032    34.9044 0.0000e+00
    345.000     1.5689     1.5645   3.048064   3.047777    311.664     0.1128     0.1022    929.263   78.91160   -4.48252    34.9029    34.9042 0.0000e+00
    346.000     1.5769     1.5749   3.048874   3.048815    311.696     0.1158     0.1021    930.351   78.91159   -4.48253    34.9038    34.9052 0.0000e+00
    347.000     1.5586     1.5583   3.047231   3.047317    311.577     0.1175     0.1021    931.439   78.91158   -4.48254    34.9026    34.9040 0.0000e+00
    348.000     1.5475     1.5469   3.046225   3.046269    311.279     0.1153     0.1024    932.534   78.91158   -4.48255    34.9015    34.9027 0.0000e+00
    349.000     1.5061     1.5107   3.042429   3.042890    311.765     0.1146     0.1022    933.626   78.91158   -4.48256    34.8986    34.8994 0.0000e+00
    350.000     1.4698     1.4680   3.039121   3.039064    311.900     0.1156     0.1024    934.710   78.91158   -4.48258    34.8963    34.8975 0.0000e+00
    351.000     1.4779     1.4750   3.039936   3.039773    311.221     0.1150     0.1020    935.792   78.91156   -4.48258    34.8970    34.8982 0.0000e+00
    352.000     1.4725     1.4726   3.039455   3.039578    310.583     0.1161     0.1024    936.891   78.91156   -4.48258    34.8963    34.8978 0.0000e+00
    353.000     1.4739     1.4708   3.039661   3.039479    309.965     0.1151     0.1009    937.983   78.91156   -4.48260    34.8968    34.8980 0.0000e+00
    354.000     1.4821     1.4798   3.040507   3.040415    309.408     0.1141     0.1012    939.089   78.91156   -4.48260    34.8980    34.8994 0.0000e+00
    355.000     1.4916     1.4902   3.041494   3.041476    309.207     0.1131     0.0996    940.192   78.91155   -4.48261    34.8994    34.9007 0.0000e+00
    356.000     1.5009     1.5011   3.042508   3.042621    309.737     0.1169     0.1014    941.294   78.91154   -4.48262    34.9014    34.9026 0.0000e+00
    357.000     1.4903     1.4893   3.041593   3.041617    310.298     0.1156     0.0994    942.395   78.91154   -4.48262    34.9010    34.9023 0.0000e+00
    358.000     1.4839     1.4826   3.041054   3.041036    310.543     0.1129     0.1004    943.503   78.91154   -4.48262    34.9006    34.9019 0.0000e+00
    359.000     1.4810     1.4795   3.040829   3.040806    310.385     0.1162     0.1017    944.610   78.91154   -4.48262    34.9004    34.9017 0.0000e+00
    360.000     1.4800     1.4789   3.040775   3.040795    310.465     0.1132     0.1003    945.712   78.91153   -4.48261    34.9002    34.9016 0.0000e+00
    361.000     1.4788     1.4784   3.040717   3.040802    310.593     0.1093     0.0991    946.819   78.91152   -4.48260    34.9002    34.9017 0.0000e+00
    362.000     1.4524     1.4573   3.038289   3.038810    311.221     0.1071     0.1002    947.920   78.91152   -4.48260    34.8981    34.8993 0.0000e+00
    363.000     1.4035     1.4028   3.033765   3.033793    311.431     0.1151     0.1016    949.025   78.91152   -4.48258    34.8941    34.8953 0.0000e+00
    364.000     1.3825     1.3841   3.031818   3.032047    310.767     0.1169     0.1026    950.133   78.91152   -4.48258    34.8921    34.8932 0.0000e+00
    365.000     1.3724     1.3702   3.030912   3.030808    310.562     0.1168     0.1020    951.235   78.91150   -4.48257    34.8912    34.8923 0.0000e+00
    366.000     1.3759     1.3745   3.031303   3.031266    309.929     0.1132     0.1025    952.342   78.91150   -4.48257    34.8917    34.8928 0.0000e+00
    367.000     1.3795     1.3779   3.031708   3.031655    309.306     0.1153     0.1029    953.443   78.91150   -4.48258    34.8922    34.8934 0.0000e+00
    368.000     1.4019     1.3959   3.033916   3.033472    308.481     0.1171     0.1007    954.553   78.91150   -4.48258    34.8950    34.8960 0.0000e+00
    369.000     1.4053     1.4035   3.034339   3.034284    308.665     0.1153     0.1013    955.657   78.91150   -4.48259    34.8960    34.8973 0.0000e+00
    370.000     1.4034     1.4022   3.034274   3.034259    309.655     0.1169     0.1018    956.759   78.91150   -4.48260    34.8967    34.8979 0.0000e+00
    371.000     1.4000     1.3992   3.034037   3.034052    309.365     0.1181     0.1016    957.857   78.91150   -4.48262    34.8969    34.8980 0.0000e+00
    372.000     1.3829     1.3829   3.032493   3.032593    309.704     0.1112     0.1008    958.949   78.91150   -4.48264    34.8957    34.8969 0.0000e+00
    373.000     1.3799     1.3788   3.032257   3.032261    310.351     0.1162     0.1018    960.021   78.91150   -4.48264    34.8953    34.8967 0.0000e+00
    374.000     1.3735     1.3729   3.031704   3.031747    310.349     0.1133     0.1022    961.072   78.91148   -4.48264    34.8948    34.8960 0.0000e+00
    375.000     1.3631     1.3625   3.030783   3.030826    309.967     0.1177     0.1010    962.128   78.91148   -4.48264    34.8941    34.8953 0.0000e+00
    376.000     1.3478     1.3487   3.029394   3.029554    309.847     0.1174     0.0999    963.189   78.91148   -4.48264    34.8928    34.8938 0.0000e+00
    377.000     1.3344     1.3326   3.028195   3.028137    309.153     0.1169     0.0999    964.257   78.91148   -4.48264    34.8918    34.8930 0.0000e+00
    378.000     1.3409     1.3391   3.028868   3.028818    309.132     0.1173     0.1019    965.314   78.91148   -4.48264    34.8926    34.8939 0.0000e+00
    379.000     1.3403     1.3388   3.028884   3.028841    309.811     0.1184     0.1024    966.381   78.91147   -4.48264    34.8929    34.8939 0.0000e+00
    380.000     1.3314     1.3312   3.028110   3.028180    309.946     0.1178     0.1003    967.446   78.91146   -4.48264    34.8923    34.8934 0.0000e+00
    381.000     1.3181     1.3180   3.026955   3.027028    309.291     0.1155     0.1004    968.500   78.91146   -4.48264    34.8917    34.8928 0.0000e+00
    382.000     1.3154     1.3153   3.026758   3.026848    309.565     0.1154     0.1025    969.563   78.91146   -4.48264    34.8917    34.8929 0.0000e+00
    383.000     1.2692     1.2713   3.022543   3.022794    310.264     0.1182     0.1027    970.628   78.91146   -4.48265    34.8886    34.8894 0.0000e+00
    384.000     1.2384     1.2429   3.019679   3.020193    309.971     0.1192     0.1018    971.687   78.91146   -4.48266    34.8857    34.8872 0.0000e+00
    385.000     1.2176     1.2163   3.017776   3.017714    309.166     0.1174     0.1017    972.757   78.91144   -4.48266    34.8838    34.8845 0.0000e+00
    386.000     1.2036     1.2027   3.016501   3.016479    308.876     0.1163     0.1027    973.821   78.91144   -4.48268    34.8825    34.8832 0.0000e+00
    387.000     1.1839     1.1828   3.014690   3.014658    308.550     0.1153     0.1036    974.876   78.91144   -4.48270    34.8807    34.8816 0.0000e+00
    388.000     1.1295     1.1316   3.009660   3.009887    308.406     0.1192     0.1033    975.939   78.91144   -4.48270    34.8762    34.8768 0.0000e+00
    389.000     1.1187     1.1175   3.008686   3.008650    307.460     0.1155     0.1029    977.002   78.91144   -4.48270    34.8751    34.8760 0.0000e+00
    390.000     1.1222     1.1204   3.009048   3.008960    306.955     0.1175     0.1033    978.065   78.91144   -4.48272    34.8753    34.8762 0.0000e+00
    391.000     1.1271     1.1220   3.009565   3.009193    306.577     0.1195     0.1037    979.129   78.91142   -4.48272    34.8760    34.8769 0.0000e+00
    392.000     1.1255     1.1242   3.009482   3.009449    306.753     0.1156     0.1025    980.191   78.91142   -4.48272    34.8760    34.8771 0.0000e+00
    393.000     1.1271     1.1263   3.009685   3.009706    306.914     0.1167     0.1018    981.251   78.91142   -4.48272    34.8763    34.8774 0.0000e+00
    394.000     1.1022     1.1073   3.007420   3.007945    306.792     0.1186     0.1025    982.315   78.91142   -4.48272    34.8744    34.8755 0.0000e+00
    395.000     1.0938     1.0924   3.006669   3.006624    306.859     0.1215     0.1017    983.378   78.91142   -4.48272    34.8735    34.8745 0.0000e+00
    396.000     1.1147     1.1116   3.008711   3.008577    306.779     0.1207     0.1026    984.445   78.91141   -4.48272    34.8759    34.8776 0.0000e+00
    397.000     1.1357     1.1310   3.010783   3.010447    306.976     0.1216     0.1028    985.518   78.91140   -4.48272    34.8785    34.8795 0.0000e+00
    398.000     1.1446     1.1418   3.011698   3.011535    307.159     0.1195     0.1028    986.592   78.91140   -4.48272    34.8797    34.8807 0.0000e+00
    399.000     1.0812     1.0849   3.005824   3.006151    307.590     0.1176     0.1029    987.660   78.91140   -4.48272    34.8744    34.8744 0.0000e+00
    400.000     1.0352     1.0318   3.001579   3.001336    307.429     0.1195     0.1028    988.710   78.91140   -4.48272    34.8706    34.8713 0.0000e+00
    401.000     1.0342     1.0295   3.001501   3.001148    307.103     0.1217     0.1037    989.762   78.91140   -4.48272    34.8701    34.8708 0.0000e+00
    402.000     1.1282     1.1178   3.010567   3.009758    306.250     0.1224     0.1019    990.824   78.91138   -4.48272    34.8811    34.8823 0.0000e+00
    403.000     1.1772     1.1741   3.015327   3.015110    305.839     0.1212     0.0977    991.882   78.91138   -4.48272    34.8870    34.8877 0.0000e+00
    404.000     1.1281     1.1338   3.010856   3.011475    306.889     0.1189     0.1016    992.942   78.91138   -4.48272    34.8839    34.8854 0.0000e+00
    405.000     1.0826     1.0821   3.006676   3.006656    307.664     0.1196     0.1073    994.007   78.91138   -4.48272    34.8803    34.8806 0.0000e+00
    406.000     1.0684     1.0664   3.005345   3.005265    308.004     0.1212     0.1068    995.079   78.91138   -4.48272    34.8784    34.8796 0.0000e+00
    407.000     1.0665     1.0647   3.005186   3.005111    307.887     0.1156     0.1072    996.150   78.91138   -4.48272    34.8779    34.8790 0.0000e+00
    408.000     1.0660     1.0634   3.005166   3.005009    307.009     0.1173     0.1079    997.212   78.91137   -4.48272    34.8777    34.8786 0.0000e+00
    409.000     1.0376     1.0410   3.002543   3.002943    307.279     0.1153     0.1058    998.270   78.91136   -4.48272    34.8751    34.8764 0.0000e+00
    410.000     1.0129     1.0133   3.000295   3.000408    307.686     0.1174     0.0960    999.336   78.91136   -4.48272    34.8731    34.8741 0.0000e+00
    411.000     1.0064     1.0056   2.999728   2.999744    307.364     0.1175     0.0980   1000.388   78.91136   -4.48272    34.8725    34.8736 0.0000e+00
    412.000     1.0056     1.0035   2.999695   2.999601    306.584     0.1185     0.1025   1001.444   78.91136   -4.48272    34.8724    34.8735 0.0000e+00
    413.000     1.0355     1.0275   3.002583   3.001963    306.070     0.1173     0.1028   1002.493   78.91136   -4.48273    34.8755    34.8765 0.0000e+00
    414.000     1.0604     1.0571   3.005016   3.004847    305.815     0.1158     0.1002   1003.553   78.91135   -4.48274    34.8785    34.8800 0.0000e+00
    415.000     1.0914     1.0883   3.008041   3.007892    306.025     0.1184     0.1075   1004.610   78.91134   -4.48274    34.8822    34.8838 0.0000e+00
    416.000     1.1046     1.1022   3.009364   3.009261    305.906     0.1200     0.1093   1005.662   78.91134   -4.48275    34.8839    34.8852 0.0000e+00
    417.000     1.0965     1.0961   3.008667   3.008718    306.634     0.1207     0.0999   1006.723   78.91134   -4.48276    34.8834    34.8844 0.0000e+00
    418.000     1.0765     1.0774   3.006829   3.007026    307.728     0.1194     0.0871   1007.789   78.91134   -4.48276    34.8815    34.8830 0.0000e+00
    419.000     1.0654     1.0638   3.005865   3.005805    308.022     0.1165     0.0823   1008.850   78.91132   -4.48276    34.8809    34.8820 0.0000e+00
    420.000     1.0704     1.0677   3.006379   3.006221    307.550     0.1159     0.0928   1009.910   78.91132   -4.48276    34.8814    34.8824 0.0000e+00
    421.000     1.0775     1.0732   3.007121   3.006848    307.907     0.1194     0.1083   1010.975   78.91132   -4.48276    34.8824    34.8837 0.0000e+00
    422.000     1.0899     1.0865   3.008372   3.008156    307.653     0.1222     0.1070   1012.045   78.91132   -4.48276    34.8841    34.8851 0.0000e+00
    423.000     1.0510     1.0550   3.004801   3.005212    307.534     0.1154     0.1070   1013.111   78.91132   -4.48278    34.8810    34.8818 0.0000e+00
    424.000     1.0279     1.0266   3.002706   3.002684    307.225     0.1158     0.1060   1014.171   78.91132   -4.48280    34.8793    34.8804 0.0000e+00
    425.000     1.0521     1.0472   3.005056   3.004733    307.021     0.1135     0.0955   1015.232   78.91131   -4.48281    34.8819    34.8832 0.0000e+00
    426.000     1.0995     1.0943   3.009689   3.009343    307.065     0.1186     0.1023   1016.291   78.91130   -4.48282    34.8880    34.8893 0.0000e+00
