test_project/cnv_input/016_bin.cnv
* Sea-Bird SBE 9 Data File:
* FileName = C:\Documents and Settings\ctd\Desktop\FS2022\data\016.hex
* Software Version Seasave V 7.21b
* Temperature SN = 2400
* Conductivity SN = 3447
* Number of Bytes Per Scan = 48
* Number of Voltage Words = 5
* Number of Scans Averaged by the Deck Unit = 1
* NMEA Latitude = 78 54.86 N
* NMEA Longitude = 004 28.56 W
* NMEA UTC (Time) = Sep 16 2022  10:28:09
* NMEA baud rate = 4800
** Cruise: FS 2022
** Ship: Silver Arctic
** Station (File Number):  016
** Latitude:
** Longitude:
** Echodepth (m):
** Seastate:
# nquan = 14
# nvalues = 1597                        
# units = specified
# name 0 = prDM: Pressure, Digiquartz [db]
# name 1 = t090C: Temperature [ITS-90, deg C]
# name 2 = t190C: Temperature, 2 [ITS-90, deg C]
# name 3 = c0S/m: Conductivity [S/m]
# name 4 = c1S/m: Conductivity, 2 [S/m]
# name 5 = sbox0Mm/Kg: Oxygen, SBE 43 [umol/kg]
# name 6 = wetCDOM: Fluorescence, WET Labs CDOM [mg/m^3]
# name 7 = wetCDOM1: Fluorescence, WET Labs CDOM, 2 [mg/m^3]
# name 8 = timeS: Time, Elapsed [seconds]
# name 9 = latitude: Latitude [deg]
# name 10 = longitude: Longitude [deg]
# name 11 = sal00: Salinity, Practical [PSU]
# name 12 = sal11: Salinity, Practical, 2 [PSU]
# name 13 = flag: flag
# span 0 =     15.000,   1611.000       
# span 1 =    -1.7625,     1.6739       
# span 2 =    -1.7627,     1.6718       
# span 3 =   0.066163,   3.057310       
# span 4 =   2.464914,   3.057242       
# span 5 =    289.186,    402.295       
# span 6 =     0.1071,     0.1793       
# span 7 =     0.0823,     0.1321       
# span 8 =    187.831,   2299.794       
# span 9 =   78.90773,   78.91380       
# span 10 =   -4.49299,   -4.47724      
# span 11 =     0.6512,    34.9141      
# span 12 =    30.7396,    34.9152      
# span 13 = 0.0000e+00, 0.0000e+00      
# interval = decibars: 1                
# start_time = Sep 16 2022 10:28:09 [NMEA time, first data scan]
# bad_flag = -9.990e-29
*END*
     15.000    -1.5804    -1.4521   0.287796   2.535416    354.169     0.1521     0.1215    187.831   78.91380   -4.47724     3.0512    31.6234 0.0000e+00
     16.000    -1.5933    -1.5724   0.120923   2.534409    354.777     0.1563     0.1219    190.749   78.91380   -4.47726     1.2273    31.7368 0.0000e+00
     17.000    -1.5939    -1.5891   0.086344   2.533648    353.551     0.1611     0.1219    193.443   78.91380   -4.47728     0.8602    31.7436 0.0000e+00
     18.000    -1.5939    -1.5879   0.072753   2.531329    351.838     0.1542     0.1237    195.733   78.91378   -4.47730     0.7190    31.7099 0.0000e+00
     19.000    -1.5966    -1.5759   0.066472   2.529797    349.415     0.1538     0.1227    198.168   78.91378   -4.47734     0.6542    31.6753 0.0000e+00
     20.000    -1.6023    -1.5979   0.066163   2.526797    347.191     0.1562     0.1225    201.027   78.91378   -4.47737     0.6512    31.6569 0.0000e+00
     21.000    -1.6040    -1.5990   0.068814   2.502462    323.612     0.1553     0.1220    224.517   78.91370   -4.47746     0.6785    31.3230 0.0000e+00
     22.000    -1.5939    -1.5926   0.072519   2.493745    315.887     0.1552     0.1238    233.141   78.91366   -4.47750     0.7165    31.1958 0.0000e+00
     23.000    -1.5730    -1.5721   0.075929   2.491151    314.633     0.1576     0.1259    236.113   78.91366   -4.47753     0.7512    31.1382 0.0000e+00
     24.000    -1.5573    -1.5536   0.084781   2.488887    315.509     0.1577     0.1269    238.683   78.91366   -4.47754     0.8427    31.0871 0.0000e+00
     25.000    -1.5538    -1.5519   0.100535   2.486564    317.299     0.1607     0.1246    241.166   78.91364   -4.47756     1.0075    31.0529 0.0000e+00
     26.000    -1.5567    -1.5540   0.127004   2.484296    319.599     0.1627     0.1267    243.631   78.91364   -4.47757     1.2876    31.0234 0.0000e+00
     27.000    -1.5614    -1.5579   0.174078   2.482287    321.483     0.1591     0.1250    245.993   78.91364   -4.47759     1.7953    30.9994 0.0000e+00
     28.000    -1.5385    -1.5357   0.217459   2.480295    322.812     0.1603     0.1266    248.330   78.91364   -4.47761     2.2678    30.9483 0.0000e+00
     29.000    -1.5327    -1.5291   0.520552   2.478403    316.189     0.1600     0.1256    250.643   78.91363   -4.47763     5.7767    30.9151 0.0000e+00
     30.000    -1.5436    -1.5423   0.971005   2.476590    304.813     0.1645     0.1256    252.928   78.91362   -4.47765    11.1904    30.9033 0.0000e+00
     31.000    -1.5229    -1.5232   1.241193   2.475002    297.631     0.1660     0.1242    255.106   78.91362   -4.47767    14.5783    30.8611 0.0000e+00
     32.000    -1.4735    -1.4767   1.539455   2.473516    289.186     0.1582     0.1225    257.199   78.91361   -4.47768    18.3652    30.7921 0.0000e+00
     33.000    -1.4657    -1.4693   1.383566   2.471974    294.299     0.1561     0.1220    259.192   78.91360   -4.47770    16.3525    30.7628 0.0000e+00
     34.000    -1.4699    -1.4674   1.347094   2.470459    295.459     0.1536     0.1220    261.187   78.91360   -4.47770    15.8883    30.7396 0.0000e+00
     35.000    -1.5793    -1.5781   1.331413   2.468759    296.508     0.1562     0.1218    263.194   78.91360   -4.47772    15.7462    30.8303 0.0000e+00
     36.000    -1.6055    -1.6042   1.323975   2.467388    296.626     0.1555     0.1228    265.235   78.91359   -4.47773    15.6646    30.8380 0.0000e+00
     37.000    -1.6100    -1.6108   1.320634   2.466093    296.510     0.1592     0.1232    267.272   78.91358   -4.47774    15.6239    30.8265 0.0000e+00
     38.000    -1.5779    -1.5847   1.308442   2.464914    296.427     0.1586     0.1256    269.296   78.91358   -4.47774    15.4510    30.7827 0.0000e+00
     39.000    -1.5508    -1.5532   1.850289   2.484254    343.579     0.1612     0.1256    420.402   78.91314   -4.47881    22.6181    31.0146 0.0000e+00
     40.000    -1.5660    -1.5664   2.514329   2.515500    401.499     0.1656     0.1250    603.938   78.91262   -4.48010    31.4405    31.4562 0.0000e+00
     41.000    -1.5646    -1.5655   2.519991   2.519717    402.295     0.1635     0.1248    605.470   78.91262   -4.48010    31.5154    31.5126 0.0000e+00
     42.000    -1.5655    -1.5659   2.521267   2.521052    402.257     0.1626     0.1241    606.546   78.91262   -4.48010    31.5333    31.5308 0.0000e+00
     43.000    -1.5633    -1.5644   2.525933   2.525654    399.037     0.1655     0.1255    607.621   78.91262   -4.48010    31.5945    31.5919 0.0000e+00
     44.000    -1.5553    -1.5559   2.530637   2.530479    393.486     0.1664     0.1277    608.694   78.91262   -4.48010    31.6500    31.6485 0.0000e+00
     45.000    -1.5585    -1.5588   2.533080   2.532758    390.782     0.1706     0.1277    609.761   78.91262   -4.48012    31.6863    31.6823 0.0000e+00
     46.000    -1.5606    -1.5612   2.539320   2.538641    389.661     0.1677     0.1274    610.832   78.91260   -4.48012    31.7738    31.7650 0.0000e+00
     47.000    -1.5610    -1.5618   2.542871   2.542671    387.817     0.1668     0.1278    611.900   78.91260   -4.48012    31.8224    31.8206 0.0000e+00
     48.000    -1.5600    -1.5603   2.546332   2.546039    386.220     0.1730     0.1288    612.958   78.91260   -4.48014    31.8683    31.8646 0.0000e+00
     49.000    -1.5619    -1.5627   2.549409   2.549077    382.978     0.1748     0.1290    614.007   78.91260   -4.48014    31.9121    31.9083 0.0000e+00
     50.000    -1.5565    -1.5575   2.554549   2.554102    378.353     0.1757     0.1290    615.066   78.91260   -4.48014    31.9764    31.9713 0.0000e+00
     51.000    -1.5481    -1.5503   2.560112   2.559638    375.244     0.1758     0.1308    616.130   78.91260   -4.48016    32.0432    32.0390 0.0000e+00
     52.000    -1.5178    -1.5184   2.565378   2.565126    372.661     0.1734     0.1301    617.193   78.91260   -4.48016    32.0824    32.0796 0.0000e+00
     53.000    -1.5356    -1.5350   2.566799   2.566523    370.058     0.1709     0.1296    618.251   78.91258   -4.48017    32.1205    32.1161 0.0000e+00
     54.000    -1.5449    -1.5457   2.568831   2.568505    366.606     0.1714     0.1312    619.310   78.91258   -4.48018    32.1579    32.1543 0.0000e+00
     55.000    -1.5463    -1.5460   2.571126   2.570934    363.897     0.1725     0.1321    620.374   78.91258   -4.48018    32.1904    32.1874 0.0000e+00
     56.000    -1.5534    -1.5540   2.572939   2.572549    360.814     0.1736     0.1316    621.445   78.91258   -4.48019    32.2224    32.2177 0.0000e+00
     57.000    -1.5486    -1.5499   2.577418   2.576956    357.123     0.1775     0.1312    622.514   78.91258   -4.48021    32.2783    32.2734 0.0000e+00
     58.000    -1.5301    -1.5346   2.583988   2.583306    354.989     0.1793     0.1307    623.583   78.91258   -4.48022    32.3480    32.3435 0.0000e+00
     59.000    -1.4500    -1.4568   2.594271   2.593373    352.158     0.1775     0.1318    624.639   78.91258   -4.48023    32.4017    32.3967 0.0000e+00
     60.000    -1.3614    -1.3685   2.606661   2.605737    349.001     0.1774     0.1288    625.694   78.91258   -4.48026    32.4746    32.4697 0.0000e+00
     61.000    -1.3617    -1.3614   2.609547   2.609374    346.773     0.1741     0.1269    626.749   78.91258   -4.48026    32.5139    32.5111 0.0000e+00
     62.000    -1.3480    -1.3472   2.612959   2.612764    345.972     0.1696     0.1288    627.803   78.91256   -4.48028    32.5451    32.5415 0.0000e+00
     63.000    -1.4909    -1.4740   2.603463   2.604425    350.393     0.1672     0.1280    628.859   78.91256   -4.48030    32.5701    32.5649 0.0000e+00
     64.000    -1.5864    -1.5857   2.597395   2.597258    353.552     0.1725     0.1308    629.904   78.91256   -4.48032    32.5905    32.5879 0.0000e+00
     65.000    -1.5760    -1.5770   2.599843   2.599521    351.757     0.1777     0.1321    630.962   78.91256   -4.48032    32.6122    32.6089 0.0000e+00
     66.000    -1.5813    -1.5801   2.600903   2.600739    352.166     0.1742     0.1302    632.015   78.91256   -4.48034    32.6321    32.6285 0.0000e+00
     67.000    -1.6100    -1.6055   2.600574   2.600555    353.921     0.1749     0.1297    633.069   78.91256   -4.48034    32.6585    32.6533 0.0000e+00
     68.000    -1.6713    -1.6668   2.599743   2.599615    354.352     0.1786     0.1292    634.130   78.91256   -4.48036    32.7138    32.7071 0.0000e+00
     69.000    -1.7076    -1.7034   2.599514   2.599512    354.076     0.1737     0.1278    635.188   78.91254   -4.48036    32.7501    32.7454 0.0000e+00
     70.000    -1.7486    -1.7470   2.599101   2.598856    355.725     0.1689     0.1274    636.245   78.91254   -4.48037    32.7891    32.7838 0.0000e+00
     71.000    -1.7576    -1.7572   2.601918   2.601479    362.528     0.1670     0.1270    637.295   78.91254   -4.48038    32.8375    32.8309 0.0000e+00
     72.000    -1.7625    -1.7627   2.604894   2.604487    373.670     0.1666     0.1275    638.353   78.91254   -4.48038    32.8836    32.8781 0.0000e+00
     73.000    -1.7571    -1.7597   2.608683   2.608148    385.147     0.1661     0.1268    639.405   78.91254   -4.48039    32.9296    32.9250 0.0000e+00
     74.000    -1.7116    -1.7193   2.614938   2.614088    392.353     0.1660     0.1267    640.457   78.91254   -4.48040    32.9652    32.9620 0.0000e+00
     75.000    -1.6558    -1.6576   2.621882   2.621491    393.537     0.1667     0.1276    641.508   78.91253   -4.48040    32.9988    32.9954 0.0000e+00
     76.000    -1.6866    -1.6826   2.620782   2.620867    392.693     0.1675     0.1276    642.554   78.91252   -4.48040    33.0172    33.0139 0.0000e+00
     77.000    -1.7319    -1.7316   2.618804   2.618620    387.712     0.1704     0.1276    643.595   78.91252   -4.48041    33.0396    33.0366 0.0000e+00
     78.000    -1.6617    -1.6703   2.626803   2.625943    377.180     0.1706     0.1274    644.637   78.91252   -4.48042    33.0716    33.0692 0.0000e+00
     79.000    -1.6188    -1.6218   2.632152   2.631716    373.021     0.1679     0.1277    645.679   78.91252   -4.48042    33.0972    33.0946 0.0000e+00
     80.000    -1.6004    -1.6036   2.635313   2.634867    376.675     0.1667     0.1283    646.723   78.91250   -4.48044    33.1198    33.1173 0.0000e+00
     81.000    -1.5681    -1.5703   2.640311   2.639910    374.532     0.1660     0.1289    647.771   78.91250   -4.48044    33.1523    33.1493 0.0000e+00
     82.000    -1.5694    -1.5706   2.643278   2.642933    365.902     0.1696     0.1284    648.826   78.91250   -4.48044    33.1942    33.1908 0.0000e+00
     83.000    -1.5632    -1.5644   2.646685   2.646290    356.307     0.1710     0.1281    649.883   78.91250   -4.48044    33.2337    33.2295 0.0000e+00
     84.000    -1.5591    -1.5604   2.650082   2.649672    349.606     0.1729     0.1286    650.945   78.91250   -4.48044    33.2755    33.2712 0.0000e+00
     85.000    -1.5468    -1.5490   2.654442   2.653928    346.905     0.1747     0.1276    652.006   78.91248   -4.48046    33.3213    33.3166 0.0000e+00
     86.000    -1.4053    -1.4244   2.669126   2.667627    344.168     0.1726     0.1276    653.066   78.91248   -4.48046    33.3648    33.3654 0.0000e+00
     87.000    -0.9108    -0.9551   2.712519   2.709396    339.121     0.1713     0.1273    654.106   78.91248   -4.48046    33.4059    33.4126 0.0000e+00
     88.000    -0.6677    -0.6819   2.734264   2.733241    340.706     0.1692     0.1242    655.137   78.91248   -4.48046    33.4301    33.4320 0.0000e+00
     89.000    -0.4232    -0.4494   2.757634   2.755632    342.636     0.1638     0.1248    656.176   78.91246   -4.48048    33.4731    33.4752 0.0000e+00
     90.000    -0.6210    -0.5912   2.742692   2.744849    346.038     0.1582     0.1224    657.206   78.91246   -4.48048    33.4906    33.4867 0.0000e+00
     91.000    -0.9383    -0.9076   2.716947   2.719176    348.995     0.1565     0.1215    658.237   78.91246   -4.48048    33.4943    33.4903 0.0000e+00
     92.000    -1.0975    -1.1100   2.706399   2.705341    345.743     0.1596     0.1220    659.264   78.91246   -4.48048    33.5274    33.5271 0.0000e+00
     93.000    -0.6156    -0.6313   2.751602   2.749937    336.694     0.1605     0.1215    660.296   78.91245   -4.48048    33.6027    33.5978 0.0000e+00
     94.000    -0.8207    -0.8197   2.735480   2.735535    343.617     0.1573     0.1199    661.325   78.91244   -4.48049    33.6128    33.6124 0.0000e+00
     95.000    -0.6094    -0.6277   2.754670   2.753123    343.861     0.1571     0.1191    662.352   78.91244   -4.48050    33.6358    33.6354 0.0000e+00
     96.000    -0.8123    -0.7772   2.738796   2.741339    347.265     0.1536     0.1195    663.387   78.91244   -4.48050    33.6470    33.6422 0.0000e+00
     97.000    -0.9449    -0.9471   2.729865   2.729529    350.701     0.1555     0.1213    664.432   78.91243   -4.48051    33.6735    33.6714 0.0000e+00
     98.000    -0.9846    -0.9787   2.727307   2.727663    346.858     0.1584     0.1180    665.467   78.91242   -4.48052    33.6825    33.6808 0.0000e+00
     99.000    -1.0248    -1.0249   2.724710   2.724531    346.417     0.1541     0.1211    666.498   78.91242   -4.48052    33.6916    33.6894 0.0000e+00
    100.000    -0.9215    -0.9433   2.736159   2.734260    342.671     0.1523     0.1196    667.528   78.91242   -4.48053    33.7309    33.7295 0.0000e+00
    101.000    -0.7297    -0.7399   2.756839   2.755718    336.863     0.1538     0.1200    668.560   78.91242   -4.48054    33.7958    33.7920 0.0000e+00
    102.000    -0.8266    -0.8047   2.750722   2.752197    334.924     0.1538     0.1202    669.591   78.91241   -4.48054    33.8208    33.8163 0.0000e+00
    103.000    -0.9619    -0.9587   2.740537   2.740725    327.637     0.1560     0.1215    670.618   78.91240   -4.48055    33.8340    33.8330 0.0000e+00
    104.000    -0.9434    -0.9470   2.743359   2.742974    316.515     0.1617     0.1227    671.639   78.91240   -4.48056    33.8509    33.8497 0.0000e+00
    105.000    -0.8930    -0.8992   2.749101   2.748520    310.169     0.1617     0.1225    672.662   78.91240   -4.48056    33.8717    33.8707 0.0000e+00
    106.000    -0.8250    -0.8312   2.756359   2.755808    306.332     0.1595     0.1228    673.686   78.91240   -4.48057    33.8931    33.8926 0.0000e+00
    107.000    -0.7802    -0.7859   2.761762   2.761186    304.639     0.1565     0.1238    674.708   78.91240   -4.48058    33.9153    33.9139 0.0000e+00
    108.000    -0.7154    -0.7209   2.768831   2.768410    304.854     0.1524     0.1227    675.731   78.91238   -4.48058    33.9375    33.9379 0.0000e+00
    109.000    -0.6466    -0.6551   2.776326   2.775578    305.385     0.1524     0.1193    676.762   78.91238   -4.48058    33.9608    33.9602 0.0000e+00
    110.000    -0.6250    -0.6268   2.779467   2.779261    307.089     0.1496     0.1180    677.795   78.91238   -4.48060    33.9782    33.9775 0.0000e+00
    111.000    -0.5977    -0.6012   2.783533   2.783134    308.014     0.1508     0.1175    678.827   78.91238   -4.48060    34.0018    34.0004 0.0000e+00
    112.000    -0.5900    -0.5915   2.786256   2.785934    308.536     0.1523     0.1176    679.857   78.91238   -4.48062    34.0292    34.0266 0.0000e+00
    113.000    -0.5925    -0.5939   2.787650   2.787482    309.190     0.1512     0.1184    680.885   78.91238   -4.48062    34.0502    34.0494 0.0000e+00
    114.000    -0.5554    -0.5610   2.792064   2.791557    308.905     0.1509     0.1182    681.922   78.91238   -4.48064    34.0672    34.0667 0.0000e+00
    115.000    -0.5121    -0.5164   2.797287   2.796887    307.770     0.1515     0.1164    682.969   78.91236   -4.48064    34.0882    34.0876 0.0000e+00
    116.000    -0.5084    -0.5078   2.798717   2.798715    307.778     0.1497     0.1150    684.008   78.91236   -4.48066    34.1026    34.1020 0.0000e+00
    117.000    -0.5455    -0.5451   2.796375   2.796367    308.936     0.1463     0.1144    685.031   78.91236   -4.48066    34.1123    34.1117 0.0000e+00
