test_project/cnv_input/018_bin.cnv
* Sea-Bird SBE 9 Data File:
* FileName = C:\Documents and Settings\ctd\Desktop\FS2022\data\018.hex
* Software Version Seasave V 7.21b
* Temperature SN = 2400
* Conductivity SN = 3447
* Number of Bytes Per Scan = 48
* Number of Voltage Words = 5
* Number of Scans Averaged by the Deck Unit = 1
* NMEA Latitude = 78 55.88 N
* NMEA Longitude = 003 32.98 W
* NMEA UTC (Time) = Sep 16 2022  15:15:49
* NMEA baud rate = 4800
** Cruise: FS 2022
** Ship: Silver Arctic
** Station (File Number):  018
** Latitude:
** Longitude:
** Echodepth (m):
** Seastate:
# nquan = 14
# nvalues = 2243                        
# units = specified
# name 0 = prDM: Pressure, Digiquartz [db]
# name 1 = t090C: Temperature [ITS-90, deg C]
# name 2 = t190C: Temperature, 2 [ITS-90, deg C]
# name 3 = c0S/m: Conductivity [S/m]
# name 4 = c1S/m: Conductivity, 2 [S/m]
# name 5 = sbox0Mm/Kg: Oxygen, SBE 43 [umol/kg]
# name 6 = wetCDOM: Fluorescence, WET Labs CDOM [mg/m^3]
# name 7 = wetCDOM1: Fluorescence, WET Labs CDOM, 2 [mg/m^3]
# name 8 = timeS: Time, Elapsed [seconds]
# name 9 = latitude: Latitude [deg]
# name 10 = longitude: Longitude [deg]
# name 11 = sal00: Salinity, Practical [PSU]
# name 12 = sal11: Salinity, Practical, 2 [PSU]
# name 13 = flag: flag
# span 0 =      2.000,   2245.000       
# span 1 =    -1.6032,     2.9129       
# span 2 =    -1.6084,     2.9182       
# span 3 =   2.404920,   3.140780       
# span 4 =   2.404960,   3.140873       
# span 5 =    296.803,    417.330       
# span 6 =     0.1052,     0.1825       
# span 7 =     0.0978,     0.1343       
# span 8 =    356.770,   2818.199       
# span 9 =   78.91149,   78.93090       
# span 10 =   -3.58844,   -3.55516      
# span 11 =    29.9912,    34.9358      
# span 12 =    29.9902,    34.9369      
# span 13 = 0.0000e+00, 0.0000e+00      
# interval = decibars: 1                
# start_time = Sep 16 2022 15:15:50 [NMEA time, first data scan]
# bad_flag = -9.990e-29
*END*
[from data line 1962]
   1964.000    -0.5797    -0.5812   2.933601   2.933595    298.491     0.1260     0.1046   2459.193   78.92804   -3.58444    34.9188    34.9204 0.0000e+00
   1965.000    -0.5804    -0.5819   2.933582   2.933567    298.292     0.1185     0.1065   2460.253   78.92804   -3.58446    34.9187    34.9203 0.0000e+00
   1966.000    -0.5806    -0.5822   2.933606   2.933605    298.211     0.1194     0.1070   2461.316   78.92804   -3.58447    34.9188    34.9206 0.0000e+00
   1967.000    -0.5809    -0.5824   2.933626   2.933610    298.327     0.1235     0.1049   2462.383   78.92804   -3.58450    34.9189    34.9204 0.0000e+00
   1968.000    -0.5821    -0.5832   2.933545   2.933591    298.349     0.1188     0.1044   2463.455   78.92802   -3.58452    34.9186    34.9205 0.0000e+00
   1969.000    -0.5858    -0.5863   2.933249   2.933323    298.470     0.1190     0.1042   2464.521   78.92802   -3.58452    34.9183    34.9199 0.0000e+00
   1970.000    -0.5885    -0.5900   2.933039   2.933043    298.367     0.1214     0.1036   2465.578   78.92802   -3.58454    34.9181    34.9198 0.0000e+00
   1971.000    -0.5886    -0.5902   2.933073   2.933068    298.149     0.1224     0.1031   2466.632   78.92802   -3.58456    34.9181    34.9198 0.0000e+00
   1972.000    -0.5891    -0.5907   2.933074   2.933060    298.571     0.1223     0.1045   2467.678   78.92802   -3.58456    34.9181    34.9198 0.0000e+00
   1973.000    -0.5888    -0.5905   2.933146   2.933126    298.291     0.1230     0.1062   2468.715   78.92802   -3.58458    34.9182    34.9199 0.0000e+00
   1974.000    -0.5894    -0.5909   2.933135   2.933124    298.369     0.1239     0.1040   2469.750   78.92802   -3.58458    34.9182    34.9197 0.0000e+00
   1975.000    -0.5904    -0.5919   2.933082   2.933084    298.215     0.1253     0.1035   2470.778   78.92802   -3.58460    34.9180    34.9198 0.0000e+00
   1976.000    -0.5909    -0.5925   2.933080   2.933063    297.875     0.1264     0.1054   2471.812   78.92802   -3.58461    34.9181    34.9197 0.0000e+00
   1977.000    -0.5912    -0.5929   2.933087   2.933078    298.176     0.1226     0.1043   2472.852   78.92802   -3.58462    34.9180    34.9197 0.0000e+00
   1978.000    -0.5923    -0.5938   2.933038   2.933028    298.467     0.1227     0.1042   2473.903   78.92802   -3.58463    34.9180    34.9196 0.0000e+00
   1979.000    -0.5935    -0.5950   2.932962   2.932952    298.257     0.1246     0.1023   2474.969   78.92802   -3.58464    34.9178    34.9195 0.0000e+00
   1980.000    -0.5941    -0.5957   2.932947   2.932945    298.018     0.1236     0.1046   2476.038   78.92802   -3.58464    34.9177    34.9195 0.0000e+00
   1981.000    -0.5941    -0.5957   2.932992   2.932979    298.155     0.1227     0.1037   2477.112   78.92802   -3.58465    34.9179    34.9195 0.0000e+00
   1982.000    -0.5946    -0.5962   2.932982   2.932975    298.356     0.1244     0.1046   2478.179   78.92802   -3.58466    34.9177    34.9194 0.0000e+00
   1983.000    -0.5958    -0.5973   2.932908   2.932920    298.479     0.1247     0.1053   2479.245   78.92802   -3.58467    34.9176    34.9194 0.0000e+00
   1984.000    -0.5968    -0.5983   2.932862   2.932855    298.548     0.1221     0.1053   2480.302   78.92802   -3.58468    34.9175    34.9192 0.0000e+00
   1985.000    -0.5970    -0.5986   2.932892   2.932877    298.651     0.1196     0.1053   2481.348   78.92802   -3.58470    34.9176    34.9192 0.0000e+00
   1986.000    -0.5978    -0.5995   2.932854   2.932837    298.145     0.1194     0.1049   2482.389   78.92802   -3.58472    34.9175    34.9192 0.0000e+00
   1987.000    -0.5985    -0.6002   2.932822   2.932819    298.194     0.1199     0.1044   2483.425   78.92802   -3.58472    34.9174    34.9192 0.0000e+00
   1988.000    -0.5985    -0.6001   2.932868   2.932866    298.717     0.1233     0.1052   2484.462   78.92802   -3.58474    34.9174    34.9192 0.0000e+00
   1989.000    -0.5981    -0.5998   2.932951   2.932938    298.180     0.1251     0.1044   2485.502   78.92802   -3.58476    34.9175    34.9192 0.0000e+00
   1990.000    -0.5991    -0.6004   2.932909   2.932915    298.396     0.1202     0.1053   2486.543   78.92802   -3.58478    34.9175    34.9191 0.0000e+00
   1991.000    -0.6018    -0.6033   2.932705   2.932708    298.543     0.1181     0.1044   2487.593   78.92802   -3.58480    34.9173    34.9191 0.0000e+00
   1992.000    -0.6040    -0.6054   2.932537   2.932547    297.938     0.1217     0.1044   2488.645   78.92802   -3.58480    34.9170    34.9188 0.0000e+00
   1993.000    -0.6056    -0.6072   2.932416   2.932409    298.553     0.1191     0.1052   2489.707   78.92802   -3.58482    34.9168    34.9185 0.0000e+00
   1994.000    -0.6059    -0.6075   2.932431   2.932431    298.442     0.1209     0.1038   2490.769   78.92802   -3.58484    34.9167    34.9186 0.0000e+00
   1995.000    -0.6063    -0.6078   2.932452   2.932434    298.453     0.1205     0.1040   2491.837   78.92800   -3.58487    34.9169    34.9184 0.0000e+00
   1996.000    -0.6062    -0.6078   2.932487   2.932478    298.601     0.1264     0.1036   2492.905   78.92800   -3.58489    34.9168    34.9185 0.0000e+00
   1997.000    -0.6062    -0.6078   2.932529   2.932525    298.753     0.1198     0.1043   2493.971   78.92800   -3.58490    34.9168    34.9185 0.0000e+00
   1998.000    -0.6024    -0.6046   2.932936   2.932883    298.689     0.1219     0.1052   2495.041   78.92800   -3.58491    34.9173    34.9191 0.0000e+00
   1999.000    -0.5980    -0.5999   2.933409   2.933371    298.661     0.1195     0.1046   2496.099   78.92800   -3.58493    34.9181    34.9198 0.0000e+00
   2000.000    -0.5974    -0.5990   2.933508   2.933495    298.672     0.1197     0.1058   2497.165   78.92800   -3.58495    34.9182    34.9198 0.0000e+00
   2001.000    -0.5979    -0.5993   2.933511   2.933515    298.819     0.1225     0.1068   2498.236   78.92800   -3.58496    34.9183    34.9199 0.0000e+00
   2002.000    -0.5959    -0.5976   2.933744   2.933718    298.441     0.1236     0.1051   2499.296   78.92800   -3.58497    34.9186    34.9201 0.0000e+00
   2003.000    -0.5954    -0.5968   2.933836   2.933844    298.221     0.1222     0.1027   2500.349   78.92800   -3.58500    34.9187    34.9203 0.0000e+00
   2004.000    -0.5965    -0.5979   2.933765   2.933785    298.281     0.1190     0.1023   2501.399   78.92798   -3.58502    34.9184    34.9203 0.0000e+00
   2005.000    -0.5962    -0.5982   2.933840   2.933789    297.846     0.1190     0.1044   2502.460   78.92798   -3.58502    34.9185    34.9202 0.0000e+00
   2006.000    -0.5967    -0.5981   2.933840   2.933842    298.597     0.1213     0.1033   2503.525   78.92798   -3.58504    34.9186    34.9201 0.0000e+00
   2007.000    -0.5989    -0.6000   2.933683   2.933720    298.525     0.1227     0.1031   2504.608   78.92798   -3.58504    34.9184    34.9202 0.0000e+00
   2008.000    -0.6017    -0.6030   2.933463   2.933469    298.477     0.1244     0.1030   2505.700   78.92798   -3.58506    34.9181    34.9197 0.0000e+00
   2009.000    -0.6028    -0.6043   2.933404   2.933407    298.488     0.1229     0.1030   2506.803   78.92798   -3.58508    34.9181    34.9198 0.0000e+00
   2010.000    -0.6025    -0.6041   2.933468   2.933461    298.167     0.1220     0.1040   2507.902   78.92798   -3.58509    34.9181    34.9198 0.0000e+00
   2011.000    -0.6032    -0.6046   2.933449   2.933460    298.076     0.1238     0.1042   2508.998   78.92798   -3.58511    34.9180    34.9198 0.0000e+00
   2012.000    -0.6033    -0.6050   2.933478   2.933460    298.105     0.1232     0.1065   2510.077   78.92798   -3.58512    34.9180    34.9197 0.0000e+00
   2013.000    -0.6031    -0.6048   2.933540   2.933526    298.251     0.1186     0.1064   2511.141   78.92798   -3.58513    34.9180    34.9198 0.0000e+00
   2014.000    -0.6024    -0.6041   2.933646   2.933636    297.649     0.1182     0.1050   2512.199   78.92798   -3.58514    34.9182    34.9199 0.0000e+00
   2015.000    -0.6017    -0.6035   2.933760   2.933730    297.710     0.1218     0.1044   2513.249   78.92798   -3.58515    34.9183    34.9199 0.0000e+00
   2016.000    -0.6017    -0.6032   2.933801   2.933790    298.402     0.1191     0.1041   2514.299   78.92798   -3.58516    34.9183    34.9199 0.0000e+00
   2017.000    -0.6014    -0.6031   2.933866   2.933852    298.281     0.1210     0.1041   2515.356   78.92796   -3.58518    34.9183    34.9200 0.0000e+00
   2018.000    -0.5994    -0.6015   2.934102   2.934049    297.966     0.1241     0.1047   2516.426   78.92796   -3.58518    34.9187    34.9203 0.0000e+00
   2019.000    -0.5947    -0.5964   2.934603   2.934585    298.046     0.1187     0.1054   2517.509   78.92796   -3.58520    34.9194    34.9211 0.0000e+00
   2020.000    -0.5948    -0.5963   2.934628   2.934641    298.253     0.1226     0.1044   2518.601   78.92796   -3.58520    34.9193    34.9213 0.0000e+00
   2021.000    -0.5965    -0.5979   2.934535   2.934534    298.165     0.1197     0.1043   2519.698   78.92796   -3.58522    34.9194    34.9211 0.0000e+00
   2022.000    -0.5967    -0.5983   2.934556   2.934544    297.954     0.1196     0.1045   2520.788   78.92796   -3.58522    34.9195    34.9210 0.0000e+00
   2023.000    -0.5975    -0.5991   2.934523   2.934504    297.531     0.1220     0.1068   2521.872   78.92796   -3.58524    34.9194    34.9210 0.0000e+00
   2024.000    -0.5985    -0.6001   2.934465   2.934463    297.587     0.1198     0.1036   2522.951   78.92796   -3.58525    34.9192    34.9210 0.0000e+00
   2025.000    -0.5989    -0.6005   2.934483   2.934473    298.014     0.1204     0.1042   2524.025   78.92796   -3.58526    34.9194    34.9211 0.0000e+00
   2026.000    -0.5991    -0.6007   2.934499   2.934491    298.315     0.1198     0.1052   2525.092   78.92796   -3.58527    34.9193    34.9210 0.0000e+00
   2027.000    -0.5997    -0.6013   2.934480   2.934471    298.147     0.1202     0.1055   2526.163   78.92795   -3.58529    34.9192    34.9209 0.0000e+00
   2028.000    -0.5999    -0.6015   2.934516   2.934496    298.180     0.1229     0.1065   2527.236   78.92794   -3.58531    34.9193    34.9208 0.0000e+00
   2029.000    -0.5999    -0.6015   2.934552   2.934546    297.721     0.1225     0.1044   2528.310   78.92794   -3.58532    34.9193    34.9210 0.0000e+00
   2030.000    -0.6004    -0.6019   2.934555   2.934547    297.651     0.1233     0.1038   2529.382   78.92794   -3.58534    34.9193    34.9209 0.0000e+00
   2031.000    -0.6007    -0.6022   2.934558   2.934563    298.030     0.1239     0.1036   2530.458   78.92794   -3.58536    34.9192    34.9209 0.0000e+00
   2032.000    -0.6018    -0.6033   2.934510   2.934504    297.822     0.1196     0.1035   2531.534   78.92794   -3.58538    34.9192    34.9209 0.0000e+00
   2033.000    -0.6027    -0.6044   2.934455   2.934449    297.510     0.1208     0.1038   2532.608   78.92794   -3.58540    34.9190    34.9208 0.0000e+00
   2034.000    -0.6030    -0.6047   2.934478   2.934458    297.139     0.1196     0.1035   2533.675   78.92794   -3.58540    34.9191    34.9207 0.0000e+00
   2035.000    -0.6036    -0.6052   2.934465   2.934454    297.932     0.1196     0.1043   2534.743   78.92794   -3.58542    34.9191    34.9208 0.0000e+00
   2036.000    -0.6049    -0.6065   2.934396   2.934382    298.301     0.1221     0.1046   2535.812   78.92792   -3.58545    34.9191    34.9208 0.0000e+00
   2037.000    -0.6049    -0.6065   2.934430   2.934428    298.459     0.1198     0.1058   2536.882   78.92792   -3.58546    34.9191    34.9208 0.0000e+00
   2038.000    -0.6060    -0.6077   2.934379   2.934373    298.397     0.1181     0.1066   2537.959   78.92792   -3.58547    34.9190    34.9209 0.0000e+00
   2039.000    -0.6064    -0.6079   2.934383   2.934384    297.624     0.1221     0.1047   2539.036   78.92792   -3.58549    34.9190    34.9207 0.0000e+00
   2040.000    -0.6074    -0.6089   2.934333   2.934335    297.643     0.1221     0.1069   2540.115   78.92792   -3.58551    34.9189    34.9207 0.0000e+00
   2041.000    -0.6079    -0.6094   2.934328   2.934324    298.077     0.1181     0.1047   2541.192   78.92792   -3.58552    34.9189    34.9205 0.0000e+00
   2042.000    -0.6090    -0.6105   2.934276   2.934277    298.114     0.1172     0.1068   2542.266   78.92792   -3.58553    34.9189    34.9206 0.0000e+00
   2043.000    -0.6096    -0.6111   2.934259   2.934251    297.815     0.1217     0.1072   2543.343   78.92792   -3.58554    34.9188    34.9204 0.0000e+00
   2044.000    -0.6100    -0.6116   2.934254   2.934256    298.099     0.1216     0.1072   2544.423   78.92792   -3.58556    34.9187    34.9205 0.0000e+00
   2045.000    -0.6112    -0.6126   2.934193   2.934215    297.986     0.1183     0.1043   2545.500   78.92792   -3.58558    34.9187    34.9205 0.0000e+00
   2046.000    -0.6134    -0.6150   2.934029   2.934044    298.011     0.1203     0.1047   2546.575   78.92790   -3.58558    34.9185    34.9204 0.0000e+00
   2047.000    -0.6138    -0.6153   2.934051   2.934049    298.032     0.1194     0.1050   2547.650   78.92790   -3.58560    34.9186    34.9204 0.0000e+00
   2048.000    -0.6138    -0.6153   2.934094   2.934078    298.234     0.1197     0.1036   2548.725   78.92790   -3.58561    34.9187    34.9202 0.0000e+00
   2049.000    -0.6142    -0.6157   2.934098   2.934084    298.073     0.1214     0.1037   2549.801   78.92790   -3.58562    34.9186    34.9202 0.0000e+00
   2050.000    -0.6150    -0.6166   2.934063   2.934048    297.877     0.1217     0.1032   2550.873   78.92790   -3.58563    34.9186    34.9202 0.0000e+00
   2051.000    -0.6156    -0.6172   2.934049   2.934044    298.130     0.1232     0.1020   2551.944   78.92790   -3.58564    34.9186    34.9203 0.0000e+00
   2052.000    -0.6169    -0.6184   2.933972   2.933987    298.117     0.1248     0.1025   2553.018   78.92790   -3.58565    34.9185    34.9203 0.0000e+00
   2053.000    -0.6181    -0.6197   2.933898   2.933901    297.761     0.1269     0.1034   2554.089   78.92790   -3.58566    34.9184    34.9201 0.0000e+00
   2054.000    -0.6189    -0.6204   2.933874   2.933854    297.838     0.1264     0.1045   2555.161   78.92790   -3.58567    34.9183    34.9198 0.0000e+00
   2055.000    -0.6188    -0.6204   2.933921   2.933899    297.539     0.1213     0.1053   2556.232   78.92790   -3.58568    34.9183    34.9199 0.0000e+00
   2056.000    -0.6189    -0.6205   2.933949   2.933945    297.602     0.1205     0.1045   2557.308   78.92788   -3.58568    34.9183    34.9200 0.0000e+00
   2057.000    -0.6192    -0.6208   2.933969   2.933967    297.477     0.1205     0.1043   2558.383   78.92788   -3.58570    34.9183    34.9201 0.0000e+00
   2058.000    -0.6200    -0.6216   2.933936   2.933925    297.595     0.1232     0.1045   2559.460   78.92788   -3.58570    34.9183    34.9199 0.0000e+00
   2059.000    -0.6201    -0.6215   2.933973   2.933977    297.926     0.1191     0.1055   2560.537   78.92788   -3.58572    34.9183    34.9199 0.0000e+00
   2060.000    -0.6206    -0.6221   2.933973   2.933965    297.866     0.1206     0.1033   2561.610   78.92788   -3.58572    34.9183    34.9200 0.0000e+00
   2061.000    -0.6208    -0.6223   2.933998   2.934002    297.720     0.1247     0.1041   2562.683   78.92788   -3.58574    34.9183    34.9201 0.0000e+00
   2062.000    -0.6210    -0.6225   2.934015   2.934004    298.077     0.1261     0.1064   2563.756   78.92788   -3.58574    34.9182    34.9198 0.0000e+00
   2063.000    -0.6212    -0.6228   2.934033   2.934017    298.057     0.1239     0.1040   2564.835   78.92788   -3.58576    34.9182    34.9198 0.0000e+00
   2064.000    -0.6214    -0.6230   2.934054   2.934033    297.705     0.1223     0.1031   2565.912   78.92788   -3.58577    34.9182    34.9197 0.0000e+00
   2065.000    -0.6220    -0.6237   2.934041   2.934021    297.660     0.1192     0.1045   2566.989   78.92788   -3.58579    34.9182    34.9198 0.0000e+00
