test_project/cnv_input/018_bin.cnv
* Sea-Bird SBE 9 Data File:
* FileName = C:\Documents and Settings\ctd\Desktop\FS2022\data\018.hex
* Software Version Seasave V 7.21b
* Temperature SN = 2400
* Conductivity SN = 3447
* Number of Bytes Per Scan = 48
* Number of Voltage Words = 5
* Number of Scans Averaged by the Deck Unit = 1
* NMEA Latitude = 78 55.88 N
* NMEA Longitude = 003 32.98 W
* NMEA UTC (Time) = Sep 16 2022  15:15:49
* NMEA baud rate = 4800
** Cruise: FS 2022
** Ship: Silver Arctic
** Station (File Number):  018
** Latitude:
** Longitude:
** Echodepth (m):
** Seastate:
# nquan = 14
# nvalues = 2243                        
# units = specified
# name 0 = prDM: Pressure, Digiquartz [db]
# name 1 = t090C: Temperature [ITS-90, deg C]
# name 2 = t190C: Temperature, 2 [ITS-90, deg C]
# name 3 = c0S/m: Conductivity [S/m]
# name 4 = c1S/m: Conductivity, 2 [S/m]
# name 5 = sbox0Mm/Kg: Oxygen, SBE 43 [umol/kg]
# name 6 = wetCDOM: Fluorescence, WET Labs CDOM [mg/m^3]
# name 7 = wetCDOM1: Fluorescence, WET Labs CDOM, 2 [mg/m^3]
# name 8 = timeS: Time, Elapsed [seconds]
# name 9 = latitude: Latitude [deg]
# name 10 = longitude: Longitude [deg]
# name 11 = sal00: Salinity, Practical [PSU]
# name 12 = sal11: Salinity, Practical, 2 [PSU]
# name 13 = flag: flag
# span 0 =      2.000,   2245.000       
# span 1 =    -1.6032,     2.9129       
# span 2 =    -1.6084,     2.9182       
# span 3 =   2.404920,   3.140780       
# span 4 =   2.404960,   3.140873       
# span 5 =    296.803,    417.330       
# span 6 =     0.1052,     0.1825       
# span 7 =     0.0978,     0.1343       
# span 8 =    356.770,   2818.199       
# span 9 =   78.91149,   78.93090       
# span 10 =   -3.58844,   -3.55516      
# span 11 =    29.9912,    34.9358      
# span 12 =    29.9902,    34.9369      
# span 13 = 0.0000e+00, 0.0000e+00      
# interval = decibars: 1                
# start_time = Sep 16 2022 15:15:50 [NMEA time, first data scan]
# bad_flag = -9.990e-29
*END*
      2.000    -1.5898    -1.5908   2.405457   2.405254    408.647     0.1669     0.1280    356.770   78.93090   -3.55516    29.9950    29.9932 0.0000e+00
      3.000    -1.5938    -1.5921   2.404926   2.404978    407.951     0.1679     0.1255    359.514   78.93090   -3.55518    29.9912    29.9902 0.0000e+00
      4.000    -1.5948    -1.5938   2.404920   2.404960    408.930     0.1682     0.1274    362.392   78.93090   -3.55520    29.9916    29.9911 0.0000e+00
      5.000    -1.5908    -1.5892   2.405706   2.405763    408.538     0.1668     0.1267    364.968   78.93090   -3.55522    29.9977    29.9969 0.0000e+00
      6.000    -1.5901    -1.5909   2.405607   2.405422    408.178     0.1680     0.1251    367.462   78.93090   -3.55525    29.9951    29.9933 0.0000e+00
      7.000    -1.5903    -1.5901   2.406083   2.405903    408.286     0.1707     0.1257    369.766   78.93089   -3.55528    30.0012    29.9985 0.0000e+00
      8.000    -1.5922    -1.5919   2.405771   2.405747    407.473     0.1666     0.1285    371.981   78.93088   -3.55531    29.9983    29.9977 0.0000e+00
      9.000    -1.5980    -1.5992   2.406234   2.406107    408.638     0.1671     0.1269    374.103   78.93088   -3.55534    30.0099    30.0094 0.0000e+00
     10.000    -1.6012    -1.6011   2.406277   2.406122    408.672     0.1683     0.1258    376.193   78.93088   -3.55537    30.0132    30.0109 0.0000e+00
     11.000    -1.6017    -1.6016   2.406318   2.406155    408.791     0.1688     0.1270    378.217   78.93087   -3.55541    30.0136    30.0113 0.0000e+00
     12.000    -1.6018    -1.6017   2.406362   2.406202    408.719     0.1716     0.1275    380.071   78.93086   -3.55545    30.0138    30.0115 0.0000e+00
     13.000    -1.6015    -1.6013   2.406413   2.406258    408.229     0.1649     0.1276    381.982   78.93086   -3.55549    30.0136    30.0113 0.0000e+00
     14.000    -1.6024    -1.6024   2.406471   2.406309    407.357     0.1671     0.1262    383.919   78.93086   -3.55554    30.0147    30.0125 0.0000e+00
     15.000    -1.6026    -1.6027   2.406573   2.406423    407.565     0.1674     0.1260    385.930   78.93086   -3.55558    30.0158    30.0138 0.0000e+00
     16.000    -1.6032    -1.6035   2.406691   2.406583    407.909     0.1658     0.1271    388.004   78.93084   -3.55561    30.0174    30.0162 0.0000e+00
     17.000    -1.6029    -1.6028   2.407397   2.407256    408.328     0.1690     0.1264    390.050   78.93084   -3.55565    30.0262    30.0242 0.0000e+00
     18.000    -1.6004    -1.6008   2.410476   2.409851    407.817     0.1705     0.1266    392.058   78.93084   -3.55567    30.0651    30.0570 0.0000e+00
     19.000    -1.5818    -1.5830   2.417956   2.417547    406.696     0.1687     0.1259    394.037   78.93084   -3.55570    30.1480    30.1437 0.0000e+00
     20.000    -1.4832    -1.4845   2.454260   2.453824    405.439     0.1678     0.1275    396.022   78.93084   -3.55572    30.5427    30.5381 0.0000e+00
     21.000    -1.4533    -1.4530   2.473853   2.473935    407.914     0.1728     0.1315    398.024   78.93084   -3.55574    30.7790    30.7797 0.0000e+00
     22.000    -1.4541    -1.4540   2.478532   2.478446    413.336     0.1781     0.1331    400.062   78.93082   -3.55576    30.8431    30.8418 0.0000e+00
     23.000    -1.4670    -1.4666   2.480712   2.480538    416.557     0.1765     0.1311    402.095   78.93082   -3.55577    30.8856    30.8829 0.0000e+00
     24.000    -1.4859    -1.4861   2.483680   2.483604    417.330     0.1793     0.1336    404.094   78.93082   -3.55578    30.9452    30.9444 0.0000e+00
     25.000    -1.4915    -1.4916   2.485169   2.485055    415.075     0.1818     0.1339    406.105   78.93082   -3.55581    30.9708    30.9694 0.0000e+00
     26.000    -1.4917    -1.4918   2.486365   2.486388    413.114     0.1825     0.1326    408.163   78.93082   -3.55583    30.9868    30.9872 0.0000e+00
     27.000    -1.4865    -1.4860   2.490184   2.490044    413.586     0.1799     0.1325    410.264   78.93081   -3.55585    31.0330    31.0307 0.0000e+00
     28.000    -1.5201    -1.5219   2.493997   2.494037    415.094     0.1722     0.1290    412.380   78.93080   -3.55588    31.1198    31.1222 0.0000e+00
     29.000    -1.5469    -1.5487   2.495970   2.495976    415.344     0.1784     0.1317    414.456   78.93080   -3.55591    31.1743    31.1762 0.0000e+00
     30.000    -1.5397    -1.5379   2.500422   2.500815    409.319     0.1776     0.1311    416.492   78.93080   -3.55594    31.2271    31.2307 0.0000e+00
     31.000    -1.5445    -1.5444   2.507654   2.507699    405.162     0.1797     0.1343    418.514   78.93080   -3.55596    31.3308    31.3313 0.0000e+00
     32.000    -1.5767    -1.5769   2.514135   2.514074    405.706     0.1792     0.1319    420.583   78.93080   -3.55599    31.4532    31.4526 0.0000e+00
     33.000    -1.5919    -1.5920   2.520250   2.520173    402.987     0.1774     0.1316    422.713   78.93080   -3.55601    31.5527    31.5518 0.0000e+00
     34.000    -1.5986    -1.5987   2.525152   2.525096    394.456     0.1745     0.1319    424.876   78.93078   -3.55603    31.6267    31.6260 0.0000e+00
     35.000    -1.5962    -1.5962   2.529592   2.529558    388.198     0.1789     0.1327    426.870   78.93078   -3.55605    31.6846    31.6841 0.0000e+00
     36.000    -1.5795    -1.5796   2.535744   2.535853    386.084     0.1814     0.1325    428.168   78.93078   -3.55606    31.7508    31.7524 0.0000e+00
     37.000    -1.5556    -1.5560   2.544722   2.544297    384.532     0.1789     0.1303    429.278   78.93078   -3.55607    31.8480    31.8427 0.0000e+00
     38.000    -1.5547    -1.5548   2.548782   2.548732    383.575     0.1801     0.1281    430.441   78.93078   -3.55608    31.9024    31.9018 0.0000e+00
     39.000    -1.5593    -1.5596   2.553014   2.552998    381.605     0.1744     0.1298    431.654   78.93078   -3.55610    31.9649    31.9649 0.0000e+00
     40.000    -1.5669    -1.5671   2.559478   2.559486    378.227     0.1729     0.1300    432.776   78.93078   -3.55612    32.0614    32.0618 0.0000e+00
     41.000    -1.5622    -1.5624   2.566198   2.566203    374.693     0.1760     0.1314    433.840   78.93078   -3.55612    32.1482    32.1485 0.0000e+00
     42.000    -1.5582    -1.5583   2.570049   2.569985    370.898     0.1787     0.1323    434.876   78.93076   -3.55615    32.1964    32.1955 0.0000e+00
     43.000    -1.5432    -1.5433   2.575044   2.575163    367.414     0.1774     0.1326    435.865   78.93076   -3.55617    32.2482    32.2500 0.0000e+00
     44.000    -1.4681    -1.4672   2.588260   2.588458    363.020     0.1756     0.1312    436.816   78.93076   -3.55618    32.3479    32.3496 0.0000e+00
     45.000    -1.4490    -1.4489   2.593180   2.593213    359.764     0.1768     0.1302    437.761   78.93076   -3.55618    32.3940    32.3945 0.0000e+00
     46.000    -1.4350    -1.4350   2.596341   2.596348    357.587     0.1733     0.1299    438.729   78.93076   -3.55620    32.4216    32.4217 0.0000e+00
     47.000    -1.4075    -1.4072   2.603176   2.603436    355.294     0.1693     0.1290    439.712   78.93076   -3.55622    32.4849    32.4881 0.0000e+00
     48.000    -1.4193    -1.4187   2.609613   2.609723    355.030     0.1697     0.1279    440.702   78.93076   -3.55624    32.5855    32.5864 0.0000e+00
     49.000    -1.4936    -1.4967   2.605000   2.604590    356.229     0.1708     0.1277    441.697   78.93076   -3.55624    32.6028    32.6006 0.0000e+00
     50.000    -1.6020    -1.6084   2.599423   2.599067    356.559     0.1696     0.1288    442.683   78.93076   -3.55626    32.6442    32.6464 0.0000e+00
     51.000    -1.3207    -1.3164   2.625689   2.626364    351.233     0.1694     0.1292    443.666   78.93076   -3.55626    32.6963    32.7008 0.0000e+00
     52.000    -1.2477    -1.2462   2.635933   2.636195    354.056     0.1701     0.1283    444.639   78.93076   -3.55628    32.7559    32.7579 0.0000e+00
     53.000    -1.2505    -1.2511   2.639459   2.639428    361.458     0.1703     0.1278    445.592   78.93076   -3.55628    32.8066    32.8068 0.0000e+00
     54.000    -1.2372    -1.2369   2.642043   2.642153    360.778     0.1642     0.1279    446.540   78.93076   -3.55630    32.8268    32.8279 0.0000e+00
     55.000    -1.2030    -1.2029   2.647773   2.647818    352.720     0.1639     0.1269    447.487   78.93076   -3.55630    32.8669    32.8674 0.0000e+00
     56.000    -1.2995    -1.3009   2.643342   2.643073    347.000     0.1639     0.1256    448.435   78.93076   -3.55632    32.9118    32.9096 0.0000e+00
     57.000    -1.2936    -1.2946   2.647852   2.648011    343.513     0.1663     0.1260    449.385   78.93074   -3.55634    32.9664    32.9698 0.0000e+00
     58.000    -1.1738    -1.1732   2.662333   2.662586    340.475     0.1687     0.1272    450.347   78.93074   -3.55636    33.0317    33.0345 0.0000e+00
     59.000    -1.1659    -1.1666   2.668339   2.668412    340.716     0.1682     0.1277    451.314   78.93074   -3.55638    33.1045    33.1063 0.0000e+00
     60.000    -1.0894    -1.0892   2.678153   2.678213    339.463     0.1667     0.1276    452.290   78.93074   -3.55638    33.1531    33.1538 0.0000e+00
     61.000    -1.0666    -1.0663   2.681680   2.681751    337.024     0.1694     0.1267    453.273   78.93074   -3.55640    33.1754    33.1761 0.0000e+00
     62.000    -1.0417    -1.0410   2.685317   2.685446    334.029     0.1637     0.1267    454.257   78.93074   -3.55642    33.1968    33.1978 0.0000e+00
     63.000    -1.0197    -1.0197   2.689946   2.689998    332.011     0.1628     0.1249    455.240   78.93074   -3.55643    33.2348    33.2355 0.0000e+00
     64.000    -1.0191    -1.0191   2.692934   2.692903    331.486     0.1598     0.1226    456.225   78.93074   -3.55644    33.2741    33.2738 0.0000e+00
     65.000    -1.0996    -1.1019   2.689454   2.689325    332.178     0.1603     0.1219    457.203   78.93074   -3.55645    33.3155    33.3163 0.0000e+00
     66.000    -1.1092    -1.1095   2.692656   2.692672    331.532     0.1640     0.1227    458.174   78.93074   -3.55646    33.3693    33.3698 0.0000e+00
     67.000    -1.1057    -1.1060   2.697156   2.697138    330.898     0.1655     0.1243    459.149   78.93074   -3.55647    33.4261    33.4262 0.0000e+00
     68.000    -1.1862    -1.1857   2.692934   2.692821    331.782     0.1626     0.1241    460.118   78.93074   -3.55648    33.4577    33.4556 0.0000e+00
     69.000    -1.2497    -1.2509   2.690757   2.690674    330.547     0.1693     0.1272    461.093   78.93074   -3.55649    33.4983    33.4985 0.0000e+00
     70.000    -1.2224    -1.2229   2.695117   2.695055    326.017     0.1680     0.1295    462.070   78.93074   -3.55650    33.5268    33.5266 0.0000e+00
     71.000    -1.2049    -1.2037   2.698276   2.698246    321.665     0.1701     0.1301    463.050   78.93074   -3.55651    33.5499    33.5481 0.0000e+00
     72.000    -1.3837    -1.3864   2.685631   2.685302    320.476     0.1692     0.1284    464.029   78.93074   -3.55652    33.5764    33.5749 0.0000e+00
     73.000    -1.3051    -1.3053   2.694342   2.694386    316.382     0.1630     0.1248    465.009   78.93074   -3.55653    33.6072    33.6080 0.0000e+00
     74.000    -1.2549    -1.2552   2.700964   2.700912    316.513     0.1575     0.1240    465.988   78.93074   -3.55654    33.6410    33.6406 0.0000e+00
     75.000    -1.2121    -1.2160   2.706459   2.706273    326.336     0.1614     0.1229    466.967   78.93074   -3.55655    33.6675    33.6694 0.0000e+00
     76.000    -1.1018    -1.1033   2.717325   2.717271    337.968     0.1650     0.1227    467.945   78.93074   -3.55656    33.6916    33.6925 0.0000e+00
     77.000    -0.8719    -0.8740   2.738409   2.738521    341.093     0.1602     0.1226    468.923   78.93074   -3.55657    33.7200    33.7239 0.0000e+00
     78.000    -0.7644    -0.7642   2.749371   2.749553    339.486     0.1586     0.1207    469.910   78.93073   -3.55658    33.7477    33.7499 0.0000e+00
     79.000    -0.5869    -0.5831   2.767852   2.768699    335.736     0.1582     0.1189    470.896   78.93072   -3.55659    33.7980    33.8052 0.0000e+00
     80.000    -0.2446    -0.2320   2.798922   2.800676    333.181     0.1540     0.1191    471.881   78.93072   -3.55660    33.8323    33.8416 0.0000e+00
     81.000    -0.1097    -0.1098   2.812259   2.812322    337.879     0.1494     0.1199    472.873   78.93072   -3.55661    33.8594    33.8604 0.0000e+00
     82.000    -0.0123    -0.0116   2.823190   2.823953    341.799     0.1475     0.1190    473.867   78.93072   -3.55663    33.8958    33.9051 0.0000e+00
     83.000     0.5235     0.5357   2.874916   2.876866    336.726     0.1459     0.1156    474.861   78.93072   -3.55664    33.9830    33.9951 0.0000e+00
     84.000     0.8755     0.8875   2.909197   2.911163    336.832     0.1431     0.1142    475.859   78.93072   -3.55665    34.0408    34.0530 0.0000e+00
     85.000     1.2332     1.2183   2.943895   2.943168    338.985     0.1417     0.1130    476.870   78.93072   -3.55667    34.0955    34.1024 0.0000e+00
     86.000     1.4667     1.4638   2.966372   2.966439    338.622     0.1369     0.1120    477.887   78.93072   -3.55668    34.1273    34.1312 0.0000e+00
     87.000     1.4649     1.4631   2.966401   2.966488    338.062     0.1387     0.1117    478.919   78.93072   -3.55669    34.1290    34.1321 0.0000e+00
     88.000     1.6122     1.6328   2.981547   2.984079    333.330     0.1358     0.1117    479.952   78.93072   -3.55671    34.1602    34.1699 0.0000e+00
     89.000     2.0363     2.0285   3.023403   3.023214    326.360     0.1401     0.1116    480.981   78.93072   -3.55673    34.2277    34.2337 0.0000e+00
     90.000     2.0992     2.0992   3.029941   3.030245    329.229     0.1379     0.1113    482.007   78.93072   -3.55675    34.2410    34.2448 0.0000e+00
     91.000     2.1618     2.1618   3.036462   3.036865    329.551     0.1311     0.1103    483.033   78.93071   -3.55678    34.2542    34.2593 0.0000e+00
     92.000     2.2162     2.2155   3.043086   3.043110    326.605     0.1294     0.1101    484.055   78.93070   -3.55681    34.2776    34.2786 0.0000e+00
     93.000     1.7155     1.7548   2.996721   2.999818    330.439     0.1310     0.1081    485.083   78.93070   -3.55683    34.2372    34.2336 0.0000e+00
     94.000     1.8637     1.8860   3.011010   3.013887    323.791     0.1322     0.1088    486.113   78.93070   -3.55685    34.2555    34.2675 0.0000e+00
     95.000     1.5853     1.5901   2.986494   2.986355    321.971     0.1366     0.1099    487.136   78.93070   -3.55687    34.2484    34.2414 0.0000e+00
     96.000     1.0112     1.0251   2.935272   2.935551    329.357     0.1347     0.1110    488.164   78.93070   -3.55689    34.2207    34.2089 0.0000e+00
     97.000     1.3177     1.3462   2.965158   2.968160    320.527     0.1335     0.1115    489.207   78.93070   -3.55691    34.2676    34.2749 0.0000e+00
     98.000     1.6356     1.6610   2.995030   2.996586    314.937     0.1325     0.1109    490.251   78.93070   -3.55695    34.2996    34.2915 0.0000e+00
     99.000     0.9561     0.9430   2.934001   2.932702    329.264     0.1332     0.1108    491.292   78.93070   -3.55697    34.2640    34.2617 0.0000e+00
    100.000     1.2700     1.2688   2.964708   2.965331    320.494     0.1352     0.1123    492.337   78.93070   -3.55700    34.3120    34.3212 0.0000e+00
    101.000     1.6442     1.6425   3.000936   3.000878    312.468     0.1349     0.1109    493.380   78.93070   -3.55702    34.3637    34.3649 0.0000e+00
    102.000     1.8902     1.8947   3.024631   3.025600    315.686     0.1300     0.1076    494.421   78.93070   -3.55704    34.3939    34.4013 0.0000e+00
    103.000     1.9947     2.0005   3.034873   3.035602    317.832     0.1259     0.1075    495.465   78.93068   -3.55706    34.4085    34.4113 0.0000e+00
    104.000     2.0264     2.0304   3.038147   3.038780    320.633     0.1260     0.1068    496.514   78.93068   -3.55708    34.4145    34.4182 0.0000e+00
