test_project/cnv_input/018_bin.cnv
* Sea-Bird SBE 9 Data File:
* FileName = C:\Documents and Settings\ctd\Desktop\FS2022\data\018.hex
* Software Version Seasave V 7.21b
* Temperature SN = 2400
* Conductivity SN = 3447
* Number of Bytes Per Scan = 48
* Number of Voltage Words = 5
* Number of Scans Averaged by the Deck Unit = 1
* NMEA Latitude = 78 55.88 N
* NMEA Longitude = 003 32.98 W
* NMEA UTC (Time) = Sep 16 2022  15:15:49
* NMEA baud rate = 4800
** Cruise: FS 2022
** Ship: Silver Arctic
** Station (File Number):  018
** Latitude:
** Longitude:
** Echodepth (m):
** Seastate:
# nquan = 14
# nvalues = 2243                        
# units = specified
# name 0 = prDM: Pressure, Digiquartz [db]
# name 1 = t090C: Temperature [ITS-90, deg C]
# name 2 = t190C: Temperature, 2 [ITS-90, deg C]
# name 3 = c0S/m: Conductivity [S/m]
# name 4 = c1S/m: Conductivity, 2 [S/m]
# name 5 = sbox0Mm/Kg: Oxygen, SBE 43 [umol/kg]
# name 6 = wetCDOM: Fluorescence, WET Labs CDOM [mg/m^3]
# name 7 = wetCDOM1: Fluorescence, WET Labs CDOM, 2 [mg/m^3]
# name 8 = timeS: Time, Elapsed [seconds]
# name 9 = latitude: Latitude [deg]
# name 10 = longitude: Longitude [deg]
# name 11 = sal00: Salinity, Practical [PSU]
# name 12 = sal11: Salinity, Practical, 2 [PSU]
# name 13 = flag: flag
# span 0 =      2.000,   2245.000       
# span 1 =    -1.6032,     2.9129       
# span 2 =    -1.6084,     2.9182       
# span 3 =   2.404920,   3.140780       
# span 4 =   2.404960,   3.140873       
# span 5 =    296.803,    417.330       
# span 6 =     0.1052,     0.1825       
# span 7 =     0.0978,     0.1343       
# span 8 =    356.770,   2818.199       
# span 9 =   78.91149,   78.93090       
# span 10 =   -3.58844,   -3.55516      
# span 11 =    29.9912,    34.9358      
# span 12 =    29.9902,    34.9369      
# span 13 = 0.0000e+00, 0.0000e+00      
# interval = decibars: 1                
# start_time = Sep 16 2022 15:15:50 [NMEA time, first data scan]
# bad_flag = -9.990e-29
*END*
[from data line 1755]
   1757.000    -0.5083    -0.5098   2.931055   2.931051    300.514     0.1223     0.1049   2243.476   78.92834   -3.58160    34.9168    34.9183 0.0000e+00
   1758.000    -0.5093    -0.5108   2.931015   2.930990    300.623     0.1213     0.1047   2244.542   78.92834   -3.58162    34.9168    34.9182 0.0000e+00
   1759.000    -0.5097    -0.5113   2.931014   2.930993    300.446     0.1164     0.1041   2245.592   78.92834   -3.58164    34.9167    34.9182 0.0000e+00
   1760.000    -0.5111    -0.5125   2.930929   2.930929    300.202     0.1186     0.1041   2246.632   78.92834   -3.58166    34.9166    34.9182 0.0000e+00
   1761.000    -0.5140    -0.5155   2.930701   2.930694    300.790     0.1208     0.1045   2247.682   78.92834   -3.58168    34.9163    34.9178 0.0000e+00
   1762.000    -0.5153    -0.5166   2.930627   2.930625    301.028     0.1213     0.1050   2248.740   78.92834   -3.58168    34.9162    34.9177 0.0000e+00
   1763.000    -0.5169    -0.5184   2.930516   2.930514    300.688     0.1205     0.1041   2249.803   78.92834   -3.58170    34.9160    34.9176 0.0000e+00
   1764.000    -0.5179    -0.5195   2.930462   2.930450    300.577     0.1199     0.1043   2250.866   78.92833   -3.58173    34.9159    34.9176 0.0000e+00
   1765.000    -0.5198    -0.5211   2.930339   2.930350    300.558     0.1203     0.1041   2251.928   78.92832   -3.58174    34.9158    34.9175 0.0000e+00
   1766.000    -0.5209    -0.5223   2.930276   2.930284    300.535     0.1215     0.1041   2252.991   78.92832   -3.58175    34.9157    34.9174 0.0000e+00
   1767.000    -0.5208    -0.5224   2.930331   2.930315    300.678     0.1215     0.1041   2254.049   78.92832   -3.58176    34.9158    34.9174 0.0000e+00
   1768.000    -0.5210    -0.5224   2.930344   2.930357    300.896     0.1199     0.1032   2255.099   78.92832   -3.58177    34.9156    34.9174 0.0000e+00
   1769.000    -0.5181    -0.5199   2.930683   2.930646    300.557     0.1204     0.1036   2256.141   78.92832   -3.58178    34.9163    34.9178 0.0000e+00
   1770.000    -0.5098    -0.5120   2.931529   2.931472    301.358     0.1230     0.1048   2257.181   78.92832   -3.58179    34.9176    34.9193 0.0000e+00
   1771.000    -0.5093    -0.5109   2.931625   2.931619    301.341     0.1191     0.1048   2258.217   78.92832   -3.58180    34.9178    34.9194 0.0000e+00
   1772.000    -0.5086    -0.5101   2.931737   2.931726    301.297     0.1220     0.1046   2259.255   78.92832   -3.58180    34.9180    34.9195 0.0000e+00
   1773.000    -0.5094    -0.5106   2.931701   2.931718    300.983     0.1203     0.1044   2260.295   78.92832   -3.58182    34.9178    34.9194 0.0000e+00
   1774.000    -0.5106    -0.5116   2.931629   2.931677    300.856     0.1200     0.1033   2261.339   78.92832   -3.58182    34.9177    34.9194 0.0000e+00
   1775.000    -0.5130    -0.5143   2.931453   2.931461    300.350     0.1217     0.1040   2262.391   78.92830   -3.58184    34.9175    34.9190 0.0000e+00
   1776.000    -0.5137    -0.5153   2.931423   2.931407    300.402     0.1216     0.1042   2263.447   78.92830   -3.58184    34.9173    34.9190 0.0000e+00
   1777.000    -0.5119    -0.5135   2.931643   2.931636    299.635     0.1213     0.1030   2264.515   78.92830   -3.58186    34.9177    34.9194 0.0000e+00
   1778.000    -0.5134    -0.5151   2.931544   2.931522    299.851     0.1212     0.1030   2265.580   78.92830   -3.58188    34.9176    34.9191 0.0000e+00
   1779.000    -0.5174    -0.5187   2.931227   2.931232    300.128     0.1220     0.1050   2266.648   78.92830   -3.58188    34.9172    34.9188 0.0000e+00
   1780.000    -0.5178    -0.5195   2.931225   2.931211    300.154     0.1233     0.1033   2267.709   78.92830   -3.58190    34.9171    34.9189 0.0000e+00
   1781.000    -0.5177    -0.5194   2.931265   2.931262    300.322     0.1254     0.1040   2268.764   78.92830   -3.58190    34.9171    34.9189 0.0000e+00
   1782.000    -0.5176    -0.5193   2.931323   2.931312    300.445     0.1254     0.1043   2269.815   78.92830   -3.58192    34.9172    34.9189 0.0000e+00
   1783.000    -0.5175    -0.5191   2.931382   2.931360    300.518     0.1229     0.1050   2270.864   78.92828   -3.58192    34.9173    34.9187 0.0000e+00
   1784.000    -0.5183    -0.5198   2.931346   2.931351    300.455     0.1213     0.1046   2271.911   78.92828   -3.58193    34.9172    34.9189 0.0000e+00
   1785.000    -0.5185    -0.5201   2.931375   2.931360    300.529     0.1221     0.1039   2272.950   78.92828   -3.58194    34.9172    34.9188 0.0000e+00
   1786.000    -0.5173    -0.5192   2.931529   2.931498    300.119     0.1258     0.1047   2273.985   78.92828   -3.58194    34.9173    34.9191 0.0000e+00
   1787.000    -0.5171    -0.5188   2.931591   2.931573    300.242     0.1229     0.1051   2275.024   78.92828   -3.58195    34.9174    34.9191 0.0000e+00
   1788.000    -0.5169    -0.5185   2.931663   2.931645    300.219     0.1245     0.1040   2276.065   78.92828   -3.58196    34.9175    34.9192 0.0000e+00
   1789.000    -0.5139    -0.5164   2.931997   2.931901    299.688     0.1247     0.1033   2277.109   78.92828   -3.58197    34.9181    34.9196 0.0000e+00
   1790.000    -0.5105    -0.5122   2.932365   2.932350    299.896     0.1246     0.1051   2278.161   78.92828   -3.58198    34.9185    34.9203 0.0000e+00
   1791.000    -0.5097    -0.5114   2.932493   2.932474    299.737     0.1247     0.1031   2279.217   78.92828   -3.58198    34.9187    34.9204 0.0000e+00
   1792.000    -0.5078    -0.5097   2.932713   2.932675    299.792     0.1240     0.1064   2280.281   78.92827   -3.58199    34.9191    34.9206 0.0000e+00
   1793.000    -0.5075    -0.5092   2.932785   2.932768    299.514     0.1212     0.1046   2281.346   78.92826   -3.58200    34.9191    34.9208 0.0000e+00
   1794.000    -0.5079    -0.5094   2.932802   2.932789    299.278     0.1199     0.1032   2282.411   78.92826   -3.58200    34.9192    34.9207 0.0000e+00
   1795.000    -0.5079    -0.5094   2.932838   2.932830    299.330     0.1199     0.1039   2283.475   78.92826   -3.58202    34.9191    34.9207 0.0000e+00
   1796.000    -0.5081    -0.5097   2.932862   2.932849    299.628     0.1211     0.1034   2284.533   78.92826   -3.58202    34.9191    34.9207 0.0000e+00
   1797.000    -0.5081    -0.5098   2.932894   2.932885    299.604     0.1232     0.1036   2285.585   78.92826   -3.58202    34.9190    34.9208 0.0000e+00
   1798.000    -0.5084    -0.5099   2.932917   2.932905    299.583     0.1251     0.1043   2286.631   78.92826   -3.58202    34.9191    34.9207 0.0000e+00
   1799.000    -0.5096    -0.5111   2.932852   2.932850    299.689     0.1247     0.1046   2287.671   78.92826   -3.58204    34.9190    34.9207 0.0000e+00
   1800.000    -0.5103    -0.5118   2.932830   2.932830    299.574     0.1209     0.1050   2288.708   78.92826   -3.58204    34.9191    34.9208 0.0000e+00
   1801.000    -0.5112    -0.5128   2.932798   2.932785    299.381     0.1243     0.1045   2289.750   78.92826   -3.58206    34.9190    34.9207 0.0000e+00
   1802.000    -0.5111    -0.5127   2.932847   2.932827    299.290     0.1216     0.1051   2290.794   78.92826   -3.58206    34.9191    34.9206 0.0000e+00
   1803.000    -0.5110    -0.5127   2.932891   2.932879    299.013     0.1211     0.1030   2291.838   78.92826   -3.58208    34.9190    34.9207 0.0000e+00
   1804.000    -0.5112    -0.5128   2.932921   2.932909    298.834     0.1191     0.1020   2292.896   78.92826   -3.58209    34.9191    34.9207 0.0000e+00
   1805.000    -0.5115    -0.5130   2.932925   2.932915    299.343     0.1197     0.1030   2293.954   78.92826   -3.58210    34.9189    34.9205 0.0000e+00
   1806.000    -0.5132    -0.5144   2.932819   2.932839    299.328     0.1218     0.1030   2295.019   78.92826   -3.58211    34.9189    34.9205 0.0000e+00
   1807.000    -0.5150    -0.5162   2.932698   2.932709    299.399     0.1170     0.1037   2296.082   78.92826   -3.58213    34.9188    34.9203 0.0000e+00
   1808.000    -0.5157    -0.5171   2.932669   2.932677    299.304     0.1183     0.1040   2297.140   78.92826   -3.58214    34.9186    34.9204 0.0000e+00
   1809.000    -0.5171    -0.5187   2.932575   2.932577    299.128     0.1190     0.1041   2298.199   78.92826   -3.58215    34.9185    34.9202 0.0000e+00
   1810.000    -0.5176    -0.5191   2.932588   2.932574    299.155     0.1194     0.1040   2299.255   78.92826   -3.58216    34.9186    34.9202 0.0000e+00
   1811.000    -0.5180    -0.5197   2.932580   2.932563    299.380     0.1198     0.1047   2300.303   78.92826   -3.58217    34.9184    34.9201 0.0000e+00
   1812.000    -0.5189    -0.5205   2.932542   2.932533    299.503     0.1226     0.1050   2301.348   78.92826   -3.58220    34.9184    34.9201 0.0000e+00
   1813.000    -0.5200    -0.5213   2.932474   2.932492    299.605     0.1254     0.1042   2302.390   78.92826   -3.58222    34.9182    34.9199 0.0000e+00
   1814.000    -0.5222    -0.5238   2.932321   2.932311    299.710     0.1233     0.1042   2303.431   78.92824   -3.58222    34.9181    34.9198 0.0000e+00
   1815.000    -0.5188    -0.5207   2.932684   2.932644    299.524     0.1223     0.1041   2304.478   78.92824   -3.58224    34.9186    34.9202 0.0000e+00
   1816.000    -0.5168    -0.5184   2.932925   2.932914    299.505     0.1224     0.1032   2305.525   78.92824   -3.58226    34.9190    34.9206 0.0000e+00
   1817.000    -0.5170    -0.5185   2.932953   2.932945    299.577     0.1223     0.1050   2306.579   78.92824   -3.58226    34.9190    34.9206 0.0000e+00
   1818.000    -0.5192    -0.5206   2.932793   2.932803    299.479     0.1223     0.1043   2307.631   78.92824   -3.58228    34.9188    34.9205 0.0000e+00
   1819.000    -0.5181    -0.5199   2.932934   2.932908    299.726     0.1202     0.1043   2308.688   78.92824   -3.58230    34.9189    34.9206 0.0000e+00
   1820.000    -0.5168    -0.5185   2.933102   2.933085    299.240     0.1221     0.1051   2309.738   78.92824   -3.58232    34.9191    34.9208 0.0000e+00
   1821.000    -0.5167    -0.5183   2.933153   2.933142    298.946     0.1184     0.1047   2310.773   78.92824   -3.58232    34.9191    34.9208 0.0000e+00
   1822.000    -0.5165    -0.5182   2.933212   2.933193    299.024     0.1171     0.1062   2311.801   78.92824   -3.58234    34.9191    34.9208 0.0000e+00
   1823.000    -0.5152    -0.5169   2.933384   2.933360    299.072     0.1183     0.1066   2312.827   78.92824   -3.58237    34.9194    34.9210 0.0000e+00
   1824.000    -0.5149    -0.5166   2.933452   2.933438    299.183     0.1222     0.1053   2313.853   78.92824   -3.58238    34.9195    34.9211 0.0000e+00
   1825.000    -0.5151    -0.5167   2.933495   2.933473    298.991     0.1225     0.1061   2314.876   78.92824   -3.58239    34.9197    34.9212 0.0000e+00
   1826.000    -0.5150    -0.5166   2.933549   2.933537    299.155     0.1213     0.1073   2315.898   78.92824   -3.58241    34.9198    34.9214 0.0000e+00
   1827.000    -0.5150    -0.5165   2.933586   2.933566    299.284     0.1216     0.1043   2316.933   78.92824   -3.58243    34.9196    34.9211 0.0000e+00
   1828.000    -0.5150    -0.5165   2.933626   2.933622    298.752     0.1178     0.1041   2318.026   78.92824   -3.58244    34.9196    34.9213 0.0000e+00
   1829.000    -0.5155    -0.5170   2.933632   2.933621    298.755     0.1203     0.1037   2319.182   78.92824   -3.58245    34.9197    34.9212 0.0000e+00
   1830.000    -0.5159    -0.5174   2.933638   2.933631    299.043     0.1209     0.1020   2320.314   78.92822   -3.58248    34.9197    34.9213 0.0000e+00
   1831.000    -0.5163    -0.5178   2.933648   2.933650    299.515     0.1199     0.1029   2321.417   78.92822   -3.58250    34.9197    34.9215 0.0000e+00
   1832.000    -0.5161    -0.5177   2.933706   2.933686    299.237     0.1191     0.1040   2322.495   78.92822   -3.58250    34.9198    34.9213 0.0000e+00
   1833.000    -0.5165    -0.5180   2.933709   2.933714    298.755     0.1177     0.1051   2323.530   78.92822   -3.58252    34.9198    34.9215 0.0000e+00
   1834.000    -0.5173    -0.5187   2.933682   2.933690    298.758     0.1223     0.1034   2324.519   78.92822   -3.58254    34.9197    34.9214 0.0000e+00
   1835.000    -0.5175    -0.5190   2.933709   2.933689    299.060     0.1223     0.1036   2325.477   78.92822   -3.58254    34.9197    34.9212 0.0000e+00
   1836.000    -0.5172    -0.5189   2.933782   2.933763    299.270     0.1225     0.1040   2326.425   78.92822   -3.58256    34.9198    34.9215 0.0000e+00
   1837.000    -0.5176    -0.5192   2.933792   2.933775    299.101     0.1232     0.1046   2327.373   78.92822   -3.58257    34.9198    34.9214 0.0000e+00
   1838.000    -0.5177    -0.5194   2.933821   2.933807    298.776     0.1236     0.1070   2328.318   78.92822   -3.58258    34.9198    34.9216 0.0000e+00
   1839.000    -0.5180    -0.5196   2.933843   2.933825    298.716     0.1217     0.1055   2329.277   78.92822   -3.58260    34.9199    34.9215 0.0000e+00
   1840.000    -0.5183    -0.5199   2.933855   2.933853    299.068     0.1178     0.1034   2330.252   78.92822   -3.58262    34.9198    34.9216 0.0000e+00
   1841.000    -0.5187    -0.5203   2.933863   2.933863    299.276     0.1223     0.1036   2331.241   78.92822   -3.58264    34.9199    34.9217 0.0000e+00
   1842.000    -0.5190    -0.5206   2.933879   2.933863    299.264     0.1245     0.1036   2332.241   78.92821   -3.58265    34.9199    34.9215 0.0000e+00
   1843.000    -0.5194    -0.5210   2.933882   2.933863    299.045     0.1220     0.1027   2333.257   78.92820   -3.58266    34.9198    34.9214 0.0000e+00
   1844.000    -0.5200    -0.5215   2.933877   2.933864    298.642     0.1221     0.1025   2334.282   78.92820   -3.58268    34.9199    34.9215 0.0000e+00
   1845.000    -0.5204    -0.5219   2.933888   2.933883    298.715     0.1232     0.1025   2335.314   78.92820   -3.58269    34.9199    34.9216 0.0000e+00
   1846.000    -0.5213    -0.5227   2.933851   2.933845    299.047     0.1243     0.1053   2336.344   78.92820   -3.58272    34.9199    34.9215 0.0000e+00
   1847.000    -0.5224    -0.5239   2.933784   2.933772    298.956     0.1256     0.1065   2337.372   78.92820   -3.58274    34.9197    34.9213 0.0000e+00
   1848.000    -0.5230    -0.5245   2.933782   2.933767    298.799     0.1257     0.1034   2338.396   78.92820   -3.58276    34.9198    34.9214 0.0000e+00
   1849.000    -0.5231    -0.5247   2.933806   2.933811    298.759     0.1241     0.1049   2339.404   78.92820   -3.58276    34.9198    34.9216 0.0000e+00
   1850.000    -0.5231    -0.5247   2.933847   2.933832    298.414     0.1219     0.1063   2340.420   78.92820   -3.58278    34.9197    34.9214 0.0000e+00
   1851.000    -0.5231    -0.5248   2.933882   2.933867    298.413     0.1195     0.1062   2341.444   78.92820   -3.58280    34.9197    34.9213 0.0000e+00
   1852.000    -0.5232    -0.5248   2.933916   2.933917    298.642     0.1157     0.1053   2342.468   78.92820   -3.58282    34.9197    34.9215 0.0000e+00
   1853.000    -0.5233    -0.5250   2.933956   2.933953    298.543     0.1218     0.1047   2343.491   78.92818   -3.58284    34.9198    34.9216 0.0000e+00
   1854.000    -0.5231    -0.5247   2.934026   2.934010    298.690     0.1243     0.1041   2344.511   78.92818   -3.58286    34.9199    34.9216 0.0000e+00
   1855.000    -0.5234    -0.5248   2.934044   2.934040    299.244     0.1211     0.1040   2345.538   78.92818   -3.58288    34.9200    34.9215 0.0000e+00
   1856.000    -0.5240    -0.5255   2.934030   2.934019    298.370     0.1192     0.1032   2346.572   78.92818   -3.58290    34.9200    34.9215 0.0000e+00
   1857.000    -0.5242    -0.5258   2.934052   2.934032    298.927     0.1196     0.1051   2347.619   78.92818   -3.58292    34.9200    34.9215 0.0000e+00
   1858.000    -0.5245    -0.5260   2.934075   2.934057    299.071     0.1241     0.1053   2348.675   78.92818   -3.58294    34.9200    34.9215 0.0000e+00
   1859.000    -0.5248    -0.5264   2.934088   2.934070    298.987     0.1249     0.1025   2349.728   78.92818   -3.58296    34.9200    34.9215 0.0000e+00
