test_project/cnv_input/018_bin.cnv
* Sea-Bird SBE 9 Data File:
* FileName = C:\Documents and Settings\ctd\Desktop\FS2022\data\018.hex
* Software Version Seasave V 7.21b
* Temperature SN = 2400
* Conductivity SN = 3447
* Number of Bytes Per Scan = 48
* Number of Voltage Words = 5
* Number of Scans Averaged by the Deck Unit = 1
* NMEA Latitude = 78 55.88 N
* NMEA Longitude = 003 32.98 W
* NMEA UTC (Time) = Sep 16 2022  15:15:49
* NMEA baud rate = 4800
** Cruise: FS 2022
** Ship: Silver Arctic
** Station (File Number):  018
** Latitude:
** Longitude:
** Echodepth (m):
** Seastate:
# nquan = 14
# nvalues = 2243                        
# units = specified
# name 0 = prDM: Pressure, Digiquartz [db]
# name 1 = t090C: Temperature [ITS-90, deg C]
# name 2 = t190C: Temperature, 2 [ITS-90, deg C]
# name 3 = c0S/m: Conductivity [S/m]
# name 4 = c1S/m: Conductivity, 2 [S/m]
# name 5 = sbox0Mm/Kg: Oxygen, SBE 43 [umol/kg]
# name 6 = wetCDOM: Fluorescence, WET Labs CDOM [mg/m^3]
# name 7 = wetCDOM1: Fluorescence, WET Labs CDOM, 2 [mg/m^3]
# name 8 = timeS: Time, Elapsed [seconds]
# name 9 = latitude: Latitude [deg]
# name 10 = longitude: Longitude [deg]
# name 11 = sal00: Salinity, Practical [PSU]
# name 12 = sal11: Salinity, Practical, 2 [PSU]
# name 13 = flag: flag
# span 0 =      2.000,   2245.000       
# span 1 =    -1.6032,     2.9129       
# span 2 =    -1.6084,     2.9182       
# span 3 =   2.404920,   3.140780       
# span 4 =   2.404960,   3.140873       
# span 5 =    296.803,    417.330       
# span 6 =     0.1052,     0.1825       
# span 7 =     0.0978,     0.1343       
# span 8 =    356.770,   2818.199       
# span 9 =   78.91149,   78.93090       
# span 10 =   -3.58844,   -3.55516      
# span 11 =    29.9912,    34.9358      
# span 12 =    29.9902,    34.9369      
# span 13 = 0.0000e+00, 0.0000e+00      
# interval = decibars: 1                
# start_time = Sep 16 2022 15:15:50 [NMEA time, first data scan]
# bad_flag = -9.990e-29
*END*
[from data line 413]
    415.000     1.0653     1.0647   3.003881   3.003871    302.579     0.1142     0.1031    822.583   78.93024   -3.56208    34.8579    34.8584 0.0000e+00
    416.000     1.0584     1.0585   3.003314   3.003364    302.095     0.1169     0.1041    823.635   78.93024   -3.56210    34.8576    34.8583 0.0000e+00
    417.000     1.0504     1.0494   3.002639   3.002603    301.522     0.1175     0.1051    824.684   78.93024   -3.56212    34.8574    34.8581 0.0000e+00
    418.000     1.0495     1.0487   3.002623   3.002610    301.291     0.1185     0.1021    825.749   78.93024   -3.56215    34.8576    34.8583 0.0000e+00
    419.000     1.0503     1.0500   3.002760   3.002782    301.096     0.1188     0.1039    826.799   78.93024   -3.56217    34.8578    34.8585 0.0000e+00
    420.000     1.0509     1.0505   3.002874   3.002897    301.486     0.1194     0.1040    827.855   78.93024   -3.56218    34.8581    34.8588 0.0000e+00
    421.000     1.0481     1.0477   3.002676   3.002689    301.837     0.1194     0.1013    828.912   78.93024   -3.56219    34.8581    34.8587 0.0000e+00
    422.000     1.0485     1.0476   3.002764   3.002738    301.695     0.1209     0.1030    829.963   78.93023   -3.56221    34.8581    34.8589 0.0000e+00
    423.000     1.0493     1.0484   3.002888   3.002873    301.433     0.1228     0.1039    831.011   78.93022   -3.56223    34.8583    34.8591 0.0000e+00
    424.000     1.0478     1.0471   3.002803   3.002802    301.559     0.1209     0.1041    832.052   78.93022   -3.56225    34.8583    34.8591 0.0000e+00
    425.000     1.0538     1.0503   3.003438   3.003208    301.537     0.1202     0.1037    833.096   78.93022   -3.56226    34.8592    34.8601 0.0000e+00
    426.000     1.0985     1.0898   3.007756   3.007029    300.986     0.1215     0.1030    834.148   78.93022   -3.56227    34.8643    34.8647 0.0000e+00
    427.000     1.1177     1.1148   3.009680   3.009502    301.198     0.1213     0.1033    835.196   78.93022   -3.56229    34.8670    34.8680 0.0000e+00
    428.000     1.1482     1.1417   3.012659   3.012147    301.900     0.1145     0.1043    836.249   78.93022   -3.56232    34.8706    34.8712 0.0000e+00
    429.000     1.1666     1.1642   3.014473   3.014345    302.633     0.1171     0.1039    837.295   78.93022   -3.56233    34.8728    34.8739 0.0000e+00
    430.000     1.1720     1.1708   3.015052   3.015019    303.017     0.1152     0.1018    838.341   78.93022   -3.56234    34.8736    34.8746 0.0000e+00
    431.000     1.1710     1.1700   3.014997   3.015006    302.920     0.1151     0.1020    839.386   78.93022   -3.56236    34.8735    34.8746 0.0000e+00
    432.000     1.1714     1.1705   3.015079   3.015084    303.629     0.1169     0.1019    840.428   78.93022   -3.56238    34.8735    34.8746 0.0000e+00
    433.000     1.1685     1.1680   3.014847   3.014872    303.772     0.1158     0.1026    841.474   78.93022   -3.56238    34.8732    34.8740 0.0000e+00
    434.000     1.1694     1.1679   3.014970   3.014923    303.475     0.1160     0.1023    842.522   78.93022   -3.56240    34.8732    34.8743 0.0000e+00
    435.000     1.1869     1.1824   3.016705   3.016391    303.494     0.1185     0.1024    843.574   78.93022   -3.56240    34.8753    34.8764 0.0000e+00
    436.000     1.1931     1.1915   3.017343   3.017288    303.278     0.1194     0.1022    844.632   78.93022   -3.56242    34.8761    34.8771 0.0000e+00
    437.000     1.1929     1.1915   3.017382   3.017343    303.714     0.1187     0.1024    845.681   78.93022   -3.56242    34.8762    34.8772 0.0000e+00
    438.000     1.1933     1.1921   3.017474   3.017449    303.535     0.1170     0.1030    846.739   78.93022   -3.56244    34.8763    34.8774 0.0000e+00
    439.000     1.1937     1.1921   3.017556   3.017494    303.748     0.1144     0.1025    847.789   78.93022   -3.56245    34.8764    34.8774 0.0000e+00
    440.000     1.2001     1.1984   3.018242   3.018163    303.923     0.1150     0.1020    848.839   78.93022   -3.56247    34.8775    34.8784 0.0000e+00
    441.000     1.1994     1.1984   3.018284   3.018255    304.053     0.1140     0.1028    849.879   78.93022   -3.56249    34.8782    34.8790 0.0000e+00
    442.000     1.2006     1.1992   3.018459   3.018414    303.989     0.1095     0.1021    850.923   78.93021   -3.56250    34.8785    34.8795 0.0000e+00
    443.000     1.2056     1.2041   3.018995   3.018937    304.258     0.1130     0.1041    851.969   78.93020   -3.56251    34.8792    34.8802 0.0000e+00
    444.000     1.2068     1.2055   3.019147   3.019120    304.295     0.1182     0.1050    853.010   78.93020   -3.56253    34.8793    34.8804 0.0000e+00
    445.000     1.2078     1.2064   3.019302   3.019260    304.103     0.1145     0.1027    854.059   78.93020   -3.56254    34.8795    34.8806 0.0000e+00
    446.000     1.2094     1.2078   3.019503   3.019441    303.873     0.1167     0.1026    855.114   78.93020   -3.56255    34.8797    34.8808 0.0000e+00
    447.000     1.2131     1.2114   3.019913   3.019846    303.979     0.1156     0.1029    856.168   78.93020   -3.56257    34.8804    34.8814 0.0000e+00
    448.000     1.2154     1.2140   3.020185   3.020145    303.646     0.1151     0.1024    857.215   78.93020   -3.56259    34.8807    34.8818 0.0000e+00
    449.000     1.2163     1.2149   3.020347   3.020315    303.799     0.1191     0.1020    858.269   78.93020   -3.56261    34.8812    34.8823 0.0000e+00
    450.000     1.2207     1.2188   3.020842   3.020752    303.956     0.1153     0.1019    859.313   78.93020   -3.56262    34.8820    34.8830 0.0000e+00
    451.000     1.2256     1.2240   3.021367   3.021313    304.050     0.1116     0.1020    860.359   78.93020   -3.56264    34.8827    34.8838 0.0000e+00
    452.000     1.2338     1.2319   3.022254   3.022167    304.734     0.1120     0.1015    861.397   78.93020   -3.56266    34.8843    34.8853 0.0000e+00
    453.000     1.2370     1.2359   3.022662   3.022643    305.319     0.1130     0.1008    862.445   78.93018   -3.56266    34.8854    34.8865 0.0000e+00
    454.000     1.2355     1.2344   3.022599   3.022588    304.969     0.1148     0.1040    863.474   78.93018   -3.56268    34.8857    34.8868 0.0000e+00
    455.000     1.2323     1.2311   3.022374   3.022348    304.917     0.1165     0.1020    864.522   78.93018   -3.56270    34.8858    34.8868 0.0000e+00
    456.000     1.2372     1.2362   3.022887   3.022888    305.121     0.1127     0.1005    865.566   78.93018   -3.56272    34.8864    34.8876 0.0000e+00
    457.000     1.2337     1.2326   3.022612   3.022601    305.377     0.1128     0.1017    866.611   78.93018   -3.56272    34.8862    34.8872 0.0000e+00
    458.000     1.2299     1.2292   3.022300   3.022330    305.352     0.1149     0.1008    867.652   78.93018   -3.56274    34.8858    34.8870 0.0000e+00
    459.000     1.2259     1.2253   3.021968   3.021994    305.213     0.1141     0.1015    868.703   78.93018   -3.56274    34.8855    34.8865 0.0000e+00
    460.000     1.2177     1.2175   3.021264   3.021315    305.035     0.1164     0.1025    869.750   78.93016   -3.56275    34.8850    34.8858 0.0000e+00
    461.000     1.1969     1.1969   3.019427   3.019486    304.743     0.1183     0.1025    870.799   78.93016   -3.56276    34.8840    34.8848 0.0000e+00
    462.000     1.1922     1.1916   3.019021   3.019051    304.421     0.1175     0.1023    871.852   78.93016   -3.56276    34.8835    34.8846 0.0000e+00
    463.000     1.1888     1.1876   3.018737   3.018697    304.390     0.1182     0.1027    872.896   78.93016   -3.56276    34.8831    34.8840 0.0000e+00
    464.000     1.1871     1.1858   3.018618   3.018597    304.466     0.1163     0.1018    873.942   78.93016   -3.56277    34.8828    34.8841 0.0000e+00
    465.000     1.1803     1.1812   3.018042   3.018179    303.973     0.1145     0.1020    874.995   78.93016   -3.56278    34.8824    34.8832 0.0000e+00
    466.000     1.1469     1.1499   3.015042   3.015355    304.661     0.1154     0.1028    876.044   78.93016   -3.56279    34.8806    34.8813 0.0000e+00
    467.000     1.1329     1.1323   3.013776   3.013802    304.532     0.1181     0.1030    877.094   78.93016   -3.56281    34.8795    34.8804 0.0000e+00
    468.000     1.1331     1.1318   3.013829   3.013798    304.485     0.1196     0.1021    878.148   78.93016   -3.56282    34.8793    34.8803 0.0000e+00
    469.000     1.1376     1.1364   3.014328   3.014305    304.077     0.1187     0.1027    879.191   78.93016   -3.56283    34.8801    34.8811 0.0000e+00
    470.000     1.1399     1.1394   3.014626   3.014664    303.979     0.1177     0.1028    880.241   78.93016   -3.56286    34.8808    34.8818 0.0000e+00
    471.000     1.1269     1.1275   3.013472   3.013596    303.977     0.1147     0.1028    881.287   78.93016   -3.56287    34.8799    34.8808 0.0000e+00
    472.000     1.1238     1.1229   3.013244   3.013241    303.612     0.1185     0.1023    882.329   78.93016   -3.56290    34.8798    34.8808 0.0000e+00
    473.000     1.1244     1.1230   3.013375   3.013324    303.513     0.1174     0.1024    883.364   78.93016   -3.56290    34.8803    34.8812 0.0000e+00
    474.000     1.1246     1.1240   3.013438   3.013488    303.936     0.1131     0.1028    884.415   78.93016   -3.56292    34.8803    34.8816 0.0000e+00
    475.000     1.1288     1.1273   3.013905   3.013853    303.806     0.1147     0.1027    885.458   78.93014   -3.56294    34.8810    34.8820 0.0000e+00
    476.000     1.1395     1.1367   3.015010   3.014839    303.551     0.1210     0.1021    886.513   78.93014   -3.56294    34.8826    34.8836 0.0000e+00
    477.000     1.1602     1.1569   3.017094   3.016881    303.405     0.1169     0.1007    887.575   78.93014   -3.56296    34.8858    34.8867 0.0000e+00
    478.000     1.1678     1.1660   3.017908   3.017839    304.301     0.1167     0.1021    888.638   78.93014   -3.56298    34.8872    34.8883 0.0000e+00
    479.000     1.1689     1.1673   3.018087   3.018043    304.458     0.1172     0.1029    889.705   78.93014   -3.56298    34.8877    34.8889 0.0000e+00
    480.000     1.1708     1.1696   3.018328   3.018313    304.744     0.1158     0.1030    890.762   78.93014   -3.56301    34.8881    34.8892 0.0000e+00
    481.000     1.1713     1.1700   3.018430   3.018407    305.235     0.1161     0.1029    891.811   78.93014   -3.56302    34.8882    34.8894 0.0000e+00
    482.000     1.1658     1.1666   3.017972   3.018141    305.207     0.1171     0.1022    892.850   78.93014   -3.56303    34.8879    34.8891 0.0000e+00
    483.000     1.1654     1.1637   3.017985   3.017919    304.847     0.1154     0.1029    893.888   78.93014   -3.56305    34.8879    34.8890 0.0000e+00
    484.000     1.1647     1.1634   3.017976   3.017950    304.861     0.1133     0.1022    894.923   78.93014   -3.56307    34.8881    34.8891 0.0000e+00
    485.000     1.1524     1.1540   3.016906   3.017116    305.109     0.1168     0.1024    895.966   78.93014   -3.56309    34.8874    34.8883 0.0000e+00
    486.000     1.1443     1.1437   3.016211   3.016239    305.052     0.1147     0.1034    897.006   78.93013   -3.56310    34.8870    34.8879 0.0000e+00
    487.000     1.1432     1.1418   3.016165   3.016113    305.072     0.1183     0.1026    898.056   78.93012   -3.56311    34.8870    34.8879 0.0000e+00
    488.000     1.1397     1.1389   3.015872   3.015885    305.120     0.1153     0.1009    899.108   78.93012   -3.56312    34.8866    34.8877 0.0000e+00
    489.000     1.1304     1.1310   3.015032   3.015176    304.763     0.1166     0.1024    900.171   78.93012   -3.56313    34.8856    34.8868 0.0000e+00
    490.000     1.1067     1.1066   3.012866   3.012926    304.640     0.1185     0.1041    901.241   78.93012   -3.56314    34.8836    34.8846 0.0000e+00
    491.000     1.0692     1.0726   3.009399   3.009743    305.032     0.1171     0.1041    902.307   78.93012   -3.56315    34.8803    34.8810 0.0000e+00
    492.000     1.0403     1.0400   3.006743   3.006786    304.760     0.1174     0.1040    903.366   78.93012   -3.56316    34.8778    34.8788 0.0000e+00
    493.000     1.0569     1.0493   3.008341   3.007739    303.695     0.1193     0.1031    904.427   78.93010   -3.56318    34.8794    34.8800 0.0000e+00
    494.000     1.0975     1.0882   3.012296   3.011567    303.178     0.1165     0.1041    905.475   78.93010   -3.56318    34.8843    34.8853 0.0000e+00
    495.000     1.1635     1.1611   3.018676   3.018546    302.704     0.1119     0.1042    906.523   78.93010   -3.56320    34.8920    34.8930 0.0000e+00
    496.000     1.1634     1.1627   3.018772   3.018813    303.309     0.1158     0.1033    907.574   78.93010   -3.56320    34.8927    34.8941 0.0000e+00
    497.000     1.1592     1.1584   3.018451   3.018477    304.527     0.1200     0.1039    908.628   78.93010   -3.56322    34.8928    34.8940 0.0000e+00
    498.000     1.1583     1.1571   3.018409   3.018397    305.829     0.1188     0.1027    909.681   78.93010   -3.56322    34.8927    34.8938 0.0000e+00
    499.000     1.1330     1.1399   3.016081   3.016742    306.658     0.1161     0.1025    910.735   78.93010   -3.56322    34.8904    34.8912 0.0000e+00
    500.000     1.0897     1.0896   3.012094   3.012170    306.689     0.1135     0.1024    911.790   78.93008   -3.56324    34.8869    34.8880 0.0000e+00
    501.000     1.0948     1.0933   3.012566   3.012531    305.116     0.1150     0.1024    912.854   78.93008   -3.56325    34.8867    34.8879 0.0000e+00
    502.000     1.0968     1.0949   3.012797   3.012710    304.711     0.1216     0.1032    913.904   78.93008   -3.56326    34.8869    34.8878 0.0000e+00
    503.000     1.0998     1.0985   3.013133   3.013118    304.726     0.1192     0.1042    914.964   78.93008   -3.56326    34.8873    34.8885 0.0000e+00
    504.000     1.1201     1.1162   3.015157   3.014889    304.575     0.1203     0.1043    916.017   78.93008   -3.56327    34.8900    34.8909 0.0000e+00
    505.000     1.1260     1.1239   3.015769   3.015668    304.656     0.1131     0.1050    917.072   78.93008   -3.56328    34.8907    34.8917 0.0000e+00
    506.000     1.1275     1.1250   3.015961   3.015833    305.169     0.1151     0.1031    918.128   78.93008   -3.56328    34.8909    34.8921 0.0000e+00
    507.000     1.1295     1.1279   3.016192   3.016153    304.783     0.1194     0.1041    919.184   78.93007   -3.56329    34.8911    34.8924 0.0000e+00
    508.000     1.1282     1.1271   3.016140   3.016129    304.659     0.1201     0.1031    920.260   78.93006   -3.56330    34.8913    34.8924 0.0000e+00
    509.000     1.1222     1.1213   3.015624   3.015634    305.142     0.1198     0.1040    921.339   78.93006   -3.56330    34.8908    34.8920 0.0000e+00
    510.000     1.1199     1.1193   3.015453   3.015491    305.429     0.1153     0.1032    922.395   78.93006   -3.56330    34.8906    34.8917 0.0000e+00
    511.000     1.1129     1.1128   3.014878   3.014954    305.387     0.1183     0.1027    923.472   78.93006   -3.56332    34.8905    34.8915 0.0000e+00
    512.000     1.1117     1.1103   3.014823   3.014790    305.213     0.1200     0.1021    924.523   78.93006   -3.56332    34.8905    34.8916 0.0000e+00
    513.000     1.1108     1.1105   3.014797   3.014858    305.246     0.1183     0.1009    925.581   78.93006   -3.56332    34.8906    34.8916 0.0000e+00
    514.000     1.0968     1.0969   3.013571   3.013666    304.979     0.1182     0.1003    926.615   78.93006   -3.56334    34.8898    34.8910 0.0000e+00
    515.000     1.0933     1.0927   3.013320   3.013349    304.782     0.1172     0.1011    927.655   78.93006   -3.56334    34.8900    34.8910 0.0000e+00
    516.000     1.0911     1.0903   3.013154   3.013175    304.835     0.1151     0.1022    928.701   78.93004   -3.56336    34.8898    34.8909 0.0000e+00
    517.000     1.0892     1.0881   3.013030   3.013017    305.603     0.1143     0.1030    929.756   78.93004   -3.56338    34.8897    34.8908 0.0000e+00
