test_project/cnv_files/002_bin.cnv
* Sea-Bird SBE 9 Data File:
* FileName = C:\Documents and Settings\ctd\Desktop\FS2022\data\002.hex
* Software Version Seasave V 7.21b
* Temperature SN = 2400
* Conductivity SN = 3447
* Number of Bytes Per Scan = 48
* Number of Voltage Words = 5
* Number of Scans Averaged by the Deck Unit = 1
* NMEA Latitude = 78 54.97 N
* NMEA Longitude = 000 59.32 W
* NMEA UTC (Time) = Sep 10 2022  18:56:12
* NMEA baud rate = 4800
** Cruise: FS 2022
** Ship: Silver Arctic
** Station (File Number):  002
** Latitude:
** Longitude:
** Echodepth (m):
** Seastate:
# nquan = 14
# nvalues = 2656                        
# units = specified
# name 0 = prDM: Pressure, Digiquartz [db]
# name 1 = t090C: Temperature [ITS-90, deg C]
# name 2 = t190C: Temperature, 2 [ITS-90, deg C]
# name 3 = c0S/m: Conductivity [S/m]
# name 4 = c1S/m: Conductivity, 2 [S/m]
# name 5 = sbox0Mm/Kg: Oxygen, SBE 43 [umol/kg]
# name 6 = wetCDOM: Fluorescence, WET Labs CDOM [mg/m^3]
# name 7 = wetCDOM1: Fluorescence, WET Labs CDOM, 2 [mg/m^3]
# name 8 = timeS: Time, Elapsed [seconds]
# name 9 = latitude: Latitude [deg]
# name 10 = longitude: Longitude [deg]
# name 11 = sal00: Salinity, Practical [PSU]
# name 12 = sal11: Salinity, Practical, 2 [PSU]
# name 13 = flag: flag
# span 0 =      3.000,   2658.000       
# span 1 =    -0.7144,     5.9978       
# span 2 =    -0.7163,     5.9950       
# span 3 =   2.665197,   3.403065       
# span 4 =   2.647698,   3.402919       
# span 5 =    294.143,    367.767       
# span 6 =     0.1063,     0.1404       
# span 7 =     0.0921,     0.1076       
# span 8 =    574.058,   3270.361       
# span 9 =   78.91516,   78.91592       
# span 10 =   -0.98584,   -0.98142      
# span 11 =    31.3555,    35.0546      
# span 12 =    31.2600,    35.0557      
# span 13 = 0.0000e+00, 0.0000e+00      
# interval = decibars: 1                
# start_time = Sep 10 2022 18:56:13 [NMEA time, first data scan]
# bad_flag = -9.990e-29
*END*
[from data line 723]
    726.000     0.5125     0.5108   2.973900   2.973887    314.798     0.1249     0.0992   1322.853   78.91562   -0.98256    34.9086    34.9103 0.0000e+00
    727.000     0.5122     0.5104   2.973924   2.973920    314.361     0.1251     0.0990   1323.873   78.91562   -0.98256    34.9086    34.9106 0.0000e+00
    728.000     0.5083     0.5063   2.973635   2.973619    314.272     0.1241     0.0997   1324.879   78.91562   -0.98256    34.9087    34.9107 0.0000e+00
    729.000     0.5022     0.5004   2.973164   2.973145    314.888     0.1224     0.1009   1325.881   78.91562   -0.98256    34.9088    34.9106 0.0000e+00
    730.000     0.4935     0.4915   2.972447   2.972418    315.551     0.1200     0.1014   1326.873   78.91562   -0.98256    34.9088    34.9106 0.0000e+00
    731.000     0.4894     0.4878   2.972116   2.972123    316.284     0.1228     0.1003   1327.859   78.91562   -0.98256    34.9085    34.9103 0.0000e+00
    732.000     0.4853     0.4838   2.971775   2.971791    316.061     0.1201     0.1003   1328.837   78.91562   -0.98255    34.9080    34.9100 0.0000e+00
    733.000     0.4786     0.4767   2.971245   2.971214    315.779     0.1213     0.1003   1329.818   78.91562   -0.98254    34.9080    34.9098 0.0000e+00
    734.000     0.4784     0.4766   2.971270   2.971250    315.482     0.1213     0.0995   1330.799   78.91562   -0.98254    34.9080    34.9098 0.0000e+00
    735.000     0.4761     0.4742   2.971104   2.971102    314.829     0.1214     0.0992   1331.786   78.91562   -0.98254    34.9079    34.9099 0.0000e+00
    736.000     0.4724     0.4704   2.970829   2.970788    314.641     0.1221     0.0997   1332.767   78.91562   -0.98254    34.9079    34.9096 0.0000e+00
    737.000     0.4673     0.4649   2.970410   2.970345    315.041     0.1223     0.1001   1333.750   78.91562   -0.98254    34.9076    34.9094 0.0000e+00
    738.000     0.4609     0.4589   2.969893   2.969871    315.095     0.1232     0.0991   1334.737   78.91562   -0.98254    34.9075    34.9094 0.0000e+00
    739.000     0.4569     0.4552   2.969580   2.969580    315.221     0.1232     0.0992   1335.734   78.91562   -0.98254    34.9073    34.9092 0.0000e+00
    740.000     0.4539     0.4521   2.969367   2.969359    315.442     0.1223     0.1004   1336.748   78.91562   -0.98254    34.9073    34.9092 0.0000e+00
    741.000     0.4525     0.4507   2.969286   2.969276    314.873     0.1268     0.1016   1337.773   78.91562   -0.98253    34.9073    34.9091 0.0000e+00
    742.000     0.4497     0.4480   2.969084   2.969081    314.533     0.1239     0.1026   1338.790   78.91562   -0.98252    34.9072    34.9091 0.0000e+00
    743.000     0.4468     0.4448   2.968880   2.968845    314.453     0.1249     0.1011   1339.792   78.91562   -0.98252    34.9072    34.9090 0.0000e+00
    744.000     0.4386     0.4374   2.968189   2.968232    315.036     0.1247     0.0997   1340.774   78.91562   -0.98252    34.9069    34.9088 0.0000e+00
    745.000     0.4330     0.4314   2.967724   2.967727    314.968     0.1220     0.0990   1341.741   78.91562   -0.98252    34.9065    34.9083 0.0000e+00
    746.000     0.4278     0.4263   2.967298   2.967312    314.114     0.1227     0.0993   1342.714   78.91562   -0.98252    34.9063    34.9081 0.0000e+00
    747.000     0.4254     0.4240   2.967145   2.967156    314.012     0.1256     0.0995   1343.691   78.91561   -0.98252    34.9063    34.9081 0.0000e+00
    748.000     0.4261     0.4246   2.967253   2.967262    314.717     0.1267     0.1014   1344.684   78.91560   -0.98252    34.9063    34.9082 0.0000e+00
    749.000     0.4213     0.4194   2.966868   2.966854    314.848     0.1228     0.1016   1345.685   78.91560   -0.98252    34.9062    34.9081 0.0000e+00
    750.000     0.4209     0.4192   2.966885   2.966875    314.225     0.1256     0.1017   1346.686   78.91560   -0.98252    34.9063    34.9080 0.0000e+00
    751.000     0.4146     0.4139   2.966308   2.966412    313.988     0.1253     0.1002   1347.691   78.91560   -0.98252    34.9052    34.9074 0.0000e+00
    752.000     0.3888     0.3879   2.963959   2.964027    314.022     0.1244     0.0991   1348.688   78.91560   -0.98250    34.9030    34.9050 0.0000e+00
    753.000     0.3772     0.3754   2.962971   2.962963    313.530     0.1240     0.0990   1349.685   78.91560   -0.98250    34.9026    34.9045 0.0000e+00
    754.000     0.3755     0.3737   2.962862   2.962854    313.399     0.1251     0.0995   1350.682   78.91560   -0.98250    34.9026    34.9045 0.0000e+00
    755.000     0.3748     0.3734   2.962896   2.962911    313.657     0.1299     0.1016   1351.674   78.91560   -0.98250    34.9032    34.9050 0.0000e+00
    756.000     0.3694     0.3676   2.962488   2.962480    313.758     0.1279     0.1018   1352.669   78.91560   -0.98250    34.9034    34.9052 0.0000e+00
    757.000     0.3630     0.3611   2.961970   2.961939    313.699     0.1259     0.1026   1353.652   78.91560   -0.98250    34.9032    34.9050 0.0000e+00
    758.000     0.3512     0.3493   2.960994   2.960974    313.455     0.1267     0.1020   1354.636   78.91560   -0.98250    34.9032    34.9051 0.0000e+00
    759.000     0.3455     0.3438   2.960530   2.960530    312.686     0.1261     0.1017   1355.616   78.91560   -0.98250    34.9030    34.9049 0.0000e+00
    760.000     0.3428     0.3412   2.960342   2.960353    313.092     0.1264     0.1016   1356.599   78.91560   -0.98250    34.9030    34.9049 0.0000e+00
    761.000     0.3414     0.3396   2.960279   2.960266    313.726     0.1263     0.1013   1357.593   78.91560   -0.98250    34.9031    34.9049 0.0000e+00
    762.000     0.3370     0.3355   2.959889   2.959896    313.720     0.1246     0.1002   1358.598   78.91560   -0.98250    34.9024    34.9042 0.0000e+00
    763.000     0.3260     0.3240   2.958957   2.958927    313.499     0.1236     0.1003   1359.608   78.91560   -0.98250    34.9021    34.9039 0.0000e+00
    764.000     0.3224     0.3206   2.958675   2.958656    313.305     0.1249     0.1004   1360.613   78.91560   -0.98250    34.9018    34.9036 0.0000e+00
    765.000     0.3197     0.3179   2.958482   2.958466    313.411     0.1205     0.1016   1361.598   78.91560   -0.98248    34.9017    34.9035 0.0000e+00
    766.000     0.3162     0.3143   2.958208   2.958189    313.472     0.1233     0.1003   1362.572   78.91560   -0.98248    34.9016    34.9035 0.0000e+00
    767.000     0.3104     0.3085   2.957718   2.957704    313.356     0.1227     0.1003   1363.537   78.91560   -0.98248    34.9011    34.9031 0.0000e+00
    768.000     0.3044     0.3026   2.957242   2.957228    312.935     0.1254     0.1018   1364.510   78.91560   -0.98248    34.9011    34.9028 0.0000e+00
    769.000     0.3030     0.3013   2.957170   2.957160    312.866     0.1256     0.1020   1365.488   78.91560   -0.98248    34.9011    34.9028 0.0000e+00
    770.000     0.3005     0.2989   2.956995   2.956993    312.667     0.1246     0.1025   1366.488   78.91560   -0.98248    34.9011    34.9029 0.0000e+00
    771.000     0.2972     0.2955   2.956741   2.956736    312.130     0.1272     0.1005   1367.506   78.91560   -0.98248    34.9009    34.9027 0.0000e+00
    772.000     0.2906     0.2888   2.956198   2.956196    311.888     0.1292     0.1005   1368.533   78.91560   -0.98248    34.9006    34.9026 0.0000e+00
    773.000     0.2849     0.2831   2.955751   2.955747    312.330     0.1270     0.1003   1369.558   78.91560   -0.98248    34.9006    34.9026 0.0000e+00
    774.000     0.2821     0.2802   2.955549   2.955526    312.958     0.1231     0.1020   1370.568   78.91560   -0.98248    34.9005    34.9024 0.0000e+00
    775.000     0.2785     0.2766   2.955278   2.955261    313.601     0.1278     0.1023   1371.559   78.91560   -0.98248    34.9005    34.9024 0.0000e+00
    776.000     0.2785     0.2769   2.955350   2.955357    313.274     0.1259     0.1020   1372.523   78.91560   -0.98248    34.9008    34.9027 0.0000e+00
    777.000     0.2791     0.2773   2.955457   2.955444    312.861     0.1257     0.1028   1373.472   78.91560   -0.98248    34.9010    34.9029 0.0000e+00
    778.000     0.2895     0.2885   2.956562   2.956582    312.907     0.1246     0.1018   1374.428   78.91560   -0.98248    34.9031    34.9045 0.0000e+00
    779.000     0.2978     0.2958   2.957351   2.957324    313.018     0.1225     0.1005   1375.394   78.91560   -0.98248    34.9036    34.9054 0.0000e+00
    780.000     0.2974     0.2957   2.957372   2.957362    312.700     0.1247     0.1014   1376.385   78.91560   -0.98248    34.9036    34.9055 0.0000e+00
    781.000     0.3001     0.2986   2.957716   2.957724    312.427     0.1251     0.1017   1377.408   78.91560   -0.98246    34.9046    34.9064 0.0000e+00
    782.000     0.3034     0.3018   2.958103   2.958099    312.654     0.1272     0.1018   1378.433   78.91560   -0.98246    34.9053    34.9071 0.0000e+00
    783.000     0.3037     0.3021   2.958179   2.958177    312.850     0.1263     0.1010   1379.451   78.91558   -0.98246    34.9054    34.9072 0.0000e+00
    784.000     0.3012     0.3003   2.957983   2.958046    313.381     0.1215     0.1003   1380.452   78.91558   -0.98246    34.9050    34.9069 0.0000e+00
    785.000     0.2870     0.2869   2.956717   2.956855    313.145     0.1227     0.1006   1381.439   78.91558   -0.98246    34.9039    34.9059 0.0000e+00
    786.000     0.2777     0.2776   2.955905   2.956060    312.792     0.1217     0.1017   1382.424   78.91558   -0.98246    34.9033    34.9054 0.0000e+00
    787.000     0.2747     0.2730   2.955684   2.955676    313.027     0.1222     0.1018   1383.402   78.91558   -0.98246    34.9031    34.9049 0.0000e+00
    788.000     0.2758     0.2746   2.955840   2.955863    312.985     0.1253     0.1016   1384.386   78.91558   -0.98246    34.9033    34.9050 0.0000e+00
    789.000     0.2733     0.2716   2.955648   2.955646    313.119     0.1263     0.1007   1385.375   78.91558   -0.98246    34.9031    34.9050 0.0000e+00
    790.000     0.2683     0.2666   2.955253   2.955253    312.726     0.1252     0.1004   1386.367   78.91558   -0.98246    34.9029    34.9049 0.0000e+00
    791.000     0.2599     0.2583   2.954545   2.954548    312.692     0.1272     0.0999   1387.354   78.91558   -0.98246    34.9025    34.9044 0.0000e+00
    792.000     0.2543     0.2525   2.954087   2.954084    312.435     0.1245     0.1004   1388.342   78.91558   -0.98246    34.9023    34.9043 0.0000e+00
    793.000     0.2525     0.2506   2.953971   2.953942    312.635     0.1263     0.1038   1389.331   78.91558   -0.98246    34.9022    34.9040 0.0000e+00
    794.000     0.2481     0.2463   2.953623   2.953600    312.923     0.1260     0.1017   1390.326   78.91558   -0.98246    34.9021    34.9038 0.0000e+00
    795.000     0.2471     0.2455   2.953595   2.953600    313.093     0.1259     0.1004   1391.323   78.91558   -0.98246    34.9023    34.9041 0.0000e+00
    796.000     0.2462     0.2448   2.953562   2.953594    313.191     0.1258     0.1023   1392.326   78.91558   -0.98246    34.9023    34.9042 0.0000e+00
    797.000     0.2473     0.2457   2.953750   2.953749    313.237     0.1224     0.1012   1393.333   78.91558   -0.98246    34.9028    34.9047 0.0000e+00
    798.000     0.2502     0.2486   2.954090   2.954093    312.811     0.1229     0.0998   1394.328   78.91558   -0.98244    34.9035    34.9053 0.0000e+00
    799.000     0.2498     0.2480   2.954084   2.954072    312.519     0.1247     0.0996   1395.312   78.91558   -0.98244    34.9033    34.9052 0.0000e+00
    800.000     0.2406     0.2388   2.953286   2.953269    312.772     0.1219     0.1002   1396.299   78.91558   -0.98244    34.9027    34.9045 0.0000e+00
    801.000     0.2321     0.2294   2.952554   2.952462    313.382     0.1220     0.1006   1397.278   78.91558   -0.98244    34.9020    34.9038 0.0000e+00
    802.000     0.2233     0.2217   2.951809   2.951803    313.477     0.1225     0.1025   1398.267   78.91558   -0.98244    34.9017    34.9033 0.0000e+00
    803.000     0.2217     0.2198   2.951722   2.951692    312.985     0.1232     0.1020   1399.258   78.91558   -0.98244    34.9017    34.9035 0.0000e+00
    804.000     0.2182     0.2155   2.951426   2.951326    312.949     0.1258     0.1006   1400.252   78.91558   -0.98244    34.9012    34.9029 0.0000e+00
    805.000     0.2012     0.1986   2.949915   2.949850    312.788     0.1282     0.1003   1401.240   78.91558   -0.98244    34.9000    34.9020 0.0000e+00
    806.000     0.2017     0.2000   2.950058   2.950045    312.427     0.1261     0.1002   1402.233   78.91558   -0.98244    34.9007    34.9024 0.0000e+00
    807.000     0.2061     0.2048   2.950530   2.950557    312.094     0.1226     0.1001   1403.219   78.91558   -0.98244    34.9014    34.9032 0.0000e+00
    808.000     0.2174     0.2158   2.951672   2.951666    312.054     0.1217     0.0994   1404.209   78.91558   -0.98244    34.9030    34.9047 0.0000e+00
    809.000     0.2158     0.2141   2.951592   2.951594    312.454     0.1234     0.1002   1405.204   78.91558   -0.98244    34.9032    34.9051 0.0000e+00
    810.000     0.2136     0.2118   2.951450   2.951440    312.213     0.1257     0.1003   1406.191   78.91558   -0.98244    34.9032    34.9051 0.0000e+00
    811.000     0.2095     0.2077   2.951166   2.951150    312.433     0.1249     0.1024   1407.181   78.91558   -0.98244    34.9036    34.9054 0.0000e+00
    812.000     0.2051     0.2033   2.950831   2.950815    313.234     0.1217     0.1022   1408.167   78.91558   -0.98244    34.9035    34.9054 0.0000e+00
    813.000     0.2008     0.1992   2.950509   2.950503    313.547     0.1228     0.1010   1409.155   78.91558   -0.98244    34.9035    34.9054 0.0000e+00
    814.000     0.1963     0.1947   2.950155   2.950150    313.587     0.1308     0.1003   1410.153   78.91558   -0.98244    34.9034    34.9051 0.0000e+00
    815.000     0.1870     0.1854   2.949371   2.949366    313.911     0.1287     0.1002   1411.158   78.91558   -0.98244    34.9030    34.9048 0.0000e+00
    816.000     0.1828     0.1813   2.949044   2.949055    313.868     0.1277     0.1003   1412.172   78.91558   -0.98244    34.9029    34.9048 0.0000e+00
    817.000     0.1813     0.1797   2.948950   2.948960    313.439     0.1294     0.1002   1413.183   78.91556   -0.98244    34.9028    34.9048 0.0000e+00
    818.000     0.1777     0.1754   2.948686   2.948627    313.287     0.1237     0.1005   1414.191   78.91556   -0.98244    34.9028    34.9047 0.0000e+00
    819.000     0.1721     0.1704   2.948243   2.948254    313.378     0.1241     0.1035   1415.186   78.91556   -0.98244    34.9028    34.9048 0.0000e+00
    820.000     0.1697     0.1681   2.948094   2.948104    312.906     0.1266     0.1023   1416.154   78.91556   -0.98244    34.9029    34.9048 0.0000e+00
    821.000     0.1685     0.1670   2.948032   2.948045    313.060     0.1281     0.1011   1417.107   78.91556   -0.98243    34.9029    34.9048 0.0000e+00
    822.000     0.1686     0.1669   2.948102   2.948091    313.539     0.1274     0.1007   1418.049   78.91556   -0.98242    34.9032    34.9050 0.0000e+00
    823.000     0.1668     0.1651   2.947993   2.947978    313.833     0.1246     0.1012   1418.998   78.91556   -0.98242    34.9031    34.9049 0.0000e+00
    824.000     0.1630     0.1612   2.947711   2.947689    313.977     0.1259     0.0992   1419.979   78.91556   -0.98242    34.9031    34.9049 0.0000e+00
    825.000     0.1602     0.1575   2.947506   2.947426    313.591     0.1318     0.1001   1420.995   78.91556   -0.98242    34.9031    34.9050 0.0000e+00
    826.000     0.1507     0.1489   2.946728   2.946703    313.784     0.1299     0.1015   1422.039   78.91556   -0.98242    34.9030    34.9047 0.0000e+00
    827.000     0.1494     0.1475   2.946639   2.946614    313.890     0.1231     0.1018   1423.090   78.91556   -0.98242    34.9027    34.9045 0.0000e+00
