test_project/cnv_files/002_bin.cnv
* Sea-Bird SBE 9 Data File:
* FileName = C:\Documents and Settings\ctd\Desktop\FS2022\data\002.hex
* Software Version Seasave V 7.21b
* Temperature SN = 2400
* Conductivity SN = 3447
* Number of Bytes Per Scan = 48
* Number of Voltage Words = 5
* Number of Scans Averaged by the Deck Unit = 1
* NMEA Latitude = 78 54.97 N
* NMEA Longitude = 000 59.32 W
* NMEA UTC (Time) = Sep 10 2022  18:56:12
* NMEA baud rate = 4800
** Cruise: FS 2022
** Ship: Silver Arctic
** Station (File Number):  002
** Latitude:
** Longitude:
** Echodepth (m):
** Seastate:
# nquan = 14
# nvalues = 2656                        
# units = specified
# name 0 = prDM: Pressure, Digiquartz [db]
# name 1 = t090C: Temperature [ITS-90, deg C]
# name 2 = t190C: Temperature, 2 [ITS-90, deg C]
# name 3 = c0S/m: Conductivity [S/m]
# name 4 = c1S/m: Conductivity, 2 [S/m]
# name 5 = sbox0Mm/Kg: Oxygen, SBE 43 [umol/kg]
# name 6 = wetCDOM: Fluorescence, WET Labs CDOM [mg/m^3]
# name 7 = wetCDOM1: Fluorescence, WET Labs CDOM, 2 [mg/m^3]
# name 8 = timeS: Time, Elapsed [seconds]
# name 9 = latitude: Latitude [deg]
# name 10 = longitude: Longitude [deg]
# name 11 = sal00: Salinity, Practical [PSU]
# name 12 = sal11: Salinity, Practical, 2 [PSU]
# name 13 = flag: flag
# span 0 =      3.000,   2658.000       
# span 1 =    -0.7144,     5.9978       
# span 2 =    -0.7163,     5.9950       
# span 3 =   2.665197,   3.403065       
# span 4 =   2.647698,   3.402919       
# span 5 =    294.143,    367.767       
# span 6 =     0.1063,     0.1404       
# span 7 =     0.0921,     0.1076       
# span 8 =    574.058,   3270.361       
# span 9 =   78.91516,   78.91592       
# span 10 =   -0.98584,   -0.98142      
# span 11 =    31.3555,    35.0546      
# span 12 =    31.2600,    35.0557      
# span 13 = 0.0000e+00, 0.0000e+00      
# interval = decibars: 1                
# start_time = Sep 10 2022 18:56:13 [NMEA time, first data scan]
# bad_flag = -9.990e-29
*END*
      3.000     0.4763     0.3487   2.665197   2.647698    355.564     0.1341     0.1076    574.058   78.91592   -0.98584    31.3555    31.2600 0.0000e+00
      4.000     1.2955     1.3748   2.781792   2.791115    367.767     0.1350     0.1076    577.697   78.91592   -0.98582    32.0094    32.0461 0.0000e+00
      5.000     2.0090     2.0689   2.879485   2.885123    364.247     0.1336     0.1067    581.109   78.91592   -0.98580    32.5051    32.5139 0.0000e+00
      6.000     2.2706     2.2680   2.918631   2.917544    362.274     0.1289     0.1023    583.911   78.91592   -0.98578    32.7224    32.7116 0.0000e+00
      7.000     2.3597     2.3714   2.932034   2.933711    360.268     0.1301     0.1038    586.377   78.91592   -0.98577    32.7959    32.8045 0.0000e+00
      8.000     2.3388     2.3147   2.928444   2.925210    359.718     0.1284     0.1024    588.887   78.91592   -0.98575    32.7724    32.7573 0.0000e+00
      9.000     2.3033     2.2941   2.923151   2.921603    357.641     0.1241     0.1022    591.239   78.91592   -0.98574    32.7429    32.7333 0.0000e+00
     10.000     2.4451     2.4190   2.944851   2.940777    356.732     0.1255     0.1050    593.372   78.91592   -0.98572    32.8643    32.8410 0.0000e+00
     11.000     2.4936     2.4982   2.952257   2.952776    355.425     0.1261     0.1045    595.366   78.91592   -0.98571    32.9049    32.9066 0.0000e+00
     12.000     2.6600     2.6562   2.977007   2.976538    352.579     0.1250     0.1030    597.398   78.91592   -0.98570    33.0368    33.0351 0.0000e+00
     13.000     2.8677     2.8661   3.003396   3.003254    350.378     0.1265     0.1023    599.434   78.91592   -0.98568    33.1444    33.1444 0.0000e+00
     14.000     3.0284     3.0296   3.024134   3.024441    351.140     0.1263     0.1027    601.420   78.91592   -0.98566    33.2307    33.2332 0.0000e+00
     15.000     3.1544     3.1493   3.038606   3.038441    348.497     0.1275     0.1035    603.426   78.91592   -0.98566    33.2757    33.2789 0.0000e+00
     16.000     3.4962     3.5002   3.078623   3.080886    345.700     0.1291     0.1019    605.510   78.91592   -0.98564    33.4048    33.4277 0.0000e+00
     17.000     3.9653     3.9533   3.143648   3.142803    345.747     0.1274     0.1020    607.591   78.91592   -0.98562    33.6982    33.7005 0.0000e+00
     18.000     4.1031     4.0910   3.167655   3.167371    340.344     0.1276     0.1017    609.601   78.91592   -0.98561    33.8398    33.8490 0.0000e+00
     19.000     3.9568     3.9556   3.179470   3.180479    337.745     0.1276     0.1050    611.586   78.91592   -0.98560    34.1304    34.1436 0.0000e+00
     20.000     4.9296     4.9217   3.284699   3.285060    330.378     0.1255     0.1034    613.685   78.91592   -0.98558    34.3558    34.3684 0.0000e+00
     21.000     4.9805     5.0289   3.293281   3.298860    329.384     0.1264     0.1024    615.854   78.91592   -0.98557    34.4023    34.4168 0.0000e+00
     22.000     5.9665     5.9562   3.397027   3.396736    320.562     0.1318     0.1029    617.939   78.91592   -0.98556    34.5755    34.5827 0.0000e+00
     23.000     5.9978     5.9950   3.403065   3.402919    328.559     0.1244     0.1023    620.007   78.91592   -0.98554    34.6114    34.6126 0.0000e+00
     24.000     5.9748     5.9741   3.401099   3.401119    311.617     0.1260     0.1015    622.140   78.91592   -0.98553    34.6123    34.6132 0.0000e+00
     25.000     5.8116     5.8194   3.384125   3.385415    314.635     0.1247     0.1016    624.368   78.91592   -0.98552    34.5867    34.5933 0.0000e+00
     26.000     5.8713     5.8632   3.392074   3.391065    313.054     0.1292     0.1025    626.805   78.91592   -0.98550    34.6150    34.6119 0.0000e+00
     27.000     5.0466     5.0337   3.308627   3.306434    318.939     0.1303     0.1046    628.747   78.91592   -0.98549    34.5082    34.4962 0.0000e+00
     28.000     4.1868     4.2818   3.222598   3.231901    315.467     0.1317     0.1062    630.164   78.91592   -0.98548    34.3967    34.4076 0.0000e+00
     29.000     3.1395     3.1621   3.120964   3.123131    317.946     0.1361     0.1070    631.676   78.91592   -0.98548    34.2831    34.2855 0.0000e+00
     30.000     2.2289     2.2109   3.034351   3.033245    320.319     0.1365     0.1069    633.180   78.91592   -0.98547    34.1898    34.1954 0.0000e+00
     31.000     1.9958     1.9965   3.013304   3.013626    320.293     0.1383     0.1064    634.532   78.91592   -0.98546    34.1780    34.1813 0.0000e+00
     32.000     1.9948     1.9873   3.015663   3.015443    323.871     0.1404     0.1070    635.747   78.91592   -0.98546    34.2081    34.2135 0.0000e+00
     33.000     2.2198     2.3277   3.042015   3.051851    327.692     0.1386     0.1069    636.766   78.91592   -0.98545    34.2923    34.2980 0.0000e+00
     34.000     3.9792     4.1210   3.217853   3.229741    314.900     0.1335     0.1067    637.700   78.91592   -0.98544    34.5560    34.5483 0.0000e+00
     35.000     4.2003     4.1954   3.239015   3.238835    326.979     0.1317     0.1028    638.601   78.91592   -0.98544    34.5740    34.5771 0.0000e+00
     36.000     4.1493     4.1475   3.235419   3.235484    339.158     0.1302     0.1026    639.569   78.91592   -0.98544    34.5847    34.5873 0.0000e+00
     37.000     4.0668     4.0579   3.227605   3.227329    329.480     0.1272     0.1018    640.617   78.91592   -0.98542    34.5783    34.5844 0.0000e+00
     38.000     3.6955     3.6867   3.193234   3.192837    320.942     0.1250     0.1024    641.685   78.91592   -0.98542    34.5605    34.5651 0.0000e+00
     39.000     3.5036     3.4886   3.175033   3.174002    314.945     0.1293     0.1026    642.737   78.91592   -0.98542    34.5451    34.5487 0.0000e+00
     40.000     3.1444     3.1186   3.141269   3.139491    313.995     0.1279     0.1026    643.781   78.91592   -0.98542    34.5188    34.5248 0.0000e+00
     41.000     2.8943     2.8914   3.118952   3.119036    313.255     0.1292     0.1033    644.850   78.91592   -0.98541    34.5140    34.5181 0.0000e+00
     42.000     2.9987     3.0061   3.131100   3.131651    309.234     0.1314     0.1045    645.956   78.91592   -0.98540    34.5497    34.5485 0.0000e+00
     43.000     3.3704     3.3667   3.169633   3.169219    307.956     0.1341     0.1039    647.112   78.91592   -0.98540    34.6198    34.6188 0.0000e+00
     44.000     3.1615     3.1619   3.150633   3.150970    315.932     0.1300     0.1028    648.316   78.91592   -0.98540    34.6123    34.6160 0.0000e+00
     45.000     3.1347     3.1347   3.149634   3.149802    315.583     0.1270     0.1036    649.544   78.91592   -0.98538    34.6284    34.6304 0.0000e+00
     46.000     3.2458     3.2523   3.161287   3.161976    311.990     0.1246     0.1040    650.732   78.91592   -0.98538    34.6503    34.6517 0.0000e+00
     47.000     3.3784     3.4017   3.175263   3.177848    309.869     0.1274     0.1024    651.871   78.91592   -0.98538    34.6771    34.6834 0.0000e+00
     48.000     3.6435     3.6488   3.204580   3.204723    308.657     0.1253     0.1007    652.979   78.91592   -0.98537    34.7462    34.7421 0.0000e+00
     49.000     4.4994     4.5426   3.293621   3.296963    303.110     0.1240     0.1009    654.053   78.91592   -0.98536    34.8946    34.8881 0.0000e+00
     50.000     4.9857     4.9657   3.343595   3.341372    305.014     0.1173     0.1003    655.098   78.91592   -0.98536    34.9657    34.9609 0.0000e+00
     51.000     5.0821     5.0659   3.354296   3.352421    310.018     0.1153     0.0984    656.137   78.91592   -0.98536    34.9880    34.9832 0.0000e+00
     52.000     5.2205     5.2347   3.368745   3.370332    303.216     0.1139     0.0970    657.182   78.91592   -0.98536    35.0094    35.0128 0.0000e+00
     53.000     5.4092     5.4166   3.388956   3.389580    296.559     0.1133     0.0960    658.208   78.91592   -0.98536    35.0439    35.0434 0.0000e+00
     54.000     5.4136     5.4106   3.389723   3.389505    295.831     0.1145     0.0975    659.214   78.91592   -0.98534    35.0476    35.0482 0.0000e+00
     55.000     5.3451     5.3410   3.382814   3.382570    296.160     0.1136     0.0955    660.196   78.91592   -0.98534    35.0394    35.0408 0.0000e+00
     56.000     5.2771     5.2755   3.376095   3.376050    295.043     0.1096     0.0969    661.182   78.91592   -0.98534    35.0326    35.0338 0.0000e+00
     57.000     5.2709     5.2702   3.375733   3.375736    294.511     0.1103     0.0976    662.176   78.91592   -0.98534    35.0345    35.0352 0.0000e+00
     58.000     5.3120     5.3125   3.380711   3.380771    294.143     0.1151     0.0962    663.193   78.91592   -0.98534    35.0483    35.0484 0.0000e+00
     59.000     5.3224     5.3203   3.382255   3.382159    294.519     0.1114     0.0941    664.211   78.91592   -0.98533    35.0546    35.0557 0.0000e+00
     60.000     5.2464     5.2322   3.374366   3.373081    296.141     0.1117     0.0939    665.226   78.91592   -0.98532    35.0428    35.0428 0.0000e+00
     61.000     5.0900     5.0739   3.358325   3.356978    297.206     0.1078     0.0952    666.224   78.91592   -0.98532    35.0210    35.0223 0.0000e+00
     62.000     4.9426     4.9316   3.343624   3.342851    297.093     0.1108     0.0953    667.195   78.91592   -0.98532    35.0050    35.0075 0.0000e+00
     63.000     4.9140     4.9129   3.341147   3.341195    295.981     0.1135     0.0953    668.145   78.91592   -0.98532    35.0058    35.0075 0.0000e+00
     64.000     4.9087     4.9069   3.340597   3.340612    294.842     0.1126     0.0975    669.099   78.91592   -0.98531    35.0044    35.0065 0.0000e+00
     65.000     4.8970     4.8954   3.339514   3.339509    295.614     0.1146     0.0960    670.067   78.91592   -0.98530    35.0035    35.0052 0.0000e+00
     66.000     4.8424     4.8373   3.333568   3.333403    297.373     0.1102     0.0953    671.056   78.91592   -0.98530    34.9913    34.9948 0.0000e+00
     67.000     4.6121     4.6041   3.310616   3.310382    299.150     0.1128     0.0960    672.059   78.91592   -0.98530    34.9656    34.9714 0.0000e+00
     68.000     4.5596     4.5530   3.305993   3.305559    298.091     0.1140     0.0970    673.062   78.91592   -0.98530    34.9664    34.9683 0.0000e+00
     69.000     4.4568     4.4512   3.296217   3.295990    298.041     0.1127     0.0970    674.046   78.91592   -0.98530    34.9598    34.9630 0.0000e+00
     70.000     4.4636     4.4601   3.297361   3.297168    297.812     0.1134     0.0977    675.020   78.91592   -0.98529    34.9655    34.9669 0.0000e+00
     71.000     4.4908     4.4894   3.300487   3.300527    297.525     0.1129     0.0989    675.969   78.91592   -0.98528    34.9729    34.9749 0.0000e+00
     72.000     4.3241     4.2984   3.283180   3.281633    300.181     0.1111     0.0976    676.913   78.91592   -0.98528    34.9450    34.9540 0.0000e+00
     73.000     4.0606     4.0590   3.258707   3.258849    302.483     0.1149     0.0970    677.872   78.91592   -0.98528    34.9350    34.9384 0.0000e+00
     74.000     4.0592     4.0493   3.258515   3.257646    298.576     0.1223     0.0977    678.856   78.91592   -0.98528    34.9337    34.9339 0.0000e+00
     75.000     4.0007     3.9917   3.252563   3.251865    298.009     0.1181     0.0986    679.867   78.91592   -0.98528    34.9247    34.9259 0.0000e+00
     76.000     3.9482     3.9394   3.247220   3.246694    300.755     0.1187     0.0972    680.900   78.91592   -0.98528    34.9165    34.9195 0.0000e+00
     77.000     3.8899     3.8888   3.241910   3.242068    302.216     0.1194     0.0979    681.927   78.91592   -0.98527    34.9147    34.9178 0.0000e+00
     78.000     3.9645     3.9677   3.250268   3.250689    301.508     0.1186     0.0988    682.936   78.91592   -0.98526    34.9342    34.9358 0.0000e+00
     79.000     4.0307     4.0346   3.257462   3.257979    301.518     0.1175     0.0973    683.930   78.91592   -0.98526    34.9487    34.9508 0.0000e+00
     80.000     4.0817     4.0799   3.262864   3.262893    302.135     0.1166     0.0971    684.918   78.91592   -0.98526    34.9581    34.9603 0.0000e+00
     81.000     4.0445     4.0424   3.259347   3.259375    302.823     0.1158     0.0971    685.905   78.91592   -0.98526    34.9554    34.9579 0.0000e+00
     82.000     4.0044     4.0016   3.255268   3.255259    302.647     0.1165     0.0974    686.899   78.91592   -0.98526    34.9491    34.9520 0.0000e+00
     83.000     3.8914     3.8839   3.243997   3.243675    302.974     0.1123     0.0976    687.909   78.91592   -0.98526    34.9347    34.9390 0.0000e+00
     84.000     3.8083     3.8049   3.236511   3.236398    303.169     0.1156     0.0972    688.921   78.91592   -0.98525    34.9337    34.9359 0.0000e+00
     85.000     3.8295     3.8276   3.238992   3.238975    301.246     0.1176     0.0979    689.921   78.91592   -0.98524    34.9401    34.9419 0.0000e+00
     86.000     3.8442     3.8438   3.240900   3.241083    300.726     0.1166     0.0990    690.910   78.91592   -0.98524    34.9465    34.9492 0.0000e+00
     87.000     3.8814     3.8820   3.245362   3.245596    301.661     0.1184     0.0974    691.880   78.91592   -0.98524    34.9596    34.9617 0.0000e+00
     88.000     3.8983     3.8976   3.247291   3.247399    302.382     0.1183     0.0960    692.842   78.91592   -0.98524    34.9640    34.9661 0.0000e+00
     89.000     3.9008     3.8993   3.247704   3.247743    302.719     0.1153     0.0963    693.819   78.91592   -0.98524    34.9657    34.9678 0.0000e+00
     90.000     3.9002     3.8990   3.247854   3.247929    303.452     0.1175     0.0973    694.809   78.91592   -0.98524    34.9676    34.9697 0.0000e+00
     91.000     3.9058     3.9040   3.248575   3.248612    303.616     0.1196     0.0979    695.814   78.91591   -0.98524    34.9697    34.9720 0.0000e+00
     92.000     3.9296     3.9322   3.251438   3.251806    303.652     0.1136     0.0978    696.837   78.91590   -0.98523    34.9778    34.9794 0.0000e+00
     93.000     3.9642     3.9589   3.254917   3.254597    303.159     0.1163     0.0971    697.865   78.91590   -0.98522    34.9818    34.9836 0.0000e+00
     94.000     3.8739     3.8578   3.245988   3.244711    304.372     0.1097     0.0971    698.886   78.91590   -0.98522    34.9712    34.9732 0.0000e+00
     95.000     3.7830     3.7770   3.237183   3.236817    304.692     0.1185     0.0970    699.882   78.91590   -0.98522    34.9627    34.9647 0.0000e+00
     96.000     3.7107     3.7065   3.230159   3.230037    303.997     0.1194     0.0985    700.858   78.91590   -0.98522    34.9555    34.9585 0.0000e+00
     97.000     3.6991     3.6981   3.229197   3.229307    303.338     0.1167     0.0984    701.828   78.91590   -0.98522    34.9558    34.9582 0.0000e+00
     98.000     3.7162     3.7156   3.231105   3.231184    303.245     0.1143     0.0975    702.805   78.91590   -0.98522    34.9598    34.9613 0.0000e+00
     99.000     3.7227     3.7163   3.231805   3.231364    303.307     0.1110     0.0971    703.792   78.91590   -0.98522    34.9607    34.9622 0.0000e+00
    100.000     3.7175     3.7211   3.231644   3.232181    303.706     0.1137     0.0973    704.798   78.91590   -0.98522    34.9637    34.9663 0.0000e+00
    101.000     3.7797     3.7798   3.238072   3.238127    303.666     0.1168     0.0979    705.811   78.91590   -0.98521    34.9736    34.9741 0.0000e+00
    102.000     3.7944     3.7947   3.239488   3.239771    304.415     0.1172     0.0979    706.825   78.91590   -0.98520    34.9742    34.9773 0.0000e+00
    103.000     3.9531     3.9707   3.256592   3.258257    304.169     0.1172     0.0973    707.829   78.91590   -0.98520    35.0081    35.0092 0.0000e+00
    104.000     4.0376     4.0401   3.264713   3.265085    304.144     0.1162     0.0977    708.823   78.91590   -0.98520    35.0140    35.0157 0.0000e+00
    105.000     4.0468     4.0461   3.265744   3.265823    305.158     0.1152     0.0976    709.811   78.91590   -0.98520    35.0159    35.0176 0.0000e+00
