test_project/cnv_files/002_bin.cnv
* Sea-Bird SBE 9 Data File:
* FileName = C:\Documents and Settings\ctd\Desktop\FS2022\data\002.hex
* Software Version Seasave V 7.21b
* Temperature SN = 2400
* Conductivity SN = 3447
* Number of Bytes Per Scan = 48
* Number of Voltage Words = 5
* Number of Scans Averaged by the Deck Unit = 1
* NMEA Latitude = 78 54.97 N
* NMEA Longitude = 000 59.32 W
* NMEA UTC (Time) = Sep 10 2022  18:56:12
* NMEA baud rate = 4800
** Cruise: FS 2022
** Ship: Silver Arctic
** Station (File Number):  002
** Latitude:
** Longitude:
** Echodepth (m):
** Seastate:
# nquan = 14
# nvalues = 2656                        
# units = specified
# name 0 = prDM: Pressure, Digiquartz [db]
# name 1 = t090C: Temperature [ITS-90, deg C]
# name 2 = t190C: Temperature, 2 [ITS-90, deg C]
# name 3 = c0S/m: Conductivity [S/m]
# name 4 = c1S/m: Conductivity, 2 [S/m]
# name 5 = sbox0Mm/Kg: Oxygen, SBE 43 [umol/kg]
# name 6 = wetCDOM: Fluorescence, WET Labs CDOM [mg/m^3]
# name 7 = wetCDOM1: Fluorescence, WET Labs CDOM, 2 [mg/m^3]
# name 8 = timeS: Time, Elapsed [seconds]
# name 9 = latitude: Latitude [deg]
# name 10 = longitude: Longitude [deg]
# name 11 = sal00: Salinity, Practical [PSU]
# name 12 = sal11: Salinity, Practical, 2 [PSU]
# name 13 = flag: flag
# span 0 =      3.000,   2658.000       
# span 1 =    -0.7144,     5.9978       
# span 2 =    -0.7163,     5.9950       
# span 3 =   2.665197,   3.403065       
# span 4 =   2.647698,   3.402919       
# span 5 =    294.143,    367.767       
# span 6 =     0.1063,     0.1404       
# span 7 =     0.0921,     0.1076       
# span 8 =    574.058,   3270.361       
# span 9 =   78.91516,   78.91592       
# span 10 =   -0.98584,   -0.98142      
# span 11 =    31.3555,    35.0546      
# span 12 =    31.2600,    35.0557      
# span 13 = 0.0000e+00, 0.0000e+00      
# interval = decibars: 1                
# start_time = Sep 10 2022 18:56:13 [NMEA time, first data scan]
# bad_flag = -9.990e-29
*END*
[from data line 1239]
   1242.000    -0.3578    -0.3595   2.921665   2.921674    311.362     0.1276     0.1034   1836.558   78.91540   -0.98242    34.9089    34.9110 0.0000e+00
   1243.000    -0.3581    -0.3598   2.921684   2.921692    311.395     0.1234     0.1028   1837.546   78.91540   -0.98242    34.9089    34.9110 0.0000e+00
   1244.000    -0.3586    -0.3603   2.921682   2.921694    311.380     0.1233     0.1026   1838.531   78.91540   -0.98242    34.9089    34.9110 0.0000e+00
   1245.000    -0.3604    -0.3622   2.921564   2.921579    311.522     0.1260     0.1017   1839.525   78.91540   -0.98242    34.9088    34.9110 0.0000e+00
   1246.000    -0.3633    -0.3650   2.921368   2.921388    311.478     0.1260     0.1017   1840.529   78.91540   -0.98242    34.9090    34.9111 0.0000e+00
   1247.000    -0.3644    -0.3660   2.921313   2.921331    311.214     0.1225     0.1024   1841.546   78.91540   -0.98242    34.9088    34.9110 0.0000e+00
   1248.000    -0.3651    -0.3668   2.921303   2.921312    311.468     0.1232     0.1004   1842.581   78.91540   -0.98242    34.9090    34.9110 0.0000e+00
   1249.000    -0.3653    -0.3670   2.921319   2.921330    311.136     0.1273     0.1002   1843.620   78.91540   -0.98242    34.9089    34.9110 0.0000e+00
   1250.000    -0.3658    -0.3675   2.921323   2.921341    311.520     0.1286     0.1003   1844.672   78.91540   -0.98242    34.9090    34.9111 0.0000e+00
   1251.000    -0.3666    -0.3683   2.921306   2.921324    311.813     0.1276     0.1024   1845.717   78.91540   -0.98242    34.9091    34.9111 0.0000e+00
   1252.000    -0.3670    -0.3687   2.921307   2.921321    311.524     0.1306     0.1028   1846.743   78.91540   -0.98242    34.9089    34.9111 0.0000e+00
   1253.000    -0.3682    -0.3699   2.921251   2.921276    310.929     0.1311     0.1023   1847.741   78.91540   -0.98242    34.9090    34.9112 0.0000e+00
   1254.000    -0.3693    -0.3710   2.921210   2.921227    310.428     0.1295     0.1017   1848.735   78.91540   -0.98242    34.9091    34.9112 0.0000e+00
   1255.000    -0.3702    -0.3719   2.921178   2.921185    311.213     0.1266     0.1014   1849.735   78.91540   -0.98242    34.9091    34.9111 0.0000e+00
   1256.000    -0.3703    -0.3721   2.921201   2.921209    311.977     0.1258     0.1001   1850.748   78.91540   -0.98242    34.9090    34.9112 0.0000e+00
   1257.000    -0.3712    -0.3728   2.921172   2.921196    312.425     0.1257     0.1004   1851.785   78.91540   -0.98242    34.9091    34.9111 0.0000e+00
   1258.000    -0.3716    -0.3732   2.921171   2.921198    311.844     0.1246     0.1019   1852.843   78.91540   -0.98242    34.9089    34.9111 0.0000e+00
   1259.000    -0.3719    -0.3737   2.921192   2.921202    311.369     0.1300     0.1026   1853.899   78.91540   -0.98242    34.9090    34.9111 0.0000e+00
   1260.000    -0.3720    -0.3737   2.921224   2.921242    311.457     0.1265     0.1020   1854.940   78.91540   -0.98242    34.9090    34.9111 0.0000e+00
   1261.000    -0.3725    -0.3740   2.921232   2.921265    312.110     0.1271     0.1017   1855.957   78.91540   -0.98242    34.9090    34.9112 0.0000e+00
   1262.000    -0.3740    -0.3753   2.921144   2.921190    312.133     0.1250     0.1016   1856.953   78.91540   -0.98242    34.9090    34.9111 0.0000e+00
   1263.000    -0.3745    -0.3761   2.921146   2.921171    311.825     0.1262     0.1016   1857.936   78.91540   -0.98242    34.9090    34.9111 0.0000e+00
   1264.000    -0.3754    -0.3773   2.921110   2.921114    311.495     0.1297     0.1011   1858.920   78.91540   -0.98242    34.9090    34.9112 0.0000e+00
   1265.000    -0.3761    -0.3779   2.921102   2.921113    311.715     0.1276     0.1005   1859.912   78.91540   -0.98242    34.9092    34.9113 0.0000e+00
   1266.000    -0.3763    -0.3780   2.921122   2.921141    311.867     0.1271     0.1014   1860.916   78.91540   -0.98242    34.9090    34.9112 0.0000e+00
   1267.000    -0.3769    -0.3785   2.921121   2.921140    311.596     0.1279     0.1004   1861.948   78.91540   -0.98242    34.9091    34.9113 0.0000e+00
   1268.000    -0.3772    -0.3789   2.921142   2.921159    311.369     0.1265     0.1015   1862.983   78.91540   -0.98242    34.9092    34.9114 0.0000e+00
   1269.000    -0.3773    -0.3790   2.921170   2.921186    310.877     0.1295     0.1005   1863.985   78.91540   -0.98242    34.9091    34.9113 0.0000e+00
   1270.000    -0.3773    -0.3790   2.921220   2.921235    310.902     0.1281     0.1019   1864.894   78.91540   -0.98242    34.9092    34.9114 0.0000e+00
   1271.000    -0.3774    -0.3790   2.921258   2.921272    310.927     0.1280     0.1033   1865.757   78.91540   -0.98242    34.9093    34.9113 0.0000e+00
   1272.000    -0.3775    -0.3791   2.921295   2.921301    310.992     0.1269     0.1039   1866.609   78.91540   -0.98242    34.9093    34.9112 0.0000e+00
   1273.000    -0.3776    -0.3793   2.921313   2.921328    310.725     0.1261     0.1031   1867.446   78.91540   -0.98242    34.9091    34.9113 0.0000e+00
   1274.000    -0.3779    -0.3797   2.921326   2.921346    311.094     0.1280     0.1022   1868.279   78.91540   -0.98242    34.9091    34.9113 0.0000e+00
   1275.000    -0.3782    -0.3800   2.921354   2.921356    311.288     0.1300     0.1013   1869.184   78.91540   -0.98242    34.9092    34.9112 0.0000e+00
   1276.000    -0.3787    -0.3805   2.921346   2.921355    311.253     0.1269     0.1008   1870.171   78.91540   -0.98242    34.9091    34.9113 0.0000e+00
   1277.000    -0.3793    -0.3811   2.921335   2.921348    310.703     0.1263     0.1027   1871.191   78.91540   -0.98242    34.9090    34.9112 0.0000e+00
   1278.000    -0.3799    -0.3816   2.921326   2.921346    310.069     0.1275     0.1019   1872.207   78.91540   -0.98242    34.9090    34.9112 0.0000e+00
   1279.000    -0.3808    -0.3825   2.921281   2.921311    309.922     0.1290     0.1039   1873.213   78.91540   -0.98242    34.9090    34.9112 0.0000e+00
   1280.000    -0.3815    -0.3832   2.921283   2.921294    310.085     0.1292     0.1021   1874.212   78.91540   -0.98242    34.9091    34.9112 0.0000e+00
   1281.000    -0.3822    -0.3838   2.921271   2.921286    310.546     0.1267     0.1023   1875.208   78.91540   -0.98242    34.9092    34.9113 0.0000e+00
   1282.000    -0.3827    -0.3844   2.921266   2.921275    310.509     0.1258     0.1023   1876.199   78.91540   -0.98242    34.9092    34.9112 0.0000e+00
   1283.000    -0.3833    -0.3850   2.921254   2.921271    310.450     0.1278     0.1022   1877.195   78.91540   -0.98242    34.9091    34.9113 0.0000e+00
   1284.000    -0.3839    -0.3856   2.921248   2.921270    310.818     0.1291     0.1032   1878.207   78.91540   -0.98242    34.9092    34.9113 0.0000e+00
   1285.000    -0.3843    -0.3861   2.921254   2.921271    310.893     0.1293     0.1036   1879.226   78.91540   -0.98242    34.9091    34.9114 0.0000e+00
   1286.000    -0.3843    -0.3860   2.921298   2.921316    310.525     0.1317     0.1017   1880.248   78.91540   -0.98242    34.9091    34.9113 0.0000e+00
   1287.000    -0.3844    -0.3860   2.921336   2.921362    310.554     0.1296     0.1017   1881.261   78.91540   -0.98242    34.9092    34.9114 0.0000e+00
   1288.000    -0.3844    -0.3863   2.921366   2.921391    310.087     0.1268     0.1027   1882.263   78.91540   -0.98242    34.9091    34.9115 0.0000e+00
   1289.000    -0.3849    -0.3866   2.921393   2.921401    310.913     0.1288     0.1009   1883.254   78.91540   -0.98242    34.9093    34.9114 0.0000e+00
   1290.000    -0.3855    -0.3872   2.921379   2.921389    311.392     0.1327     0.1003   1884.241   78.91540   -0.98242    34.9093    34.9114 0.0000e+00
   1291.000    -0.3859    -0.3877   2.921382   2.921392    311.186     0.1314     0.1002   1885.239   78.91540   -0.98242    34.9093    34.9114 0.0000e+00
   1292.000    -0.3862    -0.3879   2.921400   2.921414    311.049     0.1280     0.1007   1886.234   78.91540   -0.98242    34.9093    34.9113 0.0000e+00
   1293.000    -0.3875    -0.3892   2.921336   2.921345    310.520     0.1270     0.1018   1887.238   78.91540   -0.98242    34.9093    34.9113 0.0000e+00
   1294.000    -0.3885    -0.3903   2.921292   2.921302    310.289     0.1319     0.1018   1888.250   78.91540   -0.98242    34.9093    34.9114 0.0000e+00
   1295.000    -0.3891    -0.3909   2.921289   2.921298    309.881     0.1325     0.1016   1889.264   78.91540   -0.98242    34.9094    34.9115 0.0000e+00
   1296.000    -0.3904    -0.3923   2.921212   2.921216    309.711     0.1299     0.1037   1890.271   78.91540   -0.98242    34.9092    34.9114 0.0000e+00
   1297.000    -0.3933    -0.3951   2.921016   2.921027    309.696     0.1279     0.1040   1891.275   78.91540   -0.98242    34.9094    34.9116 0.0000e+00
   1298.000    -0.3937    -0.3955   2.921017   2.921036    309.956     0.1269     0.1041   1892.276   78.91540   -0.98242    34.9093    34.9115 0.0000e+00
   1299.000    -0.3943    -0.3960   2.921007   2.921023    309.923     0.1276     0.1029   1893.269   78.91540   -0.98242    34.9093    34.9114 0.0000e+00
   1300.000    -0.3952    -0.3969   2.920983   2.921002    310.135     0.1310     0.1022   1894.264   78.91540   -0.98242    34.9093    34.9115 0.0000e+00
   1301.000    -0.3972    -0.3990   2.920852   2.920858    310.478     0.1307     0.1019   1895.264   78.91540   -0.98242    34.9093    34.9115 0.0000e+00
   1302.000    -0.4005    -0.4023   2.920618   2.920612    310.469     0.1255     0.0996   1896.274   78.91540   -0.98242    34.9094    34.9114 0.0000e+00
   1303.000    -0.4012    -0.4031   2.920586   2.920597    310.436     0.1270     0.1026   1897.299   78.91540   -0.98242    34.9093    34.9115 0.0000e+00
   1304.000    -0.4023    -0.4040   2.920549   2.920570    310.003     0.1283     0.1030   1898.323   78.91540   -0.98242    34.9094    34.9116 0.0000e+00
   1305.000    -0.4026    -0.4044   2.920565   2.920569    309.757     0.1278     0.1037   1899.342   78.91540   -0.98242    34.9094    34.9115 0.0000e+00
   1306.000    -0.4031    -0.4048   2.920563   2.920590    309.636     0.1286     0.1025   1900.350   78.91540   -0.98242    34.9093    34.9116 0.0000e+00
   1307.000    -0.4033    -0.4051   2.920594   2.920607    309.913     0.1295     0.1017   1901.338   78.91540   -0.98244    34.9094    34.9117 0.0000e+00
   1308.000    -0.4035    -0.4052   2.920615   2.920635    310.323     0.1282     0.1022   1902.314   78.91540   -0.98244    34.9094    34.9116 0.0000e+00
   1309.000    -0.4040    -0.4055   2.920619   2.920647    310.581     0.1260     0.1028   1903.293   78.91540   -0.98244    34.9094    34.9115 0.0000e+00
   1310.000    -0.4040    -0.4060   2.920659   2.920658    310.774     0.1316     0.1025   1904.276   78.91540   -0.98244    34.9095    34.9117 0.0000e+00
   1311.000    -0.4054    -0.4072   2.920582   2.920595    310.752     0.1278     0.1018   1905.274   78.91540   -0.98244    34.9094    34.9116 0.0000e+00
   1312.000    -0.4079    -0.4095   2.920416   2.920437    310.052     0.1273     0.1016   1906.295   78.91540   -0.98244    34.9094    34.9116 0.0000e+00
   1313.000    -0.4083    -0.4101   2.920414   2.920441    310.087     0.1291     0.1026   1907.331   78.91540   -0.98244    34.9094    34.9117 0.0000e+00
   1314.000    -0.4087    -0.4104   2.920429   2.920451    310.117     0.1273     0.1026   1908.364   78.91540   -0.98244    34.9094    34.9116 0.0000e+00
   1315.000    -0.4104    -0.4121   2.920342   2.920363    310.103     0.1263     0.1020   1909.374   78.91540   -0.98244    34.9096    34.9118 0.0000e+00
   1316.000    -0.4117    -0.4134   2.920273   2.920271    309.854     0.1279     0.1029   1910.373   78.91540   -0.98244    34.9096    34.9116 0.0000e+00
   1317.000    -0.4127    -0.4143   2.920224   2.920261    310.234     0.1277     0.1027   1911.358   78.91540   -0.98244    34.9095    34.9118 0.0000e+00
   1318.000    -0.4138    -0.4155   2.920171   2.920196    310.128     0.1242     0.1003   1912.344   78.91540   -0.98244    34.9095    34.9117 0.0000e+00
   1319.000    -0.4149    -0.4167   2.920119   2.920131    309.674     0.1266     0.1002   1913.345   78.91540   -0.98244    34.9095    34.9116 0.0000e+00
   1320.000    -0.4158    -0.4174   2.920087   2.920108    308.838     0.1295     0.1002   1914.362   78.91540   -0.98244    34.9095    34.9117 0.0000e+00
   1321.000    -0.4161    -0.4178   2.920108   2.920119    309.430     0.1310     0.1015   1915.382   78.91540   -0.98244    34.9095    34.9116 0.0000e+00
   1322.000    -0.4163    -0.4180   2.920129   2.920143    310.167     0.1296     0.1026   1916.390   78.91540   -0.98244    34.9096    34.9117 0.0000e+00
   1323.000    -0.4165    -0.4183   2.920149   2.920162    310.360     0.1252     0.1028   1917.387   78.91540   -0.98244    34.9095    34.9117 0.0000e+00
   1324.000    -0.4165    -0.4183   2.920194   2.920207    310.220     0.1273     0.1027   1918.377   78.91540   -0.98244    34.9095    34.9117 0.0000e+00
   1325.000    -0.4166    -0.4184   2.920226   2.920240    309.849     0.1308     0.1029   1919.355   78.91540   -0.98244    34.9094    34.9116 0.0000e+00
   1326.000    -0.4165    -0.4183   2.920275   2.920296    309.500     0.1297     0.1025   1920.341   78.91540   -0.98244    34.9094    34.9118 0.0000e+00
   1327.000    -0.4167    -0.4184   2.920305   2.920315    309.839     0.1256     0.1018   1921.343   78.91540   -0.98244    34.9095    34.9116 0.0000e+00
   1328.000    -0.4172    -0.4189   2.920308   2.920318    309.622     0.1272     0.1025   1922.368   78.91540   -0.98244    34.9095    34.9116 0.0000e+00
   1329.000    -0.4185    -0.4203   2.920230   2.920249    309.592     0.1261     0.1004   1923.399   78.91540   -0.98244    34.9094    34.9117 0.0000e+00
   1330.000    -0.4191    -0.4209   2.920218   2.920230    310.059     0.1235     0.1024   1924.423   78.91540   -0.98244    34.9094    34.9115 0.0000e+00
   1331.000    -0.4207    -0.4225   2.920124   2.920134    310.124     0.1323     0.1019   1925.427   78.91540   -0.98244    34.9094    34.9115 0.0000e+00
   1332.000    -0.4221    -0.4238   2.920048   2.920073    309.688     0.1307     0.1024   1926.423   78.91540   -0.98244    34.9094    34.9116 0.0000e+00
   1333.000    -0.4225    -0.4242   2.920053   2.920076    309.083     0.1267     0.1035   1927.406   78.91540   -0.98244    34.9094    34.9116 0.0000e+00
   1334.000    -0.4230    -0.4248   2.920049   2.920071    309.094     0.1259     0.1041   1928.394   78.91540   -0.98244    34.9093    34.9116 0.0000e+00
   1335.000    -0.4240    -0.4256   2.920018   2.920038    309.453     0.1261     0.1035   1929.397   78.91540   -0.98244    34.9094    34.9116 0.0000e+00
   1336.000    -0.4246    -0.4264   2.919991   2.920006    309.810     0.1242     0.1017   1930.415   78.91540   -0.98244    34.9092    34.9115 0.0000e+00
   1337.000    -0.4251    -0.4268   2.919998   2.920021    309.876     0.1224     0.1005   1931.445   78.91538   -0.98244    34.9093    34.9115 0.0000e+00
   1338.000    -0.4263    -0.4279   2.919938   2.919971    310.186     0.1255     0.1024   1932.461   78.91538   -0.98244    34.9092    34.9115 0.0000e+00
   1339.000    -0.4286    -0.4303   2.919780   2.919803    310.308     0.1283     0.0997   1933.454   78.91538   -0.98244    34.9093    34.9115 0.0000e+00
   1340.000    -0.4298    -0.4315   2.919725   2.919752    310.151     0.1268     0.1017   1934.422   78.91538   -0.98244    34.9093    34.9116 0.0000e+00
   1341.000    -0.4321    -0.4338   2.919564   2.919586    310.026     0.1254     0.1029   1935.386   78.91538   -0.98244    34.9092    34.9114 0.0000e+00
   1342.000    -0.4345    -0.4363   2.919401   2.919421    309.264     0.1265     0.1029   1936.356   78.91538   -0.98244    34.9092    34.9115 0.0000e+00
   1343.000    -0.4355    -0.4377   2.919355   2.919340    309.280     0.1261     0.1023   1937.360   78.91538   -0.98244    34.9092    34.9114 0.0000e+00
