test_project/cnv_files/002_bin.cnv
* Sea-Bird SBE 9 Data File:
* FileName = C:\Documents and Settings\ctd\Desktop\FS2022\data\002.hex
* Software Version Seasave V 7.21b
* Temperature SN = 2400
* Conductivity SN = 3447
* Number of Bytes Per Scan = 48
* Number of Voltage Words = 5
* Number of Scans Averaged by the Deck Unit = 1
* NMEA Latitude = 78 54.97 N
* NMEA Longitude = 000 59.32 W
* NMEA UTC (Time) = Sep 10 2022  18:56:12
* NMEA baud rate = 4800
** Cruise: FS 2022
** Ship: Silver Arctic
** Station (File Number):  002
** Latitude:
** Longitude:
** Echodepth (m):
** Seastate:
# nquan = 14
# nvalues = 2656                        
# units = specified
# name 0 = prDM: Pressure, Digiquartz [db]
# name 1 = t090C: Temperature [ITS-90, deg C]
# name 2 = t190C: Temperature, 2 [ITS-90, deg C]
# name 3 = c0S/m: Conductivity [S/m]
# name 4 = c1S/m: Conductivity, 2 [S/m]
# name 5 = sbox0Mm/Kg: Oxygen, SBE 43 [umol/kg]
# name 6 = wetCDOM: Fluorescence, WET Labs CDOM [mg/m^3]
# name 7 = wetCDOM1: Fluorescence, WET Labs CDOM, 2 [mg/m^3]
# name 8 = timeS: Time, Elapsed [seconds]
# name 9 = latitude: Latitude [deg]
# name 10 = longitude: Longitude [deg]
# name 11 = sal00: Salinity, Practical [PSU]
# name 12 = sal11: Salinity, Practical, 2 [PSU]
# name 13 = flag: flag
# span 0 =      3.000,   2658.000       
# span 1 =    -0.7144,     5.9978       
# span 2 =    -0.7163,     5.9950       
# span 3 =   2.665197,   3.403065       
# span 4 =   2.647698,   3.402919       
# span 5 =    294.143,    367.767       
# span 6 =     0.1063,     0.1404       
# span 7 =     0.0921,     0.1076       
# span 8 =    574.058,   3270.361       
# span 9 =   78.91516,   78.91592       
# span 10 =   -0.98584,   -0.98142      
# span 11 =    31.3555,    35.0546      
# span 12 =    31.2600,    35.0557      
# span 13 = 0.0000e+00, 0.0000e+00      
# interval = decibars: 1                
# start_time = Sep 10 2022 18:56:13 [NMEA time, first data scan]
# bad_flag = -9.990e-29
*END*
[from data line 104]
    107.000     4.0828     4.0823   3.269775   3.269873    303.995     0.1115     0.0949    711.778   78.91590   -0.98520    35.0242    35.0259 0.0000e+00
    108.000     4.0814     4.0799   3.269676   3.269701    304.644     0.1107     0.0945    712.763   78.91590   -0.98520    35.0241    35.0259 0.0000e+00
    109.000     4.0635     4.0604   3.267993   3.267863    306.157     0.1119     0.0968    713.755   78.91590   -0.98520    35.0225    35.0244 0.0000e+00
    110.000     4.0536     4.0505   3.267036   3.266933    306.077     0.1142     0.0944    714.745   78.91590   -0.98520    35.0212    35.0233 0.0000e+00
    111.000     4.0307     4.0291   3.264916   3.264953    305.295     0.1151     0.0951    715.747   78.91590   -0.98520    35.0199    35.0221 0.0000e+00
    112.000     4.0198     4.0183   3.263912   3.263939    304.539     0.1111     0.0964    716.755   78.91590   -0.98519    35.0191    35.0211 0.0000e+00
    113.000     4.0103     4.0072   3.263016   3.262903    304.832     0.1126     0.0975    717.779   78.91590   -0.98518    35.0181    35.0200 0.0000e+00
    114.000     3.9944     3.9919   3.261519   3.261475    305.556     0.1136     0.0975    718.798   78.91590   -0.98518    35.0167    35.0188 0.0000e+00
    115.000     3.9832     3.9811   3.260515   3.260500    305.118     0.1116     0.0966    719.803   78.91590   -0.98518    35.0161    35.0182 0.0000e+00
    116.000     3.9728     3.9696   3.259633   3.259514    304.640     0.1096     0.0951    720.791   78.91590   -0.98518    35.0162    35.0182 0.0000e+00
    117.000     3.9474     3.9450   3.257272   3.257252    304.176     0.1104     0.0942    721.762   78.91590   -0.98518    35.0146    35.0170 0.0000e+00
    118.000     3.9464     3.9447   3.257364   3.257369    304.535     0.1166     0.0942    722.724   78.91590   -0.98518    35.0163    35.0182 0.0000e+00
    119.000     3.9505     3.9491   3.257900   3.257924    305.525     0.1149     0.0951    723.697   78.91590   -0.98518    35.0178    35.0195 0.0000e+00
    120.000     3.9572     3.9562   3.258771   3.258835    306.017     0.1133     0.0952    724.680   78.91590   -0.98518    35.0204    35.0223 0.0000e+00
    121.000     3.9645     3.9629   3.259743   3.259754    305.457     0.1140     0.0941    725.684   78.91590   -0.98518    35.0237    35.0255 0.0000e+00
    122.000     3.9625     3.9609   3.259647   3.259668    305.038     0.1133     0.0945    726.701   78.91590   -0.98518    35.0241    35.0261 0.0000e+00
    123.000     3.9620     3.9604   3.259721   3.259742    304.782     0.1099     0.0962    727.718   78.91590   -0.98517    35.0249    35.0269 0.0000e+00
    124.000     3.9635     3.9620   3.259949   3.259973    304.570     0.1102     0.0944    728.731   78.91590   -0.98516    35.0255    35.0275 0.0000e+00
    125.000     3.9566     3.9542   3.259353   3.259304    305.192     0.1140     0.0952    729.734   78.91590   -0.98516    35.0252    35.0272 0.0000e+00
    126.000     3.9504     3.9485   3.258819   3.258812    305.932     0.1106     0.0952    730.725   78.91590   -0.98516    35.0249    35.0269 0.0000e+00
    127.000     3.9436     3.9416   3.258206   3.258187    306.656     0.1098     0.0945    731.710   78.91590   -0.98516    35.0244    35.0263 0.0000e+00
    128.000     3.9342     3.9313   3.257292   3.257215    307.171     0.1126     0.0943    732.696   78.91590   -0.98516    35.0230    35.0252 0.0000e+00
    129.000     3.9163     3.9139   3.255611   3.255577    307.272     0.1148     0.0948    733.676   78.91590   -0.98516    35.0215    35.0237 0.0000e+00
    130.000     3.9000     3.8967   3.254050   3.253936    306.930     0.1108     0.0959    734.662   78.91590   -0.98516    35.0198    35.0220 0.0000e+00
    131.000     3.8634     3.8591   3.250513   3.250344    306.688     0.1096     0.0966    735.650   78.91590   -0.98516    35.0163    35.0188 0.0000e+00
    132.000     3.8402     3.8374   3.248370   3.248298    306.677     0.1120     0.0956    736.642   78.91590   -0.98516    35.0149    35.0170 0.0000e+00
    133.000     3.8313     3.8287   3.247549   3.247472    306.106     0.1153     0.0969    737.641   78.91590   -0.98516    35.0141    35.0160 0.0000e+00
    134.000     3.8010     3.7971   3.244565   3.244443    305.964     0.1177     0.0955    738.648   78.91588   -0.98516    35.0103    35.0130 0.0000e+00
    135.000     3.7766     3.7737   3.242341   3.242270    306.156     0.1172     0.0972    739.663   78.91588   -0.98516    35.0093    35.0115 0.0000e+00
    136.000     3.7677     3.7662   3.241541   3.241587    306.571     0.1179     0.0974    740.683   78.91588   -0.98516    35.0088    35.0109 0.0000e+00
    137.000     3.7629     3.7611   3.241128   3.241138    307.179     0.1145     0.0962    741.693   78.91588   -0.98514    35.0084    35.0104 0.0000e+00
    138.000     3.7538     3.7519   3.240260   3.240277    307.392     0.1143     0.0953    742.683   78.91588   -0.98514    35.0072    35.0094 0.0000e+00
    139.000     3.7465     3.7439   3.239588   3.239544    307.656     0.1128     0.0958    743.646   78.91588   -0.98514    35.0064    35.0086 0.0000e+00
    140.000     3.7217     3.7187   3.237243   3.237178    307.511     0.1135     0.0968    744.604   78.91588   -0.98514    35.0044    35.0068 0.0000e+00
    141.000     3.7110     3.7091   3.236329   3.236326    307.271     0.1142     0.0945    745.567   78.91588   -0.98514    35.0043    35.0063 0.0000e+00
    142.000     3.7013     3.6984   3.235395   3.235332    307.299     0.1134     0.0972    746.546   78.91588   -0.98514    35.0030    35.0053 0.0000e+00
    143.000     3.6902     3.6878   3.234415   3.234393    306.911     0.1130     0.0962    747.541   78.91588   -0.98514    35.0026    35.0049 0.0000e+00
    144.000     3.6720     3.6686   3.232725   3.232603    307.089     0.1130     0.0955    748.571   78.91588   -0.98514    35.0013    35.0034 0.0000e+00
    145.000     3.6444     3.6370   3.230012   3.229510    307.838     0.1131     0.0963    749.606   78.91588   -0.98514    34.9978    34.9997 0.0000e+00
    146.000     3.6152     3.6137   3.227173   3.227279    308.631     0.1165     0.0974    750.631   78.91588   -0.98514    34.9944    34.9974 0.0000e+00
    147.000     3.5438     3.5403   3.220245   3.220211    308.100     0.1131     0.0978    751.633   78.91588   -0.98514    34.9873    34.9907 0.0000e+00
    148.000     3.4579     3.4515   3.211804   3.211559    307.801     0.1161     0.0971    752.614   78.91588   -0.98514    34.9774    34.9814 0.0000e+00
    149.000     3.4028     3.4002   3.206718   3.206713    307.649     0.1142     0.0973    753.581   78.91588   -0.98514    34.9748    34.9775 0.0000e+00
    150.000     3.4011     3.3991   3.206611   3.206624    307.698     0.1100     0.0977    754.547   78.91588   -0.98514    34.9747    34.9771 0.0000e+00
    151.000     3.4162     3.4151   3.208316   3.208357    308.137     0.1108     0.0973    755.531   78.91588   -0.98512    34.9786    34.9803 0.0000e+00
    152.000     3.4218     3.4225   3.208940   3.209203    308.564     0.1142     0.0962    756.533   78.91588   -0.98512    34.9795    34.9819 0.0000e+00
    153.000     3.4747     3.4879   3.214822   3.216095    308.203     0.1144     0.0953    757.562   78.91588   -0.98512    34.9930    34.9941 0.0000e+00
    154.000     3.5910     3.5907   3.226280   3.226379    306.956     0.1142     0.0960    758.590   78.91588   -0.98512    35.0054    35.0068 0.0000e+00
    155.000     3.5956     3.5937   3.226782   3.226764    307.546     0.1109     0.0966    759.611   78.91588   -0.98512    35.0059    35.0078 0.0000e+00
    156.000     3.5922     3.5904   3.226537   3.226532    308.826     0.1127     0.0953    760.609   78.91588   -0.98512    35.0061    35.0080 0.0000e+00
    157.000     3.5997     3.5981   3.227414   3.227413    309.360     0.1125     0.0955    761.601   78.91588   -0.98512    35.0080    35.0097 0.0000e+00
    158.000     3.5995     3.5984   3.227522   3.227581    309.286     0.1138     0.0953    762.584   78.91588   -0.98512    35.0089    35.0109 0.0000e+00
    159.000     3.6166     3.6157   3.229435   3.229490    308.763     0.1140     0.0953    763.563   78.91588   -0.98512    35.0130    35.0146 0.0000e+00
    160.000     3.6195     3.6181   3.229768   3.229798    309.093     0.1129     0.0953    764.563   78.91588   -0.98512    35.0133    35.0152 0.0000e+00
    161.000     3.6201     3.6186   3.229872   3.229895    309.108     0.1142     0.0963    765.583   78.91588   -0.98512    35.0135    35.0153 0.0000e+00
    162.000     3.6221     3.6206   3.230163   3.230184    308.259     0.1104     0.0964    766.611   78.91588   -0.98512    35.0142    35.0161 0.0000e+00
    163.000     3.6233     3.6220   3.230387   3.230420    308.039     0.1098     0.0959    767.633   78.91588   -0.98512    35.0150    35.0169 0.0000e+00
    164.000     3.6264     3.6250   3.230820   3.230836    308.962     0.1139     0.0967    768.648   78.91588   -0.98512    35.0163    35.0181 0.0000e+00
    165.000     3.6231     3.6209   3.230538   3.230499    309.757     0.1103     0.0954    769.649   78.91586   -0.98512    35.0160    35.0179 0.0000e+00
    166.000     3.6123     3.6084   3.229568   3.229317    309.643     0.1097     0.0953    770.641   78.91586   -0.98510    35.0153    35.0166 0.0000e+00
    167.000     3.5956     3.5914   3.228012   3.227821    309.945     0.1105     0.0954    771.635   78.91586   -0.98510    35.0141    35.0163 0.0000e+00
    168.000     3.5871     3.5853   3.227254   3.227259    310.086     0.1116     0.0953    772.625   78.91586   -0.98510    35.0136    35.0155 0.0000e+00
    169.000     3.5850     3.5826   3.227107   3.227044    310.067     0.1122     0.0954    773.619   78.91586   -0.98510    35.0135    35.0153 0.0000e+00
    170.000     3.5826     3.5807   3.226915   3.226910    309.377     0.1104     0.0954    774.626   78.91586   -0.98510    35.0132    35.0151 0.0000e+00
    171.000     3.5822     3.5800   3.226909   3.226885    308.740     0.1099     0.0954    775.649   78.91586   -0.98510    35.0130    35.0150 0.0000e+00
    172.000     3.5792     3.5774   3.226679   3.226674    309.612     0.1099     0.0953    776.684   78.91586   -0.98510    35.0129    35.0148 0.0000e+00
    173.000     3.5758     3.5736   3.226414   3.226384    310.180     0.1093     0.0953    777.730   78.91586   -0.98510    35.0129    35.0148 0.0000e+00
    174.000     3.5608     3.5568   3.225032   3.224863    309.601     0.1097     0.0953    778.779   78.91586   -0.98510    35.0118    35.0140 0.0000e+00
    175.000     3.5530     3.5515   3.224489   3.224508    309.471     0.1145     0.0952    779.811   78.91586   -0.98510    35.0131    35.0149 0.0000e+00
    176.000     3.5519     3.5501   3.224424   3.224422    309.537     0.1155     0.0945    780.836   78.91586   -0.98510    35.0129    35.0148 0.0000e+00
    177.000     3.5508     3.5490   3.224373   3.224367    309.659     0.1132     0.0941    781.848   78.91586   -0.98510    35.0130    35.0148 0.0000e+00
    178.000     3.5358     3.5311   3.222953   3.222700    309.150     0.1107     0.0941    782.851   78.91586   -0.98510    35.0114    35.0134 0.0000e+00
    179.000     3.5311     3.5292   3.222622   3.222608    308.613     0.1088     0.0948    783.853   78.91586   -0.98510    35.0119    35.0138 0.0000e+00
    180.000     3.5265     3.5243   3.222199   3.222187    309.638     0.1091     0.0953    784.868   78.91586   -0.98509    35.0112    35.0135 0.0000e+00
    181.000     3.5066     3.5041   3.220294   3.220279    310.548     0.1115     0.0949    785.887   78.91586   -0.98508    35.0092    35.0117 0.0000e+00
    182.000     3.4879     3.4843   3.218523   3.218386    310.358     0.1137     0.0944    786.926   78.91586   -0.98508    35.0074    35.0096 0.0000e+00
    183.000     3.4676     3.4634   3.216569   3.216365    310.731     0.1120     0.0952    787.957   78.91586   -0.98508    35.0052    35.0072 0.0000e+00
    184.000     3.4533     3.4501   3.215241   3.215121    311.201     0.1126     0.0952    788.972   78.91586   -0.98508    35.0039    35.0059 0.0000e+00
    185.000     3.4210     3.4171   3.212044   3.211967    310.746     0.1097     0.0941    789.965   78.91586   -0.98508    34.9996    35.0028 0.0000e+00
    186.000     3.3916     3.3891   3.209440   3.209385    310.062     0.1113     0.0951    790.950   78.91586   -0.98508    34.9993    35.0013 0.0000e+00
    187.000     3.4012     3.4004   3.210561   3.210638    309.569     0.1102     0.0954    791.930   78.91586   -0.98508    35.0019    35.0037 0.0000e+00
    188.000     3.4032     3.4013   3.210886   3.210895    309.968     0.1105     0.0954    792.915   78.91586   -0.98508    35.0031    35.0053 0.0000e+00
    189.000     3.4010     3.3992   3.210798   3.210795    309.260     0.1130     0.0961    793.919   78.91586   -0.98508    35.0039    35.0058 0.0000e+00
    190.000     3.3949     3.3928   3.210274   3.210228    309.108     0.1138     0.0966    794.929   78.91586   -0.98508    35.0035    35.0052 0.0000e+00
    191.000     3.3812     3.3790   3.208963   3.208962    310.121     0.1123     0.0956    795.954   78.91586   -0.98508    35.0019    35.0042 0.0000e+00
    192.000     3.3662     3.3642   3.207607   3.207596    311.070     0.1096     0.0970    796.970   78.91586   -0.98508    35.0012    35.0032 0.0000e+00
    193.000     3.3572     3.3554   3.206799   3.206804    310.979     0.1063     0.0971    797.966   78.91585   -0.98508    35.0005    35.0025 0.0000e+00
    194.000     3.3543     3.3526   3.206567   3.206577    310.270     0.1112     0.0957    798.944   78.91584   -0.98508    35.0003    35.0022 0.0000e+00
    195.000     3.3504     3.3489   3.206238   3.206264    310.136     0.1122     0.0963    799.908   78.91584   -0.98508    35.0000    35.0019 0.0000e+00
    196.000     3.3450     3.3442   3.205785   3.205872    311.133     0.1130     0.0972    800.882   78.91584   -0.98507    34.9997    35.0017 0.0000e+00
    197.000     3.3447     3.3425   3.205799   3.205745    311.630     0.1116     0.0970    801.862   78.91584   -0.98506    34.9997    35.0015 0.0000e+00
    198.000     3.3189     3.3151   3.203280   3.203148    311.091     0.1108     0.0971    802.848   78.91584   -0.98506    34.9965    34.9989 0.0000e+00
    199.000     3.2984     3.2956   3.201416   3.201352    310.806     0.1133     0.0969    803.837   78.91584   -0.98506    34.9954    34.9977 0.0000e+00
    200.000     3.2677     3.2645   3.198506   3.198423    310.734     0.1161     0.0954    804.812   78.91584   -0.98506    34.9928    34.9952 0.0000e+00
    201.000     3.2548     3.2520   3.197342   3.197263    310.916     0.1109     0.0970    805.777   78.91584   -0.98506    34.9920    34.9942 0.0000e+00
    202.000     3.2464     3.2444   3.196570   3.196575    311.094     0.1105     0.0973    806.745   78.91584   -0.98506    34.9912    34.9935 0.0000e+00
    203.000     3.2216     3.2191   3.194276   3.194265    310.557     0.1141     0.0963    807.722   78.91584   -0.98506    34.9896    34.9921 0.0000e+00
    204.000     3.2180     3.2163   3.194092   3.194107    309.709     0.1105     0.0963    808.726   78.91584   -0.98506    34.9907    34.9928 0.0000e+00
    205.000     3.2155     3.2137   3.193931   3.193947    309.393     0.1096     0.0975    809.749   78.91584   -0.98506    34.9908    34.9930 0.0000e+00
    206.000     3.2131     3.2110   3.193791   3.193763    310.351     0.1116     0.0970    810.785   78.91584   -0.98506    34.9912    34.9931 0.0000e+00
    207.000     3.2075     3.2052   3.193276   3.193253    311.364     0.1139     0.0972    811.800   78.91584   -0.98506    34.9904    34.9927 0.0000e+00
    208.000     3.2007     3.1995   3.192795   3.192855    312.088     0.1159     0.0978    812.785   78.91584   -0.98506    34.9914    34.9934 0.0000e+00
