test_project/cnv_files/003_bin.cnv
* Sea-Bird SBE 9 Data File:
* FileName = C:\Documents and Settings\ctd\Desktop\FS2022\data\003.hex
* Software Version Seasave V 7.21b
* Temperature SN = 2400
* Conductivity SN = 3447
* Number of Bytes Per Scan = 48
* Number of Voltage Words = 5
* Number of Scans Averaged by the Deck Unit = 1
* NMEA Latitude = 78 49.67 N
* NMEA Longitude = 001 57.23 W
* NMEA UTC (Time) = Sep 11 2022  11:09:59
* NMEA baud rate = 4800
** Cruise: FS 2022
** Ship: Silver Arctic
** Station (File Number):  003
** Latitude:
** Longitude:
** Echodepth (m):
** Seastate:
# nquan = 14
# nvalues = 2702                        
# units = specified
# name 0 = prDM: Pressure, Digiquartz [db]
# name 1 = t090C: Temperature [ITS-90, deg C]
# name 2 = t190C: Temperature, 2 [ITS-90, deg C]
# name 3 = c0S/m: Conductivity [S/m]
# name 4 = c1S/m: Conductivity, 2 [S/m]
# name 5 = sbox0Mm/Kg: Oxygen, SBE 43 [umol/kg]
# name 6 = wetCDOM: Fluorescence, WET Labs CDOM [mg/m^3]
# name 7 = wetCDOM1: Fluorescence, WET Labs CDOM, 2 [mg/m^3]
# name 8 = timeS: Time, Elapsed [seconds]
# name 9 = latitude: Latitude [deg]
# name 10 = longitude: Longitude [deg]
# name 11 = sal00: Salinity, Practical [PSU]
# name 12 = sal11: Salinity, Practical, 2 [PSU]
# name 13 = flag: flag
# span 0 =      2.000,   2704.000       
# span 1 =    -0.7074,     5.3337       
# span 2 =    -0.7090,     5.3322       
# span 3 =   2.650168,   3.332893       
# span 4 =   2.660486,   3.332622       
# span 5 =    296.635,    389.431       
# span 6 =     0.1006,     0.1426       
# span 7 =     0.0933,     0.1136       
# span 8 =    522.007,   3385.156       
# span 9 =   78.82658,   78.83561       
# span 10 =   -1.96046,   -1.95257      
# span 11 =    31.4126,    34.9907      
# span 12 =    31.4607,    34.9916      
# span 13 = 0.0000e+00, 0.0000e+00      
# interval = decibars: 1                
# start_time = Sep 11 2022 11:10:00 [NMEA time, first data scan]
# bad_flag = -9.990e-29
*END*
[from data line 310]
    312.000     2.3038     2.3023   3.114397   3.114375    319.045     0.1124     0.0959    863.322   78.82810   -1.95406    34.9454    34.9468 0.0000e+00
    313.000     2.3010     2.2992   3.114178   3.114113    318.763     0.1119     0.0974    864.349   78.82810   -1.95404    34.9453    34.9465 0.0000e+00
    314.000     2.2913     2.2910   3.113272   3.113306    319.019     0.1127     0.0978    865.391   78.82810   -1.95404    34.9440    34.9448 0.0000e+00
    315.000     2.2379     2.2375   3.108175   3.108257    319.354     0.1087     0.0977    866.429   78.82810   -1.95404    34.9385    34.9400 0.0000e+00
    316.000     2.2012     2.2065   3.104756   3.105334    319.106     0.1077     0.0978    867.456   78.82810   -1.95404    34.9356    34.9370 0.0000e+00
    317.000     2.1762     2.1764   3.102401   3.102527    319.175     0.1101     0.0971    868.478   78.82810   -1.95404    34.9331    34.9344 0.0000e+00
    318.000     2.1578     2.1582   3.100609   3.100767    318.870     0.1108     0.0983    869.486   78.82808   -1.95404    34.9304    34.9318 0.0000e+00
    319.000     2.1031     2.0993   3.095409   3.095163    318.397     0.1112     0.0989    870.488   78.82808   -1.95404    34.9249    34.9259 0.0000e+00
    320.000     1.9902     1.9878   3.084710   3.084427    319.180     0.1145     0.0985    871.495   78.82808   -1.95402    34.9144    34.9135 0.0000e+00
    321.000     1.9012     1.9012   3.076263   3.076292    318.482     0.1112     0.0982    872.514   78.82808   -1.95402    34.9057    34.9061 0.0000e+00
    322.000     1.8827     1.8810   3.074522   3.074462    317.333     0.1162     0.0993    873.526   78.82808   -1.95402    34.9036    34.9048 0.0000e+00
    323.000     1.8730     1.8722   3.073651   3.073683    316.538     0.1082     0.1000    874.555   78.82808   -1.95402    34.9028    34.9042 0.0000e+00
    324.000     1.8733     1.8722   3.073776   3.073781    315.869     0.1144     0.0990    875.589   78.82808   -1.95402    34.9035    34.9048 0.0000e+00
    325.000     1.8810     1.8797   3.074573   3.074578    314.669     0.1113     0.0990    876.622   78.82808   -1.95402    34.9045    34.9060 0.0000e+00
    326.000     1.8648     1.8653   3.073100   3.073279    314.743     0.1122     0.0979    877.648   78.82808   -1.95401    34.9032    34.9049 0.0000e+00
    327.000     1.8438     1.8426   3.071238   3.071228    315.529     0.1156     0.0977    878.670   78.82808   -1.95400    34.9024    34.9035 0.0000e+00
    328.000     1.8042     1.8063   3.067512   3.067800    315.601     0.1144     0.0987    879.677   78.82807   -1.95400    34.8985    34.8998 0.0000e+00
    329.000     1.7670     1.7655   3.064128   3.064061    315.660     0.1128     0.0989    880.680   78.82806   -1.95400    34.8963    34.8971 0.0000e+00
    330.000     1.7406     1.7403   3.061605   3.061684    315.440     0.1127     0.0990    881.680   78.82806   -1.95400    34.8931    34.8944 0.0000e+00
    331.000     1.6989     1.6989   3.057756   3.057867    315.272     0.1111     0.0991    882.696   78.82806   -1.95400    34.8898    34.8914 0.0000e+00
    332.000     1.6825     1.6819   3.056312   3.056357    315.516     0.1170     0.0989    883.724   78.82806   -1.95400    34.8892    34.8905 0.0000e+00
    333.000     1.6602     1.6606   3.054197   3.054299    314.764     0.1188     0.0978    884.751   78.82806   -1.95399    34.8865    34.8873 0.0000e+00
    334.000     1.5579     1.5604   3.044522   3.044781    314.524     0.1171     0.0973    885.784   78.82806   -1.95398    34.8765    34.8770 0.0000e+00
    335.000     1.4748     1.4744   3.036990   3.037033    314.037     0.1126     0.1011    886.810   78.82806   -1.95398    34.8723    34.8733 0.0000e+00
    336.000     1.4581     1.4568   3.035507   3.035507    313.161     0.1127     0.1003    887.825   78.82806   -1.95398    34.8714    34.8728 0.0000e+00
    337.000     1.4488     1.4474   3.034664   3.034622    312.655     0.1170     0.0995    888.840   78.82806   -1.95398    34.8703    34.8713 0.0000e+00
    338.000     1.4086     1.4087   3.030979   3.031084    312.429     0.1180     0.0999    889.854   78.82806   -1.95398    34.8674    34.8687 0.0000e+00
    339.000     1.3919     1.3903   3.029486   3.029410    311.378     0.1138     0.1003    890.863   78.82805   -1.95398    34.8664    34.8672 0.0000e+00
    340.000     1.3749     1.3728   3.027923   3.027868    310.967     0.1131     0.1006    891.880   78.82804   -1.95398    34.8647    34.8664 0.0000e+00
    341.000     1.3759     1.3761   3.028126   3.028224    310.982     0.1181     0.1008    892.897   78.82804   -1.95398    34.8656    34.8667 0.0000e+00
    342.000     1.3713     1.3691   3.027763   3.027636    310.514     0.1191     0.0991    893.916   78.82804   -1.95397    34.8655    34.8664 0.0000e+00
    343.000     1.3468     1.3448   3.025492   3.025420    309.925     0.1187     0.0990    894.938   78.82804   -1.95396    34.8632    34.8645 0.0000e+00
    344.000     1.3441     1.3408   3.025288   3.025126    309.408     0.1158     0.1001    895.959   78.82804   -1.95396    34.8630    34.8646 0.0000e+00
    345.000     1.3458     1.3453   3.025527   3.025600    309.622     0.1175     0.1002    896.977   78.82804   -1.95396    34.8636    34.8650 0.0000e+00
    346.000     1.3433     1.3426   3.025358   3.025388    310.398     0.1189     0.1002    898.003   78.82804   -1.95396    34.8636    34.8648 0.0000e+00
    347.000     1.3359     1.3358   3.024736   3.024811    310.608     0.1191     0.1011    899.024   78.82804   -1.95396    34.8633    34.8644 0.0000e+00
    348.000     1.3344     1.3326   3.024682   3.024613    310.187     0.1148     0.1008    900.049   78.82804   -1.95396    34.8638    34.8648 0.0000e+00
    349.000     1.3293     1.3279   3.024232   3.024195    310.025     0.1182     0.1002    901.074   78.82804   -1.95396    34.8631    34.8642 0.0000e+00
    350.000     1.3268     1.3239   3.024077   3.023907    310.170     0.1178     0.1001    902.102   78.82803   -1.95395    34.8633    34.8644 0.0000e+00
    351.000     1.3253     1.3249   3.023995   3.024045    310.424     0.1152     0.1000    903.114   78.82802   -1.95394    34.8634    34.8644 0.0000e+00
    352.000     1.3245     1.3226   3.023943   3.023874    310.249     0.1177     0.0992    904.126   78.82802   -1.95394    34.8630    34.8643 0.0000e+00
    353.000     1.3004     1.3012   3.021742   3.021874    310.183     0.1180     0.1002    905.134   78.82802   -1.95394    34.8611    34.8619 0.0000e+00
    354.000     1.2914     1.2920   3.020916   3.021075    309.228     0.1131     0.1014    906.141   78.82802   -1.95394    34.8599    34.8614 0.0000e+00
    355.000     1.2650     1.2649   3.018484   3.018540    309.240     0.1154     0.1015    907.163   78.82802   -1.95394    34.8576    34.8584 0.0000e+00
    356.000     1.2563     1.2547   3.017777   3.017714    309.930     0.1178     0.1016    908.205   78.82802   -1.95394    34.8576    34.8587 0.0000e+00
    357.000     1.2517     1.2509   3.017391   3.017397    309.532     0.1199     0.1015    909.251   78.82802   -1.95394    34.8572    34.8583 0.0000e+00
    358.000     1.2449     1.2432   3.016786   3.016714    309.327     0.1164     0.1003    910.294   78.82802   -1.95394    34.8565    34.8575 0.0000e+00
    359.000     1.2388     1.2362   3.016335   3.016184    309.361     0.1189     0.1003    911.341   78.82802   -1.95394    34.8569    34.8579 0.0000e+00
    360.000     1.2514     1.2469   3.017592   3.017274    308.589     0.1204     0.1015    912.385   78.82802   -1.95392    34.8584    34.8594 0.0000e+00
    361.000     1.2640     1.2646   3.018866   3.019010    308.323     0.1203     0.1014    913.417   78.82800   -1.95392    34.8601    34.8613 0.0000e+00
    362.000     1.2669     1.2660   3.019168   3.019161    309.116     0.1186     0.1017    914.454   78.82800   -1.95392    34.8602    34.8611 0.0000e+00
    363.000     1.2638     1.2619   3.018947   3.018860    309.318     0.1175     0.1015    915.490   78.82800   -1.95392    34.8602    34.8612 0.0000e+00
    364.000     1.2648     1.2634   3.019111   3.019068    308.460     0.1184     0.1014    916.538   78.82800   -1.95392    34.8606    34.8616 0.0000e+00
    365.000     1.2681     1.2667   3.019485   3.019439    308.590     0.1182     0.1003    917.575   78.82800   -1.95392    34.8611    34.8621 0.0000e+00
    366.000     1.2723     1.2708   3.019931   3.019873    308.627     0.1166     0.0992    918.620   78.82800   -1.95392    34.8617    34.8625 0.0000e+00
    367.000     1.2727     1.2718   3.020037   3.020041    308.842     0.1206     0.1000    919.660   78.82800   -1.95392    34.8619    34.8630 0.0000e+00
    368.000     1.2795     1.2781   3.020759   3.020714    308.776     0.1161     0.0993    920.693   78.82800   -1.95392    34.8630    34.8640 0.0000e+00
    369.000     1.3038     1.3024   3.023127   3.023086    308.738     0.1201     0.1004    921.719   78.82800   -1.95392    34.8657    34.8668 0.0000e+00
    370.000     1.3523     1.3532   3.028023   3.028171    309.058     0.1201     0.1004    922.752   78.82800   -1.95392    34.8737    34.8746 0.0000e+00
    371.000     1.4099     1.4092   3.033609   3.033632    309.236     0.1124     0.0995    923.784   78.82799   -1.95391    34.8805    34.8815 0.0000e+00
    372.000     1.4403     1.4393   3.036534   3.036520    309.608     0.1153     0.1002    924.812   78.82798   -1.95390    34.8833    34.8843 0.0000e+00
    373.000     1.4416     1.4397   3.036741   3.036657    310.297     0.1174     0.0999    925.853   78.82798   -1.95390    34.8840    34.8851 0.0000e+00
    374.000     1.4598     1.4627   3.038624   3.039001    311.753     0.1162     0.0992    926.892   78.82798   -1.95390    34.8872    34.8888 0.0000e+00
    375.000     1.4928     1.4918   3.041804   3.041803    312.611     0.1161     0.1013    927.934   78.82798   -1.95390    34.8905    34.8915 0.0000e+00
    376.000     1.5042     1.5027   3.042925   3.042860    312.886     0.1151     0.0994    928.978   78.82798   -1.95390    34.8915    34.8923 0.0000e+00
    377.000     1.5042     1.5032   3.042975   3.042961    312.127     0.1138     0.1000    930.007   78.82798   -1.95390    34.8916    34.8925 0.0000e+00
    378.000     1.5043     1.5025   3.043010   3.042912    311.872     0.1160     0.1003    931.043   78.82798   -1.95390    34.8913    34.8920 0.0000e+00
    379.000     1.5047     1.5029   3.043086   3.043001    311.931     0.1188     0.0995    932.074   78.82798   -1.95390    34.8913    34.8922 0.0000e+00
    380.000     1.5152     1.5138   3.044174   3.044141    311.873     0.1217     0.1007    933.116   78.82798   -1.95390    34.8929    34.8940 0.0000e+00
    381.000     1.5213     1.5200   3.044795   3.044749    312.285     0.1167     0.1002    934.159   78.82798   -1.95390    34.8935    34.8943 0.0000e+00
    382.000     1.4691     1.4693   3.039778   3.039877    312.803     0.1111     0.1006    935.209   78.82796   -1.95390    34.8870    34.8880 0.0000e+00
    383.000     1.4463     1.4478   3.037867   3.038113    312.586     0.1182     0.1024    936.248   78.82796   -1.95390    34.8874    34.8888 0.0000e+00
    384.000     1.4525     1.4508   3.038454   3.038372    311.608     0.1201     0.1013    937.280   78.82796   -1.95390    34.8873    34.8882 0.0000e+00
    385.000     1.4423     1.4408   3.037541   3.037474    311.420     0.1163     0.1003    938.311   78.82796   -1.95390    34.8865    34.8873 0.0000e+00
    386.000     1.4324     1.4312   3.036634   3.036612    311.675     0.1153     0.1002    939.337   78.82796   -1.95390    34.8854    34.8864 0.0000e+00
    387.000     1.4138     1.4125   3.034954   3.034918    312.470     0.1181     0.1002    940.353   78.82796   -1.95390    34.8840    34.8849 0.0000e+00
    388.000     1.4095     1.4084   3.034649   3.034636    312.916     0.1172     0.0992    941.376   78.82796   -1.95388    34.8843    34.8853 0.0000e+00
    389.000     1.4325     1.4301   3.037029   3.036884    312.180     0.1168     0.0991    942.412   78.82796   -1.95388    34.8885    34.8893 0.0000e+00
    390.000     1.4788     1.4768   3.041550   3.041441    311.585     0.1206     0.0999    943.451   78.82796   -1.95388    34.8941    34.8949 0.0000e+00
    391.000     1.4868     1.4851   3.042377   3.042286    311.411     0.1206     0.0996    944.500   78.82796   -1.95388    34.8951    34.8959 0.0000e+00
    392.000     1.4841     1.4832   3.042178   3.042173    311.629     0.1171     0.0996    945.546   78.82796   -1.95388    34.8950    34.8960 0.0000e+00
    393.000     1.4762     1.4747   3.041498   3.041434    311.974     0.1170     0.0997    946.591   78.82796   -1.95388    34.8946    34.8954 0.0000e+00
    394.000     1.4736     1.4724   3.041302   3.041266    312.663     0.1156     0.0993    947.623   78.82796   -1.95388    34.8944    34.8953 0.0000e+00
    395.000     1.4598     1.4577   3.040056   3.039934    312.865     0.1152     0.1000    948.645   78.82794   -1.95388    34.8933    34.8941 0.0000e+00
    396.000     1.4351     1.4330   3.037810   3.037675    312.369     0.1173     0.0993    949.667   78.82794   -1.95388    34.8915    34.8922 0.0000e+00
    397.000     1.4106     1.4079   3.035530   3.035369    312.255     0.1149     0.1001    950.692   78.82794   -1.95388    34.8891    34.8901 0.0000e+00
    398.000     1.3719     1.3706   3.032056   3.032046    312.438     0.1132     0.0991    951.724   78.82794   -1.95388    34.8873    34.8885 0.0000e+00
    399.000     1.3620     1.3599   3.031207   3.031094    310.999     0.1155     0.0999    952.760   78.82794   -1.95388    34.8869    34.8877 0.0000e+00
    400.000     1.3545     1.3528   3.030545   3.030472    309.885     0.1135     0.1001    953.797   78.82794   -1.95388    34.8861    34.8870 0.0000e+00
    401.000     1.3517     1.3505   3.030345   3.030309    309.850     0.1139     0.1003    954.843   78.82794   -1.95388    34.8861    34.8870 0.0000e+00
    402.000     1.3522     1.3502   3.030426   3.030330    309.987     0.1181     0.1010    955.871   78.82794   -1.95388    34.8860    34.8871 0.0000e+00
    403.000     1.3450     1.3445   3.029790   3.029819    310.716     0.1195     0.1016    956.894   78.82794   -1.95388    34.8854    34.8863 0.0000e+00
    404.000     1.3376     1.3343   3.029201   3.028982    311.812     0.1196     0.1015    957.918   78.82794   -1.95388    34.8854    34.8864 0.0000e+00
    405.000     1.3396     1.3375   3.029432   3.029315    311.764     0.1176     0.1015    958.937   78.82794   -1.95388    34.8856    34.8864 0.0000e+00
    406.000     1.3398     1.3355   3.029505   3.029193    311.588     0.1176     0.1014    959.953   78.82793   -1.95388    34.8857    34.8866 0.0000e+00
    407.000     1.3381     1.3351   3.029388   3.029202    311.820     0.1176     0.1002    960.970   78.82792   -1.95388    34.8856    34.8866 0.0000e+00
    408.000     1.3292     1.3271   3.028604   3.028479    311.690     0.1128     0.1002    961.988   78.82792   -1.95388    34.8849    34.8856 0.0000e+00
    409.000     1.3168     1.3143   3.027541   3.027392    311.615     0.1143     0.1014    963.014   78.82792   -1.95388    34.8845    34.8853 0.0000e+00
    410.000     1.3034     1.3018   3.026363   3.026297    311.038     0.1164     0.1006    964.044   78.82792   -1.95388    34.8837    34.8847 0.0000e+00
    411.000     1.2954     1.2940   3.025685   3.025642    310.238     0.1205     0.1010    965.085   78.82792   -1.95388    34.8835    34.8844 0.0000e+00
    412.000     1.2888     1.2873   3.025131   3.025072    310.460     0.1221     0.1006    966.134   78.82792   -1.95388    34.8831    34.8840 0.0000e+00
    413.000     1.2828     1.2811   3.024635   3.024568    310.370     0.1198     0.1009    967.175   78.82792   -1.95388    34.8829    34.8838 0.0000e+00
