test_project/cnv_files/003_bin.cnv
* Sea-Bird SBE 9 Data File:
* FileName = C:\Documents and Settings\ctd\Desktop\FS2022\data\003.hex
* Software Version Seasave V 7.21b
* Temperature SN = 2400
* Conductivity SN = 3447
* Number of Bytes Per Scan = 48
* Number of Voltage Words = 5
* Number of Scans Averaged by the Deck Unit = 1
* NMEA Latitude = 78 49.67 N
* NMEA Longitude = 001 57.23 W
* NMEA UTC (Time) = Sep 11 2022  11:09:59
* NMEA baud rate = 4800
** Cruise: FS 2022
** Ship: Silver Arctic
** Station (File Number):  003
** Latitude:
** Longitude:
** Echodepth (m):
** Seastate:
# nquan = 14
# nvalues = 2702                        
# units = specified
# name 0 = prDM: Pressure, Digiquartz [db]
# name 1 = t090C: Temperature [ITS-90, deg C]
# name 2 = t190C: Temperature, 2 [ITS-90, deg C]
# name 3 = c0S/m: Conductivity [S/m]
# name 4 = c1S/m: Conductivity, 2 [S/m]
# name 5 = sbox0Mm/Kg: Oxygen, SBE 43 [umol/kg]
# name 6 = wetCDOM: Fluorescence, WET Labs CDOM [mg/m^3]
# name 7 = wetCDOM1: Fluorescence, WET Labs CDOM, 2 [mg/m^3]
# name 8 = timeS: Time, Elapsed [seconds]
# name 9 = latitude: Latitude [deg]
# name 10 = longitude: Longitude [deg]
# name 11 = sal00: Salinity, Practical [PSU]
# name 12 = sal11: Salinity, Practical, 2 [PSU]
# name 13 = flag: flag
# span 0 =      2.000,   2704.000       
# span 1 =    -0.7074,     5.3337       
# span 2 =    -0.7090,     5.3322       
# span 3 =   2.650168,   3.332893       
# span 4 =   2.660486,   3.332622       
# span 5 =    296.635,    389.431       
# span 6 =     0.1006,     0.1426       
# span 7 =     0.0933,     0.1136       
# span 8 =    522.007,   3385.156       
# span 9 =   78.82658,   78.83561       
# span 10 =   -1.96046,   -1.95257      
# span 11 =    31.4126,    34.9907      
# span 12 =    31.4607,    34.9916      
# span 13 = 0.0000e+00, 0.0000e+00      
# interval = decibars: 1                
# start_time = Sep 11 2022 11:10:00 [NMEA time, first data scan]
# bad_flag = -9.990e-29
*END*
[from data line 1342]
   1344.000    -0.3880    -0.3895   2.923532   2.923499    313.827     0.1197     0.1017   1900.854   78.82748   -1.95684    34.9101    34.9114 0.0000e+00
   1345.000    -0.3885    -0.3901   2.923510   2.923491    313.336     0.1215     0.1026   1901.827   78.82748   -1.95684    34.9099    34.9114 0.0000e+00
   1346.000    -0.3888    -0.3903   2.923540   2.923510    313.761     0.1223     0.0996   1902.793   78.82748   -1.95684    34.9101    34.9113 0.0000e+00
   1347.000    -0.3895    -0.3910   2.923521   2.923502    314.236     0.1218     0.0992   1903.768   78.82748   -1.95683    34.9100    34.9115 0.0000e+00
   1348.000    -0.3906    -0.3922   2.923473   2.923440    314.329     0.1229     0.1014   1904.756   78.82748   -1.95682    34.9101    34.9114 0.0000e+00
   1349.000    -0.3915    -0.3932   2.923430   2.923385    313.766     0.1246     0.1024   1905.749   78.82748   -1.95682    34.9100    34.9113 0.0000e+00
   1350.000    -0.3934    -0.3949   2.923316   2.923287    313.505     0.1201     0.1016   1906.758   78.82748   -1.95681    34.9100    34.9114 0.0000e+00
   1351.000    -0.3939    -0.3955   2.923312   2.923293    314.350     0.1253     0.1017   1907.760   78.82748   -1.95680    34.9100    34.9115 0.0000e+00
   1352.000    -0.3950    -0.3965   2.923259   2.923244    315.027     0.1184     0.1018   1908.746   78.82748   -1.95680    34.9100    34.9115 0.0000e+00
   1353.000    -0.3965    -0.3980   2.923181   2.923170    314.817     0.1195     0.1017   1909.724   78.82748   -1.95680    34.9101    34.9116 0.0000e+00
   1354.000    -0.3965    -0.3981   2.923218   2.923193    314.083     0.1210     0.1017   1910.699   78.82748   -1.95679    34.9100    34.9114 0.0000e+00
   1355.000    -0.3970    -0.3985   2.923223   2.923204    313.820     0.1217     0.1018   1911.682   78.82748   -1.95678    34.9101    34.9115 0.0000e+00
   1356.000    -0.3979    -0.3994   2.923187   2.923167    313.677     0.1209     0.1018   1912.660   78.82748   -1.95678    34.9100    34.9115 0.0000e+00
   1357.000    -0.4001    -0.4016   2.923042   2.923017    313.096     0.1186     0.1007   1913.651   78.82748   -1.95678    34.9101    34.9115 0.0000e+00
   1358.000    -0.4017    -0.4033   2.922950   2.922931    313.481     0.1192     0.0998   1914.639   78.82748   -1.95677    34.9101    34.9116 0.0000e+00
   1359.000    -0.4019    -0.4035   2.922982   2.922943    313.888     0.1211     0.1014   1915.623   78.82748   -1.95676    34.9102    34.9115 0.0000e+00
   1360.000    -0.4022    -0.4038   2.922999   2.922965    313.467     0.1201     0.1004   1916.600   78.82748   -1.95676    34.9102    34.9116 0.0000e+00
   1361.000    -0.4025    -0.4041   2.923012   2.922993    313.380     0.1238     0.1017   1917.573   78.82748   -1.95676    34.9102    34.9117 0.0000e+00
   1362.000    -0.4028    -0.4042   2.923039   2.923020    313.520     0.1241     0.1017   1918.550   78.82748   -1.95676    34.9102    34.9116 0.0000e+00
   1363.000    -0.4035    -0.4048   2.923025   2.923012    313.254     0.1238     0.1008   1919.526   78.82748   -1.95674    34.9103    34.9117 0.0000e+00
   1364.000    -0.4047    -0.4062   2.922961   2.922941    313.536     0.1215     0.1013   1920.517   78.82748   -1.95674    34.9103    34.9117 0.0000e+00
   1365.000    -0.4074    -0.4089   2.922782   2.922755    313.445     0.1199     0.1024   1921.512   78.82748   -1.95674    34.9104    34.9117 0.0000e+00
   1366.000    -0.4084    -0.4099   2.922729   2.922711    313.888     0.1253     0.1020   1922.513   78.82748   -1.95672    34.9103    34.9117 0.0000e+00
   1367.000    -0.4084    -0.4099   2.922778   2.922747    313.335     0.1215     0.1038   1923.524   78.82748   -1.95672    34.9103    34.9117 0.0000e+00
   1368.000    -0.4088    -0.4102   2.922786   2.922767    312.732     0.1200     0.1017   1924.520   78.82748   -1.95672    34.9103    34.9117 0.0000e+00
   1369.000    -0.4120    -0.4135   2.922548   2.922531    312.179     0.1190     0.1005   1925.506   78.82748   -1.95672    34.9102    34.9117 0.0000e+00
   1370.000    -0.4132    -0.4147   2.922502   2.922476    311.888     0.1205     0.1012   1926.499   78.82748   -1.95670    34.9104    34.9117 0.0000e+00
   1371.000    -0.4141    -0.4156   2.922452   2.922433    312.170     0.1232     0.1023   1927.475   78.82748   -1.95670    34.9102    34.9117 0.0000e+00
   1372.000    -0.4146    -0.4163   2.922445   2.922412    312.189     0.1237     0.1023   1928.450   78.82748   -1.95670    34.9102    34.9116 0.0000e+00
   1373.000    -0.4161    -0.4174   2.922374   2.922359    312.460     0.1217     0.1014   1929.420   78.82748   -1.95670    34.9103    34.9116 0.0000e+00
   1374.000    -0.4162    -0.4177   2.922408   2.922387    312.659     0.1198     0.1018   1930.398   78.82748   -1.95668    34.9103    34.9117 0.0000e+00
   1375.000    -0.4167    -0.4181   2.922408   2.922385    313.167     0.1191     0.1018   1931.382   78.82748   -1.95668    34.9103    34.9116 0.0000e+00
   1376.000    -0.4168    -0.4183   2.922439   2.922412    313.618     0.1221     0.1017   1932.360   78.82748   -1.95668    34.9103    34.9116 0.0000e+00
   1377.000    -0.4175    -0.4189   2.922421   2.922397    314.016     0.1205     0.1017   1933.340   78.82748   -1.95668    34.9103    34.9116 0.0000e+00
   1378.000    -0.4179    -0.4194   2.922418   2.922396    314.265     0.1199     0.1030   1934.324   78.82748   -1.95666    34.9102    34.9116 0.0000e+00
   1379.000    -0.4188    -0.4205   2.922387   2.922351    314.116     0.1207     0.1024   1935.309   78.82748   -1.95666    34.9102    34.9116 0.0000e+00
   1380.000    -0.4200    -0.4215   2.922330   2.922293    313.386     0.1214     0.1005   1936.307   78.82748   -1.95666    34.9102    34.9115 0.0000e+00
   1381.000    -0.4209    -0.4224   2.922293   2.922268    313.057     0.1200     0.1015   1937.304   78.82748   -1.95666    34.9102    34.9116 0.0000e+00
   1382.000    -0.4213    -0.4228   2.922297   2.922277    312.780     0.1179     0.1016   1938.307   78.82750   -1.95664    34.9101    34.9115 0.0000e+00
   1383.000    -0.4212    -0.4227   2.922346   2.922324    312.670     0.1190     0.1026   1939.304   78.82750   -1.95664    34.9101    34.9116 0.0000e+00
   1384.000    -0.4214    -0.4229   2.922378   2.922350    313.213     0.1201     0.1018   1940.297   78.82750   -1.95664    34.9102    34.9115 0.0000e+00
   1385.000    -0.4219    -0.4235   2.922369   2.922342    313.227     0.1222     0.1009   1941.287   78.82750   -1.95664    34.9101    34.9116 0.0000e+00
   1386.000    -0.4224    -0.4239   2.922377   2.922357    313.546     0.1215     0.1010   1942.269   78.82750   -1.95662    34.9102    34.9116 0.0000e+00
   1387.000    -0.4226    -0.4240   2.922405   2.922393    313.738     0.1188     0.1021   1943.259   78.82750   -1.95662    34.9102    34.9117 0.0000e+00
   1388.000    -0.4228    -0.4243   2.922427   2.922414    313.160     0.1193     0.1021   1944.229   78.82750   -1.95662    34.9102    34.9117 0.0000e+00
   1389.000    -0.4232    -0.4247   2.922445   2.922427    312.899     0.1216     0.1003   1945.209   78.82750   -1.95662    34.9103    34.9117 0.0000e+00
   1390.000    -0.4234    -0.4249   2.922471   2.922454    312.700     0.1224     0.1003   1946.185   78.82750   -1.95660    34.9103    34.9118 0.0000e+00
   1391.000    -0.4240    -0.4256   2.922461   2.922429    312.347     0.1223     0.1003   1947.163   78.82750   -1.95660    34.9103    34.9117 0.0000e+00
   1392.000    -0.4259    -0.4275   2.922343   2.922310    312.600     0.1200     0.1013   1948.153   78.82750   -1.95660    34.9103    34.9117 0.0000e+00
   1393.000    -0.4269    -0.4284   2.922310   2.922266    312.859     0.1188     0.1024   1949.129   78.82750   -1.95660    34.9104    34.9116 0.0000e+00
   1394.000    -0.4268    -0.4282   2.922362   2.922343    313.230     0.1214     0.1024   1950.103   78.82750   -1.95658    34.9105    34.9119 0.0000e+00
   1395.000    -0.4268    -0.4283   2.922397   2.922376    312.891     0.1209     0.1016   1951.084   78.82750   -1.95658    34.9104    34.9118 0.0000e+00
   1396.000    -0.4268    -0.4284   2.922438   2.922410    312.786     0.1187     0.1016   1952.070   78.82750   -1.95658    34.9103    34.9118 0.0000e+00
   1397.000    -0.4275    -0.4291   2.922424   2.922386    313.072     0.1171     0.1017   1953.072   78.82750   -1.95658    34.9104    34.9117 0.0000e+00
   1398.000    -0.4279    -0.4294   2.922427   2.922406    312.709     0.1182     0.1016   1954.069   78.82750   -1.95656    34.9104    34.9118 0.0000e+00
   1399.000    -0.4305    -0.4320   2.922232   2.922217    312.707     0.1198     0.1025   1955.071   78.82750   -1.95656    34.9102    34.9116 0.0000e+00
   1400.000    -0.4321    -0.4336   2.922144   2.922131    312.832     0.1187     0.1020   1956.065   78.82750   -1.95656    34.9103    34.9117 0.0000e+00
   1401.000    -0.4328    -0.4343   2.922117   2.922098    312.643     0.1180     0.1016   1957.049   78.82750   -1.95656    34.9101    34.9116 0.0000e+00
   1402.000    -0.4335    -0.4350   2.922112   2.922091    312.450     0.1196     0.1024   1958.021   78.82750   -1.95656    34.9103    34.9117 0.0000e+00
   1403.000    -0.4339    -0.4355   2.922119   2.922102    312.174     0.1227     0.1039   1958.990   78.82750   -1.95655    34.9103    34.9118 0.0000e+00
   1404.000    -0.4346    -0.4361   2.922093   2.922074    312.504     0.1225     0.1026   1959.967   78.82750   -1.95654    34.9102    34.9115 0.0000e+00
   1405.000    -0.4360    -0.4376   2.922016   2.921982    313.304     0.1191     0.1005   1960.951   78.82750   -1.95654    34.9102    34.9115 0.0000e+00
   1406.000    -0.4364    -0.4379   2.922032   2.922011    313.635     0.1166     0.1022   1961.937   78.82750   -1.95654    34.9102    34.9116 0.0000e+00
   1407.000    -0.4364    -0.4379   2.922069   2.922050    313.341     0.1216     0.1019   1962.923   78.82750   -1.95653    34.9102    34.9116 0.0000e+00
   1408.000    -0.4372    -0.4387   2.922049   2.922022    313.138     0.1239     0.1021   1963.911   78.82750   -1.95652    34.9102    34.9115 0.0000e+00
   1409.000    -0.4378    -0.4392   2.922045   2.922011    312.681     0.1279     0.1018   1964.892   78.82750   -1.95652    34.9103    34.9115 0.0000e+00
   1410.000    -0.4383    -0.4399   2.922045   2.922013    312.581     0.1194     0.1005   1965.864   78.82750   -1.95652    34.9103    34.9117 0.0000e+00
   1411.000    -0.4387    -0.4401   2.922052   2.922034    313.146     0.1190     0.1019   1966.842   78.82750   -1.95652    34.9103    34.9116 0.0000e+00
   1412.000    -0.4386    -0.4401   2.922096   2.922082    313.260     0.1177     0.1015   1967.820   78.82750   -1.95651    34.9103    34.9118 0.0000e+00
   1413.000    -0.4386    -0.4400   2.922148   2.922128    312.932     0.1184     0.1006   1968.798   78.82750   -1.95650    34.9104    34.9116 0.0000e+00
   1414.000    -0.4395    -0.4411   2.922105   2.922071    312.722     0.1237     0.1012   1969.796   78.82750   -1.95650    34.9103    34.9116 0.0000e+00
   1415.000    -0.4412    -0.4426   2.922020   2.921992    312.700     0.1228     0.1016   1970.803   78.82750   -1.95650    34.9104    34.9117 0.0000e+00
   1416.000    -0.4411    -0.4426   2.922069   2.922050    312.468     0.1189     0.1011   1971.793   78.82750   -1.95650    34.9104    34.9119 0.0000e+00
   1417.000    -0.4413    -0.4428   2.922108   2.922083    312.186     0.1201     0.1006   1972.780   78.82750   -1.95649    34.9106    34.9120 0.0000e+00
   1418.000    -0.4414    -0.4429   2.922139   2.922125    312.208     0.1201     0.1017   1973.772   78.82750   -1.95648    34.9105    34.9121 0.0000e+00
   1419.000    -0.4414    -0.4429   2.922179   2.922160    312.341     0.1227     0.1017   1974.777   78.82750   -1.95648    34.9106    34.9120 0.0000e+00
   1420.000    -0.4418    -0.4435   2.922190   2.922155    312.488     0.1214     0.1016   1975.797   78.82750   -1.95648    34.9106    34.9121 0.0000e+00
   1421.000    -0.4423    -0.4438   2.922190   2.922168    311.946     0.1210     0.1025   1976.833   78.82750   -1.95647    34.9106    34.9120 0.0000e+00
   1422.000    -0.4428    -0.4444   2.922192   2.922154    311.947     0.1194     0.1018   1977.865   78.82750   -1.95646    34.9106    34.9120 0.0000e+00
   1423.000    -0.4433    -0.4447   2.922184   2.922179    311.855     0.1204     0.1024   1978.885   78.82750   -1.95646    34.9106    34.9121 0.0000e+00
   1424.000    -0.4445    -0.4460   2.922123   2.922091    311.833     0.1238     0.1014   1979.916   78.82750   -1.95646    34.9105    34.9118 0.0000e+00
   1425.000    -0.4464    -0.4479   2.922004   2.921972    312.323     0.1180     0.1009   1980.955   78.82750   -1.95646    34.9105    34.9119 0.0000e+00
   1426.000    -0.4468    -0.4482   2.922005   2.921988    311.845     0.1212     0.1016   1981.999   78.82750   -1.95645    34.9104    34.9118 0.0000e+00
   1427.000    -0.4483    -0.4497   2.921916   2.921903    312.069     0.1203     0.1008   1983.060   78.82750   -1.95644    34.9103    34.9118 0.0000e+00
   1428.000    -0.4505    -0.4520   2.921771   2.921751    312.349     0.1226     0.0991   1984.105   78.82750   -1.95644    34.9104    34.9119 0.0000e+00
   1429.000    -0.4520    -0.4536   2.921678   2.921659    312.364     0.1236     0.0996   1985.153   78.82750   -1.95644    34.9104    34.9119 0.0000e+00
   1430.000    -0.4529    -0.4543   2.921654   2.921632    312.203     0.1235     0.1027   1986.191   78.82750   -1.95644    34.9104    34.9118 0.0000e+00
   1431.000    -0.4539    -0.4551   2.921609   2.921604    311.701     0.1219     0.1027   1987.220   78.82750   -1.95644    34.9104    34.9118 0.0000e+00
   1432.000    -0.4544    -0.4559   2.921606   2.921584    311.852     0.1213     0.1028   1988.249   78.82750   -1.95642    34.9104    34.9118 0.0000e+00
   1433.000    -0.4548    -0.4563   2.921606   2.921592    312.153     0.1228     0.1028   1989.274   78.82750   -1.95642    34.9103    34.9118 0.0000e+00
   1434.000    -0.4555    -0.4569   2.921592   2.921576    312.132     0.1229     0.1027   1990.309   78.82750   -1.95642    34.9104    34.9117 0.0000e+00
   1435.000    -0.4559    -0.4572   2.921611   2.921589    312.059     0.1226     0.1012   1991.352   78.82750   -1.95642    34.9104    34.9117 0.0000e+00
   1436.000    -0.4556    -0.4571   2.921665   2.921650    312.985     0.1209     0.1009   1992.392   78.82750   -1.95642    34.9103    34.9118 0.0000e+00
   1437.000    -0.4556    -0.4571   2.921721   2.921699    312.989     0.1190     0.1010   1993.431   78.82750   -1.95640    34.9104    34.9118 0.0000e+00
   1438.000    -0.4557    -0.4572   2.921750   2.921725    312.528     0.1220     0.1006   1994.466   78.82750   -1.95640    34.9105    34.9117 0.0000e+00
   1439.000    -0.4556    -0.4570   2.921806   2.921785    312.579     0.1205     0.1016   1995.500   78.82750   -1.95640    34.9105    34.9118 0.0000e+00
   1440.000    -0.4562    -0.4576   2.921793   2.921786    312.693     0.1220     0.1016   1996.545   78.82750   -1.95640    34.9105    34.9119 0.0000e+00
   1441.000    -0.4563    -0.4578   2.921824   2.921806    312.311     0.1180     0.1017   1997.584   78.82750   -1.95640    34.9104    34.9118 0.0000e+00
   1442.000    -0.4565    -0.4580   2.921851   2.921826    311.859     0.1210     0.1017   1998.628   78.82750   -1.95640    34.9105    34.9118 0.0000e+00
   1443.000    -0.4568    -0.4581   2.921871   2.921857    311.926     0.1224     0.1016   1999.664   78.82750   -1.95638    34.9104    34.9118 0.0000e+00
   1444.000    -0.4570    -0.4583   2.921896   2.921890    312.007     0.1243     0.1017   2000.702   78.82750   -1.95638    34.9105    34.9119 0.0000e+00
   1445.000    -0.4589    -0.4604   2.921774   2.921743    311.523     0.1259     0.1026   2001.743   78.82750   -1.95638    34.9104    34.9117 0.0000e+00
   1446.000    -0.4601    -0.4615   2.921709   2.921696    311.313     0.1214     0.1020   2002.781   78.82750   -1.95638    34.9104    34.9118 0.0000e+00
