test_project/cnv_files/003_bin.cnv
* Sea-Bird SBE 9 Data File:
* FileName = C:\Documents and Settings\ctd\Desktop\FS2022\data\003.hex
* Software Version Seasave V 7.21b
* Temperature SN = 2400
* Conductivity SN = 3447
* Number of Bytes Per Scan = 48
* Number of Voltage Words = 5
* Number of Scans Averaged by the Deck Unit = 1
* NMEA Latitude = 78 49.67 N
* NMEA Longitude = 001 57.23 W
* NMEA UTC (Time) = Sep 11 2022  11:09:59
* NMEA baud rate = 4800
** Cruise: FS 2022
** Ship: Silver Arctic
** Station (File Number):  003
** Latitude:
** Longitude:
** Echodepth (m):
** Seastate:
# nquan = 14
# nvalues = 2702                        
# units = specified
# name 0 = prDM: Pressure, Digiquartz [db]
# name 1 = t090C: Temperature [ITS-90, deg C]
# name 2 = t190C: Temperature, 2 [ITS-90, deg C]
# name 3 = c0S/m: Conductivity [S/m]
# name 4 = c1S/m: Conductivity, 2 [S/m]
# name 5 = sbox0Mm/Kg: Oxygen, SBE 43 [umol/kg]
# name 6 = wetCDOM: Fluorescence, WET Labs CDOM [mg/m^3]
# name 7 = wetCDOM1: Fluorescence, WET Labs CDOM, 2 [mg/m^3]
# name 8 = timeS: Time, Elapsed [seconds]
# name 9 = latitude: Latitude [deg]
# name 10 = longitude: Longitude [deg]
# name 11 = sal00: Salinity, Practical [PSU]
# name 12 = sal11: Salinity, Practical, 2 [PSU]
# name 13 = flag: flag
# span 0 =      2.000,   2704.000       
# span 1 =    -0.7074,     5.3337       
# span 2 =    -0.7090,     5.3322       
# span 3 =   2.650168,   3.332893       
# span 4 =   2.660486,   3.332622       
# span 5 =    296.635,    389.431       
# span 6 =     0.1006,     0.1426       
# span 7 =     0.0933,     0.1136       
# span 8 =    522.007,   3385.156       
# span 9 =   78.82658,   78.83561       
# span 10 =   -1.96046,   -1.95257      
# span 11 =    31.4126,    34.9907      
# span 12 =    31.4607,    34.9916      
# span 13 = 0.0000e+00, 0.0000e+00      
# interval = decibars: 1                
# start_time = Sep 11 2022 11:10:00 [NMEA time, first data scan]
# bad_flag = -9.990e-29
*END*
[from data line 2065]
   2067.000    -0.6861    -0.6877   2.928221   2.928205    299.990     0.1224     0.1046   2630.017   78.82690   -1.95634    34.9123    34.9139 0.0000e+00
   2068.000    -0.6860    -0.6876   2.928274   2.928254    299.762     0.1204     0.1037   2631.048   78.82690   -1.95634    34.9124    34.9139 0.0000e+00
   2069.000    -0.6858    -0.6875   2.928334   2.928302    299.905     0.1242     0.1064   2632.075   78.82690   -1.95636    34.9124    34.9139 0.0000e+00
   2070.000    -0.6861    -0.6876   2.928340   2.928331    299.447     0.1239     0.1041   2633.091   78.82690   -1.95636    34.9123    34.9139 0.0000e+00
   2071.000    -0.6863    -0.6879   2.928367   2.928359    300.028     0.1275     0.1019   2634.111   78.82690   -1.95636    34.9123    34.9140 0.0000e+00
   2072.000    -0.6862    -0.6878   2.928417   2.928403    300.375     0.1256     0.1026   2635.139   78.82690   -1.95636    34.9124    34.9139 0.0000e+00
   2073.000    -0.6863    -0.6878   2.928461   2.928442    299.769     0.1243     0.1036   2636.160   78.82690   -1.95638    34.9125    34.9139 0.0000e+00
   2074.000    -0.6863    -0.6878   2.928492   2.928475    299.836     0.1246     0.1031   2637.192   78.82690   -1.95638    34.9124    34.9138 0.0000e+00
   2075.000    -0.6865    -0.6880   2.928524   2.928506    299.398     0.1225     0.1022   2638.225   78.82690   -1.95638    34.9125    34.9140 0.0000e+00
   2076.000    -0.6864    -0.6880   2.928566   2.928541    299.303     0.1226     0.1023   2639.254   78.82690   -1.95638    34.9124    34.9139 0.0000e+00
   2077.000    -0.6864    -0.6879   2.928599   2.928590    299.397     0.1241     0.1032   2640.275   78.82690   -1.95638    34.9124    34.9139 0.0000e+00
   2078.000    -0.6865    -0.6879   2.928643   2.928633    299.215     0.1269     0.1034   2641.303   78.82690   -1.95640    34.9125    34.9139 0.0000e+00
   2079.000    -0.6875    -0.6890   2.928584   2.928579    299.596     0.1238     0.1006   2642.330   78.82690   -1.95640    34.9123    34.9139 0.0000e+00
   2080.000    -0.6876    -0.6892   2.928619   2.928604    300.056     0.1224     0.1026   2643.368   78.82690   -1.95640    34.9124    34.9139 0.0000e+00
   2081.000    -0.6877    -0.6893   2.928647   2.928632    300.392     0.1224     0.1017   2644.407   78.82688   -1.95640    34.9123    34.9139 0.0000e+00
   2082.000    -0.6879    -0.6894   2.928674   2.928660    300.680     0.1252     0.1016   2645.460   78.82688   -1.95642    34.9123    34.9139 0.0000e+00
   2083.000    -0.6883    -0.6898   2.928677   2.928664    300.565     0.1244     0.1016   2646.499   78.82688   -1.95642    34.9123    34.9138 0.0000e+00
   2084.000    -0.6888    -0.6903   2.928673   2.928656    300.766     0.1266     0.1024   2647.532   78.82688   -1.95642    34.9123    34.9138 0.0000e+00
   2085.000    -0.6889    -0.6904   2.928708   2.928694    300.463     0.1299     0.1022   2648.548   78.82688   -1.95642    34.9123    34.9139 0.0000e+00
   2086.000    -0.6889    -0.6905   2.928749   2.928736    300.242     0.1301     0.1028   2649.561   78.82688   -1.95644    34.9123    34.9139 0.0000e+00
   2087.000    -0.6890    -0.6905   2.928781   2.928764    300.480     0.1289     0.1038   2650.568   78.82688   -1.95644    34.9123    34.9138 0.0000e+00
   2088.000    -0.6888    -0.6904   2.928835   2.928823    300.348     0.1292     0.1026   2651.583   78.82688   -1.95644    34.9123    34.9140 0.0000e+00
   2089.000    -0.6888    -0.6903   2.928869   2.928866    299.747     0.1271     0.1017   2652.620   78.82688   -1.95645    34.9122    34.9139 0.0000e+00
   2090.000    -0.6887    -0.6904   2.928924   2.928898    299.677     0.1261     0.1026   2653.659   78.82688   -1.95646    34.9123    34.9138 0.0000e+00
   2091.000    -0.6888    -0.6904   2.928960   2.928935    299.279     0.1251     0.1019   2654.699   78.82688   -1.95646    34.9123    34.9138 0.0000e+00
   2092.000    -0.6891    -0.6906   2.928976   2.928968    299.379     0.1280     0.1036   2655.731   78.82688   -1.95646    34.9123    34.9139 0.0000e+00
   2093.000    -0.6893    -0.6909   2.928998   2.928984    300.017     0.1246     0.1031   2656.762   78.82688   -1.95646    34.9124    34.9140 0.0000e+00
   2094.000    -0.6895    -0.6910   2.929020   2.929014    300.086     0.1229     0.1045   2657.796   78.82688   -1.95647    34.9123    34.9139 0.0000e+00
   2095.000    -0.6900    -0.6915   2.929020   2.929006    299.674     0.1257     0.1037   2658.839   78.82688   -1.95648    34.9124    34.9138 0.0000e+00
   2096.000    -0.6901    -0.6916   2.929043   2.929035    299.809     0.1257     0.1027   2659.893   78.82688   -1.95648    34.9122    34.9138 0.0000e+00
   2097.000    -0.6904    -0.6919   2.929062   2.929061    299.759     0.1262     0.1027   2660.951   78.82688   -1.95648    34.9123    34.9140 0.0000e+00
   2098.000    -0.6906    -0.6922   2.929087   2.929070    299.601     0.1261     0.1024   2662.007   78.82688   -1.95649    34.9123    34.9140 0.0000e+00
   2099.000    -0.6909    -0.6925   2.929104   2.929098    300.134     0.1248     0.1017   2663.044   78.82688   -1.95650    34.9124    34.9140 0.0000e+00
   2100.000    -0.6910    -0.6925   2.929140   2.929127    300.342     0.1243     0.1017   2664.063   78.82688   -1.95650    34.9124    34.9139 0.0000e+00
   2101.000    -0.6910    -0.6925   2.929175   2.929167    300.091     0.1239     0.1017   2665.076   78.82688   -1.95650    34.9124    34.9140 0.0000e+00
   2102.000    -0.6910    -0.6926   2.929218   2.929209    299.666     0.1251     0.1027   2666.081   78.82688   -1.95651    34.9124    34.9140 0.0000e+00
   2103.000    -0.6911    -0.6926   2.929247   2.929235    299.763     0.1270     0.1027   2667.055   78.82688   -1.95652    34.9123    34.9139 0.0000e+00
   2104.000    -0.6913    -0.6928   2.929282   2.929268    299.933     0.1232     0.1037   2668.006   78.82688   -1.95652    34.9125    34.9140 0.0000e+00
   2105.000    -0.6913    -0.6928   2.929316   2.929305    299.826     0.1217     0.1041   2668.958   78.82688   -1.95652    34.9124    34.9139 0.0000e+00
   2106.000    -0.6915    -0.6930   2.929336   2.929321    300.172     0.1211     0.1041   2669.922   78.82687   -1.95653    34.9124    34.9139 0.0000e+00
   2107.000    -0.6917    -0.6933   2.929358   2.929342    300.316     0.1236     0.1039   2670.875   78.82686   -1.95654    34.9124    34.9139 0.0000e+00
   2108.000    -0.6926    -0.6941   2.929316   2.929311    299.666     0.1264     0.1018   2671.838   78.82686   -1.95654    34.9123    34.9139 0.0000e+00
   2109.000    -0.6930    -0.6945   2.929330   2.929322    299.674     0.1239     0.1027   2672.803   78.82686   -1.95654    34.9124    34.9139 0.0000e+00
   2110.000    -0.6931    -0.6945   2.929362   2.929358    299.635     0.1237     0.1027   2673.766   78.82686   -1.95655    34.9124    34.9140 0.0000e+00
   2111.000    -0.6931    -0.6947   2.929399   2.929390    299.415     0.1245     0.1029   2674.735   78.82686   -1.95656    34.9124    34.9140 0.0000e+00
   2112.000    -0.6930    -0.6945   2.929450   2.929445    299.470     0.1248     0.1024   2675.710   78.82686   -1.95656    34.9124    34.9140 0.0000e+00
   2113.000    -0.6933    -0.6948   2.929461   2.929451    299.483     0.1248     0.1020   2676.691   78.82686   -1.95656    34.9123    34.9138 0.0000e+00
   2114.000    -0.6930    -0.6947   2.929535   2.929520    299.440     0.1253     0.1028   2677.673   78.82686   -1.95657    34.9124    34.9141 0.0000e+00
   2115.000    -0.6930    -0.6947   2.929570   2.929554    299.236     0.1252     0.1039   2678.650   78.82686   -1.95658    34.9124    34.9141 0.0000e+00
   2116.000    -0.6928    -0.6943   2.929645   2.929628    298.979     0.1228     0.1039   2679.628   78.82686   -1.95658    34.9126    34.9141 0.0000e+00
   2117.000    -0.6926    -0.6941   2.929697   2.929685    299.441     0.1244     0.1031   2680.586   78.82686   -1.95658    34.9125    34.9141 0.0000e+00
   2118.000    -0.6923    -0.6938   2.929762   2.929760    300.010     0.1215     0.1029   2681.539   78.82686   -1.95658    34.9125    34.9141 0.0000e+00
   2119.000    -0.6924    -0.6940   2.929790   2.929774    299.702     0.1237     0.1028   2682.507   78.82686   -1.95660    34.9125    34.9141 0.0000e+00
   2120.000    -0.6928    -0.6944   2.929803   2.929779    299.781     0.1232     0.1030   2683.465   78.82686   -1.95660    34.9126    34.9140 0.0000e+00
   2121.000    -0.6925    -0.6942   2.929871   2.929848    300.305     0.1253     0.1041   2684.434   78.82686   -1.95660    34.9126    34.9142 0.0000e+00
   2122.000    -0.6919    -0.6934   2.929970   2.929977    300.788     0.1257     0.1030   2685.402   78.82686   -1.95660    34.9127    34.9144 0.0000e+00
   2123.000    -0.6920    -0.6934   2.930011   2.930006    300.512     0.1203     0.1019   2686.365   78.82686   -1.95662    34.9129    34.9144 0.0000e+00
   2124.000    -0.6925    -0.6939   2.929997   2.929995    300.185     0.1215     0.1024   2687.332   78.82686   -1.95662    34.9127    34.9142 0.0000e+00
   2125.000    -0.6930    -0.6946   2.929999   2.929966    299.610     0.1244     0.1033   2688.298   78.82686   -1.95662    34.9127    34.9141 0.0000e+00
   2126.000    -0.6940    -0.6954   2.929938   2.929940    299.334     0.1238     0.1033   2689.263   78.82686   -1.95662    34.9125    34.9141 0.0000e+00
   2127.000    -0.6945    -0.6960   2.929934   2.929927    299.595     0.1245     0.1017   2690.240   78.82686   -1.95664    34.9125    34.9141 0.0000e+00
   2128.000    -0.6939    -0.6955   2.930031   2.930019    299.670     0.1231     0.1018   2691.209   78.82686   -1.95664    34.9126    34.9142 0.0000e+00
   2129.000    -0.6929    -0.6946   2.930175   2.930142    299.677     0.1217     0.1027   2692.179   78.82686   -1.95664    34.9128    34.9143 0.0000e+00
   2130.000    -0.6931    -0.6946   2.930196   2.930186    299.613     0.1232     0.1028   2693.150   78.82684   -1.95664    34.9128    34.9144 0.0000e+00
   2131.000    -0.6935    -0.6950   2.930210   2.930199    299.754     0.1259     0.1029   2694.119   78.82684   -1.95666    34.9128    34.9144 0.0000e+00
   2132.000    -0.6931    -0.6945   2.930276   2.930278    299.123     0.1249     0.1038   2695.084   78.82684   -1.95666    34.9128    34.9144 0.0000e+00
   2133.000    -0.6932    -0.6946   2.930316   2.930313    299.221     0.1239     0.1048   2696.047   78.82684   -1.95666    34.9129    34.9145 0.0000e+00
   2134.000    -0.6930    -0.6945   2.930370   2.930368    299.730     0.1243     0.1029   2697.009   78.82684   -1.95666    34.9129    34.9146 0.0000e+00
   2135.000    -0.6930    -0.6945   2.930412   2.930405    299.853     0.1242     0.1028   2697.971   78.82684   -1.95667    34.9129    34.9145 0.0000e+00
   2136.000    -0.6930    -0.6945   2.930462   2.930446    299.427     0.1237     0.1036   2698.933   78.82684   -1.95668    34.9130    34.9144 0.0000e+00
   2137.000    -0.6931    -0.6946   2.930492   2.930479    299.153     0.1238     0.1025   2699.899   78.82684   -1.95668    34.9130    34.9145 0.0000e+00
   2138.000    -0.6932    -0.6947   2.930521   2.930509    298.778     0.1244     0.1019   2700.858   78.82684   -1.95668    34.9129    34.9145 0.0000e+00
   2139.000    -0.6932    -0.6946   2.930567   2.930564    299.052     0.1226     0.1022   2701.837   78.82684   -1.95669    34.9130    34.9145 0.0000e+00
   2140.000    -0.6929    -0.6944   2.930626   2.930616    299.081     0.1242     0.1031   2702.806   78.82684   -1.95670    34.9130    34.9145 0.0000e+00
   2141.000    -0.6931    -0.6947   2.930647   2.930636    298.923     0.1274     0.1041   2703.784   78.82684   -1.95670    34.9129    34.9145 0.0000e+00
   2142.000    -0.6936    -0.6951   2.930656   2.930649    299.070     0.1285     0.1030   2704.759   78.82684   -1.95670    34.9130    34.9146 0.0000e+00
   2143.000    -0.6941    -0.6956   2.930637   2.930630    299.234     0.1260     0.1039   2705.734   78.82684   -1.95671    34.9128    34.9144 0.0000e+00
   2144.000    -0.6949    -0.6965   2.930606   2.930588    299.076     0.1227     0.1033   2706.698   78.82684   -1.95672    34.9128    34.9143 0.0000e+00
   2145.000    -0.6957    -0.6974   2.930565   2.930536    299.357     0.1234     0.1034   2707.655   78.82684   -1.95672    34.9127    34.9141 0.0000e+00
   2146.000    -0.6955    -0.6972   2.930632   2.930611    299.791     0.1215     0.1035   2708.612   78.82684   -1.95672    34.9128    34.9144 0.0000e+00
   2147.000    -0.6947    -0.6962   2.930748   2.930743    299.235     0.1234     0.1019   2709.572   78.82684   -1.95672    34.9129    34.9145 0.0000e+00
   2148.000    -0.6945    -0.6961   2.930812   2.930797    299.371     0.1279     0.1027   2710.537   78.82684   -1.95674    34.9130    34.9146 0.0000e+00
   2149.000    -0.6948    -0.6964   2.930817   2.930802    299.768     0.1255     0.1027   2711.508   78.82684   -1.95674    34.9128    34.9144 0.0000e+00
   2150.000    -0.6951    -0.6967   2.930832   2.930816    299.902     0.1232     0.1020   2712.485   78.82684   -1.95674    34.9128    34.9144 0.0000e+00
   2151.000    -0.6952    -0.6967   2.930870   2.930863    299.913     0.1241     0.1015   2713.451   78.82684   -1.95674    34.9129    34.9145 0.0000e+00
   2152.000    -0.6955    -0.6971   2.930881   2.930856    299.300     0.1223     0.1030   2714.419   78.82684   -1.95676    34.9129    34.9143 0.0000e+00
   2153.000    -0.6958    -0.6975   2.930887   2.930866    299.232     0.1215     0.1047   2715.381   78.82684   -1.95676    34.9127    34.9144 0.0000e+00
   2154.000    -0.6961    -0.6978   2.930901   2.930874    299.314     0.1242     0.1029   2716.330   78.82684   -1.95676    34.9128    34.9143 0.0000e+00
   2155.000    -0.6956    -0.6972   2.930989   2.930968    299.540     0.1247     0.1029   2717.283   78.82684   -1.95676    34.9128    34.9143 0.0000e+00
   2156.000    -0.6957    -0.6973   2.931017   2.931002    299.194     0.1233     0.1027   2718.239   78.82684   -1.95678    34.9128    34.9144 0.0000e+00
   2157.000    -0.6954    -0.6969   2.931083   2.931092    298.880     0.1245     0.1021   2719.207   78.82684   -1.95678    34.9128    34.9145 0.0000e+00
   2158.000    -0.6954    -0.6970   2.931121   2.931118    299.103     0.1271     0.1017   2720.201   78.82684   -1.95678    34.9128    34.9145 0.0000e+00
   2159.000    -0.6955    -0.6971   2.931151   2.931145    298.850     0.1263     0.1024   2721.192   78.82684   -1.95678    34.9127    34.9144 0.0000e+00
   2160.000    -0.6953    -0.6969   2.931214   2.931203    299.065     0.1263     0.1037   2722.177   78.82684   -1.95680    34.9128    34.9144 0.0000e+00
   2161.000    -0.6953    -0.6970   2.931247   2.931225    299.251     0.1263     0.1029   2723.155   78.82683   -1.95680    34.9127    34.9144 0.0000e+00
   2162.000    -0.6955    -0.6969   2.931271   2.931283    299.316     0.1271     0.1028   2724.121   78.82682   -1.95680    34.9128    34.9145 0.0000e+00
   2163.000    -0.6958    -0.6973   2.931286   2.931285    298.935     0.1266     0.1038   2725.071   78.82682   -1.95680    34.9128    34.9144 0.0000e+00
   2164.000    -0.6960    -0.6976   2.931303   2.931304    298.908     0.1267     0.1033   2726.021   78.82682   -1.95681    34.9127    34.9144 0.0000e+00
   2165.000    -0.6960    -0.6975   2.931341   2.931336    299.046     0.1255     0.1028   2726.970   78.82682   -1.95682    34.9126    34.9143 0.0000e+00
   2166.000    -0.6960    -0.6976   2.931383   2.931370    299.220     0.1217     0.1026   2727.928   78.82682   -1.95682    34.9126    34.9142 0.0000e+00
   2167.000    -0.6960    -0.6975   2.931428   2.931419    299.095     0.1236     0.1017   2728.904   78.82682   -1.95682    34.9127    34.9144 0.0000e+00
   2168.000    -0.6948    -0.6968   2.931588   2.931539    299.186     0.1259     0.1029   2729.884   78.82682   -1.95683    34.9130    34.9146 0.0000e+00
