test_project/cnv_files/003_bin.cnv
* Sea-Bird SBE 9 Data File:
* FileName = C:\Documents and Settings\ctd\Desktop\FS2022\data\003.hex
* Software Version Seasave V 7.21b
* Temperature SN = 2400
* Conductivity SN = 3447
* Number of Bytes Per Scan = 48
* Number of Voltage Words = 5
* Number of Scans Averaged by the Deck Unit = 1
* NMEA Latitude = 78 49.67 N
* NMEA Longitude = 001 57.23 W
* NMEA UTC (Time) = Sep 11 2022  11:09:59
* NMEA baud rate = 4800
** Cruise: FS 2022
** Ship: Silver Arctic
** Station (File Number):  003
** Latitude:
** Longitude:
** Echodepth (m):
** Seastate:
# nquan = 14
# nvalues = 2702                        
# units = specified
# name 0 = prDM: Pressure, Digiquartz [db]
# name 1 = t090C: Temperature [ITS-90, deg C]
# name 2 = t190C: Temperature, 2 [ITS-90, deg C]
# name 3 = c0S/m: Conductivity [S/m]
# name 4 = c1S/m: Conductivity, 2 [S/m]
# name 5 = sbox0Mm/Kg: Oxygen, SBE 43 [umol/kg]
# name 6 = wetCDOM: Fluorescence, WET Labs CDOM [mg/m^3]
# name 7 = wetCDOM1: Fluorescence, WET Labs CDOM, 2 [mg/m^3]
# name 8 = timeS: Time, Elapsed [seconds]
# name 9 = latitude: Latitude [deg]
# name 10 = longitude: Longitude [deg]
# name 11 = sal00: Salinity, Practical [PSU]
# name 12 = sal11: Salinity, Practical, 2 [PSU]
# name 13 = flag: flag
# span 0 =      2.000,   2704.000       
# span 1 =    -0.7074,     5.3337       
# span 2 =    -0.7090,     5.3322       
# span 3 =   2.650168,   3.332893       
# span 4 =   2.660486,   3.332622       
# span 5 =    296.635,    389.431       
# span 6 =     0.1006,     0.1426       
# span 7 =     0.0933,     0.1136       
# span 8 =    522.007,   3385.156       
# span 9 =   78.82658,   78.83561       
# span 10 =   -1.96046,   -1.95257      
# span 11 =    31.4126,    34.9907      
# span 12 =    31.4607,    34.9916      
# span 13 = 0.0000e+00, 0.0000e+00      
# interval = decibars: 1                
# start_time = Sep 11 2022 11:10:00 [NMEA time, first data scan]
# bad_flag = -9.990e-29
*END*
[from data line 2375]
   2377.000    -0.7044    -0.7058   2.939179   2.939169    298.694     0.1235     0.1015   2940.093   78.82668   -1.95790    34.9143    34.9158 0.0000e+00
   2378.000    -0.7050    -0.7066   2.939170   2.939160    298.294     0.1245     0.1012   2941.095   78.82668   -1.95790    34.9143    34.9160 0.0000e+00
   2379.000    -0.7052    -0.7067   2.939184   2.939180    298.604     0.1218     0.1027   2942.103   78.82666   -1.95792    34.9142    34.9159 0.0000e+00
   2380.000    -0.7051    -0.7066   2.939236   2.939220    298.494     0.1248     0.1029   2943.099   78.82666   -1.95792    34.9143    34.9158 0.0000e+00
   2381.000    -0.7050    -0.7066   2.939280   2.939263    298.370     0.1268     0.1049   2944.102   78.82666   -1.95792    34.9143    34.9158 0.0000e+00
   2382.000    -0.7050    -0.7064   2.939324   2.939321    298.602     0.1278     0.1041   2945.100   78.82666   -1.95792    34.9143    34.9159 0.0000e+00
   2383.000    -0.7049    -0.7064   2.939377   2.939372    298.486     0.1281     0.1048   2946.101   78.82666   -1.95794    34.9144    34.9160 0.0000e+00
   2384.000    -0.7047    -0.7063   2.939429   2.939421    298.133     0.1275     0.1027   2947.107   78.82666   -1.95794    34.9143    34.9160 0.0000e+00
   2385.000    -0.7046    -0.7061   2.939473   2.939469    298.207     0.1271     0.1015   2948.108   78.82666   -1.95794    34.9143    34.9159 0.0000e+00
   2386.000    -0.7046    -0.7061   2.939519   2.939503    298.314     0.1196     0.1016   2949.103   78.82666   -1.95794    34.9144    34.9158 0.0000e+00
   2387.000    -0.7045    -0.7060   2.939571   2.939561    298.803     0.1241     0.1018   2950.107   78.82666   -1.95796    34.9144    34.9159 0.0000e+00
   2388.000    -0.7044    -0.7060   2.939615   2.939606    299.124     0.1188     0.1029   2951.109   78.82666   -1.95796    34.9143    34.9160 0.0000e+00
   2389.000    -0.7043    -0.7058   2.939657   2.939650    298.877     0.1194     0.1037   2952.109   78.82666   -1.95796    34.9143    34.9158 0.0000e+00
   2390.000    -0.7042    -0.7057   2.939715   2.939707    298.647     0.1222     0.1017   2953.111   78.82666   -1.95796    34.9144    34.9160 0.0000e+00
   2391.000    -0.7040    -0.7054   2.939770   2.939763    298.326     0.1231     0.1036   2954.121   78.82666   -1.95798    34.9144    34.9159 0.0000e+00
   2392.000    -0.7038    -0.7052   2.939837   2.939822    297.880     0.1224     0.1032   2955.121   78.82666   -1.95798    34.9145    34.9160 0.0000e+00
   2393.000    -0.7040    -0.7054   2.939848   2.939847    297.663     0.1234     0.1035   2956.116   78.82666   -1.95798    34.9144    34.9160 0.0000e+00
   2394.000    -0.7038    -0.7054   2.939913   2.939892    297.650     0.1267     0.1035   2957.107   78.82666   -1.95798    34.9145    34.9160 0.0000e+00
   2395.000    -0.7041    -0.7056   2.939928   2.939910    297.750     0.1283     0.1030   2958.101   78.82666   -1.95800    34.9145    34.9160 0.0000e+00
   2396.000    -0.7044    -0.7060   2.939932   2.939915    297.597     0.1272     0.1035   2959.100   78.82666   -1.95800    34.9144    34.9159 0.0000e+00
   2397.000    -0.7044    -0.7059   2.939979   2.939965    297.708     0.1273     0.1019   2960.104   78.82666   -1.95800    34.9144    34.9160 0.0000e+00
   2398.000    -0.7043    -0.7059   2.940018   2.940005    297.242     0.1266     0.1039   2961.112   78.82666   -1.95800    34.9144    34.9159 0.0000e+00
   2399.000    -0.7043    -0.7058   2.940055   2.940051    297.279     0.1269     0.1029   2962.123   78.82666   -1.95802    34.9143    34.9160 0.0000e+00
   2400.000    -0.7043    -0.7058   2.940104   2.940095    297.552     0.1247     0.1028   2963.115   78.82666   -1.95802    34.9144    34.9160 0.0000e+00
   2401.000    -0.7042    -0.7057   2.940147   2.940143    297.857     0.1242     0.1027   2964.113   78.82666   -1.95802    34.9144    34.9160 0.0000e+00
   2402.000    -0.7041    -0.7057   2.940198   2.940186    297.795     0.1266     0.1026   2965.103   78.82666   -1.95802    34.9145    34.9160 0.0000e+00
   2403.000    -0.7037    -0.7054   2.940282   2.940244    298.004     0.1251     0.1035   2966.098   78.82666   -1.95803    34.9146    34.9160 0.0000e+00
   2404.000    -0.7037    -0.7051   2.940315   2.940315    298.003     0.1263     0.1048   2967.094   78.82666   -1.95804    34.9145    34.9161 0.0000e+00
   2405.000    -0.7038    -0.7053   2.940342   2.940339    297.974     0.1270     0.1039   2968.095   78.82666   -1.95804    34.9144    34.9161 0.0000e+00
   2406.000    -0.7028    -0.7046   2.940484   2.940447    297.870     0.1231     0.1027   2969.105   78.82666   -1.95804    34.9147    34.9162 0.0000e+00
   2407.000    -0.7027    -0.7042   2.940531   2.940523    298.502     0.1253     0.1018   2970.113   78.82666   -1.95806    34.9147    34.9162 0.0000e+00
   2408.000    -0.7026    -0.7041   2.940582   2.940575    299.091     0.1246     0.1023   2971.122   78.82666   -1.95806    34.9147    34.9163 0.0000e+00
   2409.000    -0.7025    -0.7040   2.940634   2.940609    298.883     0.1230     0.1028   2972.127   78.82666   -1.95806    34.9147    34.9162 0.0000e+00
   2410.000    -0.7024    -0.7038   2.940681   2.940678    297.786     0.1223     0.1027   2973.114   78.82666   -1.95806    34.9148    34.9162 0.0000e+00
   2411.000    -0.7024    -0.7039   2.940714   2.940705    297.810     0.1216     0.1024   2974.104   78.82666   -1.95808    34.9147    34.9162 0.0000e+00
   2412.000    -0.7023    -0.7039   2.940757   2.940745    297.672     0.1214     0.1020   2975.102   78.82666   -1.95808    34.9146    34.9162 0.0000e+00
   2413.000    -0.7024    -0.7039   2.940788   2.940779    297.536     0.1283     0.1040   2976.098   78.82666   -1.95808    34.9146    34.9162 0.0000e+00
   2414.000    -0.7023    -0.7038   2.940844   2.940839    298.050     0.1295     0.1048   2977.108   78.82666   -1.95808    34.9147    34.9163 0.0000e+00
   2415.000    -0.7021    -0.7035   2.940903   2.940907    297.818     0.1243     0.1008   2978.109   78.82666   -1.95810    34.9147    34.9164 0.0000e+00
   2416.000    -0.7021    -0.7034   2.940945   2.940948    298.148     0.1219     0.1021   2979.112   78.82666   -1.95810    34.9147    34.9163 0.0000e+00
   2417.000    -0.7012    -0.7028   2.941072   2.941048    298.133     0.1211     0.1027   2980.106   78.82664   -1.95810    34.9149    34.9164 0.0000e+00
   2418.000    -0.7011    -0.7025   2.941133   2.941119    298.059     0.1239     0.1015   2981.100   78.82664   -1.95810    34.9150    34.9165 0.0000e+00
   2419.000    -0.7017    -0.7030   2.941115   2.941112    298.266     0.1254     0.1009   2982.104   78.82664   -1.95812    34.9150    34.9164 0.0000e+00
   2420.000    -0.7022    -0.7033   2.941097   2.941121    298.490     0.1246     0.1021   2983.104   78.82664   -1.95812    34.9148    34.9163 0.0000e+00
   2421.000    -0.7031    -0.7045   2.941050   2.941047    298.645     0.1250     0.1038   2984.101   78.82664   -1.95812    34.9147    34.9162 0.0000e+00
   2422.000    -0.7018    -0.7034   2.941209   2.941189    298.391     0.1261     0.1037   2985.101   78.82664   -1.95812    34.9148    34.9163 0.0000e+00
   2423.000    -0.7003    -0.7019   2.941389   2.941373    297.937     0.1261     0.1018   2986.106   78.82664   -1.95814    34.9150    34.9165 0.0000e+00
   2424.000    -0.7006    -0.7023   2.941397   2.941366    298.006     0.1228     0.1024   2987.112   78.82664   -1.95814    34.9149    34.9164 0.0000e+00
   2425.000    -0.7029    -0.7043   2.941232   2.941227    298.075     0.1196     0.1010   2988.113   78.82664   -1.95814    34.9148    34.9163 0.0000e+00
   2426.000    -0.7029    -0.7044   2.941265   2.941249    298.341     0.1205     0.1016   2989.102   78.82664   -1.95814    34.9147    34.9162 0.0000e+00
   2427.000    -0.7025    -0.7040   2.941332   2.941338    298.412     0.1226     0.1027   2990.088   78.82664   -1.95816    34.9147    34.9164 0.0000e+00
   2428.000    -0.7029    -0.7044   2.941350   2.941337    298.203     0.1235     0.1031   2991.084   78.82664   -1.95816    34.9148    34.9163 0.0000e+00
   2429.000    -0.7028    -0.7045   2.941387   2.941370    298.372     0.1240     0.1039   2992.086   78.82664   -1.95816    34.9147    34.9163 0.0000e+00
   2430.000    -0.7034    -0.7047   2.941377   2.941375    297.622     0.1248     0.1028   2993.097   78.82664   -1.95817    34.9147    34.9161 0.0000e+00
   2431.000    -0.7044    -0.7060   2.941325   2.941308    298.202     0.1243     0.1039   2994.108   78.82664   -1.95818    34.9145    34.9161 0.0000e+00
   2432.000    -0.7041    -0.7057   2.941387   2.941365    298.576     0.1205     0.1039   2995.105   78.82664   -1.95818    34.9146    34.9161 0.0000e+00
   2433.000    -0.7043    -0.7060   2.941411   2.941380    298.659     0.1232     0.1040   2996.108   78.82664   -1.95818    34.9146    34.9161 0.0000e+00
   2434.000    -0.7046    -0.7061   2.941422   2.941409    298.613     0.1207     0.1033   2997.096   78.82664   -1.95820    34.9145    34.9161 0.0000e+00
   2435.000    -0.7041    -0.7058   2.941508   2.941476    298.451     0.1210     0.1027   2998.088   78.82664   -1.95820    34.9146    34.9161 0.0000e+00
   2436.000    -0.7047    -0.7064   2.941490   2.941461    297.336     0.1213     0.1031   2999.089   78.82664   -1.95820    34.9146    34.9161 0.0000e+00
   2437.000    -0.7048    -0.7064   2.941520   2.941510    297.185     0.1217     0.1039   3000.103   78.82664   -1.95822    34.9145    34.9162 0.0000e+00
   2438.000    -0.7044    -0.7061   2.941598   2.941568    297.254     0.1222     0.1026   3001.115   78.82664   -1.95822    34.9146    34.9160 0.0000e+00
   2439.000    -0.7042    -0.7057   2.941652   2.941647    297.729     0.1213     0.1028   3002.129   78.82664   -1.95822    34.9145    34.9162 0.0000e+00
   2440.000    -0.7056    -0.7071   2.941562   2.941560    297.485     0.1221     0.1038   3003.141   78.82664   -1.95822    34.9144    34.9160 0.0000e+00
   2441.000    -0.7063    -0.7079   2.941535   2.941531    297.791     0.1268     0.1030   3004.149   78.82664   -1.95824    34.9143    34.9161 0.0000e+00
   2442.000    -0.7067    -0.7082   2.941540   2.941543    298.032     0.1240     0.1044   3005.146   78.82664   -1.95824    34.9143    34.9161 0.0000e+00
   2443.000    -0.7070    -0.7085   2.941554   2.941547    297.772     0.1207     0.1046   3006.141   78.82664   -1.95824    34.9144    34.9159 0.0000e+00
   2444.000    -0.7071    -0.7086   2.941590   2.941583    298.287     0.1233     0.1035   3007.119   78.82664   -1.95824    34.9144    34.9160 0.0000e+00
   2445.000    -0.7072    -0.7087   2.941621   2.941601    298.022     0.1234     0.1026   3008.106   78.82664   -1.95825    34.9144    34.9158 0.0000e+00
   2446.000    -0.7073    -0.7089   2.941646   2.941635    298.109     0.1239     0.1026   3009.100   78.82664   -1.95826    34.9143    34.9159 0.0000e+00
   2447.000    -0.7074    -0.7090   2.941684   2.941665    298.225     0.1263     0.1017   3010.097   78.82664   -1.95826    34.9144    34.9159 0.0000e+00
   2448.000    -0.7074    -0.7089   2.941722   2.941701    298.285     0.1256     0.1015   3011.103   78.82664   -1.95828    34.9144    34.9158 0.0000e+00
   2449.000    -0.7073    -0.7088   2.941765   2.941757    298.362     0.1205     0.1035   3012.109   78.82664   -1.95828    34.9143    34.9159 0.0000e+00
   2450.000    -0.7072    -0.7088   2.941814   2.941801    298.283     0.1232     0.1035   3013.110   78.82664   -1.95828    34.9144    34.9160 0.0000e+00
   2451.000    -0.7072    -0.7087   2.941856   2.941848    298.312     0.1203     0.1028   3014.113   78.82664   -1.95828    34.9144    34.9159 0.0000e+00
   2452.000    -0.7071    -0.7086   2.941905   2.941891    297.699     0.1230     0.1022   3015.114   78.82664   -1.95829    34.9144    34.9159 0.0000e+00
   2453.000    -0.7071    -0.7085   2.941952   2.941949    297.511     0.1244     0.1014   3016.120   78.82662   -1.95830    34.9145    34.9161 0.0000e+00
   2454.000    -0.7070    -0.7085   2.941997   2.941984    297.754     0.1219     0.1015   3017.138   78.82662   -1.95830    34.9145    34.9159 0.0000e+00
   2455.000    -0.7069    -0.7084   2.942041   2.942037    297.450     0.1243     0.1017   3018.146   78.82662   -1.95832    34.9144    34.9161 0.0000e+00
   2456.000    -0.7067    -0.7083   2.942093   2.942082    297.811     0.1277     0.1036   3019.153   78.82662   -1.95832    34.9144    34.9161 0.0000e+00
   2457.000    -0.7066    -0.7082   2.942142   2.942135    298.534     0.1250     0.1029   3020.152   78.82662   -1.95832    34.9144    34.9161 0.0000e+00
   2458.000    -0.7064    -0.7079   2.942207   2.942199    298.357     0.1228     0.1027   3021.144   78.82662   -1.95832    34.9145    34.9161 0.0000e+00
   2459.000    -0.7062    -0.7077   2.942270   2.942258    297.943     0.1248     0.1028   3022.138   78.82662   -1.95834    34.9146    34.9161 0.0000e+00
   2460.000    -0.7060    -0.7075   2.942324   2.942312    298.342     0.1261     0.1027   3023.129   78.82662   -1.95834    34.9146    34.9161 0.0000e+00
   2461.000    -0.7060    -0.7076   2.942358   2.942349    297.874     0.1261     0.1030   3024.125   78.82662   -1.95834    34.9145    34.9162 0.0000e+00
   2462.000    -0.7061    -0.7075   2.942394   2.942400    297.512     0.1268     0.1039   3025.124   78.82662   -1.95836    34.9145    34.9162 0.0000e+00
   2463.000    -0.7060    -0.7075   2.942449   2.942436    297.391     0.1256     0.1038   3026.120   78.82662   -1.95836    34.9147    34.9161 0.0000e+00
   2464.000    -0.7059    -0.7074   2.942490   2.942479    297.811     0.1248     0.1017   3027.116   78.82662   -1.95836    34.9146    34.9162 0.0000e+00
   2465.000    -0.7058    -0.7074   2.942530   2.942523    297.982     0.1246     0.1025   3028.120   78.82662   -1.95836    34.9145    34.9161 0.0000e+00
   2466.000    -0.7057    -0.7073   2.942580   2.942569    297.630     0.1246     0.1020   3029.112   78.82662   -1.95837    34.9145    34.9162 0.0000e+00
   2467.000    -0.7058    -0.7074   2.942620   2.942600    297.675     0.1242     0.1022   3030.114   78.82662   -1.95838    34.9147    34.9162 0.0000e+00
   2468.000    -0.7059    -0.7074   2.942652   2.942639    297.940     0.1228     0.1031   3031.122   78.82662   -1.95838    34.9146    34.9162 0.0000e+00
   2469.000    -0.7058    -0.7074   2.942709   2.942682    297.821     0.1278     0.1039   3032.126   78.82662   -1.95840    34.9148    34.9162 0.0000e+00
   2470.000    -0.7055    -0.7072   2.942761   2.942740    297.976     0.1242     0.1036   3033.127   78.82662   -1.95840    34.9146    34.9162 0.0000e+00
   2471.000    -0.7055    -0.7070   2.942806   2.942802    297.710     0.1207     0.1019   3034.139   78.82662   -1.95840    34.9146    34.9163 0.0000e+00
   2472.000    -0.7053    -0.7068   2.942866   2.942859    297.494     0.1199     0.1037   3035.146   78.82662   -1.95841    34.9147    34.9163 0.0000e+00
   2473.000    -0.7050    -0.7066   2.942935   2.942918    297.514     0.1219     0.1029   3036.145   78.82662   -1.95842    34.9148    34.9164 0.0000e+00
   2474.000    -0.7048    -0.7063   2.942987   2.942978    297.794     0.1240     0.1018   3037.136   78.82662   -1.95842    34.9148    34.9164 0.0000e+00
   2475.000    -0.7048    -0.7062   2.943037   2.943034    298.478     0.1244     0.1017   3038.141   78.82662   -1.95842    34.9149    34.9164 0.0000e+00
   2476.000    -0.7048    -0.7063   2.943072   2.943067    298.816     0.1233     0.1015   3039.144   78.82662   -1.95843    34.9148    34.9164 0.0000e+00
   2477.000    -0.7052    -0.7066   2.943078   2.943070    298.597     0.1227     0.1018   3040.150   78.82662   -1.95844    34.9148    34.9163 0.0000e+00
   2478.000    -0.7054    -0.7069   2.943087   2.943090    298.317     0.1260     0.1032   3041.148   78.82662   -1.95844    34.9147    34.9164 0.0000e+00
