test_project/cnv_files/005_bin.cnv
* Sea-Bird SBE 9 Data File:
* FileName = C:\Documents and Settings\ctd\Desktop\FS2022\data\005.hex
* Software Version Seasave V 7.21b
* Temperature SN = 2400
* Conductivity SN = 3447
* Number of Bytes Per Scan = 48
* Number of Voltage Words = 5
* Number of Scans Averaged by the Deck Unit = 1
* NMEA Latitude = 78 53.15 N
* NMEA Longitude = 007 00.97 W
* NMEA UTC (Time) = Sep 12 2022  23:45:31
* NMEA baud rate = 4800
** Cruise: FS 2022
** Ship: Silver Arctic
** Station (File Number):  005
** Latitude:
** Longitude:
** Echodepth (m):
** Seastate:
# nquan = 14
# nvalues = 230                         
# units = specified
# name 0 = prDM: Pressure, Digiquartz [db]
# name 1 = t090C: Temperature [ITS-90, deg C]
# name 2 = t190C: Temperature, 2 [ITS-90, deg C]
# name 3 = c0S/m: Conductivity [S/m]
# name 4 = c1S/m: Conductivity, 2 [S/m]
# name 5 = sbox0Mm/Kg: Oxygen, SBE 43 [umol/kg]
# name 6 = wetCDOM: Fluorescence, WET Labs CDOM [mg/m^3]
# name 7 = wetCDOM1: Fluorescence, WET Labs CDOM, 2 [mg/m^3]
# name 8 = timeS: Time, Elapsed [seconds]
# name 9 = latitude: Latitude [deg]
# name 10 = longitude: Longitude [deg]
# name 11 = sal00: Salinity, Practical [PSU]
# name 12 = sal11: Salinity, Practical, 2 [PSU]
# name 13 = flag: flag
# span 0 =     15.000,    244.000       
# span 1 =    -1.5685,     0.8825       
# span 2 =    -1.5691,     0.8817       
# span 3 =   0.000331,   2.973930       
# span 4 =   2.510553,   2.973481       
# span 5 =  -3585.262,    443.353       
# span 6 =     0.1202,     0.1709       
# span 7 =     0.1035,     0.1277       
# span 8 =    298.011,    994.047       
# span 9 =   78.88354,   78.88582       
# span 10 =   -7.02436,   -7.01738      
# span 11 =    -0.0007,    34.8241      
# span 12 =    29.0240,    34.8196      
# span 13 = 0.0000e+00, 0.0000e+00      
# interval = decibars: 1                
# start_time = Sep 12 2022 23:45:31 [NMEA time, first data scan]
# bad_flag = -9.990e-29
*END*
[from data line 207]
    222.000     0.8816     0.8785   2.971514   2.970846    302.113     0.1273     0.1041    959.080   78.88360   -7.02366    34.7588    34.7535 0.0000e+00
    223.000     0.8231     0.8209   2.966925   2.966377    303.197     0.1264     0.1041    960.150   78.88360   -7.02368    34.7642    34.7595 0.0000e+00
    224.000     0.8296     0.8286   2.967922   2.967510    303.206     0.1250     0.1042    961.224   78.88360   -7.02371    34.7692    34.7650 0.0000e+00
    225.000     0.8364     0.8357   2.968888   2.968483    302.307     0.1240     0.1066    962.292   78.88360   -7.02372    34.7735    34.7691 0.0000e+00
    226.000     0.8441     0.8429   2.969876   2.969442    302.168     0.1228     0.1052    963.360   78.88360   -7.02375    34.7771    34.7728 0.0000e+00
    227.000     0.8482     0.8471   2.970598   2.970166    302.560     0.1272     0.1052    964.441   78.88360   -7.02377    34.7813    34.7769 0.0000e+00
    228.000     0.8469     0.8461   2.971239   2.970827    302.912     0.1253     0.1043    965.531   78.88360   -7.02381    34.7904    34.7860 0.0000e+00
    229.000     0.8466     0.8455   2.972741   2.972336    302.983     0.1202     0.1041    966.597   78.88360   -7.02383    34.8096    34.8057 0.0000e+00
    230.000     0.8535     0.8526   2.973649   2.973242    303.014     0.1220     0.1042    967.666   78.88360   -7.02385    34.8131    34.8088 0.0000e+00
    231.000     0.8539     0.8534   2.973903   2.973481    303.438     0.1227     0.1043    968.739   78.88360   -7.02387    34.8153    34.8104 0.0000e+00
    232.000     0.8522     0.8511   2.973930   2.973475    302.943     0.1202     0.1048    969.929   78.88360   -7.02390    34.8170    34.8124 0.0000e+00
    233.000     0.8503     0.8496   2.973884   2.973451    302.639     0.1249     0.1035    971.616   78.88359   -7.02393    34.8179    34.8132 0.0000e+00
    234.000     0.8447     0.8432   2.973605   2.973097    303.412     0.1242     0.1051    973.539   78.88358   -7.02397    34.8199    34.8150 0.0000e+00
    235.000     0.8410     0.8398   2.973411   2.972949    303.160     0.1213     0.1058    975.446   78.88358   -7.02401    34.8211    34.8164 0.0000e+00
    236.000     0.8406     0.8397   2.973430   2.972997    303.161     0.1247     0.1052    977.386   78.88358   -7.02405    34.8211    34.8165 0.0000e+00
    237.000     0.8391     0.8376   2.973384   2.972904    302.703     0.1223     0.1043    979.343   78.88358   -7.02409    34.8216    34.8171 0.0000e+00
    238.000     0.8312     0.8308   2.972920   2.972505    301.856     0.1219     0.1047    981.321   78.88357   -7.02413    34.8239    34.8190 0.0000e+00
    239.000     0.8302     0.8288   2.972898   2.972421    302.235     0.1257     0.1035    983.320   78.88356   -7.02417    34.8241    34.8196 0.0000e+00
    240.000     0.8303     0.8290   2.972946   2.972491    302.861     0.1215     0.1059    985.377   78.88356   -7.02421    34.8240    34.8195 0.0000e+00
    241.000     0.8252     0.8269   2.972549   2.972330    302.755     0.1226     0.1046    987.449   78.88356   -7.02425    34.8240    34.8193 0.0000e+00
    242.000     0.8185     0.8175   2.971977   2.971538    302.509     0.1254     0.1036    989.556   78.88355   -7.02429    34.8235    34.8189 0.0000e+00
    243.000     0.8184     0.8177   2.972006   2.971593    302.747     0.1216     0.1044    991.725   78.88354   -7.02431    34.8234    34.8188 0.0000e+00
    244.000     0.8191     0.8154   2.972068   2.971403    303.083     0.1204     0.1038    994.047   78.88354   -7.02436    34.8229    34.8184 0.0000e+00
