test_project/cnv_files/005_bin.cnv
* Sea-Bird SBE 9 Data File:
* FileName = C:\Documents and Settings\ctd\Desktop\FS2022\data\005.hex
* Software Version Seasave V 7.21b
* Temperature SN = 2400
* Conductivity SN = 3447
* Number of Bytes Per Scan = 48
* Number of Voltage Words = 5
* Number of Scans Averaged by the Deck Unit = 1
* NMEA Latitude = 78 53.15 N
* NMEA Longitude = 007 00.97 W
* NMEA UTC (Time) = Sep 12 2022  23:45:31
* NMEA baud rate = 4800
** Cruise: FS 2022
** Ship: Silver Arctic
** Station (File Number):  005
** Latitude:
** Longitude:
** Echodepth (m):
** Seastate:
# nquan = 14
# nvalues = 230                         
# units = specified
# name 0 = prDM: Pressure, Digiquartz [db]
# name 1 = t090C: Temperature [ITS-90, deg C]
# name 2 = t190C: Temperature, 2 [ITS-90, deg C]
# name 3 = c0S/m: Conductivity [S/m]
# name 4 = c1S/m: Conductivity, 2 [S/m]
# name 5 = sbox0Mm/Kg: Oxygen, SBE 43 [umol/kg]
# name 6 = wetCDOM: Fluorescence, WET Labs CDOM [mg/m^3]
# name 7 = wetCDOM1: Fluorescence, WET Labs CDOM, 2 [mg/m^3]
# name 8 = timeS: Time, Elapsed [seconds]
# name 9 = latitude: Latitude [deg]
# name 10 = longitude: Longitude [deg]
# name 11 = sal00: Salinity, Practical [PSU]
# name 12 = sal11: Salinity, Practical, 2 [PSU]
# name 13 = flag: flag
# span 0 =     15.000,    244.000       
# span 1 =    -1.5685,     0.8825       
# span 2 =    -1.5691,     0.8817       
# span 3 =   0.000331,   2.973930       
# span 4 =   2.510553,   2.973481       
# span 5 =  -3585.262,    443.353       
# span 6 =     0.1202,     0.1709       
# span 7 =     0.1035,     0.1277       
# span 8 =    298.011,    994.047       
# span 9 =   78.88354,   78.88582       
# span 10 =   -7.02436,   -7.01738      
# span 11 =    -0.0007,    34.8241      
# span 12 =    29.0240,    34.8196      
# span 13 = 0.0000e+00, 0.0000e+00      
# interval = decibars: 1                
# start_time = Sep 12 2022 23:45:31 [NMEA time, first data scan]
# bad_flag = -9.990e-29
*END*
     15.000    -1.5435    -1.5486   0.001408   2.717452    443.353     0.1467     0.1208    298.011   78.88574   -7.01740     0.0089    34.2401 0.0000e+00
     16.000    -1.5415    -1.5349   0.001239   2.716352    433.456     0.1427     0.1188    299.975   78.88574   -7.01740     0.0073    34.2083 0.0000e+00
     17.000    -1.5384    -1.5392   0.001187   2.712561    427.100     0.1464     0.1172    301.934   78.88574   -7.01739     0.0069    34.1600 0.0000e+00
     18.000    -1.5290    -1.5319   0.000986   2.708453    424.454     0.1478     0.1189    303.722   78.88574   -7.01738     0.0051    34.0941 0.0000e+00
     19.000    -1.5275    -1.5271   0.000368   2.576934  -2791.421     0.1476     0.1197    388.356   78.88581   -7.01813    -0.0004    32.2726 0.0000e+00
     20.000    -1.5254    -1.5253   0.000337   2.548148  -3491.738     0.1482     0.1188    408.235   78.88582   -7.01835    -0.0006    31.8730 0.0000e+00
     21.000    -1.5250    -1.5251   0.000331   2.544600  -3554.481     0.1448     0.1193    410.917   78.88582   -7.01838    -0.0007    31.8233 0.0000e+00
     22.000    -1.5200    -1.5219   0.000349   2.538121  -3585.262     0.1467     0.1203    412.242   78.88582   -7.01841    -0.0005    31.7303 0.0000e+00
     23.000    -1.4973    -1.5052   0.780588   2.535423   -286.118     0.1458     0.1193    413.317   78.88582   -7.01843     9.1891    29.0240 0.0000e+00
     24.000    -1.4840    -1.4911   1.278295   2.535097    359.604     0.1455     0.1173    414.367   78.88582   -7.01845    15.0270    31.6339 0.0000e+00
     25.000    -1.4734    -1.4744   1.277492   2.537529    370.300     0.1451     0.1176    415.630   78.88582   -7.01847    15.0072    31.6698 0.0000e+00
     26.000    -1.4815    -1.4802   1.277682   2.535837    355.255     0.1464     0.1194    417.029   78.88582   -7.01850    15.0134    31.6522 0.0000e+00
     27.000    -1.4964    -1.4972   1.281121   2.533269    345.296     0.1477     0.1195    418.197   78.88582   -7.01852    15.0644    31.6345 0.0000e+00
     28.000    -1.5058    -1.4905   1.284966   2.529718    340.071     0.1428     0.1193    419.230   78.88582   -7.01855    15.1177    31.5781 0.0000e+00
     29.000    -1.5072    -1.2932   1.293112   2.526720    337.114     0.1416     0.1195    420.228   78.88582   -7.01857    15.2217    31.3284 0.0000e+00
     30.000    -1.5202    -1.2020   1.294742   2.523197    336.281     0.1457     0.1197    421.251   78.88582   -7.01861    15.2489    31.1846 0.0000e+00
     31.000    -1.4831    -1.1433   2.033694   2.520880    312.138     0.1499     0.1217    422.299   78.88582   -7.01862    24.9321    31.0916 0.0000e+00
     32.000    -1.4437    -1.3073   2.482370   2.520006    299.510     0.1483     0.1208    423.453   78.88582   -7.01865    30.8825    31.2501 0.0000e+00
     33.000    -1.4443    -1.4091   2.193525   2.520375    314.688     0.1494     0.1201    425.108   78.88582   -7.01867    26.9786    31.3613 0.0000e+00
     34.000    -1.4574    -1.4479   2.128679   2.517816    326.065     0.1475     0.1193    433.242   78.88582   -7.01880    26.1665    31.3665 0.0000e+00
     35.000    -1.4546    -1.4142   2.485564   2.514729    315.206     0.1454     0.1211    438.688   78.88581   -7.01889    30.9276    31.2883 0.0000e+00
     36.000    -1.4559    -1.4416   2.502498   2.514810    314.642     0.1525     0.1229    439.810   78.88580   -7.01891    31.1642    31.3176 0.0000e+00
     37.000    -1.4173    -1.4196   2.498384   2.515013    316.934     0.1503     0.1220    441.110   78.88580   -7.01892    31.0671    31.2967 0.0000e+00
     38.000    -1.3961    -1.3943   2.502477   2.512574    319.794     0.1494     0.1214    442.377   78.88580   -7.01895    31.1003    31.2362 0.0000e+00
     39.000    -1.3902    -1.2259   2.510545   2.510553    320.432     0.1530     0.1221    443.420   78.88580   -7.01896    31.2037    31.0328 0.0000e+00
     40.000    -1.3498    -0.8518   2.528329   2.519838    320.272     0.1486     0.1218    444.346   78.88580   -7.01897    31.4033    30.7720 0.0000e+00
     41.000    -1.2676    -0.6222   2.547635   2.535024    321.267     0.1537     0.1220    445.199   78.88580   -7.01898    31.5791    30.7405 0.0000e+00
     42.000    -0.4934    -0.4360   2.589063   2.546792    319.827     0.1545     0.1220    446.022   78.88580   -7.01900    31.3279    30.7073 0.0000e+00
     43.000    -0.6398    -0.8767   2.571905   2.548585    367.618     0.1564     0.1229    613.351   78.88489   -7.02031    31.2550    31.1879 0.0000e+00
     44.000    -1.4167    -1.4139   2.542457   2.542190    413.715     0.1593     0.1239    776.588   78.88400   -7.02156    31.6645    31.6579 0.0000e+00
     45.000    -1.4212    -1.4181   2.543293   2.542643    412.978     0.1598     0.1231    775.264   78.88400   -7.02156    31.6803    31.6682 0.0000e+00
     46.000    -1.4944    -1.4817   2.543592   2.543239    410.039     0.1623     0.1229    776.390   78.88400   -7.02156    31.7617    31.7433 0.0000e+00
     47.000    -1.5635    -1.5563   2.540211   2.539989    407.638     0.1640     0.1228    777.507   78.88399   -7.02156    31.7885    31.7777 0.0000e+00
     48.000    -1.5685    -1.5691   2.540550   2.539956    403.492     0.1618     0.1237    778.619   78.88398   -7.02157    31.7979    31.7904 0.0000e+00
     49.000    -1.5653    -1.5665   2.541686   2.540977    399.218     0.1647     0.1240    779.746   78.88398   -7.02158    31.8095    31.8011 0.0000e+00
     50.000    -1.5651    -1.5661   2.542834   2.542127    394.212     0.1634     0.1251    780.859   78.88396   -7.02160    31.8245    31.8158 0.0000e+00
     51.000    -1.5593    -1.5599   2.544223   2.543583    390.287     0.1620     0.1263    781.977   78.88396   -7.02160    31.8367    31.8287 0.0000e+00
     52.000    -1.5597    -1.5617   2.545969   2.545063    389.463     0.1646     0.1275    783.089   78.88396   -7.02160    31.8607    31.8503 0.0000e+00
     53.000    -1.5549    -1.5555   2.547430   2.546822    388.898     0.1638     0.1271    784.200   78.88394   -7.02160    31.8749    31.8672 0.0000e+00
     54.000    -1.5572    -1.5573   2.547800   2.547249    388.118     0.1652     0.1258    785.326   78.88394   -7.02162    31.8818    31.8745 0.0000e+00
     55.000    -1.5545    -1.5560   2.549103   2.548311    387.386     0.1691     0.1262    786.445   78.88393   -7.02163    31.8963    31.8870 0.0000e+00
     56.000    -1.5534    -1.5540   2.550054   2.549422    387.904     0.1676     0.1250    787.550   78.88392   -7.02164    31.9076    31.8995 0.0000e+00
     57.000    -1.5535    -1.5536   2.551486   2.550775    387.743     0.1634     0.1240    788.656   78.88392   -7.02164    31.9268    31.9171 0.0000e+00
     58.000    -1.5650    -1.5638   2.551996   2.551369    386.399     0.1652     0.1247    789.768   78.88391   -7.02165    31.9456    31.9357 0.0000e+00
     59.000    -1.5660    -1.5669   2.553320   2.552684    385.666     0.1665     0.1259    790.868   78.88390   -7.02166    31.9643    31.9565 0.0000e+00
     60.000    -1.5559    -1.5583   2.555203   2.554261    385.146     0.1664     0.1259    791.974   78.88390   -7.02166    31.9786    31.9683 0.0000e+00
     61.000    -1.5532    -1.5548   2.558114   2.557194    384.978     0.1622     0.1247    793.073   78.88388   -7.02168    32.0152    32.0042 0.0000e+00
     62.000    -1.5612    -1.5587   2.558364   2.557965    385.214     0.1642     0.1245    794.169   78.88388   -7.02168    32.0266    32.0185 0.0000e+00
     63.000    -1.5621    -1.5649   2.559989   2.558932    384.658     0.1667     0.1254    795.259   78.88387   -7.02169    32.0494    32.0379 0.0000e+00
     64.000    -1.5499    -1.5524   2.563143   2.562197    383.061     0.1656     0.1259    796.348   78.88386   -7.02170    32.0790    32.0687 0.0000e+00
     65.000    -1.5350    -1.5395   2.566355   2.565053    382.269     0.1676     0.1264    797.454   78.88386   -7.02171    32.1065    32.0935 0.0000e+00
     66.000    -1.5254    -1.5269   2.568786   2.568075    382.231     0.1662     0.1255    798.556   78.88385   -7.02172    32.1290    32.1208 0.0000e+00
     67.000    -1.5230    -1.5238   2.569926   2.569238    381.842     0.1650     0.1262    799.669   78.88384   -7.02173    32.1415    32.1329 0.0000e+00
     68.000    -1.5234    -1.5249   2.571281   2.570516    381.032     0.1659     0.1248    800.786   78.88384   -7.02174    32.1599    32.1509 0.0000e+00
     69.000    -1.5212    -1.5217   2.572990   2.572315    380.278     0.1659     0.1267    801.902   78.88382   -7.02174    32.1804    32.1717 0.0000e+00
     70.000    -1.5025    -1.5069   2.575292   2.574363    378.994     0.1653     0.1263    803.016   78.88382   -7.02176    32.1912    32.1832 0.0000e+00
     71.000    -1.5061    -1.5049   2.575938   2.575397    378.468     0.1630     0.1245    804.128   78.88382   -7.02176    32.2034    32.1947 0.0000e+00
     72.000    -1.5108    -1.5109   2.577188   2.576432    378.540     0.1631     0.1252    805.229   78.88380   -7.02178    32.2251    32.2148 0.0000e+00
     73.000    -1.5087    -1.5110   2.578552   2.577734    377.636     0.1705     0.1255    806.323   78.88380   -7.02178    32.2410    32.2322 0.0000e+00
     74.000    -1.4990    -1.5002   2.580921   2.580097    376.748     0.1701     0.1276    807.421   78.88379   -7.02179    32.2624    32.2523 0.0000e+00
     75.000    -1.4891    -1.4924   2.584167   2.583002    376.096     0.1675     0.1277    808.513   78.88378   -7.02180    32.2956    32.2832 0.0000e+00
     76.000    -1.4734    -1.4770   2.588273   2.587085    375.179     0.1639     0.1275    809.589   78.88378   -7.02180    32.3344    32.3220 0.0000e+00
     77.000    -1.4565    -1.4598   2.592723   2.591672    374.425     0.1671     0.1258    810.678   78.88377   -7.02180    32.3765    32.3657 0.0000e+00
     78.000    -1.4405    -1.4451   2.595758   2.594592    373.394     0.1709     0.1254    811.752   78.88376   -7.02180    32.4002    32.3892 0.0000e+00
     79.000    -1.4318    -1.4336   2.598449   2.597637    372.618     0.1652     0.1252    812.816   78.88376   -7.02180    32.4271    32.4179 0.0000e+00
     80.000    -1.4291    -1.4315   2.600036   2.599095    371.799     0.1655     0.1272    813.897   78.88376   -7.02180    32.4454    32.4350 0.0000e+00
     81.000    -1.3967    -1.4020   2.605668   2.604404    369.771     0.1609     0.1271    814.973   78.88374   -7.02180    32.4867    32.4751 0.0000e+00
     82.000    -1.3810    -1.3858   2.609528   2.608351    368.836     0.1657     0.1275    816.057   78.88374   -7.02180    32.5219    32.5110 0.0000e+00
     83.000    -1.3423    -1.3478   2.615630   2.614472    367.445     0.1677     0.1273    817.155   78.88374   -7.02180    32.5628    32.5528 0.0000e+00
     84.000    -1.3339    -1.3365   2.618249   2.617211    366.418     0.1616     0.1269    818.250   78.88373   -7.02182    32.5889    32.5774 0.0000e+00
     85.000    -1.3230    -1.3252   2.621925   2.620961    364.660     0.1642     0.1260    819.327   78.88372   -7.02182    32.6266    32.6158 0.0000e+00
     86.000    -1.3218    -1.3229   2.623118   2.622489    361.256     0.1639     0.1247    820.414   78.88372   -7.02182    32.6410    32.6337 0.0000e+00
     87.000    -1.3132    -1.3160   2.625596   2.624611    359.939     0.1632     0.1247    821.495   78.88371   -7.02182    32.6650    32.6545 0.0000e+00
     88.000    -1.3111    -1.3099   2.629250   2.628329    360.480     0.1634     0.1251    822.567   78.88370   -7.02183    32.7121    32.6981 0.0000e+00
     89.000    -1.3373    -1.3349   2.629177   2.628650    360.707     0.1639     0.1257    823.630   78.88370   -7.02184    32.7392    32.7293 0.0000e+00
     90.000    -1.3300    -1.3350   2.632041   2.630680    359.568     0.1645     0.1263    824.680   78.88370   -7.02184    32.7698    32.7566 0.0000e+00
     91.000    -1.2957    -1.3025   2.638791   2.637193    358.293     0.1634     0.1241    825.735   78.88369   -7.02184    32.8239    32.8096 0.0000e+00
     92.000    -1.2753    -1.2791   2.643265   2.642250    358.476     0.1640     0.1244    826.789   78.88368   -7.02185    32.8621    32.8524 0.0000e+00
     93.000    -1.2578    -1.2616   2.646688   2.645688    358.063     0.1662     0.1252    827.845   78.88368   -7.02186    32.8891    32.8796 0.0000e+00
     94.000    -1.2458    -1.2479   2.650431   2.649534    355.973     0.1639     0.1252    828.900   78.88368   -7.02186    32.9265    32.9165 0.0000e+00
     95.000    -1.2388    -1.2410   2.652565   2.651781    354.495     0.1634     0.1253    829.950   78.88368   -7.02186    32.9473    32.9391 0.0000e+00
     96.000    -1.2268    -1.2293   2.654790   2.654046    353.482     0.1667     0.1242    831.009   78.88366   -7.02186    32.9640    32.9565 0.0000e+00
     97.000    -1.2067    -1.2118   2.658446   2.657363    352.577     0.1613     0.1232    832.072   78.88366   -7.02184    32.9911    32.9820 0.0000e+00
     98.000    -1.2058    -1.2024   2.660714   2.660373    351.895     0.1610     0.1243    833.125   78.88366   -7.02184    33.0205    33.0121 0.0000e+00
     99.000    -1.2300    -1.2285   2.659508   2.659067    351.787     0.1612     0.1251    834.168   78.88366   -7.02184    33.0302    33.0224 0.0000e+00
    100.000    -1.2523    -1.2536   2.659911   2.659068    350.685     0.1621     0.1247    835.214   78.88366   -7.02184    33.0596    33.0496 0.0000e+00
    101.000    -1.1731    -1.1876   2.670119   2.668136    348.726     0.1613     0.1234    836.266   78.88366   -7.02184    33.1110    33.0999 0.0000e+00
    102.000    -1.1089    -1.1138   2.679102   2.677980    349.084     0.1620     0.1234    837.313   78.88366   -7.02184    33.1620    33.1521 0.0000e+00
    103.000    -1.0996    -1.1021   2.682477   2.681536    351.161     0.1629     0.1252    838.351   78.88365   -7.02184    33.1970    33.1870 0.0000e+00
    104.000    -1.0965    -1.0968   2.686465   2.685586    349.810     0.1619     0.1249    839.391   78.88364   -7.02185    33.2474    33.2358 0.0000e+00
    105.000    -1.0959    -1.0974   2.689149   2.688350    345.663     0.1610     0.1219    840.424   78.88364   -7.02186    33.2827    33.2735 0.0000e+00
    106.000    -1.0760    -1.0825   2.693083   2.691805    342.298     0.1585     0.1226    841.463   78.88364   -7.02186    33.3136    33.3034 0.0000e+00
    107.000    -1.0372    -1.0435   2.698638   2.697483    340.800     0.1565     0.1219    842.497   78.88364   -7.02186    33.3456    33.3368 0.0000e+00
    108.000    -1.0124    -1.0182   2.702284   2.701223    341.949     0.1596     0.1217    843.525   78.88364   -7.02186    33.3670    33.3590 0.0000e+00
    109.000    -0.9664    -0.9760   2.708381   2.706834    342.645     0.1609     0.1207    844.559   78.88364   -7.02186    33.3982    33.3879 0.0000e+00
    110.000    -0.9324    -0.9369   2.714490   2.713364    341.683     0.1567     0.1203    845.588   78.88364   -7.02186    33.4428    33.4325 0.0000e+00
    111.000    -0.9217    -0.9237   2.716867   2.716190    340.654     0.1583     0.1203    846.606   78.88363   -7.02186    33.4625    33.4556 0.0000e+00
    112.000    -0.9240    -0.9247   2.717428   2.716886    339.002     0.1543     0.1208    847.645   78.88362   -7.02186    33.4721    33.4654 0.0000e+00
    113.000    -0.9237    -0.9239   2.718855   2.718161    336.920     0.1538     0.1213    848.721   78.88362   -7.02187    33.4905    33.4813 0.0000e+00
    114.000    -0.9249    -0.9260   2.720852   2.720206    335.132     0.1539     0.1206    849.827   78.88362   -7.02188    33.5183    33.5108 0.0000e+00
    115.000    -0.9392    -0.9366   2.720971   2.720541    334.742     0.1550     0.1220    850.918   78.88362   -7.02188    33.5352    33.5265 0.0000e+00
    116.000    -0.9515    -0.9516   2.721345   2.720783    335.343     0.1569     0.1225    851.991   78.88362   -7.02190    33.5535    33.5458 0.0000e+00
    117.000    -0.9576    -0.9577   2.722200   2.721511    335.443     0.1541     0.1219    853.042   78.88360   -7.02190    33.5713    33.5620 0.0000e+00
