test_project/cnv_files/005_bin.cnv
* Sea-Bird SBE 9 Data File:
* FileName = C:\Documents and Settings\ctd\Desktop\FS2022\data\005.hex
* Software Version Seasave V 7.21b
* Temperature SN = 2400
* Conductivity SN = 3447
* Number of Bytes Per Scan = 48
* Number of Voltage Words = 5
* Number of Scans Averaged by the Deck Unit = 1
* NMEA Latitude = 78 53.15 N
* NMEA Longitude = 007 00.97 W
* NMEA UTC (Time) = Sep 12 2022  23:45:31
* NMEA baud rate = 4800
** Cruise: FS 2022
** Ship: Silver Arctic
** Station (File Number):  005
** Latitude:
** Longitude:
** Echodepth (m):
** Seastate:
# nquan = 14
# nvalues = 230                         
# units = specified
# name 0 = prDM: Pressure, Digiquartz [db]
# name 1 = t090C: Temperature [ITS-90, deg C]
# name 2 = t190C: Temperature, 2 [ITS-90, deg C]
# name 3 = c0S/m: Conductivity [S/m]
# name 4 = c1S/m: Conductivity, 2 [S/m]
# name 5 = sbox0Mm/Kg: Oxygen, SBE 43 [umol/kg]
# name 6 = wetCDOM: Fluorescence, WET Labs CDOM [mg/m^3]
# name 7 = wetCDOM1: Fluorescence, WET Labs CDOM, 2 [mg/m^3]
# name 8 = timeS: Time, Elapsed [seconds]
# name 9 = latitude: Latitude [deg]
# name 10 = longitude: Longitude [deg]
# name 11 = sal00: Salinity, Practical [PSU]
# name 12 = sal11: Salinity, Practical, 2 [PSU]
# name 13 = flag: flag
# span 0 =     15.000,    244.000       
# span 1 =    -1.5685,     0.8825       
# span 2 =    -1.5691,     0.8817       
# span 3 =   0.000331,   2.973930       
# span 4 =   2.510553,   2.973481       
# span 5 =  -3585.262,    443.353       
# span 6 =     0.1202,     0.1709       
# span 7 =     0.1035,     0.1277       
# span 8 =    298.011,    994.047       
# span 9 =   78.88354,   78.88582       
# span 10 =   -7.02436,   -7.01738      
# span 11 =    -0.0007,    34.8241      
# span 12 =    29.0240,    34.8196      
# span 13 = 0.0000e+00, 0.0000e+00      
# interval = decibars: 1                
# start_time = Sep 12 2022 23:45:31 [NMEA time, first data scan]
# bad_flag = -9.990e-29
*END*
[from data line 104]
    119.000    -0.9254    -0.9308   2.728237   2.727219    334.364     0.1516     0.1182    855.100   78.88360   -7.02192    33.6161    33.6083 0.0000e+00
    120.000    -0.8924    -0.8982   2.732835   2.731767    334.360     0.1529     0.1179    856.135   78.88360   -7.02194    33.6410    33.6330 0.0000e+00
    121.000    -0.8715    -0.8740   2.736027   2.735349    334.161     0.1524     0.1179    857.178   78.88360   -7.02196    33.6603    33.6539 0.0000e+00
    122.000    -0.8568    -0.8607   2.738510   2.737618    334.338     0.1527     0.1194    858.213   78.88360   -7.02196    33.6769    33.6693 0.0000e+00
    123.000    -0.8325    -0.8379   2.742391   2.741337    333.420     0.1540     0.1196    859.250   78.88358   -7.02198    33.7018    33.6936 0.0000e+00
    124.000    -0.7952    -0.8013   2.747572   2.746465    330.790     0.1491     0.1191    860.298   78.88358   -7.02199    33.7296    33.7214 0.0000e+00
    125.000    -0.7916    -0.7920   2.748812   2.748313    329.651     0.1533     0.1188    861.336   78.88358   -7.02200    33.7418    33.7354 0.0000e+00
    126.000    -0.7974    -0.7980   2.749420   2.748764    329.410     0.1506     0.1176    862.369   78.88358   -7.02200    33.7559    33.7476 0.0000e+00
    127.000    -0.7924    -0.7948   2.751461   2.750644    328.674     0.1495     0.1172    863.411   78.88358   -7.02201    33.7772    33.7689 0.0000e+00
    128.000    -0.7464    -0.7603   2.757804   2.756011    327.485     0.1493     0.1169    864.451   78.88358   -7.02202    33.8110    33.8022 0.0000e+00
    129.000    -0.6782    -0.6868   2.765209   2.764030    326.717     0.1511     0.1154    865.480   78.88358   -7.02203    33.8340    33.8277 0.0000e+00
    130.000    -0.6287    -0.6363   2.770986   2.769865    327.444     0.1481     0.1175    866.509   78.88358   -7.02204    33.8559    33.8493 0.0000e+00
    131.000    -0.6020    -0.6077   2.774573   2.773589    327.691     0.1486     0.1173    867.535   78.88358   -7.02205    33.8737    33.8668 0.0000e+00
    132.000    -0.5651    -0.5713   2.779947   2.778841    326.419     0.1480     0.1172    868.558   78.88358   -7.02206    33.9041    33.8962 0.0000e+00
    133.000    -0.5483    -0.5505   2.782569   2.781961    325.140     0.1468     0.1161    869.579   78.88358   -7.02207    33.9199    33.9143 0.0000e+00
    134.000    -0.5457    -0.5470   2.783008   2.782528    324.265     0.1473     0.1152    870.603   78.88358   -7.02208    33.9223    33.9173 0.0000e+00
    135.000    -0.5436    -0.5450   2.783341   2.782842    323.695     0.1471     0.1150    871.617   78.88357   -7.02209    33.9239    33.9187 0.0000e+00
    136.000    -0.5346    -0.5378   2.784722   2.783991    322.897     0.1454     0.1157    872.641   78.88356   -7.02210    33.9317    33.9255 0.0000e+00
    137.000    -0.4985    -0.5084   2.790238   2.788586    322.138     0.1485     0.1165    873.667   78.88356   -7.02211    33.9648    33.9537 0.0000e+00
    138.000    -0.4615    -0.4663   2.796040   2.795049    321.763     0.1442     0.1143    874.691   78.88356   -7.02212    34.0006    33.9927 0.0000e+00
    139.000    -0.4491    -0.4513   2.797999   2.797396    321.759     0.1399     0.1169    875.703   78.88356   -7.02213    34.0123    34.0068 0.0000e+00
    140.000    -0.4457    -0.4471   2.798533   2.798049    321.361     0.1407     0.1155    876.713   78.88356   -7.02214    34.0151    34.0102 0.0000e+00
    141.000    -0.4415    -0.4437   2.799175   2.798594    320.419     0.1409     0.1144    877.725   78.88356   -7.02215    34.0185    34.0131 0.0000e+00
    142.000    -0.4353    -0.4376   2.800133   2.799518    318.740     0.1410     0.1160    878.735   78.88356   -7.02216    34.0237    34.0180 0.0000e+00
    143.000    -0.4251    -0.4285   2.801688   2.800939    317.664     0.1428     0.1161    879.732   78.88356   -7.02217    34.0326    34.0263 0.0000e+00
    144.000    -0.4084    -0.4121   2.804218   2.803436    317.153     0.1449     0.1147    880.722   78.88356   -7.02219    34.0470    34.0407 0.0000e+00
    145.000    -0.3693    -0.3780   2.810047   2.808618    316.832     0.1448     0.1137    881.706   78.88356   -7.02220    34.0807    34.0714 0.0000e+00
    146.000    -0.3254    -0.3320   2.816576   2.815430    316.737     0.1418     0.1126    882.680   78.88356   -7.02221    34.1182    34.1103 0.0000e+00
    147.000    -0.2964    -0.3020   2.820909   2.819886    317.309     0.1393     0.1117    883.662   78.88356   -7.02222    34.1430    34.1355 0.0000e+00
    148.000    -0.2759    -0.2802   2.823912   2.823056    316.735     0.1355     0.1117    884.639   78.88356   -7.02223    34.1595    34.1529 0.0000e+00
    149.000    -0.2709    -0.2728   2.824639   2.824111    315.282     0.1414     0.1124    885.619   78.88356   -7.02225    34.1630    34.1580 0.0000e+00
    150.000    -0.2661    -0.2680   2.825322   2.824774    314.019     0.1389     0.1121    886.604   78.88356   -7.02226    34.1661    34.1609 0.0000e+00
    151.000    -0.2573    -0.2610   2.826584   2.825821    312.591     0.1374     0.1126    887.580   78.88356   -7.02227    34.1725    34.1664 0.0000e+00
    152.000    -0.2352    -0.2384   2.829961   2.829240    311.873     0.1395     0.1140    888.556   78.88356   -7.02229    34.1921    34.1860 0.0000e+00
    153.000    -0.2224    -0.2252   2.832022   2.831369    311.395     0.1407     0.1138    889.524   78.88356   -7.02230    34.2045    34.1990 0.0000e+00
    154.000    -0.2200    -0.2212   2.832395   2.831926    310.724     0.1394     0.1129    890.489   78.88356   -7.02231    34.2062    34.2014 0.0000e+00
    155.000    -0.2193    -0.2204   2.832627   2.832151    310.386     0.1408     0.1138    891.451   78.88356   -7.02233    34.2079    34.2028 0.0000e+00
    156.000    -0.2176    -0.2192   2.833021   2.832497    310.799     0.1401     0.1124    892.398   78.88356   -7.02234    34.2107    34.2055 0.0000e+00
    157.000    -0.1881    -0.1940   2.837285   2.836231    310.450     0.1375     0.1127    893.351   78.88356   -7.02235    34.2338    34.2263 0.0000e+00
    158.000    -0.1686    -0.1732   2.841071   2.840182    310.065     0.1366     0.1133    894.314   78.88356   -7.02237    34.2617    34.2550 0.0000e+00
    159.000    -0.1336    -0.1377   2.845879   2.845065    309.814     0.1373     0.1117    895.271   78.88356   -7.02238    34.2858    34.2796 0.0000e+00
    160.000    -0.1265    -0.1281   2.846956   2.846462    309.636     0.1363     0.1117    896.231   78.88356   -7.02238    34.2916    34.2868 0.0000e+00
    161.000    -0.1177    -0.1201   2.848106   2.847526    309.331     0.1340     0.1116    897.192   78.88356   -7.02240    34.2963    34.2913 0.0000e+00
    162.000    -0.1055    -0.1082   2.849694   2.849077    309.137     0.1363     0.1124    898.150   78.88356   -7.02240    34.3031    34.2979 0.0000e+00
    163.000    -0.0871    -0.0910   2.852208   2.851429    308.486     0.1380     0.1122    899.111   78.88356   -7.02242    34.3153    34.3093 0.0000e+00
    164.000    -0.0743    -0.0767   2.854038   2.853436    308.857     0.1391     0.1111    900.069   78.88356   -7.02242    34.3246    34.3193 0.0000e+00
    165.000    -0.0582    -0.0616   2.856146   2.855488    308.990     0.1393     0.1100    901.024   78.88356   -7.02244    34.3339    34.3290 0.0000e+00
    166.000    -0.0400    -0.0428   2.858435   2.857835    308.730     0.1385     0.1102    901.988   78.88356   -7.02244    34.3432    34.3384 0.0000e+00
    167.000    -0.0212    -0.0246   2.860592   2.859957    308.383     0.1369     0.1116    902.948   78.88356   -7.02246    34.3502    34.3456 0.0000e+00
    168.000     0.0053     0.0018   2.863526   2.862879    307.983     0.1380     0.1125    903.923   78.88356   -7.02248    34.3587    34.3540 0.0000e+00
    169.000     0.0274     0.0246   2.866053   2.865478    307.464     0.1341     0.1111    904.910   78.88356   -7.02250    34.3668    34.3623 0.0000e+00
    170.000     0.0368     0.0351   2.867599   2.867074    307.043     0.1359     0.1096    905.886   78.88356   -7.02252    34.3760    34.3710 0.0000e+00
    171.000     0.0494     0.0474   2.869363   2.868833    306.747     0.1329     0.1092    906.871   78.88356   -7.02254    34.3847    34.3799 0.0000e+00
    172.000     0.0665     0.0638   2.871615   2.870998    306.190     0.1314     0.1089    907.849   78.88356   -7.02256    34.3946    34.3895 0.0000e+00
    173.000     0.0862     0.0830   2.874391   2.873710    305.839     0.1343     0.1091    908.825   78.88356   -7.02258    34.4087    34.4033 0.0000e+00
    174.000     0.1024     0.0998   2.876804   2.876200    305.156     0.1365     0.1102    909.788   78.88356   -7.02259    34.4218    34.4167 0.0000e+00
    175.000     0.1255     0.1232   2.880409   2.879845    304.622     0.1309     0.1101    910.753   78.88356   -7.02261    34.4428    34.4380 0.0000e+00
    176.000     0.1501     0.1465   2.883381   2.882770    305.112     0.1275     0.1101    911.725   78.88356   -7.02263    34.4539    34.4498 0.0000e+00
    177.000     0.1775     0.1747   2.886480   2.885885    305.260     0.1276     0.1100    912.717   78.88356   -7.02265    34.4634    34.4587 0.0000e+00
    178.000     0.1917     0.1890   2.888181   2.887604    304.866     0.1313     0.1102    913.704   78.88356   -7.02267    34.4693    34.4647 0.0000e+00
    179.000     0.1943     0.1931   2.888557   2.888094    305.140     0.1317     0.1106    914.690   78.88356   -7.02269    34.4707    34.4660 0.0000e+00
    180.000     0.1964     0.1951   2.888839   2.888385    305.547     0.1317     0.1113    915.674   78.88356   -7.02271    34.4715    34.4670 0.0000e+00
    181.000     0.1972     0.1962   2.888986   2.888549    305.369     0.1308     0.1103    916.673   78.88356   -7.02273    34.4719    34.4672 0.0000e+00
    182.000     0.2010     0.2004   2.889597   2.889262    304.824     0.1294     0.1091    917.679   78.88356   -7.02275    34.4752    34.4714 0.0000e+00
    183.000     0.2139     0.2097   2.891486   2.890727    304.305     0.1308     0.1089    918.679   78.88356   -7.02279    34.4849    34.4796 0.0000e+00
    184.000     0.2613     0.2582   2.897213   2.896643    303.649     0.1291     0.1091    919.685   78.88356   -7.02281    34.5066    34.5025 0.0000e+00
    185.000     0.2832     0.2822   2.900080   2.899649    304.044     0.1329     0.1089    920.702   78.88356   -7.02283    34.5191    34.5145 0.0000e+00
    186.000     0.2873     0.2863   2.900694   2.900270    304.893     0.1307     0.1085    921.716   78.88356   -7.02285    34.5219    34.5175 0.0000e+00
    187.000     0.2902     0.2891   2.901213   2.900766    304.707     0.1317     0.1077    922.730   78.88356   -7.02287    34.5250    34.5203 0.0000e+00
    188.000     0.2915     0.2907   2.901646   2.901206    304.341     0.1298     0.1079    923.743   78.88357   -7.02289    34.5286    34.5237 0.0000e+00
    189.000     0.2980     0.2964   2.902888   2.902399    304.207     0.1288     0.1090    924.751   78.88358   -7.02292    34.5370    34.5324 0.0000e+00
    190.000     0.3255     0.3240   2.906478   2.906061    303.811     0.1304     0.1089    925.760   78.88358   -7.02293    34.5528    34.5489 0.0000e+00
    191.000     0.3907     0.3934   2.913206   2.913459    303.923     0.1326     0.1078    926.772   78.88358   -7.02296    34.5673    34.5675 0.0000e+00
    192.000     0.5010     0.5025   2.924375   2.924260    303.543     0.1321     0.1070    927.783   78.88358   -7.02298    34.5893    34.5861 0.0000e+00
    193.000     0.5106     0.5099   2.926086   2.925734    304.752     0.1306     0.1073    928.795   78.88358   -7.02299    34.6003    34.5966 0.0000e+00
    194.000     0.5089     0.5097   2.926408   2.926136    305.011     0.1280     0.1076    929.811   78.88358   -7.02302    34.6058    34.6014 0.0000e+00
    195.000     0.4920     0.4915   2.924995   2.924624    305.870     0.1289     0.1073    930.834   78.88358   -7.02304    34.6057    34.6014 0.0000e+00
    196.000     0.5191     0.5170   2.928331   2.927936    305.651     0.1329     0.1067    931.858   78.88358   -7.02306    34.6184    34.6156 0.0000e+00
    197.000     0.5524     0.5511   2.931975   2.931569    304.573     0.1263     0.1068    932.893   78.88358   -7.02308    34.6281    34.6243 0.0000e+00
    198.000     0.5775     0.5756   2.934639   2.934199    304.557     0.1262     0.1065    933.925   78.88358   -7.02310    34.6341    34.6305 0.0000e+00
    199.000     0.6005     0.5996   2.937782   2.937362    305.299     0.1272     0.1066    934.948   78.88358   -7.02312    34.6488    34.6443 0.0000e+00
    200.000     0.6104     0.6095   2.939911   2.939559    305.278     0.1277     0.1045    935.968   78.88358   -7.02314    34.6649    34.6612 0.0000e+00
    201.000     0.6209     0.6198   2.941355   2.940938    304.438     0.1287     0.1079    936.987   78.88358   -7.02318    34.6713    34.6671 0.0000e+00
    202.000     0.6408     0.6396   2.943878   2.943466    303.780     0.1299     0.1073    938.025   78.88358   -7.02320    34.6813    34.6773 0.0000e+00
    203.000     0.6535     0.6524   2.945383   2.944977    303.403     0.1288     0.1066    939.064   78.88358   -7.02322    34.6861    34.6820 0.0000e+00
    204.000     0.6615     0.6602   2.946324   2.945882    303.495     0.1269     0.1066    940.095   78.88358   -7.02322    34.6888    34.6845 0.0000e+00
    205.000     0.6682     0.6671   2.947163   2.946731    303.219     0.1274     0.1056    941.127   78.88358   -7.02324    34.6915    34.6872 0.0000e+00
    206.000     0.6830     0.6822   2.948909   2.948527    302.837     0.1253     0.1040    942.164   78.88358   -7.02326    34.6972    34.6931 0.0000e+00
    207.000     0.6874     0.6865   2.949524   2.949112    302.927     0.1266     0.1046    943.205   78.88358   -7.02328    34.6996    34.6953 0.0000e+00
    208.000     0.6900     0.6889   2.949878   2.949452    303.066     0.1285     0.1066    944.250   78.88358   -7.02330    34.7007    34.6964 0.0000e+00
    209.000     0.6941     0.6933   2.950396   2.949995    303.136     0.1245     0.1067    945.294   78.88358   -7.02333    34.7023    34.6980 0.0000e+00
    210.000     0.6973     0.6963   2.950798   2.950375    303.455     0.1287     0.1075    946.356   78.88358   -7.02335    34.7033    34.6989 0.0000e+00
    211.000     0.7047     0.7038   2.951698   2.951288    303.273     0.1274     0.1077    947.413   78.88358   -7.02337    34.7061    34.7019 0.0000e+00
    212.000     0.7179     0.7169   2.953276   2.952879    303.166     0.1316     0.1075    948.483   78.88358   -7.02339    34.7113    34.7072 0.0000e+00
    213.000     0.7230     0.7220   2.954086   2.953668    303.580     0.1304     0.1069    949.549   78.88359   -7.02341    34.7155    34.7112 0.0000e+00
    214.000     0.7511     0.7503   2.957206   2.956873    303.201     0.1275     0.1067    950.610   78.88360   -7.02343    34.7240    34.7206 0.0000e+00
    215.000     0.7825     0.7808   2.960474   2.960031    303.160     0.1260     0.1068    951.670   78.88360   -7.02345    34.7306    34.7269 0.0000e+00
    216.000     0.8096     0.8079   2.963371   2.962918    302.599     0.1262     0.1052    952.736   78.88360   -7.02347    34.7373    34.7333 0.0000e+00
    217.000     0.8343     0.8324   2.965994   2.965550    301.848     0.1255     0.1047    953.795   78.88360   -7.02351    34.7431    34.7395 0.0000e+00
    218.000     0.8497     0.8490   2.967642   2.967283    301.709     0.1231     0.1060    954.848   78.88360   -7.02354    34.7466    34.7428 0.0000e+00
    219.000     0.8541     0.8533   2.968146   2.967765    302.027     0.1239     0.1069    955.909   78.88360   -7.02356    34.7477    34.7437 0.0000e+00
    220.000     0.8623     0.8616   2.969028   2.968648    301.980     0.1233     0.1069    956.954   78.88360   -7.02360    34.7493    34.7452 0.0000e+00
