test_project/cnv_files/008_bin.cnv
* Sea-Bird SBE 9 Data File:
* FileName = C:\Documents and Settings\ctd\Desktop\FS2022\data\008.hex
* Software Version Seasave V 7.21b
* Temperature SN = 2400
* Conductivity SN = 3447
* Number of Bytes Per Scan = 48
* Number of Voltage Words = 5
* Number of Scans Averaged by the Deck Unit = 1
* NMEA Latitude = 78 49.26 N
* NMEA Longitude = 006 31.46 W
* NMEA UTC (Time) = Sep 13 2022  13:22:33
* NMEA baud rate = 4800
** Cruise: FS 2022
** Ship: Silver Arctic
** Station (File Number):  008
** Latitude:
** Longitude:
** Echodepth (m):
** Seastate:
# nquan = 14
# nvalues = 263                         
# units = specified
# name 0 = prDM: Pressure, Digiquartz [db]
# name 1 = t090C: Temperature [ITS-90, deg C]
# name 2 = t190C: Temperature, 2 [ITS-90, deg C]
# name 3 = c0S/m: Conductivity [S/m]
# name 4 = c1S/m: Conductivity, 2 [S/m]
# name 5 = sbox0Mm/Kg: Oxygen, SBE 43 [umol/kg]
# name 6 = wetCDOM: Fluorescence, WET Labs CDOM [mg/m^3]
# name 7 = wetCDOM1: Fluorescence, WET Labs CDOM, 2 [mg/m^3]
# name 8 = timeS: Time, Elapsed [seconds]
# name 9 = latitude: Latitude [deg]
# name 10 = longitude: Longitude [deg]
# name 11 = sal00: Salinity, Practical [PSU]
# name 12 = sal11: Salinity, Practical, 2 [PSU]
# name 13 = flag: flag
# span 0 =      2.000,    264.000       
# span 1 =    -1.5964,     1.6309       
# span 2 =    -1.5980,     1.6287       
# span 3 =   2.418537,   3.042705       
# span 4 =   2.417925,   3.042196       
# span 5 =    305.500,    421.665       
# span 6 =     0.1067,     0.1594       
# span 7 =     0.1003,     0.1277       
# span 8 =    243.579,    547.242       
# span 9 =   78.82019,   78.82062       
# span 10 =   -6.52508,   -6.52476      
# span 11 =    30.1482,    34.8528      
# span 12 =    30.1413,    34.8483      
# span 13 = 0.0000e+00, 0.0000e+00      
# interval = decibars: 1                
# start_time = Sep 13 2022 13:22:33 [NMEA time, first data scan]
# bad_flag = -9.990e-29
*END*
[from data line 207]
    209.000     1.3480     1.3473   3.013857   3.013485    308.929     0.1153     0.1022    482.612   78.82028   -6.52502    34.7914    34.7874 0.0000e+00
    210.000     1.3620     1.3577   3.015259   3.014603    309.706     0.1086     0.1008    483.669   78.82028   -6.52503    34.7932    34.7895 0.0000e+00
    211.000     1.3975     1.3861   3.018780   3.017465    310.187     0.1097     0.1023    484.724   78.82028   -6.52504    34.7982    34.7940 0.0000e+00
    212.000     1.4299     1.4273   3.022015   3.021487    310.687     0.1132     0.1014    485.786   78.82028   -6.52504    34.8028    34.7990 0.0000e+00
    213.000     1.4348     1.4315   3.022571   3.021989    311.596     0.1126     0.1014    486.846   78.82028   -6.52504    34.8039    34.8002 0.0000e+00
    214.000     1.5036     1.4927   3.029460   3.028181    311.281     0.1133     0.1030    487.907   78.82028   -6.52504    34.8148    34.8107 0.0000e+00
    215.000     1.5738     1.5637   3.036526   3.035298    310.961     0.1120     0.1033    488.965   78.82028   -6.52504    34.8263    34.8219 0.0000e+00
    216.000     1.5956     1.5924   3.038799   3.038220    311.935     0.1108     0.1024    490.022   78.82028   -6.52504    34.8304    34.8267 0.0000e+00
    217.000     1.6010     1.5983   3.039429   3.038907    312.840     0.1067     0.1031    491.077   78.82028   -6.52504    34.8319    34.8282 0.0000e+00
    218.000     1.6117     1.6085   3.040558   3.039978    313.377     0.1112     0.1030    492.127   78.82028   -6.52504    34.8338    34.8300 0.0000e+00
    219.000     1.6186     1.6155   3.041335   3.040750    313.387     0.1103     0.1031    493.183   78.82028   -6.52504    34.8355    34.8315 0.0000e+00
    220.000     1.6287     1.6258   3.042425   3.041862    313.514     0.1133     0.1021    494.236   78.82026   -6.52504    34.8375    34.8336 0.0000e+00
    221.000     1.6309     1.6287   3.042705   3.042196    314.143     0.1120     0.1030    495.278   78.82026   -6.52504    34.8380    34.8340 0.0000e+00
    222.000     1.6279     1.6268   3.042484   3.042086    314.449     0.1102     0.1022    496.320   78.82026   -6.52504    34.8379    34.8341 0.0000e+00
    223.000     1.6223     1.6211   3.042020   3.041598    314.411     0.1104     0.1028    497.358   78.82026   -6.52504    34.8377    34.8337 0.0000e+00
    224.000     1.6164     1.6153   3.041522   3.041110    314.147     0.1120     0.1030    498.403   78.82026   -6.52504    34.8374    34.8333 0.0000e+00
    225.000     1.6119     1.6103   3.041152   3.040698    314.280     0.1135     0.1023    499.449   78.82026   -6.52504    34.8371    34.8330 0.0000e+00
    226.000     1.5992     1.6001   3.040077   3.039812    314.336     0.1147     0.1021    500.485   78.82026   -6.52504    34.8369    34.8325 0.0000e+00
    227.000     1.5836     1.5830   3.038783   3.038385    314.323     0.1162     0.1023    501.528   78.82026   -6.52504    34.8372    34.8328 0.0000e+00
    228.000     1.5410     1.5479   3.034878   3.035141    314.303     0.1142     0.1027    502.562   78.82026   -6.52505    34.8341    34.8299 0.0000e+00
    229.000     1.5121     1.5148   3.032216   3.032119    313.899     0.1187     0.1021    503.590   78.82026   -6.52506    34.8317    34.8275 0.0000e+00
    230.000     1.4867     1.4882   3.029888   3.029671    313.018     0.1137     0.1022    504.614   78.82026   -6.52506    34.8296    34.8252 0.0000e+00
    231.000     1.4630     1.4632   3.027788   3.027452    312.589     0.1174     0.1029    505.638   78.82026   -6.52506    34.8286    34.8241 0.0000e+00
    232.000     1.4632     1.4646   3.027903   3.027676    312.280     0.1133     0.1019    506.663   78.82026   -6.52506    34.8293    34.8248 0.0000e+00
    233.000     1.3695     1.3753   3.019328   3.019391    313.133     0.1149     0.1005    507.689   78.82026   -6.52506    34.8234    34.8177 0.0000e+00
    234.000     1.3215     1.3233   3.014921   3.014712    312.669     0.1144     0.1014    508.720   78.82026   -6.52506    34.8198    34.8151 0.0000e+00
    235.000     1.2831     1.2897   3.011407   3.011574    311.455     0.1113     0.1020    509.745   78.82025   -6.52506    34.8169    34.8117 0.0000e+00
    236.000     1.2382     1.2419   3.007314   3.007252    310.982     0.1102     0.1026    510.764   78.82024   -6.52506    34.8139    34.8089 0.0000e+00
    237.000     1.2562     1.2496   3.009167   3.008218    310.201     0.1118     0.1018    511.781   78.82024   -6.52506    34.8170    34.8121 0.0000e+00
    238.000     1.3032     1.2949   3.013837   3.012745    309.471     0.1123     0.1013    512.802   78.82024   -6.52506    34.8239    34.8192 0.0000e+00
    239.000     1.3115     1.3094   3.014893   3.014367    309.362     0.1109     0.1029    513.816   78.82024   -6.52506    34.8276    34.8232 0.0000e+00
    240.000     1.3066     1.3060   3.014648   3.014240    309.437     0.1166     0.1028    514.825   78.82024   -6.52506    34.8293    34.8248 0.0000e+00
    241.000     1.3045     1.3044   3.014522   3.014193    309.658     0.1138     0.1023    515.831   78.82024   -6.52506    34.8295    34.8253 0.0000e+00
    242.000     1.3077     1.3044   3.014883   3.014251    310.194     0.1176     0.1050    516.839   78.82024   -6.52506    34.8300    34.8256 0.0000e+00
    243.000     1.3066     1.3063   3.014845   3.014482    310.526     0.1162     0.1034    517.849   78.82024   -6.52506    34.8300    34.8258 0.0000e+00
    244.000     1.2954     1.2968   3.013846   3.013644    310.666     0.1150     0.1042    518.856   78.82024   -6.52506    34.8292    34.8250 0.0000e+00
    245.000     1.2841     1.2938   3.013041   3.013693    310.530     0.1123     0.1037    519.862   78.82024   -6.52506    34.8308    34.8284 0.0000e+00
    246.000     1.3425     1.3419   3.018803   3.018403    309.799     0.1123     0.1030    520.868   78.82024   -6.52506    34.8390    34.8346 0.0000e+00
    247.000     1.3384     1.3365   3.018770   3.018266    310.557     0.1138     0.1033    521.874   78.82024   -6.52506    34.8426    34.8382 0.0000e+00
    248.000     1.3258     1.3259   3.017800   3.017458    311.251     0.1122     0.1035    522.886   78.82024   -6.52508    34.8436    34.8391 0.0000e+00
    249.000     1.3079     1.3084   3.016435   3.016104    311.595     0.1124     0.1008    523.897   78.82022   -6.52508    34.8455    34.8407 0.0000e+00
    250.000     1.2902     1.2904   3.015077   3.014724    311.447     0.1142     0.1028    524.900   78.82022   -6.52508    34.8472    34.8424 0.0000e+00
    251.000     1.2767     1.2760   3.014055   3.013625    311.474     0.1133     0.1030    525.907   78.82022   -6.52508    34.8485    34.8438 0.0000e+00
    252.000     1.2714     1.2704   3.013654   3.013215    311.669     0.1113     0.1023    526.912   78.82022   -6.52508    34.8487    34.8441 0.0000e+00
    253.000     1.2603     1.2601   3.012768   3.012378    311.705     0.1126     0.1021    527.920   78.82022   -6.52508    34.8491    34.8444 0.0000e+00
    254.000     1.2496     1.2496   3.011951   3.011586    311.494     0.1141     0.1005    528.924   78.82022   -6.52508    34.8500    34.8453 0.0000e+00
    255.000     1.2234     1.2285   3.009798   3.009835    311.049     0.1140     0.1003    529.927   78.82022   -6.52508    34.8510    34.8458 0.0000e+00
    256.000     1.1882     1.1903   3.006820   3.006621    311.157     0.1164     0.1019    530.927   78.82022   -6.52508    34.8515    34.8466 0.0000e+00
    257.000     1.1872     1.1849   3.006737   3.006195    311.049     0.1190     0.1020    531.928   78.82022   -6.52508    34.8509    34.8465 0.0000e+00
    258.000     1.1546     1.1551   3.004004   3.003660    311.342     0.1157     0.1030    532.964   78.82022   -6.52508    34.8516    34.8466 0.0000e+00
    259.000     1.1336     1.1359   3.002266   3.002108    311.325     0.1141     0.1022    534.120   78.82022   -6.52508    34.8521    34.8475 0.0000e+00
    260.000     1.1221     1.1221   3.001346   3.000977    310.341     0.1175     0.1015    535.481   78.82022   -6.52508    34.8525    34.8478 0.0000e+00
    261.000     1.1212     1.1197   3.001307   3.000831    309.485     0.1150     0.1007    536.977   78.82022   -6.52508    34.8524    34.8479 0.0000e+00
    262.000     1.1211     1.1201   3.001355   3.000912    309.534     0.1156     0.1027    538.729   78.82022   -6.52508    34.8526    34.8480 0.0000e+00
    263.000     1.1203     1.1194   3.001353   3.000924    309.472     0.1146     0.1023    540.788   78.82020   -6.52508    34.8528    34.8483 0.0000e+00
    264.000     1.1217     1.1196   3.001517   3.000989    309.958     0.1192     0.1035    547.242   78.82019   -6.52508    34.8528    34.8483 0.0000e+00
