test_project/cnv_files/008_bin.cnv
* Sea-Bird SBE 9 Data File:
* FileName = C:\Documents and Settings\ctd\Desktop\FS2022\data\008.hex
* Software Version Seasave V 7.21b
* Temperature SN = 2400
* Conductivity SN = 3447
* Number of Bytes Per Scan = 48
* Number of Voltage Words = 5
* Number of Scans Averaged by the Deck Unit = 1
* NMEA Latitude = 78 49.26 N
* NMEA Longitude = 006 31.46 W
* NMEA UTC (Time) = Sep 13 2022  13:22:33
* NMEA baud rate = 4800
** Cruise: FS 2022
** Ship: Silver Arctic
** Station (File Number):  008
** Latitude:
** Longitude:
** Echodepth (m):
** Seastate:
# nquan = 14
# nvalues = 263                         
# units = specified
# name 0 = prDM: Pressure, Digiquartz [db]
# name 1 = t090C: Temperature [ITS-90, deg C]
# name 2 = t190C: Temperature, 2 [ITS-90, deg C]
# name 3 = c0S/m: Conductivity [S/m]
# name 4 = c1S/m: Conductivity, 2 [S/m]
# name 5 = sbox0Mm/Kg: Oxygen, SBE 43 [umol/kg]
# name 6 = wetCDOM: Fluorescence, WET Labs CDOM [mg/m^3]
# name 7 = wetCDOM1: Fluorescence, WET Labs CDOM, 2 [mg/m^3]
# name 8 = timeS: Time, Elapsed [seconds]
# name 9 = latitude: Latitude [deg]
# name 10 = longitude: Longitude [deg]
# name 11 = sal00: Salinity, Practical [PSU]
# name 12 = sal11: Salinity, Practical, 2 [PSU]
# name 13 = flag: flag
# span 0 =      2.000,    264.000       
# span 1 =    -1.5964,     1.6309       
# span 2 =    -1.5980,     1.6287       
# span 3 =   2.418537,   3.042705       
# span 4 =   2.417925,   3.042196       
# span 5 =    305.500,    421.665       
# span 6 =     0.1067,     0.1594       
# span 7 =     0.1003,     0.1277       
# span 8 =    243.579,    547.242       
# span 9 =   78.82019,   78.82062       
# span 10 =   -6.52508,   -6.52476      
# span 11 =    30.1482,    34.8528      
# span 12 =    30.1413,    34.8483      
# span 13 = 0.0000e+00, 0.0000e+00      
# interval = decibars: 1                
# start_time = Sep 13 2022 13:22:33 [NMEA time, first data scan]
# bad_flag = -9.990e-29
*END*
      2.000    -1.5645    -1.5660   2.418537   2.417925    412.049     0.1364     0.1209    243.579   78.82062   -6.52476    30.1482    30.1413 0.0000e+00
      3.000    -1.5641    -1.5660   2.418931   2.418180    412.557     0.1439     0.1204    246.103   78.82062   -6.52476    30.1526    30.1442 0.0000e+00
      4.000    -1.5613    -1.5628   2.419651   2.419008    413.948     0.1420     0.1198    248.175   78.82062   -6.52476    30.1590    30.1518 0.0000e+00
      5.000    -1.5592    -1.5596   2.420248   2.419881    414.363     0.1416     0.1200    249.997   78.82060   -6.52478    30.1645    30.1599 0.0000e+00
      6.000    -1.5495    -1.5506   2.423069   2.422527    416.403     0.1417     0.1189    251.736   78.82060   -6.52478    30.1926    30.1863 0.0000e+00
      7.000    -1.5448    -1.5461   2.424473   2.423885    416.230     0.1433     0.1179    253.510   78.82060   -6.52478    30.2065    30.1997 0.0000e+00
      8.000    -1.5467    -1.5479   2.426356   2.425654    415.311     0.1444     0.1207    255.306   78.82060   -6.52478    30.2335    30.2252 0.0000e+00
      9.000    -1.5502    -1.5506   2.429385   2.429054    416.872     0.1420     0.1197    257.124   78.82060   -6.52478    30.2778    30.2737 0.0000e+00
     10.000    -1.5436    -1.5445   2.432111   2.431580    417.333     0.1429     0.1183    259.024   78.82060   -6.52478    30.3079    30.3015 0.0000e+00
     11.000    -1.5432    -1.5436   2.432316   2.431976    417.435     0.1404     0.1199    260.920   78.82060   -6.52478    30.3096    30.3054 0.0000e+00
     12.000    -1.5448    -1.5460   2.431699   2.431146    417.496     0.1441     0.1217    262.827   78.82060   -6.52478    30.3022    30.2959 0.0000e+00
     13.000    -1.5407    -1.5448   2.433447   2.431796    416.948     0.1428     0.1214    264.721   78.82058   -6.52478    30.3214    30.3030 0.0000e+00
     14.000    -1.5287    -1.5302   2.436988   2.436288    416.410     0.1425     0.1181    266.632   78.82058   -6.52478    30.3570    30.3489 0.0000e+00
     15.000    -1.5190    -1.5205   2.438805   2.438241    416.579     0.1457     0.1184    268.548   78.82058   -6.52480    30.3713    30.3651 0.0000e+00
     16.000    -1.5129    -1.5142   2.440979   2.440387    416.560     0.1448     0.1200    270.462   78.82058   -6.52480    30.3942    30.3874 0.0000e+00
     17.000    -1.5078    -1.5095   2.444986   2.444273    416.082     0.1439     0.1188    272.401   78.82058   -6.52480    30.4431    30.4351 0.0000e+00
     18.000    -1.4866    -1.4884   2.458993   2.457804    415.736     0.1413     0.1188    274.386   78.82058   -6.52480    30.6121    30.5977 0.0000e+00
     19.000    -1.4056    -1.4097   2.495976   2.494397    414.302     0.1442     0.1197    276.354   78.82058   -6.52480    31.0326    31.0152 0.0000e+00
     20.000    -1.3856    -1.3870   2.514426   2.513483    416.727     0.1395     0.1208    278.312   78.82056   -6.52480    31.2630    31.2516 0.0000e+00
     21.000    -1.3852    -1.3863   2.516012   2.515320    420.219     0.1436     0.1184    280.268   78.82056   -6.52480    31.2837    31.2753 0.0000e+00
     22.000    -1.3801    -1.3818   2.519150   2.518286    421.665     0.1448     0.1198    282.251   78.82056   -6.52480    31.3205    31.3105 0.0000e+00
     23.000    -1.3705    -1.3730   2.523231   2.522093    420.422     0.1430     0.1204    284.219   78.82056   -6.52481    31.3656    31.3526 0.0000e+00
     24.000    -1.3626    -1.3644   2.526477   2.525622    420.081     0.1460     0.1202    286.184   78.82056   -6.52482    31.4009    31.3912 0.0000e+00
     25.000    -1.3600    -1.3611   2.528826   2.527978    420.298     0.1478     0.1206    288.167   78.82056   -6.52482    31.4297    31.4193 0.0000e+00
     26.000    -1.3585    -1.3597   2.530881   2.530086    420.597     0.1465     0.1216    290.150   78.82056   -6.52482    31.4556    31.4460 0.0000e+00
     27.000    -1.3813    -1.3795   2.532214   2.531531    421.632     0.1432     0.1221    291.976   78.82056   -6.52482    31.4973    31.4860 0.0000e+00
     28.000    -1.4101    -1.4109   2.533577   2.532932    421.291     0.1499     0.1212    293.424   78.82054   -6.52482    31.5457    31.5378 0.0000e+00
     29.000    -1.4179    -1.4194   2.536606   2.535966    419.593     0.1478     0.1219    294.786   78.82054   -6.52482    31.5949    31.5877 0.0000e+00
     30.000    -1.4711    -1.4724   2.534724   2.534119    417.403     0.1465     0.1223    296.145   78.82054   -6.52482    31.6249    31.6180 0.0000e+00
     31.000    -1.5207    -1.5218   2.532438   2.531811    415.174     0.1490     0.1236    297.411   78.82054   -6.52482    31.6456    31.6382 0.0000e+00
     32.000    -1.5405    -1.5422   2.532239   2.531628    412.728     0.1465     0.1244    298.631   78.82054   -6.52482    31.6634    31.6568 0.0000e+00
     33.000    -1.5467    -1.5478   2.532594   2.531995    410.240     0.1476     0.1240    299.802   78.82054   -6.52482    31.6743    31.6673 0.0000e+00
     34.000    -1.5752    -1.5767   2.531499   2.530875    408.040     0.1504     0.1231    300.907   78.82054   -6.52484    31.6890    31.6820 0.0000e+00
     35.000    -1.5840    -1.5857   2.531589   2.530964    405.709     0.1500     0.1228    301.985   78.82054   -6.52484    31.6990    31.6922 0.0000e+00
     36.000    -1.5800    -1.5815   2.532879   2.532281    404.394     0.1514     0.1225    303.053   78.82054   -6.52484    31.7119    31.7053 0.0000e+00
     37.000    -1.5784    -1.5795   2.533763   2.533138    403.790     0.1490     0.1242    304.113   78.82054   -6.52484    31.7217    31.7144 0.0000e+00
     38.000    -1.5818    -1.5833   2.533911   2.533299    403.613     0.1450     0.1232    305.175   78.82054   -6.52484    31.7269    31.7201 0.0000e+00
     39.000    -1.5912    -1.5927   2.533761   2.533135    402.978     0.1500     0.1244    306.222   78.82054   -6.52484    31.7342    31.7272 0.0000e+00
     40.000    -1.5958    -1.5980   2.533957   2.533296    403.036     0.1554     0.1233    307.258   78.82052   -6.52484    31.7412    31.7345 0.0000e+00
     41.000    -1.5859    -1.5877   2.535131   2.534522    402.440     0.1526     0.1232    308.293   78.82052   -6.52484    31.7462    31.7397 0.0000e+00
     42.000    -1.5800    -1.5807   2.536285   2.535747    402.278     0.1526     0.1223    309.336   78.82052   -6.52484    31.7552    31.7485 0.0000e+00
     43.000    -1.5818    -1.5833   2.536585   2.535984    401.889     0.1523     0.1227    310.371   78.82052   -6.52484    31.7606    31.7539 0.0000e+00
     44.000    -1.5815    -1.5830   2.537053   2.536435    401.509     0.1492     0.1238    311.406   78.82052   -6.52484    31.7661    31.7593 0.0000e+00
     45.000    -1.5816    -1.5831   2.537472   2.536872    401.265     0.1499     0.1244    312.448   78.82052   -6.52484    31.7714    31.7647 0.0000e+00
     46.000    -1.5824    -1.5839   2.537895   2.537283    400.589     0.1519     0.1239    313.487   78.82052   -6.52484    31.7774    31.7707 0.0000e+00
     47.000    -1.5849    -1.5864   2.538416   2.537830    400.110     0.1534     0.1235    314.525   78.82052   -6.52484    31.7867    31.7803 0.0000e+00
     48.000    -1.5956    -1.5968   2.538437   2.537848    400.392     0.1542     0.1242    315.558   78.82052   -6.52484    31.7979    31.7911 0.0000e+00
     49.000    -1.5923    -1.5942   2.539520   2.538900    400.109     0.1526     0.1229    316.595   78.82052   -6.52485    31.8086    31.8021 0.0000e+00
     50.000    -1.5834    -1.5849   2.540685   2.540098    399.325     0.1527     0.1222    317.637   78.82052   -6.52486    31.8145    31.8080 0.0000e+00
     51.000    -1.5817    -1.5833   2.541154   2.540544    398.633     0.1551     0.1231    318.673   78.82052   -6.52486    31.8186    31.8119 0.0000e+00
     52.000    -1.5834    -1.5848   2.541763   2.541168    398.544     0.1549     0.1223    319.709   78.82052   -6.52486    31.8281    31.8215 0.0000e+00
     53.000    -1.5943    -1.5960   2.541616   2.541023    398.412     0.1530     0.1229    320.743   78.82052   -6.52486    31.8372    31.8308 0.0000e+00
     54.000    -1.5964    -1.5980   2.542053   2.541453    397.868     0.1546     0.1241    321.783   78.82051   -6.52486    31.8448    31.8383 0.0000e+00
     55.000    -1.5921    -1.5937   2.543235   2.542644    397.340     0.1559     0.1251    322.821   78.82050   -6.52486    31.8559    31.8495 0.0000e+00
     56.000    -1.5913    -1.5928   2.543923   2.543324    396.948     0.1553     0.1250    323.859   78.82050   -6.52486    31.8639    31.8573 0.0000e+00
     57.000    -1.5851    -1.5872   2.544983   2.544381    396.727     0.1514     0.1250    324.899   78.82050   -6.52486    31.8712    31.8652 0.0000e+00
     58.000    -1.5607    -1.5621   2.548028   2.547457    395.767     0.1469     0.1246    325.936   78.82050   -6.52486    31.8864    31.8801 0.0000e+00
     59.000    -1.5734    -1.5744   2.548329   2.547765    395.670     0.1476     0.1222    326.973   78.82050   -6.52486    31.9035    31.8969 0.0000e+00
     60.000    -1.5794    -1.5810   2.548591   2.547992    395.730     0.1527     0.1232    328.010   78.82050   -6.52486    31.9130    31.9065 0.0000e+00
     61.000    -1.5771    -1.5786   2.549158   2.548572    395.180     0.1523     0.1233    329.048   78.82050   -6.52486    31.9177    31.9113 0.0000e+00
     62.000    -1.5740    -1.5758   2.549608   2.549003    394.235     0.1527     0.1256    330.085   78.82050   -6.52486    31.9200    31.9135 0.0000e+00
     63.000    -1.5760    -1.5775   2.550207   2.549630    393.737     0.1528     0.1277    331.126   78.82050   -6.52486    31.9298    31.9234 0.0000e+00
     64.000    -1.5752    -1.5767   2.552071   2.551491    393.359     0.1530     0.1271    332.163   78.82050   -6.52486    31.9539    31.9476 0.0000e+00
     65.000    -1.5671    -1.5686   2.555524   2.554918    392.947     0.1537     0.1251    333.198   78.82050   -6.52486    31.9921    31.9855 0.0000e+00
     66.000    -1.5618    -1.5634   2.557456   2.556867    392.463     0.1533     0.1250    334.237   78.82050   -6.52488    32.0124    32.0060 0.0000e+00
     67.000    -1.5553    -1.5571   2.559338   2.558687    392.252     0.1526     0.1251    335.275   78.82049   -6.52488    32.0307    32.0237 0.0000e+00
     68.000    -1.5563    -1.5581   2.561297   2.560589    391.210     0.1540     0.1245    336.308   78.82048   -6.52488    32.0581    32.0504 0.0000e+00
     69.000    -1.5382    -1.5409   2.565121   2.564369    389.656     0.1555     0.1243    337.345   78.82048   -6.52488    32.0906    32.0832 0.0000e+00
     70.000    -1.5241    -1.5268   2.567985   2.567164    388.622     0.1529     0.1248    338.380   78.82048   -6.52488    32.1142    32.1057 0.0000e+00
     71.000    -1.5144    -1.5163   2.570737   2.570025    388.203     0.1554     0.1256    339.419   78.82048   -6.52488    32.1409    32.1331 0.0000e+00
     72.000    -1.5220    -1.5221   2.572190   2.571598    387.244     0.1557     0.1258    340.456   78.82048   -6.52488    32.1684    32.1604 0.0000e+00
     73.000    -1.5509    -1.5505   2.573759   2.572882    386.473     0.1541     0.1269    341.493   78.82048   -6.52488    32.2207    32.2082 0.0000e+00
     74.000    -1.5477    -1.5493   2.576641   2.575910    384.985     0.1553     0.1270    342.534   78.82048   -6.52488    32.2562    32.2480 0.0000e+00
     75.000    -1.5357    -1.5386   2.578338   2.577625    383.695     0.1558     0.1259    343.565   78.82048   -6.52488    32.2660    32.2594 0.0000e+00
     76.000    -1.5152    -1.5181   2.581127   2.580389    382.781     0.1574     0.1256    344.602   78.82048   -6.52488    32.2815    32.2745 0.0000e+00
     77.000    -1.5044    -1.5068   2.583956   2.583196    381.558     0.1569     0.1256    345.643   78.82048   -6.52488    32.3081    32.3003 0.0000e+00
     78.000    -1.4847    -1.4880   2.588137   2.587297    380.549     0.1531     0.1262    346.679   78.82048   -6.52488    32.3436    32.3356 0.0000e+00
     79.000    -1.4654    -1.4679   2.591425   2.590699    379.960     0.1526     0.1270    347.717   78.82048   -6.52488    32.3672    32.3599 0.0000e+00
     80.000    -1.4612    -1.4628   2.593400   2.592776    379.001     0.1554     0.1265    348.762   78.82048   -6.52488    32.3891    32.3823 0.0000e+00
     81.000    -1.4568    -1.4587   2.595189   2.594531    378.336     0.1538     0.1260    349.806   78.82048   -6.52489    32.4083    32.4013 0.0000e+00
     82.000    -1.4201    -1.4276   2.599900   2.598714    376.794     0.1537     0.1267    350.848   78.82046   -6.52490    32.4324    32.4244 0.0000e+00
     83.000    -1.3573    -1.3606   2.609905   2.608981    375.607     0.1495     0.1256    351.880   78.82046   -6.52490    32.5007    32.4916 0.0000e+00
     84.000    -1.3435    -1.3459   2.614884   2.614117    376.059     0.1552     0.1243    352.907   78.82046   -6.52490    32.5532    32.5453 0.0000e+00
     85.000    -1.3368    -1.3385   2.616113   2.615521    375.379     0.1594     0.1232    353.931   78.82046   -6.52490    32.5622    32.5559 0.0000e+00
     86.000    -1.3665    -1.3657   2.615366   2.614870    372.157     0.1569     0.1231    354.961   78.82046   -6.52490    32.5836    32.5760 0.0000e+00
     87.000    -1.3737    -1.3817   2.617883   2.616237    367.880     0.1562     0.1248    355.989   78.82046   -6.52490    32.6254    32.6116 0.0000e+00
     88.000    -1.3282    -1.3341   2.625503   2.624307    364.932     0.1542     0.1249    357.011   78.82046   -6.52490    32.6794    32.6695 0.0000e+00
     89.000    -1.3198    -1.3219   2.628661   2.627920    364.886     0.1525     0.1245    358.038   78.82046   -6.52490    32.7129    32.7051 0.0000e+00
     90.000    -1.3072    -1.3094   2.632866   2.632141    365.958     0.1519     0.1238    359.064   78.82046   -6.52490    32.7561    32.7485 0.0000e+00
     91.000    -1.2910    -1.2938   2.637135   2.636317    364.998     0.1517     0.1231    360.089   78.82046   -6.52490    32.7961    32.7881 0.0000e+00
     92.000    -1.2690    -1.2717   2.642527   2.641705    363.953     0.1524     0.1230    361.109   78.82046   -6.52490    32.8451    32.8369 0.0000e+00
     93.000    -1.2755    -1.2758   2.644112   2.643494    364.202     0.1527     0.1232    362.125   78.82046   -6.52490    32.8733    32.8652 0.0000e+00
     94.000    -1.2845    -1.2853   2.644581   2.644011    363.388     0.1534     0.1244    363.152   78.82046   -6.52490    32.8891    32.8821 0.0000e+00
     95.000    -1.2870    -1.2893   2.646310   2.645569    362.619     0.1526     0.1255    364.170   78.82044   -6.52492    32.9148    32.9072 0.0000e+00
     96.000    -1.2600    -1.2627   2.650502   2.649786    360.898     0.1553     0.1256    365.192   78.82044   -6.52492    32.9418    32.9351 0.0000e+00
     97.000    -1.2325    -1.2355   2.655043   2.654296    359.653     0.1539     0.1255    366.218   78.82044   -6.52492    32.9731    32.9662 0.0000e+00
     98.000    -1.2010    -1.2060   2.662396   2.661267    358.814     0.1492     0.1249    367.237   78.82044   -6.52492    33.0382    33.0283 0.0000e+00
     99.000    -1.1389    -1.1433   2.673778   2.672778    357.931     0.1527     0.1225    368.256   78.82044   -6.52492    33.1243    33.1156 0.0000e+00
    100.000    -1.1269    -1.1293   2.676043   2.675390    357.826     0.1539     0.1214    369.275   78.82044   -6.52492    33.1414    33.1352 0.0000e+00
    101.000    -1.1002    -1.1044   2.681310   2.680358    356.166     0.1521     0.1228    370.299   78.82044   -6.52492    33.1831    33.1747 0.0000e+00
    102.000    -1.0760    -1.0788   2.686929   2.685994    353.362     0.1525     0.1221    371.318   78.82044   -6.52492    33.2322    33.2226 0.0000e+00
    103.000    -1.0476    -1.0518   2.693155   2.692281    351.249     0.1492     0.1220    372.344   78.82044   -6.52492    33.2849    33.2777 0.0000e+00
    104.000    -1.0153    -1.0182   2.698474   2.697741    349.832     0.1466     0.1219    373.369   78.82044   -6.52492    33.3209    33.3141 0.0000e+00
