test_project/cnv_files/008_bin.cnv
* Sea-Bird SBE 9 Data File:
* FileName = C:\Documents and Settings\ctd\Desktop\FS2022\data\008.hex
* Software Version Seasave V 7.21b
* Temperature SN = 2400
* Conductivity SN = 3447
* Number of Bytes Per Scan = 48
* Number of Voltage Words = 5
* Number of Scans Averaged by the Deck Unit = 1
* NMEA Latitude = 78 49.26 N
* NMEA Longitude = 006 31.46 W
* NMEA UTC (Time) = Sep 13 2022  13:22:33
* NMEA baud rate = 4800
** Cruise: FS 2022
** Ship: Silver Arctic
** Station (File Number):  008
** Latitude:
** Longitude:
** Echodepth (m):
** Seastate:
# nquan = 14
# nvalues = 263                         
# units = specified
# name 0 = prDM: Pressure, Digiquartz [db]
# name 1 = t090C: Temperature [ITS-90, deg C]
# name 2 = t190C: Temperature, 2 [ITS-90, deg C]
# name 3 = c0S/m: Conductivity [S/m]
# name 4 = c1S/m: Conductivity, 2 [S/m]
# name 5 = sbox0Mm/Kg: Oxygen, SBE 43 [umol/kg]
# name 6 = wetCDOM: Fluorescence, WET Labs CDOM [mg/m^3]
# name 7 = wetCDOM1: Fluorescence, WET Labs CDOM, 2 [mg/m^3]
# name 8 = timeS: Time, Elapsed [seconds]
# name 9 = latitude: Latitude [deg]
# name 10 = longitude: Longitude [deg]
# name 11 = sal00: Salinity, Practical [PSU]
# name 12 = sal11: Salinity, Practical, 2 [PSU]
# name 13 = flag: flag
# span 0 =      2.000,    264.000       
# span 1 =    -1.5964,     1.6309       
# span 2 =    -1.5980,     1.6287       
# span 3 =   2.418537,   3.042705       
# span 4 =   2.417925,   3.042196       
# span 5 =    305.500,    421.665       
# span 6 =     0.1067,     0.1594       
# span 7 =     0.1003,     0.1277       
# span 8 =    243.579,    547.242       
# span 9 =   78.82019,   78.82062       
# span 10 =   -6.52508,   -6.52476      
# span 11 =    30.1482,    34.8528      
# span 12 =    30.1413,    34.8483      
# span 13 = 0.0000e+00, 0.0000e+00      
# interval = decibars: 1                
# start_time = Sep 13 2022 13:22:33 [NMEA time, first data scan]
# bad_flag = -9.990e-29
*END*
[from data line 104]
    106.000    -0.9860    -0.9883   2.704810   2.704151    347.904     0.1454     0.1207    375.420   78.82044   -6.52492    33.3733    33.3668 0.0000e+00
    107.000    -0.9913    -0.9919   2.705994   2.705476    346.363     0.1452     0.1216    376.445   78.82044   -6.52492    33.3946    33.3882 0.0000e+00
    108.000    -1.0112    -1.0125   2.706134   2.705559    345.193     0.1480     0.1213    377.461   78.82044   -6.52492    33.4180    33.4116 0.0000e+00
    109.000    -1.0069    -1.0078   2.707890   2.707334    344.617     0.1493     0.1208    378.485   78.82044   -6.52492    33.4365    33.4300 0.0000e+00
    110.000    -1.0046    -1.0079   2.710328   2.709552    344.189     0.1508     0.1203    379.505   78.82043   -6.52492    33.4665    33.4597 0.0000e+00
    111.000    -0.9571    -0.9626   2.716393   2.715431    343.611     0.1470     0.1202    380.529   78.82042   -6.52492    33.4955    33.4885 0.0000e+00
    112.000    -0.9221    -0.9272   2.721487   2.720600    343.658     0.1443     0.1217    381.550   78.82042   -6.52493    33.5251    33.5187 0.0000e+00
    113.000    -0.8773    -0.8828   2.727348   2.726398    343.109     0.1455     0.1197    382.580   78.82042   -6.52494    33.5541    33.5472 0.0000e+00
    114.000    -0.8122    -0.8192   2.736190   2.735014    341.871     0.1444     0.1196    383.604   78.82042   -6.52494    33.6006    33.5925 0.0000e+00
    115.000    -0.7868    -0.7889   2.740279   2.739712    340.904     0.1455     0.1205    384.629   78.82042   -6.52494    33.6270    33.6217 0.0000e+00
    116.000    -0.7771    -0.7792   2.742953   2.742314    339.004     0.1418     0.1197    385.655   78.82042   -6.52494    33.6518    33.6455 0.0000e+00
    117.000    -0.7686    -0.7717   2.744987   2.744190    335.052     0.1416     0.1201    386.678   78.82042   -6.52494    33.6692    33.6619 0.0000e+00
    118.000    -0.7458    -0.7509   2.749683   2.748497    330.871     0.1426     0.1199    387.703   78.82042   -6.52494    33.7066    33.6963 0.0000e+00
    119.000    -0.7164    -0.7208   2.755616   2.754618    329.236     0.1456     0.1184    388.728   78.82042   -6.52494    33.7533    33.7448 0.0000e+00
    120.000    -0.6991    -0.7016   2.758496   2.757851    329.071     0.1410     0.1175    389.762   78.82042   -6.52494    33.7722    33.7664 0.0000e+00
    121.000    -0.6908    -0.6930   2.760155   2.759536    329.296     0.1398     0.1180    390.790   78.82042   -6.52494    33.7848    33.7789 0.0000e+00
    122.000    -0.6744    -0.6781   2.763355   2.762505    328.887     0.1415     0.1176    391.815   78.82042   -6.52494    33.8090    33.8016 0.0000e+00
    123.000    -0.6407    -0.6457   2.769103   2.768106    327.402     0.1401     0.1155    392.836   78.82042   -6.52494    33.8482    33.8404 0.0000e+00
    124.000    -0.6108    -0.6154   2.773382   2.772492    327.079     0.1392     0.1155    393.867   78.82040   -6.52494    33.8717    33.8649 0.0000e+00
    125.000    -0.6170    -0.6156   2.774864   2.774421    327.741     0.1403     0.1170    394.895   78.82040   -6.52494    33.8980    33.8905 0.0000e+00
    126.000    -0.8888    -0.8643   2.753909   2.755142    330.736     0.1349     0.1179    395.919   78.82040   -6.52494    33.9192    33.9084 0.0000e+00
    127.000    -1.0440    -1.0323   2.742285   2.742520    330.638     0.1385     0.1180    396.944   78.82040   -6.52494    33.9355    33.9255 0.0000e+00
    128.000    -1.0267    -1.0347   2.745094   2.743751    326.342     0.1447     0.1188    397.974   78.82040   -6.52494    33.9536    33.9443 0.0000e+00
    129.000    -0.9467    -0.9552   2.754876   2.753483    324.889     0.1465     0.1205    399.003   78.82040   -6.52494    33.9958    33.9866 0.0000e+00
    130.000    -0.9066    -0.9117   2.760069   2.759109    326.498     0.1515     0.1215    400.034   78.82040   -6.52494    34.0205    34.0133 0.0000e+00
    131.000    -0.8770    -0.8825   2.763472   2.762522    325.346     0.1506     0.1209    401.060   78.82040   -6.52494    34.0327    34.0260 0.0000e+00
    132.000    -0.8647    -0.8677   2.765011   2.764335    319.764     0.1493     0.1220    402.087   78.82040   -6.52494    34.0391    34.0333 0.0000e+00
    133.000    -0.8464    -0.8503   2.767301   2.766516    314.725     0.1458     0.1219    403.112   78.82040   -6.52494    34.0489    34.0427 0.0000e+00
    134.000    -0.8158    -0.8212   2.771789   2.770749    312.048     0.1451     0.1217    404.140   78.82040   -6.52494    34.0746    34.0666 0.0000e+00
    135.000    -0.7925    -0.7971   2.775195   2.774298    311.150     0.1456     0.1186    405.160   78.82040   -6.52496    34.0938    34.0868 0.0000e+00
    136.000    -0.7762    -0.7792   2.777666   2.776950    311.269     0.1423     0.1160    406.181   78.82040   -6.52496    34.1083    34.1020 0.0000e+00
    137.000    -0.7680    -0.7710   2.778913   2.778200    311.978     0.1389     0.1166    407.202   78.82040   -6.52496    34.1153    34.1089 0.0000e+00
    138.000    -0.7583    -0.7609   2.780719   2.780032    313.476     0.1442     0.1172    408.221   78.82040   -6.52496    34.1281    34.1218 0.0000e+00
    139.000    -0.7409    -0.7450   2.783049   2.782266    315.026     0.1402     0.1175    409.238   78.82038   -6.52496    34.1394    34.1334 0.0000e+00
    140.000    -0.6968    -0.7052   2.787825   2.786654    315.877     0.1390     0.1182    410.257   78.82038   -6.52496    34.1535    34.1472 0.0000e+00
    141.000    -0.6612    -0.6644   2.791871   2.791200    316.444     0.1379     0.1179    411.281   78.82038   -6.52496    34.1673    34.1618 0.0000e+00
    142.000    -0.6595    -0.6612   2.792309   2.791772    317.221     0.1358     0.1173    412.302   78.82038   -6.52496    34.1707    34.1653 0.0000e+00
    143.000    -0.6606    -0.6632   2.792706   2.792039    316.764     0.1365     0.1181    413.325   78.82038   -6.52496    34.1767    34.1706 0.0000e+00
    144.000    -0.6249    -0.6321   2.797122   2.796008    315.138     0.1375     0.1172    414.345   78.82038   -6.52496    34.1953    34.1884 0.0000e+00
    145.000    -0.5869    -0.5936   2.801156   2.800192    314.025     0.1363     0.1149    415.367   78.82038   -6.52496    34.2061    34.2007 0.0000e+00
    146.000    -0.5227    -0.5333   2.807726   2.806404    314.304     0.1349     0.1145    416.388   78.82038   -6.52496    34.2214    34.2157 0.0000e+00
    147.000    -0.4340    -0.4492   2.816425   2.814687    314.538     0.1338     0.1146    417.415   78.82038   -6.52496    34.2377    34.2315 0.0000e+00
    148.000    -0.3947    -0.4011   2.820444   2.819520    315.692     0.1329     0.1137    418.439   78.82038   -6.52496    34.2467    34.2415 0.0000e+00
    149.000    -0.3668    -0.3725   2.823658   2.822776    316.196     0.1321     0.1131    419.465   78.82038   -6.52496    34.2576    34.2522 0.0000e+00
    150.000    -0.3322    -0.3407   2.827575   2.826398    315.652     0.1285     0.1123    420.491   78.82038   -6.52496    34.2705    34.2643 0.0000e+00
    151.000    -0.3116    -0.3155   2.829916   2.829201    315.299     0.1314     0.1109    421.516   78.82038   -6.52496    34.2779    34.2727 0.0000e+00
    152.000    -0.3011    -0.3044   2.831174   2.830504    315.373     0.1285     0.1121    422.542   78.82038   -6.52496    34.2823    34.2771 0.0000e+00
    153.000    -0.2945    -0.2971   2.832012   2.831412    315.086     0.1321     0.1131    423.563   78.82037   -6.52496    34.2855    34.2804 0.0000e+00
    154.000    -0.2869    -0.2899   2.832983   2.832346    314.944     0.1312     0.1122    424.584   78.82036   -6.52497    34.2893    34.2841 0.0000e+00
    155.000    -0.2764    -0.2802   2.834239   2.833515    314.531     0.1283     0.1122    425.602   78.82036   -6.52498    34.2936    34.2882 0.0000e+00
    156.000    -0.2620    -0.2654   2.835938   2.835229    314.026     0.1270     0.1128    426.625   78.82036   -6.52498    34.2995    34.2938 0.0000e+00
    157.000    -0.2490    -0.2538   2.837706   2.836851    313.893     0.1262     0.1129    427.650   78.82036   -6.52498    34.3078    34.3018 0.0000e+00
    158.000    -0.2356    -0.2383   2.839367   2.838721    313.666     0.1264     0.1126    428.677   78.82036   -6.52498    34.3143    34.3087 0.0000e+00
    159.000    -0.2318    -0.2345   2.839913   2.839290    313.830     0.1273     0.1113    429.701   78.82036   -6.52498    34.3167    34.3114 0.0000e+00
    160.000    -0.2164    -0.2212   2.841917   2.841067    313.576     0.1259     0.1106    430.726   78.82036   -6.52498    34.3255    34.3196 0.0000e+00
    161.000    -0.1910    -0.1970   2.845176   2.844180    312.924     0.1276     0.1104    431.748   78.82036   -6.52498    34.3398    34.3332 0.0000e+00
    162.000    -0.1838    -0.1850   2.846601   2.846049    313.153     0.1325     0.1094    432.773   78.82036   -6.52498    34.3500    34.3440 0.0000e+00
    163.000    -0.1853    -0.1882   2.847082   2.846384    313.559     0.1297     0.1093    433.797   78.82036   -6.52498    34.3575    34.3515 0.0000e+00
    164.000    -0.1619    -0.1677   2.849907   2.848970    312.815     0.1332     0.1105    434.823   78.82036   -6.52498    34.3681    34.3622 0.0000e+00
    165.000    -0.1477    -0.1490   2.852120   2.851507    312.513     0.1276     0.1126    435.851   78.82036   -6.52498    34.3810    34.3743 0.0000e+00
    166.000    -0.1625    -0.1640   2.851418   2.850874    312.328     0.1299     0.1125    436.876   78.82036   -6.52498    34.3878    34.3822 0.0000e+00
    167.000    -0.1480    -0.1531   2.853009   2.852151    312.058     0.1310     0.1120    437.900   78.82034   -6.52498    34.3920    34.3863 0.0000e+00
    168.000    -0.1182    -0.1247   2.856085   2.855133    311.995     0.1282     0.1113    438.924   78.82034   -6.52498    34.3987    34.3934 0.0000e+00
    169.000    -0.1034    -0.1066   2.857700   2.857057    311.972     0.1278     0.1118    439.952   78.82034   -6.52498    34.4029    34.3980 0.0000e+00
    170.000    -0.0793    -0.0855   2.860390   2.859416    312.152     0.1284     0.1120    440.980   78.82034   -6.52498    34.4110    34.4050 0.0000e+00
    171.000    -0.0264    -0.0387   2.866017   2.864547    311.671     0.1267     0.1095    442.027   78.82034   -6.52498    34.4255    34.4198 0.0000e+00
    172.000     0.0359     0.0292   2.872413   2.871483    311.180     0.1321     0.1104    443.104   78.82034   -6.52498    34.4396    34.4348 0.0000e+00
    173.000     0.0661     0.0596   2.875733   2.874768    312.165     0.1287     0.1096    444.178   78.82034   -6.52500    34.4489    34.4435 0.0000e+00
    174.000     0.0827     0.0788   2.877590   2.876880    312.363     0.1260     0.1104    445.249   78.82034   -6.52500    34.4542    34.4493 0.0000e+00
    175.000     0.1408     0.1325   2.883684   2.882596    312.065     0.1268     0.1094    446.322   78.82034   -6.52500    34.4689    34.4639 0.0000e+00
    176.000     0.2061     0.1961   2.890524   2.889270    311.916     0.1256     0.1083    447.398   78.82034   -6.52500    34.4852    34.4799 0.0000e+00
    177.000     0.2683     0.2606   2.897244   2.896199    311.640     0.1246     0.1082    448.472   78.82034   -6.52500    34.5033    34.4983 0.0000e+00
    178.000     0.3249     0.3159   2.903450   2.902247    311.608     0.1266     0.1083    449.541   78.82034   -6.52500    34.5208    34.5152 0.0000e+00
    179.000     0.3874     0.3773   2.910162   2.908899    311.694     0.1225     0.1081    450.612   78.82034   -6.52500    34.5383    34.5330 0.0000e+00
    180.000     0.4342     0.4247   2.915166   2.913994    312.038     0.1199     0.1075    451.684   78.82033   -6.52500    34.5509    34.5461 0.0000e+00
    181.000     0.4799     0.4754   2.920069   2.919348    312.082     0.1224     0.1071    452.757   78.82032   -6.52500    34.5633    34.5588 0.0000e+00
    182.000     0.4994     0.4929   2.922325   2.921393    312.150     0.1232     0.1077    453.834   78.82032   -6.52500    34.5703    34.5654 0.0000e+00
    183.000     0.5543     0.5418   2.928301   2.926807    310.729     0.1258     0.1066    454.912   78.82032   -6.52500    34.5863    34.5808 0.0000e+00
    184.000     0.6156     0.6102   2.934727   2.933872    310.280     0.1260     0.1075    455.981   78.82032   -6.52500    34.6010    34.5958 0.0000e+00
    185.000     0.5732     0.5764   2.931246   2.931171    311.191     0.1219     0.1089    457.049   78.82032   -6.52500    34.6024    34.5978 0.0000e+00
    186.000     0.5713     0.5674   2.931570   2.930850    311.040     0.1175     0.1085    458.121   78.82032   -6.52500    34.6082    34.6032 0.0000e+00
    187.000     0.5805     0.5803   2.933401   2.932949    310.533     0.1194     0.1084    459.193   78.82032   -6.52500    34.6211    34.6156 0.0000e+00
    188.000     0.5572     0.5566   2.931681   2.931269    310.470     0.1220     0.1065    460.265   78.82032   -6.52500    34.6242    34.6195 0.0000e+00
    189.000     0.5653     0.5625   2.932565   2.931974    309.718     0.1202     0.1089    461.329   78.82032   -6.52501    34.6261    34.6215 0.0000e+00
    190.000     0.5670     0.5652   2.933116   2.932578    308.785     0.1206     0.1073    462.404   78.82032   -6.52502    34.6308    34.6258 0.0000e+00
    191.000     0.5738     0.5702   2.934255   2.933559    308.079     0.1227     0.1090    463.480   78.82032   -6.52502    34.6374    34.6323 0.0000e+00
    192.000     0.5918     0.5870   2.936275   2.935483    307.273     0.1205     0.1073    464.552   78.82032   -6.52502    34.6431    34.6381 0.0000e+00
    193.000     0.6328     0.6270   2.940610   2.939737    306.709     0.1226     0.1070    465.619   78.82032   -6.52502    34.6530    34.6482 0.0000e+00
    194.000     0.7105     0.6881   2.948199   2.945867    306.322     0.1236     0.1070    466.682   78.82031   -6.52502    34.6642    34.6590 0.0000e+00
    195.000     0.8403     0.8223   2.960877   2.958936    305.959     0.1207     0.1057    467.739   78.82030   -6.52502    34.6832    34.6781 0.0000e+00
    196.000     0.8982     0.8931   2.966869   2.966121    306.349     0.1204     0.1055    468.793   78.82030   -6.52502    34.6956    34.6916 0.0000e+00
    197.000     0.9192     0.9138   2.969099   2.968327    307.355     0.1162     0.1064    469.859   78.82030   -6.52502    34.7003    34.6964 0.0000e+00
    198.000     0.9383     0.9337   2.971206   2.970456    307.716     0.1174     0.1060    470.918   78.82030   -6.52502    34.7057    34.7011 0.0000e+00
    199.000     0.9254     0.9250   2.970502   2.970124    308.274     0.1233     0.1048    471.980   78.82030   -6.52502    34.7104    34.7059 0.0000e+00
    200.000     0.9189     0.9143   2.970143   2.969384    308.412     0.1231     0.1049    473.042   78.82030   -6.52502    34.7124    34.7077 0.0000e+00
    201.000     0.9776     0.9668   2.976132   2.974849    307.168     0.1184     0.1055    474.109   78.82030   -6.52502    34.7237    34.7192 0.0000e+00
    202.000     1.0128     0.9909   2.979875   2.977572    307.005     0.1189     0.1051    475.171   78.82030   -6.52502    34.7322    34.7269 0.0000e+00
    203.000     1.2069     1.1871   2.998609   2.996622    305.500     0.1212     0.1043    476.232   78.82030   -6.52502    34.7564    34.7529 0.0000e+00
    204.000     1.1962     1.2032   2.997883   2.998223    306.717     0.1181     0.1038    477.293   78.82030   -6.52502    34.7584    34.7550 0.0000e+00
    205.000     1.1794     1.1776   2.996523   2.996047    308.255     0.1145     0.1020    478.363   78.82030   -6.52502    34.7590    34.7549 0.0000e+00
    206.000     1.1652     1.1670   2.995601   2.995379    309.006     0.1133     0.1030    479.426   78.82030   -6.52502    34.7624    34.7576 0.0000e+00
    207.000     1.2128     1.1951   3.000477   2.998581    309.155     0.1152     0.1041    480.490   78.82029   -6.52502    34.7714    34.7668 0.0000e+00
