test_project/cnv_files/009_bin.cnv
* Sea-Bird SBE 9 Data File:
* FileName = C:\Documents and Settings\ctd\Desktop\FS2022\data\009.hex
* Software Version Seasave V 7.21b
* Temperature SN = 2400
* Conductivity SN = 3447
* Number of Bytes Per Scan = 48
* Number of Voltage Words = 5
* Number of Scans Averaged by the Deck Unit = 1
* NMEA Latitude = 78 51.50 N
* NMEA Longitude = 005 59.97 W
* NMEA UTC (Time) = Sep 13 2022  15:00:04
* NMEA baud rate = 4800
** Cruise: FS 2022
** Ship: Silver Arctic
** Station (File Number):  009
** Latitude:
** Longitude:
** Echodepth (m):
** Seastate:
# nquan = 14
# nvalues = 332                         
# units = specified
# name 0 = prDM: Pressure, Digiquartz [db]
# name 1 = t090C: Temperature [ITS-90, deg C]
# name 2 = t190C: Temperature, 2 [ITS-90, deg C]
# name 3 = c0S/m: Conductivity [S/m]
# name 4 = c1S/m: Conductivity, 2 [S/m]
# name 5 = sbox0Mm/Kg: Oxygen, SBE 43 [umol/kg]
# name 6 = wetCDOM: Fluorescence, WET Labs CDOM [mg/m^3]
# name 7 = wetCDOM1: Fluorescence, WET Labs CDOM, 2 [mg/m^3]
# name 8 = timeS: Time, Elapsed [seconds]
# name 9 = latitude: Latitude [deg]
# name 10 = longitude: Longitude [deg]
# name 11 = sal00: Salinity, Practical [PSU]
# name 12 = sal11: Salinity, Practical, 2 [PSU]
# name 13 = flag: flag
# span 0 =     15.000,    346.000       
# span 1 =    -1.5914,     1.5167       
# span 2 =    -1.5899,     1.5121       
# span 3 =  -0.086837,   3.029457       
# span 4 =   2.454121,   3.028909       
# span 5 =    295.433,    400.464       
# span 6 =     0.1140,     0.1723       
# span 7 =     0.1019,     0.1314       
# span 8 =     42.037,    846.327       
# span 9 =   78.85734,   78.85828       
# span 10 =   -5.99928,   -5.99733      
# span 11 =    -1.1698,    34.8453      
# span 12 =    30.4195,    34.8426      
# span 13 = 0.0000e+00, 0.0000e+00      
# interval = decibars: 1                
# start_time = Sep 13 2022 15:00:04 [NMEA time, first data scan]
# bad_flag = -9.990e-29
*END*
[from data line 310]
    325.000     0.7117     0.7102   2.968206   2.967852    305.772     0.1198     0.1057    818.579   78.85738   -5.99746    34.8452    34.8423 0.0000e+00
    326.000     0.7117     0.7101   2.968238   2.967894    305.515     0.1211     0.1047    819.634   78.85738   -5.99746    34.8450    34.8424 0.0000e+00
    327.000     0.7115     0.7098   2.968275   2.967913    305.527     0.1182     0.1049    820.688   78.85737   -5.99746    34.8452    34.8423 0.0000e+00
    328.000     0.7115     0.7100   2.968323   2.967973    306.039     0.1183     0.1046    821.737   78.85736   -5.99745    34.8451    34.8423 0.0000e+00
    329.000     0.7117     0.7101   2.968387   2.968029    305.955     0.1210     0.1050    822.784   78.85736   -5.99744    34.8452    34.8424 0.0000e+00
    330.000     0.7115     0.7098   2.968418   2.968055    305.688     0.1206     0.1042    823.835   78.85736   -5.99744    34.8453    34.8424 0.0000e+00
    331.000     0.7115     0.7099   2.968464   2.968108    305.570     0.1216     0.1042    824.883   78.85736   -5.99744    34.8452    34.8424 0.0000e+00
    332.000     0.7116     0.7100   2.968518   2.968161    305.407     0.1218     0.1053    825.935   78.85736   -5.99742    34.8452    34.8424 0.0000e+00
    333.000     0.7117     0.7101   2.968559   2.968215    305.602     0.1223     0.1043    826.983   78.85736   -5.99742    34.8451    34.8424 0.0000e+00
    334.000     0.7116     0.7099   2.968606   2.968248    306.664     0.1225     0.1051    828.032   78.85736   -5.99742    34.8452    34.8425 0.0000e+00
    335.000     0.7110     0.7094   2.968602   2.968259    306.174     0.1288     0.1053    829.081   78.85736   -5.99742    34.8452    34.8426 0.0000e+00
    336.000     0.7110     0.7093   2.968656   2.968298    305.793     0.1222     0.1066    830.133   78.85736   -5.99740    34.8453    34.8426 0.0000e+00
    337.000     0.7111     0.7094   2.968703   2.968349    305.667     0.1237     0.1048    831.181   78.85736   -5.99740    34.8453    34.8426 0.0000e+00
    338.000     0.7110     0.7093   2.968742   2.968386    305.470     0.1249     0.1029    832.223   78.85736   -5.99740    34.8453    34.8425 0.0000e+00
    339.000     0.7110     0.7094   2.968788   2.968434    305.332     0.1249     0.1028    833.263   78.85736   -5.99739    34.8453    34.8425 0.0000e+00
    340.000     0.7110     0.7094   2.968837   2.968478    305.353     0.1212     0.1030    834.440   78.85736   -5.99738    34.8453    34.8425 0.0000e+00
    341.000     0.7110     0.7094   2.968875   2.968519    305.288     0.1206     0.1037    835.965   78.85736   -5.99738    34.8452    34.8423 0.0000e+00
    342.000     0.7111     0.7096   2.968920   2.968571    305.772     0.1214     0.1035    837.767   78.85734   -5.99737    34.8451    34.8423 0.0000e+00
    343.000     0.7111     0.7096   2.968972   2.968617    305.823     0.1237     0.1048    839.796   78.85734   -5.99736    34.8452    34.8423 0.0000e+00
    344.000     0.7111     0.7096   2.969023   2.968673    305.770     0.1220     0.1049    841.917   78.85734   -5.99735    34.8452    34.8424 0.0000e+00
    345.000     0.7111     0.7096   2.969058   2.968715    305.663     0.1198     0.1040    844.062   78.85734   -5.99734    34.8451    34.8424 0.0000e+00
    346.000     0.7110     0.7094   2.969102   2.968754    305.596     0.1234     0.1030    846.327   78.85734   -5.99733    34.8452    34.8425 0.0000e+00
