test_project/cnv_files/009_bin.cnv
* Sea-Bird SBE 9 Data File:
* FileName = C:\Documents and Settings\ctd\Desktop\FS2022\data\009.hex
* Software Version Seasave V 7.21b
* Temperature SN = 2400
* Conductivity SN = 3447
* Number of Bytes Per Scan = 48
* Number of Voltage Words = 5
* Number of Scans Averaged by the Deck Unit = 1
* NMEA Latitude = 78 51.50 N
* NMEA Longitude = 005 59.97 W
* NMEA UTC (Time) = Sep 13 2022  15:00:04
* NMEA baud rate = 4800
** Cruise: FS 2022
** Ship: Silver Arctic
** Station (File Number):  009
** Latitude:
** Longitude:
** Echodepth (m):
** Seastate:
# nquan = 14
# nvalues = 332                         
# units = specified
# name 0 = prDM: Pressure, Digiquartz [db]
# name 1 = t090C: Temperature [ITS-90, deg C]
# name 2 = t190C: Temperature, 2 [ITS-90, deg C]
# name 3 = c0S/m: Conductivity [S/m]
# name 4 = c1S/m: Conductivity, 2 [S/m]
# name 5 = sbox0Mm/Kg: Oxygen, SBE 43 [umol/kg]
# name 6 = wetCDOM: Fluorescence, WET Labs CDOM [mg/m^3]
# name 7 = wetCDOM1: Fluorescence, WET Labs CDOM, 2 [mg/m^3]
# name 8 = timeS: Time, Elapsed [seconds]
# name 9 = latitude: Latitude [deg]
# name 10 = longitude: Longitude [deg]
# name 11 = sal00: Salinity, Practical [PSU]
# name 12 = sal11: Salinity, Practical, 2 [PSU]
# name 13 = flag: flag
# span 0 =     15.000,    346.000       
# span 1 =    -1.5914,     1.5167       
# span 2 =    -1.5899,     1.5121       
# span 3 =  -0.086837,   3.029457       
# span 4 =   2.454121,   3.028909       
# span 5 =    295.433,    400.464       
# span 6 =     0.1140,     0.1723       
# span 7 =     0.1019,     0.1314       
# span 8 =     42.037,    846.327       
# span 9 =   78.85734,   78.85828       
# span 10 =   -5.99928,   -5.99733      
# span 11 =    -1.1698,    34.8453      
# span 12 =    30.4195,    34.8426      
# span 13 = 0.0000e+00, 0.0000e+00      
# interval = decibars: 1                
# start_time = Sep 13 2022 15:00:04 [NMEA time, first data scan]
# bad_flag = -9.990e-29
*END*
[from data line 207]
    222.000     1.2258     1.2222   3.003843   3.003305    307.758     0.1192     0.1039    708.957   78.85750   -5.99778    34.7914    34.7884 0.0000e+00
    223.000     1.2451     1.2432   3.005804   3.005479    308.114     0.1184     0.1030    710.051   78.85750   -5.99778    34.7945    34.7923 0.0000e+00
    224.000     1.2406     1.2415   3.005593   3.005398    308.626     0.1214     0.1036    711.153   78.85750   -5.99778    34.7961    34.7926 0.0000e+00
    225.000     1.1621     1.1658   2.998606   2.998684    310.029     0.1214     0.1051    712.271   78.85750   -5.99778    34.7933    34.7902 0.0000e+00
    226.000     1.1162     1.1199   2.994501   2.994564    309.577     0.1193     0.1052    713.413   78.85750   -5.99778    34.7911    34.7878 0.0000e+00
    227.000     1.0879     1.0878   2.992045   2.991797    308.833     0.1188     0.1043    714.566   78.85749   -5.99778    34.7904    34.7874 0.0000e+00
    228.000     1.0897     1.0877   2.992255   2.991855    307.603     0.1177     0.1040    715.709   78.85748   -5.99778    34.7906    34.7877 0.0000e+00
    229.000     1.1246     1.1175   2.995834   2.994975    306.007     0.1214     0.1033    716.842   78.85748   -5.99778    34.7971    34.7939 0.0000e+00
    230.000     1.1923     1.1832   3.002582   3.001537    305.544     0.1212     0.1038    717.951   78.85748   -5.99778    34.8077    34.8045 0.0000e+00
    231.000     1.2187     1.2178   3.005361   3.005057    306.652     0.1182     0.1023    719.078   78.85748   -5.99778    34.8135    34.8106 0.0000e+00
    232.000     1.1913     1.1921   3.003065   3.002926    308.131     0.1183     0.1030    720.250   78.85748   -5.99778    34.8139    34.8112 0.0000e+00
    233.000     1.1858     1.1833   3.002747   3.002332    308.571     0.1145     0.1040    721.321   78.85748   -5.99778    34.8153    34.8128 0.0000e+00
    234.000     1.2028     1.2003   3.004629   3.004182    308.392     0.1156     0.1029    722.299   78.85748   -5.99778    34.8200    34.8170 0.0000e+00
    235.000     1.1829     1.1819   3.003030   3.002718    309.402     0.1196     0.1021    723.274   78.85748   -5.99778    34.8211    34.8182 0.0000e+00
    236.000     1.1667     1.1658   3.001702   3.001395    309.813     0.1194     0.1028    724.321   78.85748   -5.99778    34.8214    34.8185 0.0000e+00
    237.000     1.1726     1.1707   3.002417   3.002012    308.738     0.1192     0.1030    725.416   78.85748   -5.99778    34.8234    34.8204 0.0000e+00
    238.000     1.1715     1.1703   3.002420   3.002095    308.678     0.1166     0.1038    726.491   78.85748   -5.99778    34.8242    34.8214 0.0000e+00
    239.000     1.1697     1.1683   3.002409   3.002062    308.629     0.1183     0.1027    727.564   78.85748   -5.99778    34.8255    34.8225 0.0000e+00
    240.000     1.1479     1.1485   3.000605   3.000414    308.663     0.1183     0.1024    728.642   78.85748   -5.99778    34.8259    34.8228 0.0000e+00
    241.000     1.1435     1.1422   3.000363   3.000012    309.317     0.1183     0.1030    729.711   78.85748   -5.99778    34.8272    34.8241 0.0000e+00
    242.000     1.1373     1.1362   2.999919   2.999596    309.325     0.1197     0.1023    730.777   78.85748   -5.99778    34.8278    34.8249 0.0000e+00
    243.000     1.1267     1.1248   2.999017   2.998629    309.443     0.1198     0.1022    731.835   78.85748   -5.99778    34.8274    34.8246 0.0000e+00
    244.000     1.1170     1.1163   2.998184   2.997895    309.160     0.1191     0.1028    732.896   78.85748   -5.99778    34.8270    34.8240 0.0000e+00
    245.000     1.0969     1.0966   2.996428   2.996180    308.550     0.1192     0.1028    733.958   78.85746   -5.99778    34.8262    34.8233 0.0000e+00
    246.000     1.0881     1.0870   2.995688   2.995369    307.996     0.1189     0.1028    735.011   78.85746   -5.99778    34.8259    34.8230 0.0000e+00
    247.000     1.0856     1.0842   2.995505   2.995169    307.610     0.1182     0.1019    736.070   78.85746   -5.99778    34.8257    34.8230 0.0000e+00
    248.000     1.0832     1.0817   2.995357   2.995004    307.655     0.1184     0.1021    737.134   78.85746   -5.99778    34.8259    34.8231 0.0000e+00
    249.000     1.0793     1.0781   2.995155   2.994816    308.059     0.1161     0.1051    738.200   78.85746   -5.99778    34.8271    34.8241 0.0000e+00
    250.000     1.0725     1.0711   2.994645   2.994289    308.157     0.1203     0.1067    739.272   78.85746   -5.99778    34.8275    34.8245 0.0000e+00
    251.000     1.0691     1.0678   2.994407   2.994063    308.627     0.1226     0.1035    740.337   78.85746   -5.99777    34.8277    34.8247 0.0000e+00
    252.000     1.0673     1.0658   2.994310   2.993958    308.075     0.1226     0.1038    741.401   78.85746   -5.99776    34.8278    34.8249 0.0000e+00
    253.000     1.0609     1.0601   2.993866   2.993567    307.317     0.1196     0.1040    742.461   78.85746   -5.99776    34.8287    34.8257 0.0000e+00
    254.000     1.0587     1.0569   2.993834   2.993458    307.288     0.1181     0.1042    743.527   78.85746   -5.99776    34.8301    34.8273 0.0000e+00
    255.000     1.0602     1.0587   2.994099   2.993739    307.513     0.1172     0.1042    744.590   78.85746   -5.99776    34.8313    34.8284 0.0000e+00
    256.000     1.0605     1.0589   2.994213   2.993860    307.897     0.1157     0.1029    745.643   78.85746   -5.99776    34.8318    34.8291 0.0000e+00
    257.000     1.0521     1.0512   2.993570   2.993271    308.095     0.1166     0.1022    746.693   78.85746   -5.99776    34.8323    34.8295 0.0000e+00
    258.000     1.0399     1.0389   2.992586   2.992267    307.803     0.1161     0.1029    747.745   78.85746   -5.99776    34.8327    34.8297 0.0000e+00
    259.000     1.0348     1.0334   2.992202   2.991854    307.820     0.1163     0.1035    748.792   78.85746   -5.99776    34.8329    34.8300 0.0000e+00
    260.000     1.0295     1.0286   2.991808   2.991508    307.798     0.1172     0.1048    749.838   78.85746   -5.99776    34.8331    34.8302 0.0000e+00
    261.000     1.0337     1.0315   2.992322   2.991915    307.391     0.1185     0.1029    750.886   78.85746   -5.99774    34.8344    34.8317 0.0000e+00
    262.000     1.0336     1.0320   2.992392   2.992025    307.879     0.1208     0.1030    751.937   78.85746   -5.99774    34.8349    34.8319 0.0000e+00
    263.000     1.0244     1.0230   2.991651   2.991302    307.807     0.1205     0.1029    752.990   78.85746   -5.99774    34.8350    34.8321 0.0000e+00
    264.000     1.0202     1.0192   2.991345   2.991034    307.335     0.1168     0.1030    754.050   78.85744   -5.99774    34.8352    34.8323 0.0000e+00
    265.000     1.0116     1.0110   2.990692   2.990414    307.735     0.1162     0.1039    755.111   78.85744   -5.99774    34.8358    34.8329 0.0000e+00
    266.000     0.9970     0.9975   2.989456   2.989282    307.704     0.1199     0.1023    756.181   78.85744   -5.99774    34.8355    34.8327 0.0000e+00
    267.000     0.9791     0.9787   2.987958   2.987693    308.125     0.1194     0.1025    757.246   78.85744   -5.99774    34.8357    34.8327 0.0000e+00
    268.000     0.9709     0.9703   2.987280   2.987001    308.047     0.1212     0.1037    758.311   78.85744   -5.99772    34.8355    34.8326 0.0000e+00
    269.000     0.9599     0.9600   2.986360   2.986130    307.337     0.1140     0.1043    759.375   78.85744   -5.99772    34.8353    34.8322 0.0000e+00
    270.000     0.9447     0.9444   2.985085   2.984840    307.776     0.1207     0.1042    760.436   78.85744   -5.99772    34.8353    34.8324 0.0000e+00
    271.000     0.9303     0.9311   2.983876   2.983706    307.784     0.1197     0.1043    761.495   78.85744   -5.99772    34.8352    34.8321 0.0000e+00
    272.000     0.9186     0.9177   2.982924   2.982599    307.340     0.1199     0.1037    762.557   78.85744   -5.99772    34.8354    34.8322 0.0000e+00
    273.000     0.9126     0.9119   2.982443   2.982147    306.969     0.1158     0.1032    763.613   78.85744   -5.99771    34.8352    34.8322 0.0000e+00
    274.000     0.8972     0.8970   2.981182   2.980921    306.383     0.1152     0.1040    764.661   78.85744   -5.99770    34.8356    34.8325 0.0000e+00
    275.000     0.8939     0.8926   2.980964   2.980618    306.121     0.1193     0.1031    765.709   78.85744   -5.99770    34.8359    34.8329 0.0000e+00
    276.000     0.8954     0.8937   2.981294   2.980917    306.466     0.1195     0.1029    766.761   78.85744   -5.99770    34.8379    34.8349 0.0000e+00
    277.000     0.8933     0.8922   2.981250   2.980927    306.757     0.1191     0.1030    767.821   78.85744   -5.99770    34.8391    34.8361 0.0000e+00
    278.000     0.8897     0.8886   2.981017   2.980693    307.118     0.1209     0.1051    768.879   78.85744   -5.99770    34.8395    34.8365 0.0000e+00
    279.000     0.8879     0.8867   2.980915   2.980587    307.403     0.1204     0.1043    769.936   78.85742   -5.99768    34.8396    34.8367 0.0000e+00
    280.000     0.8849     0.8839   2.980712   2.980401    307.290     0.1194     0.1042    771.003   78.85742   -5.99768    34.8397    34.8369 0.0000e+00
    281.000     0.8834     0.8816   2.980659   2.980272    306.645     0.1217     0.1041    772.071   78.85742   -5.99768    34.8401    34.8372 0.0000e+00
    282.000     0.8861     0.8844   2.980993   2.980645    306.694     0.1184     0.1033    773.135   78.85742   -5.99768    34.8409    34.8382 0.0000e+00
    283.000     0.8883     0.8866   2.981317   2.980950    307.167     0.1157     0.1035    774.202   78.85742   -5.99768    34.8421    34.8392 0.0000e+00
    284.000     0.8857     0.8843   2.981142   2.980802    307.376     0.1171     0.1041    775.262   78.85742   -5.99766    34.8421    34.8392 0.0000e+00
    285.000     0.8840     0.8824   2.981047   2.980699    307.401     0.1179     0.1041    776.323   78.85742   -5.99766    34.8422    34.8394 0.0000e+00
    286.000     0.8836     0.8821   2.981059   2.980703    307.324     0.1181     0.1042    777.375   78.85742   -5.99766    34.8421    34.8392 0.0000e+00
    287.000     0.8782     0.8777   2.980653   2.980376    307.433     0.1192     0.1043    778.432   78.85742   -5.99766    34.8423    34.8393 0.0000e+00
    288.000     0.8659     0.8657   2.979611   2.979360    307.857     0.1194     0.1041    779.485   78.85742   -5.99765    34.8421    34.8391 0.0000e+00
    289.000     0.8457     0.8457   2.977853   2.977630    307.935     0.1211     0.1041    780.535   78.85742   -5.99764    34.8414    34.8384 0.0000e+00
    290.000     0.8316     0.8312   2.976652   2.976398    307.452     0.1186     0.1040    781.587   78.85742   -5.99764    34.8410    34.8381 0.0000e+00
    291.000     0.8221     0.8218   2.975862   2.975610    307.120     0.1173     0.1030    782.647   78.85742   -5.99764    34.8408    34.8379 0.0000e+00
    292.000     0.8095     0.8091   2.974811   2.974552    307.598     0.1232     0.1042    783.705   78.85742   -5.99764    34.8408    34.8378 0.0000e+00
    293.000     0.8047     0.8036   2.974453   2.974132    307.683     0.1238     0.1052    784.767   78.85742   -5.99763    34.8409    34.8379 0.0000e+00
    294.000     0.8033     0.8019   2.974375   2.974022    307.071     0.1205     0.1044    785.824   78.85742   -5.99762    34.8409    34.8379 0.0000e+00
    295.000     0.8001     0.7986   2.974152   2.973808    307.334     0.1197     0.1040    786.883   78.85742   -5.99762    34.8410    34.8381 0.0000e+00
    296.000     0.7936     0.7924   2.973652   2.973322    307.207     0.1203     0.1034    787.947   78.85742   -5.99762    34.8412    34.8382 0.0000e+00
    297.000     0.7912     0.7899   2.973499   2.973164    306.905     0.1203     0.1036    789.009   78.85740   -5.99760    34.8412    34.8384 0.0000e+00
    298.000     0.7851     0.7844   2.973035   2.972746    306.874     0.1193     0.1041    790.067   78.85740   -5.99760    34.8415    34.8385 0.0000e+00
    299.000     0.7726     0.7722   2.972037   2.971767    306.957     0.1190     0.1037    791.126   78.85740   -5.99760    34.8420    34.8390 0.0000e+00
    300.000     0.7620     0.7613   2.971203   2.970902    306.703     0.1241     0.1035    792.179   78.85740   -5.99760    34.8424    34.8394 0.0000e+00
    301.000     0.7511     0.7499   2.970329   2.970006    306.814     0.1207     0.1043    793.233   78.85740   -5.99760    34.8428    34.8399 0.0000e+00
    302.000     0.7376     0.7369   2.969255   2.968968    306.722     0.1225     0.1045    794.288   78.85740   -5.99758    34.8434    34.8404 0.0000e+00
    303.000     0.7349     0.7330   2.969075   2.968687    306.448     0.1219     0.1050    795.337   78.85740   -5.99758    34.8435    34.8406 0.0000e+00
    304.000     0.7343     0.7319   2.969074   2.968649    306.139     0.1237     0.1030    796.390   78.85740   -5.99758    34.8435    34.8407 0.0000e+00
    305.000     0.7299     0.7284   2.968760   2.968395    306.133     0.1187     0.1042    797.441   78.85740   -5.99757    34.8438    34.8408 0.0000e+00
    306.000     0.7255     0.7245   2.968443   2.968132    306.794     0.1199     0.1066    798.496   78.85740   -5.99756    34.8440    34.8411 0.0000e+00
    307.000     0.7206     0.7196   2.968092   2.967780    306.867     0.1213     0.1071    799.550   78.85740   -5.99756    34.8443    34.8414 0.0000e+00
    308.000     0.7206     0.7186   2.968141   2.967754    306.394     0.1209     0.1071    800.606   78.85740   -5.99756    34.8444    34.8416 0.0000e+00
    309.000     0.7193     0.7186   2.968077   2.967795    306.323     0.1218     0.1042    801.665   78.85740   -5.99755    34.8445    34.8415 0.0000e+00
    310.000     0.7184     0.7172   2.968056   2.967719    307.076     0.1199     0.1030    802.730   78.85740   -5.99754    34.8446    34.8416 0.0000e+00
    311.000     0.7193     0.7173   2.968181   2.967788    307.004     0.1185     0.1029    803.804   78.85739   -5.99754    34.8446    34.8418 0.0000e+00
    312.000     0.7207     0.7190   2.968329   2.967973    306.414     0.1174     0.1029    804.871   78.85738   -5.99754    34.8444    34.8417 0.0000e+00
    313.000     0.7202     0.7186   2.968347   2.968002    305.938     0.1169     0.1034    805.939   78.85738   -5.99752    34.8446    34.8419 0.0000e+00
    314.000     0.7196     0.7182   2.968344   2.968015    305.997     0.1194     0.1047    807.007   78.85738   -5.99752    34.8446    34.8419 0.0000e+00
    315.000     0.7198     0.7181   2.968403   2.968037    306.057     0.1199     0.1050    808.060   78.85738   -5.99752    34.8446    34.8418 0.0000e+00
    316.000     0.7193     0.7178   2.968412   2.968062    305.808     0.1185     0.1039    809.109   78.85738   -5.99752    34.8446    34.8418 0.0000e+00
    317.000     0.7141     0.7125   2.968026   2.967673    305.723     0.1180     0.1033    810.161   78.85738   -5.99750    34.8449    34.8422 0.0000e+00
    318.000     0.7124     0.7109   2.967943   2.967580    305.827     0.1214     0.1051    811.212   78.85738   -5.99750    34.8451    34.8421 0.0000e+00
    319.000     0.7121     0.7104   2.967952   2.967594    306.060     0.1206     0.1043    812.259   78.85738   -5.99750    34.8450    34.8422 0.0000e+00
    320.000     0.7115     0.7099   2.967960   2.967594    306.157     0.1248     0.1045    813.310   78.85738   -5.99750    34.8452    34.8423 0.0000e+00
    321.000     0.7112     0.7096   2.967975   2.967623    306.358     0.1253     0.1044    814.365   78.85738   -5.99748    34.8451    34.8423 0.0000e+00
    322.000     0.7112     0.7096   2.968032   2.967664    306.432     0.1263     0.1051    815.415   78.85738   -5.99748    34.8453    34.8423 0.0000e+00
    323.000     0.7113     0.7097   2.968076   2.967729    306.269     0.1205     0.1054    816.471   78.85738   -5.99748    34.8452    34.8424 0.0000e+00
