test_project/cnv_files/009_bin.cnv
* Sea-Bird SBE 9 Data File:
* FileName = C:\Documents and Settings\ctd\Desktop\FS2022\data\009.hex
* Software Version Seasave V 7.21b
* Temperature SN = 2400
* Conductivity SN = 3447
* Number of Bytes Per Scan = 48
* Number of Voltage Words = 5
* Number of Scans Averaged by the Deck Unit = 1
* NMEA Latitude = 78 51.50 N
* NMEA Longitude = 005 59.97 W
* NMEA UTC (Time) = Sep 13 2022  15:00:04
* NMEA baud rate = 4800
** Cruise: FS 2022
** Ship: Silver Arctic
** Station (File Number):  009
** Latitude:
** Longitude:
** Echodepth (m):
** Seastate:
# nquan = 14
# nvalues = 332                         
# units = specified
# name 0 = prDM: Pressure, Digiquartz [db]
# name 1 = t090C: Temperature [ITS-90, deg C]
# name 2 = t190C: Temperature, 2 [ITS-90, deg C]
# name 3 = c0S/m: Conductivity [S/m]
# name 4 = c1S/m: Conductivity, 2 [S/m]
# name 5 = sbox0Mm/Kg: Oxygen, SBE 43 [umol/kg]
# name 6 = wetCDOM: Fluorescence, WET Labs CDOM [mg/m^3]
# name 7 = wetCDOM1: Fluorescence, WET Labs CDOM, 2 [mg/m^3]
# name 8 = timeS: Time, Elapsed [seconds]
# name 9 = latitude: Latitude [deg]
# name 10 = longitude: Longitude [deg]
# name 11 = sal00: Salinity, Practical [PSU]
# name 12 = sal11: Salinity, Practical, 2 [PSU]
# name 13 = flag: flag
# span 0 =     15.000,    346.000       
# span 1 =    -1.5914,     1.5167       
# span 2 =    -1.5899,     1.5121       
# span 3 =  -0.086837,   3.029457       
# span 4 =   2.454121,   3.028909       
# span 5 =    295.433,    400.464       
# span 6 =     0.1140,     0.1723       
# span 7 =     0.1019,     0.1314       
# span 8 =     42.037,    846.327       
# span 9 =   78.85734,   78.85828       
# span 10 =   -5.99928,   -5.99733      
# span 11 =    -1.1698,    34.8453      
# span 12 =    30.4195,    34.8426      
# span 13 = 0.0000e+00, 0.0000e+00      
# interval = decibars: 1                
# start_time = Sep 13 2022 15:00:04 [NMEA time, first data scan]
# bad_flag = -9.990e-29
*END*
[from data line 104]
    119.000    -0.5572    -0.5595   2.786671   2.786178    315.688     0.1509     0.1168    597.456   78.85762   -5.99800    33.9937    33.9896 0.0000e+00
    120.000    -0.5546    -0.5561   2.788193   2.787834    315.285     0.1492     0.1153    598.524   78.85761   -5.99799    34.0106    34.0075 0.0000e+00
    121.000    -0.5451    -0.5461   2.789787   2.789428    314.911     0.1440     0.1157    599.588   78.85760   -5.99798    34.0207    34.0171 0.0000e+00
    122.000    -0.5482    -0.5506   2.790442   2.789959    315.292     0.1449     0.1172    600.655   78.85760   -5.99798    34.0324    34.0287 0.0000e+00
    123.000    -0.5359    -0.5360   2.792686   2.792382    315.524     0.1424     0.1165    601.722   78.85760   -5.99798    34.0482    34.0442 0.0000e+00
    124.000    -0.4835    -0.4884   2.798535   2.797881    315.572     0.1411     0.1128    602.787   78.85760   -5.99797    34.0673    34.0640 0.0000e+00
    125.000    -0.4518    -0.4534   2.802474   2.802086    317.167     0.1430     0.1131    603.856   78.85760   -5.99796    34.0840    34.0806 0.0000e+00
    126.000    -0.4300    -0.4324   2.804816   2.804388    319.530     0.1429     0.1152    604.918   78.85760   -5.99796    34.0903    34.0872 0.0000e+00
    127.000    -0.4101    -0.4133   2.807701   2.807131    318.879     0.1409     0.1144    605.976   78.85760   -5.99796    34.1060    34.1019 0.0000e+00
    128.000    -0.6437    -0.6169   2.788356   2.789782    319.557     0.1392     0.1150    607.048   78.85760   -5.99794    34.1079    34.0969 0.0000e+00
    129.000    -1.1686    -1.1549   2.743796   2.744411    321.782     0.1398     0.1145    608.115   78.85760   -5.99794    34.0961    34.0890 0.0000e+00
    130.000    -1.2070    -1.2153   2.741171   2.740047    314.376     0.1383     0.1133    609.177   78.85760   -5.99794    34.1032    34.0973 0.0000e+00
    131.000    -1.1211    -1.1256   2.749371   2.748620    314.653     0.1345     0.1130    610.247   78.85760   -5.99794    34.1172    34.1121 0.0000e+00
    132.000    -1.0919    -1.0937   2.752554   2.752069    325.309     0.1368     0.1138    611.318   78.85760   -5.99793    34.1269    34.1224 0.0000e+00
    133.000    -1.0950    -1.0955   2.752489   2.752119    332.978     0.1373     0.1134    612.386   78.85760   -5.99792    34.1290    34.1244 0.0000e+00
    134.000    -1.0939    -1.0961   2.752782   2.752280    334.194     0.1366     0.1124    613.461   78.85760   -5.99792    34.1310    34.1267 0.0000e+00
    135.000    -1.0521    -1.0558   2.756893   2.756300    331.142     0.1363     0.1122    614.528   78.85760   -5.99792    34.1390    34.1352 0.0000e+00
    136.000    -1.0166    -1.0210   2.760826   2.760164    329.744     0.1333     0.1129    615.595   78.85760   -5.99791    34.1518    34.1477 0.0000e+00
    137.000    -0.9880    -0.9888   2.764166   2.763783    330.554     0.1380     0.1132    616.656   78.85760   -5.99790    34.1642    34.1599 0.0000e+00
    138.000    -0.9542    -0.9619   2.768042   2.767084    331.920     0.1387     0.1146    617.720   78.85760   -5.99790    34.1779    34.1737 0.0000e+00
    139.000    -0.8193    -0.8311   2.781041   2.779858    331.514     0.1377     0.1152    618.787   78.85760   -5.99790    34.2009    34.1982 0.0000e+00
    140.000    -0.7525    -0.7554   2.787367   2.786905    331.394     0.1409     0.1139    619.852   78.85760   -5.99790    34.2103    34.2074 0.0000e+00
    141.000    -0.7405    -0.7416   2.788877   2.788535    329.457     0.1404     0.1122    620.923   78.85760   -5.99788    34.2165    34.2131 0.0000e+00
    142.000    -0.7579    -0.7585   2.787818   2.787490    325.517     0.1420     0.1152    621.989   78.85760   -5.99788    34.2213    34.2176 0.0000e+00
    143.000    -0.6905    -0.6962   2.794717   2.794039    321.425     0.1427     0.1143    623.056   78.85760   -5.99788    34.2376    34.2349 0.0000e+00
    144.000    -0.6067    -0.6114   2.802813   2.802219    320.171     0.1410     0.1142    624.127   78.85758   -5.99788    34.2514    34.2487 0.0000e+00
    145.000    -0.5693    -0.5751   2.806478   2.805775    322.437     0.1386     0.1164    625.201   78.85758   -5.99788    34.2579    34.2550 0.0000e+00
    146.000    -0.5075    -0.5136   2.812490   2.811774    323.026     0.1380     0.1152    626.274   78.85758   -5.99788    34.2684    34.2657 0.0000e+00
    147.000    -0.4600    -0.4656   2.817394   2.816714    319.826     0.1397     0.1143    627.352   78.85758   -5.99786    34.2800    34.2772 0.0000e+00
    148.000    -0.4005    -0.4047   2.823738   2.823153    316.178     0.1407     0.1142    628.439   78.85758   -5.99786    34.2973    34.2942 0.0000e+00
    149.000    -0.3803    -0.3831   2.825962   2.825510    314.174     0.1393     0.1148    629.535   78.85758   -5.99786    34.3037    34.3008 0.0000e+00
    150.000    -0.3642    -0.3671   2.827725   2.827236    313.101     0.1387     0.1139    630.651   78.85758   -5.99786    34.3086    34.3053 0.0000e+00
    151.000    -0.3505    -0.3538   2.829386   2.828862    312.387     0.1381     0.1141    631.793   78.85758   -5.99786    34.3148    34.3114 0.0000e+00
    152.000    -0.3449    -0.3444   2.830263   2.830025    312.689     0.1364     0.1140    632.918   78.85758   -5.99784    34.3195    34.3157 0.0000e+00
    153.000    -0.4605    -0.4527   2.820691   2.820999    313.877     0.1348     0.1124    634.002   78.85758   -5.99784    34.3211    34.3164 0.0000e+00
    154.000    -0.4463    -0.4498   2.822414   2.821858    312.639     0.1366     0.1119    635.060   78.85758   -5.99784    34.3276    34.3241 0.0000e+00
    155.000    -0.4463    -0.4473   2.822615   2.822267    312.978     0.1401     0.1122    636.118   78.85758   -5.99784    34.3297    34.3262 0.0000e+00
    156.000    -0.4458    -0.4480   2.822823   2.822379    314.906     0.1369     0.1125    637.187   78.85758   -5.99784    34.3313    34.3279 0.0000e+00
    157.000    -0.3699    -0.3831   2.830575   2.829187    316.438     0.1369     0.1118    638.250   78.85758   -5.99784    34.3489    34.3451 0.0000e+00
    158.000    -0.2650    -0.2744   2.840967   2.839945    317.561     0.1340     0.1121    639.315   78.85758   -5.99784    34.3688    34.3657 0.0000e+00
    159.000    -0.1898    -0.1956   2.848256   2.847540    319.420     0.1336     0.1130    640.383   78.85758   -5.99782    34.3807    34.3776 0.0000e+00
    160.000    -0.1676    -0.1700   2.850678   2.850280    320.486     0.1318     0.1126    641.448   78.85758   -5.99782    34.3872    34.3847 0.0000e+00
    161.000    -0.1311    -0.1332   2.854421   2.854045    318.194     0.1335     0.1095    642.509   78.85758   -5.99782    34.3954    34.3928 0.0000e+00
    162.000    -0.1050    -0.1075   2.857219   2.856822    315.388     0.1326     0.1103    643.573   78.85758   -5.99782    34.4026    34.4001 0.0000e+00
    163.000    -0.0825    -0.0847   2.859755   2.859380    313.961     0.1327     0.1106    644.637   78.85758   -5.99782    34.4104    34.4079 0.0000e+00
    164.000    -0.0444    -0.0464   2.864222   2.863846    313.034     0.1364     0.1115    645.700   78.85758   -5.99782    34.4262    34.4235 0.0000e+00
    165.000    -0.0272    -0.0290   2.866377   2.866022    312.525     0.1341     0.1117    646.750   78.85758   -5.99782    34.4348    34.4321 0.0000e+00
    166.000    -0.0133    -0.0153   2.868015   2.867659    312.280     0.1334     0.1117    647.807   78.85758   -5.99780    34.4403    34.4378 0.0000e+00
    167.000     0.0270     0.0236   2.872552   2.872056    311.543     0.1316     0.1111    648.878   78.85758   -5.99780    34.4544    34.4517 0.0000e+00
    168.000     0.0567     0.0542   2.875846   2.875429    310.756     0.1288     0.1099    649.961   78.85756   -5.99780    34.4641    34.4613 0.0000e+00
    169.000     0.0752     0.0729   2.877802   2.877402    310.920     0.1297     0.1088    651.054   78.85756   -5.99780    34.4685    34.4659 0.0000e+00
    170.000     0.1146     0.1129   2.882012   2.881673    310.722     0.1344     0.1077    652.146   78.85756   -5.99780    34.4793    34.4767 0.0000e+00
    171.000     0.1375     0.1356   2.884800   2.884438    311.888     0.1326     0.1085    653.236   78.85756   -5.99780    34.4898    34.4872 0.0000e+00
    172.000     0.1542     0.1524   2.887225   2.886869    313.714     0.1296     0.1091    654.322   78.85756   -5.99780    34.5024    34.4998 0.0000e+00
    173.000     0.1842     0.1820   2.890779   2.890420    315.065     0.1339     0.1091    655.401   78.85756   -5.99780    34.5150    34.5127 0.0000e+00
    174.000     0.2033     0.2015   2.892930   2.892572    313.974     0.1314     0.1093    656.480   78.85756   -5.99780    34.5213    34.5186 0.0000e+00
    175.000     0.2101     0.2085   2.893797   2.893440    311.686     0.1274     0.1093    657.571   78.85756   -5.99780    34.5244    34.5216 0.0000e+00
    176.000     0.2239     0.2214   2.895286   2.894871    310.284     0.1284     0.1090    658.645   78.85756   -5.99780    34.5280    34.5253 0.0000e+00
    177.000     0.2411     0.2392   2.897153   2.896777    310.507     0.1270     0.1080    659.717   78.85756   -5.99780    34.5326    34.5299 0.0000e+00
    178.000     0.2785     0.2765   2.901114   2.900772    310.526     0.1277     0.1080    660.797   78.85756   -5.99778    34.5422    34.5399 0.0000e+00
    179.000     0.3074     0.3044   2.904104   2.903647    310.506     0.1280     0.1068    661.896   78.85756   -5.99778    34.5485    34.5458 0.0000e+00
    180.000     0.3303     0.3280   2.906423   2.906030    310.426     0.1291     0.1079    663.006   78.85756   -5.99778    34.5527    34.5501 0.0000e+00
    181.000     0.3655     0.3586   2.909976   2.909147    310.374     0.1303     0.1092    664.096   78.85756   -5.99778    34.5591    34.5560 0.0000e+00
    182.000     0.4333     0.4282   2.916906   2.916219    309.792     0.1318     0.1079    665.189   78.85754   -5.99778    34.5734    34.5702 0.0000e+00
    183.000     0.5001     0.4938   2.923571   2.922843    309.552     0.1278     0.1078    666.296   78.85754   -5.99778    34.5853    34.5827 0.0000e+00
    184.000     0.5095     0.5068   2.924789   2.924379    310.186     0.1282     0.1089    667.404   78.85754   -5.99778    34.5900    34.5876 0.0000e+00
    185.000     0.5916     0.5807   2.932875   2.931763    309.709     0.1306     0.1054    668.507   78.85754   -5.99778    34.6031    34.6007 0.0000e+00
    186.000     0.6905     0.6868   2.942660   2.942124    308.907     0.1243     0.1065    669.611   78.85754   -5.99778    34.6194    34.6165 0.0000e+00
    187.000     0.6712     0.6707   2.941357   2.941116    310.517     0.1254     0.1071    670.693   78.85754   -5.99778    34.6234    34.6208 0.0000e+00
    188.000     0.7041     0.6987   2.945027   2.944401    310.193     0.1310     0.1076    671.768   78.85754   -5.99778    34.6338    34.6316 0.0000e+00
    189.000     0.7575     0.7548   2.950336   2.949936    309.282     0.1291     0.1072    672.846   78.85754   -5.99778    34.6425    34.6404 0.0000e+00
    190.000     0.8070     0.8021   2.955537   2.954953    309.741     0.1258     0.1061    673.931   78.85754   -5.99778    34.6541    34.6520 0.0000e+00
    191.000     0.8917     0.8884   2.964080   2.963621    309.876     0.1233     0.1053    675.009   78.85754   -5.99778    34.6697    34.6674 0.0000e+00
    192.000     0.9688     0.9643   2.972112   2.971559    310.039     0.1247     0.1048    676.090   78.85754   -5.99778    34.6869    34.6849 0.0000e+00
    193.000     1.0167     1.0152   2.976857   2.976567    310.738     0.1244     0.1038    677.184   78.85754   -5.99778    34.6942    34.6921 0.0000e+00
    194.000     1.0281     1.0262   2.978019   2.977680    311.407     0.1249     0.1035    678.284   78.85754   -5.99778    34.6959    34.6937 0.0000e+00
    195.000     1.0693     1.0665   2.982117   2.981760    310.717     0.1193     0.1045    679.379   78.85753   -5.99778    34.7022    34.7007 0.0000e+00
    196.000     1.1817     1.1735   2.993223   2.992348    309.344     0.1212     0.1051    680.485   78.85752   -5.99778    34.7195    34.7173 0.0000e+00
    197.000     1.2134     1.2118   2.996472   2.996160    309.480     0.1195     0.1041    681.589   78.85752   -5.99778    34.7253    34.7231 0.0000e+00
    198.000     1.2154     1.2136   2.996817   2.996481    309.705     0.1198     0.1047    682.695   78.85752   -5.99778    34.7270    34.7247 0.0000e+00
    199.000     1.2051     1.2055   2.995909   2.995770    310.169     0.1246     0.1057    683.802   78.85752   -5.99778    34.7261    34.7239 0.0000e+00
    200.000     1.1107     1.1182   2.987409   2.987822    310.947     0.1251     0.1075    684.905   78.85752   -5.99778    34.7213    34.7183 0.0000e+00
    201.000     1.0432     1.0439   2.981545   2.981399    309.958     0.1188     0.1053    685.996   78.85752   -5.99778    34.7203    34.7178 0.0000e+00
    202.000     1.1737     1.1665   2.994305   2.993425    306.773     0.1182     0.1053    687.078   78.85752   -5.99778    34.7387    34.7354 0.0000e+00
    203.000     1.1839     1.1805   2.995853   2.995371    307.119     0.1187     0.1044    688.168   78.85752   -5.99778    34.7466    34.7443 0.0000e+00
    204.000     1.2110     1.2096   2.998577   2.998273    307.805     0.1196     0.1043    689.254   78.85752   -5.99778    34.7508    34.7485 0.0000e+00
    205.000     1.1810     1.1825   2.995908   2.995820    308.282     0.1218     0.1052    690.339   78.85752   -5.99778    34.7494    34.7466 0.0000e+00
    206.000     1.0381     1.0449   2.982875   2.983185    309.912     0.1212     0.1054    691.429   78.85752   -5.99778    34.7402    34.7366 0.0000e+00
    207.000     0.9408     0.9421   2.973977   2.973848    309.599     0.1230     0.1054    692.526   78.85752   -5.99778    34.7334    34.7303 0.0000e+00
    208.000     0.9994     0.9903   2.979636   2.978597    307.197     0.1263     0.1055    693.623   78.85752   -5.99778    34.7405    34.7372 0.0000e+00
    209.000     1.1292     1.1075   2.992054   2.989925    305.459     0.1239     0.1035    694.716   78.85752   -5.99778    34.7552    34.7519 0.0000e+00
    210.000     1.3514     1.3248   3.013416   3.010731    304.323     0.1200     0.1039    695.817   78.85751   -5.99778    34.7813    34.7765 0.0000e+00
    211.000     1.4879     1.4798   3.026513   3.025658    305.523     0.1172     0.1034    696.928   78.85750   -5.99778    34.7965    34.7945 0.0000e+00
    212.000     1.5167     1.5121   3.029457   3.028909    308.881     0.1180     0.1040    698.033   78.85750   -5.99778    34.8014    34.7996 0.0000e+00
    213.000     1.4988     1.5097   3.027915   3.028695    311.036     0.1202     0.1043    699.141   78.85750   -5.99778    34.8011    34.7990 0.0000e+00
    214.000     1.3445     1.3498   3.013827   3.014121    313.606     0.1210     0.1042    700.243   78.85750   -5.99778    34.7919    34.7898 0.0000e+00
    215.000     1.3024     1.3067   3.009953   3.010088    311.931     0.1196     0.1027    701.337   78.85750   -5.99778    34.7885    34.7855 0.0000e+00
    216.000     1.2432     1.2460   3.004462   3.004489    311.334     0.1205     0.1038    702.428   78.85750   -5.99778    34.7835    34.7807 0.0000e+00
    217.000     1.1964     1.1984   3.000130   3.000091    310.654     0.1202     0.1047    703.518   78.85750   -5.99778    34.7794    34.7767 0.0000e+00
    218.000     1.1758     1.1772   2.998331   2.998201    309.100     0.1162     0.1043    704.597   78.85750   -5.99778    34.7786    34.7755 0.0000e+00
    219.000     1.1437     1.1433   2.995460   2.995167    308.844     0.1199     0.1037    705.680   78.85750   -5.99778    34.7768    34.7736 0.0000e+00
    220.000     1.1474     1.1467   2.996008   2.995786    308.342     0.1232     0.1040    706.771   78.85750   -5.99778    34.7792    34.7771 0.0000e+00
