test_project/cnv_files/009_bin.cnv
* Sea-Bird SBE 9 Data File:
* FileName = C:\Documents and Settings\ctd\Desktop\FS2022\data\009.hex
* Software Version Seasave V 7.21b
* Temperature SN = 2400
* Conductivity SN = 3447
* Number of Bytes Per Scan = 48
* Number of Voltage Words = 5
* Number of Scans Averaged by the Deck Unit = 1
* NMEA Latitude = 78 51.50 N
* NMEA Longitude = 005 59.97 W
* NMEA UTC (Time) = Sep 13 2022  15:00:04
* NMEA baud rate = 4800
** Cruise: FS 2022
** Ship: Silver Arctic
** Station (File Number):  009
** Latitude:
** Longitude:
** Echodepth (m):
** Seastate:
# nquan = 14
# nvalues = 332                         
# units = specified
# name 0 = prDM: Pressure, Digiquartz [db]
# name 1 = t090C: Temperature [ITS-90, deg C]
# name 2 = t190C: Temperature, 2 [ITS-90, deg C]
# name 3 = c0S/m: Conductivity [S/m]
# name 4 = c1S/m: Conductivity, 2 [S/m]
# name 5 = sbox0Mm/Kg: Oxygen, SBE 43 [umol/kg]
# name 6 = wetCDOM: Fluorescence, WET Labs CDOM [mg/m^3]
# name 7 = wetCDOM1: Fluorescence, WET Labs CDOM, 2 [mg/m^3]
# name 8 = timeS: Time, Elapsed [seconds]
# name 9 = latitude: Latitude [deg]
# name 10 = longitude: Longitude [deg]
# name 11 = sal00: Salinity, Practical [PSU]
# name 12 = sal11: Salinity, Practical, 2 [PSU]
# name 13 = flag: flag
# span 0 =     15.000,    346.000       
# span 1 =    -1.5914,     1.5167       
# span 2 =    -1.5899,     1.5121       
# span 3 =  -0.086837,   3.029457       
# span 4 =   2.454121,   3.028909       
# span 5 =    295.433,    400.464       
# span 6 =     0.1140,     0.1723       
# span 7 =     0.1019,     0.1314       
# span 8 =     42.037,    846.327       
# span 9 =   78.85734,   78.85828       
# span 10 =   -5.99928,   -5.99733      
# span 11 =    -1.1698,    34.8453      
# span 12 =    30.4195,    34.8426      
# span 13 = 0.0000e+00, 0.0000e+00      
# interval = decibars: 1                
# start_time = Sep 13 2022 15:00:04 [NMEA time, first data scan]
# bad_flag = -9.990e-29
*END*
     15.000    -1.5717    -0.4885   2.444468   2.655448    349.540     0.1528     0.1229     42.037   78.85828   -5.99928    30.5027    32.2178 0.0000e+00
     16.000    -1.5533    -1.3355   2.444869   2.663053    344.005     0.1467     0.1230     43.916   78.85828   -5.99928    30.4887    33.2472 0.0000e+00
     17.000    -1.5390    -1.4407   2.444390   2.670939    337.422     0.1480     0.1227     45.811   78.85828   -5.99927    30.4670    33.4725 0.0000e+00
     18.000    -1.5331    -1.4913   2.443434   2.675562    330.276     0.1458     0.1227     47.702   78.85828   -5.99926    30.4472    33.5927 0.0000e+00
     19.000    -1.5454    -1.5300   2.442562   2.678241    323.951     0.1465     0.1205     49.616   78.85828   -5.99926    30.4473    33.6728 0.0000e+00
     20.000    -1.5646    -1.5601   2.383929   2.673641    319.698     0.1460     0.1216     53.946   78.85826   -5.99924    29.7325    33.6428 0.0000e+00
     21.000    -1.5630    -1.5514  -0.086837   2.473552    346.610     0.1476     0.1230    155.384   78.85813   -5.99893    -1.1698    30.8758 0.0000e+00
     22.000    -1.5709    -1.5609   0.022588   2.481547    346.742     0.1487     0.1216    152.483   78.85814   -5.99894     0.2115    30.9954 0.0000e+00
     23.000    -1.5768    -1.5726   0.022419   2.480131    353.893     0.1491     0.1220    154.160   78.85814   -5.99894     0.2098    30.9875 0.0000e+00
     24.000    -1.5800    -1.5754   0.022879   2.477874    362.553     0.1535     0.1235    155.855   78.85814   -5.99894     0.2144    30.9589 0.0000e+00
     25.000    -1.5914    -1.5899   0.023279   2.476191    370.667     0.1510     0.1234    157.553   78.85814   -5.99894     0.2184    30.9504 0.0000e+00
     26.000    -1.5781    -1.5785   0.034468   2.474099    376.573     0.1513     0.1233    159.253   78.85814   -5.99894     0.3305    30.9092 0.0000e+00
     27.000    -1.5780    -1.5785   0.056836   2.472336    381.126     0.1532     0.1239    160.961   78.85814   -5.99894     0.5550    30.8844 0.0000e+00
     28.000    -1.5652    -1.5668   0.051120   2.470603    385.423     0.1536     0.1254    162.636   78.85814   -5.99894     0.4966    30.8480 0.0000e+00
     29.000    -1.5576    -1.5589   0.054535   2.469055    386.860     0.1599     0.1290    164.334   78.85814   -5.99894     0.5311    30.8179 0.0000e+00
     30.000    -1.5562    -1.5568   0.086007   2.467116    387.164     0.1625     0.1300    166.010   78.85812   -5.99894     0.8560    30.7887 0.0000e+00
     31.000    -1.5601    -1.5607   0.238416   2.465798    383.706     0.1657     0.1302    167.689   78.85812   -5.99894     2.5248    30.7741 0.0000e+00
     32.000    -1.5641    -1.5650   0.956600   2.464095    358.931     0.1676     0.1314    169.332   78.85812   -5.99894    11.1304    30.7545 0.0000e+00
     33.000    -1.5687    -1.5698   1.363881   2.462923    344.174     0.1694     0.1301    170.889   78.85812   -5.99894    16.1576    30.7429 0.0000e+00
     34.000    -1.5700    -1.5734   1.344664   2.461461    345.442     0.1639     0.1296    172.398   78.85812   -5.99894    15.9110    30.7260 0.0000e+00
     35.000    -1.5743    -1.5745   1.342800   2.460063    345.660     0.1629     0.1302    173.915   78.85812   -5.99894    15.8891    30.7075 0.0000e+00
     36.000    -1.5762    -1.5772   1.340953   2.458950    344.363     0.1617     0.1313    175.419   78.85812   -5.99894    15.8662    30.6944 0.0000e+00
     37.000    -1.5772    -1.5772   1.347999   2.457671    342.134     0.1610     0.1292    176.905   78.85812   -5.99894    15.9566    30.6762 0.0000e+00
     38.000    -1.5819    -1.5810   1.344786   2.456630    340.183     0.1623     0.1274    178.372   78.85812   -5.99894    15.9177    30.6654 0.0000e+00
     39.000    -1.5857    -1.5856   1.348915   2.455203    338.113     0.1641     0.1246    179.848   78.85812   -5.99894    15.9723    30.6500 0.0000e+00
     40.000    -1.5831    -1.5825   1.377814   2.454121    334.990     0.1574     0.1253    181.360   78.85812   -5.99894    16.3411    30.6314 0.0000e+00
     41.000    -1.5692    -1.5707   1.514801   2.514765    325.957     0.1567     0.1255    294.871   78.85797   -5.99873    18.1033    31.4501 0.0000e+00
     42.000    -1.5728    -1.5003   2.356935   2.506336    298.868     0.1553     0.1280    290.996   78.85798   -5.99874    29.2989    31.2599 0.0000e+00
     43.000    -1.5787    -1.4125   2.284584   2.494226    305.494     0.1624     0.1263    292.574   78.85798   -5.99874    28.3158    31.0019 0.0000e+00
     44.000    -1.5804    -1.3478   2.370222   2.474685    306.175     0.1618     0.1249    294.210   78.85798   -5.99874    29.4809    30.6683 0.0000e+00
     45.000    -1.5742    -1.2207   2.293986   2.465972    309.281     0.1621     0.1274    295.819   78.85798   -5.99873    28.4774    30.4195 0.0000e+00
     46.000    -1.5635    -1.5465   2.482252   2.517726    295.433     0.1614     0.1262    313.022   78.85796   -5.99869    31.0012    31.4626 0.0000e+00
     47.000    -1.5647    -1.5660   2.521718   2.521634    400.464     0.1647     0.1257    519.194   78.85772   -5.99826    31.5358    31.5359 0.0000e+00
     48.000    -1.5499    -1.5510   2.524017   2.523619    400.300     0.1659     0.1265    522.409   78.85772   -5.99826    31.5510    31.5467 0.0000e+00
     49.000    -1.5425    -1.5437   2.527729   2.527313    399.341     0.1646     0.1273    523.451   78.85772   -5.99826    31.5934    31.5891 0.0000e+00
     50.000    -1.5315    -1.5328   2.531107   2.530761    399.007     0.1645     0.1264    524.496   78.85772   -5.99826    31.6275    31.6241 0.0000e+00
     51.000    -1.5190    -1.5203   2.535517   2.535168    397.587     0.1629     0.1252    525.547   78.85772   -5.99826    31.6742    31.6708 0.0000e+00
     52.000    -1.5353    -1.5367   2.537411   2.537006    396.440     0.1650     0.1256    526.590   78.85772   -5.99826    31.7170    31.7129 0.0000e+00
     53.000    -1.5389    -1.5402   2.538343   2.537938    395.268     0.1675     0.1267    527.628   78.85772   -5.99826    31.7330    31.7288 0.0000e+00
     54.000    -1.5398    -1.5411   2.540686   2.540278    392.799     0.1701     0.1268    528.664   78.85772   -5.99826    31.7655    31.7614 0.0000e+00
     55.000    -1.5393    -1.5405   2.543316   2.542945    390.778     0.1675     0.1277    529.701   78.85772   -5.99825    31.8005    31.7967 0.0000e+00
     56.000    -1.5369    -1.5382   2.546350   2.545957    389.937     0.1661     0.1258    530.741   78.85772   -5.99824    31.8390    31.8350 0.0000e+00
     57.000    -1.5296    -1.5310   2.550043   2.549657    389.021     0.1688     0.1282    531.779   78.85772   -5.99824    31.8813    31.8776 0.0000e+00
     58.000    -1.5111    -1.5127   2.558092   2.557777    388.346     0.1679     0.1280    532.819   78.85772   -5.99824    31.9715    31.9688 0.0000e+00
     59.000    -1.4893    -1.4905   2.565191   2.564841    387.914     0.1669     0.1279    533.867   78.85772   -5.99824    32.0449    32.0414 0.0000e+00
     60.000    -1.4833    -1.4848   2.568310   2.567891    386.365     0.1651     0.1267    534.909   78.85770   -5.99824    32.0806    32.0765 0.0000e+00
     61.000    -1.4650    -1.4664   2.573271   2.572914    383.805     0.1607     0.1251    535.959   78.85770   -5.99824    32.1284    32.1250 0.0000e+00
     62.000    -1.4624    -1.4637   2.575796   2.575392    381.080     0.1657     0.1261    537.009   78.85770   -5.99824    32.1596    32.1555 0.0000e+00
     63.000    -1.4472    -1.4480   2.579338   2.579039    378.298     0.1661     0.1276    538.055   78.85770   -5.99824    32.1912    32.1880 0.0000e+00
     64.000    -1.4196    -1.4210   2.584710   2.584312    375.779     0.1668     0.1277    539.100   78.85770   -5.99822    32.2345    32.2306 0.0000e+00
     65.000    -1.4179    -1.4193   2.588561   2.588226    374.599     0.1613     0.1270    540.150   78.85770   -5.99822    32.2848    32.2818 0.0000e+00
     66.000    -1.4310    -1.4326   2.590374   2.589993    373.284     0.1625     0.1278    541.199   78.85770   -5.99822    32.3233    32.3198 0.0000e+00
     67.000    -1.3843    -1.3827   2.599509   2.599640    369.618     0.1681     0.1268    542.253   78.85770   -5.99822    32.3972    32.3972 0.0000e+00
     68.000    -1.2862    -1.2871   2.610149   2.609805    366.426     0.1683     0.1286    543.302   78.85770   -5.99822    32.4358    32.4321 0.0000e+00
     69.000    -1.2804    -1.2815   2.611583   2.611227    367.462     0.1645     0.1251    544.352   78.85770   -5.99822    32.4485    32.4449 0.0000e+00
     70.000    -1.3063    -1.3074   2.610593   2.610205    367.847     0.1605     0.1232    545.408   78.85770   -5.99821    32.4625    32.4583 0.0000e+00
     71.000    -1.3224    -1.3240   2.612663   2.612276    365.811     0.1607     0.1228    546.468   78.85770   -5.99820    32.5077    32.5041 0.0000e+00
     72.000    -1.3182    -1.3192   2.616453   2.616120    363.599     0.1634     0.1236    547.527   78.85769   -5.99820    32.5544    32.5509 0.0000e+00
     73.000    -1.4423    -1.4459   2.609665   2.609028    364.110     0.1640     0.1267    548.579   78.85768   -5.99820    32.5962    32.5914 0.0000e+00
     74.000    -1.4725    -1.4741   2.610047   2.609598    362.313     0.1665     0.1284    549.640   78.85768   -5.99820    32.6339    32.6294 0.0000e+00
     75.000    -1.4615    -1.4635   2.613366   2.612958    357.985     0.1692     0.1281    550.706   78.85768   -5.99820    32.6669    32.6634 0.0000e+00
     76.000    -1.4125    -1.4141   2.621853   2.621452    355.517     0.1723     0.1285    551.771   78.85768   -5.99820    32.7291    32.7253 0.0000e+00
     77.000    -1.3901    -1.3913   2.627895   2.627529    355.483     0.1690     0.1278    552.837   78.85768   -5.99818    32.7868    32.7831 0.0000e+00
     78.000    -1.3368    -1.3372   2.635367   2.635261    354.135     0.1659     0.1278    553.897   78.85768   -5.99818    32.8301    32.8291 0.0000e+00
     79.000    -1.2252    -1.2254   2.649879   2.649603    352.386     0.1636     0.1273    554.954   78.85768   -5.99818    32.9054    32.9019 0.0000e+00
     80.000    -1.2270    -1.2294   2.653063   2.652602    353.177     0.1624     0.1242    556.010   78.85768   -5.99818    32.9503    32.9467 0.0000e+00
     81.000    -1.2106    -1.2119   2.660152   2.659796    352.333     0.1613     0.1250    557.067   78.85768   -5.99818    33.0286    33.0251 0.0000e+00
     82.000    -1.2008    -1.2023   2.666024   2.665711    352.318     0.1601     0.1254    558.124   78.85768   -5.99816    33.0974    33.0947 0.0000e+00
     83.000    -1.1825    -1.1841   2.670224   2.669874    353.692     0.1581     0.1252    559.181   78.85768   -5.99816    33.1338    33.1308 0.0000e+00
     84.000    -1.1326    -1.1338   2.677856   2.677591    354.176     0.1591     0.1243    560.232   78.85768   -5.99816    33.1822    33.1799 0.0000e+00
     85.000    -1.1124    -1.1133   2.681225   2.680944    353.817     0.1590     0.1242    561.278   78.85766   -5.99816    33.2052    33.2024 0.0000e+00
     86.000    -1.1034    -1.1051   2.684210   2.683869    353.124     0.1556     0.1227    562.331   78.85766   -5.99815    33.2353    33.2325 0.0000e+00
     87.000    -1.0665    -1.0682   2.690286   2.689937    350.613     0.1557     0.1218    563.393   78.85766   -5.99814    33.2766    33.2737 0.0000e+00
     88.000    -1.0358    -1.0373   2.695255   2.694885    348.588     0.1572     0.1217    564.458   78.85766   -5.99814    33.3095    33.3062 0.0000e+00
     89.000    -1.0261    -1.0274   2.697539   2.697185    347.625     0.1565     0.1217    565.521   78.85766   -5.99814    33.3293    33.3260 0.0000e+00
     90.000    -1.0134    -1.0147   2.700000   2.699657    346.456     0.1568     0.1220    566.585   78.85766   -5.99814    33.3481    33.3449 0.0000e+00
     91.000    -1.0055    -1.0069   2.701325   2.700970    345.276     0.1541     0.1218    567.651   78.85766   -5.99813    33.3567    33.3534 0.0000e+00
     92.000    -0.9942    -0.9955   2.703203   2.702876    345.105     0.1557     0.1221    568.710   78.85766   -5.99812    33.3691    33.3661 0.0000e+00
     93.000    -0.9811    -0.9824   2.705553   2.705208    344.929     0.1544     0.1227    569.768   78.85766   -5.99812    33.3859    33.3826 0.0000e+00
     94.000    -0.9710    -0.9724   2.707552   2.707196    344.043     0.1568     0.1218    570.833   78.85766   -5.99812    33.4012    33.3979 0.0000e+00
     95.000    -0.9485    -0.9505   2.711721   2.711334    342.985     0.1532     0.1218    571.888   78.85766   -5.99812    33.4323    33.4292 0.0000e+00
     96.000    -0.9039    -0.9052   2.720180   2.719883    342.233     0.1536     0.1195    572.940   78.85764   -5.99810    33.4968    33.4943 0.0000e+00
     97.000    -0.8876    -0.8889   2.722884   2.722557    342.176     0.1520     0.1201    573.995   78.85764   -5.99810    33.5148    33.5118 0.0000e+00
     98.000    -0.8687    -0.8697   2.726006   2.725729    341.035     0.1529     0.1204    575.054   78.85764   -5.99810    33.5354    33.5328 0.0000e+00
     99.000    -0.8620    -0.8635   2.727254   2.726898    339.519     0.1536     0.1195    576.112   78.85764   -5.99810    33.5443    33.5411 0.0000e+00
    100.000    -0.8680    -0.8695   2.727923   2.727527    338.656     0.1515     0.1192    577.174   78.85764   -5.99810    33.5595    33.5557 0.0000e+00
    101.000    -0.8610    -0.8625   2.730210   2.729847    337.349     0.1510     0.1185    578.231   78.85764   -5.99808    33.5820    33.5788 0.0000e+00
    102.000    -0.8492    -0.8509   2.732288   2.731908    336.479     0.1515     0.1178    579.296   78.85764   -5.99808    33.5965    33.5932 0.0000e+00
    103.000    -0.8394    -0.8407   2.734063   2.733695    337.139     0.1514     0.1184    580.365   78.85764   -5.99808    33.6090    33.6054 0.0000e+00
    104.000    -0.8468    -0.8482   2.734755   2.734386    337.515     0.1508     0.1188    581.431   78.85764   -5.99807    33.6260    33.6226 0.0000e+00
    105.000    -0.8346    -0.8361   2.736932   2.736612    336.601     0.1514     0.1181    582.502   78.85764   -5.99806    33.6411    33.6385 0.0000e+00
    106.000    -0.7929    -0.7949   2.741739   2.741366    335.188     0.1508     0.1193    583.569   78.85764   -5.99806    33.6591    33.6564 0.0000e+00
    107.000    -0.7832    -0.7845   2.743599   2.743263    335.087     0.1491     0.1205    584.630   78.85764   -5.99806    33.6729    33.6697 0.0000e+00
    108.000    -0.7791    -0.7805   2.745525   2.745133    335.311     0.1476     0.1202    585.690   78.85763   -5.99806    33.6938    33.6900 0.0000e+00
    109.000    -0.7730    -0.7745   2.747253   2.746874    335.099     0.1478     0.1182    586.750   78.85762   -5.99805    33.7097    33.7062 0.0000e+00
    110.000    -0.7579    -0.7609   2.749997   2.749503    334.307     0.1513     0.1178    587.814   78.85762   -5.99804    33.7293    33.7259 0.0000e+00
    111.000    -0.7188    -0.7196   2.756507   2.756165    333.069     0.1497     0.1158    588.878   78.85762   -5.99804    33.7730    33.7692 0.0000e+00
    112.000    -0.6946    -0.6958   2.761290   2.761003    331.963     0.1501     0.1193    589.948   78.85762   -5.99804    33.8098    33.8073 0.0000e+00
    113.000    -0.6898    -0.6913   2.763907   2.763538    329.993     0.1531     0.1184    591.021   78.85762   -5.99802    33.8392    33.8358 0.0000e+00
    114.000    -0.6751    -0.6772   2.766815   2.766398    325.289     0.1549     0.1196    592.095   78.85762   -5.99802    33.8614    33.8581 0.0000e+00
    115.000    -0.6576    -0.6595   2.770542   2.770064    321.074     0.1521     0.1196    593.163   78.85762   -5.99802    33.8914    33.8871 0.0000e+00
    116.000    -0.6396    -0.6424   2.773509   2.773028    318.310     0.1535     0.1184    594.232   78.85762   -5.99802    33.9106    33.9073 0.0000e+00
    117.000    -0.6091    -0.6112   2.777914   2.777446    317.066     0.1512     0.1177    595.302   78.85762   -5.99800    33.9352    33.9312 0.0000e+00
