test_project/cnv_files/013_bin.cnv
* Sea-Bird SBE 9 Data File:
* FileName = C:\Documents and Settings\ctd\Desktop\FS2022\data\013.hex
* Software Version Seasave V 7.21b
* Temperature SN = 2400
* Conductivity SN = 3447
* Number of Bytes Per Scan = 48
* Number of Voltage Words = 5
* Number of Scans Averaged by the Deck Unit = 1
* NMEA Latitude = 78 54.34 N
* NMEA Longitude = 009 30.49 W
* NMEA UTC (Time) = Sep 14 2022  11:52:58
* NMEA baud rate = 4800
** Cruise: FS 2022
** Ship: Silver Arctic
** Station (File Number):  013
** Latitude:
** Longitude:
** Echodepth (m):
** Seastate:
# nquan = 14
# nvalues = 216                         
# units = specified
# name 0 = prDM: Pressure, Digiquartz [db]
# name 1 = t090C: Temperature [ITS-90, deg C]
# name 2 = t190C: Temperature, 2 [ITS-90, deg C]
# name 3 = c0S/m: Conductivity [S/m]
# name 4 = c1S/m: Conductivity, 2 [S/m]
# name 5 = sbox0Mm/Kg: Oxygen, SBE 43 [umol/kg]
# name 6 = wetCDOM: Fluorescence, WET Labs CDOM [mg/m^3]
# name 7 = wetCDOM1: Fluorescence, WET Labs CDOM, 2 [mg/m^3]
# name 8 = timeS: Time, Elapsed [seconds]
# name 9 = latitude: Latitude [deg]
# name 10 = longitude: Longitude [deg]
# name 11 = sal00: Salinity, Practical [PSU]
# name 12 = sal11: Salinity, Practical, 2 [PSU]
# name 13 = flag: flag
# span 0 =      2.000,    217.000       
# span 1 =    -1.6440,     0.3028       
# span 2 =    -1.6449,     0.2976       
# span 3 =   2.372949,   2.904596       
# span 4 =   2.372166,   2.903999       
# span 5 =    302.381,    419.823       
# span 6 =     0.1284,     0.1700       
# span 7 =     0.1092,     0.1280       
# span 8 =    405.078,    681.752       
# span 9 =   78.90606,   78.90631       
# span 10 =   -9.51054,   -9.50958      
# span 11 =    29.4556,    34.5373      
# span 12 =    29.4515,    34.5353      
# span 13 = 0.0000e+00, 0.0000e+00      
# interval = decibars: 1                
# start_time = Sep 14 2022 11:52:58 [NMEA time, first data scan]
# bad_flag = -9.990e-29
*END*
      2.000    -1.4936    -1.5037   2.372949   2.372166    404.914     0.1356     0.1134    405.078   78.90606   -9.50958    29.4556    29.4549 0.0000e+00
      3.000    -1.4887    -1.4906   2.373429   2.373027    419.823     0.1354     0.1123    407.694   78.90606   -9.50958    29.4566    29.4531 0.0000e+00
      4.000    -1.4871    -1.4873   2.373658   2.373409    393.580     0.1328     0.1124    410.116   78.90606   -9.50960    29.4576    29.4544 0.0000e+00
      5.000    -1.4851    -1.4862   2.373708   2.373313    387.566     0.1325     0.1125    412.384   78.90606   -9.50962    29.4558    29.4515 0.0000e+00
      6.000    -1.4968    -1.4964   2.373382   2.373137    379.469     0.1310     0.1124    414.663   78.90606   -9.50963    29.4624    29.4587 0.0000e+00
      7.000    -1.5043    -1.5037   2.374366   2.373961    373.205     0.1362     0.1117    416.920   78.90607   -9.50965    29.4827    29.4765 0.0000e+00
      8.000    -1.4965    -1.4994   2.376684   2.375895    377.789     0.1353     0.1119    419.194   78.90608   -9.50967    29.5059    29.4980 0.0000e+00
      9.000    -1.4821    -1.4857   2.380199   2.379135    392.989     0.1346     0.1146    421.436   78.90608   -9.50968    29.5388    29.5279 0.0000e+00
     10.000    -1.4711    -1.4725   2.383027   2.382814    399.592     0.1394     0.1130    423.671   78.90608   -9.50968    29.5658    29.5643 0.0000e+00
     11.000    -1.4403    -1.4421   2.391935   2.391404    399.224     0.1347     0.1131    425.862   78.90608   -9.50970    29.6557    29.6503 0.0000e+00
     12.000    -1.3367    -1.3405   2.423821   2.423194    395.132     0.1374     0.1148    427.968   78.90608   -9.50970    29.9842    29.9795 0.0000e+00
     13.000    -1.2466    -1.2476   2.455732   2.455635    395.127     0.1365     0.1171    430.109   78.90608   -9.50970    30.3254    30.3251 0.0000e+00
     14.000    -1.1838    -1.1838   2.488580   2.488617    400.732     0.1439     0.1178    432.239   78.90608   -9.50971    30.7057    30.7063 0.0000e+00
     15.000    -1.1958    -1.1962   2.506816   2.506671    405.531     0.1486     0.1204    434.381   78.90608   -9.50972    30.9647    30.9631 0.0000e+00
     16.000    -1.2233    -1.2238   2.511826   2.511563    406.056     0.1460     0.1181    436.531   78.90610   -9.50972    31.0606    31.0575 0.0000e+00
     17.000    -1.2688    -1.2688   2.513910   2.513671    400.562     0.1500     0.1192    438.676   78.90610   -9.50972    31.1356    31.1323 0.0000e+00
     18.000    -1.3043    -1.3055   2.513963   2.513698    392.046     0.1520     0.1200    440.813   78.90610   -9.50974    31.1728    31.1704 0.0000e+00
     19.000    -1.3078    -1.3082   2.517603   2.517333    391.296     0.1490     0.1221    442.843   78.90610   -9.50974    31.2255    31.2221 0.0000e+00
     20.000    -1.3217    -1.3232   2.521200   2.521025    391.436     0.1546     0.1213    444.847   78.90610   -9.50975    31.2884    31.2876 0.0000e+00
     21.000    -1.3622    -1.3645   2.524136   2.523922    391.950     0.1512     0.1229    446.855   78.90610   -9.50976    31.3703    31.3699 0.0000e+00
     22.000    -1.3754    -1.3766   2.524472   2.524186    393.353     0.1553     0.1224    448.866   78.90610   -9.50976    31.3882    31.3856 0.0000e+00
     23.000    -1.3814    -1.3828   2.524633   2.524359    394.379     0.1563     0.1229    450.844   78.90610   -9.50976    31.3962    31.3939 0.0000e+00
     24.000    -1.3906    -1.3918   2.524674   2.524380    396.719     0.1516     0.1232    452.787   78.90610   -9.50978    31.4058    31.4030 0.0000e+00
     25.000    -1.3903    -1.3912   2.525542   2.525292    396.262     0.1556     0.1198    454.755   78.90610   -9.50978    31.4168    31.4143 0.0000e+00
     26.000    -1.3860    -1.3871   2.527529   2.527266    394.531     0.1548     0.1221    456.700   78.90610   -9.50979    31.4388    31.4364 0.0000e+00
     27.000    -1.4064    -1.4075   2.527616   2.527326    393.934     0.1559     0.1242    458.613   78.90611   -9.50980    31.4609    31.4581 0.0000e+00
     28.000    -1.4263    -1.4274   2.528660   2.528375    394.556     0.1550     0.1228    460.545   78.90612   -9.50980    31.4957    31.4929 0.0000e+00
     29.000    -1.4372    -1.4383   2.529307   2.529029    395.032     0.1546     0.1231    462.461   78.90612   -9.50981    31.5154    31.5128 0.0000e+00
     30.000    -1.4467    -1.4478   2.529963   2.529682    393.655     0.1541     0.1221    464.402   78.90612   -9.50982    31.5338    31.5311 0.0000e+00
     31.000    -1.4500    -1.4512   2.530670   2.530386    393.173     0.1564     0.1228    466.343   78.90612   -9.50982    31.5464    31.5438 0.0000e+00
     32.000    -1.4512    -1.4522   2.531239   2.530968    393.678     0.1596     0.1247    468.221   78.90612   -9.50983    31.5549    31.5522 0.0000e+00
     33.000    -1.4444    -1.4454   2.532139   2.531894    393.619     0.1565     0.1241    469.887   78.90612   -9.50984    31.5594    31.5571 0.0000e+00
     34.000    -1.4482    -1.4492   2.532648   2.532368    393.651     0.1530     0.1227    471.229   78.90612   -9.50984    31.5698    31.5671 0.0000e+00
     35.000    -1.4664    -1.4667   2.533254   2.532948    394.977     0.1536     0.1222    472.333   78.90612   -9.50984    31.5968    31.5929 0.0000e+00
     36.000    -1.4741    -1.4750   2.533548   2.533279    396.106     0.1593     0.1238    473.354   78.90612   -9.50984    31.6084    31.6057 0.0000e+00
     37.000    -1.4799    -1.4812   2.533923   2.533639    396.311     0.1562     0.1231    474.396   78.90612   -9.50985    31.6191    31.6166 0.0000e+00
     38.000    -1.4858    -1.4871   2.533961   2.533674    396.419     0.1604     0.1253    475.491   78.90612   -9.50986    31.6253    31.6228 0.0000e+00
     39.000    -1.4879    -1.4892   2.534014   2.533732    396.670     0.1601     0.1244    476.572   78.90612   -9.50986    31.6277    31.6252 0.0000e+00
     40.000    -1.4898    -1.4908   2.534018   2.533733    397.039     0.1589     0.1233    477.609   78.90612   -9.50986    31.6291    31.6263 0.0000e+00
     41.000    -1.4920    -1.4927   2.533941   2.533689    396.477     0.1562     0.1228    478.589   78.90612   -9.50986    31.6298    31.6271 0.0000e+00
     42.000    -1.4985    -1.5032   2.533652   2.533281    396.263     0.1545     0.1239    479.525   78.90612   -9.50986    31.6321    31.6321 0.0000e+00
     43.000    -1.5125    -1.5146   2.533510   2.533212    396.373     0.1550     0.1254    480.417   78.90613   -9.50986    31.6445    31.6427 0.0000e+00
     44.000    -1.5163    -1.5176   2.533995   2.533755    395.951     0.1587     0.1243    481.297   78.90614   -9.50987    31.6545    31.6527 0.0000e+00
     45.000    -1.5150    -1.5161   2.534555   2.534304    395.321     0.1587     0.1243    482.190   78.90614   -9.50988    31.6603    31.6581 0.0000e+00
     46.000    -1.5186    -1.5198   2.534682   2.534408    394.933     0.1587     0.1228    483.179   78.90614   -9.50988    31.6653    31.6628 0.0000e+00
     47.000    -1.5234    -1.5244   2.534692   2.534410    395.086     0.1577     0.1242    484.391   78.90614   -9.50988    31.6699    31.6672 0.0000e+00
     48.000    -1.5279    -1.5290   2.534729   2.534449    395.349     0.1568     0.1274    485.698   78.90614   -9.50988    31.6747    31.6720 0.0000e+00
     49.000    -1.5341    -1.5352   2.534727   2.534455    394.923     0.1616     0.1270    486.880   78.90614   -9.50990    31.6806    31.6780 0.0000e+00
     50.000    -1.5402    -1.5408   2.534751   2.534456    394.659     0.1580     0.1247    488.016   78.90614   -9.50990    31.6868    31.6835 0.0000e+00
     51.000    -1.5459    -1.5463   2.535178   2.534863    394.761     0.1597     0.1232    489.152   78.90614   -9.50990    31.6982    31.6942 0.0000e+00
     52.000    -1.5453    -1.5464   2.535309   2.535040    394.596     0.1586     0.1228    490.226   78.90614   -9.50990    31.6987    31.6962 0.0000e+00
     53.000    -1.5451    -1.5462   2.535402   2.535138    393.901     0.1576     0.1240    491.243   78.90614   -9.50990    31.6992    31.6968 0.0000e+00
     54.000    -1.5499    -1.5511   2.535360   2.535085    394.082     0.1614     0.1237    492.245   78.90614   -9.50990    31.7032    31.7006 0.0000e+00
     55.000    -1.5532    -1.5542   2.535425   2.535151    394.094     0.1622     0.1237    493.278   78.90614   -9.50991    31.7069    31.7043 0.0000e+00
     56.000    -1.5555    -1.5566   2.535921   2.535627    393.583     0.1589     0.1253    494.332   78.90614   -9.50992    31.7156    31.7128 0.0000e+00
     57.000    -1.5625    -1.5637   2.536171   2.535891    392.802     0.1595     0.1261    495.384   78.90614   -9.50992    31.7260    31.7234 0.0000e+00
     58.000    -1.5792    -1.5806   2.535472   2.535181    392.534     0.1612     0.1238    496.431   78.90614   -9.50992    31.7336    31.7310 0.0000e+00
     59.000    -1.6005    -1.6009   2.533966   2.533718    393.154     0.1594     0.1231    497.478   78.90614   -9.50992    31.7349    31.7319 0.0000e+00
     60.000    -1.6288    -1.6302   2.531965   2.531660    392.691     0.1603     0.1244    498.530   78.90614   -9.50992    31.7370    31.7343 0.0000e+00
     61.000    -1.6374    -1.6386   2.531461   2.531170    391.971     0.1625     0.1256    499.586   78.90614   -9.50993    31.7387    31.7360 0.0000e+00
     62.000    -1.6327    -1.6338   2.532154   2.531879    391.299     0.1594     0.1267    500.656   78.90614   -9.50994    31.7426    31.7400 0.0000e+00
     63.000    -1.6253    -1.6265   2.533020   2.532738    391.443     0.1620     0.1245    501.736   78.90614   -9.50994    31.7460    31.7434 0.0000e+00
     64.000    -1.6285    -1.6295   2.533118   2.532834    392.034     0.1634     0.1265    502.832   78.90614   -9.50994    31.7502    31.7473 0.0000e+00
     65.000    -1.6342    -1.6352   2.532843   2.532578    391.656     0.1602     0.1269    503.942   78.90616   -9.50994    31.7519    31.7494 0.0000e+00
     66.000    -1.6309    -1.6322   2.533328   2.533058    390.257     0.1614     0.1258    505.052   78.90616   -9.50996    31.7544    31.7521 0.0000e+00
     67.000    -1.6207    -1.6217   2.534449   2.534190    389.062     0.1621     0.1235    506.155   78.90616   -9.50996    31.7584    31.7559 0.0000e+00
     68.000    -1.6214    -1.6224   2.534803   2.534534    391.381     0.1621     0.1239    507.260   78.90616   -9.50996    31.7634    31.7608 0.0000e+00
     69.000    -1.6245    -1.6255   2.534846   2.534579    394.104     0.1647     0.1251    508.367   78.90616   -9.50996    31.7667    31.7641 0.0000e+00
     70.000    -1.6318    -1.6327   2.534612   2.534343    395.060     0.1604     0.1255    509.471   78.90616   -9.50996    31.7708    31.7680 0.0000e+00
     71.000    -1.6343    -1.6353   2.534650   2.534391    395.207     0.1622     0.1265    510.579   78.90616   -9.50996    31.7733    31.7708 0.0000e+00
     72.000    -1.6323    -1.6332   2.535089   2.534826    395.610     0.1615     0.1276    511.689   78.90616   -9.50998    31.7766    31.7739 0.0000e+00
     73.000    -1.6352    -1.6362   2.535161   2.534896    396.145     0.1572     0.1264    512.799   78.90616   -9.50998    31.7801    31.7776 0.0000e+00
     74.000    -1.6313    -1.6323   2.535646   2.535356    395.796     0.1619     0.1254    513.913   78.90616   -9.50998    31.7820    31.7791 0.0000e+00
     75.000    -1.6300    -1.6310   2.535906   2.535629    394.856     0.1622     0.1253    515.012   78.90616   -9.50998    31.7836    31.7809 0.0000e+00
     76.000    -1.6290    -1.6300   2.536213   2.535926    393.917     0.1612     0.1255    516.096   78.90616   -9.50998    31.7861    31.7833 0.0000e+00
     77.000    -1.6286    -1.6297   2.536497   2.536212    393.554     0.1617     0.1262    517.176   78.90616   -9.50999    31.7891    31.7862 0.0000e+00
     78.000    -1.6262    -1.6274   2.537073   2.536780    394.820     0.1579     0.1263    518.260   78.90616   -9.51000    31.7938    31.7910 0.0000e+00
     79.000    -1.6248    -1.6259   2.537465   2.537185    395.350     0.1574     0.1263    519.342   78.90616   -9.51000    31.7972    31.7944 0.0000e+00
     80.000    -1.6238    -1.6249   2.537907   2.537620    394.945     0.1565     0.1276    520.425   78.90616   -9.51000    31.8015    31.7988 0.0000e+00
     81.000    -1.6231    -1.6242   2.538222   2.537945    394.880     0.1594     0.1272    521.505   78.90616   -9.51000    31.8045    31.8018 0.0000e+00
     82.000    -1.6228    -1.6238   2.538468   2.538173    394.842     0.1619     0.1273    522.587   78.90616   -9.51000    31.8069    31.8040 0.0000e+00
     83.000    -1.6236    -1.6246   2.539005   2.538715    394.746     0.1649     0.1255    523.667   78.90616   -9.51002    31.8147    31.8117 0.0000e+00
     84.000    -1.6246    -1.6255   2.539692   2.539397    394.964     0.1612     0.1251    524.747   78.90616   -9.51002    31.8245    31.8214 0.0000e+00
     85.000    -1.6316    -1.6320   2.539623   2.539376    394.647     0.1573     0.1244    525.832   78.90618   -9.51002    31.8305    31.8275 0.0000e+00
     86.000    -1.6357    -1.6366   2.539800   2.539523    394.553     0.1601     0.1254    526.915   78.90618   -9.51002    31.8367    31.8339 0.0000e+00
     87.000    -1.6432    -1.6437   2.539680   2.539415    394.647     0.1615     0.1243    527.994   78.90618   -9.51002    31.8425    31.8394 0.0000e+00
     88.000    -1.6440    -1.6449   2.540117   2.539833    393.597     0.1618     0.1276    529.076   78.90618   -9.51004    31.8488    31.8459 0.0000e+00
     89.000    -1.6318    -1.6336   2.541659   2.541314    392.552     0.1609     0.1259    530.158   78.90618   -9.51004    31.8564    31.8535 0.0000e+00
     90.000    -1.6280    -1.6289   2.542524   2.542221    392.709     0.1599     0.1267    531.231   78.90618   -9.51004    31.8636    31.8604 0.0000e+00
     91.000    -1.6307    -1.6315   2.542788   2.542529    392.680     0.1631     0.1257    532.287   78.90618   -9.51004    31.8695    31.8667 0.0000e+00
     92.000    -1.6340    -1.6347   2.542773   2.542527    392.403     0.1673     0.1256    533.339   78.90618   -9.51004    31.8723    31.8696 0.0000e+00
     93.000    -1.6407    -1.6412   2.543043   2.542750    392.317     0.1675     0.1253    534.391   78.90618   -9.51004    31.8825    31.8791 0.0000e+00
     94.000    -1.6406    -1.6416   2.544302   2.543945    391.494     0.1669     0.1253    535.431   78.90618   -9.51005    31.8992    31.8953 0.0000e+00
     95.000    -1.6329    -1.6351   2.545900   2.545452    391.537     0.1694     0.1255    536.460   78.90618   -9.51006    31.9123    31.9085 0.0000e+00
     96.000    -1.6249    -1.6268   2.547417   2.547017    391.610     0.1645     0.1253    537.484   78.90618   -9.51006    31.9240    31.9206 0.0000e+00
     97.000    -1.6183    -1.6198   2.548510   2.548180    390.579     0.1626     0.1259    538.512   78.90618   -9.51006    31.9314    31.9285 0.0000e+00
     98.000    -1.6174    -1.6185   2.548968   2.548705    390.287     0.1662     0.1275    539.547   78.90618   -9.51006    31.9362    31.9337 0.0000e+00
     99.000    -1.6161    -1.6178   2.549782   2.549434    389.979     0.1611     0.1255    540.574   78.90618   -9.51006    31.9453    31.9424 0.0000e+00
    100.000    -1.5967    -1.5985   2.552329   2.551962    389.174     0.1572     0.1253    541.603   78.90618   -9.51007    31.9589    31.9558 0.0000e+00
    101.000    -1.6000    -1.6012   2.552817   2.552517    388.577     0.1612     0.1267    542.640   78.90618   -9.51008    31.9686    31.9658 0.0000e+00
    102.000    -1.5864    -1.5883   2.554730   2.554332    388.096     0.1628     0.1270    543.670   78.90618   -9.51008    31.9797    31.9763 0.0000e+00
    103.000    -1.5728    -1.5758   2.557410   2.556855    387.950     0.1627     0.1270    544.696   78.90618   -9.51008    32.0014    31.9969 0.0000e+00
    104.000    -1.5637    -1.5650   2.559983   2.559575    387.686     0.1629     0.1275    545.726   78.90618   -9.51008    32.0263    32.0221 0.0000e+00
