test_project/cnv_files/013_bin.cnv
* Sea-Bird SBE 9 Data File:
* FileName = C:\Documents and Settings\ctd\Desktop\FS2022\data\013.hex
* Software Version Seasave V 7.21b
* Temperature SN = 2400
* Conductivity SN = 3447
* Number of Bytes Per Scan = 48
* Number of Voltage Words = 5
* Number of Scans Averaged by the Deck Unit = 1
* NMEA Latitude = 78 54.34 N
* NMEA Longitude = 009 30.49 W
* NMEA UTC (Time) = Sep 14 2022  11:52:58
* NMEA baud rate = 4800
** Cruise: FS 2022
** Ship: Silver Arctic
** Station (File Number):  013
** Latitude:
** Longitude:
** Echodepth (m):
** Seastate:
# nquan = 14
# nvalues = 216                         
# units = specified
# name 0 = prDM: Pressure, Digiquartz [db]
# name 1 = t090C: Temperature [ITS-90, deg C]
# name 2 = t190C: Temperature, 2 [ITS-90, deg C]
# name 3 = c0S/m: Conductivity [S/m]
# name 4 = c1S/m: Conductivity, 2 [S/m]
# name 5 = sbox0Mm/Kg: Oxygen, SBE 43 [umol/kg]
# name 6 = wetCDOM: Fluorescence, WET Labs CDOM [mg/m^3]
# name 7 = wetCDOM1: Fluorescence, WET Labs CDOM, 2 [mg/m^3]
# name 8 = timeS: Time, Elapsed [seconds]
# name 9 = latitude: Latitude [deg]
# name 10 = longitude: Longitude [deg]
# name 11 = sal00: Salinity, Practical [PSU]
# name 12 = sal11: Salinity, Practical, 2 [PSU]
# name 13 = flag: flag
# span 0 =      2.000,    217.000       
# span 1 =    -1.6440,     0.3028       
# span 2 =    -1.6449,     0.2976       
# span 3 =   2.372949,   2.904596       
# span 4 =   2.372166,   2.903999       
# span 5 =    302.381,    419.823       
# span 6 =     0.1284,     0.1700       
# span 7 =     0.1092,     0.1280       
# span 8 =    405.078,    681.752       
# span 9 =   78.90606,   78.90631       
# span 10 =   -9.51054,   -9.50958      
# span 11 =    29.4556,    34.5373      
# span 12 =    29.4515,    34.5353      
# span 13 = 0.0000e+00, 0.0000e+00      
# interval = decibars: 1                
# start_time = Sep 14 2022 11:52:58 [NMEA time, first data scan]
# bad_flag = -9.990e-29
*END*
[from data line 104]
    106.000    -1.5804    -1.5817   2.562135   2.561744    387.337     0.1602     0.1280    547.759   78.90618   -9.51010    32.0727    32.0688 0.0000e+00
    107.000    -1.5698    -1.5726   2.565204   2.564530    386.031     0.1647     0.1277    548.764   78.90618   -9.51010    32.1029    32.0967 0.0000e+00
    108.000    -1.5498    -1.5531   2.570592   2.569789    384.491     0.1570     0.1269    549.773   78.90620   -9.51010    32.1548    32.1473 0.0000e+00
    109.000    -1.5395    -1.5413   2.573508   2.573099    383.859     0.1609     0.1256    550.786   78.90620   -9.51010    32.1832    32.1794 0.0000e+00
    110.000    -1.5263    -1.5290   2.577448   2.576795    382.443     0.1669     0.1266    551.796   78.90620   -9.51010    32.2224    32.2164 0.0000e+00
    111.000    -1.5151    -1.5178   2.580451   2.579861    380.794     0.1700     0.1270    552.810   78.90620   -9.51010    32.2510    32.2458 0.0000e+00
    112.000    -1.5043    -1.5059   2.583226   2.582845    379.809     0.1683     0.1276    553.820   78.90620   -9.51012    32.2768    32.2733 0.0000e+00
    113.000    -1.4968    -1.4991   2.585540   2.584929    378.807     0.1656     0.1280    554.835   78.90620   -9.51012    32.2998    32.2940 0.0000e+00
    114.000    -1.4759    -1.4796   2.591471   2.590598    377.774     0.1652     0.1276    555.847   78.90620   -9.51012    32.3580    32.3501 0.0000e+00
    115.000    -1.4530    -1.4565   2.597321   2.596524    377.031     0.1660     0.1269    556.860   78.90620   -9.51012    32.4128    32.4057 0.0000e+00
    116.000    -1.4272    -1.4310   2.604442   2.603517    375.814     0.1654     0.1270    557.876   78.90620   -9.51012    32.4819    32.4734 0.0000e+00
    117.000    -1.4131    -1.4155   2.608546   2.608014    374.728     0.1633     0.1270    558.882   78.90620   -9.51012    32.5222    32.5175 0.0000e+00
    118.000    -1.4011    -1.4033   2.611362   2.610914    373.046     0.1615     0.1279    559.894   78.90620   -9.51014    32.5471    32.5434 0.0000e+00
    119.000    -1.3947    -1.3963   2.612961   2.612607    370.902     0.1656     0.1249    560.908   78.90620   -9.51014    32.5615    32.5584 0.0000e+00
    120.000    -1.3726    -1.3761   2.618914   2.618136    368.482     0.1667     0.1262    561.920   78.90620   -9.51014    32.6183    32.6115 0.0000e+00
    121.000    -1.3387    -1.3413   2.628149   2.627552    366.686     0.1670     0.1259    562.934   78.90620   -9.51014    32.7072    32.7019 0.0000e+00
    122.000    -1.3371    -1.3374   2.631442   2.631082    365.758     0.1663     0.1262    563.950   78.90620   -9.51014    32.7499    32.7453 0.0000e+00
    123.000    -1.3147    -1.3183   2.639310   2.638709    364.276     0.1651     0.1262    564.970   78.90620   -9.51014    32.8324    32.8282 0.0000e+00
    124.000    -1.2848    -1.2867   2.646381   2.646030    361.799     0.1636     0.1255    565.988   78.90620   -9.51016    32.8958    32.8931 0.0000e+00
    125.000    -1.2590    -1.2625   2.651190   2.650630    360.189     0.1635     0.1254    566.993   78.90620   -9.51016    32.9325    32.9287 0.0000e+00
    126.000    -1.2208    -1.2242   2.658858   2.658231    358.494     0.1640     0.1254    568.000   78.90620   -9.51016    32.9946    32.9898 0.0000e+00
    127.000    -1.2049    -1.2068   2.662516   2.662117    356.826     0.1592     0.1255    569.004   78.90620   -9.51016    33.0265    33.0231 0.0000e+00
    128.000    -1.1864    -1.1895   2.668502   2.667802    354.715     0.1610     0.1254    570.014   78.90622   -9.51016    33.0872    33.0810 0.0000e+00
    129.000    -1.1774    -1.1792   2.670971   2.670610    352.873     0.1621     0.1246    571.029   78.90622   -9.51016    33.1103    33.1074 0.0000e+00
    130.000    -1.1615    -1.1640   2.677096   2.676492    351.164     0.1632     0.1249    572.035   78.90622   -9.51018    33.1758    33.1703 0.0000e+00
    131.000    -1.1485    -1.1494   2.683388   2.682972    350.298     0.1617     0.1240    573.043   78.90622   -9.51018    33.2466    33.2419 0.0000e+00
    132.000    -1.1500    -1.1527   2.687606   2.687164    349.218     0.1595     0.1229    574.053   78.90622   -9.51018    33.3052    33.3022 0.0000e+00
    133.000    -1.1009    -1.1047   2.695919   2.695362    347.149     0.1586     0.1227    575.065   78.90622   -9.51018    33.3634    33.3600 0.0000e+00
    134.000    -1.0759    -1.0777   2.699646   2.699394    346.154     0.1591     0.1222    576.071   78.90622   -9.51018    33.3858    33.3844 0.0000e+00
    135.000    -1.0498    -1.0532   2.702978   2.702552    346.035     0.1586     0.1227    577.078   78.90622   -9.51018    33.4015    33.3995 0.0000e+00
    136.000    -1.0672    -1.0624   2.703131   2.703266    345.046     0.1556     0.1219    578.092   78.90622   -9.51020    33.4224    33.4189 0.0000e+00
    137.000    -1.0980    -1.0994   2.702362   2.702086    343.277     0.1532     0.1228    579.106   78.90622   -9.51020    33.4455    33.4433 0.0000e+00
    138.000    -1.0941    -1.0954   2.703032   2.702793    340.708     0.1552     0.1239    580.117   78.90622   -9.51020    33.4497    33.4479 0.0000e+00
    139.000    -1.0872    -1.0892   2.705092   2.704696    339.965     0.1571     0.1236    581.127   78.90622   -9.51020    33.4695    33.4663 0.0000e+00
    140.000    -1.0808    -1.0826   2.707528   2.707183    340.721     0.1555     0.1230    582.137   78.90622   -9.51021    33.4949    33.4922 0.0000e+00
    141.000    -1.0435    -1.0484   2.712225   2.711572    340.988     0.1526     0.1225    583.146   78.90622   -9.51022    33.5167    33.5133 0.0000e+00
    142.000    -1.0345    -1.0348   2.715672   2.715378    340.771     0.1540     0.1221    584.162   78.90622   -9.51022    33.5529    33.5493 0.0000e+00
    143.000    -1.0260    -1.0289   2.717936   2.717545    340.788     0.1533     0.1224    585.177   78.90622   -9.51022    33.5737    33.5717 0.0000e+00
    144.000    -0.9999    -1.0014   2.721649   2.721408    339.415     0.1512     0.1196    586.188   78.90622   -9.51022    33.5944    33.5928 0.0000e+00
    145.000    -0.9987    -0.9999   2.722054   2.721845    338.176     0.1526     0.1206    587.203   78.90622   -9.51022    33.5980    33.5965 0.0000e+00
    146.000    -0.9853    -0.9891   2.724541   2.724029    337.187     0.1549     0.1196    588.219   78.90622   -9.51023    33.6163    33.6135 0.0000e+00
    147.000    -1.0008    -0.9972   2.726240   2.726136    337.307     0.1505     0.1212    589.243   78.90622   -9.51024    33.6560    33.6506 0.0000e+00
    148.000    -1.0456    -1.0473   2.724723   2.724381    337.358     0.1497     0.1211    590.266   78.90622   -9.51024    33.6849    33.6822 0.0000e+00
    149.000    -0.9395    -0.9517   2.735483   2.734268    334.595     0.1515     0.1207    591.288   78.90622   -9.51024    33.7118    33.7090 0.0000e+00
    150.000    -0.8837    -0.8908   2.740905   2.740212    335.655     0.1510     0.1200    592.302   78.90622   -9.51024    33.7224    33.7209 0.0000e+00
    151.000    -0.8954    -0.8941   2.741232   2.741091    339.436     0.1508     0.1196    593.319   78.90622   -9.51024    33.7392    33.7359 0.0000e+00
    152.000    -0.9256    -0.9269   2.739695   2.739458    339.047     0.1507     0.1204    594.337   78.90623   -9.51024    33.7517    33.7498 0.0000e+00
    153.000    -0.9147    -0.9147   2.741146   2.741020    335.643     0.1500     0.1193    595.353   78.90624   -9.51025    33.7585    33.7567 0.0000e+00
    154.000    -1.0111    -1.0033   2.734418   2.734704    334.475     0.1489     0.1193    596.366   78.90624   -9.51026    33.7746    33.7697 0.0000e+00
    155.000    -1.0407    -1.0411   2.733698   2.733409    333.058     0.1474     0.1194    597.384   78.90624   -9.51026    33.7974    33.7940 0.0000e+00
    156.000    -1.0784    -1.0768   2.731795   2.731706    332.091     0.1462     0.1193    598.408   78.90624   -9.51026    33.8133    33.8102 0.0000e+00
    157.000    -1.0710    -1.0749   2.733192   2.732711    334.053     0.1464     0.1178    599.428   78.90624   -9.51026    33.8234    33.8212 0.0000e+00
    158.000    -1.0511    -1.0548   2.735202   2.734773    337.028     0.1480     0.1176    600.440   78.90624   -9.51026    33.8278    33.8261 0.0000e+00
    159.000    -1.0238    -1.0274   2.737964   2.737513    339.070     0.1465     0.1176    601.454   78.90624   -9.51027    33.8341    33.8319 0.0000e+00
    160.000    -1.0128    -1.0152   2.739375   2.739031    339.704     0.1490     0.1172    602.466   78.90624   -9.51028    33.8403    33.8383 0.0000e+00
    161.000    -1.0004    -1.0027   2.741392   2.740991    339.686     0.1446     0.1174    603.473   78.90624   -9.51028    33.8532    33.8504 0.0000e+00
    162.000    -0.9671    -0.9751   2.745607   2.744771    339.099     0.1468     0.1179    604.486   78.90624   -9.51028    33.8724    33.8701 0.0000e+00
    163.000    -0.8874    -0.8937   2.754243   2.753588    337.001     0.1459     0.1170    605.498   78.90624   -9.51028    33.8994    33.8976 0.0000e+00
    164.000    -0.8592    -0.8626   2.757658   2.757263    336.591     0.1440     0.1134    606.505   78.90624   -9.51028    33.9134    33.9119 0.0000e+00
    165.000    -0.8370    -0.8403   2.760351   2.759946    336.502     0.1438     0.1162    607.520   78.90624   -9.51029    33.9244    33.9226 0.0000e+00
    166.000    -0.8172    -0.8224   2.762874   2.762282    334.281     0.1456     0.1176    608.528   78.90624   -9.51030    33.9357    33.9335 0.0000e+00
    167.000    -0.7176    -0.7280   2.774269   2.773157    331.455     0.1483     0.1174    609.544   78.90624   -9.51030    33.9772    33.9738 0.0000e+00
    168.000    -0.6586    -0.6682   2.781102   2.780008    330.248     0.1479     0.1175    610.562   78.90624   -9.51030    34.0025    33.9986 0.0000e+00
    169.000    -0.6166    -0.6218   2.787210   2.786497    329.474     0.1469     0.1170    611.580   78.90624   -9.51030    34.0370    34.0333 0.0000e+00
    170.000    -0.6117    -0.6135   2.788047   2.787813    327.828     0.1466     0.1152    612.607   78.90624   -9.51030    34.0421    34.0410 0.0000e+00
    171.000    -0.6043    -0.6075   2.789114   2.788726    324.703     0.1427     0.1152    613.634   78.90624   -9.51031    34.0476    34.0459 0.0000e+00
    172.000    -0.5798    -0.5844   2.792237   2.791688    322.306     0.1431     0.1144    614.659   78.90626   -9.51032    34.0614    34.0592 0.0000e+00
    173.000    -0.5149    -0.5275   2.800196   2.798757    321.117     0.1467     0.1153    615.679   78.90626   -9.51032    34.0949    34.0898 0.0000e+00
    174.000    -0.4608    -0.4682   2.806972   2.806120    320.796     0.1461     0.1169    616.703   78.90626   -9.51032    34.1245    34.1214 0.0000e+00
    175.000    -0.4321    -0.4361   2.810869   2.810377    320.816     0.1414     0.1161    617.728   78.90626   -9.51032    34.1439    34.1418 0.0000e+00
    176.000    -0.3964    -0.4047   2.815578   2.814618    319.702     0.1402     0.1153    618.752   78.90626   -9.51034    34.1663    34.1628 0.0000e+00
    177.000    -0.3405    -0.3484   2.822938   2.821995    317.224     0.1423     0.1144    619.778   78.90626   -9.51034    34.2014    34.1976 0.0000e+00
    178.000    -0.3239    -0.3268   2.825163   2.824835    316.307     0.1426     0.1137    620.800   78.90626   -9.51034    34.2118    34.2107 0.0000e+00
    179.000    -0.3206    -0.3226   2.825636   2.825403    315.745     0.1398     0.1142    621.825   78.90626   -9.51034    34.2138    34.2130 0.0000e+00
    180.000    -0.3052    -0.3092   2.827672   2.827206    313.918     0.1391     0.1138    622.852   78.90626   -9.51034    34.2231    34.2214 0.0000e+00
    181.000    -0.2966    -0.2990   2.828844   2.828558    312.699     0.1330     0.1130    623.877   78.90626   -9.51034    34.2285    34.2274 0.0000e+00
    182.000    -0.2896    -0.2924   2.829803   2.829471    312.113     0.1380     0.1131    624.899   78.90626   -9.51036    34.2329    34.2316 0.0000e+00
    183.000    -0.2622    -0.2672   2.833444   2.832858    311.432     0.1405     0.1132    625.919   78.90626   -9.51036    34.2501    34.2478 0.0000e+00
    184.000    -0.2442    -0.2480   2.835821   2.835377    311.982     0.1415     0.1142    626.944   78.90626   -9.51036    34.2609    34.2593 0.0000e+00
    185.000    -0.2362    -0.2387   2.836887   2.836596    312.125     0.1403     0.1132    627.965   78.90626   -9.51036    34.2655    34.2645 0.0000e+00
    186.000    -0.2318    -0.2338   2.837502   2.837278    311.906     0.1388     0.1145    628.983   78.90626   -9.51036    34.2682    34.2674 0.0000e+00
    187.000    -0.2220    -0.2252   2.838792   2.838433    311.445     0.1387     0.1148    630.003   78.90626   -9.51036    34.2738    34.2725 0.0000e+00
    188.000    -0.2061    -0.2106   2.840876   2.840347    310.454     0.1389     0.1142    631.015   78.90626   -9.51038    34.2831    34.2811 0.0000e+00
    189.000    -0.1928    -0.1956   2.842635   2.842292    309.978     0.1378     0.1138    632.028   78.90626   -9.51038    34.2910    34.2895 0.0000e+00
    190.000    -0.1837    -0.1864   2.843878   2.843548    310.193     0.1386     0.1122    633.046   78.90626   -9.51038    34.2967    34.2953 0.0000e+00
    191.000    -0.1711    -0.1749   2.845547   2.845102    309.696     0.1392     0.1127    634.068   78.90626   -9.51038    34.3041    34.3024 0.0000e+00
    192.000    -0.1615    -0.1638   2.846841   2.846571    309.041     0.1367     0.1128    635.083   78.90626   -9.51038    34.3099    34.3089 0.0000e+00
    193.000    -0.1581    -0.1604   2.847305   2.847039    308.457     0.1373     0.1128    636.100   78.90626   -9.51038    34.3117    34.3107 0.0000e+00
    194.000    -0.1458    -0.1497   2.848948   2.848484    308.409     0.1381     0.1149    637.118   78.90628   -9.51040    34.3191    34.3173 0.0000e+00
    195.000    -0.1315    -0.1348   2.850807   2.850429    308.011     0.1325     0.1146    638.137   78.90628   -9.51040    34.3271    34.3258 0.0000e+00
    196.000    -0.1226    -0.1247   2.851955   2.851719    307.665     0.1343     0.1136    639.156   78.90628   -9.51040    34.3318    34.3310 0.0000e+00
    197.000    -0.1038    -0.1079   2.854365   2.853919    307.201     0.1384     0.1129    640.169   78.90628   -9.51040    34.3421    34.3408 0.0000e+00
    198.000    -0.0809    -0.0834   2.857208   2.856943    306.908     0.1383     0.1125    641.181   78.90628   -9.51040    34.3536    34.3528 0.0000e+00
    199.000    -0.0652    -0.0697   2.859197   2.858722    306.505     0.1366     0.1118    642.192   78.90628   -9.51041    34.3616    34.3604 0.0000e+00
    200.000     0.0160     0.0089   2.869416   2.868672    305.918     0.1371     0.1120    643.194   78.90628   -9.51042    34.4053    34.4034 0.0000e+00
    201.000     0.0404     0.0367   2.872448   2.872048    306.273     0.1364     0.1130    644.202   78.90628   -9.51042    34.4174    34.4163 0.0000e+00
    202.000     0.0684     0.0640   2.875951   2.875487    306.517     0.1348     0.1142    645.221   78.90628   -9.51042    34.4318    34.4305 0.0000e+00
    203.000     0.0905     0.0879   2.878639   2.878403    306.028     0.1315     0.1131    646.234   78.90628   -9.51042    34.4419    34.4417 0.0000e+00
    204.000     0.1005     0.0989   2.879890   2.879737    305.526     0.1284     0.1122    647.252   78.90628   -9.51042    34.4465    34.4464 0.0000e+00
    205.000     0.1062     0.1044   2.880630   2.880439    304.888     0.1319     0.1119    648.280   78.90628   -9.51043    34.4494    34.4488 0.0000e+00
    206.000     0.1229     0.1202   2.882705   2.882415    304.388     0.1357     0.1105    649.324   78.90628   -9.51044    34.4574    34.4566 0.0000e+00
    207.000     0.1582     0.1515   2.887052   2.886323    304.193     0.1372     0.1092    650.380   78.90628   -9.51044    34.4745    34.4724 0.0000e+00
