test_project/cnv_files/014_bin.cnv
* Sea-Bird SBE 9 Data File:
* FileName = C:\Documents and Settings\ctd\Desktop\FS2022\data\014.hex
* Software Version Seasave V 7.21b
* Temperature SN = 2400
* Conductivity SN = 3447
* Number of Bytes Per Scan = 48
* Number of Voltage Words = 5
* Number of Scans Averaged by the Deck Unit = 1
* NMEA Latitude = 78 52.89 N
* NMEA Longitude = 010 01.67 W
* NMEA UTC (Time) = Sep 14 2022  13:52:16
* NMEA baud rate = 4800
** Cruise: FS 2022
** Ship: Silver Arctic
** Station (File Number):  014
** Latitude:
** Longitude:
** Echodepth (m):
** Seastate:
# nquan = 14
# nvalues = 211                         
# units = specified
# name 0 = prDM: Pressure, Digiquartz [db]
# name 1 = t090C: Temperature [ITS-90, deg C]
# name 2 = t190C: Temperature, 2 [ITS-90, deg C]
# name 3 = c0S/m: Conductivity [S/m]
# name 4 = c1S/m: Conductivity, 2 [S/m]
# name 5 = sbox0Mm/Kg: Oxygen, SBE 43 [umol/kg]
# name 6 = wetCDOM: Fluorescence, WET Labs CDOM [mg/m^3]
# name 7 = wetCDOM1: Fluorescence, WET Labs CDOM, 2 [mg/m^3]
# name 8 = timeS: Time, Elapsed [seconds]
# name 9 = latitude: Latitude [deg]
# name 10 = longitude: Longitude [deg]
# name 11 = sal00: Salinity, Practical [PSU]
# name 12 = sal11: Salinity, Practical, 2 [PSU]
# name 13 = flag: flag
# span 0 =     15.000,    226.000       
# span 1 =    -1.6332,     0.6892       
# span 2 =    -1.6345,     0.6876       
# span 3 =   0.031966,   2.949042       
# span 4 =   2.503749,   2.949005       
# span 5 =    301.540,    400.437       
# span 6 =     0.1253,     0.1681       
# span 7 =     0.1067,     0.1288       
# span 8 =    145.733,    909.558       
# span 9 =   78.88168,   79.33640       
# span 10 =  -10.08448,  -10.02414      
# span 11 =     0.3005,    34.6806      
# span 12 =    30.1056,    34.6817      
# span 13 = 0.0000e+00, 0.0000e+00      
# interval = decibars: 1                
# start_time = Sep 14 2022 13:52:16 [NMEA time, first data scan]
# bad_flag = -9.990e-29
*END*
     15.000    -1.3773    -1.3510   2.191591   2.607931    342.903     0.1389     0.1146    145.733   78.88168  -10.02740    26.8917    32.5078 0.0000e+00
     16.000    -1.2089    -1.1589   2.279580   2.607764    334.978     0.1406     0.1170    147.660   78.88169  -10.02739    27.9139    32.2970 0.0000e+00
     17.000    -1.1278    -1.1135   2.255789   2.608197    327.381     0.1418     0.1178    150.765   78.88170  -10.02738    27.5200    32.2533 0.0000e+00
     18.000    -1.1080    -1.1066   2.275344   2.607950    320.388     0.1450     0.1196    154.337   78.88170  -10.02736    27.7621    32.2419 0.0000e+00
     19.000    -1.0912    -1.0891   2.272649   2.605624    315.101     0.1464     0.1186    157.835   78.88170  -10.02734    27.7100    32.1909 0.0000e+00
     20.000    -1.0879    -1.0874   2.270333   2.601928    307.886     0.1498     0.1201    161.326   78.88170  -10.02734    27.6755    32.1382 0.0000e+00
     21.000    -1.0884    -0.6981   0.291371   2.504588    345.365     0.1538     0.1201    265.298   78.88178  -10.02687     3.1565    30.4243 0.0000e+00
     22.000    -1.1114    -0.5743   0.808344   2.506438    331.812     0.1494     0.1203    270.310   78.88180  -10.02686     9.0662    30.3244 0.0000e+00
     23.000    -1.0929    -0.8186   0.733166   2.503749    338.097     0.1570     0.1214    272.748   78.88180  -10.02685     8.1603    30.5327 0.0000e+00
     24.000    -1.0993    -0.6741   0.374036   2.504292    351.552     0.1529     0.1203    274.731   78.88180  -10.02684     4.0084    30.3934 0.0000e+00
     25.000    -1.1221    -0.4678   0.107708   2.507365    362.611     0.1548     0.1212    276.481   78.88180  -10.02683     1.0709    30.2272 0.0000e+00
     26.000    -1.1734    -0.4969   0.054319   2.511611    370.796     0.1542     0.1221    278.283   78.88180  -10.02682     0.5224    30.3125 0.0000e+00
     27.000    -1.1991    -0.2864   0.031966   2.517842    379.182     0.1480     0.1218    280.054   78.88180  -10.02681     0.3005    30.1835 0.0000e+00
     28.000    -1.1205    -0.1262   0.218525   2.531432    378.291     0.1563     0.1228    281.842   78.88180  -10.02680     2.3907    30.2026 0.0000e+00
     29.000    -1.2092     0.0026   1.276002   2.544310    355.776     0.1557     0.1235    283.608   78.88180  -10.02680    14.8525    30.2429 0.0000e+00
     30.000    -1.3553    -0.1143   1.269461   2.548570    366.003     0.1544     0.1207    285.380   78.88180  -10.02679    14.8446    30.4143 0.0000e+00
     31.000    -1.3692     0.0752   1.262840   2.553826    350.112     0.1562     0.1219    287.150   78.88180  -10.02678    14.7675    30.2942 0.0000e+00
     32.000    -1.4254     0.1676   1.265804   2.555827    344.038     0.1543     0.1241    288.914   78.88180  -10.02677    14.8327    30.2284 0.0000e+00
     33.000    -1.4884     0.1734   1.269989   2.555984    343.124     0.1593     0.1227    290.694   78.88181  -10.02676    14.9171    30.2242 0.0000e+00
     34.000    -1.4537     0.2269   1.275134   2.554764    340.967     0.1582     0.1243    292.458   78.88182  -10.02676    14.9645    30.1551 0.0000e+00
     35.000    -1.4344     0.2599   1.287259   2.553487    338.004     0.1568     0.1251    294.335   78.88182  -10.02676    15.1083    30.1056 0.0000e+00
     37.000    -1.4662    -0.1317   1.275885   2.549661    320.985     0.1600     0.1236    308.266   79.33640  -10.08448    14.9684    30.4241 0.0000e+00
     38.000    -1.4896    -0.1661   1.267085   2.532488    316.979     0.1587     0.1248    311.770   78.88182  -10.02667    14.8793    30.2504 0.0000e+00
     39.000    -1.4751    -0.1837   1.265749   2.537526    315.651     0.1564     0.1240    316.031   78.88184  -10.02666    14.8548    30.3334 0.0000e+00
     40.000    -1.5051    -1.1840   2.222548   2.536162    379.786     0.1593     0.1253    615.386   78.88210  -10.02540    27.5277    31.3437 0.0000e+00
     41.000    -1.5082    -1.5097   2.535343   2.535239    400.437     0.1630     0.1247    713.033   78.88218  -10.02500    31.6662    31.6665 0.0000e+00
     42.000    -1.5246    -1.5277   2.535335   2.535094    400.348     0.1627     0.1246    714.069   78.88218  -10.02500    31.6830    31.6830 0.0000e+00
     43.000    -1.5416    -1.5431   2.534968   2.534777    399.970     0.1625     0.1254    715.139   78.88218  -10.02499    31.6955    31.6945 0.0000e+00
     44.000    -1.5453    -1.5466   2.534953   2.534770    399.441     0.1661     0.1254    716.218   78.88218  -10.02498    31.6986    31.6975 0.0000e+00
     45.000    -1.5458    -1.5471   2.535075   2.534892    398.468     0.1668     0.1253    717.264   78.88219  -10.02498    31.7002    31.6991 0.0000e+00
     46.000    -1.5504    -1.5521   2.535039   2.534849    397.202     0.1631     0.1242    718.270   78.88220  -10.02498    31.7041    31.7032 0.0000e+00
     47.000    -1.5499    -1.5514   2.535550   2.535342    396.718     0.1613     0.1242    719.277   78.88220  -10.02497    31.7099    31.7086 0.0000e+00
     48.000    -1.5511    -1.5522   2.535797   2.535625    396.415     0.1629     0.1243    720.301   78.88220  -10.02496    31.7140    31.7129 0.0000e+00
     49.000    -1.5602    -1.5614   2.535548   2.535366    396.027     0.1625     0.1252    721.324   78.88220  -10.02496    31.7197    31.7185 0.0000e+00
     50.000    -1.5708    -1.5722   2.535141   2.534954    396.168     0.1587     0.1253    722.339   78.88220  -10.02496    31.7248    31.7238 0.0000e+00
     51.000    -1.5719    -1.5732   2.535237   2.535053    396.219     0.1606     0.1240    723.358   78.88220  -10.02496    31.7267    31.7255 0.0000e+00
     52.000    -1.5735    -1.5747   2.535276   2.535111    396.065     0.1608     0.1240    724.377   78.88220  -10.02495    31.7284    31.7274 0.0000e+00
     53.000    -1.5749    -1.5761   2.535418   2.535247    395.688     0.1598     0.1258    725.392   78.88220  -10.02494    31.7312    31.7301 0.0000e+00
     54.000    -1.5813    -1.5826   2.535273   2.535102    395.551     0.1624     0.1269    726.407   78.88220  -10.02494    31.7355    31.7344 0.0000e+00
     55.000    -1.6022    -1.6029   2.533997   2.533838    394.778     0.1629     0.1267    727.424   78.88220  -10.02494    31.7396    31.7382 0.0000e+00
     56.000    -1.6167    -1.6174   2.533074   2.532932    394.665     0.1628     0.1245    728.442   78.88220  -10.02494    31.7418    31.7406 0.0000e+00
     57.000    -1.6147    -1.6156   2.533569   2.533417    394.317     0.1644     0.1252    729.465   78.88220  -10.02493    31.7458    31.7448 0.0000e+00
     58.000    -1.6133    -1.6146   2.533920   2.533738    394.981     0.1654     0.1266    730.485   78.88220  -10.02492    31.7486    31.7475 0.0000e+00
     59.000    -1.6151    -1.6160   2.533886   2.533729    395.602     0.1658     0.1270    731.506   78.88220  -10.02492    31.7494    31.7483 0.0000e+00
     60.000    -1.6223    -1.6241   2.533514   2.533289    395.324     0.1664     0.1276    732.526   78.88220  -10.02492    31.7514    31.7502 0.0000e+00
     61.000    -1.6217    -1.6232   2.533790   2.533599    394.284     0.1634     0.1266    733.546   78.88220  -10.02490    31.7539    31.7530 0.0000e+00
     62.000    -1.6183    -1.6196   2.534210   2.534030    394.499     0.1640     0.1245    734.567   78.88220  -10.02490    31.7556    31.7545 0.0000e+00
     63.000    -1.6185    -1.6197   2.534406   2.534221    395.521     0.1641     0.1234    735.587   78.88220  -10.02490    31.7579    31.7565 0.0000e+00
     64.000    -1.6200    -1.6209   2.534610   2.534434    396.605     0.1620     0.1255    736.611   78.88220  -10.02490    31.7616    31.7602 0.0000e+00
     65.000    -1.6280    -1.6275   2.534258   2.534177    396.685     0.1642     0.1268    737.631   78.88220  -10.02488    31.7647    31.7631 0.0000e+00
     66.000    -1.6332    -1.6345   2.534142   2.533958    395.828     0.1647     0.1256    738.646   78.88220  -10.02488    31.7682    31.7670 0.0000e+00
     67.000    -1.6310    -1.6322   2.534491   2.534324    395.284     0.1633     0.1267    739.663   78.88222  -10.02488    31.7699    31.7690 0.0000e+00
     68.000    -1.6260    -1.6272   2.535173   2.535014    395.456     0.1648     0.1269    740.679   78.88222  -10.02488    31.7734    31.7725 0.0000e+00
     69.000    -1.6260    -1.6274   2.535419   2.535238    395.232     0.1665     0.1276    741.695   78.88222  -10.02488    31.7762    31.7752 0.0000e+00
     70.000    -1.6177    -1.6189   2.536340   2.536176    394.763     0.1666     0.1265    742.709   78.88222  -10.02486    31.7795    31.7785 0.0000e+00
     71.000    -1.6135    -1.6147   2.537257   2.537108    394.976     0.1674     0.1249    743.723   78.88222  -10.02486    31.7869    31.7861 0.0000e+00
     72.000    -1.6142    -1.6155   2.537669   2.537490    394.475     0.1625     0.1246    744.738   78.88222  -10.02486    31.7927    31.7917 0.0000e+00
     73.000    -1.6162    -1.6175   2.537795   2.537633    394.031     0.1618     0.1259    745.753   78.88222  -10.02486    31.7960    31.7952 0.0000e+00
     74.000    -1.6141    -1.6154   2.538180   2.538018    393.786     0.1627     0.1267    746.770   78.88222  -10.02486    31.7985    31.7976 0.0000e+00
     75.000    -1.6127    -1.6140   2.538576   2.538422    393.568     0.1637     0.1257    747.789   78.88222  -10.02484    31.8019    31.8011 0.0000e+00
     76.000    -1.6183    -1.6194   2.538507   2.538344    393.679     0.1629     0.1256    748.806   78.88222  -10.02484    31.8063    31.8053 0.0000e+00
     77.000    -1.6215    -1.6228   2.538582   2.538417    393.193     0.1616     0.1267    749.822   78.88222  -10.02484    31.8101    31.8093 0.0000e+00
     78.000    -1.6157    -1.6170   2.539391   2.539229    392.767     0.1638     0.1269    750.843   78.88222  -10.02484    31.8144    31.8137 0.0000e+00
     79.000    -1.6143    -1.6156   2.539787   2.539578    392.671     0.1675     0.1275    751.863   78.88222  -10.02482    31.8178    31.8164 0.0000e+00
     80.000    -1.6134    -1.6148   2.540267   2.540069    391.593     0.1658     0.1269    752.880   78.88222  -10.02482    31.8228    31.8216 0.0000e+00
     81.000    -1.6141    -1.6152   2.540360   2.540192    391.535     0.1620     0.1261    753.899   78.88222  -10.02482    31.8243    31.8231 0.0000e+00
     82.000    -1.6127    -1.6140   2.541034   2.540856    392.187     0.1622     0.1270    754.919   78.88222  -10.02482    31.8314    31.8304 0.0000e+00
     83.000    -1.6115    -1.6128   2.541700   2.541545    392.332     0.1659     0.1268    755.935   78.88222  -10.02482    31.8388    31.8380 0.0000e+00
     84.000    -1.6173    -1.6186   2.541770   2.541602    392.477     0.1658     0.1254    756.954   78.88222  -10.02480    31.8453    31.8445 0.0000e+00
     85.000    -1.6168    -1.6182   2.542226   2.542060    391.747     0.1662     0.1255    757.973   78.88222  -10.02480    31.8505    31.8496 0.0000e+00
     86.000    -1.6127    -1.6139   2.543037   2.542884    390.883     0.1666     0.1254    758.991   78.88222  -10.02480    31.8566    31.8559 0.0000e+00
     87.000    -1.6111    -1.6123   2.543579   2.543411    391.226     0.1666     0.1265    760.005   78.88222  -10.02480    31.8617    31.8607 0.0000e+00
     88.000    -1.6114    -1.6126   2.543907   2.543727    391.764     0.1652     0.1253    761.025   78.88222  -10.02478    31.8660    31.8648 0.0000e+00
     89.000    -1.6101    -1.6115   2.544717   2.544544    391.055     0.1639     0.1248    762.044   78.88222  -10.02478    31.8752    31.8743 0.0000e+00
     90.000    -1.6088    -1.6101   2.545294   2.545136    390.036     0.1654     0.1257    763.061   78.88223  -10.02478    31.8812    31.8804 0.0000e+00
     91.000    -1.6076    -1.6089   2.545683   2.545525    389.338     0.1647     0.1259    764.078   78.88224  -10.02478    31.8846    31.8838 0.0000e+00
     92.000    -1.6074    -1.6086   2.546293   2.546128    388.867     0.1675     0.1270    765.097   78.88224  -10.02477    31.8922    31.8912 0.0000e+00
     93.000    -1.6066    -1.6079   2.546934   2.546778    388.117     0.1656     0.1268    766.115   78.88224  -10.02476    31.8996    31.8988 0.0000e+00
     94.000    -1.6057    -1.6069   2.547973   2.547821    388.563     0.1658     0.1244    767.135   78.88224  -10.02476    31.9123    31.9115 0.0000e+00
     95.000    -1.6047    -1.6060   2.548803   2.548641    388.902     0.1681     0.1266    768.159   78.88224  -10.02476    31.9220    31.9212 0.0000e+00
     96.000    -1.6052    -1.6065   2.548963   2.548792    388.590     0.1672     0.1259    769.180   78.88224  -10.02475    31.9242    31.9232 0.0000e+00
     97.000    -1.6066    -1.6078   2.549076   2.548918    388.167     0.1661     0.1254    770.195   78.88224  -10.02474    31.9267    31.9257 0.0000e+00
     98.000    -1.6098    -1.6112   2.549922   2.549768    387.622     0.1656     0.1247    771.210   78.88224  -10.02474    31.9411    31.9405 0.0000e+00
     99.000    -1.6079    -1.6092   2.551046   2.550887    386.520     0.1639     0.1254    772.223   78.88224  -10.02474    31.9539    31.9531 0.0000e+00
    100.000    -1.6079    -1.6092   2.552132   2.551978    386.209     0.1626     0.1270    773.239   78.88224  -10.02474    31.9683    31.9676 0.0000e+00
    101.000    -1.6106    -1.6119   2.552662   2.552492    386.354     0.1669     0.1269    774.253   78.88224  -10.02473    31.9779    31.9769 0.0000e+00
    102.000    -1.6085    -1.6099   2.553549   2.553390    385.342     0.1634     0.1268    775.273   78.88224  -10.02472    31.9873    31.9865 0.0000e+00
    103.000    -1.6024    -1.6039   2.554833   2.554673    384.324     0.1664     0.1257    776.289   78.88224  -10.02472    31.9977    31.9971 0.0000e+00
    104.000    -1.5920    -1.5934   2.557035   2.556900    384.253     0.1666     0.1268    777.304   78.88224  -10.02472    32.0162    32.0158 0.0000e+00
    105.000    -1.5861    -1.5873   2.559173   2.559019    384.322     0.1664     0.1288    778.319   78.88224  -10.02471    32.0387    32.0378 0.0000e+00
    106.000    -1.5787    -1.5803   2.562375   2.562217    383.838     0.1632     0.1276    779.338   78.88224  -10.02470    32.0742    32.0737 0.0000e+00
    107.000    -1.5658    -1.5673   2.565028   2.564889    383.771     0.1641     0.1261    780.359   78.88224  -10.02470    32.0962    32.0958 0.0000e+00
    108.000    -1.5573    -1.5585   2.567657   2.567570    382.994     0.1655     0.1262    781.374   78.88224  -10.02470    32.1226    32.1226 0.0000e+00
    109.000    -1.5558    -1.5572   2.569411   2.569286    381.822     0.1644     0.1272    782.384   78.88224  -10.02470    32.1445    32.1443 0.0000e+00
    110.000    -1.5348    -1.5360   2.573033   2.572939    380.540     0.1638     0.1277    783.402   78.88224  -10.02469    32.1710    32.1710 0.0000e+00
    111.000    -1.5290    -1.5302   2.576003   2.575863    379.768     0.1649     0.1269    784.418   78.88224  -10.02468    32.2049    32.2043 0.0000e+00
    112.000    -1.5290    -1.5303   2.578256   2.578087    378.567     0.1636     0.1269    785.440   78.88224  -10.02468    32.2352    32.2344 0.0000e+00
    113.000    -1.5210    -1.5228   2.581006   2.580760    377.146     0.1665     0.1256    786.456   78.88224  -10.02468    32.2638    32.2624 0.0000e+00
    114.000    -1.5049    -1.5064   2.585699   2.585529    375.899     0.1667     0.1267    787.468   78.88225  -10.02467    32.3102    32.3095 0.0000e+00
    115.000    -1.4990    -1.5004   2.587632   2.587494    374.242     0.1673     0.1276    788.483   78.88226  -10.02466    32.3298    32.3294 0.0000e+00
    116.000    -1.4872    -1.4888   2.591443   2.591254    373.136     0.1616     0.1287    789.502   78.88226  -10.02466    32.3687    32.3679 0.0000e+00
    117.000    -1.4682    -1.4697   2.598048   2.597901    372.185     0.1665     0.1274    790.514   78.88226  -10.02466    32.4382    32.4378 0.0000e+00
    118.000    -1.4560    -1.4576   2.601935   2.601761    371.419     0.1666     0.1260    791.527   78.88226  -10.02464    32.4776    32.4770 0.0000e+00
