test_project/cnv_files/014_bin.cnv
* Sea-Bird SBE 9 Data File:
* FileName = C:\Documents and Settings\ctd\Desktop\FS2022\data\014.hex
* Software Version Seasave V 7.21b
* Temperature SN = 2400
* Conductivity SN = 3447
* Number of Bytes Per Scan = 48
* Number of Voltage Words = 5
* Number of Scans Averaged by the Deck Unit = 1
* NMEA Latitude = 78 52.89 N
* NMEA Longitude = 010 01.67 W
* NMEA UTC (Time) = Sep 14 2022  13:52:16
* NMEA baud rate = 4800
** Cruise: FS 2022
** Ship: Silver Arctic
** Station (File Number):  014
** Latitude:
** Longitude:
** Echodepth (m):
** Seastate:
# nquan = 14
# nvalues = 211                         
# units = specified
# name 0 = prDM: Pressure, Digiquartz [db]
# name 1 = t090C: Temperature [ITS-90, deg C]
# name 2 = t190C: Temperature, 2 [ITS-90, deg C]
# name 3 = c0S/m: Conductivity [S/m]
# name 4 = c1S/m: Conductivity, 2 [S/m]
# name 5 = sbox0Mm/Kg: Oxygen, SBE 43 [umol/kg]
# name 6 = wetCDOM: Fluorescence, WET Labs CDOM [mg/m^3]
# name 7 = wetCDOM1: Fluorescence, WET Labs CDOM, 2 [mg/m^3]
# name 8 = timeS: Time, Elapsed [seconds]
# name 9 = latitude: Latitude [deg]
# name 10 = longitude: Longitude [deg]
# name 11 = sal00: Salinity, Practical [PSU]
# name 12 = sal11: Salinity, Practical, 2 [PSU]
# name 13 = flag: flag
# span 0 =     15.000,    226.000       
# span 1 =    -1.6332,     0.6892       
# span 2 =    -1.6345,     0.6876       
# span 3 =   0.031966,   2.949042       
# span 4 =   2.503749,   2.949005       
# span 5 =    301.540,    400.437       
# span 6 =     0.1253,     0.1681       
# span 7 =     0.1067,     0.1288       
# span 8 =    145.733,    909.558       
# span 9 =   78.88168,   79.33640       
# span 10 =  -10.08448,  -10.02414      
# span 11 =     0.3005,    34.6806      
# span 12 =    30.1056,    34.6817      
# span 13 = 0.0000e+00, 0.0000e+00      
# interval = decibars: 1                
# start_time = Sep 14 2022 13:52:16 [NMEA time, first data scan]
# bad_flag = -9.990e-29
*END*
[from data line 104]
    120.000    -1.4329    -1.4344   2.608616   2.608475    369.135     0.1662     0.1271    793.559   78.88226  -10.02464    32.5429    32.5426 0.0000e+00
    121.000    -1.4029    -1.4049   2.617355   2.617146    367.161     0.1659     0.1278    794.570   78.88226  -10.02464    32.6294    32.6288 0.0000e+00
    122.000    -1.3714    -1.3732   2.626747   2.626547    365.206     0.1675     0.1271    795.583   78.88226  -10.02464    32.7232    32.7224 0.0000e+00
    123.000    -1.3652    -1.3665   2.628698   2.628572    363.844     0.1666     0.1280    796.594   78.88226  -10.02462    32.7425    32.7422 0.0000e+00
    124.000    -1.3557    -1.3578   2.631942   2.631636    361.791     0.1665     0.1272    797.604   78.88226  -10.02462    32.7759    32.7740 0.0000e+00
    125.000    -1.3320    -1.3340   2.639053   2.638818    359.973     0.1665     0.1275    798.618   78.88226  -10.02462    32.8467    32.8457 0.0000e+00
    126.000    -1.3170    -1.3185   2.642580   2.642465    358.986     0.1629     0.1267    799.637   78.88226  -10.02462    32.8779    32.8780 0.0000e+00
    127.000    -1.3093    -1.3108   2.644381   2.644270    358.265     0.1618     0.1254    800.654   78.88226  -10.02462    32.8935    32.8936 0.0000e+00
    128.000    -1.2990    -1.3004   2.646982   2.646862    357.244     0.1623     0.1258    801.667   78.88226  -10.02460    32.9172    32.9171 0.0000e+00
    129.000    -1.2907    -1.2924   2.649236   2.649040    355.948     0.1634     0.1271    802.690   78.88226  -10.02460    32.9383    32.9374 0.0000e+00
    130.000    -1.2847    -1.2864   2.652663   2.652523    355.362     0.1620     0.1280    803.702   78.88226  -10.02460    32.9779    32.9779 0.0000e+00
    131.000    -1.2501    -1.2530   2.659694   2.659321    354.012     0.1600     0.1279    804.711   78.88226  -10.02460    33.0353    33.0334 0.0000e+00
    132.000    -1.2160    -1.2183   2.668196   2.667899    352.727     0.1641     0.1248    805.723   78.88226  -10.02460    33.1133    33.1117 0.0000e+00
    133.000    -1.2097    -1.2112   2.671043   2.670898    352.524     0.1654     0.1242    806.737   78.88226  -10.02458    33.1446    33.1442 0.0000e+00
    134.000    -1.1948    -1.1969   2.674392   2.674232    351.457     0.1640     0.1249    807.752   78.88226  -10.02458    33.1732    33.1734 0.0000e+00
    135.000    -1.1745    -1.1750   2.679169   2.679018    349.319     0.1600     0.1249    808.761   78.88226  -10.02458    33.2154    33.2139 0.0000e+00
    136.000    -1.1938    -1.1953   2.682147   2.681824    348.025     0.1576     0.1242    809.781   78.88228  -10.02458    33.2768    33.2741 0.0000e+00
    137.000    -1.1711    -1.1732   2.688011   2.687778    346.566     0.1566     0.1239    810.798   78.88228  -10.02456    33.3311    33.3302 0.0000e+00
    138.000    -1.1525    -1.1537   2.692187   2.692095    344.864     0.1611     0.1230    811.812   78.88228  -10.02456    33.3667    33.3669 0.0000e+00
    139.000    -1.1736    -1.1732   2.693261   2.693104    344.555     0.1617     0.1232    812.826   78.88228  -10.02456    33.4043    33.4017 0.0000e+00
    140.000    -1.1816    -1.1835   2.696132   2.695966    343.849     0.1605     0.1253    813.839   78.88228  -10.02456    33.4519    33.4517 0.0000e+00
    141.000    -1.1540    -1.1543   2.699436   2.699468    342.301     0.1596     0.1234    814.855   78.88228  -10.02456    33.4656    33.4664 0.0000e+00
    142.000    -1.1369    -1.1412   2.701599   2.701216    342.100     0.1552     0.1241    815.877   78.88228  -10.02454    33.4755    33.4750 0.0000e+00
    143.000    -1.1150    -1.1163   2.704745   2.704649    342.846     0.1571     0.1219    816.896   78.88228  -10.02454    33.4933    33.4935 0.0000e+00
    144.000    -1.0579    -1.0622   2.711406   2.711078    342.263     0.1613     0.1220    817.917   78.88228  -10.02454    33.5197    33.5201 0.0000e+00
    145.000    -1.0121    -1.0139   2.716453   2.716324    341.411     0.1596     0.1218    818.941   78.88228  -10.02454    33.5368    33.5370 0.0000e+00
    146.000    -1.0712    -1.0688   2.712860   2.712952    342.028     0.1555     0.1210    819.959   78.88228  -10.02454    33.5532    33.5518 0.0000e+00
    147.000    -1.0538    -1.0575   2.715860   2.715591    340.333     0.1532     0.1219    820.980   78.88228  -10.02452    33.5741    33.5745 0.0000e+00
    148.000    -1.0136    -1.0160   2.720370   2.720153    337.094     0.1519     0.1217    822.004   78.88228  -10.02452    33.5899    33.5896 0.0000e+00
    149.000    -1.0149    -1.0164   2.720820   2.720673    337.067     0.1522     0.1206    823.024   78.88228  -10.02452    33.5968    33.5965 0.0000e+00
    150.000    -1.0129    -1.0144   2.721473   2.721356    337.945     0.1527     0.1207    824.052   78.88228  -10.02451    33.6029    33.6029 0.0000e+00
    151.000    -1.0220    -1.0229   2.721433   2.721322    336.786     0.1536     0.1217    825.078   78.88228  -10.02450    33.6119    33.6113 0.0000e+00
    152.000    -1.0020    -1.0055   2.725119   2.724863    335.345     0.1554     0.1209    826.102   78.88228  -10.02450    33.6391    33.6395 0.0000e+00
    153.000    -0.9694    -0.9710   2.728779   2.728650    334.292     0.1556     0.1206    827.127   78.88228  -10.02450    33.6517    33.6518 0.0000e+00
    154.000    -0.9586    -0.9611   2.730682   2.730456    334.456     0.1538     0.1199    828.157   78.88228  -10.02450    33.6649    33.6647 0.0000e+00
    155.000    -0.9419    -0.9432   2.733576   2.733490    334.556     0.1537     0.1200    829.186   78.88228  -10.02449    33.6849    33.6852 0.0000e+00
    156.000    -0.9449    -0.9464   2.733633   2.733526    333.729     0.1528     0.1210    830.209   78.88228  -10.02448    33.6884    33.6887 0.0000e+00
    157.000    -0.9474    -0.9484   2.733530   2.733445    332.772     0.1536     0.1216    831.232   78.88229  -10.02448    33.6892    33.6892 0.0000e+00
    158.000    -0.9504    -0.9517   2.733355   2.733252    331.669     0.1547     0.1206    832.261   78.88230  -10.02448    33.6896    33.6897 0.0000e+00
    159.000    -0.9567    -0.9577   2.734942   2.734793    331.253     0.1541     0.1194    833.288   78.88230  -10.02447    33.7176    33.7167 0.0000e+00
    160.000    -0.9728    -0.9721   2.735164   2.735109    331.272     0.1561     0.1195    834.313   78.88230  -10.02446    33.7381    33.7365 0.0000e+00
    161.000    -0.9199    -0.9268   2.742048   2.741570    330.956     0.1552     0.1194    835.336   78.88230  -10.02446    33.7717    33.7729 0.0000e+00
    162.000    -0.8404    -0.8451   2.751012   2.750554    330.805     0.1505     0.1183    836.362   78.88230  -10.02446    33.8035    33.8026 0.0000e+00
    163.000    -0.7978    -0.8031   2.756903   2.756382    332.251     0.1472     0.1197    837.385   78.88230  -10.02446    33.8350    33.8338 0.0000e+00
    164.000    -0.7683    -0.7717   2.761672   2.761305    332.472     0.1492     0.1191    838.413   78.88230  -10.02445    33.8658    33.8645 0.0000e+00
    165.000    -0.7564    -0.7589   2.765273   2.764945    330.237     0.1516     0.1185    839.437   78.88230  -10.02444    33.9005    33.8988 0.0000e+00
    166.000    -0.7316    -0.7349   2.769429   2.769107    327.021     0.1467     0.1194    840.462   78.88230  -10.02444    33.9282    33.9275 0.0000e+00
    167.000    -0.7188    -0.7209   2.771734   2.771576    325.429     0.1456     0.1187    841.500   78.88230  -10.02444    33.9443    33.9445 0.0000e+00
    168.000    -0.7277    -0.7283   2.771631   2.771570    324.985     0.1436     0.1173    842.544   78.88230  -10.02444    33.9523    33.9522 0.0000e+00
    169.000    -0.7275    -0.7306   2.772399   2.772160    323.802     0.1484     0.1178    843.587   78.88230  -10.02442    33.9619    33.9621 0.0000e+00
    170.000    -0.6936    -0.6974   2.776239   2.775905    322.697     0.1500     0.1172    844.625   78.88230  -10.02442    33.9750    33.9748 0.0000e+00
    171.000    -0.6782    -0.6812   2.778203   2.777963    322.857     0.1449     0.1178    845.670   78.88230  -10.02442    33.9836    33.9837 0.0000e+00
    172.000    -0.6633    -0.6658   2.780204   2.780005    323.270     0.1423     0.1173    846.715   78.88230  -10.02442    33.9932    33.9933 0.0000e+00
    173.000    -0.6437    -0.6472   2.783051   2.782716    322.327     0.1443     0.1160    847.757   78.88230  -10.02440    34.0090    34.0084 0.0000e+00
    174.000    -0.6090    -0.6130   2.788082   2.787721    321.453     0.1443     0.1172    848.805   78.88230  -10.02440    34.0372    34.0368 0.0000e+00
    175.000    -0.5875    -0.5902   2.791034   2.790841    321.091     0.1444     0.1165    849.850   78.88230  -10.02440    34.0521    34.0525 0.0000e+00
    176.000    -0.5570    -0.5605   2.794972   2.794692    320.122     0.1434     0.1149    850.889   78.88230  -10.02440    34.0703    34.0704 0.0000e+00
    177.000    -0.5140    -0.5185   2.800133   2.799777    319.203     0.1399     0.1147    851.921   78.88230  -10.02440    34.0907    34.0910 0.0000e+00
    178.000    -0.4705    -0.4750   2.805212   2.804869    318.427     0.1413     0.1154    852.964   78.88230  -10.02438    34.1094    34.1098 0.0000e+00
    179.000    -0.4431    -0.4465   2.808573   2.808297    317.812     0.1434     0.1153    854.007   78.88232  -10.02438    34.1231    34.1232 0.0000e+00
    180.000    -0.4239    -0.4271   2.811281   2.811025    316.619     0.1447     0.1151    855.047   78.88232  -10.02438    34.1372    34.1373 0.0000e+00
    181.000    -0.4059    -0.4092   2.814005   2.813659    314.997     0.1486     0.1130    856.086   78.88232  -10.02437    34.1528    34.1519 0.0000e+00
    182.000    -0.4005    -0.4018   2.815655   2.815498    313.981     0.1436     0.1152    857.125   78.88232  -10.02436    34.1683    34.1677 0.0000e+00
    183.000    -0.4172    -0.4184   2.815420   2.815302    313.024     0.1421     0.1146    858.160   78.88232  -10.02436    34.1832    34.1831 0.0000e+00
    184.000    -0.3992    -0.4015   2.817723   2.817568    311.944     0.1437     0.1152    859.201   78.88232  -10.02436    34.1933    34.1938 0.0000e+00
    185.000    -0.3927    -0.3948   2.818698   2.818541    312.022     0.1452     0.1146    860.241   78.88232  -10.02436    34.1984    34.1986 0.0000e+00
    186.000    -0.3732    -0.3766   2.821737   2.821431    312.374     0.1439     0.1134    861.279   78.88232  -10.02435    34.2166    34.2163 0.0000e+00
    187.000    -0.3703    -0.3714   2.822809   2.822719    312.483     0.1418     0.1139    862.311   78.88232  -10.02434    34.2270    34.2271 0.0000e+00
    188.000    -0.3733    -0.3745   2.823008   2.822916    312.659     0.1377     0.1149    863.351   78.88232  -10.02434    34.2325    34.2326 0.0000e+00
    189.000    -0.3708    -0.3729   2.823654   2.823515    312.675     0.1346     0.1145    864.398   78.88232  -10.02434    34.2377    34.2381 0.0000e+00
    190.000    -0.3605    -0.3627   2.825022   2.824861    312.193     0.1367     0.1129    865.439   78.88232  -10.02434    34.2438    34.2441 0.0000e+00
    191.000    -0.3540    -0.3558   2.826250   2.826103    311.827     0.1394     0.1129    866.482   78.88232  -10.02433    34.2523    34.2524 0.0000e+00
    192.000    -0.3419    -0.3453   2.828212   2.827948    312.277     0.1372     0.1131    867.521   78.88232  -10.02432    34.2643    34.2646 0.0000e+00
    193.000    -0.2588    -0.2675   2.837172   2.836433    311.717     0.1401     0.1144    868.558   78.88232  -10.02432    34.2899    34.2899 0.0000e+00
    194.000    -0.2032    -0.2132   2.842877   2.842103    312.372     0.1367     0.1132    869.598   78.88232  -10.02432    34.3028    34.3037 0.0000e+00
    195.000    -0.1435    -0.1473   2.849412   2.849124    312.522     0.1403     0.1121    870.634   78.88232  -10.02430    34.3220    34.3225 0.0000e+00
    196.000    -0.1226    -0.1245   2.852219   2.852148    312.537     0.1366     0.1107    871.670   78.88232  -10.02430    34.3353    34.3365 0.0000e+00
    197.000    -0.0956    -0.0997   2.856127   2.855807    309.752     0.1368     0.1131    872.705   78.88232  -10.02430    34.3563    34.3566 0.0000e+00
    198.000    -0.0519    -0.0571   2.861417   2.860995    306.358     0.1365     0.1130    873.741   78.88232  -10.02430    34.3768    34.3770 0.0000e+00
    199.000    -0.0016    -0.0070   2.867551   2.867094    304.676     0.1368     0.1124    874.774   78.88234  -10.02430    34.4010    34.4010 0.0000e+00
    200.000     0.0210     0.0179   2.870276   2.870070    304.711     0.1366     0.1121    875.808   78.88234  -10.02428    34.4112    34.4119 0.0000e+00
    201.000     0.0335     0.0307   2.871760   2.871578    305.212     0.1349     0.1107    876.849   78.88234  -10.02428    34.4161    34.4169 0.0000e+00
    202.000     0.0575     0.0538   2.874697   2.874412    304.736     0.1355     0.1120    877.885   78.88234  -10.02428    34.4274    34.4279 0.0000e+00
    203.000     0.0826     0.0779   2.877769   2.877390    303.917     0.1383     0.1131    878.924   78.88234  -10.02428    34.4392    34.4395 0.0000e+00
    204.000     0.1366     0.1307   2.884181   2.883695    302.972     0.1385     0.1128    879.963   78.88234  -10.02428    34.4627    34.4629 0.0000e+00
    205.000     0.1906     0.1839   2.890565   2.890004    302.878     0.1382     0.1119    880.998   78.88234  -10.02426    34.4857    34.4858 0.0000e+00
    206.000     0.2610     0.2538   2.898801   2.898217    302.941     0.1340     0.1105    882.041   78.88234  -10.02426    34.5146    34.5150 0.0000e+00
    207.000     0.2988     0.2959   2.903229   2.903060    303.420     0.1364     0.1105    883.085   78.88234  -10.02426    34.5298    34.5308 0.0000e+00
    208.000     0.3172     0.3144   2.905506   2.905356    303.801     0.1301     0.1122    884.131   78.88234  -10.02425    34.5384    34.5396 0.0000e+00
    209.000     0.3305     0.3284   2.907113   2.907014    303.610     0.1277     0.1107    885.168   78.88234  -10.02424    34.5440    34.5452 0.0000e+00
    210.000     0.3440     0.3412   2.908841   2.908681    303.695     0.1325     0.1088    886.213   78.88234  -10.02424    34.5510    34.5520 0.0000e+00
    211.000     0.3587     0.3556   2.910571   2.910381    302.537     0.1324     0.1080    887.252   78.88234  -10.02424    34.5566    34.5577 0.0000e+00
    212.000     0.3670     0.3652   2.911574   2.911501    302.003     0.1322     0.1088    888.287   78.88234  -10.02424    34.5599    34.5610 0.0000e+00
    213.000     0.3706     0.3681   2.912071   2.911919    302.438     0.1352     0.1104    889.324   78.88234  -10.02423    34.5618    34.5626 0.0000e+00
    214.000     0.4111     0.4007   2.916717   2.915771    302.489     0.1331     0.1100    890.366   78.88234  -10.02422    34.5766    34.5759 0.0000e+00
    215.000     0.5058     0.4954   2.927626   2.926634    301.840     0.1301     0.1081    891.407   78.88234  -10.02422    34.6127    34.6114 0.0000e+00
    216.000     0.5451     0.5452   2.932504   2.932719    302.037     0.1287     0.1102    892.442   78.88234  -10.02422    34.6318    34.6345 0.0000e+00
    217.000     0.5822     0.5790   2.936852   2.936663    302.452     0.1253     0.1093    893.483   78.88234  -10.02422    34.6463    34.6476 0.0000e+00
    218.000     0.6070     0.6034   2.939794   2.939555    302.635     0.1276     0.1075    894.525   78.88234  -10.02421    34.6564    34.6573 0.0000e+00
    219.000     0.6177     0.6159   2.941171   2.941109    302.343     0.1311     0.1087    895.565   78.88234  -10.02420    34.6617    34.6630 0.0000e+00
    220.000     0.6222     0.6200   2.941733   2.941612    302.420     0.1314     0.1092    896.698   78.88236  -10.02420    34.6635    34.6643 0.0000e+00
    221.000     0.6303     0.6283   2.942711   2.942624    302.443     0.1297     0.1088    898.070   78.88236  -10.02419    34.6665    34.6676 0.0000e+00
