test_project/cnv_files/015_bin.cnv
* Sea-Bird SBE 9 Data File:
* FileName = C:\Documents and Settings\ctd\Desktop\FS2022\data\015.hex
* Software Version Seasave V 7.21b
* Temperature SN = 2400
* Conductivity SN = 3447
* Number of Bytes Per Scan = 48
* Number of Voltage Words = 5
* Number of Scans Averaged by the Deck Unit = 1
* NMEA Latitude = 78 49.03 N
* NMEA Longitude = 006 30.10 W
* NMEA UTC (Time) = Sep 15 2022  08:21:54
* NMEA baud rate = 4800
** Cruise: FS 2022
** Ship: Silver Arctic
** Station (File Number):  015
** Latitude:
** Longitude:
** Echodepth (m):
** Seastate:
# nquan = 14
# nvalues = 265                         
# units = specified
# name 0 = prDM: Pressure, Digiquartz [db]
# name 1 = t090C: Temperature [ITS-90, deg C]
# name 2 = t190C: Temperature, 2 [ITS-90, deg C]
# name 3 = c0S/m: Conductivity [S/m]
# name 4 = c1S/m: Conductivity, 2 [S/m]
# name 5 = sbox0Mm/Kg: Oxygen, SBE 43 [umol/kg]
# name 6 = wetCDOM: Fluorescence, WET Labs CDOM [mg/m^3]
# name 7 = wetCDOM1: Fluorescence, WET Labs CDOM, 2 [mg/m^3]
# name 8 = timeS: Time, Elapsed [seconds]
# name 9 = latitude: Latitude [deg]
# name 10 = longitude: Longitude [deg]
# name 11 = sal00: Salinity, Practical [PSU]
# name 12 = sal11: Salinity, Practical, 2 [PSU]
# name 13 = flag: flag
# span 0 =      2.000,    266.000       
# span 1 =    -1.6295,     1.5041       
# span 2 =    -1.6304,     1.5033       
# span 3 =   2.388596,   3.029654       
# span 4 =   2.388079,   3.029655       
# span 5 =    302.188,    540.955       
# span 6 =     0.1136,     0.1706       
# span 7 =     0.1017,     0.1298       
# span 8 =    537.004,    852.903       
# span 9 =   78.81543,   78.81590       
# span 10 =   -6.50172,   -6.50092      
# span 11 =    29.7766,    34.8511      
# span 12 =    29.7704,    34.8514      
# span 13 = 0.0000e+00, 0.0000e+00      
# interval = decibars: 1                
# start_time = Sep 15 2022 08:21:54 [NMEA time, first data scan]
# bad_flag = -9.990e-29
*END*
[from data line 207]
    209.000     1.3061     1.3111   3.008297   3.009017    303.912     0.1241     0.1040    781.192   78.81556   -6.50142    34.7668    34.7705 0.0000e+00
    210.000     1.4054     1.4053   3.018108   3.018284    304.408     0.1236     0.1031    782.253   78.81556   -6.50143    34.7814    34.7838 0.0000e+00
    211.000     1.4606     1.4566   3.023676   3.023453    305.884     0.1229     0.1042    783.313   78.81556   -6.50144    34.7906    34.7921 0.0000e+00
    212.000     1.4835     1.4826   3.026061   3.026074    306.776     0.1225     0.1050    784.377   78.81556   -6.50145    34.7950    34.7961 0.0000e+00
    213.000     1.4815     1.4812   3.025947   3.025998    307.016     0.1208     0.1030    785.442   78.81556   -6.50146    34.7952    34.7962 0.0000e+00
    214.000     1.4672     1.4704   3.024718   3.025057    307.238     0.1168     0.1029    786.514   78.81556   -6.50146    34.7948    34.7955 0.0000e+00
    215.000     1.4553     1.4546   3.023704   3.023687    307.813     0.1155     0.1032    787.582   78.81556   -6.50148    34.7945    34.7950 0.0000e+00
    216.000     1.4918     1.4842   3.027594   3.026918    307.740     0.1222     0.1040    788.658   78.81554   -6.50148    34.8030    34.8028 0.0000e+00
    217.000     1.4940     1.4918   3.028088   3.027943    307.610     0.1171     0.1033    789.744   78.81554   -6.50148    34.8063    34.8069 0.0000e+00
    218.000     1.4678     1.4664   3.025713   3.025631    307.891     0.1136     0.1038    790.835   78.81554   -6.50150    34.8045    34.8049 0.0000e+00
    219.000     1.4507     1.4489   3.024170   3.024053    308.181     0.1155     0.1043    791.924   78.81554   -6.50150    34.8032    34.8037 0.0000e+00
    220.000     1.4524     1.4512   3.024429   3.024378    307.116     0.1150     0.1043    793.015   78.81554   -6.50150    34.8040    34.8047 0.0000e+00
    221.000     1.4682     1.4669   3.026016   3.025972    306.745     0.1208     0.1027    794.107   78.81554   -6.50151    34.8062    34.8070 0.0000e+00
    222.000     1.4950     1.4940   3.028661   3.028669    306.555     0.1194     0.1029    795.195   78.81554   -6.50152    34.8096    34.8107 0.0000e+00
    223.000     1.5041     1.5033   3.029654   3.029655    306.878     0.1152     0.1036    796.281   78.81554   -6.50152    34.8115    34.8124 0.0000e+00
    224.000     1.5015     1.5007   3.029553   3.029523    307.332     0.1174     0.1030    797.369   78.81554   -6.50153    34.8125    34.8130 0.0000e+00
    225.000     1.4644     1.4623   3.026190   3.026015    307.083     0.1201     0.1034    798.456   78.81553   -6.50154    34.8102    34.8103 0.0000e+00
    226.000     1.4696     1.4679   3.026825   3.026740    307.179     0.1214     0.1040    799.543   78.81552   -6.50154    34.8120    34.8128 0.0000e+00
    227.000     1.4862     1.4853   3.028541   3.028503    307.452     0.1184     0.1034    800.626   78.81552   -6.50154    34.8148    34.8153 0.0000e+00
    228.000     1.4803     1.4793   3.028174   3.028109    307.578     0.1177     0.1025    801.701   78.81552   -6.50156    34.8162    34.8164 0.0000e+00
    229.000     1.4336     1.4352   3.024214   3.024310    307.601     0.1188     0.1041    802.741   78.81552   -6.50156    34.8169    34.8163 0.0000e+00
    230.000     1.3628     1.3615   3.018180   3.018054    308.045     0.1169     0.1029    803.746   78.81552   -6.50156    34.8178    34.8177 0.0000e+00
    231.000     1.3976     1.3956   3.021958   3.021860    307.213     0.1162     0.1023    804.749   78.81552   -6.50156    34.8269    34.8278 0.0000e+00
    232.000     1.4210     1.4194   3.024392   3.024297    306.374     0.1194     0.1028    805.757   78.81552   -6.50156    34.8313    34.8319 0.0000e+00
    233.000     1.4185     1.4167   3.024479   3.024365    306.918     0.1198     0.1038    806.760   78.81552   -6.50158    34.8346    34.8352 0.0000e+00
    234.000     1.4110     1.4096   3.024188   3.024097    307.169     0.1174     0.1036    807.761   78.81550   -6.50158    34.8387    34.8390 0.0000e+00
    235.000     1.4094     1.4081   3.024175   3.024093    307.362     0.1190     0.1035    808.771   78.81550   -6.50158    34.8397    34.8401 0.0000e+00
    236.000     1.4054     1.4044   3.023907   3.023840    308.137     0.1140     0.1034    809.792   78.81550   -6.50158    34.8402    34.8404 0.0000e+00
    237.000     1.4013     1.4000   3.023669   3.023573    308.787     0.1181     0.1019    810.817   78.81550   -6.50160    34.8411    34.8413 0.0000e+00
    238.000     1.3987     1.3975   3.023513   3.023429    308.567     0.1165     0.1022    811.861   78.81550   -6.50160    34.8414    34.8417 0.0000e+00
    239.000     1.3830     1.3838   3.022255   3.022308    308.257     0.1185     0.1030    812.918   78.81550   -6.50160    34.8422    34.8420 0.0000e+00
    240.000     1.3602     1.3591   3.020395   3.020314    308.782     0.1199     0.1041    813.985   78.81550   -6.50161    34.8432    34.8434 0.0000e+00
    241.000     1.3502     1.3501   3.019586   3.019563    307.920     0.1185     0.1030    815.057   78.81550   -6.50162    34.8434    34.8432 0.0000e+00
    242.000     1.3144     1.3136   3.016649   3.016585    307.588     0.1152     0.1040    816.135   78.81550   -6.50162    34.8451    34.8452 0.0000e+00
    243.000     1.2924     1.2930   3.014821   3.014825    307.667     0.1162     0.1044    817.222   78.81549   -6.50162    34.8456    34.8450 0.0000e+00
    244.000     1.2385     1.2410   3.010157   3.010330    308.041     0.1192     0.1041    818.307   78.81548   -6.50163    34.8452    34.8447 0.0000e+00
    245.000     1.1996     1.2004   3.006800   3.006841    307.926     0.1176     0.1033    819.384   78.81548   -6.50164    34.8450    34.8446 0.0000e+00
    246.000     1.1754     1.1751   3.004766   3.004705    306.777     0.1171     0.1030    820.456   78.81548   -6.50164    34.8452    34.8448 0.0000e+00
    247.000     1.1622     1.1633   3.003645   3.003723    305.447     0.1197     0.1030    821.516   78.81548   -6.50164    34.8450    34.8447 0.0000e+00
    248.000     1.1519     1.1504   3.002797   3.002683    305.185     0.1171     0.1023    822.582   78.81548   -6.50164    34.8449    34.8451 0.0000e+00
    249.000     1.1529     1.1519   3.003039   3.002936    305.130     0.1157     0.1019    823.664   78.81548   -6.50166    34.8463    34.8462 0.0000e+00
    250.000     1.1393     1.1386   3.001989   3.001910    304.946     0.1194     0.1017    824.782   78.81548   -6.50166    34.8474    34.8472 0.0000e+00
    251.000     1.1303     1.1290   3.001317   3.001205    304.911     0.1185     0.1032    826.047   78.81548   -6.50166    34.8483    34.8483 0.0000e+00
    252.000     1.1276     1.1267   3.001128   3.001048    305.102     0.1162     0.1027    827.376   78.81548   -6.50166    34.8482    34.8482 0.0000e+00
    253.000     1.1253     1.1244   3.000970   3.000905    304.954     0.1183     0.1027    828.592   78.81546   -6.50168    34.8482    34.8484 0.0000e+00
    254.000     1.1162     1.1159   3.000204   3.000189    304.718     0.1168     0.1022    829.869   78.81546   -6.50168    34.8480    34.8481 0.0000e+00
    255.000     1.1080     1.1077   2.999535   2.999509    304.815     0.1212     0.1025    831.360   78.81546   -6.50168    34.8479    34.8479 0.0000e+00
    256.000     1.1035     1.1026   2.999208   2.999140    305.180     0.1184     0.1040    832.912   78.81546   -6.50168    34.8481    34.8482 0.0000e+00
    257.000     1.1011     1.1000   2.999075   2.998992    304.902     0.1204     0.1039    834.551   78.81546   -6.50168    34.8484    34.8486 0.0000e+00
    258.000     1.0995     1.0982   2.999029   2.998929    304.876     0.1227     0.1038    836.376   78.81546   -6.50170    34.8491    34.8493 0.0000e+00
    259.000     1.0998     1.0984   2.999116   2.999019    304.882     0.1176     0.1042    838.309   78.81546   -6.50170    34.8493    34.8497 0.0000e+00
    260.000     1.0991     1.0981   2.999175   2.999088    304.828     0.1203     0.1037    840.265   78.81545   -6.50170    34.8503    34.8503 0.0000e+00
    261.000     1.0989     1.0976   2.999212   2.999120    305.119     0.1162     0.1048    842.248   78.81544   -6.50171    34.8504    34.8506 0.0000e+00
    262.000     1.0995     1.0980   2.999335   2.999218    305.402     0.1200     0.1039    844.278   78.81544   -6.50172    34.8507    34.8509 0.0000e+00
    263.000     1.0997     1.0984   2.999411   2.999322    304.315     0.1193     0.1061    846.374   78.81544   -6.50172    34.8508    34.8512 0.0000e+00
    264.000     1.0997     1.0982   2.999454   2.999343    304.718     0.1166     0.1043    848.510   78.81544   -6.50172    34.8509    34.8511 0.0000e+00
    265.000     1.0999     1.0986   2.999537   2.999449    305.208     0.1178     0.1036    850.668   78.81544   -6.50172    34.8511    34.8514 0.0000e+00
    266.000     1.0993     1.0979   2.999532   2.999442    304.902     0.1188     0.1047    852.903   78.81543   -6.50172    34.8511    34.8514 0.0000e+00
