test_project/cnv_files/015_bin.cnv
* Sea-Bird SBE 9 Data File:
* FileName = C:\Documents and Settings\ctd\Desktop\FS2022\data\015.hex
* Software Version Seasave V 7.21b
* Temperature SN = 2400
* Conductivity SN = 3447
* Number of Bytes Per Scan = 48
* Number of Voltage Words = 5
* Number of Scans Averaged by the Deck Unit = 1
* NMEA Latitude = 78 49.03 N
* NMEA Longitude = 006 30.10 W
* NMEA UTC (Time) = Sep 15 2022  08:21:54
* NMEA baud rate = 4800
** Cruise: FS 2022
** Ship: Silver Arctic
** Station (File Number):  015
** Latitude:
** Longitude:
** Echodepth (m):
** Seastate:
# nquan = 14
# nvalues = 265                         
# units = specified
# name 0 = prDM: Pressure, Digiquartz [db]
# name 1 = t090C: Temperature [ITS-90, deg C]
# name 2 = t190C: Temperature, 2 [ITS-90, deg C]
# name 3 = c0S/m: Conductivity [S/m]
# name 4 = c1S/m: Conductivity, 2 [S/m]
# name 5 = sbox0Mm/Kg: Oxygen, SBE 43 [umol/kg]
# name 6 = wetCDOM: Fluorescence, WET Labs CDOM [mg/m^3]
# name 7 = wetCDOM1: Fluorescence, WET Labs CDOM, 2 [mg/m^3]
# name 8 = timeS: Time, Elapsed [seconds]
# name 9 = latitude: Latitude [deg]
# name 10 = longitude: Longitude [deg]
# name 11 = sal00: Salinity, Practical [PSU]
# name 12 = sal11: Salinity, Practical, 2 [PSU]
# name 13 = flag: flag
# span 0 =      2.000,    266.000       
# span 1 =    -1.6295,     1.5041       
# span 2 =    -1.6304,     1.5033       
# span 3 =   2.388596,   3.029654       
# span 4 =   2.388079,   3.029655       
# span 5 =    302.188,    540.955       
# span 6 =     0.1136,     0.1706       
# span 7 =     0.1017,     0.1298       
# span 8 =    537.004,    852.903       
# span 9 =   78.81543,   78.81590       
# span 10 =   -6.50172,   -6.50092      
# span 11 =    29.7766,    34.8511      
# span 12 =    29.7704,    34.8514      
# span 13 = 0.0000e+00, 0.0000e+00      
# interval = decibars: 1                
# start_time = Sep 15 2022 08:21:54 [NMEA time, first data scan]
# bad_flag = -9.990e-29
*END*
      2.000    -1.6002    -1.5993   2.389356   2.390036    398.715     0.1601     0.1254    537.004   78.81590   -6.50134    29.7855    29.7938 0.0000e+00
      3.000    -1.6023    -1.6032   2.388596   2.388079    425.955     0.1558     0.1248    539.770   78.81590   -6.50133    29.7766    29.7704 0.0000e+00
      4.000    -1.5992    -1.5997   2.389752   2.389855    453.105     0.1580     0.1233    541.536   78.81590   -6.50132    29.7887    29.7907 0.0000e+00
      5.000    -1.5916    -1.5925   2.391460   2.391372    484.343     0.1564     0.1229    543.150   78.81590   -6.50132    29.8038    29.8036 0.0000e+00
      6.000    -1.5907    -1.5917   2.391439   2.391333    540.955     0.1521     0.1249    545.532   78.81590   -6.50131    29.8021    29.8017 0.0000e+00
      7.000    -1.5903    -1.5910   2.391539   2.391358    523.556     0.1592     0.1259    547.594   78.81588   -6.50130    29.8025    29.8007 0.0000e+00
      8.000    -1.5920    -1.5936   2.391665   2.391555    422.493     0.1563     0.1242    549.661   78.81588   -6.50130    29.8053    29.8054 0.0000e+00
      9.000    -1.5936    -1.5944   2.392237   2.392035    405.200     0.1527     0.1243    551.747   78.81588   -6.50129    29.8142    29.8123 0.0000e+00
     10.000    -1.5927    -1.5933   2.394851   2.395303    407.012     0.1560     0.1250    553.821   78.81588   -6.50128    29.8484    29.8552 0.0000e+00
     11.000    -1.5872    -1.5896   2.403330   2.401460    410.747     0.1560     0.1238    555.926   78.81588   -6.50128    29.9581    29.9351 0.0000e+00
     12.000    -1.5854    -1.5865   2.404360   2.403773    411.312     0.1526     0.1218    558.057   78.81588   -6.50127    29.9698    29.9629 0.0000e+00
     13.000    -1.5711    -1.5711   2.411029   2.411434    411.467     0.1557     0.1223    560.179   78.81588   -6.50126    30.0460    30.0515 0.0000e+00
     14.000    -1.5487    -1.5499   2.420787   2.420361    412.066     0.1521     0.1228    562.316   78.81588   -6.50126    30.1560    30.1513 0.0000e+00
     15.000    -1.5287    -1.5290   2.430535   2.430860    412.098     0.1547     0.1224    564.441   78.81588   -6.50125    30.2683    30.2730 0.0000e+00
     16.000    -1.5094    -1.5147   2.439446   2.437183    411.604     0.1537     0.1205    566.569   78.81588   -6.50124    30.3696    30.3442 0.0000e+00
     17.000    -1.4706    -1.4750   2.458407   2.456703    410.893     0.1514     0.1198    568.683   78.81588   -6.50124    30.5882    30.5694 0.0000e+00
     18.000    -1.4289    -1.4297   2.486755   2.486138    409.572     0.1476     0.1194    570.818   78.81588   -6.50122    30.9315    30.9239 0.0000e+00
     19.000    -1.4448    -1.4451   2.491136   2.490894    410.104     0.1500     0.1205    572.959   78.81588   -6.50122    31.0073    31.0043 0.0000e+00
     20.000    -1.4535    -1.4545   2.493063   2.492365    411.605     0.1499     0.1196    575.097   78.81587   -6.50122    31.0421    31.0337 0.0000e+00
     21.000    -1.4678    -1.4671   2.500922   2.500080    410.476     0.1507     0.1213    577.252   78.81586   -6.50120    31.1639    31.1517 0.0000e+00
     22.000    -1.4786    -1.4778   2.503112   2.502668    410.485     0.1521     0.1204    579.443   78.81586   -6.50120    31.2046    31.1978 0.0000e+00
     23.000    -1.5049    -1.5031   2.503047   2.502837    410.453     0.1524     0.1216    581.690   78.81586   -6.50120    31.2308    31.2260 0.0000e+00
     24.000    -1.5225    -1.5216   2.503636   2.503324    410.180     0.1531     0.1224    583.905   78.81586   -6.50118    31.2567    31.2515 0.0000e+00
     25.000    -1.5446    -1.5425   2.504158   2.503877    409.203     0.1537     0.1208    586.085   78.81586   -6.50118    31.2866    31.2805 0.0000e+00
     26.000    -1.5600    -1.5599   2.505806   2.505357    408.143     0.1544     0.1213    588.115   78.81586   -6.50118    31.3248    31.3185 0.0000e+00
     27.000    -1.5664    -1.5668   2.509167   2.508037    407.136     0.1592     0.1219    589.359   78.81586   -6.50117    31.3771    31.3619 0.0000e+00
     28.000    -1.5759    -1.5780   2.510969   2.510635    406.419     0.1582     0.1225    590.325   78.81586   -6.50116    31.4112    31.4089 0.0000e+00
     29.000    -1.5390    -1.5406   2.516576   2.516289    404.776     0.1563     0.1230    591.199   78.81586   -6.50116    31.4486    31.4464 0.0000e+00
     30.000    -1.5374    -1.5382   2.518213   2.518011    403.716     0.1582     0.1232    592.132   78.81586   -6.50116    31.4688    31.4669 0.0000e+00
     31.000    -1.5419    -1.5428   2.519502   2.519290    402.273     0.1562     0.1233    593.321   78.81586   -6.50116    31.4907    31.4887 0.0000e+00
     32.000    -1.5349    -1.5366   2.521549   2.521244    401.108     0.1555     0.1228    594.542   78.81586   -6.50116    31.5107    31.5084 0.0000e+00
     33.000    -1.5444    -1.5450   2.522522   2.522257    401.104     0.1553     0.1238    595.609   78.81586   -6.50114    31.5335    31.5305 0.0000e+00
     34.000    -1.5443    -1.5446   2.523715   2.523490    400.932     0.1557     0.1231    596.611   78.81586   -6.50114    31.5492    31.5464 0.0000e+00
     35.000    -1.5612    -1.5620   2.523091   2.522854    400.896     0.1576     0.1242    597.607   78.81586   -6.50114    31.5580    31.5556 0.0000e+00
     36.000    -1.5552    -1.5564   2.524665   2.524379    400.151     0.1598     0.1244    598.644   78.81586   -6.50114    31.5727    31.5700 0.0000e+00
     37.000    -1.5550    -1.5557   2.526336   2.526051    399.237     0.1609     0.1254    599.724   78.81586   -6.50114    31.5947    31.5916 0.0000e+00
     38.000    -1.5597    -1.5602   2.527191   2.526927    398.702     0.1564     0.1266    600.811   78.81586   -6.50114    31.6110    31.6078 0.0000e+00
     39.000    -1.5656    -1.5663   2.527957   2.527694    397.647     0.1590     0.1247    601.891   78.81586   -6.50112    31.6272    31.6242 0.0000e+00
     40.000    -1.5748    -1.5744   2.528394   2.528175    396.779     0.1590     0.1250    602.972   78.81586   -6.50112    31.6423    31.6389 0.0000e+00
     41.000    -1.5894    -1.5895   2.528416   2.528179    396.227     0.1657     0.1237    604.054   78.81586   -6.50112    31.6576    31.6544 0.0000e+00
     42.000    -1.5979    -1.5981   2.528546   2.528317    396.822     0.1599     0.1246    605.134   78.81586   -6.50112    31.6678    31.6649 0.0000e+00
     43.000    -1.6048    -1.6052   2.528719   2.528482    396.838     0.1572     0.1264    606.213   78.81586   -6.50112    31.6769    31.6741 0.0000e+00
     44.000    -1.6077    -1.6085   2.528729   2.528503    395.888     0.1621     0.1253    607.294   78.81586   -6.50112    31.6796    31.6773 0.0000e+00
     45.000    -1.6092    -1.6100   2.528755   2.528524    396.115     0.1620     0.1256    608.374   78.81585   -6.50111    31.6809    31.6786 0.0000e+00
     46.000    -1.6109    -1.6118   2.528798   2.528571    395.316     0.1638     0.1269    609.451   78.81584   -6.50110    31.6827    31.6806 0.0000e+00
     47.000    -1.6133    -1.6138   2.528895   2.528661    395.365     0.1629     0.1270    610.530   78.81584   -6.50110    31.6860    31.6834 0.0000e+00
     48.000    -1.6209    -1.6211   2.528843   2.528633    397.008     0.1603     0.1264    611.608   78.81584   -6.50110    31.6929    31.6901 0.0000e+00
     49.000    -1.6241    -1.6248   2.529078   2.528818    397.039     0.1602     0.1259    612.685   78.81584   -6.50110    31.6988    31.6961 0.0000e+00
     50.000    -1.6269    -1.6278   2.529293   2.529053    396.705     0.1594     0.1265    613.760   78.81584   -6.50110    31.7042    31.7019 0.0000e+00
     51.000    -1.6295    -1.6304   2.529345   2.529110    396.464     0.1622     0.1257    614.819   78.81584   -6.50110    31.7072    31.7048 0.0000e+00
     52.000    -1.6284    -1.6296   2.529750   2.529494    396.647     0.1620     0.1266    615.858   78.81584   -6.50108    31.7109    31.7087 0.0000e+00
     53.000    -1.6235    -1.6244   2.530597   2.530343    395.968     0.1617     0.1230    616.892   78.81584   -6.50108    31.7168    31.7143 0.0000e+00
     54.000    -1.6137    -1.6154   2.532177   2.531881    395.596     0.1639     0.1241    617.931   78.81584   -6.50108    31.7274    31.7252 0.0000e+00
     55.000    -1.6084    -1.6098   2.533109   2.532836    396.109     0.1582     0.1231    618.971   78.81584   -6.50108    31.7340    31.7317 0.0000e+00
     56.000    -1.6049    -1.6060   2.533652   2.533416    395.783     0.1621     0.1248    620.006   78.81584   -6.50108    31.7372    31.7351 0.0000e+00
     57.000    -1.6069    -1.6076   2.533696   2.533490    394.723     0.1654     0.1264    621.045   78.81584   -6.50108    31.7393    31.7371 0.0000e+00
     58.000    -1.6123    -1.6128   2.533524   2.533310    393.802     0.1622     0.1262    622.080   78.81584   -6.50107    31.7421    31.7397 0.0000e+00
     59.000    -1.6280    -1.6287   2.533075   2.532830    393.195     0.1604     0.1262    623.118   78.81584   -6.50106    31.7521    31.7494 0.0000e+00
     60.000    -1.6290    -1.6299   2.533507   2.533266    392.679     0.1639     0.1269    624.156   78.81584   -6.50106    31.7585    31.7561 0.0000e+00
     61.000    -1.6248    -1.6260   2.534451   2.534190    392.405     0.1638     0.1273    625.189   78.81584   -6.50106    31.7664    31.7641 0.0000e+00
     62.000    -1.6271    -1.6280   2.535239   2.534954    392.187     0.1618     0.1274    626.222   78.81584   -6.50106    31.7791    31.7762 0.0000e+00
     63.000    -1.6066    -1.6093   2.537945   2.537592    392.070     0.1616     0.1253    627.258   78.81584   -6.50106    31.7939    31.7918 0.0000e+00
     64.000    -1.5856    -1.5874   2.540498   2.540155    392.164     0.1620     0.1242    628.291   78.81584   -6.50105    31.8058    31.8031 0.0000e+00
     65.000    -1.5859    -1.5859   2.541918   2.541665    391.855     0.1609     0.1243    629.326   78.81584   -6.50104    31.8251    31.8217 0.0000e+00
     66.000    -1.6056    -1.6059   2.541879   2.541635    390.987     0.1603     0.1252    630.365   78.81584   -6.50104    31.8451    31.8421 0.0000e+00
     67.000    -1.5952    -1.5970   2.544025   2.543665    389.391     0.1621     0.1272    631.395   78.81584   -6.50104    31.8629    31.8598 0.0000e+00
     68.000    -1.5943    -1.5951   2.545172   2.544929    388.914     0.1601     0.1279    632.431   78.81584   -6.50104    31.8771    31.8746 0.0000e+00
     69.000    -1.5908    -1.5924   2.546241   2.545949    389.075     0.1601     0.1258    633.470   78.81584   -6.50104    31.8875    31.8851 0.0000e+00
     70.000    -1.5869    -1.5879   2.547566   2.547281    388.371     0.1629     0.1247    634.510   78.81584   -6.50104    31.9010    31.8981 0.0000e+00
     71.000    -1.5807    -1.5827   2.549560   2.549185    387.469     0.1599     0.1253    635.546   78.81584   -6.50102    31.9211    31.9181 0.0000e+00
     72.000    -1.5716    -1.5731   2.552504   2.552142    386.692     0.1587     0.1253    636.588   78.81584   -6.50102    31.9512    31.9478 0.0000e+00
     73.000    -1.5673    -1.5681   2.554814   2.554489    386.160     0.1610     0.1252    637.629   78.81584   -6.50102    31.9778    31.9741 0.0000e+00
     74.000    -1.5658    -1.5681   2.557772   2.557241    386.100     0.1636     0.1255    638.669   78.81584   -6.50102    32.0163    32.0114 0.0000e+00
     75.000    -1.5306    -1.5344   2.564119   2.563534    384.120     0.1635     0.1269    639.705   78.81584   -6.50102    32.0650    32.0610 0.0000e+00
     76.000    -1.4826    -1.4866   2.570568   2.570052    382.102     0.1617     0.1276    640.740   78.81584   -6.50102    32.1012    32.0985 0.0000e+00
     77.000    -1.4512    -1.4534   2.575218   2.574839    381.179     0.1601     0.1270    641.773   78.81584   -6.50100    32.1306    32.1278 0.0000e+00
     78.000    -1.4361    -1.4380   2.578276   2.577962    379.978     0.1599     0.1268    642.813   78.81584   -6.50100    32.1557    32.1535 0.0000e+00
     79.000    -1.4510    -1.4501   2.579616   2.579397    377.376     0.1666     0.1250    643.852   78.81584   -6.50100    32.1895    32.1856 0.0000e+00
     80.000    -1.4705    -1.4708   2.582499   2.582064    374.146     0.1648     0.1257    644.879   78.81584   -6.50100    32.2495    32.2439 0.0000e+00
     81.000    -1.4577    -1.4597   2.586099   2.585671    370.895     0.1648     0.1268    645.914   78.81584   -6.50100    32.2845    32.2808 0.0000e+00
     82.000    -1.4466    -1.4485   2.589005   2.588648    369.206     0.1660     0.1276    646.947   78.81584   -6.50100    32.3118    32.3089 0.0000e+00
     83.000    -1.4104    -1.4150   2.595572   2.594886    367.613     0.1700     0.1285    647.980   78.81584   -6.50099    32.3620    32.3575 0.0000e+00
     84.000    -1.3811    -1.3834   2.601187   2.600727    366.208     0.1706     0.1272    649.010   78.81583   -6.50098    32.4065    32.4027 0.0000e+00
     85.000    -1.3691    -1.3730   2.606472   2.605826    365.487     0.1624     0.1282    650.047   78.81582   -6.50098    32.4653    32.4607 0.0000e+00
     86.000    -1.3258    -1.3289   2.613499   2.612947    364.051     0.1602     0.1298    651.081   78.81582   -6.50098    32.5137    32.5096 0.0000e+00
     87.000    -1.3146    -1.3145   2.617058   2.616803    364.015     0.1599     0.1257    652.112   78.81582   -6.50098    32.5496    32.5460 0.0000e+00
     88.000    -1.3740    -1.3722   2.614802   2.614628    364.758     0.1630     0.1252    653.147   78.81582   -6.50098    32.5829    32.5786 0.0000e+00
     89.000    -1.3591    -1.3613   2.617976   2.617611    362.075     0.1668     0.1266    654.191   78.81582   -6.50097    32.6096    32.6070 0.0000e+00
     90.000    -1.3259    -1.3302   2.622619   2.622091    359.398     0.1653     0.1269    655.227   78.81582   -6.50096    32.6363    32.6338 0.0000e+00
     91.000    -1.2780    -1.2809   2.629603   2.629169    359.127     0.1659     0.1274    656.266   78.81582   -6.50096    32.6789    32.6761 0.0000e+00
     92.000    -1.2377    -1.2424   2.639950   2.639035    359.727     0.1609     0.1274    657.308   78.81582   -6.50096    32.7756    32.7682 0.0000e+00
     93.000    -1.2100    -1.2112   2.650629   2.650101    358.368     0.1591     0.1265    658.340   78.81582   -6.50096    32.8905    32.8846 0.0000e+00
     94.000    -1.1983    -1.2014   2.654892   2.654504    355.782     0.1611     0.1256    659.379   78.81582   -6.50096    32.9352    32.9333 0.0000e+00
     95.000    -1.1790    -1.1798   2.659437   2.659129    351.862     0.1622     0.1252    660.414   78.81582   -6.50095    32.9754    32.9721 0.0000e+00
     96.000    -1.1931    -1.1931   2.660663   2.660429    348.879     0.1643     0.1240    661.455   78.81582   -6.50094    33.0071    33.0038 0.0000e+00
     97.000    -1.1814    -1.1841   2.664502   2.664076    346.353     0.1647     0.1231    662.501   78.81582   -6.50094    33.0460    33.0431 0.0000e+00
     98.000    -1.1611    -1.1636   2.669180   2.668685    344.996     0.1614     0.1252    663.563   78.81582   -6.50094    33.0868    33.0828 0.0000e+00
     99.000    -1.1399    -1.1435   2.673629   2.673066    346.022     0.1608     0.1242    664.639   78.81582   -6.50094    33.1235    33.1197 0.0000e+00
    100.000    -1.1249    -1.1260   2.677837   2.677487    347.640     0.1581     0.1241    665.721   78.81582   -6.50094    33.1636    33.1601 0.0000e+00
    101.000    -1.1144    -1.1164   2.680761   2.680431    347.464     0.1570     0.1251    666.809   78.81582   -6.50094    33.1913    33.1891 0.0000e+00
    102.000    -1.1103    -1.1113   2.684206   2.683942    346.699     0.1567     0.1243    667.907   78.81582   -6.50092    33.2331    33.2306 0.0000e+00
    103.000    -1.0949    -1.0980   2.687245   2.686800    345.019     0.1569     0.1241    669.022   78.81582   -6.50092    33.2568    33.2542 0.0000e+00
    104.000    -1.0604    -1.0633   2.692657   2.692284    343.012     0.1575     0.1229    670.143   78.81582   -6.50092    33.2918    33.2899 0.0000e+00
