test_project/cnv_files/015_bin.cnv
* Sea-Bird SBE 9 Data File:
* FileName = C:\Documents and Settings\ctd\Desktop\FS2022\data\015.hex
* Software Version Seasave V 7.21b
* Temperature SN = 2400
* Conductivity SN = 3447
* Number of Bytes Per Scan = 48
* Number of Voltage Words = 5
* Number of Scans Averaged by the Deck Unit = 1
* NMEA Latitude = 78 49.03 N
* NMEA Longitude = 006 30.10 W
* NMEA UTC (Time) = Sep 15 2022  08:21:54
* NMEA baud rate = 4800
** Cruise: FS 2022
** Ship: Silver Arctic
** Station (File Number):  015
** Latitude:
** Longitude:
** Echodepth (m):
** Seastate:
# nquan = 14
# nvalues = 265                         
# units = specified
# name 0 = prDM: Pressure, Digiquartz [db]
# name 1 = t090C: Temperature [ITS-90, deg C]
# name 2 = t190C: Temperature, 2 [ITS-90, deg C]
# name 3 = c0S/m: Conductivity [S/m]
# name 4 = c1S/m: Conductivity, 2 [S/m]
# name 5 = sbox0Mm/Kg: Oxygen, SBE 43 [umol/kg]
# name 6 = wetCDOM: Fluorescence, WET Labs CDOM [mg/m^3]
# name 7 = wetCDOM1: Fluorescence, WET Labs CDOM, 2 [mg/m^3]
# name 8 = timeS: Time, Elapsed [seconds]
# name 9 = latitude: Latitude [deg]
# name 10 = longitude: Longitude [deg]
# name 11 = sal00: Salinity, Practical [PSU]
# name 12 = sal11: Salinity, Practical, 2 [PSU]
# name 13 = flag: flag
# span 0 =      2.000,    266.000       
# span 1 =    -1.6295,     1.5041       
# span 2 =    -1.6304,     1.5033       
# span 3 =   2.388596,   3.029654       
# span 4 =   2.388079,   3.029655       
# span 5 =    302.188,    540.955       
# span 6 =     0.1136,     0.1706       
# span 7 =     0.1017,     0.1298       
# span 8 =    537.004,    852.903       
# span 9 =   78.81543,   78.81590       
# span 10 =   -6.50172,   -6.50092      
# span 11 =    29.7766,    34.8511      
# span 12 =    29.7704,    34.8514      
# span 13 = 0.0000e+00, 0.0000e+00      
# interval = decibars: 1                
# start_time = Sep 15 2022 08:21:54 [NMEA time, first data scan]
# bad_flag = -9.990e-29
*END*
[from data line 104]
    106.000    -1.0181    -1.0207   2.700791   2.700416    341.118     0.1572     0.1238    672.432   78.81582   -6.50092    33.3542    33.3520 0.0000e+00
    107.000    -0.9943    -0.9962   2.704749   2.704460    340.569     0.1556     0.1230    673.590   78.81582   -6.50092    33.3810    33.3793 0.0000e+00
    108.000    -0.9802    -0.9818   2.707291   2.707067    340.656     0.1524     0.1227    674.762   78.81582   -6.50092    33.3993    33.3980 0.0000e+00
    109.000    -0.9720    -0.9733   2.708994   2.708785    339.556     0.1532     0.1209    675.944   78.81582   -6.50092    33.4128    33.4114 0.0000e+00
    110.000    -0.9645    -0.9660   2.711152   2.710938    338.714     0.1526     0.1204    677.113   78.81582   -6.50092    33.4331    33.4318 0.0000e+00
    111.000    -0.9537    -0.9578   2.714006   2.713549    337.756     0.1512     0.1204    678.232   78.81582   -6.50092    33.4592    33.4577 0.0000e+00
    112.000    -0.9261    -0.9274   2.718783   2.718502    336.292     0.1512     0.1206    679.316   78.81581   -6.50092    33.4928    33.4905 0.0000e+00
    113.000    -0.9196    -0.9211   2.721007   2.720813    336.742     0.1519     0.1204    680.407   78.81580   -6.50092    33.5151    33.5141 0.0000e+00
    114.000    -0.9021    -0.9040   2.723940   2.723698    336.533     0.1513     0.1213    681.506   78.81580   -6.50092    33.5348    33.5336 0.0000e+00
    115.000    -0.8896    -0.8906   2.726678   2.726563    335.965     0.1510     0.1217    682.593   78.81580   -6.50092    33.5575    33.5570 0.0000e+00
    116.000    -0.8646    -0.8674   2.730582   2.730312    335.294     0.1535     0.1207    683.648   78.81580   -6.50092    33.5819    33.5813 0.0000e+00
    117.000    -0.8008    -0.8054   2.739265   2.738834    333.474     0.1526     0.1212    684.674   78.81580   -6.50092    33.6278    33.6270 0.0000e+00
    118.000    -0.7314    -0.7344   2.749588   2.749242    332.590     0.1476     0.1205    685.701   78.81580   -6.50092    33.6893    33.6879 0.0000e+00
    119.000    -0.7116    -0.7130   2.754226   2.754065    332.114     0.1462     0.1188    686.729   78.81580   -6.50092    33.7292    33.7286 0.0000e+00
    120.000    -0.7074    -0.7087   2.755284   2.755141    329.346     0.1490     0.1180    687.757   78.81580   -6.50092    33.7382    33.7377 0.0000e+00
    121.000    -0.6937    -0.6947   2.757530   2.757490    324.610     0.1477     0.1181    688.786   78.81580   -6.50092    33.7526    33.7531 0.0000e+00
    122.000    -0.6653    -0.6668   2.762507   2.762319    321.494     0.1496     0.1191    689.813   78.81580   -6.50092    33.7874    33.7865 0.0000e+00
    123.000    -0.6454    -0.6475   2.766758   2.766516    320.335     0.1493     0.1192    690.844   78.81580   -6.50092    33.8219    33.8209 0.0000e+00
    124.000    -0.6377    -0.6388   2.769101   2.769021    319.593     0.1452     0.1192    691.884   78.81580   -6.50092    33.8442    33.8444 0.0000e+00
    125.000    -0.6243    -0.6256   2.772267   2.772134    318.667     0.1468     0.1193    692.923   78.81580   -6.50092    33.8713    33.8710 0.0000e+00
    126.000    -0.6110    -0.6124   2.774914   2.774775    317.814     0.1466     0.1193    693.960   78.81578   -6.50092    33.8914    33.8911 0.0000e+00
    127.000    -0.5923    -0.5941   2.778171   2.777990    317.281     0.1461     0.1185    694.998   78.81578   -6.50092    33.9137    33.9133 0.0000e+00
    128.000    -0.5528    -0.5544   2.783442   2.783366    317.235     0.1462     0.1185    696.030   78.81578   -6.50093    33.9398    33.9405 0.0000e+00
    129.000    -0.4996    -0.5001   2.790814   2.790844    317.118     0.1433     0.1183    697.068   78.81578   -6.50094    33.9786    33.9796 0.0000e+00
    130.000    -0.4605    -0.4612   2.796216   2.796256    316.378     0.1423     0.1167    698.102   78.81578   -6.50094    34.0068    34.0080 0.0000e+00
    131.000    -0.4201    -0.4213   2.802467   2.802443    316.253     0.1418     0.1153    699.136   78.81578   -6.50094    34.0446    34.0456 0.0000e+00
    132.000    -0.3949    -0.3959   2.806283   2.806246    316.686     0.1395     0.1153    700.178   78.81578   -6.50094    34.0669    34.0676 0.0000e+00
    133.000    -0.3649    -0.3653   2.810649   2.810677    316.941     0.1409     0.1141    701.217   78.81578   -6.50094    34.0911    34.0920 0.0000e+00
    134.000    -0.3551    -0.3561   2.812253   2.812183    316.177     0.1392     0.1152    702.250   78.81577   -6.50094    34.1009    34.1012 0.0000e+00
    135.000    -0.3467    -0.3477   2.813760   2.813672    314.836     0.1372     0.1152    703.286   78.81576   -6.50095    34.1111    34.1111 0.0000e+00
    136.000    -0.3293    -0.3300   2.816501   2.816529    313.586     0.1429     0.1133    704.321   78.81576   -6.50096    34.1276    34.1288 0.0000e+00
    137.000    -0.2931    -0.2935   2.821603   2.821637    312.812     0.1413     0.1146    705.359   78.81576   -6.50096    34.1546    34.1555 0.0000e+00
    138.000    -0.2800    -0.2807   2.823455   2.823425    312.697     0.1393     0.1137    706.393   78.81576   -6.50096    34.1641    34.1645 0.0000e+00
    139.000    -0.2708    -0.2718   2.824754   2.824703    311.948     0.1379     0.1135    707.422   78.81576   -6.50096    34.1705    34.1709 0.0000e+00
    140.000    -0.2548    -0.2560   2.826893   2.826813    310.588     0.1390     0.1140    708.454   78.81576   -6.50097    34.1804    34.1807 0.0000e+00
    141.000    -0.2401    -0.2409   2.828904   2.828860    310.266     0.1400     0.1138    709.484   78.81576   -6.50098    34.1902    34.1904 0.0000e+00
    142.000    -0.2294    -0.2303   2.830319   2.830271    310.138     0.1395     0.1131    710.516   78.81574   -6.50098    34.1964    34.1968 0.0000e+00
    143.000    -0.2161    -0.2169   2.832059   2.832019    309.999     0.1372     0.1140    711.545   78.81574   -6.50098    34.2041    34.2044 0.0000e+00
    144.000    -0.2038    -0.2048   2.833730   2.833653    309.384     0.1347     0.1121    712.578   78.81574   -6.50098    34.2119    34.2121 0.0000e+00
    145.000    -0.1978    -0.1989   2.834542   2.834453    309.023     0.1336     0.1126    713.611   78.81574   -6.50098    34.2155    34.2155 0.0000e+00
    146.000    -0.1921    -0.1930   2.835339   2.835277    308.586     0.1336     0.1126    714.647   78.81574   -6.50100    34.2191    34.2193 0.0000e+00
    147.000    -0.1792    -0.1800   2.837457   2.837429    308.570     0.1375     0.1108    715.680   78.81574   -6.50100    34.2322    34.2327 0.0000e+00
    148.000    -0.1645    -0.1654   2.839831   2.839789    308.715     0.1362     0.1112    716.716   78.81574   -6.50102    34.2467    34.2471 0.0000e+00
    149.000    -0.1411    -0.1419   2.843689   2.843709    308.646     0.1297     0.1116    717.755   78.81574   -6.50102    34.2711    34.2723 0.0000e+00
    150.000    -0.1236    -0.1245   2.846508   2.846472    308.269     0.1313     0.1116    718.792   78.81574   -6.50104    34.2884    34.2889 0.0000e+00
    151.000    -0.1169    -0.1179   2.847464   2.847389    307.766     0.1325     0.1119    719.833   78.81574   -6.50104    34.2929    34.2931 0.0000e+00
    152.000    -0.1283    -0.1301   2.846742   2.846567    307.420     0.1371     0.1127    720.877   78.81574   -6.50104    34.2955    34.2952 0.0000e+00
    153.000    -0.1673    -0.1689   2.843919   2.843772    307.680     0.1347     0.1123    721.918   78.81574   -6.50106    34.3012    34.3011 0.0000e+00
    154.000    -0.1608    -0.1630   2.845081   2.844850    306.980     0.1319     0.1105    722.961   78.81572   -6.50107    34.3088    34.3081 0.0000e+00
    155.000    -0.2073    -0.2099   2.841557   2.841315    307.148     0.1342     0.1115    724.007   78.81572   -6.50108    34.3135    34.3132 0.0000e+00
    156.000    -0.2229    -0.2245   2.840725   2.840506    307.461     0.1349     0.1103    725.051   78.81572   -6.50109    34.3193    34.3182 0.0000e+00
    157.000    -0.2955    -0.2987   2.834903   2.834581    307.903     0.1332     0.1116    726.091   78.81572   -6.50110    34.3228    34.3221 0.0000e+00
    158.000    -0.3074    -0.3088   2.834020   2.833847    308.293     0.1348     0.1116    727.134   78.81572   -6.50111    34.3239    34.3231 0.0000e+00
    159.000    -0.3022    -0.3034   2.835279   2.835135    308.859     0.1365     0.1142    728.179   78.81572   -6.50112    34.3341    34.3336 0.0000e+00
    160.000    -0.3222    -0.3237   2.834574   2.834428    310.511     0.1330     0.1137    729.224   78.81572   -6.50112    34.3467    34.3465 0.0000e+00
    161.000    -0.3102    -0.3110   2.836197   2.836122    311.898     0.1351     0.1135    730.266   78.81572   -6.50113    34.3542    34.3542 0.0000e+00
    162.000    -0.2902    -0.2907   2.838405   2.838382    311.791     0.1371     0.1138    731.315   78.81572   -6.50114    34.3606    34.3609 0.0000e+00
    163.000    -0.2649    -0.2642   2.841109   2.841223    311.944     0.1342     0.1129    732.361   78.81571   -6.50114    34.3676    34.3683 0.0000e+00
    164.000    -0.2370    -0.2380   2.844055   2.843984    312.216     0.1364     0.1127    733.410   78.81570   -6.50115    34.3748    34.3750 0.0000e+00
    165.000    -0.1895    -0.1902   2.849034   2.849037    311.753     0.1391     0.1122    734.460   78.81570   -6.50116    34.3870    34.3879 0.0000e+00
    166.000    -0.1153    -0.1060   2.856649   2.857744    310.950     0.1354     0.1129    735.512   78.81570   -6.50116    34.4042    34.4083 0.0000e+00
    167.000    -0.0484    -0.0490   2.863729   2.863745    310.111     0.1330     0.1126    736.577   78.81570   -6.50118    34.4224    34.4232 0.0000e+00
    168.000    -0.0382    -0.0391   2.864888   2.864852    309.853     0.1353     0.1119    737.658   78.81568   -6.50118    34.4256    34.4262 0.0000e+00
    169.000    -0.0309    -0.0330   2.865646   2.865479    308.795     0.1336     0.1118    738.751   78.81568   -6.50118    34.4269    34.4270 0.0000e+00
    170.000    -0.0019    -0.0029   2.868543   2.868510    307.449     0.1330     0.1118    739.854   78.81568   -6.50118    34.4320    34.4327 0.0000e+00
    171.000     0.0378     0.0373   2.872806   2.872877    306.855     0.1325     0.1117    740.949   78.81568   -6.50120    34.4433    34.4448 0.0000e+00
    172.000     0.1037     0.1036   2.879259   2.879336    306.514     0.1307     0.1105    742.045   78.81567   -6.50120    34.4539    34.4551 0.0000e+00
    173.000     0.1325     0.1315   2.882236   2.882191    306.907     0.1315     0.1103    743.141   78.81566   -6.50121    34.4603    34.4608 0.0000e+00
    174.000     0.1543     0.1530   2.884856   2.884814    307.113     0.1327     0.1095    744.236   78.81566   -6.50122    34.4698    34.4707 0.0000e+00
    175.000     0.1847     0.1848   2.888403   2.888501    306.402     0.1315     0.1082    745.329   78.81566   -6.50122    34.4819    34.4831 0.0000e+00
    176.000     0.2350     0.2357   2.894223   2.894505    305.210     0.1302     0.1095    746.420   78.81566   -6.50122    34.5015    34.5044 0.0000e+00
    177.000     0.3084     0.3080   2.902558   2.902651    304.207     0.1296     0.1102    747.502   78.81566   -6.50122    34.5282    34.5299 0.0000e+00
    178.000     0.3428     0.3420   2.906469   2.906480    305.149     0.1285     0.1096    748.555   78.81564   -6.50124    34.5404    34.5415 0.0000e+00
    179.000     0.3586     0.3577   2.908404   2.908413    305.655     0.1278     0.1096    749.590   78.81564   -6.50124    34.5475    34.5486 0.0000e+00
    180.000     0.3717     0.3708   2.910070   2.910045    305.260     0.1281     0.1098    750.627   78.81564   -6.50124    34.5540    34.5547 0.0000e+00
    181.000     0.3816     0.3804   2.911309   2.911257    305.483     0.1289     0.1087    751.668   78.81564   -6.50124    34.5587    34.5593 0.0000e+00
    182.000     0.3896     0.3884   2.912364   2.912314    305.184     0.1280     0.1076    752.710   78.81564   -6.50126    34.5629    34.5635 0.0000e+00
    183.000     0.3959     0.3947   2.913200   2.913127    305.402     0.1301     0.1072    753.751   78.81564   -6.50126    34.5662    34.5666 0.0000e+00
    184.000     0.4088     0.4081   2.914750   2.914746    305.058     0.1321     0.1077    754.795   78.81564   -6.50126    34.5714    34.5722 0.0000e+00
    185.000     0.4239     0.4228   2.916628   2.916585    304.017     0.1265     0.1079    755.842   78.81562   -6.50128    34.5785    34.5792 0.0000e+00
    186.000     0.4379     0.4378   2.918434   2.918467    303.730     0.1235     0.1091    756.892   78.81562   -6.50128    34.5859    34.5864 0.0000e+00
    187.000     0.4354     0.4347   2.918476   2.918446    304.414     0.1258     0.1081    757.947   78.81562   -6.50128    34.5886    34.5890 0.0000e+00
    188.000     0.4418     0.4425   2.919406   2.919550    304.275     0.1258     0.1089    758.996   78.81562   -6.50128    34.5930    34.5942 0.0000e+00
    189.000     0.4601     0.4603   2.921397   2.921485    303.653     0.1282     0.1076    760.044   78.81562   -6.50129    34.5980    34.5989 0.0000e+00
    190.000     0.4655     0.4639   2.922011   2.921904    303.333     0.1316     0.1075    761.094   78.81561   -6.50130    34.5994    34.5998 0.0000e+00
    191.000     0.4651     0.4635   2.922001   2.921887    303.450     0.1306     0.1075    762.139   78.81560   -6.50130    34.5991    34.5994 0.0000e+00
    192.000     0.4699     0.4681   2.922572   2.922438    303.311     0.1267     0.1078    763.175   78.81560   -6.50131    34.6005    34.6008 0.0000e+00
    193.000     0.4932     0.4918   2.925093   2.925015    302.891     0.1260     0.1093    764.213   78.81560   -6.50132    34.6068    34.6074 0.0000e+00
    194.000     0.5207     0.5203   2.928083   2.928134    303.001     0.1274     0.1092    765.245   78.81560   -6.50132    34.6145    34.6156 0.0000e+00
    195.000     0.5514     0.5532   2.931371   2.931741    302.913     0.1263     0.1090    766.275   78.81560   -6.50133    34.6225    34.6253 0.0000e+00
    196.000     0.6705     0.6771   2.943749   2.944666    302.188     0.1243     0.1076    767.311   78.81560   -6.50134    34.6500    34.6544 0.0000e+00
    197.000     0.7285     0.7327   2.949932   2.950520    302.575     0.1252     0.1055    768.349   78.81559   -6.50134    34.6649    34.6679 0.0000e+00
    198.000     0.7652     0.7658   2.953783   2.953945    303.678     0.1266     0.1067    769.394   78.81558   -6.50135    34.6733    34.6748 0.0000e+00
    199.000     0.7661     0.7650   2.954196   2.954141    303.749     0.1287     0.1071    770.446   78.81558   -6.50136    34.6770    34.6776 0.0000e+00
    200.000     0.7690     0.7677   2.954623   2.954595    303.441     0.1259     0.1077    771.511   78.81558   -6.50136    34.6788    34.6798 0.0000e+00
    201.000     0.8573     0.8471   2.963143   2.962383    302.475     0.1226     0.1078    772.588   78.81558   -6.50136    34.6899    34.6916 0.0000e+00
    202.000     0.9277     0.9271   2.969994   2.970065    302.602     0.1242     0.1079    773.667   78.81558   -6.50138    34.6995    34.7011 0.0000e+00
    203.000     0.9606     0.9645   2.973425   2.974011    303.549     0.1263     0.1079    774.750   78.81558   -6.50138    34.7065    34.7097 0.0000e+00
    204.000     1.0389     1.0379   2.981180   2.981266    302.979     0.1250     0.1065    775.832   78.81558   -6.50138    34.7187    34.7209 0.0000e+00
    205.000     1.0983     1.0950   2.987357   2.987107    303.259     0.1213     0.1054    776.911   78.81558   -6.50140    34.7316    34.7320 0.0000e+00
    206.000     1.0946     1.0942   2.987396   2.987373    304.462     0.1195     0.1047    777.988   78.81556   -6.50140    34.7355    34.7357 0.0000e+00
    207.000     1.1126     1.1075   2.989427   2.988980    304.571     0.1221     0.1046    779.059   78.81556   -6.50141    34.7410    34.7410 0.0000e+00
