test_project/cnv_files/017_bin.cnv
* Sea-Bird SBE 9 Data File:
* FileName = C:\Documents and Settings\ctd\Desktop\FS2022\data\017.hex
* Software Version Seasave V 7.21b
* Temperature SN = 2400
* Conductivity SN = 3447
* Number of Bytes Per Scan = 48
* Number of Voltage Words = 5
* Number of Scans Averaged by the Deck Unit = 1
* NMEA Latitude = 78 55.33 N
* NMEA Longitude = 003 57.87 W
* NMEA UTC (Time) = Sep 16 2022  13:02:28
* NMEA baud rate = 4800
** Cruise: FS 2022
** Ship: Silver Arctic
** Station (File Number):  017
** Latitude:
** Longitude:
** Echodepth (m):
** Seastate:
# nquan = 14
# nvalues = 2007                        
# units = specified
# name 0 = prDM: Pressure, Digiquartz [db]
# name 1 = t090C: Temperature [ITS-90, deg C]
# name 2 = t190C: Temperature, 2 [ITS-90, deg C]
# name 3 = c0S/m: Conductivity [S/m]
# name 4 = c1S/m: Conductivity, 2 [S/m]
# name 5 = sbox0Mm/Kg: Oxygen, SBE 43 [umol/kg]
# name 6 = wetCDOM: Fluorescence, WET Labs CDOM [mg/m^3]
# name 7 = wetCDOM1: Fluorescence, WET Labs CDOM, 2 [mg/m^3]
# name 8 = timeS: Time, Elapsed [seconds]
# name 9 = latitude: Latitude [deg]
# name 10 = longitude: Longitude [deg]
# name 11 = sal00: Salinity, Practical [PSU]
# name 12 = sal11: Salinity, Practical, 2 [PSU]
# name 13 = flag: flag
# span 0 =      2.000,   2008.000       
# span 1 =    -1.7548,     3.8533       
# span 2 =    -1.7549,     3.8451       
# span 3 =   2.395999,   3.231459       
# span 4 =   2.395793,   3.231536       
# span 5 =    298.681,    536.197       
# span 6 =     0.1037,     0.1819       
# span 7 =     0.0958,     0.1337       
# span 8 =    284.246,   2442.856       
# span 9 =   78.92016,   78.92224       
# span 10 =   -3.97007,   -3.96636      
# span 11 =    29.8697,    34.9864      
# span 12 =    29.8664,    34.9879      
# span 13 = 0.0000e+00, 0.0000e+00      
# interval = decibars: 1                
# start_time = Sep 16 2022 13:02:29 [NMEA time, first data scan]
# bad_flag = -9.990e-29
*END*
      2.000    -1.5941    -1.5940   2.395999   2.395793    399.713     0.1610     0.1241    284.246   78.92220   -3.96636    29.8701    29.8672 0.0000e+00
      3.000    -1.5913    -1.5904   2.396215   2.396048    431.692     0.1580     0.1245    287.393   78.92220   -3.96640    29.8697    29.8664 0.0000e+00
      4.000    -1.5922    -1.5931   2.396209   2.395951    466.337     0.1624     0.1243    289.865   78.92220   -3.96643    29.8699    29.8673 0.0000e+00
      5.000    -1.5932    -1.5927   2.396210   2.396015    501.259     0.1605     0.1254    292.104   78.92220   -3.96645    29.8703    29.8672 0.0000e+00
      6.000    -1.5964    -1.5963   2.396048   2.395847    536.197     0.1617     0.1234    294.291   78.92220   -3.96647    29.8708    29.8679 0.0000e+00
      7.000    -1.5966    -1.5964   2.396077   2.395863    523.053     0.1603     0.1249    296.479   78.92220   -3.96650    29.8708    29.8677 0.0000e+00
      8.000    -1.5963    -1.5964   2.396092   2.395875    434.434     0.1618     0.1246    298.671   78.92220   -3.96653    29.8702    29.8673 0.0000e+00
      9.000    -1.5958    -1.5958   2.396154   2.395935    405.895     0.1636     0.1261    300.872   78.92222   -3.96655    29.8699    29.8670 0.0000e+00
     10.000    -1.5966    -1.5961   2.396242   2.396014    406.315     0.1622     0.1250    303.037   78.92222   -3.96657    29.8713    29.8678 0.0000e+00
     11.000    -1.5993    -1.5991   2.396408   2.396191    408.585     0.1622     0.1227    305.178   78.92222   -3.96659    29.8757    29.8726 0.0000e+00
     12.000    -1.5998    -1.6000   2.396498   2.396301    410.799     0.1604     0.1245    307.329   78.92222   -3.96662    29.8770    29.8745 0.0000e+00
     13.000    -1.6004    -1.6004   2.396614   2.396395    409.614     0.1592     0.1245    309.497   78.92222   -3.96663    29.8785    29.8755 0.0000e+00
     14.000    -1.6001    -1.6002   2.396808   2.396602    411.696     0.1622     0.1252    311.717   78.92222   -3.96665    29.8804    29.8776 0.0000e+00
     15.000    -1.5925    -1.5942   2.398827   2.398264    415.020     0.1635     0.1253    313.937   78.92222   -3.96667    29.8997    29.8937 0.0000e+00
     16.000    -1.5761    -1.5775   2.403156   2.402673    415.475     0.1635     0.1251    316.118   78.92222   -3.96668    29.9417    29.9365 0.0000e+00
     17.000    -1.5623    -1.5636   2.407248   2.406757    415.585     0.1606     0.1242    318.299   78.92222   -3.96670    29.9831    29.9778 0.0000e+00
     18.000    -1.5321    -1.5371   2.417899   2.416336    415.098     0.1633     0.1260    320.456   78.92222   -3.96671    30.0974    30.0811 0.0000e+00
     19.000    -1.5007    -1.5027   2.432587   2.431426    415.193     0.1650     0.1286    322.625   78.92222   -3.96672    30.2655    30.2516 0.0000e+00
     20.000    -1.5042    -1.5042   2.438461   2.437617    416.981     0.1660     0.1257    324.817   78.92222   -3.96673    30.3486    30.3371 0.0000e+00
     21.000    -1.4917    -1.4944   2.449262   2.447737    417.723     0.1608     0.1260    327.037   78.92222   -3.96674    30.4826    30.4646 0.0000e+00
     22.000    -1.4461    -1.4500   2.472897   2.471085    416.394     0.1614     0.1266    329.271   78.92222   -3.96675    30.7579    30.7371 0.0000e+00
     23.000    -1.4684    -1.4647   2.479945   2.478895    419.478     0.1704     0.1302    331.475   78.92222   -3.96676    30.8766    30.8584 0.0000e+00
     24.000    -1.4966    -1.4927   2.486888   2.485995    420.422     0.1725     0.1290    333.658   78.92222   -3.96676    31.0003    30.9840 0.0000e+00
     25.000    -1.5301    -1.5272   2.491722   2.491074    418.816     0.1740     0.1325    335.828   78.92222   -3.96676    31.1008    31.0889 0.0000e+00
     26.000    -1.5510    -1.5483   2.495686   2.494874    415.193     0.1733     0.1301    337.934   78.92222   -3.96676    31.1765    31.1625 0.0000e+00
     27.000    -1.5472    -1.5475   2.501152   2.500448    411.206     0.1731     0.1311    339.478   78.92222   -3.96678    31.2468    31.2375 0.0000e+00
     28.000    -1.5672    -1.5665   2.503757   2.503293    409.862     0.1738     0.1324    340.778   78.92222   -3.96678    31.3030    31.2959 0.0000e+00
     29.000    -1.5597    -1.5607   2.508404   2.507892    408.139     0.1749     0.1317    342.012   78.92222   -3.96678    31.3583    31.3524 0.0000e+00
     30.000    -1.5625    -1.5625   2.510658   2.510390    406.762     0.1795     0.1322    343.152   78.92222   -3.96678    31.3916    31.3880 0.0000e+00
     31.000    -1.5758    -1.5752   2.511883   2.511591    405.225     0.1819     0.1306    344.250   78.92222   -3.96678    31.4219    31.4172 0.0000e+00
     32.000    -1.5830    -1.5837   2.515805   2.515278    403.089     0.1763     0.1301    345.379   78.92222   -3.96678    31.4828    31.4763 0.0000e+00
     33.000    -1.5788    -1.5792   2.521742   2.521334    401.682     0.1756     0.1301    346.471   78.92222   -3.96678    31.5593    31.5542 0.0000e+00
     34.000    -1.5624    -1.5638   2.526583   2.526218    399.616     0.1736     0.1328    347.532   78.92222   -3.96678    31.6078    31.6043 0.0000e+00
     35.000    -1.5555    -1.5562   2.530197   2.529796    396.862     0.1783     0.1324    348.587   78.92222   -3.96678    31.6496    31.6448 0.0000e+00
     36.000    -1.5395    -1.5407   2.535383   2.535006    394.453     0.1762     0.1289    349.641   78.92222   -3.96678    31.7031    31.6993 0.0000e+00
     37.000    -1.5365    -1.5374   2.539049   2.538587    393.804     0.1680     0.1267    350.689   78.92222   -3.96678    31.7497    31.7443 0.0000e+00
     38.000    -1.5643    -1.5573   2.540949   2.540938    393.643     0.1669     0.1281    351.734   78.92222   -3.96678    31.8049    31.7973 0.0000e+00
     39.000    -1.6088    -1.6088   2.540165   2.539938    391.833     0.1668     0.1300    352.761   78.92222   -3.96678    31.8411    31.8381 0.0000e+00
     40.000    -1.5792    -1.5844   2.544328   2.543554    387.044     0.1725     0.1299    353.812   78.92222   -3.96678    31.8662    31.8610 0.0000e+00
     41.000    -1.5618    -1.5623   2.551435   2.550880    385.054     0.1768     0.1292    354.880   78.92222   -3.96678    31.9446    31.9376 0.0000e+00
     42.000    -1.5461    -1.5476   2.557299   2.556851    386.576     0.1768     0.1304    355.947   78.92222   -3.96678    32.0078    32.0033 0.0000e+00
     43.000    -1.5482    -1.5478   2.561759   2.561348    385.514     0.1763     0.1326    357.012   78.92222   -3.96678    32.0708    32.0647 0.0000e+00
     44.000    -1.5640    -1.5631   2.562973   2.562731    380.026     0.1739     0.1319    358.081   78.92222   -3.96678    32.1040    32.0997 0.0000e+00
     45.000    -1.5846    -1.5826   2.563073   2.562965    372.981     0.1735     0.1317    359.149   78.92222   -3.96678    32.1271    32.1234 0.0000e+00
     46.000    -1.6287    -1.6264   2.562213   2.561945    369.579     0.1770     0.1303    360.219   78.92222   -3.96678    32.1622    32.1561 0.0000e+00
     47.000    -1.6404    -1.6411   2.565394   2.564980    368.370     0.1793     0.1312    361.283   78.92222   -3.96678    32.2183    32.2133 0.0000e+00
     48.000    -1.6418    -1.6413   2.567734   2.567389    369.524     0.1796     0.1325    362.344   78.92222   -3.96678    32.2514    32.2461 0.0000e+00
     49.000    -1.6605    -1.6594   2.569857   2.569326    373.341     0.1771     0.1310    363.402   78.92222   -3.96678    32.3005    32.2919 0.0000e+00
     50.000    -1.6616    -1.6624   2.573235   2.572699    377.164     0.1791     0.1300    364.456   78.92222   -3.96678    32.3477    32.3411 0.0000e+00
     51.000    -1.6510    -1.6533   2.576871   2.576226    378.549     0.1762     0.1308    365.501   78.92222   -3.96678    32.3858    32.3794 0.0000e+00
     52.000    -1.6425    -1.6436   2.579200   2.578829    378.841     0.1758     0.1327    366.544   78.92222   -3.96678    32.4081    32.4042 0.0000e+00
     53.000    -1.6556    -1.6512   2.579711   2.579638    378.128     0.1793     0.1337    367.596   78.92222   -3.96678    32.4289    32.4230 0.0000e+00
     54.000    -1.6946    -1.6932   2.578672   2.578449    374.566     0.1744     0.1321    368.643   78.92222   -3.96678    32.4565    32.4519 0.0000e+00
     55.000    -1.6810    -1.6860   2.582332   2.581470    370.276     0.1682     0.1304    369.699   78.92222   -3.96678    32.4916    32.4851 0.0000e+00
     56.000    -1.6809    -1.6772   2.586012   2.585521    373.019     0.1721     0.1301    370.759   78.92222   -3.96678    32.5418    32.5309 0.0000e+00
     57.000    -1.7019    -1.6995   2.589093   2.588748    384.131     0.1755     0.1301    371.815   78.92222   -3.96678    32.6069    32.5994 0.0000e+00
     58.000    -1.7356    -1.7343   2.588353   2.588101    390.996     0.1777     0.1292    372.879   78.92222   -3.96678    32.6331    32.6282 0.0000e+00
     59.000    -1.7379    -1.7385   2.590015   2.589721    389.067     0.1743     0.1279    373.945   78.92222   -3.96678    32.6580    32.6546 0.0000e+00
     60.000    -1.7352    -1.7355   2.591860   2.591580    388.192     0.1689     0.1258    375.003   78.92222   -3.96678    32.6800    32.6765 0.0000e+00
     61.000    -1.7419    -1.7417   2.593979   2.593595    393.355     0.1674     0.1288    376.064   78.92222   -3.96678    32.7162    32.7106 0.0000e+00
     62.000    -1.7477    -1.7479   2.597135   2.596704    398.262     0.1700     0.1293    377.119   78.92222   -3.96678    32.7657    32.7599 0.0000e+00
     63.000    -1.7332    -1.7366   2.600535   2.600000    399.108     0.1706     0.1277    378.170   78.92222   -3.96678    32.7962    32.7926 0.0000e+00
     64.000    -1.6928    -1.6992   2.605174   2.604456    398.410     0.1659     0.1279    379.221   78.92222   -3.96678    32.8152    32.8124 0.0000e+00
     65.000    -1.6244    -1.6290   2.612940   2.612309    397.161     0.1661     0.1301    380.269   78.92222   -3.96678    32.8464    32.8428 0.0000e+00
     66.000    -1.6144    -1.6158   2.615002   2.614622    394.378     0.1753     0.1319    381.319   78.92222   -3.96678    32.8633    32.8596 0.0000e+00
     67.000    -1.6100    -1.6107   2.618198   2.617709    383.785     0.1785     0.1326    382.370   78.92222   -3.96678    32.9020    32.8960 0.0000e+00
     68.000    -1.6311    -1.6282   2.618059   2.618032    367.652     0.1783     0.1322    383.425   78.92222   -3.96678    32.9228    32.9192 0.0000e+00
     69.000    -1.7132    -1.7069   2.613062   2.613189    356.137     0.1752     0.1299    384.483   78.92222   -3.96678    32.9441    32.9388 0.0000e+00
     70.000    -1.6929    -1.6960   2.616832   2.616186    350.246     0.1709     0.1279    385.529   78.92222   -3.96678    32.9731    32.9677 0.0000e+00
     71.000    -1.7203    -1.7179   2.617643   2.617370    353.138     0.1692     0.1279    386.583   78.92222   -3.96678    33.0142    33.0078 0.0000e+00
     72.000    -1.7429    -1.7410   2.618090   2.617934    364.817     0.1682     0.1278    387.636   78.92222   -3.96678    33.0450    33.0407 0.0000e+00
     73.000    -1.7548    -1.7549   2.618885   2.618642    375.067     0.1697     0.1257    388.688   78.92222   -3.96678    33.0687    33.0654 0.0000e+00
     74.000    -1.7461    -1.7484   2.621102   2.620594    380.723     0.1663     0.1242    389.740   78.92222   -3.96678    33.0891    33.0847 0.0000e+00
     75.000    -1.6884    -1.6963   2.629730   2.628654    383.862     0.1671     0.1246    390.791   78.92222   -3.96678    33.1438    33.1377 0.0000e+00
     76.000    -1.5700    -1.5816   2.642465   2.641334    386.235     0.1692     0.1275    391.846   78.92222   -3.96678    33.1874    33.1846 0.0000e+00
     77.000    -1.6806    -1.6666   2.636365   2.637037    389.017     0.1692     0.1291    392.895   78.92222   -3.96678    33.2258    33.2196 0.0000e+00
     78.000    -1.7219    -1.7256   2.634564   2.634011    383.347     0.1687     0.1273    393.948   78.92222   -3.96678    33.2466    33.2429 0.0000e+00
     79.000    -1.5562    -1.5649   2.651392   2.650522    367.618     0.1668     0.1266    394.993   78.92222   -3.96678    33.2933    33.2911 0.0000e+00
     80.000    -1.5539    -1.5535   2.654504   2.654291    364.141     0.1663     0.1288    396.036   78.92222   -3.96678    33.3332    33.3299 0.0000e+00
     81.000    -1.5712    -1.5705   2.655321   2.655076    369.462     0.1698     0.1279    397.072   78.92222   -3.96680    33.3633    33.3591 0.0000e+00
     82.000    -1.5692    -1.5708   2.659366   2.658966    364.593     0.1649     0.1273    398.107   78.92222   -3.96680    33.4164    33.4126 0.0000e+00
     83.000    -1.5509    -1.5524   2.665355   2.664888    352.783     0.1657     0.1252    399.143   78.92222   -3.96680    33.4779    33.4732 0.0000e+00
     84.000    -1.5474    -1.5484   2.668912   2.668551    347.647     0.1646     0.1267    400.182   78.92222   -3.96680    33.5226    33.5187 0.0000e+00
     85.000    -1.5408    -1.5412   2.672188   2.672030    347.678     0.1657     0.1254    401.224   78.92222   -3.96680    33.5599    33.5581 0.0000e+00
     86.000    -1.5249    -1.5295   2.674222   2.673784    346.071     0.1639     0.1252    402.261   78.92222   -3.96680    33.5693    33.5685 0.0000e+00
     87.000    -1.4529    -1.4554   2.681935   2.681621    344.614     0.1658     0.1277    403.306   78.92222   -3.96680    33.5940    33.5926 0.0000e+00
     88.000    -1.4613    -1.4578   2.682710   2.682726    346.634     0.1643     0.1269    404.354   78.92222   -3.96680    33.6136    33.6098 0.0000e+00
     89.000    -1.5641    -1.5580   2.675973   2.676176    347.058     0.1650     0.1247    405.400   78.92222   -3.96682    33.6359    33.6319 0.0000e+00
     90.000    -1.5962    -1.5969   2.674977   2.674694    342.368     0.1634     0.1234    406.445   78.92222   -3.96682    33.6579    33.6547 0.0000e+00
     91.000    -1.5264    -1.5361   2.682221   2.681360    337.318     0.1611     0.1233    407.490   78.92222   -3.96682    33.6785    33.6776 0.0000e+00
     92.000    -1.4576    -1.4608   2.688665   2.688354    339.310     0.1580     0.1237    408.533   78.92222   -3.96682    33.6891    33.6884 0.0000e+00
     93.000    -1.3944    -1.4004   2.695522   2.695001    346.188     0.1542     0.1226    409.572   78.92222   -3.96683    33.7115    33.7112 0.0000e+00
     94.000    -1.2970    -1.3013   2.706027   2.705772    350.296     0.1567     0.1213    410.610   78.92222   -3.96684    33.7454    33.7468 0.0000e+00
     95.000    -1.0640    -1.0705   2.727276   2.727169    349.919     0.1575     0.1179    411.649   78.92222   -3.96684    33.7730    33.7789 0.0000e+00
     96.000    -0.8227    -0.8208   2.749294   2.749576    347.561     0.1518     0.1202    412.680   78.92222   -3.96684    33.8009    33.8026 0.0000e+00
     97.000    -0.9070    -0.9090   2.744268   2.743986    349.625     0.1507     0.1213    413.715   78.92222   -3.96684    33.8267    33.8252 0.0000e+00
     98.000    -1.0101    -0.9977   2.738251   2.738885    349.697     0.1484     0.1183    414.754   78.92222   -3.96685    33.8603    33.8549 0.0000e+00
     99.000    -1.2452    -1.2425   2.719445   2.719394    348.899     0.1453     0.1153    415.784   78.92222   -3.96686    33.8680    33.8642 0.0000e+00
    100.000    -1.2970    -1.2953   2.716580   2.716645    346.136     0.1457     0.1147    416.813   78.92222   -3.96686    33.8867    33.8856 0.0000e+00
    101.000    -1.3339    -1.3539   2.714727   2.713391    346.053     0.1430     0.1141    417.848   78.92222   -3.96686    33.9022    33.9066 0.0000e+00
    102.000    -1.2067    -1.2018   2.727169   2.727228    345.218     0.1405     0.1135    418.886   78.92222   -3.96686    33.9284    33.9236 0.0000e+00
    103.000    -0.7231    -0.7811   2.771128   2.767050    343.026     0.1457     0.1158    419.934   78.92222   -3.96687    33.9788    33.9891 0.0000e+00
    104.000     0.4311     0.4068   2.874931   2.875683    334.570     0.1507     0.1172    420.980   78.92222   -3.96688    34.0706    34.1071 0.0000e+00
