test_project/cnv_files/017_bin.cnv
* Sea-Bird SBE 9 Data File:
* FileName = C:\Documents and Settings\ctd\Desktop\FS2022\data\017.hex
* Software Version Seasave V 7.21b
* Temperature SN = 2400
* Conductivity SN = 3447
* Number of Bytes Per Scan = 48
* Number of Voltage Words = 5
* Number of Scans Averaged by the Deck Unit = 1
* NMEA Latitude = 78 55.33 N
* NMEA Longitude = 003 57.87 W
* NMEA UTC (Time) = Sep 16 2022  13:02:28
* NMEA baud rate = 4800
** Cruise: FS 2022
** Ship: Silver Arctic
** Station (File Number):  017
** Latitude:
** Longitude:
** Echodepth (m):
** Seastate:
# nquan = 14
# nvalues = 2007                        
# units = specified
# name 0 = prDM: Pressure, Digiquartz [db]
# name 1 = t090C: Temperature [ITS-90, deg C]
# name 2 = t190C: Temperature, 2 [ITS-90, deg C]
# name 3 = c0S/m: Conductivity [S/m]
# name 4 = c1S/m: Conductivity, 2 [S/m]
# name 5 = sbox0Mm/Kg: Oxygen, SBE 43 [umol/kg]
# name 6 = wetCDOM: Fluorescence, WET Labs CDOM [mg/m^3]
# name 7 = wetCDOM1: Fluorescence, WET Labs CDOM, 2 [mg/m^3]
# name 8 = timeS: Time, Elapsed [seconds]
# name 9 = latitude: Latitude [deg]
# name 10 = longitude: Longitude [deg]
# name 11 = sal00: Salinity, Practical [PSU]
# name 12 = sal11: Salinity, Practical, 2 [PSU]
# name 13 = flag: flag
# span 0 =      2.000,   2008.000       
# span 1 =    -1.7548,     3.8533       
# span 2 =    -1.7549,     3.8451       
# span 3 =   2.395999,   3.231459       
# span 4 =   2.395793,   3.231536       
# span 5 =    298.681,    536.197       
# span 6 =     0.1037,     0.1819       
# span 7 =     0.0958,     0.1337       
# span 8 =    284.246,   2442.856       
# span 9 =   78.92016,   78.92224       
# span 10 =   -3.97007,   -3.96636      
# span 11 =    29.8697,    34.9864      
# span 12 =    29.8664,    34.9879      
# span 13 = 0.0000e+00, 0.0000e+00      
# interval = decibars: 1                
# start_time = Sep 16 2022 13:02:29 [NMEA time, first data scan]
# bad_flag = -9.990e-29
*END*
[from data line 517]
    519.000     0.9767     0.9759   3.002689   3.002696    305.728     0.1233     0.1037    865.449   78.92210   -3.96754    34.8811    34.8821 0.0000e+00
    520.000     1.0081     1.0083   3.005765   3.005947    306.133     0.1215     0.1032    866.521   78.92210   -3.96754    34.8850    34.8871 0.0000e+00
    521.000     1.0611     1.0611   3.010902   3.011012    305.869     0.1177     0.1038    867.592   78.92210   -3.96754    34.8913    34.8927 0.0000e+00
    522.000     1.0654     1.0639   3.011390   3.011365    306.518     0.1173     0.1028    868.659   78.92210   -3.96754    34.8922    34.8936 0.0000e+00
    523.000     1.0681     1.0670   3.011700   3.011702    307.022     0.1153     0.1031    869.721   78.92210   -3.96754    34.8927    34.8939 0.0000e+00
    524.000     1.0698     1.0675   3.011918   3.011794    308.069     0.1153     0.1041    870.793   78.92210   -3.96754    34.8930    34.8940 0.0000e+00
    525.000     1.0788     1.0755   3.012823   3.012627    308.394     0.1194     0.1018    871.856   78.92210   -3.96754    34.8939    34.8951 0.0000e+00
    526.000     1.0944     1.0924   3.014354   3.014277    308.215     0.1158     0.1018    872.919   78.92210   -3.96754    34.8957    34.8970 0.0000e+00
    527.000     1.1029     1.1006   3.015236   3.015126    308.664     0.1167     0.1018    873.982   78.92210   -3.96754    34.8969    34.8981 0.0000e+00
    528.000     1.1168     1.1148   3.016640   3.016545    308.838     0.1193     0.1017    875.047   78.92210   -3.96754    34.8989    34.8999 0.0000e+00
    529.000     1.1242     1.1230   3.017430   3.017436    309.031     0.1147     0.1024    876.107   78.92210   -3.96754    34.9002    34.9016 0.0000e+00
    530.000     1.1252     1.1235   3.017606   3.017526    309.206     0.1142     0.1019    877.172   78.92210   -3.96754    34.9007    34.9017 0.0000e+00
    531.000     1.1204     1.1194   3.017207   3.017187    309.451     0.1176     0.1023    878.238   78.92210   -3.96754    34.9004    34.9013 0.0000e+00
    532.000     1.1175     1.1166   3.016982   3.016957    310.043     0.1177     0.1028    879.317   78.92210   -3.96754    34.9001    34.9009 0.0000e+00
    533.000     1.1095     1.1075   3.016283   3.016186    310.315     0.1159     0.1027    880.409   78.92210   -3.96754    34.8995    34.9005 0.0000e+00
    534.000     1.1019     1.1004   3.015651   3.015589    310.033     0.1151     0.1022    881.525   78.92210   -3.96754    34.8993    34.9002 0.0000e+00
    535.000     1.0917     1.0898   3.014746   3.014652    310.253     0.1187     0.1022    882.654   78.92210   -3.96754    34.8986    34.8994 0.0000e+00
    536.000     1.0820     1.0801   3.013895   3.013792    310.137     0.1190     0.1027    883.776   78.92210   -3.96754    34.8978    34.8987 0.0000e+00
    537.000     1.0580     1.0568   3.011713   3.011653    310.000     0.1153     0.1027    884.886   78.92210   -3.96754    34.8960    34.8965 0.0000e+00
    538.000     1.0274     1.0251   3.008919   3.008768    309.547     0.1119     0.1033    885.999   78.92210   -3.96754    34.8937    34.8943 0.0000e+00
    539.000     1.0179     1.0161   3.008060   3.007979    309.160     0.1139     0.1039    887.106   78.92208   -3.96756    34.8926    34.8935 0.0000e+00
    540.000     1.0206     1.0200   3.008370   3.008388    308.741     0.1151     0.1036    888.224   78.92208   -3.96756    34.8930    34.8939 0.0000e+00
    541.000     1.0180     1.0153   3.008216   3.008040    309.070     0.1153     0.1029    889.360   78.92208   -3.96756    34.8933    34.8941 0.0000e+00
    542.000     1.0028     1.0025   3.006873   3.006922    309.835     0.1190     0.1025    890.515   78.92208   -3.96756    34.8925    34.8934 0.0000e+00
    543.000     0.9964     0.9958   3.006329   3.006334    309.119     0.1210     0.1011    891.696   78.92208   -3.96756    34.8921    34.8928 0.0000e+00
    544.000     0.9920     0.9903   3.005980   3.005900    308.810     0.1189     0.1013    892.876   78.92208   -3.96755    34.8918    34.8927 0.0000e+00
    545.000     0.9927     0.9914   3.006106   3.006064    309.245     0.1185     0.1024    894.058   78.92208   -3.96755    34.8921    34.8931 0.0000e+00
    546.000     0.9939     0.9925   3.006272   3.006228    309.809     0.1180     0.1024    895.254   78.92208   -3.96756    34.8923    34.8934 0.0000e+00
    547.000     0.9943     0.9929   3.006377   3.006321    309.501     0.1150     0.1028    896.458   78.92208   -3.96756    34.8927    34.8935 0.0000e+00
    548.000     1.0138     1.0123   3.008358   3.008320    309.164     0.1180     0.1027    897.658   78.92208   -3.96756    34.8959    34.8971 0.0000e+00
    549.000     1.0233     1.0218   3.009351   3.009298    309.391     0.1184     0.1022    898.870   78.92208   -3.96756    34.8974    34.8984 0.0000e+00
    550.000     1.0221     1.0207   3.009299   3.009254    309.384     0.1153     0.1043    900.096   78.92208   -3.96756    34.8976    34.8985 0.0000e+00
    551.000     1.0231     1.0210   3.009472   3.009373    309.191     0.1163     0.1032    901.335   78.92208   -3.96756    34.8981    34.8991 0.0000e+00
    552.000     1.0273     1.0258   3.009957   3.009900    309.485     0.1180     0.1019    902.580   78.92208   -3.96756    34.8991    34.9000 0.0000e+00
    553.000     1.0303     1.0289   3.010289   3.010258    309.798     0.1156     0.1041    903.815   78.92208   -3.96756    34.8994    34.9005 0.0000e+00
    554.000     1.0311     1.0294   3.010438   3.010365    310.066     0.1178     0.1039    905.032   78.92208   -3.96756    34.8998    34.9007 0.0000e+00
    555.000     1.0278     1.0260   3.010171   3.010088    310.573     0.1163     0.1017    906.181   78.92208   -3.96756    34.8995    34.9004 0.0000e+00
    556.000     1.0249     1.0234   3.009947   3.009888    310.610     0.1151     0.1026    907.299   78.92208   -3.96756    34.8992    34.9002 0.0000e+00
    557.000     1.0244     1.0228   3.009943   3.009876    309.808     0.1170     0.1015    908.390   78.92208   -3.96756    34.8992    34.9001 0.0000e+00
    558.000     1.0217     1.0204   3.009749   3.009708    310.104     0.1186     0.1004    909.445   78.92206   -3.96756    34.8991    34.9000 0.0000e+00
    559.000     1.0153     1.0125   3.009191   3.009002    310.939     0.1188     0.1016    910.461   78.92206   -3.96756    34.8985    34.8992 0.0000e+00
    560.000     1.0041     1.0018   3.008206   3.008060    310.851     0.1190     0.1018    911.463   78.92206   -3.96756    34.8977    34.8984 0.0000e+00
    561.000     0.9779     0.9746   3.005798   3.005513    310.673     0.1191     0.1023    912.457   78.92206   -3.96756    34.8954    34.8955 0.0000e+00
    562.000     0.9525     0.9506   3.003471   3.003365    310.343     0.1199     0.1021    913.457   78.92206   -3.96756    34.8933    34.8940 0.0000e+00
    563.000     0.9454     0.9435   3.002839   3.002722    309.615     0.1173     0.1021    914.467   78.92206   -3.96756    34.8926    34.8931 0.0000e+00
    564.000     0.9024     0.8995   2.998939   2.998680    309.791     0.1193     0.1027    915.471   78.92206   -3.96756    34.8896    34.8896 0.0000e+00
    565.000     0.8590     0.8547   2.994936   2.994569    309.583     0.1167     0.1034    916.471   78.92206   -3.96756    34.8860    34.8860 0.0000e+00
    566.000     0.8260     0.8229   2.991917   2.991660    309.220     0.1173     0.1051    917.475   78.92206   -3.96756    34.8833    34.8834 0.0000e+00
    567.000     0.8111     0.8114   2.990568   2.990652    308.348     0.1204     0.1042    918.468   78.92206   -3.96756    34.8820    34.8827 0.0000e+00
    568.000     0.8020     0.8005   2.989771   2.989689    308.373     0.1225     0.1041    919.463   78.92206   -3.96756    34.8812    34.8818 0.0000e+00
    569.000     0.7958     0.7944   2.989242   2.989168    308.045     0.1206     0.1015    920.452   78.92206   -3.96756    34.8808    34.8814 0.0000e+00
    570.000     0.7928     0.7912   2.989016   2.988936    307.484     0.1136     0.1009    921.441   78.92206   -3.96756    34.8806    34.8814 0.0000e+00
    571.000     0.7897     0.7874   2.988796   2.988641    307.027     0.1198     0.1020    922.429   78.92206   -3.96756    34.8807    34.8812 0.0000e+00
    572.000     0.7874     0.7857   2.988645   2.988547    307.262     0.1231     0.1028    923.420   78.92206   -3.96756    34.8807    34.8813 0.0000e+00
    573.000     0.7835     0.7818   2.988334   2.988248    307.023     0.1200     0.1029    924.413   78.92206   -3.96756    34.8805    34.8812 0.0000e+00
    574.000     0.7780     0.7760   2.987887   2.987763    307.238     0.1226     0.1039    925.412   78.92206   -3.96756    34.8803    34.8809 0.0000e+00
    575.000     0.7664     0.7649   2.986880   2.986787    307.512     0.1199     0.1040    926.408   78.92206   -3.96756    34.8796    34.8801 0.0000e+00
    576.000     0.7563     0.7547   2.986002   2.985909    307.327     0.1184     0.1031    927.403   78.92206   -3.96756    34.8790    34.8796 0.0000e+00
    577.000     0.7510     0.7490   2.985555   2.985448    307.369     0.1224     0.1012    928.405   78.92204   -3.96756    34.8786    34.8795 0.0000e+00
    578.000     0.7493     0.7477   2.985452   2.985378    307.105     0.1195     0.1016    929.411   78.92204   -3.96756    34.8786    34.8794 0.0000e+00
    579.000     0.7521     0.7506   2.985781   2.985729    307.367     0.1228     0.1023    930.419   78.92204   -3.96756    34.8791    34.8801 0.0000e+00
    580.000     0.7589     0.7573   2.986523   2.986466    307.326     0.1259     0.1019    931.423   78.92204   -3.96756    34.8806    34.8815 0.0000e+00
    581.000     0.7628     0.7601   2.986958   2.986783    307.396     0.1207     0.1030    932.434   78.92204   -3.96756    34.8812    34.8820 0.0000e+00
    582.000     0.7644     0.7628   2.987149   2.987083    306.979     0.1200     0.1041    933.442   78.92204   -3.96757    34.8814    34.8823 0.0000e+00
    583.000     0.7645     0.7629   2.987227   2.987150    307.605     0.1168     0.1029    934.446   78.92204   -3.96758    34.8816    34.8824 0.0000e+00
    584.000     0.7632     0.7617   2.987151   2.987083    307.653     0.1187     0.1037    935.450   78.92204   -3.96758    34.8815    34.8823 0.0000e+00
    585.000     0.7596     0.7578   2.986863   2.986780    307.145     0.1209     0.1030    936.447   78.92204   -3.96758    34.8813    34.8822 0.0000e+00
    586.000     0.7579     0.7564   2.986763   2.986697    307.169     0.1200     0.1013    937.439   78.92204   -3.96758    34.8813    34.8822 0.0000e+00
    587.000     0.7581     0.7565   2.986823   2.986764    307.771     0.1204     0.1020    938.432   78.92204   -3.96758    34.8813    34.8822 0.0000e+00
    588.000     0.7580     0.7560   2.986890   2.986770    307.773     0.1214     0.1037    939.423   78.92204   -3.96758    34.8816    34.8824 0.0000e+00
    589.000     0.7464     0.7444   2.985918   2.985815    307.896     0.1201     0.1031    940.418   78.92204   -3.96758    34.8814    34.8823 0.0000e+00
    590.000     0.7504     0.7480   2.986347   2.986206    307.980     0.1200     0.1038    941.416   78.92204   -3.96758    34.8820    34.8828 0.0000e+00
    591.000     0.7452     0.7425   2.985913   2.985723    307.620     0.1183     0.1029    942.420   78.92204   -3.96758    34.8817    34.8822 0.0000e+00
    592.000     0.7313     0.7300   2.984680   2.984614    307.672     0.1237     0.1027    943.431   78.92204   -3.96758    34.8806    34.8812 0.0000e+00
    593.000     0.7269     0.7257   2.984324   2.984329    307.690     0.1269     0.1037    944.433   78.92204   -3.96758    34.8804    34.8818 0.0000e+00
    594.000     0.7394     0.7382   2.985571   2.985532    307.476     0.1226     0.1047    945.440   78.92204   -3.96758    34.8820    34.8828 0.0000e+00
    595.000     0.7295     0.7267   2.984709   2.984507    307.644     0.1177     0.1046    946.453   78.92204   -3.96758    34.8812    34.8817 0.0000e+00
    596.000     0.7266     0.7243   2.984498   2.984362    307.657     0.1192     0.1040    947.477   78.92202   -3.96758    34.8812    34.8820 0.0000e+00
    597.000     0.7247     0.7234   2.984383   2.984345    307.797     0.1199     0.1036    948.487   78.92202   -3.96758    34.8813    34.8822 0.0000e+00
    598.000     0.7251     0.7233   2.984512   2.984438    307.194     0.1189     0.1025    949.499   78.92202   -3.96758    34.8819    34.8829 0.0000e+00
    599.000     0.7277     0.7263   2.984809   2.984767    306.632     0.1189     0.1015    950.508   78.92202   -3.96758    34.8822    34.8833 0.0000e+00
    600.000     0.7364     0.7353   2.985685   2.985684    306.700     0.1189     0.1018    951.522   78.92202   -3.96758    34.8833    34.8846 0.0000e+00
    601.000     0.7455     0.7443   2.986617   2.986585    306.637     0.1217     0.1027    952.534   78.92202   -3.96758    34.8846    34.8855 0.0000e+00
    602.000     0.7463     0.7445   2.986747   2.986679    307.363     0.1208     0.1029    953.546   78.92202   -3.96758    34.8848    34.8859 0.0000e+00
    603.000     0.7461     0.7446   2.986791   2.986741    307.651     0.1182     0.1035    954.573   78.92202   -3.96758    34.8850    34.8860 0.0000e+00
    604.000     0.7443     0.7429   2.986692   2.986640    307.918     0.1191     0.1047    955.599   78.92202   -3.96758    34.8852    34.8861 0.0000e+00
    605.000     0.7499     0.7481   2.987271   2.987212    307.899     0.1208     0.1047    956.626   78.92202   -3.96758    34.8859    34.8871 0.0000e+00
    606.000     0.7554     0.7539   2.987860   2.987809    308.044     0.1192     0.1035    957.665   78.92202   -3.96758    34.8867    34.8878 0.0000e+00
    607.000     0.7581     0.7567   2.988167   2.988129    308.227     0.1189     0.1018    958.701   78.92202   -3.96758    34.8871    34.8882 0.0000e+00
    608.000     0.7602     0.7587   2.988432   2.988372    308.840     0.1215     0.1015    959.740   78.92202   -3.96758    34.8875    34.8885 0.0000e+00
    609.000     0.7598     0.7584   2.988445   2.988405    309.219     0.1188     0.1017    960.782   78.92202   -3.96758    34.8876    34.8887 0.0000e+00
    610.000     0.7598     0.7581   2.988492   2.988419    308.982     0.1191     0.1028    961.817   78.92202   -3.96759    34.8877    34.8886 0.0000e+00
    611.000     0.7592     0.7575   2.988490   2.988417    308.777     0.1197     0.1030    962.863   78.92202   -3.96760    34.8877    34.8887 0.0000e+00
    612.000     0.7556     0.7541   2.988219   2.988152    308.542     0.1138     0.1061    963.915   78.92202   -3.96760    34.8877    34.8885 0.0000e+00
    613.000     0.7534     0.7518   2.988066   2.988008    308.967     0.1188     0.1029    964.963   78.92201   -3.96760    34.8875    34.8886 0.0000e+00
    614.000     0.7520     0.7503   2.987977   2.987903    309.595     0.1182     0.1039    966.006   78.92200   -3.96760    34.8874    34.8883 0.0000e+00
    615.000     0.7488     0.7468   2.987729   2.987632    309.673     0.1211     0.1045    967.050   78.92200   -3.96760    34.8872    34.8882 0.0000e+00
    616.000     0.7458     0.7431   2.987486   2.987322    309.446     0.1231     0.1030    968.097   78.92200   -3.96760    34.8869    34.8877 0.0000e+00
    617.000     0.7412     0.7394   2.987117   2.987013    309.456     0.1216     0.1020    969.133   78.92200   -3.96760    34.8866    34.8874 0.0000e+00
    618.000     0.7308     0.7283   2.986192   2.986039    309.407     0.1194     0.1040    970.166   78.92200   -3.96760    34.8857    34.8865 0.0000e+00
    619.000     0.7166     0.7146   2.984951   2.984846    308.766     0.1186     0.1063    971.195   78.92200   -3.96760    34.8850    34.8858 0.0000e+00
    620.000     0.7160     0.7162   2.984934   2.985033    308.383     0.1179     0.1040    972.213   78.92200   -3.96760    34.8849    34.8860 0.0000e+00
