test_project/cnv_files/017_bin.cnv
* Sea-Bird SBE 9 Data File:
* FileName = C:\Documents and Settings\ctd\Desktop\FS2022\data\017.hex
* Software Version Seasave V 7.21b
* Temperature SN = 2400
* Conductivity SN = 3447
* Number of Bytes Per Scan = 48
* Number of Voltage Words = 5
* Number of Scans Averaged by the Deck Unit = 1
* NMEA Latitude = 78 55.33 N
* NMEA Longitude = 003 57.87 W
* NMEA UTC (Time) = Sep 16 2022  13:02:28
* NMEA baud rate = 4800
** Cruise: FS 2022
** Ship: Silver Arctic
** Station (File Number):  017
** Latitude:
** Longitude:
** Echodepth (m):
** Seastate:
# nquan = 14
# nvalues = 2007                        
# units = specified
# name 0 = prDM: Pressure, Digiquartz [db]
# name 1 = t090C: Temperature [ITS-90, deg C]
# name 2 = t190C: Temperature, 2 [ITS-90, deg C]
# name 3 = c0S/m: Conductivity [S/m]
# name 4 = c1S/m: Conductivity, 2 [S/m]
# name 5 = sbox0Mm/Kg: Oxygen, SBE 43 [umol/kg]
# name 6 = wetCDOM: Fluorescence, WET Labs CDOM [mg/m^3]
# name 7 = wetCDOM1: Fluorescence, WET Labs CDOM, 2 [mg/m^3]
# name 8 = timeS: Time, Elapsed [seconds]
# name 9 = latitude: Latitude [deg]
# name 10 = longitude: Longitude [deg]
# name 11 = sal00: Salinity, Practical [PSU]
# name 12 = sal11: Salinity, Practical, 2 [PSU]
# name 13 = flag: flag
# span 0 =      2.000,   2008.000       
# span 1 =    -1.7548,     3.8533       
# span 2 =    -1.7549,     3.8451       
# span 3 =   2.395999,   3.231459       
# span 4 =   2.395793,   3.231536       
# span 5 =    298.681,    536.197       
# span 6 =     0.1037,     0.1819       
# span 7 =     0.0958,     0.1337       
# span 8 =    284.246,   2442.856       
# span 9 =   78.92016,   78.92224       
# span 10 =   -3.97007,   -3.96636      
# span 11 =    29.8697,    34.9864      
# span 12 =    29.8664,    34.9879      
# span 13 = 0.0000e+00, 0.0000e+00      
# interval = decibars: 1                
# start_time = Sep 16 2022 13:02:29 [NMEA time, first data scan]
# bad_flag = -9.990e-29
*END*
[from data line 1136]
   1138.000    -0.1588    -0.1603   2.933531   2.933499    307.453     0.1211     0.1063   1519.486   78.92124   -3.96768    34.8998    34.9010 0.0000e+00
   1139.000    -0.1591    -0.1606   2.933557   2.933524    307.268     0.1221     0.1058   1520.507   78.92124   -3.96768    34.8999    34.9012 0.0000e+00
   1140.000    -0.1593    -0.1608   2.933574   2.933540    306.931     0.1207     0.1042   1521.534   78.92124   -3.96768    34.8998    34.9011 0.0000e+00
   1141.000    -0.1595    -0.1611   2.933609   2.933554    307.199     0.1213     0.1042   1522.566   78.92124   -3.96768    34.9000    34.9010 0.0000e+00
   1142.000    -0.1602    -0.1618   2.933595   2.933547    307.179     0.1187     0.1041   1523.600   78.92124   -3.96768    34.8999    34.9011 0.0000e+00
   1143.000    -0.1606    -0.1622   2.933607   2.933562    306.940     0.1241     0.1045   1524.644   78.92124   -3.96768    34.9000    34.9012 0.0000e+00
   1144.000    -0.1609    -0.1625   2.933626   2.933578    307.108     0.1219     0.1051   1525.688   78.92124   -3.96768    34.9000    34.9012 0.0000e+00
   1145.000    -0.1611    -0.1627   2.933645   2.933608    307.086     0.1265     0.1043   1526.737   78.92124   -3.96768    34.9000    34.9013 0.0000e+00
   1146.000    -0.1621    -0.1637   2.933617   2.933574    307.002     0.1250     0.1043   1527.787   78.92124   -3.96768    34.9001    34.9014 0.0000e+00
   1147.000    -0.1626    -0.1642   2.933611   2.933571    306.356     0.1218     0.1043   1528.833   78.92123   -3.96768    34.9001    34.9013 0.0000e+00
   1148.000    -0.1628    -0.1644   2.933638   2.933589    306.673     0.1194     0.1050   1529.875   78.92122   -3.96768    34.9001    34.9012 0.0000e+00
   1149.000    -0.1632    -0.1648   2.933657   2.933620    306.789     0.1238     0.1062   1530.905   78.92122   -3.96768    34.9001    34.9015 0.0000e+00
   1150.000    -0.1635    -0.1650   2.933681   2.933639    307.080     0.1240     0.1070   1531.931   78.92122   -3.96768    34.9003    34.9014 0.0000e+00
   1151.000    -0.1642    -0.1658   2.933656   2.933621    307.340     0.1224     0.1060   1532.950   78.92122   -3.96768    34.9002    34.9015 0.0000e+00
   1152.000    -0.1647    -0.1663   2.933666   2.933626    307.326     0.1220     0.1040   1533.968   78.92122   -3.96768    34.9002    34.9016 0.0000e+00
   1153.000    -0.1649    -0.1664   2.933697   2.933660    307.321     0.1213     0.1032   1534.990   78.92122   -3.96768    34.9003    34.9016 0.0000e+00
   1154.000    -0.1656    -0.1672   2.933682   2.933651    307.432     0.1226     0.1051   1536.009   78.92122   -3.96766    34.9003    34.9017 0.0000e+00
   1155.000    -0.1667    -0.1683   2.933635   2.933580    307.390     0.1272     0.1053   1537.033   78.92122   -3.96766    34.9004    34.9015 0.0000e+00
   1156.000    -0.1672    -0.1688   2.933634   2.933592    306.972     0.1271     0.1065   1538.046   78.92122   -3.96766    34.9004    34.9016 0.0000e+00
   1157.000    -0.1680    -0.1695   2.933618   2.933584    307.055     0.1238     0.1047   1539.072   78.92122   -3.96766    34.9006    34.9018 0.0000e+00
   1158.000    -0.1681    -0.1697   2.933651   2.933605    307.032     0.1206     0.1049   1540.116   78.92122   -3.96766    34.9005    34.9017 0.0000e+00
   1159.000    -0.1683    -0.1699   2.933674   2.933624    307.408     0.1257     0.1063   1541.146   78.92122   -3.96766    34.9005    34.9016 0.0000e+00
   1160.000    -0.1689    -0.1705   2.933669   2.933632    307.534     0.1255     0.1072   1542.176   78.92122   -3.96766    34.9006    34.9018 0.0000e+00
   1161.000    -0.1699    -0.1715   2.933633   2.933602    307.312     0.1210     0.1069   1543.220   78.92122   -3.96766    34.9006    34.9020 0.0000e+00
   1162.000    -0.1706    -0.1722   2.933624   2.933585    307.354     0.1201     0.1050   1544.271   78.92120   -3.96766    34.9007    34.9020 0.0000e+00
   1163.000    -0.1715    -0.1730   2.933600   2.933546    307.018     0.1223     0.1042   1545.307   78.92120   -3.96766    34.9008    34.9018 0.0000e+00
   1164.000    -0.1719    -0.1735   2.933599   2.933561    306.889     0.1228     0.1042   1546.341   78.92120   -3.96766    34.9008    34.9021 0.0000e+00
   1165.000    -0.1721    -0.1737   2.933623   2.933583    307.414     0.1223     0.1041   1547.368   78.92120   -3.96766    34.9007    34.9020 0.0000e+00
   1166.000    -0.1723    -0.1739   2.933653   2.933613    307.134     0.1246     0.1042   1548.382   78.92120   -3.96766    34.9007    34.9020 0.0000e+00
   1167.000    -0.1732    -0.1748   2.933631   2.933594    307.021     0.1243     0.1050   1549.397   78.92120   -3.96766    34.9009    34.9022 0.0000e+00
   1168.000    -0.1743    -0.1759   2.933585   2.933553    307.044     0.1219     0.1044   1550.411   78.92120   -3.96766    34.9009    34.9023 0.0000e+00
   1169.000    -0.1746    -0.1762   2.933613   2.933556    307.135     0.1275     0.1047   1551.428   78.92120   -3.96766    34.9011    34.9021 0.0000e+00
   1170.000    -0.1749    -0.1764   2.933620   2.933578    306.765     0.1204     0.1048   1552.458   78.92120   -3.96766    34.9010    34.9022 0.0000e+00
   1171.000    -0.1760    -0.1775   2.933578   2.933547    306.880     0.1227     0.1043   1553.488   78.92120   -3.96766    34.9011    34.9024 0.0000e+00
   1172.000    -0.1769    -0.1785   2.933554   2.933514    307.075     0.1222     0.1040   1554.473   78.92120   -3.96766    34.9012    34.9025 0.0000e+00
   1173.000    -0.1773    -0.1789   2.933560   2.933516    306.680     0.1224     0.1029   1555.448   78.92120   -3.96766    34.9012    34.9024 0.0000e+00
   1174.000    -0.1780    -0.1796   2.933541   2.933511    306.971     0.1231     0.1031   1556.472   78.92120   -3.96766    34.9011    34.9025 0.0000e+00
   1175.000    -0.1795    -0.1810   2.933469   2.933434    306.977     0.1247     0.1031   1557.531   78.92120   -3.96766    34.9013    34.9026 0.0000e+00
   1176.000    -0.1800    -0.1816   2.933471   2.933437    306.508     0.1264     0.1066   1558.571   78.92119   -3.96766    34.9014    34.9027 0.0000e+00
   1177.000    -0.1800    -0.1816   2.933525   2.933481    306.827     0.1217     0.1078   1559.597   78.92118   -3.96766    34.9015    34.9027 0.0000e+00
   1178.000    -0.1800    -0.1816   2.933568   2.933518    306.867     0.1227     0.1044   1560.628   78.92118   -3.96766    34.9015    34.9026 0.0000e+00
   1179.000    -0.1799    -0.1815   2.933617   2.933577    306.785     0.1244     0.1044   1561.663   78.92118   -3.96766    34.9015    34.9028 0.0000e+00
   1180.000    -0.1801    -0.1817   2.933652   2.933615    306.939     0.1220     0.1054   1562.691   78.92118   -3.96766    34.9016    34.9029 0.0000e+00
   1181.000    -0.1801    -0.1816   2.933696   2.933669    307.364     0.1275     0.1064   1563.720   78.92118   -3.96766    34.9016    34.9029 0.0000e+00
   1182.000    -0.1800    -0.1816   2.933741   2.933699    307.313     0.1267     0.1073   1564.746   78.92118   -3.96767    34.9015    34.9028 0.0000e+00
   1183.000    -0.1799    -0.1815   2.933805   2.933764    306.963     0.1227     0.1054   1565.773   78.92118   -3.96768    34.9017    34.9029 0.0000e+00
   1184.000    -0.1795    -0.1811   2.933891   2.933856    306.474     0.1228     0.1055   1566.796   78.92118   -3.96768    34.9018    34.9032 0.0000e+00
   1185.000    -0.1794    -0.1809   2.933944   2.933917    306.489     0.1242     0.1045   1567.818   78.92118   -3.96768    34.9018    34.9032 0.0000e+00
   1186.000    -0.1803    -0.1818   2.933924   2.933893    307.106     0.1254     0.1067   1568.847   78.92118   -3.96768    34.9021    34.9033 0.0000e+00
   1187.000    -0.1808    -0.1823   2.933938   2.933898    307.298     0.1235     0.1070   1569.877   78.92118   -3.96768    34.9022    34.9034 0.0000e+00
   1188.000    -0.1809    -0.1825   2.933961   2.933919    307.520     0.1208     0.1050   1570.914   78.92118   -3.96768    34.9021    34.9033 0.0000e+00
   1189.000    -0.1814    -0.1830   2.933967   2.933920    307.456     0.1262     0.1040   1571.955   78.92118   -3.96768    34.9021    34.9033 0.0000e+00
   1190.000    -0.1813    -0.1828   2.934015   2.933971    307.912     0.1262     0.1041   1572.999   78.92118   -3.96768    34.9021    34.9032 0.0000e+00
   1191.000    -0.1818    -0.1834   2.934010   2.933962    308.006     0.1259     0.1058   1574.041   78.92117   -3.96768    34.9020    34.9032 0.0000e+00
   1192.000    -0.1830    -0.1847   2.933966   2.933912    307.772     0.1226     0.1076   1575.076   78.92116   -3.96768    34.9022    34.9034 0.0000e+00
   1193.000    -0.1833    -0.1850   2.933981   2.933927    307.593     0.1242     0.1071   1576.112   78.92116   -3.96768    34.9022    34.9034 0.0000e+00
   1194.000    -0.1839    -0.1854   2.933982   2.933939    307.569     0.1197     0.1067   1577.141   78.92116   -3.96768    34.9023    34.9034 0.0000e+00
   1195.000    -0.1843    -0.1858   2.933991   2.933941    307.783     0.1197     0.1046   1578.167   78.92116   -3.96768    34.9023    34.9034 0.0000e+00
   1196.000    -0.1877    -0.1893   2.933729   2.933691    307.475     0.1208     0.1067   1579.194   78.92116   -3.96768    34.9022    34.9035 0.0000e+00
   1197.000    -0.1888    -0.1903   2.933678   2.933645    307.541     0.1219     0.1055   1580.215   78.92116   -3.96768    34.9021    34.9034 0.0000e+00
   1198.000    -0.1893    -0.1909   2.933669   2.933629    307.627     0.1224     0.1053   1581.235   78.92116   -3.96768    34.9020    34.9032 0.0000e+00
   1199.000    -0.1900    -0.1915   2.933665   2.933620    307.036     0.1220     0.1055   1582.262   78.92116   -3.96768    34.9022    34.9032 0.0000e+00
   1200.000    -0.1922    -0.1937   2.933533   2.933486    306.773     0.1201     0.1054   1583.290   78.92116   -3.96768    34.9024    34.9034 0.0000e+00
   1201.000    -0.1939    -0.1953   2.933426   2.933397    306.861     0.1192     0.1044   1584.325   78.92116   -3.96768    34.9023    34.9035 0.0000e+00
   1202.000    -0.1961    -0.1978   2.933291   2.933253    306.987     0.1245     0.1036   1585.360   78.92116   -3.96768    34.9025    34.9038 0.0000e+00
   1203.000    -0.1966    -0.1984   2.933301   2.933240    306.993     0.1245     0.1045   1586.396   78.92116   -3.96768    34.9025    34.9038 0.0000e+00
   1204.000    -0.1973    -0.1989   2.933286   2.933244    306.577     0.1215     0.1054   1587.422   78.92116   -3.96768    34.9026    34.9038 0.0000e+00
   1205.000    -0.1978    -0.1994   2.933285   2.933250    306.681     0.1212     0.1052   1588.444   78.92116   -3.96768    34.9026    34.9039 0.0000e+00
   1206.000    -0.1993    -0.2007   2.933217   2.933186    306.598     0.1200     0.1044   1589.464   78.92116   -3.96768    34.9028    34.9040 0.0000e+00
   1207.000    -0.1998    -0.2012   2.933216   2.933186    306.732     0.1217     0.1043   1590.481   78.92115   -3.96769    34.9028    34.9039 0.0000e+00
   1208.000    -0.2007    -0.2023   2.933187   2.933144    306.637     0.1248     0.1032   1591.495   78.92114   -3.96770    34.9028    34.9041 0.0000e+00
   1209.000    -0.2011    -0.2026   2.933195   2.933164    306.848     0.1262     0.1045   1592.505   78.92114   -3.96770    34.9029    34.9041 0.0000e+00
   1210.000    -0.2030    -0.2045   2.933093   2.933053    306.634     0.1233     0.1053   1593.521   78.92114   -3.96770    34.9031    34.9043 0.0000e+00
   1211.000    -0.2044    -0.2061   2.933017   2.932972    306.675     0.1210     0.1053   1594.538   78.92114   -3.96770    34.9031    34.9044 0.0000e+00
   1212.000    -0.2053    -0.2069   2.932991   2.932946    307.096     0.1256     0.1049   1595.549   78.92114   -3.96770    34.9032    34.9044 0.0000e+00
   1213.000    -0.2056    -0.2072   2.933010   2.932973    306.755     0.1234     0.1040   1596.565   78.92114   -3.96770    34.9032    34.9046 0.0000e+00
   1214.000    -0.2058    -0.2074   2.933035   2.932989    306.927     0.1206     0.1032   1597.580   78.92114   -3.96770    34.9032    34.9044 0.0000e+00
   1215.000    -0.2064    -0.2080   2.933026   2.932989    306.213     0.1277     0.1052   1598.600   78.92114   -3.96770    34.9032    34.9045 0.0000e+00
   1216.000    -0.2076    -0.2092   2.932965   2.932939    306.025     0.1253     0.1076   1599.613   78.92114   -3.96770    34.9033    34.9047 0.0000e+00
   1217.000    -0.2084    -0.2099   2.932954   2.932921    306.474     0.1239     0.1058   1600.623   78.92114   -3.96770    34.9034    34.9047 0.0000e+00
   1218.000    -0.2089    -0.2106   2.932950   2.932915    306.198     0.1205     0.1044   1601.636   78.92114   -3.96770    34.9033    34.9048 0.0000e+00
   1219.000    -0.2096    -0.2112   2.932946   2.932904    306.169     0.1201     0.1040   1602.653   78.92114   -3.96770    34.9035    34.9048 0.0000e+00
   1220.000    -0.2102    -0.2118   2.932944   2.932895    306.461     0.1228     0.1048   1603.667   78.92114   -3.96771    34.9036    34.9048 0.0000e+00
   1221.000    -0.2108    -0.2123   2.932936   2.932899    306.374     0.1232     0.1053   1604.685   78.92114   -3.96772    34.9036    34.9049 0.0000e+00
   1222.000    -0.2108    -0.2123   2.932989   2.932946    306.604     0.1201     0.1056   1605.707   78.92114   -3.96772    34.9037    34.9049 0.0000e+00
   1223.000    -0.2109    -0.2125   2.933010   2.932975    306.356     0.1209     0.1071   1606.733   78.92114   -3.96772    34.9036    34.9049 0.0000e+00
   1224.000    -0.2115    -0.2131   2.933007   2.932963    306.342     0.1257     0.1066   1607.760   78.92113   -3.96772    34.9037    34.9049 0.0000e+00
   1225.000    -0.2121    -0.2137   2.933005   2.932968    306.267     0.1228     0.1045   1608.786   78.92112   -3.96772    34.9037    34.9051 0.0000e+00
   1226.000    -0.2136    -0.2152   2.932928   2.932888    305.864     0.1234     0.1053   1609.810   78.92112   -3.96772    34.9038    34.9051 0.0000e+00
   1227.000    -0.2144    -0.2161   2.932907   2.932867    305.849     0.1219     0.1065   1610.825   78.92112   -3.96772    34.9039    34.9053 0.0000e+00
   1228.000    -0.2152    -0.2168   2.932888   2.932850    306.677     0.1257     0.1068   1611.838   78.92112   -3.96772    34.9040    34.9053 0.0000e+00
   1229.000    -0.2154    -0.2170   2.932909   2.932871    306.689     0.1227     0.1055   1612.849   78.92112   -3.96772    34.9039    34.9053 0.0000e+00
   1230.000    -0.2154    -0.2170   2.932951   2.932912    306.785     0.1231     0.1041   1613.856   78.92112   -3.96772    34.9039    34.9052 0.0000e+00
   1231.000    -0.2158    -0.2174   2.932971   2.932922    306.775     0.1263     0.1044   1614.868   78.92112   -3.96772    34.9040    34.9052 0.0000e+00
   1232.000    -0.2161    -0.2177   2.932986   2.932955    306.391     0.1258     0.1053   1615.882   78.92112   -3.96773    34.9040    34.9054 0.0000e+00
   1233.000    -0.2166    -0.2183   2.932989   2.932943    306.005     0.1241     0.1052   1616.893   78.92112   -3.96774    34.9041    34.9054 0.0000e+00
   1234.000    -0.2171    -0.2186   2.932998   2.932950    306.230     0.1216     0.1044   1617.914   78.92112   -3.96774    34.9041    34.9053 0.0000e+00
   1235.000    -0.2179    -0.2194   2.932972   2.932930    306.613     0.1239     0.1041   1618.932   78.92112   -3.96774    34.9042    34.9054 0.0000e+00
   1236.000    -0.2193    -0.2209   2.932900   2.932862    306.847     0.1289     0.1050   1619.956   78.92112   -3.96774    34.9042    34.9055 0.0000e+00
   1237.000    -0.2198    -0.2215   2.932899   2.932863    306.905     0.1256     0.1064   1620.975   78.92112   -3.96774    34.9042    34.9056 0.0000e+00
   1238.000    -0.2206    -0.2222   2.932884   2.932844    306.728     0.1259     0.1060   1621.995   78.92112   -3.96774    34.9044    34.9056 0.0000e+00
   1239.000    -0.2214    -0.2230   2.932865   2.932830    306.264     0.1230     0.1053   1623.025   78.92112   -3.96774    34.9045    34.9058 0.0000e+00
