test_project/cnv_files/017_bin.cnv
* Sea-Bird SBE 9 Data File:
* FileName = C:\Documents and Settings\ctd\Desktop\FS2022\data\017.hex
* Software Version Seasave V 7.21b
* Temperature SN = 2400
* Conductivity SN = 3447
* Number of Bytes Per Scan = 48
* Number of Voltage Words = 5
* Number of Scans Averaged by the Deck Unit = 1
* NMEA Latitude = 78 55.33 N
* NMEA Longitude = 003 57.87 W
* NMEA UTC (Time) = Sep 16 2022  13:02:28
* NMEA baud rate = 4800
** Cruise: FS 2022
** Ship: Silver Arctic
** Station (File Number):  017
** Latitude:
** Longitude:
** Echodepth (m):
** Seastate:
# nquan = 14
# nvalues = 2007                        
# units = specified
# name 0 = prDM: Pressure, Digiquartz [db]
# name 1 = t090C: Temperature [ITS-90, deg C]
# name 2 = t190C: Temperature, 2 [ITS-90, deg C]
# name 3 = c0S/m: Conductivity [S/m]
# name 4 = c1S/m: Conductivity, 2 [S/m]
# name 5 = sbox0Mm/Kg: Oxygen, SBE 43 [umol/kg]
# name 6 = wetCDOM: Fluorescence, WET Labs CDOM [mg/m^3]
# name 7 = wetCDOM1: Fluorescence, WET Labs CDOM, 2 [mg/m^3]
# name 8 = timeS: Time, Elapsed [seconds]
# name 9 = latitude: Latitude [deg]
# name 10 = longitude: Longitude [deg]
# name 11 = sal00: Salinity, Practical [PSU]
# name 12 = sal11: Salinity, Practical, 2 [PSU]
# name 13 = flag: flag
# span 0 =      2.000,   2008.000       
# span 1 =    -1.7548,     3.8533       
# span 2 =    -1.7549,     3.8451       
# span 3 =   2.395999,   3.231459       
# span 4 =   2.395793,   3.231536       
# span 5 =    298.681,    536.197       
# span 6 =     0.1037,     0.1819       
# span 7 =     0.0958,     0.1337       
# span 8 =    284.246,   2442.856       
# span 9 =   78.92016,   78.92224       
# span 10 =   -3.97007,   -3.96636      
# span 11 =    29.8697,    34.9864      
# span 12 =    29.8664,    34.9879      
# span 13 = 0.0000e+00, 0.0000e+00      
# interval = decibars: 1                
# start_time = Sep 16 2022 13:02:29 [NMEA time, first data scan]
# bad_flag = -9.990e-29
*END*
[from data line 1549]
   1551.000    -0.3918    -0.3934   2.932294   2.932254    304.061     0.1279     0.1052   1948.620   78.92072   -3.96834    34.9148    34.9161 0.0000e+00
   1552.000    -0.3928    -0.3943   2.932239   2.932218    304.405     0.1284     0.1051   1949.641   78.92072   -3.96834    34.9147    34.9161 0.0000e+00
   1553.000    -0.3925    -0.3943   2.932306   2.932267    303.734     0.1257     0.1044   1950.669   78.92072   -3.96834    34.9147    34.9162 0.0000e+00
   1554.000    -0.3937    -0.3953   2.932259   2.932221    303.741     0.1250     0.1067   1951.691   78.92072   -3.96834    34.9149    34.9162 0.0000e+00
   1555.000    -0.3961    -0.3978   2.932087   2.932039    303.734     0.1259     0.1043   1952.717   78.92072   -3.96834    34.9148    34.9161 0.0000e+00
   1556.000    -0.3963    -0.3980   2.932115   2.932062    303.578     0.1246     0.1051   1953.741   78.92072   -3.96834    34.9148    34.9161 0.0000e+00
   1557.000    -0.3965    -0.3981   2.932132   2.932104    304.249     0.1226     0.1052   1954.758   78.92071   -3.96834    34.9148    34.9162 0.0000e+00
   1558.000    -0.3974    -0.3991   2.932103   2.932065    303.880     0.1236     0.1061   1955.776   78.92070   -3.96834    34.9148    34.9162 0.0000e+00
   1559.000    -0.3981    -0.3998   2.932072   2.932041    303.914     0.1245     0.1045   1956.790   78.92070   -3.96834    34.9147    34.9161 0.0000e+00
   1560.000    -0.3985    -0.4002   2.932078   2.932046    303.961     0.1192     0.1021   1957.809   78.92070   -3.96834    34.9146    34.9160 0.0000e+00
   1561.000    -0.3987    -0.4004   2.932105   2.932064    303.988     0.1180     0.1032   1958.823   78.92070   -3.96834    34.9146    34.9160 0.0000e+00
   1562.000    -0.3993    -0.4012   2.932096   2.932052    304.083     0.1223     0.1039   1959.842   78.92070   -3.96834    34.9146    34.9161 0.0000e+00
   1563.000    -0.3996    -0.4013   2.932111   2.932073    303.719     0.1246     0.1030   1960.866   78.92070   -3.96834    34.9146    34.9160 0.0000e+00
   1564.000    -0.4002    -0.4019   2.932104   2.932065    303.579     0.1222     0.1051   1961.895   78.92070   -3.96834    34.9146    34.9160 0.0000e+00
   1565.000    -0.4015    -0.4031   2.932029   2.932000    303.519     0.1219     0.1053   1962.919   78.92070   -3.96834    34.9145    34.9160 0.0000e+00
   1566.000    -0.4019    -0.4036   2.932040   2.932002    304.276     0.1199     0.1045   1963.948   78.92070   -3.96834    34.9146    34.9161 0.0000e+00
   1567.000    -0.4019    -0.4036   2.932101   2.932069    304.445     0.1204     0.1041   1964.971   78.92070   -3.96834    34.9148    34.9163 0.0000e+00
   1568.000    -0.4019    -0.4036   2.932141   2.932107    304.202     0.1244     0.1034   1965.989   78.92070   -3.96834    34.9149    34.9163 0.0000e+00
   1569.000    -0.4024    -0.4040   2.932148   2.932115    304.116     0.1225     0.1034   1967.005   78.92070   -3.96834    34.9149    34.9163 0.0000e+00
   1570.000    -0.4022    -0.4038   2.932219   2.932189    304.247     0.1206     0.1045   1968.018   78.92070   -3.96834    34.9151    34.9164 0.0000e+00
   1571.000    -0.4018    -0.4035   2.932292   2.932260    304.387     0.1258     0.1055   1969.037   78.92068   -3.96834    34.9151    34.9166 0.0000e+00
   1572.000    -0.4030    -0.4046   2.932236   2.932211    303.960     0.1248     0.1065   1970.050   78.92068   -3.96834    34.9152    34.9166 0.0000e+00
   1573.000    -0.4024    -0.4040   2.932333   2.932302    303.532     0.1235     0.1052   1971.072   78.92068   -3.96834    34.9152    34.9165 0.0000e+00
   1574.000    -0.4041    -0.4057   2.932221   2.932185    303.631     0.1242     0.1043   1972.096   78.92068   -3.96834    34.9151    34.9164 0.0000e+00
   1575.000    -0.4051    -0.4069   2.932180   2.932138    303.554     0.1228     0.1051   1973.125   78.92068   -3.96834    34.9151    34.9166 0.0000e+00
   1576.000    -0.4055    -0.4073   2.932189   2.932157    303.159     0.1216     0.1051   1974.154   78.92068   -3.96834    34.9151    34.9167 0.0000e+00
   1577.000    -0.4057    -0.4074   2.932221   2.932187    303.646     0.1226     0.1064   1975.183   78.92068   -3.96834    34.9151    34.9166 0.0000e+00
   1578.000    -0.4057    -0.4074   2.932259   2.932239    303.621     0.1235     0.1054   1976.207   78.92068   -3.96834    34.9152    34.9168 0.0000e+00
   1579.000    -0.4055    -0.4073   2.932322   2.932273    303.383     0.1219     0.1041   1977.231   78.92068   -3.96834    34.9152    34.9166 0.0000e+00
   1580.000    -0.4054    -0.4072   2.932367   2.932328    303.531     0.1264     0.1043   1978.248   78.92068   -3.96834    34.9152    34.9166 0.0000e+00
   1581.000    -0.4052    -0.4069   2.932428   2.932389    303.596     0.1233     0.1053   1979.260   78.92068   -3.96834    34.9152    34.9166 0.0000e+00
   1582.000    -0.4051    -0.4068   2.932481   2.932454    303.325     0.1207     0.1051   1980.287   78.92068   -3.96834    34.9152    34.9168 0.0000e+00
   1583.000    -0.4049    -0.4066   2.932544   2.932504    303.306     0.1209     0.1041   1981.330   78.92068   -3.96834    34.9152    34.9166 0.0000e+00
   1584.000    -0.4047    -0.4064   2.932604   2.932570    303.322     0.1226     0.1041   1982.372   78.92068   -3.96833    34.9153    34.9167 0.0000e+00
   1585.000    -0.4061    -0.4077   2.932528   2.932498    303.325     0.1219     0.1040   1983.416   78.92068   -3.96834    34.9152    34.9166 0.0000e+00
   1586.000    -0.4063    -0.4080   2.932552   2.932513    303.311     0.1215     0.1062   1984.456   78.92067   -3.96834    34.9153    34.9167 0.0000e+00
   1587.000    -0.4062    -0.4079   2.932605   2.932572    303.168     0.1221     0.1050   1985.499   78.92066   -3.96834    34.9153    34.9167 0.0000e+00
   1588.000    -0.4060    -0.4077   2.932658   2.932629    303.669     0.1207     0.1041   1986.546   78.92066   -3.96834    34.9153    34.9167 0.0000e+00
   1589.000    -0.4064    -0.4079   2.932679   2.932653    303.881     0.1245     0.1035   1987.597   78.92066   -3.96834    34.9154    34.9168 0.0000e+00
   1590.000    -0.4088    -0.4103   2.932521   2.932494    303.907     0.1188     0.1029   1988.646   78.92066   -3.96834    34.9155    34.9168 0.0000e+00
   1591.000    -0.4093    -0.4109   2.932513   2.932484    304.071     0.1239     0.1037   1989.698   78.92066   -3.96834    34.9154    34.9168 0.0000e+00
   1592.000    -0.4094    -0.4110   2.932555   2.932519    303.938     0.1195     0.1048   1990.743   78.92066   -3.96834    34.9155    34.9169 0.0000e+00
   1593.000    -0.4097    -0.4112   2.932573   2.932545    303.614     0.1243     0.1043   1991.786   78.92066   -3.96834    34.9156    34.9169 0.0000e+00
   1594.000    -0.4106    -0.4121   2.932540   2.932521    303.404     0.1248     0.1052   1992.830   78.92066   -3.96834    34.9156    34.9170 0.0000e+00
   1595.000    -0.4110    -0.4126   2.932554   2.932512    303.254     0.1260     0.1053   1993.870   78.92066   -3.96834    34.9156    34.9169 0.0000e+00
   1596.000    -0.4111    -0.4129   2.932580   2.932539    303.393     0.1268     0.1042   1994.909   78.92066   -3.96834    34.9156    34.9170 0.0000e+00
   1597.000    -0.4114    -0.4130   2.932604   2.932570    303.029     0.1240     0.1050   1995.941   78.92066   -3.96834    34.9157    34.9170 0.0000e+00
   1598.000    -0.4115    -0.4131   2.932639   2.932609    303.398     0.1224     0.1053   1996.981   78.92066   -3.96834    34.9156    34.9171 0.0000e+00
   1599.000    -0.4113    -0.4128   2.932690   2.932667    303.118     0.1218     0.1044   1998.021   78.92066   -3.96834    34.9156    34.9170 0.0000e+00
   1600.000    -0.4113    -0.4129   2.932734   2.932709    303.136     0.1203     0.1033   1999.065   78.92064   -3.96834    34.9156    34.9171 0.0000e+00
   1601.000    -0.4118    -0.4133   2.932741   2.932714    303.407     0.1191     0.1029   2000.107   78.92064   -3.96834    34.9157    34.9170 0.0000e+00
   1602.000    -0.4132    -0.4147   2.932662   2.932630    303.235     0.1216     0.1033   2001.156   78.92064   -3.96834    34.9157    34.9170 0.0000e+00
   1603.000    -0.4132    -0.4149   2.932705   2.932672    302.959     0.1252     0.1050   2002.206   78.92064   -3.96834    34.9157    34.9172 0.0000e+00
   1604.000    -0.4125    -0.4142   2.932809   2.932773    302.704     0.1210     0.1064   2003.259   78.92064   -3.96834    34.9158    34.9172 0.0000e+00
   1605.000    -0.4125    -0.4141   2.932848   2.932814    302.861     0.1192     0.1055   2004.310   78.92064   -3.96834    34.9157    34.9171 0.0000e+00
   1606.000    -0.4125    -0.4141   2.932899   2.932866    303.363     0.1212     0.1064   2005.361   78.92064   -3.96834    34.9158    34.9171 0.0000e+00
   1607.000    -0.4126    -0.4143   2.932938   2.932899    303.076     0.1212     0.1043   2006.409   78.92064   -3.96834    34.9159    34.9173 0.0000e+00
   1608.000    -0.4115    -0.4132   2.933071   2.933035    303.138     0.1214     0.1041   2007.453   78.92064   -3.96834    34.9159    34.9173 0.0000e+00
   1609.000    -0.4109    -0.4122   2.933170   2.933150    302.854     0.1250     0.1051   2008.495   78.92064   -3.96834    34.9159    34.9172 0.0000e+00
   1610.000    -0.4102    -0.4118   2.933265   2.933225    302.766     0.1217     0.1066   2009.529   78.92064   -3.96834    34.9159    34.9171 0.0000e+00
   1611.000    -0.4100    -0.4118   2.933310   2.933269    302.929     0.1216     0.1058   2010.556   78.92064   -3.96834    34.9157    34.9171 0.0000e+00
   1612.000    -0.4100    -0.4116   2.933360   2.933334    302.848     0.1210     0.1053   2011.591   78.92064   -3.96834    34.9158    34.9172 0.0000e+00
   1613.000    -0.4104    -0.4121   2.933370   2.933329    303.113     0.1201     0.1028   2012.624   78.92064   -3.96834    34.9158    34.9172 0.0000e+00
   1614.000    -0.4111    -0.4127   2.933357   2.933321    302.991     0.1209     0.1014   2013.664   78.92064   -3.96834    34.9159    34.9172 0.0000e+00
   1615.000    -0.4120    -0.4136   2.933317   2.933290    303.163     0.1223     0.1034   2014.709   78.92063   -3.96834    34.9158    34.9172 0.0000e+00
   1616.000    -0.4132    -0.4149   2.933252   2.933215    303.112     0.1223     0.1041   2015.757   78.92062   -3.96834    34.9158    34.9172 0.0000e+00
   1617.000    -0.4131    -0.4148   2.933312   2.933272    303.283     0.1232     0.1042   2016.807   78.92062   -3.96834    34.9159    34.9172 0.0000e+00
   1618.000    -0.4127    -0.4143   2.933412   2.933375    303.390     0.1267     0.1041   2017.858   78.92062   -3.96834    34.9162    34.9176 0.0000e+00
   1619.000    -0.4131    -0.4148   2.933416   2.933375    303.294     0.1248     0.1041   2018.908   78.92062   -3.96834    34.9162    34.9176 0.0000e+00
   1620.000    -0.4169    -0.4185   2.933125   2.933082    302.957     0.1259     0.1040   2019.954   78.92062   -3.96834    34.9160    34.9174 0.0000e+00
   1621.000    -0.4188    -0.4203   2.932996   2.932966    302.981     0.1217     0.1023   2020.997   78.92062   -3.96834    34.9159    34.9172 0.0000e+00
   1622.000    -0.4194    -0.4210   2.932979   2.932949    303.164     0.1202     0.1036   2022.034   78.92062   -3.96834    34.9158    34.9173 0.0000e+00
   1623.000    -0.4196    -0.4213   2.933007   2.932970    303.114     0.1237     0.1040   2023.070   78.92062   -3.96834    34.9159    34.9173 0.0000e+00
   1624.000    -0.4192    -0.4209   2.933079   2.933053    303.035     0.1233     0.1056   2024.104   78.92062   -3.96834    34.9159    34.9174 0.0000e+00
   1625.000    -0.4187    -0.4204   2.933181   2.933140    302.874     0.1261     0.1062   2025.140   78.92062   -3.96836    34.9161    34.9175 0.0000e+00
   1626.000    -0.4188    -0.4205   2.933214   2.933180    302.806     0.1260     0.1048   2026.181   78.92062   -3.96836    34.9161    34.9176 0.0000e+00
   1627.000    -0.4189    -0.4206   2.933250   2.933214    302.900     0.1226     0.1040   2027.219   78.92062   -3.96836    34.9162    34.9176 0.0000e+00
   1628.000    -0.4200    -0.4214   2.933194   2.933186    303.055     0.1205     0.1044   2028.262   78.92062   -3.96836    34.9161    34.9176 0.0000e+00
   1629.000    -0.4206    -0.4223   2.933195   2.933150    302.856     0.1208     0.1051   2029.307   78.92060   -3.96836    34.9163    34.9175 0.0000e+00
   1630.000    -0.4206    -0.4222   2.933232   2.933204    302.569     0.1247     0.1042   2030.346   78.92060   -3.96836    34.9162    34.9176 0.0000e+00
   1631.000    -0.4216    -0.4233   2.933204   2.933167    303.332     0.1243     0.1066   2031.392   78.92060   -3.96836    34.9163    34.9178 0.0000e+00
   1632.000    -0.4224    -0.4242   2.933191   2.933168    302.628     0.1220     0.1055   2032.437   78.92060   -3.96836    34.9166    34.9182 0.0000e+00
   1633.000    -0.4222    -0.4239   2.933277   2.933248    302.623     0.1202     0.1032   2033.484   78.92060   -3.96836    34.9170    34.9184 0.0000e+00
   1634.000    -0.4226    -0.4243   2.933305   2.933269    302.941     0.1215     0.1037   2034.530   78.92060   -3.96836    34.9172    34.9186 0.0000e+00
   1635.000    -0.4224    -0.4240   2.933370   2.933335    303.095     0.1255     0.1039   2035.572   78.92060   -3.96836    34.9172    34.9186 0.0000e+00
   1636.000    -0.4242    -0.4258   2.933262   2.933234    302.750     0.1229     0.1049   2036.613   78.92060   -3.96836    34.9173    34.9187 0.0000e+00
   1637.000    -0.4242    -0.4260   2.933302   2.933259    302.436     0.1233     0.1048   2037.651   78.92060   -3.96836    34.9173    34.9187 0.0000e+00
   1638.000    -0.4246    -0.4262   2.933309   2.933288    302.159     0.1210     0.1041   2038.692   78.92060   -3.96836    34.9173    34.9188 0.0000e+00
   1639.000    -0.4255    -0.4272   2.933283   2.933238    302.153     0.1199     0.1038   2039.732   78.92060   -3.96836    34.9174    34.9187 0.0000e+00
   1640.000    -0.4255    -0.4272   2.933322   2.933288    302.337     0.1214     0.1029   2040.771   78.92060   -3.96836    34.9173    34.9188 0.0000e+00
   1641.000    -0.4257    -0.4274   2.933346   2.933311    302.084     0.1223     0.1031   2041.813   78.92060   -3.96836    34.9174    34.9188 0.0000e+00
   1642.000    -0.4260    -0.4279   2.933363   2.933299    302.692     0.1219     0.1050   2042.852   78.92060   -3.96837    34.9174    34.9187 0.0000e+00
   1643.000    -0.4259    -0.4272   2.933418   2.933407    302.252     0.1212     0.1054   2043.897   78.92059   -3.96838    34.9174    34.9188 0.0000e+00
   1644.000    -0.4260    -0.4274   2.933451   2.933428    302.029     0.1225     0.1044   2044.947   78.92058   -3.96838    34.9174    34.9187 0.0000e+00
   1645.000    -0.4261    -0.4273   2.933489   2.933496    301.930     0.1254     0.1050   2045.990   78.92058   -3.96838    34.9175    34.9189 0.0000e+00
   1646.000    -0.4263    -0.4283   2.933510   2.933444    302.579     0.1230     0.1044   2047.034   78.92058   -3.96838    34.9174    34.9188 0.0000e+00
   1647.000    -0.4284    -0.4303   2.933377   2.933325    302.188     0.1268     0.1040   2048.072   78.92058   -3.96838    34.9176    34.9190 0.0000e+00
   1648.000    -0.4288    -0.4305   2.933392   2.933346    301.953     0.1239     0.1034   2049.114   78.92058   -3.96838    34.9176    34.9190 0.0000e+00
   1649.000    -0.4291    -0.4309   2.933412   2.933364    302.078     0.1217     0.1023   2050.151   78.92058   -3.96838    34.9176    34.9191 0.0000e+00
   1650.000    -0.4291    -0.4308   2.933447   2.933410    301.921     0.1241     0.1029   2051.200   78.92058   -3.96838    34.9176    34.9190 0.0000e+00
   1651.000    -0.4299    -0.4314   2.933422   2.933405    302.332     0.1230     0.1050   2052.246   78.92058   -3.96838    34.9176    34.9191 0.0000e+00
   1652.000    -0.4299    -0.4317   2.933469   2.933422    302.346     0.1199     0.1051   2053.291   78.92058   -3.96838    34.9177    34.9191 0.0000e+00
