test_project/cnv_files/019_bin.cnv
* Sea-Bird SBE 9 Data File:
* FileName = C:\Documents and Settings\ctd\Desktop\FS2022\data\019.hex
* Software Version Seasave V 7.21b
* Temperature SN = 2400
* Conductivity SN = 3447
* Number of Bytes Per Scan = 48
* Number of Voltage Words = 5
* Number of Scans Averaged by the Deck Unit = 1
* NMEA Latitude = 78 55.12 N
* NMEA Longitude = 002 30.30 W
* NMEA UTC (Time) = Sep 16 2022  23:03:23
* NMEA baud rate = 4800
** Cruise: FS 2022
** Ship: Silver Arctic
** Station (File Number):  019
** Latitude:
** Longitude:
** Echodepth (m):
** Seastate:
# nquan = 14
# nvalues = 2586                        
# units = specified
# name 0 = prDM: Pressure, Digiquartz [db]
# name 1 = t090C: Temperature [ITS-90, deg C]
# name 2 = t190C: Temperature, 2 [ITS-90, deg C]
# name 3 = c0S/m: Conductivity [S/m]
# name 4 = c1S/m: Conductivity, 2 [S/m]
# name 5 = sbox0Mm/Kg: Oxygen, SBE 43 [umol/kg]
# name 6 = wetCDOM: Fluorescence, WET Labs CDOM [mg/m^3]
# name 7 = wetCDOM1: Fluorescence, WET Labs CDOM, 2 [mg/m^3]
# name 8 = timeS: Time, Elapsed [seconds]
# name 9 = latitude: Latitude [deg]
# name 10 = longitude: Longitude [deg]
# name 11 = sal00: Salinity, Practical [PSU]
# name 12 = sal11: Salinity, Practical, 2 [PSU]
# name 13 = flag: flag
# span 0 =     15.000,   2600.000       
# span 1 =    -1.6954,     4.0381       
# span 2 =    -1.6875,     4.0368       
# span 3 =   0.032585,   3.261641       
# span 4 =   2.442440,   3.261584       
# span 5 =    260.607,    388.919       
# span 6 =     0.0998,     0.1621       
# span 7 =     0.0849,     0.1309       
# span 8 =     61.215,   3957.692       
# span 9 =   78.90596,   78.91843       
# span 10 =   -2.57514,   -2.50563      
# span 11 =     0.3046,    34.9917      
# span 12 =    30.0438,    39.6081      
# span 13 = 0.0000e+00, 0.0000e+00      
# interval = decibars: 1                
# start_time = Sep 16 2022 23:03:23 [NMEA time, first data scan]
# bad_flag = -9.990e-29
*END*
[from data line 2271]
   2286.000    -0.6937    -0.6950   2.936546   2.936555    297.613     0.1243     0.1048   3391.192   78.90867   -2.56007    34.9151    34.9167 0.0000e+00
   2287.000    -0.6944    -0.6957   2.936526   2.936529    297.702     0.1242     0.1067   3392.436   78.90866   -2.56009    34.9151    34.9165 0.0000e+00
   2288.000    -0.6949    -0.6963   2.936514   2.936518    297.931     0.1265     0.1050   3393.688   78.90866   -2.56013    34.9150    34.9166 0.0000e+00
   2289.000    -0.6952    -0.6965   2.936525   2.936530    297.770     0.1239     0.1044   3394.940   78.90864   -2.56017    34.9149    34.9165 0.0000e+00
   2290.000    -0.6958    -0.6972   2.936505   2.936504    297.347     0.1199     0.1050   3396.203   78.90864   -2.56021    34.9148    34.9163 0.0000e+00
   2291.000    -0.6962    -0.6973   2.936513   2.936531    297.750     0.1200     0.1047   3397.463   78.90864   -2.56023    34.9148    34.9164 0.0000e+00
   2292.000    -0.6968    -0.6981   2.936489   2.936501    297.820     0.1200     0.1043   3398.716   78.90864   -2.56026    34.9147    34.9162 0.0000e+00
   2293.000    -0.6967    -0.6981   2.936544   2.936549    297.625     0.1187     0.1033   3399.965   78.90862   -2.56028    34.9148    34.9163 0.0000e+00
   2294.000    -0.6963    -0.6977   2.936619   2.936628    297.106     0.1177     0.1042   3401.210   78.90862   -2.56031    34.9148    34.9164 0.0000e+00
   2295.000    -0.6963    -0.6977   2.936659   2.936656    296.984     0.1189     0.1046   3402.458   78.90862   -2.56035    34.9148    34.9163 0.0000e+00
   2296.000    -0.6968    -0.6982   2.936655   2.936644    297.024     0.1239     0.1052   3403.708   78.90860   -2.56038    34.9148    34.9162 0.0000e+00
   2297.000    -0.6971    -0.6984   2.936668   2.936680    297.383     0.1236     0.1045   3404.973   78.90860   -2.56041    34.9147    34.9163 0.0000e+00
   2298.000    -0.6974    -0.6987   2.936683   2.936689    297.545     0.1210     0.1040   3406.246   78.90860   -2.56044    34.9147    34.9163 0.0000e+00
   2299.000    -0.6976    -0.6990   2.936700   2.936700    297.509     0.1254     0.1030   3407.513   78.90860   -2.56047    34.9147    34.9163 0.0000e+00
   2300.000    -0.6979    -0.6992   2.936715   2.936715    297.620     0.1229     0.1036   3408.771   78.90858   -2.56050    34.9147    34.9162 0.0000e+00
   2301.000    -0.6980    -0.6995   2.936745   2.936749    297.504     0.1232     0.1044   3410.030   78.90858   -2.56055    34.9147    34.9164 0.0000e+00
   2302.000    -0.6980    -0.6994   2.936787   2.936789    297.697     0.1256     0.1065   3411.293   78.90857   -2.56059    34.9147    34.9162 0.0000e+00
   2303.000    -0.6980    -0.6993   2.936831   2.936827    296.937     0.1222     0.1070   3412.572   78.90856   -2.56063    34.9147    34.9162 0.0000e+00
   2304.000    -0.6980    -0.6994   2.936859   2.936872    297.139     0.1236     0.1044   3413.857   78.90856   -2.56068    34.9147    34.9164 0.0000e+00
   2305.000    -0.6984    -0.6997   2.936876   2.936883    297.058     0.1204     0.1043   3415.134   78.90854   -2.56071    34.9147    34.9163 0.0000e+00
   2306.000    -0.6985    -0.6999   2.936911   2.936910    297.177     0.1227     0.1037   3416.402   78.90854   -2.56076    34.9148    34.9163 0.0000e+00
   2307.000    -0.6973    -0.6988   2.937069   2.937052    297.123     0.1200     0.1029   3417.655   78.90852   -2.56080    34.9150    34.9165 0.0000e+00
   2308.000    -0.6971    -0.6985   2.937129   2.937127    297.669     0.1233     0.1042   3418.889   78.90852   -2.56084    34.9150    34.9167 0.0000e+00
   2309.000    -0.6977    -0.6989   2.937106   2.937130    297.630     0.1263     0.1042   3420.110   78.90851   -2.56087    34.9150    34.9166 0.0000e+00
   2310.000    -0.6983    -0.6995   2.937087   2.937116    297.423     0.1261     0.1050   3421.322   78.90850   -2.56091    34.9148    34.9165 0.0000e+00
   2311.000    -0.6990    -0.7002   2.937071   2.937081    297.411     0.1187     0.1047   3422.563   78.90850   -2.56095    34.9149    34.9164 0.0000e+00
   2312.000    -0.6994    -0.7007   2.937066   2.937073    297.419     0.1219     0.1053   3423.830   78.90850   -2.56098    34.9147    34.9163 0.0000e+00
   2313.000    -0.6998    -0.7012   2.937059   2.937066    296.950     0.1170     0.1066   3425.138   78.90848   -2.56101    34.9146    34.9162 0.0000e+00
   2314.000    -0.6977    -0.6993   2.937315   2.937283    297.209     0.1237     0.1044   3426.456   78.90848   -2.56103    34.9151    34.9164 0.0000e+00
   2315.000    -0.6965    -0.6978   2.937473   2.937481    297.290     0.1204     0.1048   3427.766   78.90848   -2.56106    34.9152    34.9168 0.0000e+00
   2316.000    -0.6965    -0.6978   2.937512   2.937524    297.281     0.1195     0.1055   3429.035   78.90846   -2.56109    34.9153    34.9169 0.0000e+00
   2317.000    -0.6958    -0.6971   2.937618   2.937619    297.317     0.1228     0.1050   3430.267   78.90846   -2.56111    34.9153    34.9169 0.0000e+00
   2318.000    -0.6965    -0.6977   2.937593   2.937604    297.489     0.1227     0.1037   3431.482   78.90846   -2.56113    34.9153    34.9168 0.0000e+00
   2319.000    -0.6976    -0.6987   2.937532   2.937553    297.359     0.1224     0.1031   3432.689   78.90845   -2.56115    34.9151    34.9167 0.0000e+00
   2320.000    -0.6997    -0.7007   2.937364   2.937405    297.139     0.1221     0.1048   3433.905   78.90844   -2.56118    34.9149    34.9165 0.0000e+00
   2321.000    -0.7002    -0.7015   2.937366   2.937373    297.430     0.1219     0.1047   3435.135   78.90844   -2.56121    34.9148    34.9164 0.0000e+00
   2322.000    -0.7003    -0.7017   2.937383   2.937397    297.146     0.1238     0.1042   3436.383   78.90843   -2.56124    34.9147    34.9164 0.0000e+00
   2323.000    -0.7002    -0.7015   2.937441   2.937448    297.573     0.1214     0.1043   3437.572   78.90842   -2.56127    34.9148    34.9164 0.0000e+00
   2324.000    -0.6994    -0.7007   2.937563   2.937558    297.440     0.1216     0.1052   3438.672   78.90842   -2.56130    34.9150    34.9165 0.0000e+00
   2325.000    -0.6987    -0.7002   2.937668   2.937656    297.218     0.1227     0.1037   3439.754   78.90842   -2.56132    34.9151    34.9166 0.0000e+00
   2326.000    -0.6977    -0.6990   2.937807   2.937819    297.471     0.1228     0.1029   3440.874   78.90840   -2.56134    34.9152    34.9168 0.0000e+00
   2327.000    -0.6980    -0.6993   2.937823   2.937834    296.962     0.1196     0.1039   3442.046   78.90840   -2.56137    34.9153    34.9169 0.0000e+00
   2328.000    -0.6989    -0.7002   2.937772   2.937780    297.706     0.1210     0.1044   3443.283   78.90840   -2.56139    34.9151    34.9167 0.0000e+00
   2329.000    -0.6992    -0.7006   2.937781   2.937782    297.184     0.1241     0.1074   3444.566   78.90839   -2.56141    34.9150    34.9166 0.0000e+00
   2330.000    -0.6979    -0.6990   2.937954   2.937985    297.395     0.1237     0.1050   3445.764   78.90838   -2.56144    34.9154    34.9170 0.0000e+00
   2331.000    -0.6962    -0.6976   2.938159   2.938159    297.183     0.1214     0.1075   3446.909   78.90838   -2.56146    34.9157    34.9172 0.0000e+00
   2332.000    -0.6964    -0.6976   2.938183   2.938185    297.694     0.1199     0.1046   3448.065   78.90837   -2.56149    34.9156    34.9171 0.0000e+00
   2333.000    -0.6965    -0.6978   2.938210   2.938217    297.703     0.1208     0.1043   3449.251   78.90836   -2.56154    34.9156    34.9172 0.0000e+00
   2334.000    -0.6969    -0.6982   2.938211   2.938232    297.136     0.1237     0.1043   3450.439   78.90836   -2.56157    34.9155    34.9172 0.0000e+00
   2335.000    -0.6973    -0.6986   2.938217   2.938226    297.371     0.1195     0.1044   3451.625   78.90836   -2.56159    34.9155    34.9172 0.0000e+00
   2336.000    -0.6977    -0.6991   2.938216   2.938212    297.094     0.1244     0.1045   3452.812   78.90836   -2.56164    34.9155    34.9170 0.0000e+00
   2337.000    -0.6985    -0.6998   2.938192   2.938196    297.603     0.1219     0.1047   3454.011   78.90834   -2.56167    34.9155    34.9170 0.0000e+00
   2338.000    -0.6989    -0.7002   2.938194   2.938193    297.236     0.1194     0.1055   3455.230   78.90834   -2.56169    34.9155    34.9170 0.0000e+00
   2339.000    -0.6986    -0.7000   2.938255   2.938263    297.221     0.1238     0.1050   3456.455   78.90834   -2.56171    34.9154    34.9170 0.0000e+00
   2340.000    -0.6986    -0.6999   2.938297   2.938296    297.465     0.1211     0.1063   3457.683   78.90832   -2.56175    34.9155    34.9169 0.0000e+00
   2341.000    -0.7002    -0.7015   2.938185   2.938187    297.126     0.1235     0.1057   3458.897   78.90832   -2.56178    34.9153    34.9167 0.0000e+00
   2342.000    -0.7012    -0.7024   2.938128   2.938142    297.330     0.1212     0.1051   3460.092   78.90832   -2.56181    34.9151    34.9167 0.0000e+00
   2343.000    -0.7013    -0.7027   2.938164   2.938166    296.921     0.1232     0.1053   3461.263   78.90831   -2.56183    34.9152    34.9167 0.0000e+00
   2344.000    -0.7013    -0.7026   2.938212   2.938219    296.787     0.1220     0.1048   3462.414   78.90830   -2.56185    34.9152    34.9168 0.0000e+00
   2345.000    -0.7009    -0.7022   2.938280   2.938285    297.406     0.1239     0.1043   3463.569   78.90830   -2.56187    34.9152    34.9168 0.0000e+00
   2346.000    -0.7012    -0.7024   2.938297   2.938304    297.403     0.1252     0.1053   3464.732   78.90828   -2.56190    34.9153    34.9167 0.0000e+00
   2347.000    -0.7016    -0.7029   2.938295   2.938305    297.537     0.1236     0.1048   3465.918   78.90828   -2.56193    34.9152    34.9167 0.0000e+00
   2348.000    -0.7017    -0.7029   2.938330   2.938338    297.452     0.1262     0.1053   3467.163   78.90828   -2.56197    34.9152    34.9167 0.0000e+00
   2349.000    -0.7005    -0.7019   2.938483   2.938476    297.261     0.1220     0.1053   3468.493   78.90827   -2.56199    34.9153    34.9169 0.0000e+00
   2350.000    -0.6989    -0.7003   2.938686   2.938682    296.822     0.1220     0.1037   3469.843   78.90826   -2.56202    34.9157    34.9172 0.0000e+00
   2351.000    -0.6989    -0.7001   2.938728   2.938739    297.305     0.1210     0.1045   3471.147   78.90825   -2.56205    34.9157    34.9173 0.0000e+00
   2352.000    -0.7011    -0.7020   2.938565   2.938599    297.109     0.1239     0.1037   3472.415   78.90824   -2.56209    34.9155    34.9170 0.0000e+00
   2353.000    -0.7017    -0.7030   2.938545   2.938556    297.264     0.1240     0.1038   3473.680   78.90824   -2.56212    34.9154    34.9170 0.0000e+00
   2354.000    -0.7021    -0.7034   2.938544   2.938553    297.871     0.1247     0.1045   3474.954   78.90823   -2.56215    34.9154    34.9169 0.0000e+00
   2355.000    -0.7026    -0.7039   2.938537   2.938537    297.149     0.1254     0.1046   3476.249   78.90822   -2.56220    34.9153    34.9168 0.0000e+00
   2356.000    -0.7028    -0.7042   2.938551   2.938558    296.815     0.1212     0.1050   3477.578   78.90822   -2.56223    34.9152    34.9168 0.0000e+00
   2357.000    -0.7027    -0.7041   2.938601   2.938597    297.061     0.1200     0.1035   3478.927   78.90820   -2.56228    34.9152    34.9167 0.0000e+00
   2358.000    -0.7027    -0.7040   2.938650   2.938645    297.047     0.1200     0.1043   3480.263   78.90820   -2.56232    34.9153    34.9167 0.0000e+00
   2359.000    -0.7025    -0.7038   2.938705   2.938706    296.828     0.1210     0.1043   3481.572   78.90819   -2.56235    34.9153    34.9168 0.0000e+00
   2360.000    -0.7024    -0.7036   2.938758   2.938756    297.048     0.1252     0.1044   3482.855   78.90818   -2.56238    34.9153    34.9167 0.0000e+00
   2361.000    -0.7023    -0.7037   2.938801   2.938809    297.104     0.1225     0.1051   3484.126   78.90817   -2.56241    34.9153    34.9169 0.0000e+00
   2362.000    -0.7022    -0.7035   2.938850   2.938851    297.250     0.1229     0.1058   3485.411   78.90816   -2.56242    34.9153    34.9168 0.0000e+00
   2363.000    -0.7021    -0.7034   2.938899   2.938904    296.702     0.1220     0.1069   3486.705   78.90816   -2.56244    34.9154    34.9169 0.0000e+00
   2364.000    -0.7026    -0.7037   2.938908   2.938916    297.477     0.1252     0.1052   3488.012   78.90816   -2.56246    34.9154    34.9169 0.0000e+00
   2365.000    -0.7027    -0.7040   2.938928   2.938927    296.965     0.1200     0.1043   3489.303   78.90814   -2.56249    34.9154    34.9168 0.0000e+00
   2366.000    -0.7028    -0.7041   2.938958   2.938964    296.889     0.1230     0.1039   3490.587   78.90814   -2.56251    34.9154    34.9169 0.0000e+00
   2367.000    -0.7030    -0.7043   2.938986   2.938985    296.847     0.1229     0.1031   3491.860   78.90812   -2.56254    34.9154    34.9168 0.0000e+00
   2368.000    -0.7032    -0.7046   2.939006   2.939007    296.524     0.1215     0.1030   3493.136   78.90812   -2.56257    34.9154    34.9169 0.0000e+00
   2369.000    -0.7032    -0.7045   2.939052   2.939051    297.023     0.1204     0.1023   3494.420   78.90812   -2.56260    34.9154    34.9169 0.0000e+00
   2370.000    -0.7017    -0.7030   2.939224   2.939240    297.164     0.1239     0.1050   3495.711   78.90810   -2.56264    34.9156    34.9172 0.0000e+00
   2371.000    -0.7013    -0.7026   2.939314   2.939310    297.002     0.1222     0.1056   3497.020   78.90810   -2.56267    34.9158    34.9172 0.0000e+00
   2372.000    -0.7014    -0.7029   2.939345   2.939326    297.162     0.1253     0.1066   3498.333   78.90810   -2.56271    34.9158    34.9172 0.0000e+00
   2373.000    -0.7013    -0.7026   2.939388   2.939400    297.164     0.1242     0.1054   3499.622   78.90808   -2.56274    34.9157    34.9173 0.0000e+00
   2374.000    -0.7020    -0.7033   2.939364   2.939372    297.220     0.1200     0.1049   3500.891   78.90808   -2.56276    34.9156    34.9172 0.0000e+00
   2375.000    -0.7027    -0.7040   2.939333   2.939346    297.458     0.1214     0.1060   3502.171   78.90807   -2.56281    34.9155    34.9171 0.0000e+00
   2376.000    -0.7021    -0.7035   2.939435   2.939431    297.334     0.1226     0.1043   3503.467   78.90806   -2.56283    34.9156    34.9172 0.0000e+00
   2377.000    -0.7025    -0.7038   2.939437   2.939448    297.305     0.1259     0.1041   3504.755   78.90806   -2.56286    34.9156    34.9172 0.0000e+00
   2378.000    -0.7030    -0.7043   2.939429   2.939435    296.617     0.1211     0.1046   3506.035   78.90806   -2.56289    34.9156    34.9171 0.0000e+00
   2379.000    -0.7030    -0.7044   2.939470   2.939471    297.025     0.1217     0.1051   3507.297   78.90805   -2.56291    34.9156    34.9171 0.0000e+00
   2380.000    -0.7032    -0.7045   2.939495   2.939498    296.706     0.1200     0.1037   3508.542   78.90804   -2.56293    34.9155    34.9171 0.0000e+00
   2381.000    -0.7035    -0.7048   2.939504   2.939516    297.614     0.1231     0.1055   3509.778   78.90804   -2.56296    34.9155    34.9171 0.0000e+00
   2382.000    -0.7037    -0.7050   2.939527   2.939531    297.263     0.1240     0.1048   3511.033   78.90802   -2.56300    34.9155    34.9171 0.0000e+00
   2383.000    -0.7037    -0.7050   2.939562   2.939572    297.372     0.1234     0.1042   3512.324   78.90802   -2.56303    34.9155    34.9170 0.0000e+00
   2384.000    -0.7037    -0.7050   2.939606   2.939610    296.717     0.1198     0.1043   3513.631   78.90802   -2.56307    34.9155    34.9171 0.0000e+00
   2385.000    -0.7038    -0.7051   2.939643   2.939643    297.236     0.1248     0.1043   3514.930   78.90800   -2.56310    34.9156    34.9171 0.0000e+00
   2386.000    -0.7039    -0.7052   2.939670   2.939676    296.904     0.1259     0.1043   3516.203   78.90800   -2.56314    34.9155    34.9171 0.0000e+00
   2387.000    -0.7039    -0.7053   2.939708   2.939709    296.932     0.1243     0.1031   3517.452   78.90800   -2.56317    34.9156    34.9171 0.0000e+00
   2388.000    -0.7039    -0.7052   2.939752   2.939760    296.126     0.1240     0.1046   3518.684   78.90798   -2.56320    34.9155    34.9172 0.0000e+00
