test_project/cnv_files/019_bin.cnv
* Sea-Bird SBE 9 Data File:
* FileName = C:\Documents and Settings\ctd\Desktop\FS2022\data\019.hex
* Software Version Seasave V 7.21b
* Temperature SN = 2400
* Conductivity SN = 3447
* Number of Bytes Per Scan = 48
* Number of Voltage Words = 5
* Number of Scans Averaged by the Deck Unit = 1
* NMEA Latitude = 78 55.12 N
* NMEA Longitude = 002 30.30 W
* NMEA UTC (Time) = Sep 16 2022  23:03:23
* NMEA baud rate = 4800
** Cruise: FS 2022
** Ship: Silver Arctic
** Station (File Number):  019
** Latitude:
** Longitude:
** Echodepth (m):
** Seastate:
# nquan = 14
# nvalues = 2586                        
# units = specified
# name 0 = prDM: Pressure, Digiquartz [db]
# name 1 = t090C: Temperature [ITS-90, deg C]
# name 2 = t190C: Temperature, 2 [ITS-90, deg C]
# name 3 = c0S/m: Conductivity [S/m]
# name 4 = c1S/m: Conductivity, 2 [S/m]
# name 5 = sbox0Mm/Kg: Oxygen, SBE 43 [umol/kg]
# name 6 = wetCDOM: Fluorescence, WET Labs CDOM [mg/m^3]
# name 7 = wetCDOM1: Fluorescence, WET Labs CDOM, 2 [mg/m^3]
# name 8 = timeS: Time, Elapsed [seconds]
# name 9 = latitude: Latitude [deg]
# name 10 = longitude: Longitude [deg]
# name 11 = sal00: Salinity, Practical [PSU]
# name 12 = sal11: Salinity, Practical, 2 [PSU]
# name 13 = flag: flag
# span 0 =     15.000,   2600.000       
# span 1 =    -1.6954,     4.0381       
# span 2 =    -1.6875,     4.0368       
# span 3 =   0.032585,   3.261641       
# span 4 =   2.442440,   3.261584       
# span 5 =    260.607,    388.919       
# span 6 =     0.0998,     0.1621       
# span 7 =     0.0849,     0.1309       
# span 8 =     61.215,   3957.692       
# span 9 =   78.90596,   78.91843       
# span 10 =   -2.57514,   -2.50563      
# span 11 =     0.3046,    34.9917      
# span 12 =    30.0438,    39.6081      
# span 13 = 0.0000e+00, 0.0000e+00      
# interval = decibars: 1                
# start_time = Sep 16 2022 23:03:23 [NMEA time, first data scan]
# bad_flag = -9.990e-29
*END*
     15.000    -1.5256    -1.0830   1.714985   3.039112    330.154     0.1395     0.1248     61.215   78.91843   -2.50563    20.6876    38.1423 0.0000e+00
     16.000    -1.3068    -1.0883   1.703615   3.061606    321.276     0.1369     0.1213     62.626   78.91842   -2.50564    20.3882    38.4613 0.0000e+00
     17.000    -1.2033    -1.0626   1.686686   3.081556    316.304     0.1310     0.1178     64.037   78.91841   -2.50567    20.0982    38.7057 0.0000e+00
     18.000    -1.3693    -1.3140   1.651348   3.095746    318.426     0.1272     0.1172     65.460   78.91840   -2.50568    19.7504    39.2304 0.0000e+00
     19.000    -1.4258    -1.3909   1.546657   3.104723    324.228     0.1313     0.1163     66.901   78.91840   -2.50570    18.4309    39.4574 0.0000e+00
     20.000    -1.4716    -1.4256   1.483877   3.112195    335.899     0.1305     0.1175     68.379   78.91839   -2.50571    17.6485    39.6081 0.0000e+00
     21.000    -1.5355    -1.5287   1.305167   2.540093    333.600     0.1428     0.1211    270.129   78.91763   -2.50731    15.3945    31.7646 0.0000e+00
     22.000    -1.5466    -1.5419   1.400966   2.540166    330.798     0.1454     0.1241    272.554   78.91763   -2.50734    16.6243    31.7798 0.0000e+00
     23.000    -1.5602    -1.5527   1.438750   2.539352    329.065     0.1550     0.1298    276.051   78.91762   -2.50738    17.1174    31.7795 0.0000e+00
     24.000    -1.5617    -1.5555   1.457159   2.537711    328.371     0.1546     0.1242    278.508   78.91760   -2.50742    17.3552    31.7594 0.0000e+00
     25.000    -1.5689    -1.5647   1.459047   2.534469    328.743     0.1476     0.1239    281.016   78.91760   -2.50746    17.3835    31.7241 0.0000e+00
     26.000    -1.5866    -1.5842   1.464906   2.531640    328.419     0.1524     0.1295    283.616   78.91760   -2.50750    17.4691    31.7054 0.0000e+00
     27.000    -1.5884    -1.5867   1.471182   2.529362    327.324     0.1594     0.1298    286.123   78.91758   -2.50753    17.5509    31.6761 0.0000e+00
     28.000    -1.5939    -1.5927   1.473180   2.526659    326.793     0.1600     0.1305    288.568   78.91757   -2.50757    17.5796    31.6447 0.0000e+00
     29.000    -1.5999    -1.5963   1.475755   2.524731    326.379     0.1609     0.1309    291.010   78.91756   -2.50759    17.6161    31.6215 0.0000e+00
     30.000    -1.6083    -1.6031   1.477675   2.522647    326.859     0.1616     0.1299    293.476   78.91756   -2.50760    17.6456    31.5994 0.0000e+00
     31.000    -1.6174    -1.6168   1.478945   2.519962    327.245     0.1579     0.1286    295.901   78.91754   -2.50760    17.6671    31.5765 0.0000e+00
     32.000    -1.6256    -1.6251   1.482272   2.518126    326.715     0.1575     0.1289    298.358   78.91754   -2.50761    17.7147    31.5594 0.0000e+00
     33.000    -1.6190    -1.6180   1.479044   2.515479    325.921     0.1561     0.1291    300.880   78.91754   -2.50762    17.6686    31.5149 0.0000e+00
     34.000    -1.6047    -1.6051   1.463995   2.514068    325.364     0.1584     0.1293    303.170   78.91752   -2.50762    17.4651    31.4811 0.0000e+00
     35.000    -1.6217    -1.6167   1.457611   2.512662    325.082     0.1575     0.1288    305.180   78.91752   -2.50764    17.3923    31.4735 0.0000e+00
     36.000    -1.6544    -1.6496   1.466480   2.511274    324.756     0.1589     0.1279    307.123   78.91752   -2.50764    17.5260    31.4887 0.0000e+00
     37.000    -1.6461    -1.6442   1.447033   2.509604    324.978     0.1581     0.1280    309.035   78.91752   -2.50765    17.2692    31.4593 0.0000e+00
     38.000    -1.6771    -1.6562   1.408464   2.512300    326.093     0.1583     0.1273    310.781   78.91752   -2.50766    16.7887    31.5086 0.0000e+00
     39.000    -1.6733    -1.6627   0.977329   2.513310    341.011     0.1545     0.1274    312.459   78.91751   -2.50766    11.4907    31.5288 0.0000e+00
     40.000    -1.6296    -1.6740   0.153473   2.511681    376.318     0.1534     0.1266    314.119   78.91750   -2.50765     1.5669    31.5178 0.0000e+00
     41.000    -1.6954    -1.6400   0.741595   2.513506    388.919     0.1465     0.1233    315.843   78.91750   -2.50764     8.3930    31.5062 0.0000e+00
     42.000    -1.6912    -1.6875   0.321313   2.452390    315.788     0.1552     0.1253    462.512   78.91710   -2.50907     3.4894    30.7150 0.0000e+00
     43.000    -1.5605    -1.5654   0.125629   2.443060    308.879     0.1561     0.1263    487.533   78.91704   -2.50931     1.2718    30.4608 0.0000e+00
     44.000    -1.3370    -1.3559   0.103541   2.443555    308.626     0.1603     0.1268    489.547   78.91703   -2.50933     1.0310    30.2534 0.0000e+00
     45.000    -1.3784    -1.3837   0.095437   2.442995    311.193     0.1559     0.1249    491.464   78.91702   -2.50936     0.9478    30.2734 0.0000e+00
     46.000    -1.4128    -1.4168   0.085017   2.442579    313.787     0.1549     0.1267    493.390   78.91702   -2.50938     0.8407    30.3008 0.0000e+00
     47.000    -1.3095    -1.3232   0.072059   2.442571    314.923     0.1568     0.1274    495.322   78.91702   -2.50941     0.7046    30.2052 0.0000e+00
     48.000    -1.2517    -1.2630   0.065993   2.442534    317.003     0.1591     0.1280    497.269   78.91702   -2.50943     0.6414    30.1433 0.0000e+00
     49.000    -1.2175    -1.2195   0.062429   2.442440    318.012     0.1621     0.1292    499.195   78.91702   -2.50945     0.6045    30.0977 0.0000e+00
     50.000    -1.1024    -1.1064   0.059647   2.446914    313.278     0.1603     0.1270    521.078   78.91694   -2.50977     0.5749    30.0438 0.0000e+00
     51.000    -1.0308    -1.0341   0.032585   2.468611    288.076     0.1586     0.1263    630.130   78.91664   -2.51129     0.3046    30.2627 0.0000e+00
     52.000    -0.9817    -0.9858   0.033140   2.468636    287.727     0.1564     0.1248    632.658   78.91663   -2.51132     0.3095    30.2139 0.0000e+00
     53.000    -0.9742    -0.9743   0.033874   2.468652    288.152     0.1548     0.1241    634.922   78.91662   -2.51135     0.3166    30.2020 0.0000e+00
     54.000    -1.0113    -1.0137   0.035071   2.467628    289.280     0.1551     0.1259    637.004   78.91660   -2.51139     0.3287    30.2273 0.0000e+00
     55.000    -0.9554    -1.0019   0.042656   2.465627    289.731     0.1581     0.1246    638.997   78.91660   -2.51142     0.4025    30.1880 0.0000e+00
     56.000    -0.8503    -0.9437   0.045943   2.465661    291.411     0.1517     0.1228    640.976   78.91660   -2.51144     0.4334    30.1295 0.0000e+00
     57.000    -0.7537    -1.0316   0.054357   2.465833    293.207     0.1508     0.1204    642.865   78.91660   -2.51148     0.5150    30.2195 0.0000e+00
     58.000    -0.6344    -1.0448   0.069755   2.467907    292.333     0.1468     0.1193    644.781   78.91658   -2.51150     0.6660    30.2603 0.0000e+00
     59.000    -0.6507    -0.9944   0.127246   2.473634    291.756     0.1486     0.1203    646.617   78.91658   -2.51153     1.2518    30.2862 0.0000e+00
     60.000    -0.7373    -1.0856   0.206665   2.490924    291.027     0.1457     0.1213    648.322   78.91658   -2.51155     2.0928    30.6106 0.0000e+00
     61.000    -0.7882    -1.1250   0.800893   2.524660    276.583     0.1503     0.1214    649.877   78.91657   -2.51158     8.9202    31.1062 0.0000e+00
     62.000    -0.8698    -0.9781   1.327813   2.543925    263.856     0.1517     0.1218    651.389   78.91656   -2.51161    15.3250    31.2135 0.0000e+00
     63.000    -0.8670    -0.7571   1.391902   2.549910    264.693     0.1544     0.1222    652.913   78.91656   -2.51164    16.1223    31.0647 0.0000e+00
     64.000    -0.7725    -0.6289   1.368420   2.552762    266.878     0.1507     0.1212    654.457   78.91656   -2.51165    15.7779    30.9705 0.0000e+00
     65.000    -0.6671    -0.5621   1.353686   2.553008    267.681     0.1422     0.1171    656.018   78.91656   -2.51168    15.5393    30.9050 0.0000e+00
     66.000    -0.5943    -0.5402   1.341192   2.551882    266.833     0.1391     0.1153    657.619   78.91655   -2.51170    15.3468    30.8671 0.0000e+00
     67.000    -0.3510    -0.5199   1.334986   2.551020    263.653     0.1379     0.1117    659.230   78.91654   -2.51172    15.1472    30.8344 0.0000e+00
     68.000    -0.2348    -0.5050   1.330456   2.550374    261.211     0.1355     0.1135    660.857   78.91654   -2.51174    15.0335    30.8100 0.0000e+00
     69.000    -0.2358    -0.4908   1.321403   2.549742    260.607     0.1373     0.1162    662.466   78.91654   -2.51174    14.9231    30.7867 0.0000e+00
     70.000    -0.0354    -0.4672   1.320040   2.551204    260.812     0.1369     0.1173    664.036   78.91654   -2.51176    14.8082    30.7816 0.0000e+00
     71.000     0.8999     0.6246   2.125227   2.774973    287.142     0.1372     0.1150    828.251   78.91617   -2.51421    24.0629    32.5250 0.0000e+00
     72.000     2.1799     2.1616   3.054853   3.053464    325.036     0.1352     0.1118   1011.195   78.91576   -2.51696    34.4752    34.4776 0.0000e+00
     73.000     2.2437     2.2396   3.062114   3.062227    326.016     0.1319     0.1096   1012.199   78.91576   -2.51697    34.4959    34.5017 0.0000e+00
     74.000     2.2277     2.2274   3.061068   3.061425    326.967     0.1279     0.1100   1013.201   78.91576   -2.51698    34.4997    34.5044 0.0000e+00
     75.000     2.1819     2.1828   3.056836   3.057191    325.088     0.1281     0.1103   1014.204   78.91576   -2.51699    34.4960    34.4994 0.0000e+00
     76.000     2.1346     2.1354   3.052369   3.052715    322.366     0.1289     0.1093   1015.214   78.91576   -2.51700    34.4910    34.4945 0.0000e+00
     77.000     2.1269     2.1270   3.051561   3.051873    320.027     0.1275     0.1079   1016.243   78.91576   -2.51701    34.4888    34.4926 0.0000e+00
     78.000     2.2701     2.2452   3.065746   3.063630    318.187     0.1287     0.1076   1017.286   78.91576   -2.51703    34.5096    34.5102 0.0000e+00
     79.000     2.5417     2.5248   3.092761   3.091568    316.818     0.1252     0.1069   1018.332   78.91576   -2.51704    34.5501    34.5536 0.0000e+00
     80.000     2.6276     2.6268   3.101803   3.101976    319.520     0.1250     0.1071   1019.369   78.91575   -2.51705    34.5685    34.5715 0.0000e+00
     81.000     2.5973     2.5967   3.099475   3.099672    321.373     0.1227     0.1071   1020.398   78.91574   -2.51706    34.5720    34.5750 0.0000e+00
     82.000     2.6100     2.6072   3.101196   3.101163    319.147     0.1194     0.1078   1021.419   78.91574   -2.51706    34.5789    34.5815 0.0000e+00
     83.000     2.8305     2.8034   3.125112   3.122820    315.922     0.1181     0.1060   1022.439   78.91574   -2.51706    34.6345    34.6355 0.0000e+00
     84.000     3.0887     3.0617   3.151871   3.150008    314.525     0.1189     0.1054   1023.457   78.91573   -2.51706    34.6831    34.6894 0.0000e+00
     85.000     3.3692     3.3674   3.181104   3.181301    314.613     0.1208     0.1040   1024.481   78.91572   -2.51707    34.7366    34.7408 0.0000e+00
     86.000     3.1491     3.1613   3.160661   3.161760    317.919     0.1193     0.1036   1025.512   78.91572   -2.51708    34.7241    34.7244 0.0000e+00
     87.000     2.9851     2.9808   3.145286   3.145098    316.006     0.1190     0.1043   1026.546   78.91572   -2.51708    34.7127    34.7150 0.0000e+00
     88.000     2.9864     2.9842   3.145238   3.145246    310.906     0.1210     0.1048   1027.585   78.91570   -2.51708    34.7102    34.7126 0.0000e+00
     89.000     3.0802     3.0760   3.154918   3.154869    309.765     0.1208     0.1069   1028.622   78.91570   -2.51708    34.7267    34.7307 0.0000e+00
     90.000     3.1518     3.1435   3.162289   3.161785    310.436     0.1216     0.1064   1029.655   78.91570   -2.51708    34.7389    34.7417 0.0000e+00
     91.000     3.2705     3.2629   3.174924   3.174474    310.332     0.1188     0.1042   1030.685   78.91570   -2.51708    34.7642    34.7670 0.0000e+00
     92.000     3.3678     3.3674   3.185032   3.185291    310.898     0.1189     0.1018   1031.715   78.91568   -2.51708    34.7818    34.7852 0.0000e+00
     93.000     3.3860     3.3830   3.186956   3.186912    311.998     0.1171     0.1026   1032.743   78.91568   -2.51708    34.7849    34.7876 0.0000e+00
     94.000     3.4109     3.4061   3.189476   3.189296    311.542     0.1146     0.1021   1033.781   78.91568   -2.51708    34.7880    34.7910 0.0000e+00
     95.000     3.4994     3.4931   3.198387   3.198128    310.660     0.1151     0.1032   1034.823   78.91568   -2.51708    34.8003    34.8039 0.0000e+00
     96.000     3.5287     3.5247   3.201415   3.201336    310.573     0.1168     0.1035   1035.865   78.91568   -2.51710    34.8048    34.8081 0.0000e+00
     97.000     3.6169     3.6131   3.210711   3.210653    310.169     0.1150     0.1024   1036.903   78.91566   -2.51710    34.8217    34.8251 0.0000e+00
     98.000     3.7181     3.7129   3.221588   3.221376    309.175     0.1136     0.1013   1037.930   78.91566   -2.51710    34.8435    34.8465 0.0000e+00
     99.000     3.7269     3.7248   3.222582   3.222623    309.674     0.1149     0.1003   1038.949   78.91566   -2.51710    34.8456    34.8482 0.0000e+00
    100.000     3.7441     3.7387   3.224419   3.224195    310.140     0.1146     0.1006   1039.960   78.91566   -2.51712    34.8486    34.8517 0.0000e+00
    101.000     3.8380     3.8294   3.234200   3.233642    309.846     0.1129     0.1027   1040.976   78.91566   -2.51712    34.8648    34.8674 0.0000e+00
    102.000     3.8752     3.8739   3.238251   3.238338    310.002     0.1178     0.1018   1041.999   78.91564   -2.51712    34.8730    34.8755 0.0000e+00
    103.000     3.9316     3.9223   3.244200   3.243542    309.779     0.1132     0.1006   1043.026   78.91564   -2.51712    34.8833    34.8854 0.0000e+00
    104.000     4.0233     4.0169   3.253884   3.253549    309.486     0.1128     0.0995   1044.065   78.91564   -2.51712    34.9004    34.9032 0.0000e+00
    105.000     4.0381     4.0368   3.255519   3.255607    309.995     0.1119     0.0999   1045.114   78.91564   -2.51712    34.9036    34.9060 0.0000e+00
    106.000     4.0122     4.0114   3.252971   3.253073    309.993     0.1137     0.1003   1046.164   78.91562   -2.51713    34.9003    34.9023 0.0000e+00
    107.000     3.9365     3.9428   3.245629   3.246367    309.962     0.1122     0.1000   1047.214   78.91562   -2.51714    34.8930    34.8950 0.0000e+00
    108.000     3.8725     3.8780   3.239574   3.240247    309.567     0.1106     0.0997   1048.239   78.91562   -2.51715    34.8884    34.8906 0.0000e+00
    109.000     3.8422     3.8415   3.236728   3.236822    308.681     0.1128     0.1001   1049.256   78.91562   -2.51716    34.8863    34.8881 0.0000e+00
    110.000     3.8394     3.8383   3.236590   3.236647    308.454     0.1127     0.0993   1050.264   78.91562   -2.51716    34.8870    34.8888 0.0000e+00
    111.000     3.8301     3.8295   3.235818   3.235915    309.186     0.1104     0.1002   1051.268   78.91562   -2.51717    34.8871    34.8889 0.0000e+00
    112.000     3.8079     3.8091   3.233769   3.234008    310.254     0.1084     0.1003   1052.275   78.91561   -2.51718    34.8859    34.8874 0.0000e+00
    113.000     3.7344     3.7365   3.226836   3.227146    311.206     0.1096     0.0994   1053.294   78.91560   -2.51719    34.8809    34.8823 0.0000e+00
    114.000     3.7344     3.7324   3.226955   3.226921    309.983     0.1160     0.1002   1054.341   78.91560   -2.51720    34.8816    34.8834 0.0000e+00
    115.000     3.7451     3.7423   3.228124   3.227990    309.665     0.1111     0.1004   1055.415   78.91560   -2.51721    34.8837    34.8851 0.0000e+00
    116.000     3.7722     3.7680   3.231038   3.230803    310.360     0.1077     0.1014   1056.506   78.91560   -2.51722    34.8891    34.8907 0.0000e+00
    117.000     3.7760     3.7748   3.231555   3.231606    311.229     0.1107     0.1019   1057.609   78.91560   -2.51722    34.8907    34.8926 0.0000e+00
