test_project/cnv_files/019_bin.cnv
* Sea-Bird SBE 9 Data File:
* FileName = C:\Documents and Settings\ctd\Desktop\FS2022\data\019.hex
* Software Version Seasave V 7.21b
* Temperature SN = 2400
* Conductivity SN = 3447
* Number of Bytes Per Scan = 48
* Number of Voltage Words = 5
* Number of Scans Averaged by the Deck Unit = 1
* NMEA Latitude = 78 55.12 N
* NMEA Longitude = 002 30.30 W
* NMEA UTC (Time) = Sep 16 2022  23:03:23
* NMEA baud rate = 4800
** Cruise: FS 2022
** Ship: Silver Arctic
** Station (File Number):  019
** Latitude:
** Longitude:
** Echodepth (m):
** Seastate:
# nquan = 14
# nvalues = 2586                        
# units = specified
# name 0 = prDM: Pressure, Digiquartz [db]
# name 1 = t090C: Temperature [ITS-90, deg C]
# name 2 = t190C: Temperature, 2 [ITS-90, deg C]
# name 3 = c0S/m: Conductivity [S/m]
# name 4 = c1S/m: Conductivity, 2 [S/m]
# name 5 = sbox0Mm/Kg: Oxygen, SBE 43 [umol/kg]
# name 6 = wetCDOM: Fluorescence, WET Labs CDOM [mg/m^3]
# name 7 = wetCDOM1: Fluorescence, WET Labs CDOM, 2 [mg/m^3]
# name 8 = timeS: Time, Elapsed [seconds]
# name 9 = latitude: Latitude [deg]
# name 10 = longitude: Longitude [deg]
# name 11 = sal00: Salinity, Practical [PSU]
# name 12 = sal11: Salinity, Practical, 2 [PSU]
# name 13 = flag: flag
# span 0 =     15.000,   2600.000       
# span 1 =    -1.6954,     4.0381       
# span 2 =    -1.6875,     4.0368       
# span 3 =   0.032585,   3.261641       
# span 4 =   2.442440,   3.261584       
# span 5 =    260.607,    388.919       
# span 6 =     0.0998,     0.1621       
# span 7 =     0.0849,     0.1309       
# span 8 =     61.215,   3957.692       
# span 9 =   78.90596,   78.91843       
# span 10 =   -2.57514,   -2.50563      
# span 11 =     0.3046,    34.9917      
# span 12 =    30.0438,    39.6081      
# span 13 = 0.0000e+00, 0.0000e+00      
# interval = decibars: 1                
# start_time = Sep 16 2022 23:03:23 [NMEA time, first data scan]
# bad_flag = -9.990e-29
*END*
[from data line 930]
    945.000     0.0447     0.0432   2.942897   2.942873    319.320     0.1167     0.1027   1940.045   78.91314   -2.53265    34.9037    34.9050 0.0000e+00
    946.000     0.0442     0.0429   2.942917   2.942895    319.621     0.1174     0.1039   1941.139   78.91314   -2.53267    34.9039    34.9051 0.0000e+00
    947.000     0.0432     0.0418   2.942896   2.942874    319.278     0.1175     0.1030   1942.199   78.91314   -2.53269    34.9042    34.9054 0.0000e+00
    948.000     0.0441     0.0425   2.943047   2.943015    319.044     0.1168     0.1029   1943.265   78.91314   -2.53271    34.9046    34.9060 0.0000e+00
    949.000     0.0423     0.0411   2.942944   2.942929    319.241     0.1170     0.1029   1944.333   78.91314   -2.53273    34.9047    34.9059 0.0000e+00
    950.000     0.0408     0.0396   2.942854   2.942846    319.983     0.1173     0.1018   1945.404   78.91314   -2.53275    34.9047    34.9059 0.0000e+00
    951.000     0.0372     0.0362   2.942596   2.942600    320.044     0.1149     0.1018   1946.486   78.91313   -2.53277    34.9047    34.9059 0.0000e+00
    952.000     0.0341     0.0330   2.942383   2.942382    320.383     0.1139     0.1027   1947.574   78.91312   -2.53279    34.9049    34.9061 0.0000e+00
    953.000     0.0339     0.0322   2.942408   2.942360    320.494     0.1147     0.1028   1948.669   78.91312   -2.53282    34.9049    34.9062 0.0000e+00
    954.000     0.0333     0.0317   2.942418   2.942369    320.091     0.1128     0.1029   1949.766   78.91312   -2.53284    34.9050    34.9063 0.0000e+00
    955.000     0.0324     0.0311   2.942381   2.942364    319.689     0.1138     0.1010   1950.852   78.91312   -2.53286    34.9050    34.9063 0.0000e+00
    956.000     0.0307     0.0294   2.942274   2.942248    319.969     0.1166     0.1021   1951.927   78.91312   -2.53289    34.9049    34.9061 0.0000e+00
    957.000     0.0295     0.0282   2.942215   2.942193    320.234     0.1175     0.1024   1953.004   78.91312   -2.53293    34.9050    34.9061 0.0000e+00
    958.000     0.0211     0.0197   2.941499   2.941473    320.822     0.1158     0.1017   1954.079   78.91311   -2.53295    34.9045    34.9057 0.0000e+00
    959.000     0.0144     0.0134   2.940947   2.940955    321.118     0.1144     0.1023   1955.173   78.91310   -2.53297    34.9042    34.9055 0.0000e+00
    960.000     0.0126     0.0112   2.940826   2.940795    320.384     0.1173     0.1024   1956.272   78.91310   -2.53299    34.9040    34.9052 0.0000e+00
    961.000     0.0127     0.0116   2.940880   2.940879    319.809     0.1188     0.1020   1957.368   78.91310   -2.53301    34.9041    34.9053 0.0000e+00
    962.000     0.0128     0.0115   2.940935   2.940925    319.818     0.1156     0.1025   1958.463   78.91310   -2.53305    34.9041    34.9055 0.0000e+00
    963.000     0.0079     0.0066   2.940535   2.940511    319.700     0.1134     0.1031   1959.547   78.91310   -2.53307    34.9038    34.9050 0.0000e+00
    964.000     0.0013     0.0008   2.939985   2.940028    319.598     0.1143     0.1036   1960.615   78.91308   -2.53310    34.9034    34.9046 0.0000e+00
    965.000    -0.0068    -0.0076   2.939300   2.939314    319.101     0.1178     0.1032   1961.677   78.91308   -2.53312    34.9030    34.9041 0.0000e+00
    966.000    -0.0091    -0.0102   2.939119   2.939116    318.797     0.1184     0.1040   1962.738   78.91308   -2.53316    34.9027    34.9039 0.0000e+00
    967.000    -0.0132    -0.0142   2.938809   2.938803    319.504     0.1181     0.1032   1963.814   78.91308   -2.53316    34.9026    34.9037 0.0000e+00
    968.000    -0.0193    -0.0205   2.938286   2.938272    319.259     0.1212     0.1024   1964.884   78.91308   -2.53318    34.9021    34.9033 0.0000e+00
    969.000    -0.0204    -0.0219   2.938231   2.938200    318.949     0.1194     0.1050   1965.979   78.91308   -2.53320    34.9021    34.9033 0.0000e+00
    970.000    -0.0197    -0.0210   2.938345   2.938321    318.153     0.1153     0.1032   1967.074   78.91308   -2.53323    34.9021    34.9033 0.0000e+00
    971.000    -0.0226    -0.0232   2.938137   2.938166    317.879     0.1162     0.1042   1968.174   78.91308   -2.53325    34.9021    34.9032 0.0000e+00
    972.000    -0.0274    -0.0282   2.937750   2.937768    317.932     0.1107     0.1041   1969.276   78.91307   -2.53327    34.9018    34.9030 0.0000e+00
    973.000    -0.0316    -0.0326   2.937420   2.937431    317.799     0.1131     0.1032   1970.369   78.91306   -2.53329    34.9017    34.9029 0.0000e+00
    974.000    -0.0321    -0.0336   2.937425   2.937368    317.450     0.1208     0.1050   1971.455   78.91306   -2.53331    34.9017    34.9027 0.0000e+00
    975.000    -0.0328    -0.0343   2.937397   2.937364    317.583     0.1213     0.1045   1972.530   78.91306   -2.53334    34.9016    34.9028 0.0000e+00
    976.000    -0.0353    -0.0365   2.937221   2.937200    317.389     0.1201     0.1041   1973.587   78.91306   -2.53335    34.9015    34.9026 0.0000e+00
    977.000    -0.0390    -0.0400   2.936932   2.936935    317.605     0.1160     0.1034   1974.649   78.91306   -2.53338    34.9014    34.9025 0.0000e+00
    978.000    -0.0407    -0.0421   2.936833   2.936814    317.504     0.1123     0.1030   1975.710   78.91306   -2.53342    34.9013    34.9026 0.0000e+00
    979.000    -0.0416    -0.0430   2.936823   2.936790    317.485     0.1168     0.1035   1976.778   78.91306   -2.53344    34.9016    34.9028 0.0000e+00
    980.000    -0.0444    -0.0454   2.936621   2.936628    315.779     0.1177     0.1037   1977.862   78.91306   -2.53346    34.9016    34.9028 0.0000e+00
    981.000    -0.0450    -0.0465   2.936615   2.936579    315.808     0.1220     0.1040   1978.948   78.91304   -2.53348    34.9016    34.9028 0.0000e+00
    982.000    -0.0446    -0.0461   2.936691   2.936668    316.636     0.1201     0.1042   1980.052   78.91304   -2.53350    34.9016    34.9029 0.0000e+00
    983.000    -0.0445    -0.0459   2.936758   2.936727    316.833     0.1192     0.1033   1981.144   78.91304   -2.53353    34.9018    34.9030 0.0000e+00
    984.000    -0.0445    -0.0459   2.936805   2.936784    316.698     0.1221     0.1046   1982.243   78.91304   -2.53355    34.9019    34.9031 0.0000e+00
    985.000    -0.0466    -0.0477   2.936663   2.936658    316.978     0.1209     0.1045   1983.323   78.91304   -2.53357    34.9017    34.9030 0.0000e+00
    986.000    -0.0532    -0.0540   2.936128   2.936137    317.250     0.1178     0.1020   1984.402   78.91303   -2.53359    34.9016    34.9026 0.0000e+00
    987.000    -0.0552    -0.0565   2.935989   2.935966    317.149     0.1175     0.1028   1985.470   78.91302   -2.53361    34.9015    34.9027 0.0000e+00
    988.000    -0.0556    -0.0571   2.935995   2.935959    316.982     0.1172     0.1030   1986.541   78.91302   -2.53363    34.9014    34.9027 0.0000e+00
    989.000    -0.0562    -0.0575   2.935989   2.935970    316.813     0.1170     0.1042   1987.619   78.91302   -2.53367    34.9014    34.9027 0.0000e+00
    990.000    -0.0573    -0.0585   2.935935   2.935927    316.451     0.1196     0.1043   1988.692   78.91302   -2.53370    34.9013    34.9027 0.0000e+00
    991.000    -0.0591    -0.0604   2.935820   2.935810    316.248     0.1177     0.1042   1989.782   78.91302   -2.53372    34.9014    34.9027 0.0000e+00
    992.000    -0.0607    -0.0619   2.935736   2.935729    316.556     0.1161     0.1022   1990.867   78.91302   -2.53374    34.9014    34.9027 0.0000e+00
    993.000    -0.0632    -0.0645   2.935576   2.935550    316.259     0.1194     0.1017   1991.945   78.91302   -2.53376    34.9015    34.9028 0.0000e+00
    994.000    -0.0643    -0.0656   2.935526   2.935507    316.468     0.1214     0.1036   1993.017   78.91300   -2.53379    34.9016    34.9029 0.0000e+00
    995.000    -0.0654    -0.0667   2.935477   2.935455    316.789     0.1220     0.1042   1994.087   78.91300   -2.53381    34.9017    34.9028 0.0000e+00
    996.000    -0.0675    -0.0688   2.935352   2.935325    317.058     0.1208     0.1033   1995.164   78.91300   -2.53383    34.9017    34.9029 0.0000e+00
    997.000    -0.0678    -0.0692   2.935360   2.935333    316.448     0.1252     0.1036   1996.246   78.91300   -2.53385    34.9017    34.9029 0.0000e+00
    998.000    -0.0695    -0.0708   2.935260   2.935244    316.075     0.1181     0.1043   1997.344   78.91300   -2.53387    34.9017    34.9029 0.0000e+00
    999.000    -0.0707    -0.0721   2.935208   2.935182    316.429     0.1202     0.1042   1998.441   78.91299   -2.53389    34.9018    34.9030 0.0000e+00
   1000.000    -0.0717    -0.0731   2.935173   2.935140    316.491     0.1212     0.1040   1999.535   78.91298   -2.53392    34.9019    34.9030 0.0000e+00
   1001.000    -0.0723    -0.0737   2.935168   2.935137    316.379     0.1191     0.1047   2000.608   78.91298   -2.53393    34.9019    34.9031 0.0000e+00
   1002.000    -0.0733    -0.0744   2.935126   2.935116    315.988     0.1188     0.1054   2001.683   78.91298   -2.53396    34.9019    34.9030 0.0000e+00
   1003.000    -0.0763    -0.0771   2.934922   2.934931    316.273     0.1210     0.1047   2002.750   78.91298   -2.53398    34.9020    34.9031 0.0000e+00
   1004.000    -0.0813    -0.0822   2.934524   2.934523    316.599     0.1203     0.1029   2003.820   78.91298   -2.53400    34.9018    34.9029 0.0000e+00
   1005.000    -0.0836    -0.0849   2.934372   2.934351    316.820     0.1180     0.1028   2004.895   78.91298   -2.53402    34.9019    34.9031 0.0000e+00
   1006.000    -0.0842    -0.0856   2.934369   2.934338    316.711     0.1193     0.1033   2005.975   78.91298   -2.53405    34.9020    34.9031 0.0000e+00
   1007.000    -0.0842    -0.0856   2.934420   2.934388    316.325     0.1209     0.1055   2007.059   78.91297   -2.53406    34.9020    34.9032 0.0000e+00
   1008.000    -0.0840    -0.0854   2.934482   2.934451    315.625     0.1173     0.1069   2008.150   78.91296   -2.53408    34.9020    34.9033 0.0000e+00
   1009.000    -0.0836    -0.0850   2.934564   2.934551    315.526     0.1165     0.1055   2009.238   78.91296   -2.53410    34.9022    34.9035 0.0000e+00
   1010.000    -0.0842    -0.0855   2.934575   2.934548    316.146     0.1197     0.1043   2010.327   78.91296   -2.53411    34.9024    34.9034 0.0000e+00
   1011.000    -0.0852    -0.0864   2.934533   2.934518    316.163     0.1225     0.1041   2011.403   78.91296   -2.53414    34.9024    34.9036 0.0000e+00
   1012.000    -0.0858    -0.0872   2.934535   2.934501    316.262     0.1218     0.1042   2012.480   78.91296   -2.53417    34.9025    34.9037 0.0000e+00
   1013.000    -0.0860    -0.0874   2.934559   2.934537    316.565     0.1194     0.1032   2013.547   78.91296   -2.53419    34.9025    34.9037 0.0000e+00
   1014.000    -0.0870    -0.0884   2.934508   2.934505    316.648     0.1193     0.1021   2014.604   78.91296   -2.53422    34.9024    34.9039 0.0000e+00
   1015.000    -0.0902    -0.0912   2.934285   2.934285    316.601     0.1217     0.1026   2015.676   78.91296   -2.53425    34.9025    34.9036 0.0000e+00
   1016.000    -0.0943    -0.0954   2.933982   2.933971    316.488     0.1243     0.1030   2016.756   78.91296   -2.53428    34.9025    34.9036 0.0000e+00
   1017.000    -0.0963    -0.0978   2.933854   2.933812    316.038     0.1224     0.1038   2017.832   78.91296   -2.53430    34.9025    34.9037 0.0000e+00
   1018.000    -0.0979    -0.0991   2.933778   2.933755    316.382     0.1189     0.1037   2018.920   78.91296   -2.53434    34.9027    34.9039 0.0000e+00
   1019.000    -0.0991    -0.1005   2.933714   2.933675    316.610     0.1188     0.1037   2020.006   78.91296   -2.53436    34.9027    34.9038 0.0000e+00
   1020.000    -0.1002    -0.1014   2.933658   2.933654    316.428     0.1189     0.1038   2021.078   78.91296   -2.53439    34.9026    34.9040 0.0000e+00
   1021.000    -0.1024    -0.1036   2.933520   2.933513    316.512     0.1189     0.1029   2022.156   78.91295   -2.53441    34.9027    34.9040 0.0000e+00
   1022.000    -0.1026    -0.1040   2.933548   2.933521    316.077     0.1189     0.1028   2023.224   78.91294   -2.53443    34.9028    34.9039 0.0000e+00
   1023.000    -0.1037    -0.1049   2.933501   2.933488    316.088     0.1214     0.1026   2024.304   78.91294   -2.53445    34.9028    34.9040 0.0000e+00
   1024.000    -0.1050    -0.1064   2.933440   2.933410    316.416     0.1230     0.1024   2025.384   78.91294   -2.53447    34.9029    34.9041 0.0000e+00
   1025.000    -0.1061    -0.1074   2.933397   2.933370    317.030     0.1181     0.1045   2026.466   78.91294   -2.53449    34.9030    34.9042 0.0000e+00
   1026.000    -0.1068    -0.1082   2.933377   2.933356    316.811     0.1176     0.1049   2027.550   78.91294   -2.53450    34.9030    34.9042 0.0000e+00
   1027.000    -0.1085    -0.1097   2.933284   2.933275    316.891     0.1176     0.1031   2028.639   78.91292   -2.53452    34.9031    34.9043 0.0000e+00
   1028.000    -0.1096    -0.1109   2.933234   2.933218    316.932     0.1186     0.1029   2029.728   78.91292   -2.53454    34.9031    34.9043 0.0000e+00
   1029.000    -0.1106    -0.1118   2.933196   2.933181    316.938     0.1200     0.1029   2030.811   78.91292   -2.53456    34.9031    34.9043 0.0000e+00
   1030.000    -0.1117    -0.1132   2.933139   2.933107    316.503     0.1192     0.1028   2031.895   78.91292   -2.53458    34.9030    34.9043 0.0000e+00
   1031.000    -0.1124    -0.1138   2.933128   2.933095    316.726     0.1207     0.1041   2032.994   78.91291   -2.53461    34.9032    34.9043 0.0000e+00
   1032.000    -0.1129    -0.1143   2.933127   2.933104    316.771     0.1231     0.1032   2034.080   78.91290   -2.53463    34.9032    34.9044 0.0000e+00
   1033.000    -0.1140    -0.1152   2.933088   2.933079    316.805     0.1221     0.1060   2035.169   78.91290   -2.53465    34.9032    34.9045 0.0000e+00
   1034.000    -0.1161    -0.1174   2.932953   2.932942    316.359     0.1187     0.1048   2036.264   78.91290   -2.53467    34.9033    34.9046 0.0000e+00
   1035.000    -0.1171    -0.1184   2.932923   2.932901    316.458     0.1216     0.1050   2037.366   78.91290   -2.53469    34.9034    34.9046 0.0000e+00
   1036.000    -0.1182    -0.1196   2.932857   2.932842    316.857     0.1221     0.1044   2038.476   78.91290   -2.53470    34.9033    34.9046 0.0000e+00
   1037.000    -0.1185    -0.1198   2.932884   2.932859    316.786     0.1190     0.1032   2039.593   78.91290   -2.53472    34.9034    34.9045 0.0000e+00
   1038.000    -0.1189    -0.1204   2.932895   2.932866    316.809     0.1200     0.1028   2040.719   78.91288   -2.53474    34.9034    34.9047 0.0000e+00
   1039.000    -0.1196    -0.1211   2.932886   2.932865    316.617     0.1205     0.1022   2041.839   78.91288   -2.53476    34.9035    34.9049 0.0000e+00
   1040.000    -0.1199    -0.1212   2.932908   2.932885    316.807     0.1210     0.1025   2042.950   78.91288   -2.53478    34.9035    34.9048 0.0000e+00
   1041.000    -0.1205    -0.1220   2.932897   2.932877    316.867     0.1237     0.1037   2044.054   78.91288   -2.53481    34.9035    34.9050 0.0000e+00
   1042.000    -0.1205    -0.1219   2.932947   2.932925    316.728     0.1189     0.1035   2045.144   78.91288   -2.53483    34.9036    34.9049 0.0000e+00
   1043.000    -0.1207    -0.1220   2.932974   2.932959    316.937     0.1160     0.1028   2046.229   78.91288   -2.53485    34.9036    34.9049 0.0000e+00
   1044.000    -0.1233    -0.1244   2.932819   2.932814    317.054     0.1192     0.1024   2047.317   78.91288   -2.53487    34.9039    34.9051 0.0000e+00
   1045.000    -0.1247    -0.1261   2.932734   2.932719    317.263     0.1181     0.1022   2048.411   78.91287   -2.53489    34.9039    34.9051 0.0000e+00
   1046.000    -0.1253    -0.1267   2.932729   2.932701    317.188     0.1173     0.1027   2049.515   78.91286   -2.53491    34.9039    34.9051 0.0000e+00
