test_project/cnv_files/019_bin.cnv
* Sea-Bird SBE 9 Data File:
* FileName = C:\Documents and Settings\ctd\Desktop\FS2022\data\019.hex
* Software Version Seasave V 7.21b
* Temperature SN = 2400
* Conductivity SN = 3447
* Number of Bytes Per Scan = 48
* Number of Voltage Words = 5
* Number of Scans Averaged by the Deck Unit = 1
* NMEA Latitude = 78 55.12 N
* NMEA Longitude = 002 30.30 W
* NMEA UTC (Time) = Sep 16 2022  23:03:23
* NMEA baud rate = 4800
** Cruise: FS 2022
** Ship: Silver Arctic
** Station (File Number):  019
** Latitude:
** Longitude:
** Echodepth (m):
** Seastate:
# nquan = 14
# nvalues = 2586                        
# units = specified
# name 0 = prDM: Pressure, Digiquartz [db]
# name 1 = t090C: Temperature [ITS-90, deg C]
# name 2 = t190C: Temperature, 2 [ITS-90, deg C]
# name 3 = c0S/m: Conductivity [S/m]
# name 4 = c1S/m: Conductivity, 2 [S/m]
# name 5 = sbox0Mm/Kg: Oxygen, SBE 43 [umol/kg]
# name 6 = wetCDOM: Fluorescence, WET Labs CDOM [mg/m^3]
# name 7 = wetCDOM1: Fluorescence, WET Labs CDOM, 2 [mg/m^3]
# name 8 = timeS: Time, Elapsed [seconds]
# name 9 = latitude: Latitude [deg]
# name 10 = longitude: Longitude [deg]
# name 11 = sal00: Salinity, Practical [PSU]
# name 12 = sal11: Salinity, Practical, 2 [PSU]
# name 13 = flag: flag
# span 0 =     15.000,   2600.000       
# span 1 =    -1.6954,     4.0381       
# span 2 =    -1.6875,     4.0368       
# span 3 =   0.032585,   3.261641       
# span 4 =   2.442440,   3.261584       
# span 5 =    260.607,    388.919       
# span 6 =     0.0998,     0.1621       
# span 7 =     0.0849,     0.1309       
# span 8 =     61.215,   3957.692       
# span 9 =   78.90596,   78.91843       
# span 10 =   -2.57514,   -2.50563      
# span 11 =     0.3046,    34.9917      
# span 12 =    30.0438,    39.6081      
# span 13 = 0.0000e+00, 0.0000e+00      
# interval = decibars: 1                
# start_time = Sep 16 2022 23:03:23 [NMEA time, first data scan]
# bad_flag = -9.990e-29
*END*
[from data line 1342]
   1357.000    -0.3743    -0.3755   2.925316   2.925310    312.387     0.1191     0.1038   2387.629   78.91210   -2.54220    34.9110    34.9123 0.0000e+00
   1358.000    -0.3746    -0.3760   2.925319   2.925317    312.404     0.1167     0.1032   2388.706   78.91210   -2.54222    34.9108    34.9123 0.0000e+00
   1359.000    -0.3754    -0.3770   2.925305   2.925275    312.331     0.1161     0.1040   2389.779   78.91210   -2.54224    34.9110    34.9123 0.0000e+00
   1360.000    -0.3762    -0.3776   2.925279   2.925253    311.891     0.1186     0.1031   2390.848   78.91208   -2.54226    34.9110    34.9122 0.0000e+00
   1361.000    -0.3764    -0.3778   2.925298   2.925281    311.743     0.1204     0.1041   2391.919   78.91208   -2.54228    34.9109    34.9122 0.0000e+00
   1362.000    -0.3772    -0.3786   2.925275   2.925266    311.671     0.1183     0.1041   2392.998   78.91208   -2.54230    34.9109    34.9124 0.0000e+00
   1363.000    -0.3777    -0.3791   2.925272   2.925258    311.887     0.1150     0.1022   2394.077   78.91208   -2.54233    34.9109    34.9123 0.0000e+00
   1364.000    -0.3783    -0.3797   2.925267   2.925247    312.114     0.1208     0.1026   2395.169   78.91208   -2.54235    34.9109    34.9123 0.0000e+00
   1365.000    -0.3789    -0.3803   2.925260   2.925242    312.466     0.1177     0.1028   2396.263   78.91208   -2.54236    34.9110    34.9123 0.0000e+00
   1366.000    -0.3793    -0.3807   2.925274   2.925255    312.479     0.1129     0.1030   2397.352   78.91208   -2.54237    34.9110    34.9124 0.0000e+00
   1367.000    -0.3797    -0.3811   2.925281   2.925271    312.450     0.1184     0.1029   2398.436   78.91208   -2.54239    34.9110    34.9124 0.0000e+00
   1368.000    -0.3808    -0.3821   2.925225   2.925225    312.647     0.1213     0.1037   2399.510   78.91208   -2.54241    34.9110    34.9124 0.0000e+00
   1369.000    -0.3828    -0.3841   2.925105   2.925090    312.913     0.1172     0.1034   2400.580   78.91208   -2.54244    34.9111    34.9123 0.0000e+00
   1370.000    -0.3835    -0.3849   2.925081   2.925061    312.337     0.1199     0.1041   2401.646   78.91208   -2.54245    34.9110    34.9123 0.0000e+00
   1371.000    -0.3854    -0.3867   2.924961   2.924948    312.161     0.1209     0.1042   2402.708   78.91208   -2.54248    34.9110    34.9123 0.0000e+00
   1372.000    -0.3870    -0.3884   2.924867   2.924845    311.904     0.1173     0.1030   2403.783   78.91206   -2.54250    34.9110    34.9122 0.0000e+00
   1373.000    -0.3878    -0.3892   2.924837   2.924822    312.022     0.1206     0.1028   2404.870   78.91206   -2.54252    34.9109    34.9123 0.0000e+00
   1374.000    -0.3879    -0.3892   2.924882   2.924865    312.261     0.1210     0.1028   2405.963   78.91206   -2.54255    34.9111    34.9123 0.0000e+00
   1375.000    -0.3888    -0.3901   2.924850   2.924839    312.936     0.1173     0.1025   2407.056   78.91206   -2.54256    34.9111    34.9124 0.0000e+00
   1376.000    -0.3898    -0.3912   2.924806   2.924795    312.740     0.1203     0.1019   2408.143   78.91206   -2.54259    34.9111    34.9125 0.0000e+00
   1377.000    -0.3908    -0.3922   2.924775   2.924748    312.701     0.1220     0.1031   2409.223   78.91206   -2.54261    34.9112    34.9124 0.0000e+00
   1378.000    -0.3915    -0.3929   2.924749   2.924731    312.310     0.1186     0.1031   2410.292   78.91205   -2.54263    34.9112    34.9125 0.0000e+00
   1379.000    -0.3921    -0.3934   2.924747   2.924725    312.131     0.1190     0.1029   2411.354   78.91204   -2.54264    34.9112    34.9124 0.0000e+00
   1380.000    -0.3932    -0.3945   2.924696   2.924672    311.883     0.1213     0.1029   2412.416   78.91204   -2.54265    34.9112    34.9124 0.0000e+00
   1381.000    -0.3937    -0.3951   2.924694   2.924669    311.997     0.1209     0.1007   2413.474   78.91204   -2.54268    34.9112    34.9125 0.0000e+00
   1382.000    -0.3940    -0.3955   2.924708   2.924687    311.806     0.1205     0.1023   2414.535   78.91204   -2.54269    34.9111    34.9125 0.0000e+00
   1383.000    -0.3948    -0.3961   2.924692   2.924674    312.117     0.1199     0.1038   2415.596   78.91204   -2.54270    34.9113    34.9125 0.0000e+00
   1384.000    -0.3955    -0.3969   2.924666   2.924646    311.673     0.1181     0.1034   2416.667   78.91204   -2.54272    34.9112    34.9125 0.0000e+00
   1385.000    -0.3958    -0.3973   2.924693   2.924666    311.382     0.1187     0.1022   2417.739   78.91202   -2.54274    34.9113    34.9126 0.0000e+00
   1386.000    -0.3960    -0.3974   2.924715   2.924699    311.304     0.1205     0.1038   2418.816   78.91202   -2.54276    34.9113    34.9126 0.0000e+00
   1387.000    -0.3971    -0.3985   2.924662   2.924636    311.055     0.1196     0.1036   2419.883   78.91202   -2.54276    34.9113    34.9126 0.0000e+00
   1388.000    -0.3976    -0.3991   2.924661   2.924637    311.504     0.1218     0.1027   2420.942   78.91202   -2.54278    34.9113    34.9126 0.0000e+00
   1389.000    -0.3982    -0.3995   2.924662   2.924643    311.003     0.1202     0.1051   2421.997   78.91200   -2.54280    34.9114    34.9126 0.0000e+00
   1390.000    -0.3988    -0.4002   2.924648   2.924632    311.382     0.1208     0.1064   2423.052   78.91200   -2.54280    34.9113    34.9127 0.0000e+00
   1391.000    -0.3987    -0.4001   2.924701   2.924683    311.733     0.1188     0.1050   2424.104   78.91200   -2.54283    34.9113    34.9127 0.0000e+00
   1392.000    -0.3983    -0.3996   2.924782   2.924763    311.512     0.1187     0.1033   2425.158   78.91200   -2.54285    34.9114    34.9127 0.0000e+00
   1393.000    -0.3981    -0.3993   2.924858   2.924838    311.431     0.1200     0.1050   2426.213   78.91200   -2.54287    34.9116    34.9128 0.0000e+00
   1394.000    -0.3991    -0.4005   2.924793   2.924782    311.579     0.1261     0.1031   2427.266   78.91199   -2.54289    34.9114    34.9128 0.0000e+00
   1395.000    -0.4004    -0.4018   2.924727   2.924716    311.652     0.1253     0.1051   2428.314   78.91198   -2.54291    34.9114    34.9128 0.0000e+00
   1396.000    -0.4009    -0.4026   2.924733   2.924690    310.837     0.1194     0.1034   2429.359   78.91198   -2.54293    34.9115    34.9128 0.0000e+00
   1397.000    -0.4009    -0.4023   2.924788   2.924757    311.318     0.1190     0.1048   2430.408   78.91198   -2.54294    34.9116    34.9129 0.0000e+00
   1398.000    -0.4009    -0.4026   2.924815   2.924782    311.539     0.1199     0.1037   2431.465   78.91198   -2.54295    34.9115    34.9129 0.0000e+00
   1399.000    -0.4023    -0.4037   2.924747   2.924723    311.167     0.1206     0.1035   2432.522   78.91198   -2.54298    34.9115    34.9128 0.0000e+00
   1400.000    -0.4025    -0.4039   2.924775   2.924758    310.506     0.1194     0.1032   2433.581   78.91196   -2.54300    34.9116    34.9130 0.0000e+00
   1401.000    -0.4027    -0.4040   2.924801   2.924784    311.079     0.1179     0.1029   2434.641   78.91196   -2.54302    34.9116    34.9128 0.0000e+00
   1402.000    -0.4033    -0.4046   2.924798   2.924775    310.707     0.1181     0.1029   2435.701   78.91196   -2.54302    34.9117    34.9129 0.0000e+00
   1403.000    -0.4054    -0.4068   2.924651   2.924634    310.211     0.1185     0.1028   2436.762   78.91196   -2.54304    34.9115    34.9129 0.0000e+00
   1404.000    -0.4064    -0.4077   2.924609   2.924593    310.314     0.1212     0.1026   2437.815   78.91196   -2.54306    34.9116    34.9129 0.0000e+00
   1405.000    -0.4067    -0.4080   2.924623   2.924606    310.127     0.1215     0.1019   2438.862   78.91196   -2.54308    34.9115    34.9128 0.0000e+00
   1406.000    -0.4073    -0.4087   2.924612   2.924593    310.187     0.1221     0.1031   2439.906   78.91196   -2.54308    34.9115    34.9129 0.0000e+00
   1407.000    -0.4083    -0.4096   2.924570   2.924557    310.745     0.1212     0.1041   2440.943   78.91194   -2.54310    34.9115    34.9128 0.0000e+00
   1408.000    -0.4085    -0.4100   2.924587   2.924569    311.186     0.1199     0.1032   2441.985   78.91194   -2.54312    34.9114    34.9128 0.0000e+00
   1409.000    -0.4090    -0.4104   2.924596   2.924581    310.921     0.1188     0.1038   2443.024   78.91194   -2.54314    34.9115    34.9129 0.0000e+00
   1410.000    -0.4095    -0.4109   2.924585   2.924568    310.906     0.1186     0.1042   2444.067   78.91194   -2.54314    34.9114    34.9127 0.0000e+00
   1411.000    -0.4102    -0.4115   2.924578   2.924563    310.726     0.1204     0.1045   2445.114   78.91194   -2.54317    34.9115    34.9128 0.0000e+00
   1412.000    -0.4102    -0.4116   2.924621   2.924593    311.085     0.1219     0.1050   2446.156   78.91194   -2.54319    34.9116    34.9128 0.0000e+00
   1413.000    -0.4108    -0.4122   2.924608   2.924587    311.300     0.1171     0.1049   2447.197   78.91194   -2.54320    34.9115    34.9128 0.0000e+00
   1414.000    -0.4112    -0.4126   2.924621   2.924600    311.077     0.1153     0.1054   2448.250   78.91194   -2.54321    34.9115    34.9128 0.0000e+00
   1415.000    -0.4120    -0.4134   2.924588   2.924563    310.964     0.1189     0.1056   2449.308   78.91194   -2.54323    34.9115    34.9127 0.0000e+00
   1416.000    -0.4126    -0.4141   2.924580   2.924559    310.950     0.1200     0.1032   2450.371   78.91194   -2.54325    34.9115    34.9129 0.0000e+00
   1417.000    -0.4128    -0.4142   2.924613   2.924590    311.233     0.1200     0.1034   2451.430   78.91193   -2.54326    34.9115    34.9128 0.0000e+00
   1418.000    -0.4129    -0.4143   2.924644   2.924622    310.287     0.1201     0.1041   2452.487   78.91192   -2.54328    34.9115    34.9128 0.0000e+00
   1419.000    -0.4132    -0.4146   2.924664   2.924637    310.437     0.1157     0.1035   2453.537   78.91192   -2.54329    34.9115    34.9128 0.0000e+00
   1420.000    -0.4146    -0.4160   2.924587   2.924555    310.910     0.1181     0.1053   2454.575   78.91192   -2.54330    34.9115    34.9127 0.0000e+00
   1421.000    -0.4155    -0.4170   2.924551   2.924516    310.858     0.1209     0.1045   2455.609   78.91192   -2.54332    34.9116    34.9128 0.0000e+00
   1422.000    -0.4161    -0.4173   2.924541   2.924535    310.261     0.1188     0.1034   2456.640   78.91192   -2.54334    34.9115    34.9128 0.0000e+00
   1423.000    -0.4174    -0.4186   2.924478   2.924469    310.837     0.1171     0.1030   2457.670   78.91192   -2.54334    34.9116    34.9129 0.0000e+00
   1424.000    -0.4177    -0.4191   2.924494   2.924472    310.484     0.1213     0.1045   2458.709   78.91192   -2.54336    34.9116    34.9129 0.0000e+00
   1425.000    -0.4188    -0.4203   2.924440   2.924425    310.764     0.1194     0.1043   2459.761   78.91192   -2.54338    34.9116    34.9130 0.0000e+00
   1426.000    -0.4193    -0.4206   2.924455   2.924438    310.701     0.1194     0.1031   2460.816   78.91190   -2.54338    34.9118    34.9131 0.0000e+00
   1427.000    -0.4194    -0.4208   2.924492   2.924468    310.899     0.1208     0.1036   2461.884   78.91190   -2.54340    34.9118    34.9131 0.0000e+00
   1428.000    -0.4193    -0.4208   2.924530   2.924512    310.586     0.1205     0.1037   2462.948   78.91190   -2.54342    34.9117    34.9131 0.0000e+00
   1429.000    -0.4196    -0.4210   2.924565   2.924536    309.944     0.1181     0.1026   2464.002   78.91190   -2.54344    34.9119    34.9132 0.0000e+00
   1430.000    -0.4197    -0.4211   2.924596   2.924580    310.006     0.1189     0.1042   2465.053   78.91190   -2.54347    34.9119    34.9133 0.0000e+00
   1431.000    -0.4203    -0.4217   2.924597   2.924575    310.758     0.1221     0.1031   2466.101   78.91190   -2.54349    34.9120    34.9132 0.0000e+00
   1432.000    -0.4207    -0.4220   2.924601   2.924588    309.919     0.1206     0.1032   2467.138   78.91190   -2.54351    34.9120    34.9133 0.0000e+00
   1433.000    -0.4215    -0.4228   2.924586   2.924564    309.872     0.1176     0.1023   2468.176   78.91188   -2.54352    34.9121    34.9133 0.0000e+00
   1434.000    -0.4223    -0.4236   2.924550   2.924532    310.092     0.1242     0.1038   2469.217   78.91188   -2.54353    34.9120    34.9133 0.0000e+00
   1435.000    -0.4225    -0.4240   2.924576   2.924550    309.495     0.1219     0.1034   2470.254   78.91188   -2.54355    34.9120    34.9133 0.0000e+00
   1436.000    -0.4227    -0.4241   2.924601   2.924586    309.487     0.1193     0.1031   2471.286   78.91188   -2.54357    34.9119    34.9134 0.0000e+00
   1437.000    -0.4227    -0.4241   2.924638   2.924634    308.990     0.1230     0.1037   2472.314   78.91188   -2.54359    34.9119    34.9134 0.0000e+00
   1438.000    -0.4229    -0.4243   2.924666   2.924655    308.862     0.1179     0.1044   2473.352   78.91188   -2.54361    34.9120    34.9134 0.0000e+00
   1439.000    -0.4235    -0.4250   2.924663   2.924646    309.111     0.1232     0.1043   2474.395   78.91188   -2.54363    34.9120    34.9135 0.0000e+00
   1440.000    -0.4242    -0.4256   2.924647   2.924627    309.631     0.1228     0.1045   2475.439   78.91188   -2.54365    34.9121    34.9133 0.0000e+00
   1441.000    -0.4254    -0.4267   2.924577   2.924564    309.483     0.1191     0.1042   2476.489   78.91188   -2.54367    34.9119    34.9132 0.0000e+00
   1442.000    -0.4260    -0.4273   2.924583   2.924559    309.756     0.1212     0.1045   2477.537   78.91186   -2.54370    34.9121    34.9133 0.0000e+00
   1443.000    -0.4272    -0.4286   2.924519   2.924490    310.181     0.1198     0.1055   2478.577   78.91186   -2.54373    34.9121    34.9132 0.0000e+00
   1444.000    -0.4280    -0.4295   2.924489   2.924466    309.970     0.1171     0.1043   2479.619   78.91186   -2.54376    34.9121    34.9134 0.0000e+00
   1445.000    -0.4286    -0.4300   2.924471   2.924457    309.346     0.1184     0.1012   2480.655   78.91186   -2.54376    34.9120    34.9133 0.0000e+00
   1446.000    -0.4291    -0.4305   2.924476   2.924465    309.202     0.1191     0.1036   2481.688   78.91186   -2.54378    34.9120    34.9134 0.0000e+00
   1447.000    -0.4294    -0.4308   2.924504   2.924483    309.936     0.1182     0.1035   2482.719   78.91186   -2.54380    34.9121    34.9134 0.0000e+00
   1448.000    -0.4299    -0.4315   2.924494   2.924479    309.350     0.1222     0.1039   2483.748   78.91186   -2.54380    34.9120    34.9136 0.0000e+00
   1449.000    -0.4305    -0.4320   2.924490   2.924475    309.589     0.1155     0.1043   2484.782   78.91186   -2.54382    34.9120    34.9135 0.0000e+00
   1450.000    -0.4316    -0.4330   2.924442   2.924422    309.349     0.1168     0.1044   2485.815   78.91186   -2.54384    34.9121    34.9134 0.0000e+00
   1451.000    -0.4322    -0.4335   2.924429   2.924413    309.148     0.1185     0.1040   2486.848   78.91184   -2.54386    34.9121    34.9133 0.0000e+00
   1452.000    -0.4323    -0.4337   2.924472   2.924459    309.085     0.1188     0.1031   2487.880   78.91184   -2.54388    34.9122    34.9136 0.0000e+00
   1453.000    -0.4328    -0.4342   2.924470   2.924460    309.360     0.1195     0.1032   2488.908   78.91184   -2.54390    34.9122    34.9136 0.0000e+00
   1454.000    -0.4336    -0.4350   2.924450   2.924427    309.372     0.1177     0.1045   2489.940   78.91184   -2.54392    34.9122    34.9136 0.0000e+00
   1455.000    -0.4352    -0.4366   2.924351   2.924344    309.248     0.1199     0.1034   2490.979   78.91184   -2.54395    34.9122    34.9137 0.0000e+00
   1456.000    -0.4383    -0.4396   2.924124   2.924108    308.897     0.1204     0.1032   2492.020   78.91184   -2.54396    34.9121    34.9134 0.0000e+00
   1457.000    -0.4391    -0.4405   2.924082   2.924065    309.225     0.1199     0.1022   2493.063   78.91182   -2.54399    34.9119    34.9133 0.0000e+00
   1458.000    -0.4395    -0.4409   2.924098   2.924078    309.054     0.1204     0.1019   2494.100   78.91182   -2.54401    34.9120    34.9133 0.0000e+00
   1459.000    -0.4406    -0.4420   2.924052   2.924030    308.997     0.1181     0.1025   2495.135   78.91182   -2.54403    34.9121    34.9134 0.0000e+00
