test_project/cnv_files/020_bin.cnv
* Sea-Bird SBE 9 Data File:
* FileName = C:\Documents and Settings\ctd\Desktop\FS2022\data\020.hex
* Software Version Seasave V 7.21b
* Temperature SN = 2400
* Conductivity SN = 3447
* Number of Bytes Per Scan = 48
* Number of Voltage Words = 5
* Number of Scans Averaged by the Deck Unit = 1
* NMEA Latitude = 78 49.66 N
* NMEA Longitude = 001 57.13 W
* NMEA UTC (Time) = Sep 17 2022  06:49:22
* NMEA baud rate = 4800
** Cruise: FS 2022
** Ship: Silver Arctic
** Station (File Number):  020
** Latitude:
** Longitude:
** Echodepth (m):
** Seastate:
# nquan = 14
# nvalues = 2690                        
# units = specified
# name 0 = prDM: Pressure, Digiquartz [db]
# name 1 = t090C: Temperature [ITS-90, deg C]
# name 2 = t190C: Temperature, 2 [ITS-90, deg C]
# name 3 = c0S/m: Conductivity [S/m]
# name 4 = c1S/m: Conductivity, 2 [S/m]
# name 5 = sbox0Mm/Kg: Oxygen, SBE 43 [umol/kg]
# name 6 = wetCDOM: Fluorescence, WET Labs CDOM [mg/m^3]
# name 7 = wetCDOM1: Fluorescence, WET Labs CDOM, 2 [mg/m^3]
# name 8 = timeS: Time, Elapsed [seconds]
# name 9 = latitude: Latitude [deg]
# name 10 = longitude: Longitude [deg]
# name 11 = sal00: Salinity, Practical [PSU]
# name 12 = sal11: Salinity, Practical, 2 [PSU]
# name 13 = flag: flag
# span 0 =     15.000,   2704.000       
# span 1 =    -0.7097,     5.8892       
# span 2 =    -0.7115,     5.7611       
# span 3 =   0.036200,   3.387810       
# span 4 =   2.227729,   3.385803       
# span 5 =    213.584,    340.466       
# span 6 =     0.1005,     0.1396       
# span 7 =     0.0890,     0.1145       
# span 8 =     75.366,   3341.361       
# span 9 =   78.82716,   78.82790       
# span 10 =   -1.96424,   -1.95228      
# span 11 =     0.2873,    34.9959      
# span 12 =    22.8012,    34.9977      
# span 13 = 0.0000e+00, 0.0000e+00      
# interval = decibars: 1                
# start_time = Sep 17 2022 06:49:22 [NMEA time, first data scan]
# bad_flag = -9.990e-29
*END*
[from data line 1342]
   1357.000    -0.3927    -0.3944   2.923691   2.923696    312.065     0.1201     0.1040   1900.553   78.82778   -1.95856    34.9103    34.9123 0.0000e+00
   1358.000    -0.3932    -0.3948   2.923697   2.923697    312.509     0.1244     0.1039   1901.618   78.82778   -1.95856    34.9104    34.9122 0.0000e+00
   1359.000    -0.3939    -0.3955   2.923677   2.923699    312.698     0.1169     0.1048   1902.796   78.82778   -1.95856    34.9103    34.9124 0.0000e+00
   1360.000    -0.3939    -0.3955   2.923718   2.923740    312.293     0.1163     0.1040   1903.926   78.82778   -1.95858    34.9103    34.9124 0.0000e+00
   1361.000    -0.3939    -0.3958   2.923760   2.923757    312.837     0.1155     0.1038   1904.939   78.82778   -1.95858    34.9104    34.9124 0.0000e+00
   1362.000    -0.3947    -0.3960   2.923738   2.923783    313.032     0.1197     0.1027   1905.874   78.82778   -1.95860    34.9104    34.9125 0.0000e+00
   1363.000    -0.3958    -0.3976   2.923691   2.923704    312.652     0.1176     0.1026   1906.776   78.82778   -1.95860    34.9104    34.9126 0.0000e+00
   1364.000    -0.3967    -0.3984   2.923651   2.923663    312.350     0.1168     0.1021   1907.705   78.82778   -1.95861    34.9104    34.9125 0.0000e+00
   1365.000    -0.3977    -0.3992   2.923611   2.923632    312.210     0.1168     0.1025   1908.693   78.82778   -1.95862    34.9104    34.9124 0.0000e+00
   1366.000    -0.3989    -0.4004   2.923552   2.923572    312.205     0.1160     0.1035   1909.721   78.82778   -1.95862    34.9104    34.9124 0.0000e+00
   1367.000    -0.4008    -0.4022   2.923433   2.923471    311.745     0.1148     0.1029   1910.719   78.82778   -1.95863    34.9104    34.9125 0.0000e+00
   1368.000    -0.4008    -0.4024   2.923473   2.923495    312.242     0.1148     0.1018   1911.675   78.82778   -1.95864    34.9104    34.9125 0.0000e+00
   1369.000    -0.4006    -0.4027   2.923532   2.923521    311.946     0.1149     0.1028   1912.631   78.82778   -1.95864    34.9104    34.9126 0.0000e+00
   1370.000    -0.4011    -0.4028   2.923528   2.923541    311.516     0.1171     0.1030   1913.659   78.82778   -1.95864    34.9103    34.9124 0.0000e+00
   1371.000    -0.4012    -0.4030   2.923565   2.923569    311.381     0.1225     0.1040   1914.787   78.82778   -1.95864    34.9104    34.9125 0.0000e+00
   1372.000    -0.4013    -0.4031   2.923610   2.923609    311.681     0.1184     0.1040   1915.899   78.82778   -1.95864    34.9105    34.9125 0.0000e+00
   1373.000    -0.4012    -0.4030   2.923659   2.923662    311.987     0.1170     0.1039   1916.891   78.82778   -1.95865    34.9105    34.9126 0.0000e+00
   1374.000    -0.4009    -0.4026   2.923734   2.923737    311.486     0.1200     0.1041   1917.801   78.82778   -1.95866    34.9106    34.9125 0.0000e+00
   1375.000    -0.4007    -0.4023   2.923780   2.923808    311.386     0.1216     0.1045   1918.662   78.82778   -1.95866    34.9104    34.9126 0.0000e+00
   1376.000    -0.4003    -0.4022   2.923860   2.923855    311.521     0.1199     0.1047   1919.528   78.82778   -1.95866    34.9104    34.9125 0.0000e+00
   1377.000    -0.4000    -0.4018   2.923928   2.923935    311.508     0.1198     0.1021   1920.494   78.82778   -1.95866    34.9105    34.9125 0.0000e+00
   1378.000    -0.3999    -0.4016   2.923973   2.923985    311.426     0.1197     0.1021   1921.697   78.82778   -1.95866    34.9104    34.9125 0.0000e+00
   1379.000    -0.4002    -0.4019   2.924001   2.924005    311.302     0.1188     0.1043   1922.962   78.82778   -1.95866    34.9105    34.9125 0.0000e+00
   1380.000    -0.4002    -0.4020   2.924032   2.924042    311.491     0.1199     0.1052   1924.041   78.82778   -1.95868    34.9104    34.9125 0.0000e+00
   1381.000    -0.4003    -0.4023   2.924074   2.924071    311.638     0.1198     0.1041   1924.993   78.82778   -1.95868    34.9105    34.9127 0.0000e+00
   1382.000    -0.3996    -0.4014   2.924175   2.924184    311.366     0.1151     0.1032   1925.876   78.82778   -1.95868    34.9105    34.9127 0.0000e+00
   1383.000    -0.3997    -0.4013   2.924212   2.924235    311.955     0.1131     0.1023   1926.725   78.82778   -1.95869    34.9105    34.9127 0.0000e+00
   1384.000    -0.3999    -0.4014   2.924248   2.924252    312.074     0.1137     0.1021   1927.570   78.82778   -1.95870    34.9106    34.9124 0.0000e+00
   1385.000    -0.4002    -0.4018   2.924252   2.924269    311.948     0.1170     0.1041   1928.490   78.82778   -1.95870    34.9104    34.9125 0.0000e+00
   1386.000    -0.4001    -0.4019   2.924303   2.924301    311.516     0.1149     0.1028   1929.602   78.82778   -1.95870    34.9105    34.9124 0.0000e+00
   1387.000    -0.4006    -0.4022   2.924295   2.924315    311.237     0.1150     0.1019   1930.823   78.82778   -1.95870    34.9104    34.9125 0.0000e+00
   1388.000    -0.4010    -0.4022   2.924303   2.924360    311.384     0.1196     0.1017   1931.943   78.82778   -1.95870    34.9104    34.9125 0.0000e+00
   1389.000    -0.4016    -0.4033   2.924296   2.924308    311.301     0.1176     0.1015   1932.933   78.82778   -1.95872    34.9104    34.9124 0.0000e+00
   1390.000    -0.4021    -0.4038   2.924307   2.924312    311.763     0.1198     0.1016   1933.838   78.82778   -1.95872    34.9105    34.9125 0.0000e+00
   1391.000    -0.4027    -0.4044   2.924294   2.924302    311.935     0.1193     0.1028   1934.692   78.82778   -1.95872    34.9105    34.9125 0.0000e+00
   1392.000    -0.4037    -0.4054   2.924251   2.924260    311.531     0.1180     0.1038   1935.537   78.82778   -1.95872    34.9105    34.9125 0.0000e+00
   1393.000    -0.4062    -0.4075   2.924068   2.924113    311.797     0.1178     0.1031   1936.487   78.82778   -1.95872    34.9104    34.9124 0.0000e+00
   1394.000    -0.4089    -0.4104   2.923892   2.923909    311.902     0.1203     0.1048   1937.649   78.82778   -1.95872    34.9105    34.9124 0.0000e+00
   1395.000    -0.4094    -0.4110   2.923888   2.923903    311.787     0.1173     0.1029   1938.850   78.82778   -1.95874    34.9104    34.9125 0.0000e+00
   1396.000    -0.4100    -0.4117   2.923881   2.923895    311.336     0.1217     0.1027   1939.909   78.82778   -1.95874    34.9105    34.9126 0.0000e+00
   1397.000    -0.4104    -0.4121   2.923893   2.923902    311.476     0.1185     0.1029   1940.862   78.82778   -1.95874    34.9105    34.9126 0.0000e+00
   1398.000    -0.4107    -0.4124   2.923915   2.923925    311.311     0.1155     0.1029   1941.763   78.82778   -1.95875    34.9106    34.9127 0.0000e+00
   1399.000    -0.4109    -0.4126   2.923932   2.923943    311.215     0.1202     0.1040   1942.663   78.82778   -1.95876    34.9105    34.9126 0.0000e+00
   1400.000    -0.4114    -0.4131   2.923929   2.923940    311.327     0.1205     0.1036   1943.612   78.82778   -1.95876    34.9104    34.9125 0.0000e+00
   1401.000    -0.4121    -0.4137   2.923918   2.923923    311.228     0.1179     0.1009   1944.658   78.82778   -1.95876    34.9105    34.9125 0.0000e+00
   1402.000    -0.4124    -0.4141   2.923928   2.923946    311.008     0.1188     0.1029   1945.737   78.82778   -1.95876    34.9105    34.9126 0.0000e+00
   1403.000    -0.4124    -0.4142   2.923974   2.923975    310.619     0.1204     0.1037   1946.771   78.82778   -1.95877    34.9105    34.9125 0.0000e+00
   1404.000    -0.4126    -0.4142   2.924005   2.924013    310.861     0.1194     0.1019   1947.762   78.82778   -1.95878    34.9105    34.9125 0.0000e+00
   1405.000    -0.4129    -0.4146   2.924015   2.924027    311.480     0.1219     0.1016   1948.722   78.82778   -1.95878    34.9105    34.9126 0.0000e+00
   1406.000    -0.4132    -0.4149   2.924039   2.924050    310.821     0.1192     0.1033   1949.659   78.82778   -1.95879    34.9106    34.9127 0.0000e+00
   1407.000    -0.4143    -0.4160   2.923981   2.923994    311.102     0.1190     0.1052   1950.592   78.82778   -1.95880    34.9105    34.9126 0.0000e+00
   1408.000    -0.4159    -0.4176   2.923889   2.923909    311.112     0.1209     0.1062   1951.536   78.82778   -1.95880    34.9105    34.9127 0.0000e+00
   1409.000    -0.4161    -0.4178   2.923919   2.923927    310.917     0.1236     0.1038   1952.530   78.82778   -1.95880    34.9106    34.9126 0.0000e+00
   1410.000    -0.4173    -0.4186   2.923857   2.923902    310.897     0.1234     0.1027   1953.595   78.82778   -1.95881    34.9106    34.9127 0.0000e+00
   1411.000    -0.4199    -0.4217   2.923684   2.923687    310.699     0.1203     0.1018   1954.727   78.82778   -1.95882    34.9107    34.9127 0.0000e+00
   1412.000    -0.4225    -0.4243   2.923510   2.923515    311.584     0.1197     0.1028   1955.830   78.82778   -1.95882    34.9107    34.9128 0.0000e+00
   1413.000    -0.4235    -0.4253   2.923466   2.923473    311.530     0.1213     0.1038   1956.847   78.82778   -1.95883    34.9107    34.9128 0.0000e+00
   1414.000    -0.4239    -0.4257   2.923481   2.923482    311.400     0.1212     0.1039   1957.790   78.82778   -1.95884    34.9108    34.9128 0.0000e+00
   1415.000    -0.4243    -0.4259   2.923497   2.923507    310.799     0.1201     0.1039   1958.696   78.82778   -1.95885    34.9109    34.9129 0.0000e+00
   1416.000    -0.4264    -0.4281   2.923355   2.923361    310.631     0.1208     0.1041   1959.582   78.82778   -1.95886    34.9109    34.9128 0.0000e+00
   1417.000    -0.4277    -0.4293   2.923280   2.923300    310.510     0.1214     0.1038   1960.511   78.82778   -1.95886    34.9108    34.9129 0.0000e+00
   1418.000    -0.4290    -0.4306   2.923213   2.923236    310.297     0.1213     0.1019   1961.565   78.82778   -1.95886    34.9108    34.9129 0.0000e+00
   1419.000    -0.4305    -0.4322   2.923125   2.923136    310.541     0.1207     0.1022   1962.722   78.82778   -1.95886    34.9108    34.9128 0.0000e+00
   1420.000    -0.4323    -0.4341   2.923016   2.923017    310.543     0.1186     0.1049   1963.840   78.82778   -1.95887    34.9108    34.9129 0.0000e+00
   1421.000    -0.4334    -0.4363   2.922972   2.922881    310.731     0.1190     0.1040   1964.862   78.82778   -1.95888    34.9109    34.9130 0.0000e+00
   1422.000    -0.4347    -0.4367   2.922909   2.922889    310.707     0.1207     0.1030   1965.814   78.82778   -1.95889    34.9109    34.9129 0.0000e+00
   1423.000    -0.4371    -0.4389   2.922730   2.922739    311.158     0.1184     0.1035   1966.735   78.82778   -1.95890    34.9108    34.9129 0.0000e+00
   1424.000    -0.4397    -0.4413   2.922560   2.922578    310.682     0.1156     0.1035   1967.698   78.82778   -1.95890    34.9109    34.9129 0.0000e+00
   1425.000    -0.4399    -0.4417   2.922579   2.922577    310.370     0.1205     0.1028   1968.758   78.82778   -1.95891    34.9108    34.9128 0.0000e+00
   1426.000    -0.4402    -0.4420   2.922596   2.922596    310.169     0.1212     0.1032   1969.884   78.82778   -1.95892    34.9108    34.9128 0.0000e+00
   1427.000    -0.4403    -0.4421   2.922626   2.922633    310.426     0.1233     0.1040   1970.952   78.82778   -1.95892    34.9108    34.9129 0.0000e+00
   1428.000    -0.4408    -0.4427   2.922633   2.922629    309.921     0.1227     0.1043   1971.940   78.82778   -1.95894    34.9109    34.9130 0.0000e+00
   1429.000    -0.4419    -0.4437   2.922592   2.922587    310.244     0.1215     0.1039   1972.890   78.82778   -1.95894    34.9109    34.9129 0.0000e+00
   1430.000    -0.4425    -0.4442   2.922575   2.922582    310.740     0.1192     0.1030   1973.857   78.82778   -1.95894    34.9109    34.9129 0.0000e+00
   1431.000    -0.4428    -0.4444   2.922589   2.922614    310.450     0.1171     0.1037   1974.917   78.82778   -1.95895    34.9108    34.9130 0.0000e+00
   1432.000    -0.4438    -0.4455   2.922540   2.922556    310.246     0.1191     0.1022   1976.072   78.82778   -1.95896    34.9108    34.9129 0.0000e+00
   1433.000    -0.4445    -0.4463   2.922519   2.922523    310.400     0.1223     0.1017   1977.182   78.82778   -1.95896    34.9108    34.9128 0.0000e+00
   1434.000    -0.4456    -0.4470   2.922482   2.922512    310.569     0.1209     0.1033   1978.189   78.82778   -1.95898    34.9110    34.9129 0.0000e+00
   1435.000    -0.4462    -0.4480   2.922472   2.922465    310.476     0.1147     0.1035   1979.120   78.82778   -1.95900    34.9109    34.9128 0.0000e+00
   1436.000    -0.4462    -0.4479   2.922518   2.922520    310.139     0.1208     0.1032   1980.018   78.82778   -1.95900    34.9109    34.9129 0.0000e+00
   1437.000    -0.4476    -0.4492   2.922438   2.922452    310.157     0.1200     0.1038   1980.950   78.82778   -1.95900    34.9109    34.9129 0.0000e+00
   1438.000    -0.4479    -0.4496   2.922446   2.922454    310.646     0.1225     0.1023   1982.003   78.82778   -1.95902    34.9108    34.9129 0.0000e+00
   1439.000    -0.4484    -0.4502   2.922448   2.922453    310.612     0.1199     0.1039   1983.194   78.82778   -1.95902    34.9109    34.9129 0.0000e+00
   1440.000    -0.4494    -0.4512   2.922408   2.922402    310.664     0.1173     0.1042   1984.341   78.82778   -1.95902    34.9108    34.9128 0.0000e+00
   1441.000    -0.4497    -0.4515   2.922420   2.922427    310.359     0.1225     0.1052   1985.370   78.82778   -1.95904    34.9108    34.9129 0.0000e+00
   1442.000    -0.4514    -0.4532   2.922313   2.922323    309.953     0.1191     0.1044   1986.330   78.82778   -1.95906    34.9108    34.9129 0.0000e+00
   1443.000    -0.4549    -0.4566   2.922058   2.922071    310.213     0.1174     0.1050   1987.272   78.82778   -1.95906    34.9108    34.9129 0.0000e+00
   1444.000    -0.4556    -0.4575   2.922045   2.922034    309.869     0.1211     0.1061   1988.245   78.82778   -1.95906    34.9109    34.9129 0.0000e+00
   1445.000    -0.4555    -0.4572   2.922093   2.922100    309.755     0.1200     0.1049   1989.272   78.82778   -1.95908    34.9108    34.9129 0.0000e+00
   1446.000    -0.4562    -0.4576   2.922073   2.922103    309.802     0.1155     0.1026   1990.331   78.82778   -1.95908    34.9108    34.9127 0.0000e+00
   1447.000    -0.4572    -0.4590   2.922036   2.922038    309.762     0.1178     0.1036   1991.380   78.82778   -1.95910    34.9109    34.9129 0.0000e+00
   1448.000    -0.4581    -0.4597   2.921997   2.922010    309.852     0.1228     0.1027   1992.422   78.82778   -1.95911    34.9108    34.9128 0.0000e+00
   1449.000    -0.4618    -0.4633   2.921717   2.921745    309.809     0.1177     0.1029   1993.458   78.82778   -1.95912    34.9108    34.9128 0.0000e+00
   1450.000    -0.4638    -0.4655   2.921602   2.921599    310.276     0.1186     0.1041   1994.496   78.82778   -1.95913    34.9109    34.9128 0.0000e+00
   1451.000    -0.4636    -0.4654   2.921645   2.921652    310.643     0.1206     0.1042   1995.513   78.82778   -1.95914    34.9107    34.9128 0.0000e+00
   1452.000    -0.4636    -0.4653   2.921692   2.921712    310.117     0.1234     0.1041   1996.508   78.82778   -1.95915    34.9107    34.9129 0.0000e+00
   1453.000    -0.4642    -0.4659   2.921697   2.921691    310.097     0.1223     0.1035   1997.478   78.82778   -1.95916    34.9109    34.9128 0.0000e+00
   1454.000    -0.4650    -0.4667   2.921668   2.921666    309.903     0.1209     0.1036   1998.460   78.82778   -1.95917    34.9109    34.9128 0.0000e+00
   1455.000    -0.4652    -0.4668   2.921681   2.921707    309.246     0.1228     0.1036   1999.507   78.82778   -1.95918    34.9108    34.9129 0.0000e+00
   1456.000    -0.4653    -0.4670   2.921723   2.921734    308.929     0.1232     0.1028   2000.632   78.82778   -1.95918    34.9109    34.9129 0.0000e+00
   1457.000    -0.4652    -0.4671   2.921774   2.921768    309.918     0.1226     0.1037   2001.764   78.82778   -1.95919    34.9109    34.9129 0.0000e+00
   1458.000    -0.4655    -0.4674   2.921798   2.921794    309.922     0.1228     0.1044   2002.818   78.82778   -1.95920    34.9109    34.9130 0.0000e+00
   1459.000    -0.4655    -0.4672   2.921832   2.921844    309.992     0.1201     0.1022   2003.799   78.82778   -1.95921    34.9109    34.9129 0.0000e+00
