test_project/cnv_files/020_bin.cnv
* Sea-Bird SBE 9 Data File:
* FileName = C:\Documents and Settings\ctd\Desktop\FS2022\data\020.hex
* Software Version Seasave V 7.21b
* Temperature SN = 2400
* Conductivity SN = 3447
* Number of Bytes Per Scan = 48
* Number of Voltage Words = 5
* Number of Scans Averaged by the Deck Unit = 1
* NMEA Latitude = 78 49.66 N
* NMEA Longitude = 001 57.13 W
* NMEA UTC (Time) = Sep 17 2022  06:49:22
* NMEA baud rate = 4800
** Cruise: FS 2022
** Ship: Silver Arctic
** Station (File Number):  020
** Latitude:
** Longitude:
** Echodepth (m):
** Seastate:
# nquan = 14
# nvalues = 2690                        
# units = specified
# name 0 = prDM: Pressure, Digiquartz [db]
# name 1 = t090C: Temperature [ITS-90, deg C]
# name 2 = t190C: Temperature, 2 [ITS-90, deg C]
# name 3 = c0S/m: Conductivity [S/m]
# name 4 = c1S/m: Conductivity, 2 [S/m]
# name 5 = sbox0Mm/Kg: Oxygen, SBE 43 [umol/kg]
# name 6 = wetCDOM: Fluorescence, WET Labs CDOM [mg/m^3]
# name 7 = wetCDOM1: Fluorescence, WET Labs CDOM, 2 [mg/m^3]
# name 8 = timeS: Time, Elapsed [seconds]
# name 9 = latitude: Latitude [deg]
# name 10 = longitude: Longitude [deg]
# name 11 = sal00: Salinity, Practical [PSU]
# name 12 = sal11: Salinity, Practical, 2 [PSU]
# name 13 = flag: flag
# span 0 =     15.000,   2704.000       
# span 1 =    -0.7097,     5.8892       
# span 2 =    -0.7115,     5.7611       
# span 3 =   0.036200,   3.387810       
# span 4 =   2.227729,   3.385803       
# span 5 =    213.584,    340.466       
# span 6 =     0.1005,     0.1396       
# span 7 =     0.0890,     0.1145       
# span 8 =     75.366,   3341.361       
# span 9 =   78.82716,   78.82790       
# span 10 =   -1.96424,   -1.95228      
# span 11 =     0.2873,    34.9959      
# span 12 =    22.8012,    34.9977      
# span 13 = 0.0000e+00, 0.0000e+00      
# interval = decibars: 1                
# start_time = Sep 17 2022 06:49:22 [NMEA time, first data scan]
# bad_flag = -9.990e-29
*END*
[from data line 2375]
   2390.000    -0.7045    -0.7061   2.939661   2.939687    297.398     0.1215     0.1038   2959.793   78.82760   -1.96321    34.9140    34.9161 0.0000e+00
   2391.000    -0.7045    -0.7061   2.939695   2.939736    296.735     0.1201     0.1051   2961.218   78.82760   -1.96320    34.9140    34.9163 0.0000e+00
   2392.000    -0.7050    -0.7067   2.939701   2.939728    296.987     0.1193     0.1064   2962.414   78.82760   -1.96320    34.9140    34.9163 0.0000e+00
   2393.000    -0.7048    -0.7066   2.939751   2.939785    296.887     0.1236     0.1058   2963.479   78.82760   -1.96320    34.9140    34.9164 0.0000e+00
   2394.000    -0.7046    -0.7064   2.939814   2.939830    296.240     0.1232     0.1038   2964.523   78.82760   -1.96320    34.9141    34.9163 0.0000e+00
   2395.000    -0.7048    -0.7065   2.939833   2.939863    296.694     0.1201     0.1037   2965.736   78.82760   -1.96320    34.9140    34.9163 0.0000e+00
   2396.000    -0.7049    -0.7065   2.939868   2.939894    296.561     0.1225     0.1071   2967.300   78.82760   -1.96319    34.9141    34.9162 0.0000e+00
   2397.000    -0.7047    -0.7064   2.939923   2.939956    296.952     0.1173     0.1068   2968.691   78.82760   -1.96318    34.9141    34.9164 0.0000e+00
   2398.000    -0.7046    -0.7064   2.939975   2.940002    297.182     0.1197     0.1043   2969.744   78.82760   -1.96318    34.9141    34.9165 0.0000e+00
   2399.000    -0.7045    -0.7063   2.940018   2.940054    296.867     0.1199     0.1051   2970.679   78.82760   -1.96318    34.9141    34.9165 0.0000e+00
   2400.000    -0.7045    -0.7062   2.940068   2.940099    297.177     0.1214     0.1051   2971.549   78.82760   -1.96319    34.9142    34.9166 0.0000e+00
   2401.000    -0.7045    -0.7062   2.940096   2.940135    297.227     0.1201     0.1046   2972.379   78.82760   -1.96320    34.9141    34.9165 0.0000e+00
   2402.000    -0.7044    -0.7061   2.940145   2.940180    297.021     0.1181     0.1039   2973.233   78.82760   -1.96320    34.9141    34.9165 0.0000e+00
   2403.000    -0.7045    -0.7062   2.940184   2.940210    296.190     0.1231     0.1038   2974.259   78.82760   -1.96320    34.9141    34.9164 0.0000e+00
   2404.000    -0.7046    -0.7062   2.940209   2.940244    296.896     0.1181     0.1066   2975.555   78.82760   -1.96319    34.9141    34.9164 0.0000e+00
   2405.000    -0.7046    -0.7064   2.940253   2.940275    296.876     0.1213     0.1048   2976.730   78.82760   -1.96320    34.9142    34.9165 0.0000e+00
   2406.000    -0.7047    -0.7065   2.940276   2.940316    296.864     0.1256     0.1067   2977.688   78.82760   -1.96320    34.9141    34.9166 0.0000e+00
   2407.000    -0.7050    -0.7066   2.940309   2.940336    297.013     0.1226     0.1054   2978.567   78.82760   -1.96320    34.9143    34.9165 0.0000e+00
   2408.000    -0.7051    -0.7068   2.940330   2.940362    296.979     0.1214     0.1044   2979.394   78.82760   -1.96320    34.9142    34.9165 0.0000e+00
   2409.000    -0.7050    -0.7067   2.940383   2.940408    296.773     0.1211     0.1042   2980.191   78.82760   -1.96320    34.9142    34.9165 0.0000e+00
   2410.000    -0.7050    -0.7068   2.940414   2.940440    296.625     0.1213     0.1042   2981.022   78.82760   -1.96320    34.9142    34.9165 0.0000e+00
   2411.000    -0.7048    -0.7066   2.940466   2.940487    296.451     0.1213     0.1065   2982.003   78.82760   -1.96320    34.9141    34.9164 0.0000e+00
   2412.000    -0.7046    -0.7063   2.940527   2.940565    296.206     0.1208     0.1053   2983.133   78.82760   -1.96320    34.9141    34.9165 0.0000e+00
   2413.000    -0.7052    -0.7069   2.940504   2.940541    295.991     0.1157     0.1043   2984.242   78.82760   -1.96320    34.9140    34.9164 0.0000e+00
   2414.000    -0.7060    -0.7077   2.940486   2.940505    297.143     0.1213     0.1040   2985.266   78.82760   -1.96320    34.9141    34.9164 0.0000e+00
   2415.000    -0.7062    -0.7079   2.940506   2.940529    297.206     0.1251     0.1040   2986.222   78.82760   -1.96320    34.9141    34.9163 0.0000e+00
   2416.000    -0.7060    -0.7078   2.940554   2.940580    297.014     0.1261     0.1046   2987.144   78.82760   -1.96322    34.9140    34.9164 0.0000e+00
   2417.000    -0.7061    -0.7078   2.940594   2.940623    296.914     0.1253     0.1056   2988.044   78.82760   -1.96322    34.9141    34.9164 0.0000e+00
   2418.000    -0.7064    -0.7081   2.940611   2.940639    296.864     0.1227     0.1067   2988.949   78.82760   -1.96322    34.9142    34.9164 0.0000e+00
   2419.000    -0.7065    -0.7082   2.940639   2.940661    296.370     0.1174     0.1033   2989.902   78.82760   -1.96320    34.9141    34.9164 0.0000e+00
   2420.000    -0.7065    -0.7082   2.940674   2.940707    296.570     0.1236     0.1038   2990.950   78.82760   -1.96320    34.9141    34.9164 0.0000e+00
   2421.000    -0.7065    -0.7082   2.940716   2.940752    297.085     0.1225     0.1030   2992.069   78.82760   -1.96320    34.9141    34.9165 0.0000e+00
   2422.000    -0.7066    -0.7084   2.940736   2.940774    296.922     0.1242     0.1057   2993.133   78.82760   -1.96320    34.9140    34.9165 0.0000e+00
   2423.000    -0.7069    -0.7087   2.940764   2.940787    296.888     0.1175     0.1069   2994.093   78.82760   -1.96322    34.9141    34.9165 0.0000e+00
   2424.000    -0.7069    -0.7087   2.940802   2.940832    296.493     0.1197     0.1067   2994.997   78.82760   -1.96322    34.9141    34.9166 0.0000e+00
   2425.000    -0.7069    -0.7088   2.940846   2.940867    296.308     0.1236     0.1064   2995.876   78.82760   -1.96322    34.9142    34.9166 0.0000e+00
   2426.000    -0.7070    -0.7088   2.940873   2.940913    296.399     0.1245     0.1030   2996.793   78.82760   -1.96322    34.9141    34.9167 0.0000e+00
   2427.000    -0.7071    -0.7089   2.940915   2.940938    296.580     0.1234     0.1047   2997.818   78.82760   -1.96322    34.9143    34.9166 0.0000e+00
   2428.000    -0.7071    -0.7088   2.940950   2.940980    296.665     0.1210     0.1043   2998.927   78.82760   -1.96322    34.9142    34.9166 0.0000e+00
   2429.000    -0.7070    -0.7089   2.940994   2.941031    295.753     0.1188     0.1061   2999.971   78.82760   -1.96322    34.9141    34.9167 0.0000e+00
   2430.000    -0.7070    -0.7087   2.941040   2.941073    296.336     0.1228     0.1068   3000.916   78.82762   -1.96322    34.9143    34.9166 0.0000e+00
   2431.000    -0.7069    -0.7087   2.941094   2.941110    297.060     0.1222     0.1066   3001.814   78.82762   -1.96322    34.9143    34.9166 0.0000e+00
   2432.000    -0.7068    -0.7087   2.941127   2.941154    296.209     0.1231     0.1067   3002.722   78.82762   -1.96322    34.9141    34.9167 0.0000e+00
   2433.000    -0.7068    -0.7087   2.941169   2.941192    296.351     0.1252     0.1051   3003.727   78.82762   -1.96322    34.9142    34.9167 0.0000e+00
   2434.000    -0.7069    -0.7086   2.941201   2.941236    296.915     0.1215     0.1032   3004.864   78.82762   -1.96322    34.9142    34.9166 0.0000e+00
   2435.000    -0.7068    -0.7086   2.941249   2.941277    296.274     0.1182     0.1052   3005.985   78.82762   -1.96322    34.9143    34.9167 0.0000e+00
   2436.000    -0.7067    -0.7085   2.941307   2.941327    296.065     0.1208     0.1052   3006.983   78.82762   -1.96322    34.9144    34.9167 0.0000e+00
   2437.000    -0.7066    -0.7085   2.941347   2.941381    296.921     0.1256     0.1061   3007.896   78.82762   -1.96322    34.9143    34.9168 0.0000e+00
   2438.000    -0.7066    -0.7085   2.941392   2.941414    296.953     0.1209     0.1054   3008.773   78.82762   -1.96322    34.9143    34.9168 0.0000e+00
   2439.000    -0.7068    -0.7086   2.941421   2.941438    296.791     0.1191     0.1040   3009.674   78.82762   -1.96322    34.9144    34.9166 0.0000e+00
   2440.000    -0.7069    -0.7086   2.941438   2.941472    296.681     0.1200     0.1040   3010.714   78.82762   -1.96322    34.9142    34.9166 0.0000e+00
   2441.000    -0.7067    -0.7085   2.941496   2.941517    296.703     0.1217     0.1043   3011.890   78.82762   -1.96322    34.9142    34.9165 0.0000e+00
   2442.000    -0.7064    -0.7082   2.941559   2.941594    296.514     0.1217     0.1055   3013.007   78.82762   -1.96322    34.9143    34.9167 0.0000e+00
   2443.000    -0.7065    -0.7084   2.941591   2.941621    296.484     0.1217     0.1068   3014.005   78.82762   -1.96322    34.9143    34.9167 0.0000e+00
   2444.000    -0.7065    -0.7084   2.941640   2.941670    296.494     0.1222     0.1043   3014.916   78.82762   -1.96322    34.9143    34.9169 0.0000e+00
   2445.000    -0.7065    -0.7083   2.941685   2.941702    296.450     0.1219     0.1047   3015.810   78.82762   -1.96322    34.9144    34.9167 0.0000e+00
   2446.000    -0.7065    -0.7083   2.941715   2.941742    296.118     0.1175     0.1051   3016.730   78.82762   -1.96322    34.9143    34.9168 0.0000e+00
   2447.000    -0.7069    -0.7086   2.941718   2.941747    296.924     0.1192     0.1047   3017.736   78.82762   -1.96322    34.9143    34.9166 0.0000e+00
   2448.000    -0.7066    -0.7084   2.941781   2.941813    296.609     0.1253     0.1042   3018.825   78.82762   -1.96322    34.9143    34.9168 0.0000e+00
   2449.000    -0.7063    -0.7080   2.941833   2.941878    296.739     0.1199     0.1056   3019.903   78.82762   -1.96322    34.9142    34.9167 0.0000e+00
   2450.000    -0.7062    -0.7078   2.941904   2.941932    296.797     0.1201     0.1067   3020.926   78.82762   -1.96322    34.9144    34.9166 0.0000e+00
   2451.000    -0.7062    -0.7080   2.941940   2.941960    296.415     0.1246     0.1067   3021.899   78.82762   -1.96322    34.9144    34.9167 0.0000e+00
   2452.000    -0.7061    -0.7079   2.941985   2.942013    296.285     0.1253     0.1046   3022.857   78.82762   -1.96322    34.9144    34.9167 0.0000e+00
   2453.000    -0.7060    -0.7078   2.942039   2.942067    296.430     0.1210     0.1040   3023.818   78.82762   -1.96322    34.9144    34.9168 0.0000e+00
   2454.000    -0.7060    -0.7079   2.942078   2.942091    296.700     0.1199     0.1056   3024.812   78.82762   -1.96322    34.9144    34.9167 0.0000e+00
   2455.000    -0.7058    -0.7076   2.942137   2.942159    296.360     0.1203     0.1068   3025.852   78.82762   -1.96322    34.9144    34.9167 0.0000e+00
   2456.000    -0.7056    -0.7075   2.942189   2.942222    296.404     0.1261     0.1067   3026.930   78.82762   -1.96322    34.9144    34.9169 0.0000e+00
   2457.000    -0.7060    -0.7077   2.942200   2.942228    296.444     0.1207     0.1061   3027.989   78.82762   -1.96322    34.9144    34.9168 0.0000e+00
   2458.000    -0.7052    -0.7069   2.942316   2.942356    296.289     0.1218     0.1043   3028.978   78.82762   -1.96322    34.9146    34.9171 0.0000e+00
   2459.000    -0.7044    -0.7061   2.942459   2.942488    296.201     0.1253     0.1051   3029.900   78.82762   -1.96322    34.9150    34.9173 0.0000e+00
   2460.000    -0.7045    -0.7062   2.942478   2.942518    296.264     0.1262     0.1052   3030.776   78.82762   -1.96322    34.9149    34.9174 0.0000e+00
   2461.000    -0.7044    -0.7061   2.942521   2.942560    296.483     0.1245     0.1045   3031.655   78.82762   -1.96322    34.9149    34.9173 0.0000e+00
   2462.000    -0.7046    -0.7059   2.942546   2.942612    296.049     0.1217     0.1040   3032.654   78.82762   -1.96322    34.9148    34.9172 0.0000e+00
   2463.000    -0.7052    -0.7067   2.942526   2.942570    296.892     0.1161     0.1033   3033.950   78.82762   -1.96322    34.9148    34.9171 0.0000e+00
   2464.000    -0.7050    -0.7068   2.942596   2.942605    296.479     0.1196     0.1036   3035.243   78.82762   -1.96322    34.9149    34.9172 0.0000e+00
   2465.000    -0.7040    -0.7059   2.942724   2.942745    296.743     0.1215     0.1041   3036.271   78.82762   -1.96322    34.9150    34.9174 0.0000e+00
   2466.000    -0.7040    -0.7058   2.942757   2.942789    296.470     0.1224     0.1040   3037.160   78.82762   -1.96322    34.9149    34.9174 0.0000e+00
   2467.000    -0.7039    -0.7059   2.942811   2.942809    296.406     0.1235     0.1041   3037.997   78.82762   -1.96322    34.9150    34.9173 0.0000e+00
   2468.000    -0.7047    -0.7064   2.942777   2.942808    296.321     0.1230     0.1040   3038.787   78.82762   -1.96322    34.9149    34.9173 0.0000e+00
   2469.000    -0.7048    -0.7064   2.942804   2.942839    296.260     0.1226     0.1041   3039.612   78.82762   -1.96322    34.9149    34.9172 0.0000e+00
   2470.000    -0.7050    -0.7064   2.942828   2.942870    296.678     0.1224     0.1042   3040.746   78.82762   -1.96322    34.9150    34.9171 0.0000e+00
   2471.000    -0.7053    -0.7068   2.942832   2.942873    296.204     0.1212     0.1060   3042.189   78.82762   -1.96322    34.9148    34.9171 0.0000e+00
   2472.000    -0.7056    -0.7074   2.942846   2.942874    296.040     0.1223     0.1068   3043.331   78.82762   -1.96322    34.9148    34.9172 0.0000e+00
   2473.000    -0.7057    -0.7074   2.942886   2.942913    296.324     0.1214     0.1057   3044.262   78.82762   -1.96322    34.9149    34.9172 0.0000e+00
   2474.000    -0.7053    -0.7071   2.942952   2.942974    296.430     0.1203     0.1050   3045.120   78.82762   -1.96322    34.9149    34.9171 0.0000e+00
   2475.000    -0.7059    -0.7073   2.942943   2.942992    296.382     0.1221     0.1040   3045.930   78.82762   -1.96322    34.9148    34.9171 0.0000e+00
   2476.000    -0.7068    -0.7085   2.942888   2.942921    296.378     0.1216     0.1041   3046.724   78.82762   -1.96322    34.9147    34.9170 0.0000e+00
   2477.000    -0.7067    -0.7084   2.942939   2.942965    296.075     0.1222     0.1041   3047.657   78.82762   -1.96322    34.9146    34.9169 0.0000e+00
   2478.000    -0.7066    -0.7082   2.942989   2.943020    295.715     0.1223     0.1047   3048.920   78.82762   -1.96322    34.9147    34.9169 0.0000e+00
   2479.000    -0.7067    -0.7085   2.943012   2.943035    296.587     0.1219     0.1065   3050.198   78.82762   -1.96322    34.9146    34.9169 0.0000e+00
   2480.000    -0.7068    -0.7086   2.943055   2.943075    296.227     0.1216     0.1050   3051.249   78.82762   -1.96322    34.9147    34.9170 0.0000e+00
   2481.000    -0.7065    -0.7083   2.943115   2.943141    296.412     0.1211     0.1048   3052.168   78.82762   -1.96322    34.9147    34.9171 0.0000e+00
   2482.000    -0.7069    -0.7086   2.943119   2.943142    296.433     0.1207     0.1051   3053.031   78.82762   -1.96324    34.9147    34.9169 0.0000e+00
   2483.000    -0.7072    -0.7089   2.943133   2.943156    296.146     0.1190     0.1043   3053.872   78.82762   -1.96324    34.9147    34.9169 0.0000e+00
   2484.000    -0.7073    -0.7091   2.943157   2.943171    295.712     0.1205     0.1049   3054.777   78.82762   -1.96324    34.9146    34.9168 0.0000e+00
   2485.000    -0.7075    -0.7092   2.943171   2.943201    295.524     0.1203     0.1066   3055.863   78.82762   -1.96324    34.9145    34.9168 0.0000e+00
   2486.000    -0.7068    -0.7085   2.943284   2.943317    296.086     0.1199     0.1056   3057.054   78.82762   -1.96324    34.9147    34.9170 0.0000e+00
   2487.000    -0.7061    -0.7077   2.943412   2.943443    295.790     0.1216     0.1051   3058.134   78.82762   -1.96324    34.9151    34.9174 0.0000e+00
   2488.000    -0.7054    -0.7071   2.943505   2.943544    295.642     0.1243     0.1038   3059.083   78.82762   -1.96326    34.9150    34.9174 0.0000e+00
   2489.000    -0.7048    -0.7066   2.943605   2.943631    295.833     0.1261     0.1036   3059.967   78.82762   -1.96326    34.9151    34.9176 0.0000e+00
   2490.000    -0.7070    -0.7087   2.943437   2.943479    296.409     0.1257     0.1053   3060.840   78.82762   -1.96326    34.9149    34.9173 0.0000e+00
   2491.000    -0.7074    -0.7092   2.943442   2.943467    296.393     0.1236     0.1067   3061.822   78.82762   -1.96326    34.9149    34.9172 0.0000e+00
