test_project/cnv_files/020_bin.cnv
* Sea-Bird SBE 9 Data File:
* FileName = C:\Documents and Settings\ctd\Desktop\FS2022\data\020.hex
* Software Version Seasave V 7.21b
* Temperature SN = 2400
* Conductivity SN = 3447
* Number of Bytes Per Scan = 48
* Number of Voltage Words = 5
* Number of Scans Averaged by the Deck Unit = 1
* NMEA Latitude = 78 49.66 N
* NMEA Longitude = 001 57.13 W
* NMEA UTC (Time) = Sep 17 2022  06:49:22
* NMEA baud rate = 4800
** Cruise: FS 2022
** Ship: Silver Arctic
** Station (File Number):  020
** Latitude:
** Longitude:
** Echodepth (m):
** Seastate:
# nquan = 14
# nvalues = 2690                        
# units = specified
# name 0 = prDM: Pressure, Digiquartz [db]
# name 1 = t090C: Temperature [ITS-90, deg C]
# name 2 = t190C: Temperature, 2 [ITS-90, deg C]
# name 3 = c0S/m: Conductivity [S/m]
# name 4 = c1S/m: Conductivity, 2 [S/m]
# name 5 = sbox0Mm/Kg: Oxygen, SBE 43 [umol/kg]
# name 6 = wetCDOM: Fluorescence, WET Labs CDOM [mg/m^3]
# name 7 = wetCDOM1: Fluorescence, WET Labs CDOM, 2 [mg/m^3]
# name 8 = timeS: Time, Elapsed [seconds]
# name 9 = latitude: Latitude [deg]
# name 10 = longitude: Longitude [deg]
# name 11 = sal00: Salinity, Practical [PSU]
# name 12 = sal11: Salinity, Practical, 2 [PSU]
# name 13 = flag: flag
# span 0 =     15.000,   2704.000       
# span 1 =    -0.7097,     5.8892       
# span 2 =    -0.7115,     5.7611       
# span 3 =   0.036200,   3.387810       
# span 4 =   2.227729,   3.385803       
# span 5 =    213.584,    340.466       
# span 6 =     0.1005,     0.1396       
# span 7 =     0.0890,     0.1145       
# span 8 =     75.366,   3341.361       
# span 9 =   78.82716,   78.82790       
# span 10 =   -1.96424,   -1.95228      
# span 11 =     0.2873,    34.9959      
# span 12 =    22.8012,    34.9977      
# span 13 = 0.0000e+00, 0.0000e+00      
# interval = decibars: 1                
# start_time = Sep 17 2022 06:49:22 [NMEA time, first data scan]
# bad_flag = -9.990e-29
*END*
[from data line 1239]
   1254.000    -0.3227    -0.3244   2.925242   2.925244    317.523     0.1196     0.1018   1795.321   78.82778   -1.95830    34.9098    34.9117 0.0000e+00
   1255.000    -0.3232    -0.3250   2.925235   2.925243    317.884     0.1170     0.1028   1796.217   78.82778   -1.95830    34.9097    34.9118 0.0000e+00
   1256.000    -0.3231    -0.3249   2.925283   2.925287    317.927     0.1159     0.1039   1797.237   78.82778   -1.95832    34.9096    34.9117 0.0000e+00
   1257.000    -0.3233    -0.3251   2.925315   2.925312    317.614     0.1183     0.1031   1798.387   78.82778   -1.95832    34.9097    34.9117 0.0000e+00
   1258.000    -0.3234    -0.3251   2.925336   2.925346    317.595     0.1175     0.1030   1799.504   78.82778   -1.95833    34.9095    34.9116 0.0000e+00
   1259.000    -0.3235    -0.3253   2.925378   2.925384    317.332     0.1176     0.1019   1800.498   78.82778   -1.95834    34.9096    34.9118 0.0000e+00
   1260.000    -0.3249    -0.3265   2.925306   2.925324    317.406     0.1187     0.1023   1801.430   78.82778   -1.95834    34.9096    34.9118 0.0000e+00
   1261.000    -0.3257    -0.3274   2.925281   2.925283    317.597     0.1197     0.1021   1802.372   78.82778   -1.95834    34.9097    34.9117 0.0000e+00
   1262.000    -0.3269    -0.3285   2.925221   2.925237    317.764     0.1143     0.1007   1803.401   78.82778   -1.95834    34.9097    34.9117 0.0000e+00
   1263.000    -0.3276    -0.3294   2.925204   2.925207    317.200     0.1152     0.1020   1804.547   78.82778   -1.95835    34.9097    34.9118 0.0000e+00
   1264.000    -0.3294    -0.3312   2.925096   2.925090    317.348     0.1184     0.1028   1805.673   78.82778   -1.95836    34.9097    34.9117 0.0000e+00
   1265.000    -0.3295    -0.3312   2.925130   2.925132    317.718     0.1188     0.1027   1806.698   78.82778   -1.95836    34.9097    34.9117 0.0000e+00
   1266.000    -0.3295    -0.3313   2.925176   2.925175    317.769     0.1159     0.1028   1807.657   78.82778   -1.95837    34.9097    34.9118 0.0000e+00
   1267.000    -0.3297    -0.3314   2.925206   2.925215    317.634     0.1139     0.1028   1808.588   78.82778   -1.95838    34.9098    34.9118 0.0000e+00
   1268.000    -0.3302    -0.3319   2.925201   2.925213    317.343     0.1173     0.1020   1809.560   78.82778   -1.95838    34.9098    34.9118 0.0000e+00
   1269.000    -0.3314    -0.3331   2.925139   2.925148    317.239     0.1175     0.1016   1810.605   78.82778   -1.95838    34.9097    34.9117 0.0000e+00
   1270.000    -0.3320    -0.3337   2.925130   2.925134    316.873     0.1215     0.1016   1811.689   78.82778   -1.95838    34.9098    34.9117 0.0000e+00
   1271.000    -0.3327    -0.3344   2.925112   2.925110    317.386     0.1170     0.1021   1812.744   78.82778   -1.95838    34.9097    34.9116 0.0000e+00
   1272.000    -0.3328    -0.3346   2.925141   2.925149    317.543     0.1143     0.1025   1813.750   78.82778   -1.95838    34.9097    34.9118 0.0000e+00
   1273.000    -0.3328    -0.3348   2.925186   2.925183    317.436     0.1161     0.1017   1814.730   78.82778   -1.95838    34.9097    34.9119 0.0000e+00
   1274.000    -0.3329    -0.3348   2.925222   2.925222    317.042     0.1204     0.1018   1815.719   78.82778   -1.95839    34.9098    34.9118 0.0000e+00
   1275.000    -0.3332    -0.3350   2.925249   2.925256    317.179     0.1210     0.1016   1816.743   78.82778   -1.95839    34.9098    34.9120 0.0000e+00
   1276.000    -0.3332    -0.3350   2.925281   2.925288    317.104     0.1170     0.1005   1817.790   78.82778   -1.95838    34.9097    34.9118 0.0000e+00
   1277.000    -0.3332    -0.3350   2.925338   2.925335    317.066     0.1165     0.1022   1818.827   78.82778   -1.95838    34.9099    34.9119 0.0000e+00
   1278.000    -0.3333    -0.3351   2.925369   2.925360    317.236     0.1190     0.1036   1819.855   78.82778   -1.95838    34.9099    34.9118 0.0000e+00
   1279.000    -0.3335    -0.3354   2.925383   2.925387    316.870     0.1171     0.1028   1820.881   78.82778   -1.95838    34.9097    34.9118 0.0000e+00
   1280.000    -0.3335    -0.3354   2.925420   2.925429    316.835     0.1178     0.1023   1821.897   78.82778   -1.95838    34.9097    34.9119 0.0000e+00
   1281.000    -0.3336    -0.3355   2.925471   2.925469    316.729     0.1195     0.1029   1822.910   78.82778   -1.95838    34.9099    34.9119 0.0000e+00
   1282.000    -0.3342    -0.3359   2.925460   2.925467    316.927     0.1146     0.1030   1823.913   78.82778   -1.95836    34.9098    34.9119 0.0000e+00
   1283.000    -0.3347    -0.3364   2.925461   2.925465    316.864     0.1165     0.1036   1824.910   78.82778   -1.95836    34.9098    34.9118 0.0000e+00
   1284.000    -0.3353    -0.3371   2.925452   2.925447    316.987     0.1183     0.1005   1825.932   78.82778   -1.95836    34.9099    34.9118 0.0000e+00
   1285.000    -0.3359    -0.3377   2.925442   2.925444    316.698     0.1176     0.1027   1826.976   78.82778   -1.95835    34.9098    34.9119 0.0000e+00
   1286.000    -0.3358    -0.3377   2.925488   2.925483    316.574     0.1186     0.1038   1828.017   78.82778   -1.95834    34.9098    34.9118 0.0000e+00
   1287.000    -0.3372    -0.3388   2.925423   2.925434    316.231     0.1201     0.1022   1829.044   78.82778   -1.95834    34.9099    34.9119 0.0000e+00
   1288.000    -0.3389    -0.3407   2.925307   2.925319    316.412     0.1199     0.1024   1830.059   78.82778   -1.95834    34.9098    34.9119 0.0000e+00
   1289.000    -0.3400    -0.3417   2.925261   2.925268    316.810     0.1188     0.1021   1831.093   78.82778   -1.95834    34.9098    34.9118 0.0000e+00
   1290.000    -0.3404    -0.3421   2.925269   2.925283    316.427     0.1170     0.1028   1832.159   78.82778   -1.95832    34.9098    34.9119 0.0000e+00
   1291.000    -0.3412    -0.3430   2.925249   2.925249    316.490     0.1174     0.1045   1833.217   78.82778   -1.95832    34.9098    34.9118 0.0000e+00
   1292.000    -0.3418    -0.3436   2.925245   2.925239    316.094     0.1168     0.1049   1834.229   78.82778   -1.95832    34.9099    34.9118 0.0000e+00
   1293.000    -0.3427    -0.3445   2.925198   2.925215    315.794     0.1176     0.1037   1835.201   78.82778   -1.95832    34.9098    34.9120 0.0000e+00
   1294.000    -0.3428    -0.3445   2.925233   2.925246    315.963     0.1185     0.1017   1836.169   78.82778   -1.95830    34.9097    34.9119 0.0000e+00
   1295.000    -0.3450    -0.3467   2.925099   2.925088    315.937     0.1206     0.1016   1837.185   78.82776   -1.95830    34.9099    34.9117 0.0000e+00
   1296.000    -0.3461    -0.3479   2.925034   2.925034    316.151     0.1182     0.1025   1838.272   78.82776   -1.95830    34.9098    34.9118 0.0000e+00
   1297.000    -0.3470    -0.3488   2.925006   2.925008    316.362     0.1169     0.1019   1839.364   78.82776   -1.95830    34.9099    34.9118 0.0000e+00
   1298.000    -0.3483    -0.3500   2.924938   2.924946    315.963     0.1196     0.1026   1840.388   78.82776   -1.95830    34.9098    34.9119 0.0000e+00
   1299.000    -0.3499    -0.3516   2.924850   2.924851    315.493     0.1212     0.1036   1841.359   78.82776   -1.95830    34.9099    34.9119 0.0000e+00
   1300.000    -0.3511    -0.3528   2.924792   2.924809    315.440     0.1224     0.1036   1842.302   78.82776   -1.95830    34.9099    34.9120 0.0000e+00
   1301.000    -0.3513    -0.3531   2.924813   2.924813    315.260     0.1242     0.1027   1843.273   78.82776   -1.95830    34.9099    34.9119 0.0000e+00
   1302.000    -0.3513    -0.3531   2.924849   2.924850    315.146     0.1209     0.1027   1844.312   78.82776   -1.95830    34.9098    34.9119 0.0000e+00
   1303.000    -0.3516    -0.3533   2.924863   2.924874    315.442     0.1176     0.1030   1845.400   78.82776   -1.95830    34.9098    34.9118 0.0000e+00
   1304.000    -0.3523    -0.3540   2.924862   2.924864    315.656     0.1168     0.1040   1846.477   78.82776   -1.95830    34.9099    34.9119 0.0000e+00
   1305.000    -0.3526    -0.3544   2.924873   2.924873    315.275     0.1151     0.1029   1847.516   78.82776   -1.95830    34.9099    34.9119 0.0000e+00
   1306.000    -0.3531    -0.3549   2.924879   2.924885    315.539     0.1166     0.1007   1848.524   78.82776   -1.95830    34.9099    34.9120 0.0000e+00
   1307.000    -0.3537    -0.3555   2.924861   2.924863    315.295     0.1203     0.1021   1849.530   78.82776   -1.95830    34.9099    34.9119 0.0000e+00
   1308.000    -0.3549    -0.3565   2.924806   2.924826    315.097     0.1204     0.1020   1850.559   78.82776   -1.95830    34.9099    34.9120 0.0000e+00
   1309.000    -0.3577    -0.3593   2.924619   2.924626    314.923     0.1184     0.1029   1851.625   78.82776   -1.95830    34.9100    34.9119 0.0000e+00
   1310.000    -0.3584    -0.3602   2.924592   2.924596    315.005     0.1189     0.1040   1852.697   78.82776   -1.95830    34.9099    34.9120 0.0000e+00
   1311.000    -0.3589    -0.3607   2.924605   2.924600    314.896     0.1187     0.1045   1853.719   78.82776   -1.95830    34.9100    34.9120 0.0000e+00
   1312.000    -0.3589    -0.3607   2.924640   2.924641    315.089     0.1183     0.1049   1854.686   78.82776   -1.95830    34.9100    34.9120 0.0000e+00
   1313.000    -0.3589    -0.3606   2.924683   2.924688    315.170     0.1198     0.1040   1855.615   78.82776   -1.95830    34.9099    34.9120 0.0000e+00
   1314.000    -0.3592    -0.3610   2.924700   2.924705    315.286     0.1200     0.1029   1856.551   78.82776   -1.95830    34.9100    34.9121 0.0000e+00
   1315.000    -0.3600    -0.3616   2.924662   2.924686    315.217     0.1213     0.1020   1857.564   78.82776   -1.95830    34.9099    34.9120 0.0000e+00
   1316.000    -0.3617    -0.3634   2.924566   2.924577    315.166     0.1212     0.1034   1858.690   78.82776   -1.95830    34.9099    34.9119 0.0000e+00
   1317.000    -0.3622    -0.3639   2.924563   2.924581    315.145     0.1200     0.1039   1859.852   78.82776   -1.95830    34.9099    34.9120 0.0000e+00
   1318.000    -0.3625    -0.3643   2.924590   2.924590    315.047     0.1171     0.1032   1860.935   78.82776   -1.95830    34.9100    34.9120 0.0000e+00
   1319.000    -0.3640    -0.3654   2.924502   2.924543    315.059     0.1136     0.1028   1861.939   78.82776   -1.95830    34.9099    34.9121 0.0000e+00
   1320.000    -0.3665    -0.3682   2.924339   2.924341    315.006     0.1186     0.1028   1862.897   78.82776   -1.95830    34.9101    34.9121 0.0000e+00
   1321.000    -0.3669    -0.3686   2.924348   2.924351    314.431     0.1200     0.1028   1863.850   78.82776   -1.95830    34.9100    34.9120 0.0000e+00
   1322.000    -0.3674    -0.3691   2.924343   2.924350    314.657     0.1200     0.1027   1864.852   78.82776   -1.95830    34.9100    34.9121 0.0000e+00
   1323.000    -0.3682    -0.3699   2.924312   2.924324    314.626     0.1192     0.1020   1865.920   78.82776   -1.95830    34.9099    34.9121 0.0000e+00
   1324.000    -0.3687    -0.3706   2.924318   2.924313    314.522     0.1142     0.1027   1867.032   78.82776   -1.95830    34.9101    34.9121 0.0000e+00
   1325.000    -0.3691    -0.3709   2.924333   2.924330    313.819     0.1144     0.1020   1868.116   78.82776   -1.95832    34.9101    34.9121 0.0000e+00
   1326.000    -0.3701    -0.3717   2.924286   2.924307    314.168     0.1190     0.1026   1869.140   78.82776   -1.95832    34.9101    34.9121 0.0000e+00
   1327.000    -0.3727    -0.3741   2.924118   2.924133    314.016     0.1199     0.1018   1870.112   78.82776   -1.95834    34.9102    34.9120 0.0000e+00
   1328.000    -0.3740    -0.3758   2.924043   2.924042    313.588     0.1201     0.1033   1871.050   78.82776   -1.95834    34.9102    34.9122 0.0000e+00
   1329.000    -0.3745    -0.3761   2.924049   2.924057    313.766     0.1191     0.1040   1871.987   78.82776   -1.95834    34.9101    34.9122 0.0000e+00
   1330.000    -0.3766    -0.3783   2.923908   2.923911    314.078     0.1187     0.1041   1872.999   78.82776   -1.95836    34.9102    34.9121 0.0000e+00
   1331.000    -0.3777    -0.3794   2.923851   2.923852    314.181     0.1188     0.1045   1874.177   78.82776   -1.95836    34.9101    34.9120 0.0000e+00
   1332.000    -0.3788    -0.3809   2.923797   2.923770    313.519     0.1176     0.1046   1875.420   78.82776   -1.95836    34.9101    34.9121 0.0000e+00
   1333.000    -0.3795    -0.3813   2.923785   2.923791    313.635     0.1155     0.1030   1876.543   78.82776   -1.95837    34.9102    34.9123 0.0000e+00
   1334.000    -0.3799    -0.3819   2.923789   2.923782    313.343     0.1167     0.1022   1877.557   78.82776   -1.95838    34.9101    34.9123 0.0000e+00
   1335.000    -0.3801    -0.3818   2.923826   2.923833    313.176     0.1181     0.1042   1878.514   78.82776   -1.95839    34.9102    34.9122 0.0000e+00
   1336.000    -0.3803    -0.3820   2.923847   2.923858    313.279     0.1159     0.1049   1879.481   78.82776   -1.95840    34.9101    34.9122 0.0000e+00
   1337.000    -0.3804    -0.3821   2.923882   2.923887    313.294     0.1127     0.1029   1880.524   78.82776   -1.95840    34.9101    34.9121 0.0000e+00
   1338.000    -0.3808    -0.3827   2.923888   2.923888    312.754     0.1174     0.1028   1881.631   78.82776   -1.95841    34.9102    34.9123 0.0000e+00
   1339.000    -0.3810    -0.3827   2.923915   2.923920    313.126     0.1204     0.1019   1882.722   78.82776   -1.95842    34.9102    34.9122 0.0000e+00
   1340.000    -0.3821    -0.3835   2.923866   2.923908    313.434     0.1173     0.1025   1883.767   78.82776   -1.95842    34.9102    34.9123 0.0000e+00
   1341.000    -0.3826    -0.3843   2.923867   2.923875    313.358     0.1188     0.1020   1884.772   78.82776   -1.95843    34.9101    34.9123 0.0000e+00
   1342.000    -0.3834    -0.3852   2.923834   2.923846    313.005     0.1189     0.1023   1885.771   78.82776   -1.95844    34.9101    34.9123 0.0000e+00
   1343.000    -0.3837    -0.3855   2.923856   2.923867    313.141     0.1188     0.1028   1886.788   78.82776   -1.95845    34.9101    34.9123 0.0000e+00
   1344.000    -0.3836    -0.3854   2.923914   2.923908    313.445     0.1208     0.1041   1887.810   78.82776   -1.95846    34.9102    34.9122 0.0000e+00
   1345.000    -0.3836    -0.3854   2.923952   2.923966    312.822     0.1148     0.1062   1888.799   78.82776   -1.95846    34.9102    34.9124 0.0000e+00
   1346.000    -0.3853    -0.3864   2.923858   2.923911    313.024     0.1196     0.1031   1889.766   78.82776   -1.95847    34.9103    34.9123 0.0000e+00
   1347.000    -0.3862    -0.3878   2.923817   2.923837    313.436     0.1216     0.1041   1890.738   78.82776   -1.95848    34.9102    34.9124 0.0000e+00
   1348.000    -0.3877    -0.3893   2.923739   2.923751    313.309     0.1193     0.1040   1891.742   78.82776   -1.95848    34.9103    34.9124 0.0000e+00
   1349.000    -0.3891    -0.3907   2.923666   2.923671    312.905     0.1207     0.1032   1892.784   78.82777   -1.95849    34.9103    34.9123 0.0000e+00
   1350.000    -0.3900    -0.3919   2.923625   2.923618    312.885     0.1172     0.1021   1893.848   78.82778   -1.95850    34.9103    34.9123 0.0000e+00
   1351.000    -0.3901    -0.3920   2.923653   2.923645    312.497     0.1174     0.1018   1894.895   78.82778   -1.95850    34.9103    34.9123 0.0000e+00
   1352.000    -0.3904    -0.3922   2.923673   2.923685    312.552     0.1167     0.1016   1895.902   78.82778   -1.95852    34.9102    34.9124 0.0000e+00
   1353.000    -0.3911    -0.3927   2.923662   2.923672    312.483     0.1171     0.1017   1896.876   78.82778   -1.95853    34.9104    34.9123 0.0000e+00
   1354.000    -0.3913    -0.3931   2.923692   2.923687    312.240     0.1229     0.1017   1897.808   78.82778   -1.95854    34.9104    34.9124 0.0000e+00
   1355.000    -0.3916    -0.3934   2.923710   2.923705    311.973     0.1220     0.1038   1898.715   78.82778   -1.95855    34.9104    34.9124 0.0000e+00
