test_project/cnv_files/020_bin.cnv
* Sea-Bird SBE 9 Data File:
* FileName = C:\Documents and Settings\ctd\Desktop\FS2022\data\020.hex
* Software Version Seasave V 7.21b
* Temperature SN = 2400
* Conductivity SN = 3447
* Number of Bytes Per Scan = 48
* Number of Voltage Words = 5
* Number of Scans Averaged by the Deck Unit = 1
* NMEA Latitude = 78 49.66 N
* NMEA Longitude = 001 57.13 W
* NMEA UTC (Time) = Sep 17 2022  06:49:22
* NMEA baud rate = 4800
** Cruise: FS 2022
** Ship: Silver Arctic
** Station (File Number):  020
** Latitude:
** Longitude:
** Echodepth (m):
** Seastate:
# nquan = 14
# nvalues = 2690                        
# units = specified
# name 0 = prDM: Pressure, Digiquartz [db]
# name 1 = t090C: Temperature [ITS-90, deg C]
# name 2 = t190C: Temperature, 2 [ITS-90, deg C]
# name 3 = c0S/m: Conductivity [S/m]
# name 4 = c1S/m: Conductivity, 2 [S/m]
# name 5 = sbox0Mm/Kg: Oxygen, SBE 43 [umol/kg]
# name 6 = wetCDOM: Fluorescence, WET Labs CDOM [mg/m^3]
# name 7 = wetCDOM1: Fluorescence, WET Labs CDOM, 2 [mg/m^3]
# name 8 = timeS: Time, Elapsed [seconds]
# name 9 = latitude: Latitude [deg]
# name 10 = longitude: Longitude [deg]
# name 11 = sal00: Salinity, Practical [PSU]
# name 12 = sal11: Salinity, Practical, 2 [PSU]
# name 13 = flag: flag
# span 0 =     15.000,   2704.000       
# span 1 =    -0.7097,     5.8892       
# span 2 =    -0.7115,     5.7611       
# span 3 =   0.036200,   3.387810       
# span 4 =   2.227729,   3.385803       
# span 5 =    213.584,    340.466       
# span 6 =     0.1005,     0.1396       
# span 7 =     0.0890,     0.1145       
# span 8 =     75.366,   3341.361       
# span 9 =   78.82716,   78.82790       
# span 10 =   -1.96424,   -1.95228      
# span 11 =     0.2873,    34.9959      
# span 12 =    22.8012,    34.9977      
# span 13 = 0.0000e+00, 0.0000e+00      
# interval = decibars: 1                
# start_time = Sep 17 2022 06:49:22 [NMEA time, first data scan]
# bad_flag = -9.990e-29
*END*
[from data line 310]
    325.000     2.4823     2.4810   3.132572   3.132584    324.803     0.1043     0.0979    828.453   78.82750   -1.95292    34.9684    34.9699 0.0000e+00
    326.000     2.4725     2.4715   3.131701   3.131749    325.057     0.1057     0.0983    829.562   78.82750   -1.95292    34.9676    34.9694 0.0000e+00
    327.000     2.4415     2.4419   3.128824   3.128969    324.940     0.1083     0.0991    830.588   78.82750   -1.95292    34.9654    34.9668 0.0000e+00
    328.000     2.4264     2.4251   3.127438   3.127444    324.606     0.1092     0.0991    831.567   78.82750   -1.95292    34.9641    34.9657 0.0000e+00
    329.000     2.4029     2.4023   3.125262   3.125310    324.447     0.1070     0.0981    832.538   78.82750   -1.95292    34.9623    34.9636 0.0000e+00
    330.000     2.3747     2.3740   3.122651   3.122696    323.415     0.1047     0.0998    833.557   78.82750   -1.95292    34.9602    34.9615 0.0000e+00
    331.000     2.3559     2.3536   3.120892   3.120790    322.665     0.1034     0.0984    834.667   78.82750   -1.95292    34.9584    34.9597 0.0000e+00
    332.000     2.3353     2.3347   3.118975   3.119048    323.089     0.1046     0.0989    835.826   78.82750   -1.95292    34.9566    34.9582 0.0000e+00
    333.000     2.3283     2.3270   3.118350   3.118371    323.700     0.1097     0.1001    836.949   78.82750   -1.95292    34.9559    34.9576 0.0000e+00
    334.000     2.3186     2.3182   3.117475   3.117539    324.011     0.1076     0.0986    838.010   78.82750   -1.95292    34.9551    34.9563 0.0000e+00
    335.000     2.2913     2.2896   3.114945   3.114904    324.014     0.1079     0.0978    839.045   78.82750   -1.95292    34.9530    34.9544 0.0000e+00
    336.000     2.2843     2.2825   3.114322   3.114282    323.432     0.1082     0.0979    840.085   78.82750   -1.95292    34.9523    34.9538 0.0000e+00
    337.000     2.2869     2.2847   3.114678   3.114629    322.505     0.1074     0.0985    841.157   78.82750   -1.95292    34.9533    34.9551 0.0000e+00
    338.000     2.2939     2.2923   3.115454   3.115447    322.215     0.1086     0.0987    842.225   78.82750   -1.95292    34.9548    34.9564 0.0000e+00
    339.000     2.2824     2.2818   3.114439   3.114505    322.646     0.1073     0.0984    843.262   78.82750   -1.95292    34.9542    34.9556 0.0000e+00
    340.000     2.2711     2.2706   3.113445   3.113535    322.842     0.1056     0.0996    844.274   78.82750   -1.95292    34.9536    34.9552 0.0000e+00
    341.000     2.2600     2.2587   3.112446   3.112432    322.792     0.1073     0.1012    845.287   78.82750   -1.95292    34.9527    34.9541 0.0000e+00
    342.000     2.2361     2.2343   3.110248   3.110208    323.197     0.1104     0.0982    846.328   78.82750   -1.95292    34.9511    34.9526 0.0000e+00
    343.000     2.2375     2.2357   3.110451   3.110412    322.990     0.1103     0.0991    847.411   78.82750   -1.95292    34.9514    34.9529 0.0000e+00
    344.000     2.2363     2.2345   3.110375   3.110347    322.681     0.1095     0.1001    848.520   78.82750   -1.95292    34.9513    34.9529 0.0000e+00
    345.000     2.2238     2.2221   3.109237   3.109197    322.147     0.1092     0.0993    849.616   78.82750   -1.95292    34.9502    34.9516 0.0000e+00
    346.000     2.2042     2.2024   3.107438   3.107374    322.406     0.1088     0.1011    850.684   78.82750   -1.95292    34.9487    34.9499 0.0000e+00
    347.000     2.1989     2.1970   3.106973   3.106931    322.673     0.1073     0.0996    851.729   78.82750   -1.95292    34.9482    34.9497 0.0000e+00
    348.000     2.1896     2.1877   3.106156   3.106092    322.890     0.1093     0.0982    852.764   78.82750   -1.95293    34.9477    34.9490 0.0000e+00
    349.000     2.1692     2.1676   3.104298   3.104267    322.941     0.1094     0.0987    853.815   78.82750   -1.95294    34.9463    34.9477 0.0000e+00
    350.000     2.1579     2.1556   3.103261   3.103154    322.454     0.1114     0.0991    854.887   78.82750   -1.95294    34.9452    34.9464 0.0000e+00
    351.000     2.1294     2.1283   3.100620   3.100630    322.296     0.1097     0.0997    855.974   78.82750   -1.95294    34.9430    34.9443 0.0000e+00
    352.000     2.1120     2.1117   3.099024   3.099102    322.181     0.1074     0.1010    857.063   78.82750   -1.95294    34.9415    34.9428 0.0000e+00
    353.000     2.1015     2.1005   3.098067   3.098088    321.379     0.1068     0.1008    858.154   78.82750   -1.95294    34.9406    34.9419 0.0000e+00
    354.000     2.0790     2.0781   3.096038   3.096062    321.544     0.1051     0.0994    859.231   78.82750   -1.95296    34.9393    34.9406 0.0000e+00
    355.000     2.0645     2.0617   3.094712   3.094565    321.149     0.1065     0.1003    860.298   78.82750   -1.95296    34.9381    34.9394 0.0000e+00
    356.000     2.0492     2.0473   3.093320   3.093259    320.578     0.1072     0.1000    861.349   78.82750   -1.95296    34.9369    34.9383 0.0000e+00
    357.000     2.0312     2.0291   3.091675   3.091590    320.587     0.1054     0.0991    862.401   78.82750   -1.95297    34.9356    34.9368 0.0000e+00
    358.000     2.0126     2.0108   3.089983   3.089921    320.531     0.1067     0.0990    863.497   78.82750   -1.95298    34.9342    34.9355 0.0000e+00
    359.000     1.9892     1.9892   3.087846   3.087963    320.875     0.1061     0.0981    864.658   78.82750   -1.95298    34.9326    34.9341 0.0000e+00
    360.000     1.9754     1.9740   3.086615   3.086607    320.960     0.1100     0.0989    865.820   78.82751   -1.95299    34.9318    34.9332 0.0000e+00
    361.000     1.9657     1.9645   3.085772   3.085780    320.752     0.1113     0.0978    866.902   78.82752   -1.95300    34.9314    34.9328 0.0000e+00
    362.000     1.9531     1.9517   3.084660   3.084649    320.882     0.1067     0.0973    867.920   78.82752   -1.95300    34.9307    34.9321 0.0000e+00
    363.000     1.9434     1.9415   3.083822   3.083764    320.735     0.1071     0.0988    868.899   78.82752   -1.95302    34.9303    34.9316 0.0000e+00
    364.000     1.9390     1.9375   3.083465   3.083438    320.712     0.1128     0.0991    869.874   78.82752   -1.95302    34.9300    34.9314 0.0000e+00
    365.000     1.9317     1.9300   3.082828   3.082806    320.808     0.1122     0.0989    870.888   78.82752   -1.95302    34.9295    34.9311 0.0000e+00
    366.000     1.9263     1.9246   3.082377   3.082339    320.514     0.1097     0.0992    871.994   78.82752   -1.95304    34.9292    34.9306 0.0000e+00
    367.000     1.9249     1.9226   3.082283   3.082198    319.894     0.1101     0.0998    873.158   78.82752   -1.95304    34.9291    34.9305 0.0000e+00
    368.000     1.9049     1.9064   3.080470   3.080720    320.251     0.1093     0.1010    874.311   78.82752   -1.95306    34.9277    34.9292 0.0000e+00
    369.000     1.8846     1.8838   3.078633   3.078678    320.070     0.1088     0.1010    875.403   78.82752   -1.95307    34.9264    34.9279 0.0000e+00
    370.000     1.8650     1.8644   3.076845   3.076897    319.719     0.1077     0.1004    876.426   78.82752   -1.95308    34.9250    34.9263 0.0000e+00
    371.000     1.8524     1.8507   3.075719   3.075682    319.395     0.1126     0.1008    877.412   78.82752   -1.95308    34.9241    34.9255 0.0000e+00
    372.000     1.8419     1.8402   3.074820   3.074790    319.680     0.1108     0.1016    878.400   78.82752   -1.95310    34.9239    34.9253 0.0000e+00
    373.000     1.8357     1.8339   3.074342   3.074296    319.711     0.1095     0.1005    879.463   78.82752   -1.95312    34.9241    34.9255 0.0000e+00
    374.000     1.8348     1.8317   3.074351   3.074186    319.687     0.1119     0.1001    880.671   78.82752   -1.95313    34.9246    34.9259 0.0000e+00
    375.000     1.8738     1.8707   3.078257   3.078141    319.457     0.1068     0.0988    881.938   78.82753   -1.95314    34.9302    34.9321 0.0000e+00
    376.000     1.8842     1.8824   3.079375   3.079343    319.783     0.1015     0.0977    883.086   78.82754   -1.95317    34.9322    34.9338 0.0000e+00
    377.000     1.8779     1.8763   3.078867   3.078853    319.680     0.1095     0.0979    884.109   78.82754   -1.95320    34.9322    34.9338 0.0000e+00
    378.000     1.8758     1.8735   3.078713   3.078629    319.555     0.1085     0.0979    885.057   78.82754   -1.95322    34.9320    34.9335 0.0000e+00
    379.000     1.8677     1.8645   3.077998   3.077823    320.387     0.1110     0.1000    885.981   78.82754   -1.95322    34.9313    34.9327 0.0000e+00
    380.000     1.8494     1.8488   3.076316   3.076373    321.097     0.1089     0.1002    886.929   78.82754   -1.95323    34.9298    34.9312 0.0000e+00
    381.000     1.8394     1.8344   3.075446   3.075132    320.620     0.1060     0.0997    887.968   78.82754   -1.95326    34.9294    34.9309 0.0000e+00
    382.000     1.8544     1.8521   3.076970   3.076900    319.878     0.1089     0.0999    889.110   78.82754   -1.95326    34.9314    34.9331 0.0000e+00
    383.000     1.8550     1.8538   3.077149   3.077168    320.453     0.1085     0.0996    890.323   78.82754   -1.95328    34.9324    34.9340 0.0000e+00
    384.000     1.8434     1.8419   3.076160   3.076154    321.062     0.1119     0.1011    891.557   78.82754   -1.95329    34.9321    34.9338 0.0000e+00
    385.000     1.8349     1.8334   3.075401   3.075401    320.947     0.1144     0.1019    892.734   78.82754   -1.95331    34.9314    34.9331 0.0000e+00
    386.000     1.8359     1.8332   3.075530   3.075436    321.029     0.1128     0.1017    893.806   78.82754   -1.95333    34.9314    34.9331 0.0000e+00
    387.000     1.8379     1.8361   3.075773   3.075748    320.711     0.1129     0.1009    894.789   78.82754   -1.95334    34.9316    34.9333 0.0000e+00
    388.000     1.8289     1.8273   3.074963   3.074931    320.969     0.1125     0.1007    895.716   78.82754   -1.95335    34.9309    34.9322 0.0000e+00
    389.000     1.8175     1.8156   3.073944   3.073897    320.770     0.1082     0.1014    896.634   78.82755   -1.95337    34.9300    34.9315 0.0000e+00
    390.000     1.8105     1.8084   3.073337   3.073281    320.204     0.1073     0.0992    897.649   78.82756   -1.95338    34.9295    34.9311 0.0000e+00
    391.000     1.8083     1.8066   3.073181   3.073153    320.119     0.1097     0.0990    898.876   78.82756   -1.95338    34.9294    34.9309 0.0000e+00
    392.000     1.8046     1.8027   3.072912   3.072866    319.759     0.1109     0.0983    900.151   78.82756   -1.95340    34.9296    34.9310 0.0000e+00
    393.000     1.8035     1.8016   3.072889   3.072866    320.289     0.1082     0.0992    901.267   78.82756   -1.95340    34.9299    34.9316 0.0000e+00
    394.000     1.8030     1.8010   3.072936   3.072904    320.333     0.1087     0.0992    902.262   78.82756   -1.95342    34.9305    34.9322 0.0000e+00
    395.000     1.8031     1.8011   3.073026   3.072989    320.513     0.1136     0.0992    903.184   78.82756   -1.95344    34.9309    34.9327 0.0000e+00
    396.000     1.7936     1.7918   3.072263   3.072196    320.635     0.1093     0.0982    904.074   78.82756   -1.95346    34.9312    34.9324 0.0000e+00
    397.000     1.7798     1.7777   3.071059   3.070986    320.226     0.1082     0.0987    904.973   78.82756   -1.95346    34.9307    34.9321 0.0000e+00
    398.000     1.7734     1.7711   3.070495   3.070416    320.069     0.1085     0.0996    905.953   78.82756   -1.95348    34.9301    34.9317 0.0000e+00
    399.000     1.7590     1.7568   3.069226   3.069147    320.725     0.1088     0.1003    907.042   78.82756   -1.95348    34.9294    34.9308 0.0000e+00
    400.000     1.7528     1.7512   3.068694   3.068687    320.376     0.1095     0.1007    908.161   78.82756   -1.95348    34.9289    34.9306 0.0000e+00
    401.000     1.7497     1.7476   3.068467   3.068411    320.268     0.1126     0.1015    909.218   78.82756   -1.95350    34.9289    34.9305 0.0000e+00
    402.000     1.7457     1.7435   3.068135   3.068064    320.053     0.1137     0.1005    910.219   78.82756   -1.95350    34.9287    34.9302 0.0000e+00
    403.000     1.7385     1.7374   3.067524   3.067550    319.921     0.1119     0.1017    911.200   78.82756   -1.95352    34.9283    34.9299 0.0000e+00
    404.000     1.7242     1.7223   3.066266   3.066211    320.259     0.1103     0.1017    912.193   78.82756   -1.95354    34.9276    34.9291 0.0000e+00
    405.000     1.7150     1.7128   3.065472   3.065401    320.577     0.1077     0.1008    913.217   78.82758   -1.95354    34.9272    34.9287 0.0000e+00
    406.000     1.7090     1.7071   3.064969   3.064941    320.276     0.1127     0.1001    914.233   78.82758   -1.95356    34.9269    34.9286 0.0000e+00
    407.000     1.7024     1.7007   3.064414   3.064388    320.431     0.1097     0.1003    915.244   78.82758   -1.95356    34.9266    34.9281 0.0000e+00
    408.000     1.6927     1.6905   3.063584   3.063518    320.683     0.1080     0.1003    916.235   78.82758   -1.95356    34.9263    34.9279 0.0000e+00
    409.000     1.6865     1.6845   3.063062   3.063015    320.554     0.1109     0.0999    917.216   78.82758   -1.95358    34.9259    34.9275 0.0000e+00
    410.000     1.6803     1.6784   3.062534   3.062484    320.841     0.1126     0.0992    918.226   78.82758   -1.95358    34.9256    34.9270 0.0000e+00
    411.000     1.6735     1.6718   3.061962   3.061939    320.679     0.1099     0.1000    919.274   78.82758   -1.95360    34.9252    34.9268 0.0000e+00
    412.000     1.6594     1.6577   3.060705   3.060676    320.189     0.1116     0.0980    920.324   78.82758   -1.95361    34.9244    34.9259 0.0000e+00
    413.000     1.6498     1.6476   3.059884   3.059813    320.093     0.1118     0.0978    921.345   78.82758   -1.95362    34.9240    34.9256 0.0000e+00
    414.000     1.6496     1.6474   3.059910   3.059835    320.038     0.1106     0.0997    922.333   78.82758   -1.95363    34.9240    34.9255 0.0000e+00
    415.000     1.6474     1.6450   3.059753   3.059660    319.849     0.1104     0.1002    923.293   78.82758   -1.95364    34.9239    34.9254 0.0000e+00
    416.000     1.6458     1.6440   3.059645   3.059619    319.982     0.1100     0.1003    924.233   78.82758   -1.95364    34.9237    34.9254 0.0000e+00
    417.000     1.6409     1.6397   3.059246   3.059260    320.435     0.1099     0.1000    925.196   78.82758   -1.95366    34.9235    34.9251 0.0000e+00
    418.000     1.6338     1.6314   3.058643   3.058573    320.261     0.1126     0.0992    926.218   78.82758   -1.95366    34.9232    34.9249 0.0000e+00
    419.000     1.6234     1.6210   3.057750   3.057660    320.229     0.1148     0.1001    927.293   78.82758   -1.95366    34.9228    34.9243 0.0000e+00
    420.000     1.6197     1.6177   3.057457   3.057415    319.461     0.1122     0.0991    928.412   78.82758   -1.95368    34.9226    34.9243 0.0000e+00
    421.000     1.6179     1.6161   3.057333   3.057304    319.307     0.1097     0.0992    929.500   78.82758   -1.95368    34.9225    34.9241 0.0000e+00
    422.000     1.6142     1.6122   3.057054   3.057015    319.682     0.1103     0.1015    930.511   78.82758   -1.95369    34.9224    34.9242 0.0000e+00
    423.000     1.6113     1.6094   3.056839   3.056791    319.845     0.1095     0.1016    931.461   78.82758   -1.95370    34.9224    34.9239 0.0000e+00
    424.000     1.6018     1.6002   3.056021   3.056000    319.052     0.1117     0.1008    932.384   78.82759   -1.95370    34.9219    34.9234 0.0000e+00
    425.000     1.5829     1.5812   3.054368   3.054334    319.232     0.1135     0.0998    933.319   78.82760   -1.95370    34.9214    34.9229 0.0000e+00
    426.000     1.5772     1.5752   3.053901   3.053845    319.743     0.1124     0.0988    934.325   78.82760   -1.95372    34.9211    34.9227 0.0000e+00
