test_project/cnv_files/021_bin.cnv
* Sea-Bird SBE 9 Data File:
* FileName = C:\Documents and Settings\ctd\Desktop\FS2022\data\021.hex
* Software Version Seasave V 7.21b
* Temperature SN = 2400
* Conductivity SN = 3447
* Number of Bytes Per Scan = 48
* Number of Voltage Words = 5
* Number of Scans Averaged by the Deck Unit = 1
* NMEA Latitude = 78 55.34 N
* NMEA Longitude = 001 00.18 E
* NMEA UTC (Time) = Sep 17 2022  17:10:08
* NMEA baud rate = 4800
** Cruise: FS 2022
** Ship: Silver Arctic
** Station (File Number):  021
** Latitude:
** Longitude:
** Echodepth (m):
** Seastate:
# nquan = 14
# nvalues = 2541                        
# units = specified
# name 0 = prDM: Pressure, Digiquartz [db]
# name 1 = t090C: Temperature [ITS-90, deg C]
# name 2 = t190C: Temperature, 2 [ITS-90, deg C]
# name 3 = c0S/m: Conductivity [S/m]
# name 4 = c1S/m: Conductivity, 2 [S/m]
# name 5 = sbox0Mm/Kg: Oxygen, SBE 43 [umol/kg]
# name 6 = wetCDOM: Fluorescence, WET Labs CDOM [mg/m^3]
# name 7 = wetCDOM1: Fluorescence, WET Labs CDOM, 2 [mg/m^3]
# name 8 = timeS: Time, Elapsed [seconds]
# name 9 = latitude: Latitude [deg]
# name 10 = longitude: Longitude [deg]
# name 11 = sal00: Salinity, Practical [PSU]
# name 12 = sal11: Salinity, Practical, 2 [PSU]
# name 13 = flag: flag
# span 0 =      1.000,   2541.000       
# span 1 =    -1.1807,     5.6307       
# span 2 =    -1.1813,     5.6269       
# span 3 =   2.543870,   3.408442       
# span 4 =   2.543902,   3.408440       
# span 5 =    295.353,    537.153       
# span 6 =     0.0989,     0.1422       
# span 7 =     0.0954,     0.1182       
# span 8 =    315.194,   3140.971       
# span 9 =   78.92222,   78.92274       
# span 10 =    0.99141,    1.00202      
# span 11 =    31.4559,    35.0389      
# span 12 =    31.4569,    35.0407      
# span 13 = 0.0000e+00, 0.0000e+00      
# interval = decibars: 1                
# start_time = Sep 17 2022 17:10:09 [NMEA time, first data scan]
# bad_flag = -9.990e-29
*END*
[from data line 1962]
   1963.000    -0.6647    -0.6664   2.925774   2.925811    301.078     0.1215     0.1052   2463.097   78.92224    0.99572    34.9115    34.9140 0.0000e+00
   1964.000    -0.6652    -0.6670   2.925773   2.925802    300.949     0.1254     0.1054   2464.161   78.92224    0.99572    34.9116    34.9140 0.0000e+00
   1965.000    -0.6655    -0.6673   2.925780   2.925819    301.237     0.1222     0.1054   2465.240   78.92224    0.99572    34.9115    34.9140 0.0000e+00
   1966.000    -0.6659    -0.6677   2.925787   2.925824    300.707     0.1230     0.1046   2466.327   78.92224    0.99572    34.9115    34.9140 0.0000e+00
   1967.000    -0.6660    -0.6678   2.925824   2.925866    301.233     0.1198     0.1047   2467.407   78.92224    0.99572    34.9115    34.9141 0.0000e+00
   1968.000    -0.6659    -0.6678   2.925865   2.925907    301.224     0.1205     0.1052   2468.454   78.92224    0.99572    34.9115    34.9141 0.0000e+00
   1969.000    -0.6661    -0.6679   2.925891   2.925935    301.266     0.1188     0.1053   2469.466   78.92224    0.99572    34.9115    34.9141 0.0000e+00
   1970.000    -0.6665    -0.6683   2.925906   2.925948    300.841     0.1211     0.1055   2470.467   78.92224    0.99572    34.9115    34.9142 0.0000e+00
   1971.000    -0.6668    -0.6686   2.925917   2.925947    300.698     0.1234     0.1066   2471.460   78.92224    0.99572    34.9115    34.9140 0.0000e+00
   1972.000    -0.6679    -0.6698   2.925860   2.925898    300.850     0.1216     0.1044   2472.454   78.92224    0.99570    34.9115    34.9141 0.0000e+00
   1973.000    -0.6687    -0.6706   2.925835   2.925873    300.691     0.1214     0.1066   2473.480   78.92224    0.99570    34.9115    34.9141 0.0000e+00
   1974.000    -0.6692    -0.6710   2.925836   2.925872    300.882     0.1176     0.1056   2474.547   78.92224    0.99570    34.9115    34.9140 0.0000e+00
   1975.000    -0.6695    -0.6714   2.925848   2.925877    300.905     0.1183     0.1065   2475.660   78.92224    0.99571    34.9115    34.9141 0.0000e+00
   1976.000    -0.6701    -0.6719   2.925841   2.925882    300.473     0.1253     0.1048   2476.786   78.92224    0.99572    34.9115    34.9142 0.0000e+00
   1977.000    -0.6709    -0.6726   2.925821   2.925857    300.917     0.1229     0.1044   2477.870   78.92224    0.99572    34.9116    34.9141 0.0000e+00
   1978.000    -0.6714    -0.6732   2.925808   2.925851    300.904     0.1261     0.1033   2478.903   78.92224    0.99572    34.9115    34.9141 0.0000e+00
   1979.000    -0.6715    -0.6735   2.925846   2.925868    301.006     0.1248     0.1035   2479.893   78.92224    0.99572    34.9116    34.9141 0.0000e+00
   1980.000    -0.6719    -0.6735   2.925860   2.925908    300.916     0.1246     0.1049   2480.852   78.92224    0.99572    34.9116    34.9141 0.0000e+00
   1981.000    -0.6720    -0.6739   2.925888   2.925922    300.928     0.1225     0.1065   2481.803   78.92224    0.99571    34.9116    34.9142 0.0000e+00
   1982.000    -0.6722    -0.6740   2.925897   2.925943    300.599     0.1216     0.1043   2482.766   78.92224    0.99570    34.9115    34.9141 0.0000e+00
   1983.000    -0.6725    -0.6743   2.925921   2.925954    300.535     0.1223     0.1052   2483.771   78.92224    0.99570    34.9115    34.9140 0.0000e+00
   1984.000    -0.6725    -0.6743   2.925960   2.925997    300.823     0.1230     0.1067   2484.837   78.92224    0.99570    34.9116    34.9141 0.0000e+00
   1985.000    -0.6726    -0.6744   2.926001   2.926032    301.097     0.1238     0.1055   2485.935   78.92224    0.99570    34.9116    34.9141 0.0000e+00
   1986.000    -0.6726    -0.6745   2.926036   2.926066    300.744     0.1208     0.1053   2487.016   78.92224    0.99570    34.9116    34.9141 0.0000e+00
   1987.000    -0.6728    -0.6747   2.926062   2.926091    301.007     0.1191     0.1052   2488.043   78.92224    0.99570    34.9116    34.9141 0.0000e+00
   1988.000    -0.6730    -0.6748   2.926078   2.926119    300.770     0.1210     0.1053   2489.025   78.92224    0.99570    34.9115    34.9141 0.0000e+00
   1989.000    -0.6736    -0.6753   2.926085   2.926121    300.407     0.1181     0.1048   2489.992   78.92224    0.99570    34.9117    34.9142 0.0000e+00
   1990.000    -0.6738    -0.6757   2.926104   2.926132    300.845     0.1204     0.1046   2490.969   78.92224    0.99570    34.9116    34.9142 0.0000e+00
   1991.000    -0.6740    -0.6759   2.926124   2.926152    300.602     0.1187     0.1064   2491.970   78.92224    0.99570    34.9116    34.9141 0.0000e+00
   1992.000    -0.6741    -0.6759   2.926155   2.926192    300.276     0.1204     0.1032   2493.015   78.92224    0.99572    34.9116    34.9141 0.0000e+00
   1993.000    -0.6739    -0.6758   2.926205   2.926232    300.335     0.1243     0.1040   2494.096   78.92224    0.99572    34.9115    34.9140 0.0000e+00
   1994.000    -0.6742    -0.6760   2.926220   2.926264    300.400     0.1229     0.1031   2495.161   78.92224    0.99572    34.9115    34.9141 0.0000e+00
   1995.000    -0.6744    -0.6762   2.926248   2.926290    300.711     0.1218     0.1040   2496.188   78.92224    0.99572    34.9116    34.9141 0.0000e+00
   1996.000    -0.6743    -0.6762   2.926292   2.926327    300.468     0.1238     0.1043   2497.167   78.92224    0.99572    34.9116    34.9142 0.0000e+00
   1997.000    -0.6744    -0.6763   2.926321   2.926362    300.042     0.1214     0.1046   2498.123   78.92224    0.99572    34.9115    34.9141 0.0000e+00
   1998.000    -0.6744    -0.6763   2.926372   2.926403    300.288     0.1223     0.1052   2499.076   78.92224    0.99572    34.9116    34.9142 0.0000e+00
   1999.000    -0.6745    -0.6763   2.926406   2.926451    300.342     0.1224     0.1051   2500.056   78.92224    0.99572    34.9116    34.9143 0.0000e+00
   2000.000    -0.6746    -0.6764   2.926436   2.926478    300.295     0.1258     0.1043   2501.079   78.92224    0.99572    34.9116    34.9142 0.0000e+00
   2001.000    -0.6746    -0.6765   2.926475   2.926504    300.182     0.1247     0.1053   2502.130   78.92224    0.99572    34.9116    34.9142 0.0000e+00
   2002.000    -0.6747    -0.6765   2.926508   2.926542    300.190     0.1253     0.1070   2503.192   78.92224    0.99572    34.9116    34.9141 0.0000e+00
   2003.000    -0.6744    -0.6763   2.926576   2.926611    300.568     0.1267     0.1069   2504.201   78.92226    0.99572    34.9116    34.9142 0.0000e+00
   2004.000    -0.6743    -0.6762   2.926622   2.926650    300.407     0.1252     0.1058   2505.184   78.92226    0.99572    34.9116    34.9141 0.0000e+00
   2005.000    -0.6744    -0.6763   2.926655   2.926685    299.985     0.1223     0.1047   2506.160   78.92226    0.99572    34.9116    34.9142 0.0000e+00
   2006.000    -0.6746    -0.6765   2.926677   2.926714    300.174     0.1227     0.1045   2507.137   78.92226    0.99572    34.9116    34.9142 0.0000e+00
   2007.000    -0.6750    -0.6768   2.926684   2.926725    300.429     0.1232     0.1049   2508.141   78.92226    0.99572    34.9116    34.9141 0.0000e+00
   2008.000    -0.6752    -0.6770   2.926706   2.926743    300.434     0.1205     0.1043   2509.178   78.92226    0.99572    34.9115    34.9141 0.0000e+00
   2009.000    -0.6755    -0.6773   2.926723   2.926761    300.397     0.1242     0.1051   2510.239   78.92226    0.99572    34.9116    34.9142 0.0000e+00
   2010.000    -0.6757    -0.6776   2.926737   2.926780    300.306     0.1246     0.1053   2511.304   78.92226    0.99572    34.9115    34.9142 0.0000e+00
   2011.000    -0.6762    -0.6781   2.926744   2.926778    300.103     0.1229     0.1042   2512.330   78.92226    0.99572    34.9115    34.9142 0.0000e+00
   2012.000    -0.6762    -0.6780   2.926788   2.926828    300.344     0.1217     0.1051   2513.329   78.92226    0.99572    34.9116    34.9142 0.0000e+00
   2013.000    -0.6761    -0.6780   2.926826   2.926870    300.394     0.1217     0.1045   2514.300   78.92226    0.99572    34.9115    34.9142 0.0000e+00
   2014.000    -0.6760    -0.6779   2.926881   2.926917    300.549     0.1214     0.1046   2515.265   78.92226    0.99570    34.9116    34.9142 0.0000e+00
   2015.000    -0.6760    -0.6779   2.926924   2.926960    300.365     0.1202     0.1047   2516.253   78.92226    0.99570    34.9115    34.9142 0.0000e+00
   2016.000    -0.6760    -0.6779   2.926958   2.927000    299.977     0.1211     0.1043   2517.281   78.92226    0.99570    34.9116    34.9142 0.0000e+00
   2017.000    -0.6761    -0.6779   2.926995   2.927035    300.044     0.1213     0.1048   2518.364   78.92226    0.99570    34.9116    34.9142 0.0000e+00
   2018.000    -0.6760    -0.6779   2.927037   2.927075    300.392     0.1215     0.1041   2519.487   78.92226    0.99570    34.9115    34.9141 0.0000e+00
   2019.000    -0.6762    -0.6780   2.927073   2.927109    300.278     0.1222     0.1042   2520.579   78.92226    0.99570    34.9116    34.9141 0.0000e+00
   2020.000    -0.6763    -0.6781   2.927097   2.927146    299.945     0.1215     0.1040   2521.613   78.92226    0.99570    34.9115    34.9142 0.0000e+00
   2021.000    -0.6764    -0.6783   2.927138   2.927170    300.134     0.1256     0.1042   2522.599   78.92226    0.99569    34.9117    34.9142 0.0000e+00
   2022.000    -0.6764    -0.6782   2.927180   2.927214    300.518     0.1213     0.1031   2523.574   78.92226    0.99568    34.9117    34.9142 0.0000e+00
   2023.000    -0.6765    -0.6784   2.927201   2.927237    300.591     0.1223     0.1036   2524.542   78.92226    0.99568    34.9116    34.9142 0.0000e+00
   2024.000    -0.6765    -0.6784   2.927241   2.927281    300.056     0.1241     0.1039   2525.544   78.92226    0.99568    34.9116    34.9142 0.0000e+00
   2025.000    -0.6768    -0.6785   2.927264   2.927311    299.926     0.1235     0.1035   2526.606   78.92226    0.99568    34.9116    34.9142 0.0000e+00
   2026.000    -0.6769    -0.6787   2.927290   2.927326    300.086     0.1219     0.1035   2527.725   78.92226    0.99568    34.9115    34.9141 0.0000e+00
   2027.000    -0.6769    -0.6788   2.927335   2.927372    299.852     0.1222     0.1047   2528.851   78.92226    0.99567    34.9116    34.9142 0.0000e+00
   2028.000    -0.6773    -0.6790   2.927349   2.927387    300.386     0.1217     0.1048   2529.938   78.92226    0.99566    34.9117    34.9142 0.0000e+00
   2029.000    -0.6777    -0.6796   2.927346   2.927385    300.339     0.1204     0.1035   2530.951   78.92226    0.99566    34.9116    34.9143 0.0000e+00
   2030.000    -0.6791    -0.6809   2.927266   2.927311    300.056     0.1225     0.1022   2531.932   78.92226    0.99566    34.9115    34.9142 0.0000e+00
   2031.000    -0.6796    -0.6814   2.927258   2.927300    299.630     0.1194     0.1043   2532.909   78.92226    0.99566    34.9115    34.9141 0.0000e+00
   2032.000    -0.6802    -0.6820   2.927251   2.927297    300.172     0.1243     0.1031   2533.912   78.92226    0.99565    34.9116    34.9142 0.0000e+00
   2033.000    -0.6807    -0.6824   2.927255   2.927294    300.176     0.1267     0.1047   2534.982   78.92226    0.99564    34.9116    34.9141 0.0000e+00
   2034.000    -0.6811    -0.6829   2.927260   2.927297    300.100     0.1240     0.1034   2536.140   78.92226    0.99564    34.9116    34.9141 0.0000e+00
   2035.000    -0.6818    -0.6836   2.927234   2.927271    299.663     0.1232     0.1047   2537.336   78.92226    0.99564    34.9116    34.9141 0.0000e+00
   2036.000    -0.6819    -0.6837   2.927271   2.927317    300.072     0.1217     0.1022   2538.464   78.92226    0.99563    34.9116    34.9142 0.0000e+00
   2037.000    -0.6820    -0.6837   2.927311   2.927354    300.033     0.1270     0.1039   2539.505   78.92227    0.99562    34.9116    34.9142 0.0000e+00
   2038.000    -0.6820    -0.6838   2.927352   2.927382    300.093     0.1281     0.1039   2540.479   78.92228    0.99562    34.9117    34.9141 0.0000e+00
   2039.000    -0.6822    -0.6840   2.927371   2.927409    300.013     0.1241     0.1040   2541.444   78.92228    0.99562    34.9116    34.9141 0.0000e+00
   2040.000    -0.6824    -0.6842   2.927399   2.927430    299.779     0.1211     0.1045   2542.417   78.92228    0.99562    34.9117    34.9142 0.0000e+00
   2041.000    -0.6827    -0.6845   2.927413   2.927448    299.926     0.1234     0.1050   2543.440   78.92228    0.99560    34.9117    34.9142 0.0000e+00
   2042.000    -0.6832    -0.6851   2.927408   2.927447    299.201     0.1260     0.1049   2544.557   78.92228    0.99560    34.9117    34.9143 0.0000e+00
   2043.000    -0.6833    -0.6852   2.927438   2.927461    298.638     0.1228     0.1058   2545.753   78.92228    0.99560    34.9117    34.9141 0.0000e+00
   2044.000    -0.6837    -0.6855   2.927444   2.927490    299.288     0.1218     0.1040   2546.931   78.92228    0.99559    34.9117    34.9143 0.0000e+00
   2045.000    -0.6841    -0.6860   2.927447   2.927487    298.962     0.1224     0.1046   2548.055   78.92228    0.99558    34.9116    34.9142 0.0000e+00
   2046.000    -0.6840    -0.6859   2.927492   2.927531    299.363     0.1218     0.1055   2549.093   78.92228    0.99558    34.9116    34.9142 0.0000e+00
   2047.000    -0.6841    -0.6860   2.927538   2.927572    299.570     0.1216     0.1066   2550.073   78.92228    0.99558    34.9117    34.9143 0.0000e+00
   2048.000    -0.6843    -0.6861   2.927561   2.927603    299.589     0.1224     0.1054   2551.059   78.92228    0.99556    34.9117    34.9143 0.0000e+00
   2049.000    -0.6843    -0.6862   2.927599   2.927634    298.842     0.1224     0.1043   2552.067   78.92228    0.99556    34.9117    34.9142 0.0000e+00
   2050.000    -0.6846    -0.6863   2.927620   2.927653    299.411     0.1222     0.1063   2553.126   78.92228    0.99556    34.9117    34.9142 0.0000e+00
   2051.000    -0.6850    -0.6868   2.927618   2.927660    299.435     0.1213     0.1048   2554.249   78.92228    0.99556    34.9116    34.9142 0.0000e+00
   2052.000    -0.6852    -0.6870   2.927641   2.927674    299.460     0.1218     0.1050   2555.398   78.92228    0.99556    34.9116    34.9141 0.0000e+00
   2053.000    -0.6854    -0.6873   2.927664   2.927696    299.455     0.1241     0.1043   2556.504   78.92228    0.99554    34.9117    34.9142 0.0000e+00
   2054.000    -0.6859    -0.6877   2.927656   2.927690    298.998     0.1203     0.1049   2557.549   78.92228    0.99554    34.9116    34.9141 0.0000e+00
   2055.000    -0.6858    -0.6878   2.927704   2.927737    299.430     0.1214     0.1053   2558.567   78.92228    0.99554    34.9116    34.9143 0.0000e+00
   2056.000    -0.6861    -0.6880   2.927720   2.927763    299.394     0.1239     0.1047   2559.580   78.92228    0.99553    34.9115    34.9143 0.0000e+00
   2057.000    -0.6863    -0.6880   2.927755   2.927789    298.912     0.1211     0.1046   2560.624   78.92228    0.99552    34.9117    34.9141 0.0000e+00
   2058.000    -0.6864    -0.6882   2.927781   2.927822    298.741     0.1183     0.1052   2561.728   78.92228    0.99552    34.9116    34.9142 0.0000e+00
   2059.000    -0.6864    -0.6882   2.927816   2.927852    299.365     0.1212     0.1053   2562.873   78.92228    0.99551    34.9116    34.9141 0.0000e+00
   2060.000    -0.6865    -0.6883   2.927850   2.927891    298.782     0.1222     0.1050   2564.011   78.92228    0.99550    34.9116    34.9142 0.0000e+00
   2061.000    -0.6865    -0.6883   2.927902   2.927937    299.036     0.1182     0.1045   2565.101   78.92228    0.99550    34.9117    34.9142 0.0000e+00
   2062.000    -0.6865    -0.6883   2.927938   2.927980    299.494     0.1191     0.1055   2566.137   78.92228    0.99550    34.9117    34.9143 0.0000e+00
   2063.000    -0.6866    -0.6885   2.927964   2.927998    299.208     0.1235     0.1068   2567.158   78.92228    0.99550    34.9117    34.9142 0.0000e+00
   2064.000    -0.6868    -0.6886   2.927985   2.928034    299.207     0.1238     0.1052   2568.173   78.92228    0.99548    34.9116    34.9142 0.0000e+00
