test_project/cnv_files/021_bin.cnv
* Sea-Bird SBE 9 Data File:
* FileName = C:\Documents and Settings\ctd\Desktop\FS2022\data\021.hex
* Software Version Seasave V 7.21b
* Temperature SN = 2400
* Conductivity SN = 3447
* Number of Bytes Per Scan = 48
* Number of Voltage Words = 5
* Number of Scans Averaged by the Deck Unit = 1
* NMEA Latitude = 78 55.34 N
* NMEA Longitude = 001 00.18 E
* NMEA UTC (Time) = Sep 17 2022  17:10:08
* NMEA baud rate = 4800
** Cruise: FS 2022
** Ship: Silver Arctic
** Station (File Number):  021
** Latitude:
** Longitude:
** Echodepth (m):
** Seastate:
# nquan = 14
# nvalues = 2541                        
# units = specified
# name 0 = prDM: Pressure, Digiquartz [db]
# name 1 = t090C: Temperature [ITS-90, deg C]
# name 2 = t190C: Temperature, 2 [ITS-90, deg C]
# name 3 = c0S/m: Conductivity [S/m]
# name 4 = c1S/m: Conductivity, 2 [S/m]
# name 5 = sbox0Mm/Kg: Oxygen, SBE 43 [umol/kg]
# name 6 = wetCDOM: Fluorescence, WET Labs CDOM [mg/m^3]
# name 7 = wetCDOM1: Fluorescence, WET Labs CDOM, 2 [mg/m^3]
# name 8 = timeS: Time, Elapsed [seconds]
# name 9 = latitude: Latitude [deg]
# name 10 = longitude: Longitude [deg]
# name 11 = sal00: Salinity, Practical [PSU]
# name 12 = sal11: Salinity, Practical, 2 [PSU]
# name 13 = flag: flag
# span 0 =      1.000,   2541.000       
# span 1 =    -1.1807,     5.6307       
# span 2 =    -1.1813,     5.6269       
# span 3 =   2.543870,   3.408442       
# span 4 =   2.543902,   3.408440       
# span 5 =    295.353,    537.153       
# span 6 =     0.0989,     0.1422       
# span 7 =     0.0954,     0.1182       
# span 8 =    315.194,   3140.971       
# span 9 =   78.92222,   78.92274       
# span 10 =    0.99141,    1.00202      
# span 11 =    31.4559,    35.0389      
# span 12 =    31.4569,    35.0407      
# span 13 = 0.0000e+00, 0.0000e+00      
# interval = decibars: 1                
# start_time = Sep 17 2022 17:10:09 [NMEA time, first data scan]
# bad_flag = -9.990e-29
*END*
[from data line 1755]
   1756.000    -0.6096    -0.6114   2.921938   2.921973    304.426     0.1199     0.1038   2242.012   78.92230    0.99634    34.9109    34.9133 0.0000e+00
   1757.000    -0.6096    -0.6113   2.921981   2.922014    304.406     0.1189     0.1026   2243.072   78.92230    0.99634    34.9110    34.9133 0.0000e+00
   1758.000    -0.6095    -0.6113   2.922023   2.922064    304.442     0.1200     0.1025   2244.135   78.92230    0.99634    34.9109    34.9134 0.0000e+00
   1759.000    -0.6097    -0.6115   2.922056   2.922082    304.412     0.1222     0.1025   2245.211   78.92230    0.99634    34.9109    34.9133 0.0000e+00
   1760.000    -0.6096    -0.6115   2.922100   2.922129    304.641     0.1214     0.1023   2246.281   78.92230    0.99634    34.9109    34.9134 0.0000e+00
   1761.000    -0.6099    -0.6117   2.922114   2.922158    304.625     0.1191     0.1033   2247.331   78.92230    0.99634    34.9109    34.9134 0.0000e+00
   1762.000    -0.6104    -0.6121   2.922118   2.922150    304.724     0.1207     0.1041   2248.363   78.92230    0.99632    34.9109    34.9133 0.0000e+00
   1763.000    -0.6108    -0.6125   2.922129   2.922163    304.455     0.1195     0.1032   2249.389   78.92230    0.99632    34.9109    34.9133 0.0000e+00
   1764.000    -0.6107    -0.6124   2.922175   2.922205    304.749     0.1187     0.1043   2250.424   78.92230    0.99632    34.9109    34.9133 0.0000e+00
   1765.000    -0.6107    -0.6125   2.922217   2.922243    305.180     0.1193     0.1052   2251.474   78.92230    0.99632    34.9109    34.9133 0.0000e+00
   1766.000    -0.6110    -0.6128   2.922229   2.922262    305.073     0.1200     0.1043   2252.545   78.92230    0.99632    34.9109    34.9133 0.0000e+00
   1767.000    -0.6115    -0.6133   2.922227   2.922265    304.190     0.1207     0.1050   2253.622   78.92230    0.99632    34.9108    34.9134 0.0000e+00
   1768.000    -0.6117    -0.6135   2.922257   2.922286    304.720     0.1233     0.1043   2254.691   78.92230    0.99632    34.9110    34.9134 0.0000e+00
   1769.000    -0.6121    -0.6139   2.922256   2.922293    304.632     0.1227     0.1030   2255.722   78.92230    0.99632    34.9109    34.9133 0.0000e+00
   1770.000    -0.6131    -0.6149   2.922219   2.922253    304.355     0.1150     0.1053   2256.738   78.92230    0.99632    34.9109    34.9134 0.0000e+00
   1771.000    -0.6145    -0.6163   2.922144   2.922181    304.223     0.1154     0.1056   2257.745   78.92230    0.99632    34.9109    34.9134 0.0000e+00
   1772.000    -0.6149    -0.6168   2.922142   2.922182    304.120     0.1189     0.1041   2258.764   78.92230    0.99632    34.9108    34.9135 0.0000e+00
   1773.000    -0.6154    -0.6172   2.922146   2.922177    303.901     0.1217     0.1037   2259.809   78.92230    0.99632    34.9110    34.9134 0.0000e+00
   1774.000    -0.6156    -0.6174   2.922175   2.922206    303.800     0.1151     0.1029   2260.890   78.92230    0.99632    34.9110    34.9134 0.0000e+00
   1775.000    -0.6156    -0.6174   2.922208   2.922239    304.387     0.1193     0.1028   2261.983   78.92230    0.99632    34.9109    34.9133 0.0000e+00
   1776.000    -0.6158    -0.6177   2.922237   2.922257    304.233     0.1211     0.1028   2263.058   78.92230    0.99632    34.9109    34.9133 0.0000e+00
   1777.000    -0.6160    -0.6178   2.922268   2.922297    304.314     0.1261     0.1031   2264.115   78.92230    0.99632    34.9110    34.9135 0.0000e+00
   1778.000    -0.6162    -0.6180   2.922292   2.922326    303.796     0.1247     0.1039   2265.139   78.92230    0.99632    34.9110    34.9135 0.0000e+00
   1779.000    -0.6162    -0.6181   2.922328   2.922364    304.221     0.1214     0.1021   2266.161   78.92230    0.99632    34.9110    34.9136 0.0000e+00
   1780.000    -0.6164    -0.6182   2.922350   2.922388    303.623     0.1193     0.1026   2267.193   78.92230    0.99632    34.9110    34.9135 0.0000e+00
   1781.000    -0.6165    -0.6184   2.922388   2.922418    303.706     0.1183     0.1028   2268.247   78.92230    0.99632    34.9110    34.9135 0.0000e+00
   1782.000    -0.6166    -0.6185   2.922418   2.922452    304.060     0.1172     0.1029   2269.315   78.92230    0.99632    34.9110    34.9135 0.0000e+00
   1783.000    -0.6167    -0.6186   2.922450   2.922488    303.821     0.1177     0.1053   2270.393   78.92230    0.99632    34.9110    34.9136 0.0000e+00
   1784.000    -0.6169    -0.6186   2.922492   2.922518    303.514     0.1193     0.1070   2271.461   78.92230    0.99632    34.9111    34.9135 0.0000e+00
   1785.000    -0.6167    -0.6186   2.922531   2.922567    304.067     0.1193     0.1077   2272.507   78.92230    0.99632    34.9109    34.9136 0.0000e+00
   1786.000    -0.6169    -0.6188   2.922560   2.922594    304.253     0.1188     0.1076   2273.533   78.92230    0.99632    34.9110    34.9136 0.0000e+00
   1787.000    -0.6169    -0.6188   2.922604   2.922635    304.348     0.1252     0.1043   2274.547   78.92230    0.99632    34.9111    34.9135 0.0000e+00
   1788.000    -0.6169    -0.6188   2.922642   2.922676    304.521     0.1195     0.1042   2275.555   78.92230    0.99632    34.9110    34.9135 0.0000e+00
   1789.000    -0.6170    -0.6189   2.922680   2.922710    304.072     0.1210     0.1042   2276.574   78.92230    0.99632    34.9110    34.9136 0.0000e+00
   1790.000    -0.6172    -0.6190   2.922701   2.922734    304.092     0.1212     0.1041   2277.635   78.92230    0.99632    34.9110    34.9135 0.0000e+00
   1791.000    -0.6175    -0.6193   2.922719   2.922760    303.923     0.1231     0.1042   2278.726   78.92230    0.99632    34.9110    34.9136 0.0000e+00
   1792.000    -0.6181    -0.6198   2.922713   2.922754    304.083     0.1219     0.1043   2279.838   78.92230    0.99632    34.9111    34.9135 0.0000e+00
   1793.000    -0.6188    -0.6204   2.922691   2.922745    304.199     0.1195     0.1050   2280.939   78.92230    0.99632    34.9111    34.9136 0.0000e+00
   1794.000    -0.6195    -0.6211   2.922677   2.922736    303.760     0.1196     0.1044   2281.985   78.92230    0.99632    34.9111    34.9138 0.0000e+00
   1795.000    -0.6202    -0.6214   2.922661   2.922741    304.249     0.1206     0.1042   2282.978   78.92230    0.99632    34.9112    34.9136 0.0000e+00
   1796.000    -0.6202    -0.6221   2.922700   2.922719    303.794     0.1212     0.1042   2283.958   78.92230    0.99632    34.9111    34.9135 0.0000e+00
   1797.000    -0.6203    -0.6225   2.922727   2.922723    303.377     0.1203     0.1043   2284.948   78.92230    0.99632    34.9111    34.9135 0.0000e+00
   1798.000    -0.6221    -0.6237   2.922623   2.922663    303.230     0.1184     0.1050   2285.975   78.92230    0.99632    34.9111    34.9135 0.0000e+00
   1799.000    -0.6238    -0.6254   2.922515   2.922556    303.506     0.1186     0.1069   2287.061   78.92230    0.99632    34.9111    34.9135 0.0000e+00
   1800.000    -0.6244    -0.6262   2.922493   2.922533    303.261     0.1221     0.1043   2288.194   78.92230    0.99632    34.9110    34.9135 0.0000e+00
   1801.000    -0.6245    -0.6264   2.922537   2.922568    303.708     0.1214     0.1047   2289.333   78.92230    0.99632    34.9111    34.9136 0.0000e+00
   1802.000    -0.6247    -0.6265   2.922557   2.922593    303.902     0.1191     0.1066   2290.418   78.92230    0.99632    34.9111    34.9136 0.0000e+00
   1803.000    -0.6249    -0.6268   2.922588   2.922617    303.397     0.1202     0.1043   2291.436   78.92230    0.99632    34.9111    34.9136 0.0000e+00
   1804.000    -0.6252    -0.6271   2.922594   2.922630    303.345     0.1214     0.1041   2292.426   78.92230    0.99632    34.9110    34.9136 0.0000e+00
   1805.000    -0.6259    -0.6277   2.922584   2.922619    303.569     0.1242     0.1042   2293.413   78.92230    0.99632    34.9111    34.9136 0.0000e+00
   1806.000    -0.6270    -0.6288   2.922531   2.922564    303.496     0.1210     0.1041   2294.412   78.92230    0.99632    34.9111    34.9136 0.0000e+00
   1807.000    -0.6277    -0.6296   2.922513   2.922546    303.393     0.1208     0.1049   2295.449   78.92230    0.99632    34.9111    34.9137 0.0000e+00
   1808.000    -0.6281    -0.6299   2.922518   2.922549    303.382     0.1165     0.1063   2296.525   78.92230    0.99632    34.9111    34.9135 0.0000e+00
   1809.000    -0.6284    -0.6303   2.922528   2.922562    303.232     0.1169     0.1070   2297.622   78.92230    0.99632    34.9111    34.9135 0.0000e+00
   1810.000    -0.6290    -0.6308   2.922531   2.922563    302.951     0.1187     0.1063   2298.720   78.92230    0.99632    34.9112    34.9136 0.0000e+00
   1811.000    -0.6290    -0.6308   2.922565   2.922598    303.456     0.1203     0.1044   2299.807   78.92230    0.99632    34.9111    34.9136 0.0000e+00
   1812.000    -0.6289    -0.6308   2.922608   2.922646    303.120     0.1231     0.1031   2300.875   78.92230    0.99632    34.9110    34.9136 0.0000e+00
   1813.000    -0.6289    -0.6307   2.922650   2.922686    302.488     0.1236     0.1029   2301.928   78.92230    0.99632    34.9110    34.9136 0.0000e+00
   1814.000    -0.6288    -0.6307   2.922706   2.922735    302.475     0.1211     0.1031   2302.986   78.92230    0.99632    34.9111    34.9136 0.0000e+00
   1815.000    -0.6288    -0.6307   2.922743   2.922783    303.031     0.1221     0.1030   2304.046   78.92230    0.99632    34.9111    34.9137 0.0000e+00
   1816.000    -0.6289    -0.6307   2.922783   2.922816    303.258     0.1250     0.1028   2305.089   78.92230    0.99632    34.9111    34.9136 0.0000e+00
   1817.000    -0.6290    -0.6308   2.922812   2.922855    302.979     0.1162     0.1020   2306.114   78.92230    0.99632    34.9111    34.9137 0.0000e+00
   1818.000    -0.6289    -0.6307   2.922862   2.922893    302.907     0.1198     0.1048   2307.133   78.92230    0.99632    34.9110    34.9135 0.0000e+00
   1819.000    -0.6292    -0.6311   2.922880   2.922905    303.397     0.1214     0.1028   2308.170   78.92230    0.99632    34.9112    34.9136 0.0000e+00
   1820.000    -0.6294    -0.6312   2.922902   2.922937    303.202     0.1236     0.1020   2309.242   78.92230    0.99632    34.9111    34.9136 0.0000e+00
   1821.000    -0.6295    -0.6313   2.922939   2.922967    303.233     0.1275     0.1028   2310.342   78.92230    0.99632    34.9111    34.9135 0.0000e+00
   1822.000    -0.6296    -0.6314   2.922963   2.922997    303.283     0.1195     0.1028   2311.468   78.92230    0.99632    34.9111    34.9136 0.0000e+00
   1823.000    -0.6298    -0.6317   2.922981   2.923021    303.133     0.1198     0.1038   2312.586   78.92230    0.99632    34.9110    34.9137 0.0000e+00
   1824.000    -0.6302    -0.6321   2.922994   2.923030    303.215     0.1200     0.1043   2313.702   78.92230    0.99632    34.9111    34.9136 0.0000e+00
   1825.000    -0.6312    -0.6330   2.922957   2.922983    302.807     0.1210     0.1041   2314.768   78.92230    0.99631    34.9111    34.9136 0.0000e+00
   1826.000    -0.6320    -0.6339   2.922920   2.922945    302.588     0.1213     0.1038   2315.801   78.92230    0.99630    34.9111    34.9135 0.0000e+00
   1827.000    -0.6327    -0.6345   2.922903   2.922941    302.470     0.1214     0.1030   2316.835   78.92230    0.99630    34.9111    34.9135 0.0000e+00
   1828.000    -0.6334    -0.6350   2.922890   2.922933    303.291     0.1212     0.1035   2317.882   78.92230    0.99630    34.9111    34.9135 0.0000e+00
   1829.000    -0.6333    -0.6351   2.922929   2.922971    302.792     0.1197     0.1049   2318.943   78.92230    0.99630    34.9110    34.9136 0.0000e+00
   1830.000    -0.6334    -0.6352   2.922967   2.923003    302.937     0.1193     0.1041   2320.026   78.92230    0.99630    34.9111    34.9136 0.0000e+00
   1831.000    -0.6335    -0.6353   2.923000   2.923039    303.038     0.1220     0.1034   2321.114   78.92230    0.99630    34.9111    34.9136 0.0000e+00
   1832.000    -0.6340    -0.6359   2.922995   2.923024    302.655     0.1236     0.1050   2322.196   78.92230    0.99630    34.9110    34.9135 0.0000e+00
   1833.000    -0.6343    -0.6361   2.923010   2.923046    302.487     0.1214     0.1040   2323.264   78.92230    0.99630    34.9110    34.9135 0.0000e+00
   1834.000    -0.6343    -0.6361   2.923053   2.923082    302.712     0.1192     0.1041   2324.330   78.92230    0.99630    34.9110    34.9135 0.0000e+00
   1835.000    -0.6342    -0.6361   2.923101   2.923133    302.650     0.1207     0.1031   2325.386   78.92230    0.99630    34.9110    34.9136 0.0000e+00
   1836.000    -0.6342    -0.6361   2.923141   2.923173    302.839     0.1221     0.1030   2326.439   78.92230    0.99630    34.9110    34.9135 0.0000e+00
   1837.000    -0.6345    -0.6363   2.923157   2.923194    302.659     0.1216     0.1047   2327.508   78.92230    0.99630    34.9110    34.9135 0.0000e+00
   1838.000    -0.6346    -0.6364   2.923197   2.923236    302.510     0.1219     0.1046   2328.586   78.92230    0.99630    34.9111    34.9136 0.0000e+00
   1839.000    -0.6348    -0.6365   2.923219   2.923259    302.630     0.1197     0.1041   2329.669   78.92230    0.99630    34.9110    34.9136 0.0000e+00
   1840.000    -0.6348    -0.6366   2.923262   2.923301    302.619     0.1190     0.1048   2330.762   78.92230    0.99630    34.9111    34.9136 0.0000e+00
   1841.000    -0.6346    -0.6364   2.923311   2.923343    302.700     0.1201     0.1056   2331.835   78.92230    0.99630    34.9110    34.9135 0.0000e+00
   1842.000    -0.6353    -0.6374   2.923297   2.923314    302.364     0.1223     0.1048   2332.897   78.92230    0.99630    34.9110    34.9136 0.0000e+00
   1843.000    -0.6358    -0.6378   2.923300   2.923316    302.387     0.1233     0.1042   2333.937   78.92230    0.99630    34.9111    34.9135 0.0000e+00
   1844.000    -0.6362    -0.6380   2.923302   2.923337    302.606     0.1217     0.1043   2334.966   78.92230    0.99630    34.9110    34.9135 0.0000e+00
   1845.000    -0.6362    -0.6379   2.923351   2.923386    302.715     0.1231     0.1044   2336.013   78.92230    0.99630    34.9111    34.9136 0.0000e+00
   1846.000    -0.6363    -0.6381   2.923375   2.923405    302.361     0.1219     0.1042   2337.081   78.92230    0.99630    34.9110    34.9134 0.0000e+00
   1847.000    -0.6370    -0.6388   2.923356   2.923394    302.903     0.1230     0.1043   2338.192   78.92230    0.99630    34.9111    34.9135 0.0000e+00
   1848.000    -0.6377    -0.6396   2.923346   2.923368    302.621     0.1209     0.1052   2339.332   78.92230    0.99630    34.9112    34.9135 0.0000e+00
   1849.000    -0.6380    -0.6398   2.923356   2.923387    302.228     0.1218     0.1042   2340.430   78.92230    0.99630    34.9111    34.9135 0.0000e+00
   1850.000    -0.6381    -0.6399   2.923390   2.923420    302.777     0.1231     0.1044   2341.487   78.92230    0.99630    34.9111    34.9135 0.0000e+00
   1851.000    -0.6388    -0.6407   2.923365   2.923385    302.941     0.1213     0.1042   2342.523   78.92230    0.99630    34.9109    34.9135 0.0000e+00
   1852.000    -0.6395    -0.6415   2.923352   2.923376    302.855     0.1199     0.1032   2343.561   78.92230    0.99630    34.9111    34.9136 0.0000e+00
   1853.000    -0.6399    -0.6417   2.923358   2.923395    302.679     0.1210     0.1040   2344.618   78.92230    0.99630    34.9110    34.9136 0.0000e+00
   1854.000    -0.6411    -0.6428   2.923293   2.923333    302.832     0.1246     0.1063   2345.704   78.92230    0.99630    34.9110    34.9135 0.0000e+00
   1855.000    -0.6414    -0.6432   2.923315   2.923343    302.112     0.1255     0.1054   2346.817   78.92230    0.99630    34.9111    34.9135 0.0000e+00
   1856.000    -0.6415    -0.6434   2.923343   2.923379    302.176     0.1225     0.1064   2347.899   78.92230    0.99629    34.9111    34.9136 0.0000e+00
   1857.000    -0.6415    -0.6434   2.923392   2.923425    302.073     0.1218     0.1073   2348.939   78.92230    0.99628    34.9111    34.9137 0.0000e+00
   1858.000    -0.6416    -0.6435   2.923417   2.923451    302.220     0.1207     0.1065   2349.954   78.92230    0.99628    34.9111    34.9136 0.0000e+00
