test_project/cnv_files/021_bin.cnv
* Sea-Bird SBE 9 Data File:
* FileName = C:\Documents and Settings\ctd\Desktop\FS2022\data\021.hex
* Software Version Seasave V 7.21b
* Temperature SN = 2400
* Conductivity SN = 3447
* Number of Bytes Per Scan = 48
* Number of Voltage Words = 5
* Number of Scans Averaged by the Deck Unit = 1
* NMEA Latitude = 78 55.34 N
* NMEA Longitude = 001 00.18 E
* NMEA UTC (Time) = Sep 17 2022  17:10:08
* NMEA baud rate = 4800
** Cruise: FS 2022
** Ship: Silver Arctic
** Station (File Number):  021
** Latitude:
** Longitude:
** Echodepth (m):
** Seastate:
# nquan = 14
# nvalues = 2541                        
# units = specified
# name 0 = prDM: Pressure, Digiquartz [db]
# name 1 = t090C: Temperature [ITS-90, deg C]
# name 2 = t190C: Temperature, 2 [ITS-90, deg C]
# name 3 = c0S/m: Conductivity [S/m]
# name 4 = c1S/m: Conductivity, 2 [S/m]
# name 5 = sbox0Mm/Kg: Oxygen, SBE 43 [umol/kg]
# name 6 = wetCDOM: Fluorescence, WET Labs CDOM [mg/m^3]
# name 7 = wetCDOM1: Fluorescence, WET Labs CDOM, 2 [mg/m^3]
# name 8 = timeS: Time, Elapsed [seconds]
# name 9 = latitude: Latitude [deg]
# name 10 = longitude: Longitude [deg]
# name 11 = sal00: Salinity, Practical [PSU]
# name 12 = sal11: Salinity, Practical, 2 [PSU]
# name 13 = flag: flag
# span 0 =      1.000,   2541.000       
# span 1 =    -1.1807,     5.6307       
# span 2 =    -1.1813,     5.6269       
# span 3 =   2.543870,   3.408442       
# span 4 =   2.543902,   3.408440       
# span 5 =    295.353,    537.153       
# span 6 =     0.0989,     0.1422       
# span 7 =     0.0954,     0.1182       
# span 8 =    315.194,   3140.971       
# span 9 =   78.92222,   78.92274       
# span 10 =    0.99141,    1.00202      
# span 11 =    31.4559,    35.0389      
# span 12 =    31.4569,    35.0407      
# span 13 = 0.0000e+00, 0.0000e+00      
# interval = decibars: 1                
# start_time = Sep 17 2022 17:10:09 [NMEA time, first data scan]
# bad_flag = -9.990e-29
*END*
[from data line 1033]
   1034.000     0.0528     0.0509   2.947701   2.947705    318.610     0.1173     0.1025   1475.246   78.92258    0.99960    34.9067    34.9090 0.0000e+00
   1035.000     0.0504     0.0484   2.947542   2.947519    319.187     0.1160     0.1034   1476.249   78.92258    0.99960    34.9068    34.9087 0.0000e+00
   1036.000     0.0483     0.0464   2.947396   2.947399    320.073     0.1119     0.1042   1477.220   78.92258    0.99962    34.9067    34.9088 0.0000e+00
   1037.000     0.0476     0.0458   2.947379   2.947388    320.542     0.1109     0.1040   1478.162   78.92260    0.99962    34.9067    34.9088 0.0000e+00
   1038.000     0.0466     0.0448   2.947332   2.947347    320.606     0.1135     0.1029   1479.092   78.92260    0.99962    34.9066    34.9089 0.0000e+00
   1039.000     0.0461     0.0443   2.947356   2.947358    320.763     0.1173     0.1019   1480.030   78.92260    0.99962    34.9069    34.9090 0.0000e+00
   1040.000     0.0443     0.0423   2.947251   2.947252    321.194     0.1178     0.1008   1481.006   78.92260    0.99962    34.9070    34.9092 0.0000e+00
   1041.000     0.0438     0.0419   2.947265   2.947271    321.211     0.1158     0.1010   1482.045   78.92260    0.99962    34.9071    34.9094 0.0000e+00
   1042.000     0.0438     0.0420   2.947317   2.947324    320.641     0.1151     0.1012   1483.135   78.92260    0.99962    34.9072    34.9094 0.0000e+00
   1043.000     0.0439     0.0421   2.947371   2.947378    319.675     0.1146     0.1014   1484.229   78.92260    0.99964    34.9073    34.9094 0.0000e+00
   1044.000     0.0440     0.0421   2.947423   2.947427    319.667     0.1115     0.1030   1485.277   78.92260    0.99964    34.9073    34.9095 0.0000e+00
   1045.000     0.0440     0.0421   2.947469   2.947476    319.377     0.1147     0.1028   1486.268   78.92260    0.99964    34.9074    34.9095 0.0000e+00
   1046.000     0.0440     0.0422   2.947526   2.947528    319.199     0.1167     0.1018   1487.227   78.92260    0.99964    34.9074    34.9096 0.0000e+00
   1047.000     0.0440     0.0421   2.947564   2.947574    319.263     0.1106     0.1015   1488.167   78.92260    0.99964    34.9074    34.9097 0.0000e+00
   1048.000     0.0411     0.0393   2.947376   2.947385    319.943     0.1157     0.0997   1489.123   78.92260    0.99964    34.9077    34.9098 0.0000e+00
   1049.000     0.0394     0.0375   2.947278   2.947275    319.548     0.1157     0.0999   1490.118   78.92260    0.99964    34.9077    34.9098 0.0000e+00
   1050.000     0.0378     0.0360   2.947187   2.947193    319.175     0.1110     0.1011   1491.154   78.92260    0.99964    34.9077    34.9099 0.0000e+00
   1051.000     0.0376     0.0357   2.947231   2.947243    319.126     0.1099     0.1024   1492.210   78.92260    0.99964    34.9080    34.9103 0.0000e+00
   1052.000     0.0370     0.0350   2.947227   2.947229    319.110     0.1120     0.1027   1493.245   78.92260    0.99964    34.9081    34.9103 0.0000e+00
   1053.000     0.0357     0.0338   2.947158   2.947166    318.887     0.1125     0.1028   1494.257   78.92260    0.99964    34.9080    34.9103 0.0000e+00
   1054.000     0.0312     0.0290   2.946827   2.946796    318.705     0.1126     0.1028   1495.238   78.92260    0.99964    34.9082    34.9103 0.0000e+00
   1055.000     0.0180     0.0158   2.945753   2.945705    318.511     0.1129     0.1018   1496.213   78.92260    0.99964    34.9083    34.9102 0.0000e+00
   1056.000     0.0111     0.0092   2.945183   2.945183    318.366     0.1164     0.1019   1497.205   78.92260    0.99964    34.9082    34.9102 0.0000e+00
   1057.000     0.0100     0.0079   2.945115   2.945109    317.699     0.1126     0.1018   1498.226   78.92260    0.99964    34.9080    34.9101 0.0000e+00
   1058.000     0.0089     0.0070   2.945066   2.945063    317.696     0.1105     0.1017   1499.265   78.92260    0.99964    34.9079    34.9100 0.0000e+00
   1059.000     0.0073     0.0054   2.944978   2.944973    317.693     0.1102     0.1020   1500.299   78.92260    0.99964    34.9080    34.9100 0.0000e+00
   1060.000     0.0041     0.0022   2.944740   2.944733    317.541     0.1144     0.1017   1501.324   78.92260    0.99964    34.9079    34.9100 0.0000e+00
   1061.000     0.0001    -0.0023   2.944434   2.944393    317.602     0.1137     0.1026   1502.357   78.92260    0.99964    34.9079    34.9099 0.0000e+00
   1062.000    -0.0081    -0.0103   2.943744   2.943700    318.226     0.1116     0.1035   1503.403   78.92260    0.99964    34.9075    34.9094 0.0000e+00
   1063.000    -0.0230    -0.0251   2.942451   2.942425    317.801     0.1129     0.1021   1504.481   78.92260    0.99964    34.9067    34.9087 0.0000e+00
   1064.000    -0.0276    -0.0304   2.942079   2.941990    317.610     0.1136     0.1027   1505.587   78.92260    0.99964    34.9064    34.9084 0.0000e+00
   1065.000    -0.0335    -0.0355   2.941592   2.941591    318.149     0.1153     0.1019   1506.678   78.92260    0.99964    34.9061    34.9083 0.0000e+00
   1066.000    -0.0311    -0.0328   2.941852   2.941867    318.242     0.1155     0.1019   1507.719   78.92260    0.99964    34.9062    34.9083 0.0000e+00
   1067.000    -0.0336    -0.0353   2.941669   2.941686    317.929     0.1122     0.1028   1508.706   78.92260    0.99963    34.9061    34.9082 0.0000e+00
   1068.000    -0.0364    -0.0386   2.941476   2.941449    317.717     0.1191     0.1030   1509.657   78.92260    0.99962    34.9061    34.9082 0.0000e+00
   1069.000    -0.0399    -0.0418   2.941206   2.941216    317.883     0.1204     0.1029   1510.603   78.92260    0.99962    34.9059    34.9082 0.0000e+00
   1070.000    -0.0413    -0.0428   2.941135   2.941165    318.327     0.1135     0.1034   1511.581   78.92260    0.99962    34.9061    34.9081 0.0000e+00
   1071.000    -0.0439    -0.0454   2.940952   2.940991    318.259     0.1157     0.1038   1512.630   78.92260    0.99962    34.9059    34.9082 0.0000e+00
   1072.000    -0.0448    -0.0468   2.940911   2.940910    318.246     0.1151     0.1021   1513.749   78.92260    0.99962    34.9059    34.9081 0.0000e+00
   1073.000    -0.0450    -0.0468   2.940942   2.940960    318.273     0.1149     0.1010   1514.900   78.92260    0.99962    34.9060    34.9082 0.0000e+00
   1074.000    -0.0452    -0.0471   2.940970   2.940983    317.989     0.1148     0.1022   1516.010   78.92260    0.99962    34.9060    34.9083 0.0000e+00
   1075.000    -0.0468    -0.0479   2.940871   2.940959    317.345     0.1143     0.1030   1517.062   78.92260    0.99962    34.9060    34.9083 0.0000e+00
   1076.000    -0.0476    -0.0498   2.940859   2.940827    317.575     0.1137     0.1027   1518.071   78.92260    0.99962    34.9061    34.9082 0.0000e+00
   1077.000    -0.0503    -0.0513   2.940675   2.940752    318.120     0.1145     0.1018   1519.069   78.92260    0.99962    34.9061    34.9082 0.0000e+00
   1078.000    -0.0545    -0.0562   2.940358   2.940380    317.983     0.1167     0.1027   1520.080   78.92260    0.99962    34.9061    34.9084 0.0000e+00
   1079.000    -0.0559    -0.0578   2.940299   2.940298    317.719     0.1161     0.1030   1521.129   78.92260    0.99962    34.9064    34.9085 0.0000e+00
   1080.000    -0.0575    -0.0590   2.940206   2.940241    318.087     0.1176     0.1010   1522.207   78.92260    0.99962    34.9064    34.9085 0.0000e+00
   1081.000    -0.0594    -0.0611   2.940099   2.940108    318.226     0.1152     0.1003   1523.286   78.92260    0.99962    34.9066    34.9086 0.0000e+00
   1082.000    -0.0608    -0.0625   2.940025   2.940040    318.682     0.1144     0.1021   1524.350   78.92260    0.99962    34.9066    34.9086 0.0000e+00
   1083.000    -0.0617    -0.0635   2.939990   2.940003    318.825     0.1170     0.1023   1525.405   78.92260    0.99962    34.9066    34.9088 0.0000e+00
   1084.000    -0.0624    -0.0642   2.939966   2.939988    318.679     0.1170     0.1023   1526.449   78.92260    0.99962    34.9065    34.9088 0.0000e+00
   1085.000    -0.0645    -0.0663   2.939842   2.939851    318.641     0.1144     0.1029   1527.477   78.92260    0.99962    34.9066    34.9088 0.0000e+00
   1086.000    -0.0663    -0.0680   2.939729   2.939753    318.551     0.1128     0.1026   1528.518   78.92260    0.99962    34.9066    34.9088 0.0000e+00
   1087.000    -0.0699    -0.0713   2.939468   2.939494    318.460     0.1159     0.1024   1529.582   78.92260    0.99962    34.9067    34.9087 0.0000e+00
   1088.000    -0.0747    -0.0761   2.939106   2.939133    318.510     0.1131     0.1036   1530.667   78.92260    0.99962    34.9067    34.9087 0.0000e+00
   1089.000    -0.0770    -0.0787   2.938943   2.938967    318.090     0.1173     0.1020   1531.754   78.92260    0.99962    34.9067    34.9088 0.0000e+00
   1090.000    -0.0785    -0.0800   2.938859   2.938896    317.907     0.1182     0.1027   1532.819   78.92260    0.99962    34.9066    34.9088 0.0000e+00
   1091.000    -0.0832    -0.0840   2.938504   2.938599    317.851     0.1160     0.1017   1533.876   78.92260    0.99962    34.9067    34.9089 0.0000e+00
   1092.000    -0.0862    -0.0881   2.938296   2.938288    317.714     0.1163     0.1027   1534.933   78.92260    0.99962    34.9068    34.9089 0.0000e+00
   1093.000    -0.0872    -0.0889   2.938248   2.938270    317.449     0.1151     0.1028   1536.000   78.92260    0.99962    34.9067    34.9089 0.0000e+00
   1094.000    -0.0880    -0.0899   2.938221   2.938227    317.433     0.1137     0.1028   1537.085   78.92260    0.99960    34.9067    34.9089 0.0000e+00
   1095.000    -0.0889    -0.0907   2.938190   2.938201    317.741     0.1158     0.1036   1538.174   78.92260    0.99960    34.9068    34.9089 0.0000e+00
   1096.000    -0.0893    -0.0910   2.938206   2.938228    317.782     0.1157     0.1013   1539.245   78.92260    0.99960    34.9068    34.9090 0.0000e+00
   1097.000    -0.0895    -0.0912   2.938232   2.938256    317.966     0.1137     0.1028   1540.281   78.92260    0.99958    34.9068    34.9091 0.0000e+00
   1098.000    -0.0906    -0.0923   2.938183   2.938205    318.233     0.1185     0.1036   1541.282   78.92260    0.99958    34.9068    34.9091 0.0000e+00
   1099.000    -0.0906    -0.0924   2.938227   2.938242    318.254     0.1168     0.1024   1542.275   78.92260    0.99956    34.9068    34.9091 0.0000e+00
   1100.000    -0.0905    -0.0923   2.938278   2.938296    318.481     0.1131     0.1017   1543.282   78.92260    0.99956    34.9069    34.9092 0.0000e+00
   1101.000    -0.0905    -0.0924   2.938323   2.938324    318.465     0.1142     0.1018   1544.342   78.92260    0.99954    34.9069    34.9090 0.0000e+00
   1102.000    -0.0906    -0.0924   2.938357   2.938370    318.821     0.1133     0.1026   1545.486   78.92259    0.99953    34.9069    34.9090 0.0000e+00
   1103.000    -0.0906    -0.0924   2.938396   2.938411    318.675     0.1129     0.1029   1546.699   78.92258    0.99952    34.9069    34.9091 0.0000e+00
   1104.000    -0.0913    -0.0931   2.938387   2.938398    318.310     0.1099     0.1028   1547.889   78.92258    0.99951    34.9069    34.9090 0.0000e+00
   1105.000    -0.0928    -0.0945   2.938311   2.938316    318.220     0.1117     0.1029   1548.974   78.92258    0.99950    34.9070    34.9091 0.0000e+00
   1106.000    -0.0962    -0.0975   2.938059   2.938115    318.687     0.1116     0.1024   1549.990   78.92258    0.99948    34.9070    34.9092 0.0000e+00
   1107.000    -0.0978    -0.0996   2.937965   2.937985    318.447     0.1134     0.1003   1550.975   78.92258    0.99948    34.9069    34.9093 0.0000e+00
   1108.000    -0.0992    -0.1011   2.937898   2.937897    318.348     0.1114     0.1013   1551.952   78.92258    0.99946    34.9071    34.9093 0.0000e+00
   1109.000    -0.1001    -0.1020   2.937860   2.937862    318.474     0.1099     0.1025   1552.962   78.92258    0.99946    34.9071    34.9093 0.0000e+00
   1110.000    -0.1022    -0.1038   2.937724   2.937749    317.826     0.1127     0.1038   1554.046   78.92258    0.99944    34.9071    34.9092 0.0000e+00
   1111.000    -0.1087    -0.1101   2.937217   2.937262    317.957     0.1139     0.1043   1555.192   78.92258    0.99944    34.9072    34.9094 0.0000e+00
   1112.000    -0.1100    -0.1115   2.937149   2.937179    318.078     0.1121     0.1026   1556.347   78.92258    0.99942    34.9071    34.9093 0.0000e+00
   1113.000    -0.1105    -0.1123   2.937140   2.937159    318.336     0.1145     0.1019   1557.456   78.92258    0.99941    34.9071    34.9093 0.0000e+00
   1114.000    -0.1152    -0.1165   2.936777   2.936826    318.550     0.1154     0.1018   1558.506   78.92258    0.99940    34.9069    34.9091 0.0000e+00
   1115.000    -0.1237    -0.1250   2.936065   2.936122    318.671     0.1134     0.1011   1559.534   78.92258    0.99939    34.9066    34.9089 0.0000e+00
   1116.000    -0.1254    -0.1271   2.935961   2.935963    318.494     0.1127     0.1010   1560.567   78.92258    0.99938    34.9066    34.9086 0.0000e+00
   1117.000    -0.1275    -0.1290   2.935800   2.935835    318.409     0.1141     0.1040   1561.643   78.92258    0.99937    34.9063    34.9085 0.0000e+00
   1118.000    -0.1316    -0.1332   2.935479   2.935507    317.802     0.1128     0.1054   1562.764   78.92258    0.99936    34.9061    34.9083 0.0000e+00
   1119.000    -0.1353    -0.1370   2.935183   2.935203    317.599     0.1111     0.1034   1563.914   78.92258    0.99935    34.9059    34.9080 0.0000e+00
   1120.000    -0.1376    -0.1393   2.935019   2.935041    317.732     0.1150     0.1036   1565.038   78.92258    0.99934    34.9057    34.9080 0.0000e+00
   1121.000    -0.1382    -0.1400   2.935017   2.935023    317.169     0.1194     0.1026   1566.105   78.92258    0.99932    34.9058    34.9079 0.0000e+00
   1122.000    -0.1380    -0.1398   2.935078   2.935095    316.880     0.1182     0.1019   1567.125   78.92258    0.99932    34.9058    34.9080 0.0000e+00
   1123.000    -0.1390    -0.1404   2.935030   2.935077    316.542     0.1144     0.1024   1568.125   78.92258    0.99930    34.9057    34.9080 0.0000e+00
   1124.000    -0.1404    -0.1420   2.934950   2.934980    315.721     0.1167     0.1006   1569.130   78.92258    0.99930    34.9057    34.9079 0.0000e+00
   1125.000    -0.1413    -0.1429   2.934919   2.934944    316.094     0.1154     0.1027   1570.182   78.92258    0.99928    34.9057    34.9078 0.0000e+00
   1126.000    -0.1432    -0.1448   2.934783   2.934808    316.094     0.1155     0.1063   1571.312   78.92258    0.99928    34.9055    34.9077 0.0000e+00
   1127.000    -0.1435    -0.1452   2.934804   2.934821    315.503     0.1186     0.1054   1572.519   78.92257    0.99926    34.9056    34.9077 0.0000e+00
   1128.000    -0.1436    -0.1455   2.934839   2.934845    315.205     0.1176     0.1030   1573.714   78.92256    0.99925    34.9056    34.9078 0.0000e+00
   1129.000    -0.1443    -0.1461   2.934820   2.934838    315.201     0.1197     0.1028   1574.816   78.92256    0.99924    34.9055    34.9079 0.0000e+00
   1130.000    -0.1442    -0.1461   2.934869   2.934881    315.515     0.1173     0.1038   1575.842   78.92256    0.99923    34.9055    34.9078 0.0000e+00
   1131.000    -0.1443    -0.1463   2.934903   2.934913    315.895     0.1189     0.1040   1576.832   78.92256    0.99922    34.9055    34.9079 0.0000e+00
   1132.000    -0.1450    -0.1466   2.934889   2.934914    316.189     0.1161     0.1027   1577.810   78.92256    0.99921    34.9055    34.9077 0.0000e+00
   1133.000    -0.1449    -0.1468   2.934940   2.934957    315.574     0.1145     0.1033   1578.794   78.92256    0.99920    34.9055    34.9079 0.0000e+00
   1134.000    -0.1454    -0.1469   2.934949   2.934982    315.112     0.1136     0.1043   1579.804   78.92256    0.99920    34.9056    34.9078 0.0000e+00
   1135.000    -0.1455    -0.1472   2.934970   2.934999    315.265     0.1148     0.1029   1580.874   78.92256    0.99919    34.9054    34.9078 0.0000e+00
