test_project/cnv_files/021_bin.cnv
* Sea-Bird SBE 9 Data File:
* FileName = C:\Documents and Settings\ctd\Desktop\FS2022\data\021.hex
* Software Version Seasave V 7.21b
* Temperature SN = 2400
* Conductivity SN = 3447
* Number of Bytes Per Scan = 48
* Number of Voltage Words = 5
* Number of Scans Averaged by the Deck Unit = 1
* NMEA Latitude = 78 55.34 N
* NMEA Longitude = 001 00.18 E
* NMEA UTC (Time) = Sep 17 2022  17:10:08
* NMEA baud rate = 4800
** Cruise: FS 2022
** Ship: Silver Arctic
** Station (File Number):  021
** Latitude:
** Longitude:
** Echodepth (m):
** Seastate:
# nquan = 14
# nvalues = 2541                        
# units = specified
# name 0 = prDM: Pressure, Digiquartz [db]
# name 1 = t090C: Temperature [ITS-90, deg C]
# name 2 = t190C: Temperature, 2 [ITS-90, deg C]
# name 3 = c0S/m: Conductivity [S/m]
# name 4 = c1S/m: Conductivity, 2 [S/m]
# name 5 = sbox0Mm/Kg: Oxygen, SBE 43 [umol/kg]
# name 6 = wetCDOM: Fluorescence, WET Labs CDOM [mg/m^3]
# name 7 = wetCDOM1: Fluorescence, WET Labs CDOM, 2 [mg/m^3]
# name 8 = timeS: Time, Elapsed [seconds]
# name 9 = latitude: Latitude [deg]
# name 10 = longitude: Longitude [deg]
# name 11 = sal00: Salinity, Practical [PSU]
# name 12 = sal11: Salinity, Practical, 2 [PSU]
# name 13 = flag: flag
# span 0 =      1.000,   2541.000       
# span 1 =    -1.1807,     5.6307       
# span 2 =    -1.1813,     5.6269       
# span 3 =   2.543870,   3.408442       
# span 4 =   2.543902,   3.408440       
# span 5 =    295.353,    537.153       
# span 6 =     0.0989,     0.1422       
# span 7 =     0.0954,     0.1182       
# span 8 =    315.194,   3140.971       
# span 9 =   78.92222,   78.92274       
# span 10 =    0.99141,    1.00202      
# span 11 =    31.4559,    35.0389      
# span 12 =    31.4569,    35.0407      
# span 13 = 0.0000e+00, 0.0000e+00      
# interval = decibars: 1                
# start_time = Sep 17 2022 17:10:09 [NMEA time, first data scan]
# bad_flag = -9.990e-29
*END*
[from data line 1652]
   1653.000    -0.5679    -0.5698   2.921204   2.921216    306.680     0.1214     0.1031   2132.163   78.92230    0.99702    34.9106    34.9130 0.0000e+00
   1654.000    -0.5681    -0.5700   2.921225   2.921251    307.138     0.1189     0.1040   2133.180   78.92230    0.99702    34.9106    34.9131 0.0000e+00
   1655.000    -0.5685    -0.5702   2.921232   2.921273    307.206     0.1185     0.1029   2134.160   78.92230    0.99702    34.9106    34.9130 0.0000e+00
   1656.000    -0.5693    -0.5711   2.921202   2.921237    306.846     0.1170     0.1040   2135.117   78.92230    0.99702    34.9106    34.9131 0.0000e+00
   1657.000    -0.5700    -0.5719   2.921193   2.921224    307.213     0.1193     0.1050   2136.087   78.92230    0.99702    34.9107    34.9132 0.0000e+00
   1658.000    -0.5703    -0.5722   2.921203   2.921236    307.074     0.1201     0.1039   2137.100   78.92230    0.99702    34.9106    34.9131 0.0000e+00
   1659.000    -0.5706    -0.5724   2.921218   2.921250    306.615     0.1200     0.1028   2138.183   78.92230    0.99702    34.9106    34.9130 0.0000e+00
   1660.000    -0.5709    -0.5726   2.921239   2.921272    306.373     0.1180     0.1040   2139.335   78.92230    0.99702    34.9106    34.9130 0.0000e+00
   1661.000    -0.5714    -0.5733   2.921238   2.921260    307.039     0.1172     0.1040   2140.502   78.92230    0.99702    34.9107    34.9131 0.0000e+00
   1662.000    -0.5723    -0.5740   2.921203   2.921236    307.101     0.1237     0.1028   2141.605   78.92230    0.99702    34.9106    34.9130 0.0000e+00
   1663.000    -0.5725    -0.5742   2.921230   2.921258    306.602     0.1255     0.1037   2142.634   78.92230    0.99702    34.9106    34.9130 0.0000e+00
   1664.000    -0.5724    -0.5743   2.921274   2.921302    306.422     0.1218     0.1049   2143.628   78.92230    0.99702    34.9106    34.9131 0.0000e+00
   1665.000    -0.5724    -0.5743   2.921319   2.921349    306.779     0.1194     0.1041   2144.591   78.92230    0.99702    34.9107    34.9131 0.0000e+00
   1666.000    -0.5719    -0.5740   2.921398   2.921407    306.241     0.1195     0.1041   2145.543   78.92230    0.99702    34.9106    34.9131 0.0000e+00
   1667.000    -0.5716    -0.5735   2.921473   2.921494    306.635     0.1175     0.1053   2146.519   78.92230    0.99702    34.9107    34.9131 0.0000e+00
   1668.000    -0.5714    -0.5732   2.921530   2.921567    306.212     0.1211     0.1045   2147.541   78.92230    0.99702    34.9106    34.9132 0.0000e+00
   1669.000    -0.5713    -0.5732   2.921581   2.921604    306.266     0.1204     0.1058   2148.624   78.92230    0.99702    34.9107    34.9131 0.0000e+00
   1670.000    -0.5714    -0.5732   2.921615   2.921645    305.854     0.1245     0.1051   2149.761   78.92230    0.99702    34.9107    34.9131 0.0000e+00
   1671.000    -0.5720    -0.5739   2.921606   2.921625    306.717     0.1225     0.1041   2150.878   78.92230    0.99702    34.9107    34.9131 0.0000e+00
   1672.000    -0.5719    -0.5738   2.921645   2.921680    306.608     0.1195     0.1033   2151.959   78.92230    0.99702    34.9106    34.9131 0.0000e+00
   1673.000    -0.5722    -0.5740   2.921667   2.921696    306.480     0.1233     0.1041   2152.988   78.92230    0.99702    34.9106    34.9130 0.0000e+00
   1674.000    -0.5731    -0.5749   2.921624   2.921669    306.714     0.1264     0.1049   2153.999   78.92230    0.99702    34.9106    34.9131 0.0000e+00
   1675.000    -0.5738    -0.5756   2.921614   2.921650    306.846     0.1208     0.1038   2154.982   78.92230    0.99700    34.9106    34.9131 0.0000e+00
   1676.000    -0.5741    -0.5759   2.921634   2.921669    306.787     0.1196     0.1029   2155.946   78.92230    0.99700    34.9106    34.9131 0.0000e+00
   1677.000    -0.5744    -0.5762   2.921655   2.921677    306.661     0.1232     0.1028   2156.911   78.92230    0.99700    34.9107    34.9131 0.0000e+00
   1678.000    -0.5745    -0.5763   2.921681   2.921708    306.441     0.1246     0.1039   2157.900   78.92230    0.99699    34.9107    34.9130 0.0000e+00
   1679.000    -0.5745    -0.5763   2.921714   2.921744    306.331     0.1237     0.1049   2158.913   78.92230    0.99698    34.9106    34.9130 0.0000e+00
   1680.000    -0.5748    -0.5767   2.921739   2.921763    306.705     0.1220     0.1046   2159.975   78.92230    0.99697    34.9107    34.9131 0.0000e+00
   1681.000    -0.5753    -0.5770   2.921736   2.921772    306.614     0.1180     0.1041   2161.071   78.92230    0.99696    34.9106    34.9131 0.0000e+00
   1682.000    -0.5762    -0.5778   2.921703   2.921742    306.442     0.1232     0.1042   2162.170   78.92230    0.99696    34.9106    34.9130 0.0000e+00
   1683.000    -0.5781    -0.5798   2.921585   2.921623    306.333     0.1222     0.1046   2163.228   78.92230    0.99694    34.9107    34.9131 0.0000e+00
   1684.000    -0.5795    -0.5812   2.921510   2.921546    306.696     0.1182     0.1048   2164.247   78.92230    0.99694    34.9107    34.9131 0.0000e+00
   1685.000    -0.5799    -0.5818   2.921513   2.921537    306.428     0.1223     0.1041   2165.233   78.92230    0.99692    34.9107    34.9131 0.0000e+00
   1686.000    -0.5801    -0.5820   2.921544   2.921564    306.026     0.1212     0.1041   2166.204   78.92230    0.99692    34.9107    34.9131 0.0000e+00
   1687.000    -0.5801    -0.5820   2.921573   2.921614    306.115     0.1172     0.1029   2167.178   78.92230    0.99690    34.9106    34.9132 0.0000e+00
   1688.000    -0.5803    -0.5821   2.921597   2.921633    305.710     0.1190     0.1049   2168.185   78.92230    0.99690    34.9106    34.9131 0.0000e+00
   1689.000    -0.5804    -0.5822   2.921627   2.921663    305.632     0.1242     0.1045   2169.238   78.92230    0.99690    34.9106    34.9131 0.0000e+00
   1690.000    -0.5808    -0.5826   2.921640   2.921675    305.722     0.1175     0.1043   2170.319   78.92230    0.99688    34.9106    34.9131 0.0000e+00
   1691.000    -0.5811    -0.5829   2.921658   2.921689    305.830     0.1181     0.1033   2171.398   78.92230    0.99688    34.9106    34.9131 0.0000e+00
   1692.000    -0.5816    -0.5835   2.921657   2.921693    305.687     0.1214     0.1029   2172.459   78.92230    0.99686    34.9107    34.9133 0.0000e+00
   1693.000    -0.5820    -0.5838   2.921666   2.921696    305.762     0.1204     0.1036   2173.486   78.92230    0.99686    34.9107    34.9131 0.0000e+00
   1694.000    -0.5826    -0.5845   2.921648   2.921680    305.775     0.1223     0.1036   2174.505   78.92230    0.99684    34.9106    34.9131 0.0000e+00
   1695.000    -0.5829    -0.5847   2.921672   2.921701    305.578     0.1202     0.1031   2175.520   78.92230    0.99683    34.9106    34.9131 0.0000e+00
   1696.000    -0.5829    -0.5848   2.921716   2.921742    305.801     0.1161     0.1039   2176.542   78.92230    0.99682    34.9107    34.9131 0.0000e+00
   1697.000    -0.5829    -0.5848   2.921751   2.921785    305.945     0.1205     0.1030   2177.563   78.92230    0.99681    34.9107    34.9132 0.0000e+00
   1698.000    -0.5838    -0.5856   2.921720   2.921763    305.520     0.1199     0.1040   2178.592   78.92230    0.99680    34.9107    34.9132 0.0000e+00
   1699.000    -0.5848    -0.5865   2.921684   2.921714    305.265     0.1209     0.1042   2179.611   78.92230    0.99680    34.9108    34.9131 0.0000e+00
   1700.000    -0.5856    -0.5875   2.921644   2.921674    305.443     0.1203     0.1033   2180.628   78.92230    0.99679    34.9106    34.9131 0.0000e+00
   1701.000    -0.5860    -0.5878   2.921658   2.921686    305.445     0.1174     0.1046   2181.653   78.92230    0.99678    34.9106    34.9131 0.0000e+00
   1702.000    -0.5863    -0.5881   2.921674   2.921703    305.584     0.1188     0.1047   2182.692   78.92230    0.99677    34.9107    34.9131 0.0000e+00
   1703.000    -0.5865    -0.5883   2.921703   2.921730    305.653     0.1220     0.1041   2183.746   78.92230    0.99676    34.9108    34.9131 0.0000e+00
   1704.000    -0.5870    -0.5888   2.921702   2.921734    305.121     0.1208     0.1047   2184.806   78.92230    0.99675    34.9108    34.9132 0.0000e+00
   1705.000    -0.5876    -0.5895   2.921686   2.921713    305.712     0.1237     0.1048   2185.848   78.92230    0.99674    34.9107    34.9131 0.0000e+00
   1706.000    -0.5881    -0.5899   2.921687   2.921718    305.525     0.1238     0.1043   2186.883   78.92230    0.99674    34.9107    34.9132 0.0000e+00
   1707.000    -0.5890    -0.5906   2.921657   2.921699    305.622     0.1238     0.1052   2187.894   78.92230    0.99673    34.9107    34.9132 0.0000e+00
   1708.000    -0.5896    -0.5913   2.921637   2.921678    305.068     0.1268     0.1051   2188.902   78.92230    0.99672    34.9107    34.9131 0.0000e+00
   1709.000    -0.5899    -0.5916   2.921666   2.921713    304.961     0.1219     0.1032   2189.918   78.92230    0.99671    34.9108    34.9133 0.0000e+00
   1710.000    -0.5900    -0.5917   2.921706   2.921733    304.487     0.1207     0.1049   2190.966   78.92230    0.99670    34.9109    34.9132 0.0000e+00
   1711.000    -0.5899    -0.5917   2.921757   2.921780    304.682     0.1206     0.1053   2192.033   78.92230    0.99670    34.9109    34.9132 0.0000e+00
   1712.000    -0.5911    -0.5930   2.921681   2.921711    305.145     0.1221     0.1053   2193.120   78.92230    0.99668    34.9108    34.9132 0.0000e+00
   1713.000    -0.5922    -0.5940   2.921625   2.921674    305.426     0.1211     0.1044   2194.202   78.92230    0.99668    34.9107    34.9134 0.0000e+00
   1714.000    -0.5934    -0.5953   2.921570   2.921606    305.283     0.1196     0.1048   2195.240   78.92230    0.99666    34.9108    34.9133 0.0000e+00
   1715.000    -0.5936    -0.5955   2.921591   2.921631    305.010     0.1210     0.1047   2196.260   78.92230    0.99666    34.9107    34.9133 0.0000e+00
   1716.000    -0.5942    -0.5960   2.921583   2.921636    304.644     0.1225     0.1045   2197.253   78.92230    0.99664    34.9107    34.9134 0.0000e+00
   1717.000    -0.5961    -0.5978   2.921467   2.921506    305.056     0.1219     0.1048   2198.261   78.92230    0.99664    34.9108    34.9132 0.0000e+00
   1718.000    -0.5965    -0.5982   2.921478   2.921506    305.336     0.1189     0.1033   2199.308   78.92230    0.99662    34.9108    34.9131 0.0000e+00
   1719.000    -0.5968    -0.5986   2.921490   2.921516    305.098     0.1182     0.1047   2200.427   78.92230    0.99662    34.9108    34.9132 0.0000e+00
   1720.000    -0.5976    -0.5993   2.921467   2.921503    305.083     0.1152     0.1065   2201.582   78.92230    0.99661    34.9108    34.9132 0.0000e+00
   1721.000    -0.5976    -0.5993   2.921510   2.921536    305.141     0.1217     0.1044   2202.724   78.92230    0.99660    34.9108    34.9132 0.0000e+00
   1722.000    -0.5975    -0.5993   2.921553   2.921593    304.950     0.1231     0.1052   2203.824   78.92230    0.99659    34.9107    34.9133 0.0000e+00
   1723.000    -0.5975    -0.5993   2.921591   2.921625    304.866     0.1189     0.1046   2204.874   78.92230    0.99658    34.9108    34.9132 0.0000e+00
   1724.000    -0.5977    -0.5997   2.921626   2.921649    305.115     0.1199     0.1068   2205.883   78.92230    0.99658    34.9108    34.9134 0.0000e+00
   1725.000    -0.5981    -0.6000   2.921629   2.921657    304.854     0.1203     0.1069   2206.884   78.92230    0.99657    34.9108    34.9133 0.0000e+00
   1726.000    -0.5988    -0.6005   2.921616   2.921654    304.899     0.1211     0.1068   2207.886   78.92230    0.99656    34.9109    34.9133 0.0000e+00
   1727.000    -0.5992    -0.6009   2.921618   2.921655    304.744     0.1237     0.1060   2208.937   78.92230    0.99655    34.9108    34.9132 0.0000e+00
   1728.000    -0.5997    -0.6015   2.921610   2.921648    305.031     0.1264     0.1063   2210.056   78.92230    0.99654    34.9107    34.9132 0.0000e+00
   1729.000    -0.6005    -0.6022   2.921589   2.921627    304.801     0.1215     0.1059   2211.243   78.92230    0.99652    34.9107    34.9133 0.0000e+00
   1730.000    -0.6011    -0.6028   2.921580   2.921625    304.916     0.1243     0.1035   2212.437   78.92230    0.99652    34.9107    34.9133 0.0000e+00
   1731.000    -0.6022    -0.6040   2.921526   2.921562    304.403     0.1193     0.1037   2213.590   78.92230    0.99651    34.9108    34.9133 0.0000e+00
   1732.000    -0.6027    -0.6045   2.921531   2.921556    304.209     0.1149     0.1041   2214.677   78.92230    0.99650    34.9109    34.9132 0.0000e+00
   1733.000    -0.6030    -0.6050   2.921542   2.921556    304.095     0.1227     0.1034   2215.720   78.92230    0.99649    34.9108    34.9132 0.0000e+00
   1734.000    -0.6034    -0.6052   2.921548   2.921584    304.190     0.1239     0.1029   2216.774   78.92230    0.99648    34.9108    34.9133 0.0000e+00
   1735.000    -0.6048    -0.6064   2.921471   2.921512    304.270     0.1157     0.1034   2217.858   78.92230    0.99648    34.9108    34.9132 0.0000e+00
   1736.000    -0.6055    -0.6074   2.921454   2.921480    304.069     0.1153     0.1042   2218.986   78.92230    0.99646    34.9108    34.9133 0.0000e+00
   1737.000    -0.6057    -0.6075   2.921479   2.921505    304.682     0.1184     0.1042   2220.142   78.92230    0.99646    34.9109    34.9132 0.0000e+00
   1738.000    -0.6060    -0.6077   2.921489   2.921535    304.779     0.1213     0.1048   2221.329   78.92230    0.99646    34.9107    34.9133 0.0000e+00
   1739.000    -0.6061    -0.6078   2.921527   2.921561    304.745     0.1241     0.1054   2222.517   78.92230    0.99644    34.9108    34.9132 0.0000e+00
   1740.000    -0.6061    -0.6079   2.921563   2.921597    304.300     0.1167     0.1047   2223.659   78.92230    0.99644    34.9108    34.9132 0.0000e+00
   1741.000    -0.6062    -0.6080   2.921598   2.921634    304.389     0.1178     0.1049   2224.803   78.92230    0.99643    34.9107    34.9132 0.0000e+00
   1742.000    -0.6064    -0.6083   2.921621   2.921651    304.107     0.1173     0.1046   2225.946   78.92230    0.99642    34.9108    34.9133 0.0000e+00
   1743.000    -0.6065    -0.6083   2.921653   2.921686    304.503     0.1186     0.1048   2227.104   78.92230    0.99640    34.9107    34.9132 0.0000e+00
   1744.000    -0.6065    -0.6083   2.921699   2.921736    304.497     0.1189     0.1048   2228.276   78.92230    0.99640    34.9108    34.9133 0.0000e+00
   1745.000    -0.6064    -0.6082   2.921757   2.921789    304.450     0.1217     0.1043   2229.455   78.92230    0.99640    34.9109    34.9134 0.0000e+00
   1746.000    -0.6065    -0.6083   2.921782   2.921815    304.592     0.1193     0.1042   2230.646   78.92230    0.99639    34.9108    34.9133 0.0000e+00
   1747.000    -0.6065    -0.6083   2.921824   2.921849    304.666     0.1212     0.1033   2231.834   78.92230    0.99638    34.9108    34.9132 0.0000e+00
   1748.000    -0.6066    -0.6084   2.921849   2.921888    304.468     0.1203     0.1023   2233.038   78.92230    0.99638    34.9107    34.9132 0.0000e+00
   1749.000    -0.6070    -0.6086   2.921866   2.921902    304.450     0.1200     0.1046   2234.228   78.92230    0.99636    34.9108    34.9132 0.0000e+00
   1750.000    -0.6080    -0.6096   2.921821   2.921857    304.105     0.1168     0.1033   2235.381   78.92230    0.99636    34.9108    34.9132 0.0000e+00
   1751.000    -0.6084    -0.6102   2.921827   2.921857    304.217     0.1224     0.1039   2236.525   78.92230    0.99636    34.9108    34.9133 0.0000e+00
   1752.000    -0.6085    -0.6103   2.921854   2.921886    303.888     0.1231     0.1043   2237.656   78.92230    0.99635    34.9108    34.9132 0.0000e+00
   1753.000    -0.6087    -0.6105   2.921884   2.921918    303.859     0.1228     0.1040   2238.768   78.92230    0.99634    34.9108    34.9133 0.0000e+00
   1754.000    -0.6090    -0.6107   2.921901   2.921944    304.218     0.1238     0.1031   2239.854   78.92230    0.99634    34.9108    34.9133 0.0000e+00
