test_project/cnv_files/022_bin.cnv
* Sea-Bird SBE 9 Data File:
* FileName = C:\Documents and Settings\ctd\Desktop\FS2022\data\022.hex
* Software Version Seasave V 7.21b
* Temperature SN = 2400
* Conductivity SN = 3447
* Number of Bytes Per Scan = 48
* Number of Voltage Words = 5
* Number of Scans Averaged by the Deck Unit = 1
* NMEA Latitude = 78 49.97 N
* NMEA Longitude = 008 00.00 E
* NMEA UTC (Time) = Sep 18 2022  05:09:11
* NMEA baud rate = 4800
** Cruise: FS 2022
** Ship: Silver Arctic
** Station (File Number):  022
** Latitude:
** Longitude:
** Echodepth (m):
** Seastate:
# nquan = 14
# nvalues = 1013                        
# units = specified
# name 0 = prDM: Pressure, Digiquartz [db]
# name 1 = t090C: Temperature [ITS-90, deg C]
# name 2 = t190C: Temperature, 2 [ITS-90, deg C]
# name 3 = c0S/m: Conductivity [S/m]
# name 4 = c1S/m: Conductivity, 2 [S/m]
# name 5 = sbox0Mm/Kg: Oxygen, SBE 43 [umol/kg]
# name 6 = wetCDOM: Fluorescence, WET Labs CDOM [mg/m^3]
# name 7 = wetCDOM1: Fluorescence, WET Labs CDOM, 2 [mg/m^3]
# name 8 = timeS: Time, Elapsed [seconds]
# name 9 = latitude: Latitude [deg]
# name 10 = longitude: Longitude [deg]
# name 11 = sal00: Salinity, Practical [PSU]
# name 12 = sal11: Salinity, Practical, 2 [PSU]
# name 13 = flag: flag
# span 0 =      1.000,   1013.000       
# span 1 =    -0.7520,     6.9287       
# span 2 =    -0.7535,     6.9272       
# span 3 =   2.876604,   3.514184       
# span 4 =   2.876584,   3.514152       
# span 5 =    290.074,    328.051       
# span 6 =     0.1018,     0.1252       
# span 7 =     0.0963,     0.1065       
# span 8 =    478.863,   1603.908       
# span 9 =   78.83276,   78.83296       
# span 10 =    8.00052,    8.00112      
# span 11 =    34.6668,    35.0574      
# span 12 =    34.6683,    35.0590      
# span 13 = 0.0000e+00, 0.0000e+00      
# interval = decibars: 1                
# start_time = Sep 18 2022 05:09:11 [NMEA time, first data scan]
# bad_flag = -9.990e-29
*END*
[from data line 310]
    311.000     4.1273     4.1244   3.283935   3.283804    311.480     0.1026     0.0972    835.661   78.83288    8.00096    35.0343    35.0358 0.0000e+00
    312.000     4.1209     4.1178   3.283367   3.283220    312.076     0.1026     0.0972    836.789   78.83288    8.00096    35.0338    35.0353 0.0000e+00
    313.000     4.1130     4.1112   3.282676   3.282637    312.350     0.1025     0.0972    838.031   78.83288    8.00098    35.0335    35.0349 0.0000e+00
    314.000     4.1061     4.1040   3.282084   3.282017    312.240     0.1025     0.0972    839.403   78.83288    8.00098    35.0332    35.0348 0.0000e+00
    315.000     4.1006     4.0988   3.281620   3.281582    312.206     0.1025     0.0973    840.799   78.83288    8.00098    35.0331    35.0345 0.0000e+00
    316.000     4.0901     4.0878   3.280727   3.280652    312.799     0.1025     0.0973    841.965   78.83288    8.00100    35.0332    35.0347 0.0000e+00
    317.000     4.0850     4.0827   3.280345   3.280250    312.585     0.1024     0.0973    842.940   78.83288    8.00100    35.0335    35.0349 0.0000e+00
    318.000     4.0774     4.0750   3.279691   3.279593    312.124     0.1024     0.0973    843.849   78.83288    8.00100    35.0333    35.0347 0.0000e+00
    319.000     4.0678     4.0659   3.278835   3.278785    311.573     0.1024     0.0973    844.841   78.83288    8.00100    35.0329    35.0343 0.0000e+00
    320.000     4.0636     4.0616   3.278487   3.278433    311.897     0.1024     0.0973    846.107   78.83288    8.00100    35.0327    35.0341 0.0000e+00
    321.000     4.0626     4.0604   3.278449   3.278388    312.564     0.1024     0.0973    847.389   78.83288    8.00100    35.0328    35.0343 0.0000e+00
    322.000     4.0562     4.0537   3.277922   3.277842    312.751     0.1024     0.0974    848.453   78.83288    8.00100    35.0328    35.0344 0.0000e+00
    323.000     4.0450     4.0429   3.276962   3.276890    312.846     0.1024     0.0974    849.410   78.83288    8.00101    35.0328    35.0342 0.0000e+00
    324.000     4.0336     4.0319   3.275962   3.275920    312.977     0.1024     0.0974    850.331   78.83288    8.00102    35.0325    35.0339 0.0000e+00
    325.000     4.0132     4.0117   3.274145   3.274133    312.654     0.1025     0.0974    851.310   78.83288    8.00102    35.0322    35.0336 0.0000e+00
    326.000     4.0058     4.0037   3.273507   3.273429    312.779     0.1025     0.0974    852.401   78.83288    8.00102    35.0320    35.0333 0.0000e+00
    327.000     4.0004     3.9985   3.273053   3.272997    313.461     0.1025     0.0974    853.554   78.83288    8.00102    35.0317    35.0332 0.0000e+00
    328.000     3.9976     3.9955   3.272838   3.272778    313.429     0.1025     0.0974    854.678   78.83288    8.00102    35.0316    35.0332 0.0000e+00
    329.000     3.9950     3.9928   3.272657   3.272583    313.088     0.1026     0.0974    855.744   78.83288    8.00102    35.0317    35.0332 0.0000e+00
    330.000     3.9921     3.9900   3.272424   3.272372    312.732     0.1026     0.0974    856.746   78.83288    8.00102    35.0316    35.0332 0.0000e+00
    331.000     3.9846     3.9823   3.271795   3.271716    313.119     0.1027     0.0974    857.732   78.83288    8.00104    35.0316    35.0330 0.0000e+00
    332.000     3.9780     3.9761   3.271237   3.271191    313.512     0.1027     0.0974    858.761   78.83288    8.00104    35.0313    35.0329 0.0000e+00
    333.000     3.9725     3.9703   3.270784   3.270710    313.614     0.1028     0.0974    859.827   78.83288    8.00104    35.0313    35.0328 0.0000e+00
    334.000     3.9654     3.9630   3.270167   3.270078    313.106     0.1028     0.0973    860.889   78.83288    8.00104    35.0311    35.0325 0.0000e+00
    335.000     3.9598     3.9576   3.269692   3.269618    314.262     0.1028     0.0973    861.964   78.83288    8.00104    35.0309    35.0323 0.0000e+00
    336.000     3.9517     3.9491   3.269002   3.268889    314.587     0.1029     0.0973    863.087   78.83288    8.00104    35.0307    35.0322 0.0000e+00
    337.000     3.9444     3.9379   3.268370   3.267884    314.118     0.1029     0.0973    864.212   78.83288    8.00104    35.0304    35.0316 0.0000e+00
    338.000     3.9314     3.9295   3.267211   3.267174    313.667     0.1030     0.0972    865.279   78.83288    8.00104    35.0301    35.0316 0.0000e+00
    339.000     3.9293     3.9277   3.267060   3.267047    313.722     0.1030     0.0972    866.268   78.83288    8.00104    35.0299    35.0315 0.0000e+00
    340.000     3.9283     3.9268   3.267016   3.267001    313.468     0.1031     0.0972    867.221   78.83288    8.00104    35.0299    35.0313 0.0000e+00
    341.000     3.9179     3.9164   3.266071   3.266092    313.074     0.1031     0.0971    868.216   78.83288    8.00104    35.0292    35.0310 0.0000e+00
    342.000     3.9166     3.9139   3.265989   3.265867    313.013     0.1031     0.0971    869.373   78.83288    8.00104    35.0291    35.0306 0.0000e+00
    343.000     3.9126     3.9083   3.265669   3.265397    313.859     0.1032     0.0970    870.616   78.83288    8.00104    35.0290    35.0303 0.0000e+00
    344.000     3.9078     3.9054   3.265277   3.265177    314.452     0.1032     0.0970    871.751   78.83288    8.00104    35.0289    35.0303 0.0000e+00
    345.000     3.9051     3.9027   3.265072   3.264991    314.053     0.1032     0.0969    872.756   78.83288    8.00104    35.0288    35.0304 0.0000e+00
    346.000     3.9011     3.8985   3.264759   3.264637    313.564     0.1033     0.0969    873.695   78.83288    8.00104    35.0288    35.0302 0.0000e+00
    347.000     3.8957     3.8938   3.264316   3.264277    313.722     0.1033     0.0968    874.641   78.83288    8.00104    35.0288    35.0304 0.0000e+00
    348.000     3.8960     3.8939   3.264390   3.264331    313.926     0.1033     0.0968    875.668   78.83288    8.00104    35.0288    35.0304 0.0000e+00
    349.000     3.8957     3.8938   3.264404   3.264363    314.499     0.1033     0.0967    876.748   78.83288    8.00104    35.0288    35.0303 0.0000e+00
    350.000     3.8937     3.8918   3.264275   3.264233    314.732     0.1034     0.0967    877.808   78.83288    8.00104    35.0288    35.0304 0.0000e+00
    351.000     3.8910     3.8883   3.264080   3.263956    314.721     0.1034     0.0967    878.863   78.83288    8.00104    35.0288    35.0303 0.0000e+00
    352.000     3.8863     3.8847   3.263708   3.263692    314.436     0.1034     0.0966    879.936   78.83288    8.00104    35.0289    35.0304 0.0000e+00
    353.000     3.8854     3.8823   3.263669   3.263521    313.965     0.1034     0.0966    881.049   78.83288    8.00104    35.0289    35.0304 0.0000e+00
    354.000     3.8807     3.8792   3.263302   3.263306    314.023     0.1034     0.0966    882.175   78.83288    8.00104    35.0289    35.0306 0.0000e+00
    355.000     3.8768     3.8768   3.263023   3.263145    314.046     0.1034     0.0965    883.216   78.83288    8.00104    35.0292    35.0308 0.0000e+00
    356.000     3.8637     3.8625   3.261887   3.261915    314.030     0.1034     0.0965    884.202   78.83288    8.00104    35.0292    35.0308 0.0000e+00
    357.000     3.8570     3.8551   3.261310   3.261264    314.005     0.1034     0.0965    885.245   78.83288    8.00104    35.0289    35.0304 0.0000e+00
    358.000     3.8551     3.8529   3.261169   3.261095    314.181     0.1034     0.0964    886.392   78.83288    8.00104    35.0287    35.0302 0.0000e+00
    359.000     3.8483     3.8468   3.260582   3.260572    314.532     0.1035     0.0964    887.538   78.83288    8.00104    35.0285    35.0300 0.0000e+00
    360.000     3.8359     3.8351   3.259464   3.259527    314.981     0.1035     0.0964    888.610   78.83288    8.00104    35.0279    35.0294 0.0000e+00
    361.000     3.8258     3.8237   3.258588   3.258513    314.784     0.1035     0.0964    889.606   78.83288    8.00104    35.0277    35.0290 0.0000e+00
    362.000     3.8209     3.8189   3.258176   3.258103    314.816     0.1035     0.0963    890.561   78.83288    8.00104    35.0275    35.0287 0.0000e+00
    363.000     3.8129     3.8109   3.257485   3.257414    314.940     0.1035     0.0963    891.545   78.83288    8.00104    35.0272    35.0285 0.0000e+00
    364.000     3.8076     3.8057   3.257039   3.256992    314.565     0.1035     0.0963    892.631   78.83288    8.00104    35.0270    35.0285 0.0000e+00
    365.000     3.8057     3.8037   3.256914   3.256852    314.112     0.1035     0.0963    893.775   78.83288    8.00104    35.0270    35.0285 0.0000e+00
    366.000     3.8043     3.8021   3.256818   3.256758    314.853     0.1035     0.0963    894.890   78.83288    8.00104    35.0269    35.0285 0.0000e+00
    367.000     3.8036     3.8015   3.256800   3.256738    315.366     0.1035     0.0963    896.017   78.83288    8.00104    35.0269    35.0283 0.0000e+00
    368.000     3.8009     3.7987   3.256603   3.256540    315.235     0.1035     0.0963    897.194   78.83288    8.00104    35.0268    35.0284 0.0000e+00
    369.000     3.7964     3.7948   3.256244   3.256224    314.942     0.1035     0.0963    898.299   78.83288    8.00104    35.0268    35.0283 0.0000e+00
    370.000     3.7835     3.7823   3.255097   3.255097    314.588     0.1035     0.0963    899.304   78.83288    8.00104    35.0264    35.0277 0.0000e+00
    371.000     3.7761     3.7740   3.254447   3.254394    314.653     0.1035     0.0963    900.290   78.83288    8.00104    35.0260    35.0275 0.0000e+00
    372.000     3.7703     3.7683   3.253969   3.253914    314.709     0.1035     0.0963    901.329   78.83288    8.00104    35.0259    35.0274 0.0000e+00
    373.000     3.7667     3.7646   3.253708   3.253630    315.544     0.1036     0.0963    902.497   78.83288    8.00104    35.0262    35.0275 0.0000e+00
    374.000     3.7598     3.7576   3.253155   3.253080    316.009     0.1036     0.0963    903.684   78.83288    8.00104    35.0263    35.0279 0.0000e+00
    375.000     3.7577     3.7555   3.253022   3.252954    315.952     0.1036     0.0963    904.730   78.83288    8.00104    35.0265    35.0280 0.0000e+00
    376.000     3.7497     3.7478   3.252416   3.252383    315.877     0.1036     0.0963    905.658   78.83288    8.00104    35.0272    35.0289 0.0000e+00
    377.000     3.7477     3.7458   3.252368   3.252320    315.639     0.1037     0.0964    906.540   78.83288    8.00104    35.0283    35.0297 0.0000e+00
    378.000     3.7469     3.7446   3.252335   3.252259    315.278     0.1037     0.0964    907.535   78.83288    8.00104    35.0282    35.0297 0.0000e+00
    379.000     3.7429     3.7406   3.252047   3.251954    315.805     0.1038     0.0964    908.834   78.83288    8.00102    35.0285    35.0299 0.0000e+00
    380.000     3.7408     3.7388   3.251914   3.251872    315.790     0.1038     0.0964    910.151   78.83288    8.00102    35.0286    35.0302 0.0000e+00
    381.000     3.7411     3.7389   3.251988   3.251925    315.294     0.1039     0.0965    911.264   78.83288    8.00102    35.0287    35.0303 0.0000e+00
    382.000     3.7401     3.7371   3.251941   3.251805    315.629     0.1039     0.0965    912.253   78.83288    8.00102    35.0286    35.0302 0.0000e+00
    383.000     3.7295     3.7270   3.251028   3.250921    315.953     0.1040     0.0965    913.233   78.83288    8.00102    35.0285    35.0299 0.0000e+00
    384.000     3.7258     3.7234   3.250732   3.250652    315.620     0.1040     0.0966    914.299   78.83288    8.00102    35.0284    35.0299 0.0000e+00
    385.000     3.7230     3.7209   3.250527   3.250462    314.634     0.1041     0.0966    915.404   78.83288    8.00102    35.0284    35.0298 0.0000e+00
    386.000     3.7216     3.7196   3.250437   3.250385    315.120     0.1042     0.0967    916.479   78.83288    8.00102    35.0283    35.0298 0.0000e+00
    387.000     3.7170     3.7147   3.250082   3.250001    316.010     0.1042     0.0967    917.553   78.83288    8.00102    35.0284    35.0299 0.0000e+00
    388.000     3.7103     3.7081   3.249519   3.249446    315.951     0.1043     0.0968    918.613   78.83288    8.00102    35.0283    35.0298 0.0000e+00
    389.000     3.6991     3.6968   3.248529   3.248441    315.774     0.1044     0.0968    919.649   78.83288    8.00102    35.0279    35.0293 0.0000e+00
    390.000     3.6837     3.6811   3.247144   3.247061    315.755     0.1045     0.0969    920.717   78.83288    8.00102    35.0273    35.0290 0.0000e+00
    391.000     3.6770     3.6752   3.246566   3.246522    315.587     0.1045     0.0969    921.792   78.83288    8.00100    35.0270    35.0284 0.0000e+00
    392.000     3.6671     3.6658   3.245635   3.245646    315.538     0.1046     0.0969    922.895   78.83288    8.00100    35.0259    35.0275 0.0000e+00
    393.000     3.6604     3.6584   3.245032   3.244974    316.447     0.1047     0.0970    924.056   78.83288    8.00100    35.0253    35.0268 0.0000e+00
    394.000     3.6582     3.6562   3.244867   3.244823    316.368     0.1048     0.0970    925.247   78.83288    8.00100    35.0252    35.0267 0.0000e+00
    395.000     3.6549     3.6532   3.244586   3.244561    316.183     0.1049     0.0971    926.398   78.83288    8.00100    35.0248    35.0263 0.0000e+00
    396.000     3.6514     3.6497   3.244304   3.244271    316.364     0.1049     0.0971    927.461   78.83288    8.00100    35.0246    35.0261 0.0000e+00
    397.000     3.6486     3.6457   3.244078   3.243890    316.308     0.1050     0.0971    928.445   78.83288    8.00100    35.0243    35.0253 0.0000e+00
    398.000     3.6217     3.6181   3.241488   3.241238    316.253     0.1051     0.0972    929.418   78.83288    8.00100    35.0216    35.0225 0.0000e+00
    399.000     3.6040     3.6026   3.239813   3.239809    315.825     0.1052     0.0972    930.525   78.83288    8.00100    35.0199    35.0214 0.0000e+00
    400.000     3.6151     3.6134   3.241015   3.240980    315.657     0.1053     0.0972    931.795   78.83288    8.00100    35.0219    35.0234 0.0000e+00
    401.000     3.6062     3.6013   3.240242   3.239893    315.857     0.1054     0.0973    932.993   78.83288    8.00100    35.0217    35.0228 0.0000e+00
    402.000     3.5877     3.5864   3.238480   3.238460    316.062     0.1055     0.0973    934.048   78.83288    8.00100    35.0198    35.0210 0.0000e+00
    403.000     3.5744     3.5790   3.237214   3.237773    315.637     0.1056     0.0973    935.036   78.83288    8.00098    35.0183    35.0201 0.0000e+00
    404.000     3.5390     3.5393   3.233754   3.233927    315.727     0.1057     0.0974    936.096   78.83288    8.00098    35.0143    35.0160 0.0000e+00
    405.000     3.5254     3.5241   3.232469   3.232470    316.079     0.1058     0.0974    937.302   78.83288    8.00098    35.0128    35.0142 0.0000e+00
    406.000     3.5036     3.5004   3.230386   3.230186    316.433     0.1059     0.0974    938.458   78.83288    8.00098    35.0107    35.0117 0.0000e+00
    407.000     3.4878     3.4854   3.228901   3.228793    315.946     0.1060     0.0974    939.488   78.83288    8.00098    35.0093    35.0105 0.0000e+00
    408.000     3.4822     3.4789   3.228406   3.228218    315.295     0.1061     0.0974    940.500   78.83288    8.00098    35.0087    35.0100 0.0000e+00
    409.000     3.4803     3.4784   3.228270   3.228212    314.395     0.1061     0.0975    941.627   78.83288    8.00098    35.0086    35.0100 0.0000e+00
    410.000     3.4805     3.4785   3.228337   3.228289    314.061     0.1062     0.0975    942.850   78.83288    8.00098    35.0087    35.0102 0.0000e+00
    411.000     3.4824     3.4803   3.228589   3.228534    314.202     0.1063     0.0975    944.002   78.83288    8.00098    35.0091    35.0107 0.0000e+00
    412.000     3.4796     3.4777   3.228407   3.228364    314.482     0.1064     0.0975    945.048   78.83288    8.00098    35.0094    35.0109 0.0000e+00
