test_project/cnv_files/022_bin.cnv
* Sea-Bird SBE 9 Data File:
* FileName = C:\Documents and Settings\ctd\Desktop\FS2022\data\022.hex
* Software Version Seasave V 7.21b
* Temperature SN = 2400
* Conductivity SN = 3447
* Number of Bytes Per Scan = 48
* Number of Voltage Words = 5
* Number of Scans Averaged by the Deck Unit = 1
* NMEA Latitude = 78 49.97 N
* NMEA Longitude = 008 00.00 E
* NMEA UTC (Time) = Sep 18 2022  05:09:11
* NMEA baud rate = 4800
** Cruise: FS 2022
** Ship: Silver Arctic
** Station (File Number):  022
** Latitude:
** Longitude:
** Echodepth (m):
** Seastate:
# nquan = 14
# nvalues = 1013                        
# units = specified
# name 0 = prDM: Pressure, Digiquartz [db]
# name 1 = t090C: Temperature [ITS-90, deg C]
# name 2 = t190C: Temperature, 2 [ITS-90, deg C]
# name 3 = c0S/m: Conductivity [S/m]
# name 4 = c1S/m: Conductivity, 2 [S/m]
# name 5 = sbox0Mm/Kg: Oxygen, SBE 43 [umol/kg]
# name 6 = wetCDOM: Fluorescence, WET Labs CDOM [mg/m^3]
# name 7 = wetCDOM1: Fluorescence, WET Labs CDOM, 2 [mg/m^3]
# name 8 = timeS: Time, Elapsed [seconds]
# name 9 = latitude: Latitude [deg]
# name 10 = longitude: Longitude [deg]
# name 11 = sal00: Salinity, Practical [PSU]
# name 12 = sal11: Salinity, Practical, 2 [PSU]
# name 13 = flag: flag
# span 0 =      1.000,   1013.000       
# span 1 =    -0.7520,     6.9287       
# span 2 =    -0.7535,     6.9272       
# span 3 =   2.876604,   3.514184       
# span 4 =   2.876584,   3.514152       
# span 5 =    290.074,    328.051       
# span 6 =     0.1018,     0.1252       
# span 7 =     0.0963,     0.1065       
# span 8 =    478.863,   1603.908       
# span 9 =   78.83276,   78.83296       
# span 10 =    8.00052,    8.00112      
# span 11 =    34.6668,    35.0574      
# span 12 =    34.6683,    35.0590      
# span 13 = 0.0000e+00, 0.0000e+00      
# interval = decibars: 1                
# start_time = Sep 18 2022 05:09:11 [NMEA time, first data scan]
# bad_flag = -9.990e-29
*END*
[from data line 620]
    621.000     2.2197     2.2178   3.122443   3.122397    318.472     0.1074     0.0988   1161.704   78.83284    8.00092    34.9645    34.9661 0.0000e+00
    622.000     2.2102     2.2086   3.121678   3.121639    319.033     0.1073     0.0989   1162.620   78.83284    8.00092    34.9649    34.9662 0.0000e+00
    623.000     2.1824     2.1800   3.119293   3.119201    319.402     0.1073     0.0989   1163.773   78.83284    8.00092    34.9651    34.9666 0.0000e+00
    624.000     2.1648     2.1630   3.117790   3.117756    318.786     0.1073     0.0989   1165.091   78.83284    8.00092    34.9651    34.9666 0.0000e+00
    625.000     2.1592     2.1572   3.117344   3.117264    318.819     0.1073     0.0989   1166.197   78.83284    8.00093    34.9651    34.9663 0.0000e+00
    626.000     2.1354     2.1320   3.115233   3.115028    318.934     0.1073     0.0990   1167.146   78.83284    8.00094    34.9644    34.9655 0.0000e+00
    627.000     2.1206     2.1171   3.113938   3.113723    319.187     0.1073     0.0990   1168.049   78.83284    8.00094    34.9638    34.9650 0.0000e+00
    628.000     2.1101     2.1083   3.113019   3.112943    318.871     0.1073     0.0990   1168.990   78.83284    8.00094    34.9633    34.9644 0.0000e+00
    629.000     2.0984     2.0951   3.111983   3.111809    319.073     0.1073     0.0990   1169.990   78.83284    8.00094    34.9627    34.9642 0.0000e+00
    630.000     2.0689     2.0692   3.109336   3.109423    319.492     0.1073     0.0991   1170.995   78.83284    8.00094    34.9615    34.9622 0.0000e+00
    631.000     2.0482     2.0469   3.107511   3.107483    318.997     0.1073     0.0991   1172.036   78.83284    8.00092    34.9608    34.9619 0.0000e+00
    632.000     2.0383     2.0369   3.106688   3.106668    318.784     0.1073     0.0991   1173.205   78.83284    8.00092    34.9608    34.9622 0.0000e+00
    633.000     2.0207     2.0191   3.105201   3.105168    319.414     0.1073     0.0991   1174.411   78.83284    8.00093    34.9611    34.9623 0.0000e+00
    634.000     2.0030     1.9988   3.103652   3.103351    319.546     0.1074     0.0992   1175.489   78.83284    8.00094    34.9605    34.9614 0.0000e+00
    635.000     1.9843     1.9834   3.101938   3.101947    319.587     0.1074     0.0992   1176.478   78.83284    8.00094    34.9591    34.9602 0.0000e+00
    636.000     1.9712     1.9699   3.100758   3.100732    319.681     0.1074     0.0992   1177.414   78.83284    8.00094    34.9581    34.9593 0.0000e+00
    637.000     1.9396     1.9376   3.097913   3.097822    319.977     0.1074     0.0992   1178.345   78.83284    8.00094    34.9567    34.9578 0.0000e+00
    638.000     1.9159     1.9153   3.095776   3.095805    319.700     0.1075     0.0993   1179.300   78.83284    8.00094    34.9554    34.9564 0.0000e+00
    639.000     1.8993     1.8974   3.094281   3.094191    319.322     0.1075     0.0993   1180.334   78.83283    8.00094    34.9544    34.9554 0.0000e+00
    640.000     1.8952     1.8937   3.093932   3.093913    319.166     0.1076     0.0993   1181.536   78.83282    8.00093    34.9539    34.9553 0.0000e+00
    641.000     1.8867     1.8859   3.093275   3.093286    318.627     0.1077     0.0993   1182.811   78.83282    8.00092    34.9545    34.9556 0.0000e+00
    642.000     1.8824     1.8808   3.092949   3.092911    318.969     0.1077     0.0993   1183.946   78.83282    8.00092    34.9546    34.9558 0.0000e+00
    643.000     1.8868     1.8848   3.093527   3.093470    319.260     0.1078     0.0993   1184.928   78.83282    8.00092    34.9564    34.9579 0.0000e+00
    644.000     1.8885     1.8867   3.093784   3.093751    319.554     0.1079     0.0993   1185.832   78.83282    8.00092    34.9572    34.9588 0.0000e+00
    645.000     1.8892     1.8878   3.093969   3.093948    319.686     0.1079     0.0993   1186.717   78.83282    8.00092    34.9582    34.9595 0.0000e+00
    646.000     1.8602     1.8584   3.091469   3.091387    320.108     0.1080     0.0993   1187.664   78.83282    8.00092    34.9582    34.9591 0.0000e+00
    647.000     1.8305     1.8290   3.088877   3.088816    320.372     0.1081     0.0993   1188.700   78.83282    8.00092    34.9578    34.9587 0.0000e+00
    648.000     1.8039     1.8025   3.086522   3.086498    320.428     0.1082     0.0993   1189.772   78.83282    8.00090    34.9569    34.9581 0.0000e+00
    649.000     1.8005     1.7991   3.086237   3.086230    320.420     0.1083     0.0993   1190.926   78.83282    8.00090    34.9565    34.9579 0.0000e+00
    650.000     1.7959     1.7941   3.085909   3.085855    320.653     0.1084     0.0993   1192.173   78.83282    8.00090    34.9568    34.9582 0.0000e+00
    651.000     1.7848     1.7821   3.085007   3.084872    320.648     0.1085     0.0993   1193.309   78.83282    8.00089    34.9572    34.9584 0.0000e+00
    652.000     1.7600     1.7568   3.082849   3.082651    321.013     0.1086     0.0993   1194.271   78.83282    8.00088    34.9568    34.9578 0.0000e+00
    653.000     1.7388     1.7365   3.080981   3.080862    321.325     0.1087     0.0993   1195.155   78.83282    8.00088    34.9562    34.9571 0.0000e+00
    654.000     1.7180     1.7176   3.079134   3.079175    321.125     0.1088     0.0992   1196.048   78.83282    8.00088    34.9552    34.9562 0.0000e+00
    655.000     1.6949     1.6938   3.077089   3.077075    320.798     0.1089     0.0992   1197.108   78.83282    8.00090    34.9544    34.9554 0.0000e+00
    656.000     1.6880     1.6870   3.076501   3.076506    320.515     0.1089     0.0992   1198.317   78.83282    8.00089    34.9540    34.9552 0.0000e+00
    657.000     1.6826     1.6796   3.076064   3.075895    321.037     0.1090     0.0992   1199.422   78.83282    8.00088    34.9540    34.9551 0.0000e+00
    658.000     1.6787     1.6764   3.075754   3.075655    321.396     0.1091     0.0992   1200.410   78.83282    8.00088    34.9538    34.9551 0.0000e+00
    659.000     1.6585     1.6574   3.074029   3.074016    321.584     0.1091     0.0991   1201.363   78.83282    8.00088    34.9538    34.9548 0.0000e+00
    660.000     1.6522     1.6503   3.073515   3.073453    321.139     0.1092     0.0991   1202.338   78.83282    8.00088    34.9536    34.9549 0.0000e+00
    661.000     1.6527     1.6510   3.073595   3.073549    321.165     0.1092     0.0991   1203.381   78.83282    8.00087    34.9535    34.9548 0.0000e+00
    662.000     1.6524     1.6508   3.073621   3.073580    321.319     0.1093     0.0991   1204.520   78.83282    8.00086    34.9536    34.9549 0.0000e+00
    663.000     1.6481     1.6467   3.073289   3.073279    321.690     0.1093     0.0990   1205.675   78.83282    8.00086    34.9536    34.9550 0.0000e+00
    664.000     1.6375     1.6357   3.072403   3.072331    321.973     0.1093     0.0990   1206.701   78.83282    8.00086    34.9535    34.9546 0.0000e+00
    665.000     1.6208     1.6147   3.070920   3.070459    321.778     0.1093     0.0990   1207.653   78.83282    8.00086    34.9527    34.9536 0.0000e+00
    666.000     1.5911     1.5876   3.068195   3.067942    321.673     0.1093     0.0990   1208.671   78.83282    8.00086    34.9505    34.9512 0.0000e+00
    667.000     1.5658     1.5646   3.065840   3.065825    321.801     0.1093     0.0990   1209.848   78.83282    8.00086    34.9481    34.9493 0.0000e+00
    668.000     1.5289     1.5347   3.062498   3.063055    321.778     0.1093     0.0990   1210.951   78.83282    8.00084    34.9461    34.9467 0.0000e+00
    669.000     1.4812     1.4760   3.058158   3.057760    321.915     0.1092     0.0989   1211.915   78.83282    8.00084    34.9433    34.9440 0.0000e+00
    670.000     1.4558     1.4529   3.055808   3.055646    321.437     0.1092     0.0989   1212.814   78.83282    8.00084    34.9411    34.9421 0.0000e+00
    671.000     1.4460     1.4437   3.054952   3.054840    320.442     0.1091     0.0989   1213.736   78.83282    8.00084    34.9405    34.9417 0.0000e+00
    672.000     1.4435     1.4419   3.054860   3.054806    319.927     0.1091     0.0989   1214.843   78.83282    8.00084    34.9415    34.9426 0.0000e+00
    673.000     1.4452     1.4456   3.055107   3.055299    320.041     0.1090     0.0989   1216.139   78.83282    8.00082    34.9422    34.9442 0.0000e+00
    674.000     1.4603     1.4597   3.056683   3.056750    320.377     0.1090     0.0988   1217.282   78.83282    8.00081    34.9449    34.9464 0.0000e+00
    675.000     1.4595     1.4577   3.056669   3.056624    320.913     0.1089     0.0988   1218.298   78.83282    8.00080    34.9451    34.9465 0.0000e+00
    676.000     1.4591     1.4579   3.056696   3.056716    321.163     0.1088     0.0988   1219.264   78.83282    8.00080    34.9453    34.9469 0.0000e+00
    677.000     1.4608     1.4601   3.056914   3.056981    321.626     0.1087     0.0988   1220.204   78.83282    8.00080    34.9456    34.9472 0.0000e+00
    678.000     1.4664     1.4694   3.057442   3.057931    322.103     0.1087     0.0988   1221.146   78.83282    8.00080    34.9456    34.9484 0.0000e+00
    679.000     1.4775     1.4742   3.058632   3.058461    322.274     0.1086     0.0988   1222.169   78.83282    8.00080    34.9478    34.9492 0.0000e+00
    680.000     1.4800     1.4831   3.058962   3.059391    322.665     0.1085     0.0987   1223.323   78.83282    8.00080    34.9487    34.9507 0.0000e+00
    681.000     1.4867     1.4848   3.059688   3.059633    322.491     0.1084     0.0987   1224.496   78.83282    8.00080    34.9499    34.9512 0.0000e+00
    682.000     1.4924     1.4904   3.060283   3.060231    322.527     0.1083     0.0987   1225.634   78.83282    8.00080    34.9505    34.9521 0.0000e+00
    683.000     1.4961     1.4952   3.060746   3.060810    323.314     0.1082     0.0987   1226.719   78.83282    8.00080    34.9518    34.9535 0.0000e+00
    684.000     1.4895     1.4876   3.060327   3.060264    324.155     0.1081     0.0987   1227.702   78.83282    8.00080    34.9531    34.9544 0.0000e+00
    685.000     1.4732     1.4711   3.058933   3.058856    324.448     0.1080     0.0987   1228.594   78.83282    8.00080    34.9530    34.9543 0.0000e+00
    686.000     1.4606     1.4584   3.057843   3.057757    324.282     0.1079     0.0987   1229.495   78.83282    8.00080    34.9525    34.9539 0.0000e+00
    687.000     1.4555     1.4536   3.057413   3.057356    324.044     0.1078     0.0987   1230.557   78.83282    8.00079    34.9522    34.9535 0.0000e+00
    688.000     1.4527     1.4508   3.057207   3.057166    323.937     0.1077     0.0987   1231.801   78.83282    8.00078    34.9521    34.9537 0.0000e+00
    689.000     1.4510     1.4490   3.057125   3.057062    324.334     0.1076     0.0987   1232.968   78.83282    8.00078    34.9523    34.9537 0.0000e+00
    690.000     1.4497     1.4474   3.057059   3.056969    324.413     0.1075     0.0987   1233.997   78.83282    8.00076    34.9524    34.9538 0.0000e+00
    691.000     1.4427     1.4410   3.056487   3.056450    324.554     0.1074     0.0987   1234.961   78.83280    8.00076    34.9523    34.9538 0.0000e+00
    692.000     1.4333     1.4315   3.055677   3.055627    324.723     0.1073     0.0987   1235.908   78.83280    8.00076    34.9519    34.9532 0.0000e+00
    693.000     1.4306     1.4282   3.055461   3.055366    324.697     0.1072     0.0987   1236.885   78.83280    8.00074    34.9516    34.9530 0.0000e+00
    694.000     1.4283     1.4266   3.055292   3.055257    324.756     0.1071     0.0987   1237.962   78.83280    8.00076    34.9514    34.9529 0.0000e+00
    695.000     1.4272     1.4260   3.055218   3.055247    324.969     0.1070     0.0987   1239.126   78.83280    8.00076    34.9511    34.9528 0.0000e+00
    696.000     1.4209     1.4191   3.054684   3.054655    325.317     0.1069     0.0987   1240.215   78.83280    8.00075    34.9508    34.9523 0.0000e+00
    697.000     1.4087     1.4082   3.053646   3.053712    325.269     0.1069     0.0987   1241.228   78.83280    8.00076    34.9505    34.9519 0.0000e+00
    698.000     1.3942     1.3931   3.052343   3.052356    324.876     0.1068     0.0987   1242.240   78.83280    8.00076    34.9495    34.9509 0.0000e+00
    699.000     1.3915     1.3898   3.052124   3.052081    324.576     0.1068     0.0987   1243.355   78.83280    8.00076    34.9491    34.9505 0.0000e+00
    700.000     1.3881     1.3863   3.051852   3.051796    324.419     0.1067     0.0987   1244.477   78.83280    8.00076    34.9489    34.9502 0.0000e+00
    701.000     1.3796     1.3775   3.051129   3.051033    324.211     0.1067     0.0987   1245.501   78.83280    8.00076    34.9486    34.9497 0.0000e+00
    702.000     1.3572     1.3561   3.049157   3.049148    323.798     0.1067     0.0988   1246.494   78.83280    8.00076    34.9477    34.9489 0.0000e+00
    703.000     1.3461     1.3443   3.048175   3.048117    323.035     0.1067     0.0988   1247.528   78.83280    8.00076    34.9470    34.9482 0.0000e+00
    704.000     1.3365     1.3336   3.047373   3.047208    323.297     0.1067     0.0988   1248.576   78.83280    8.00076    34.9469    34.9480 0.0000e+00
    705.000     1.3214     1.3193   3.046074   3.046004    323.840     0.1067     0.0988   1249.573   78.83280    8.00076    34.9465    34.9479 0.0000e+00
    706.000     1.3039     1.3028   3.044560   3.044561    323.689     0.1068     0.0989   1250.558   78.83280    8.00075    34.9461    34.9473 0.0000e+00
    707.000     1.2883     1.2877   3.043211   3.043255    323.483     0.1068     0.0989   1251.591   78.83280    8.00074    34.9456    34.9469 0.0000e+00
    708.000     1.2840     1.2826   3.042856   3.042835    323.559     0.1069     0.0989   1252.707   78.83280    8.00074    34.9453    34.9466 0.0000e+00
    709.000     1.2851     1.2831   3.042991   3.042914    324.005     0.1070     0.0990   1253.891   78.83280    8.00074    34.9452    34.9465 0.0000e+00
    710.000     1.2567     1.2561   3.040501   3.040551    324.498     0.1071     0.0990   1255.002   78.83280    8.00072    34.9445    34.9458 0.0000e+00
    711.000     1.2313     1.2299   3.038260   3.038234    324.376     0.1072     0.0990   1255.994   78.83280    8.00072    34.9436    34.9448 0.0000e+00
    712.000     1.2277     1.2257   3.037955   3.037796    324.022     0.1073     0.0991   1256.925   78.83280    8.00072    34.9431    34.9433 0.0000e+00
    713.000     1.2257     1.2239   3.037814   3.037762    324.004     0.1075     0.0991   1257.876   78.83280    8.00072    34.9429    34.9443 0.0000e+00
    714.000     1.2214     1.2196   3.037473   3.037433    324.318     0.1076     0.0992   1258.956   78.83280    8.00072    34.9429    34.9443 0.0000e+00
    715.000     1.2048     1.2023   3.036031   3.035889    324.316     0.1077     0.0992   1260.136   78.83280    8.00072    34.9423    34.9432 0.0000e+00
    716.000     1.1924     1.1905   3.034960   3.034891    324.850     0.1079     0.0992   1261.271   78.83280    8.00071    34.9418    34.9430 0.0000e+00
    717.000     1.1846     1.1819   3.034297   3.034167    324.657     0.1080     0.0993   1262.310   78.83280    8.00070    34.9415    34.9427 0.0000e+00
    718.000     1.1709     1.1646   3.033126   3.032654    324.172     0.1082     0.0993   1263.263   78.83280    8.00070    34.9411    34.9422 0.0000e+00
    719.000     1.1462     1.1447   3.030957   3.030922    324.184     0.1083     0.0993   1264.181   78.83280    8.00070    34.9404    34.9415 0.0000e+00
    720.000     1.1358     1.1366   3.030049   3.030208    324.253     0.1085     0.0994   1265.136   78.83280    8.00070    34.9397    34.9408 0.0000e+00
    721.000     1.1251     1.1187   3.029065   3.028569    324.790     0.1086     0.0994   1266.240   78.83280    8.00068    34.9384    34.9393 0.0000e+00
    722.000     1.0695     1.0652   3.023987   3.023656    325.702     0.1088     0.0994   1267.449   78.83280    8.00068    34.9348    34.9353 0.0000e+00
