test_project/cnv_files/022_bin.cnv
* Sea-Bird SBE 9 Data File:
* FileName = C:\Documents and Settings\ctd\Desktop\FS2022\data\022.hex
* Software Version Seasave V 7.21b
* Temperature SN = 2400
* Conductivity SN = 3447
* Number of Bytes Per Scan = 48
* Number of Voltage Words = 5
* Number of Scans Averaged by the Deck Unit = 1
* NMEA Latitude = 78 49.97 N
* NMEA Longitude = 008 00.00 E
* NMEA UTC (Time) = Sep 18 2022  05:09:11
* NMEA baud rate = 4800
** Cruise: FS 2022
** Ship: Silver Arctic
** Station (File Number):  022
** Latitude:
** Longitude:
** Echodepth (m):
** Seastate:
# nquan = 14
# nvalues = 1013                        
# units = specified
# name 0 = prDM: Pressure, Digiquartz [db]
# name 1 = t090C: Temperature [ITS-90, deg C]
# name 2 = t190C: Temperature, 2 [ITS-90, deg C]
# name 3 = c0S/m: Conductivity [S/m]
# name 4 = c1S/m: Conductivity, 2 [S/m]
# name 5 = sbox0Mm/Kg: Oxygen, SBE 43 [umol/kg]
# name 6 = wetCDOM: Fluorescence, WET Labs CDOM [mg/m^3]
# name 7 = wetCDOM1: Fluorescence, WET Labs CDOM, 2 [mg/m^3]
# name 8 = timeS: Time, Elapsed [seconds]
# name 9 = latitude: Latitude [deg]
# name 10 = longitude: Longitude [deg]
# name 11 = sal00: Salinity, Practical [PSU]
# name 12 = sal11: Salinity, Practical, 2 [PSU]
# name 13 = flag: flag
# span 0 =      1.000,   1013.000       
# span 1 =    -0.7520,     6.9287       
# span 2 =    -0.7535,     6.9272       
# span 3 =   2.876604,   3.514184       
# span 4 =   2.876584,   3.514152       
# span 5 =    290.074,    328.051       
# span 6 =     0.1018,     0.1252       
# span 7 =     0.0963,     0.1065       
# span 8 =    478.863,   1603.908       
# span 9 =   78.83276,   78.83296       
# span 10 =    8.00052,    8.00112      
# span 11 =    34.6668,    35.0574      
# span 12 =    34.6683,    35.0590      
# span 13 = 0.0000e+00, 0.0000e+00      
# interval = decibars: 1                
# start_time = Sep 18 2022 05:09:11 [NMEA time, first data scan]
# bad_flag = -9.990e-29
*END*
[from data line 104]
    105.000     6.1327     6.1305   3.458206   3.458148    293.895     0.1029     0.0975    617.186   78.83296    8.00092    35.0527    35.0542 0.0000e+00
    106.000     6.1328     6.1305   3.458317   3.458222    294.878     0.1029     0.0975    618.083   78.83296    8.00094    35.0532    35.0546 0.0000e+00
    107.000     6.1276     6.1257   3.457949   3.457883    297.116     0.1029     0.0975    619.037   78.83296    8.00094    35.0539    35.0551 0.0000e+00
    108.000     6.1157     6.1125   3.456969   3.456816    297.633     0.1029     0.0975    620.128   78.83296    8.00094    35.0547    35.0563 0.0000e+00
    109.000     6.0979     6.0946   3.455433   3.455272    298.089     0.1029     0.0974    621.318   78.83296    8.00094    35.0552    35.0568 0.0000e+00
    110.000     6.0848     6.0826   3.454268   3.454192    297.044     0.1029     0.0974    622.525   78.83296    8.00094    35.0551    35.0565 0.0000e+00
    111.000     6.0753     6.0734   3.453479   3.453442    294.904     0.1029     0.0974    623.615   78.83296    8.00094    35.0555    35.0571 0.0000e+00
    112.000     6.0722     6.0702   3.453286   3.453242    296.220     0.1029     0.0973    624.554   78.83296    8.00095    35.0561    35.0576 0.0000e+00
    113.000     6.0717     6.0703   3.453352   3.453352    298.572     0.1028     0.0973    625.410   78.83296    8.00096    35.0568    35.0583 0.0000e+00
    114.000     6.0486     6.0474   3.451251   3.451254    299.139     0.1028     0.0973    626.237   78.83296    8.00096    35.0564    35.0577 0.0000e+00
    115.000     6.0289     6.0270   3.449453   3.449420    298.829     0.1028     0.0972    627.194   78.83296    8.00096    35.0561    35.0576 0.0000e+00
    116.000     6.0206     6.0180   3.448760   3.448652    298.531     0.1028     0.0972    628.479   78.83296    8.00096    35.0562    35.0577 0.0000e+00
    117.000     6.0111     6.0087   3.447916   3.447836    298.347     0.1028     0.0972    629.728   78.83296    8.00096    35.0561    35.0576 0.0000e+00
    118.000     6.0061     6.0038   3.447497   3.447417    297.367     0.1028     0.0971    630.777   78.83296    8.00096    35.0559    35.0574 0.0000e+00
    119.000     6.0043     6.0022   3.447370   3.447311    297.434     0.1028     0.0971    631.727   78.83296    8.00096    35.0558    35.0574 0.0000e+00
    120.000     5.9990     5.9966   3.446906   3.446828    298.658     0.1028     0.0970    632.639   78.83296    8.00096    35.0557    35.0572 0.0000e+00
    121.000     5.9931     5.9908   3.446417   3.446335    298.944     0.1028     0.0970    633.581   78.83296    8.00096    35.0556    35.0571 0.0000e+00
    122.000     5.9907     5.9884   3.446225   3.446169    298.261     0.1028     0.0969    634.581   78.83296    8.00096    35.0555    35.0572 0.0000e+00
    123.000     5.9843     5.9821   3.445681   3.445604    298.547     0.1028     0.0969    635.628   78.83296    8.00096    35.0554    35.0569 0.0000e+00
    124.000     5.9725     5.9706   3.444648   3.444601    299.386     0.1027     0.0968    636.696   78.83296    8.00096    35.0554    35.0568 0.0000e+00
    125.000     5.9641     5.9617   3.443937   3.443850    299.839     0.1027     0.0967    637.777   78.83296    8.00096    35.0556    35.0571 0.0000e+00
    126.000     5.9588     5.9566   3.443524   3.443458    299.623     0.1027     0.0967    638.866   78.83296    8.00098    35.0558    35.0574 0.0000e+00
    127.000     5.9566     5.9543   3.443407   3.443327    299.774     0.1026     0.0966    639.931   78.83296    8.00098    35.0563    35.0578 0.0000e+00
    128.000     5.9522     5.9501   3.443072   3.443006    299.095     0.1026     0.0966    640.930   78.83296    8.00098    35.0566    35.0580 0.0000e+00
    129.000     5.9365     5.9345   3.441704   3.441642    298.596     0.1026     0.0965    641.882   78.83296    8.00098    35.0568    35.0582 0.0000e+00
    130.000     5.9267     5.9245   3.440859   3.440793    298.850     0.1025     0.0965    642.813   78.83296    8.00098    35.0568    35.0585 0.0000e+00
    131.000     5.9112     5.9092   3.439467   3.439412    298.899     0.1025     0.0965    643.794   78.83296    8.00098    35.0566    35.0581 0.0000e+00
    132.000     5.9038     5.9017   3.438810   3.438756    298.717     0.1025     0.0964    644.900   78.83296    8.00098    35.0564    35.0579 0.0000e+00
    133.000     5.8922     5.8896   3.437744   3.437632    298.440     0.1024     0.0964    646.091   78.83296    8.00098    35.0558    35.0573 0.0000e+00
    134.000     5.8593     5.8573   3.434659   3.434574    299.162     0.1024     0.0964    647.174   78.83296    8.00098    35.0544    35.0555 0.0000e+00
    135.000     5.8454     5.8432   3.433371   3.433307    299.336     0.1023     0.0964    648.134   78.83296    8.00098    35.0538    35.0553 0.0000e+00
    136.000     5.8351     5.8325   3.432494   3.432353    299.105     0.1023     0.0963    649.057   78.83296    8.00098    35.0539    35.0551 0.0000e+00
    137.000     5.8189     5.8167   3.431009   3.430923    299.831     0.1022     0.0963    650.004   78.83296    8.00098    35.0533    35.0547 0.0000e+00
    138.000     5.7802     5.7769   3.427266   3.426995    300.940     0.1022     0.0963    651.034   78.83294    8.00098    35.0504    35.0508 0.0000e+00
    139.000     5.7239     5.7218   3.421742   3.421630    301.027     0.1022     0.0963    652.144   78.83294    8.00098    35.0457    35.0465 0.0000e+00
    140.000     5.6932     5.6912   3.418865   3.418801    300.107     0.1021     0.0963    653.284   78.83294    8.00098    35.0442    35.0456 0.0000e+00
    141.000     5.6822     5.6796   3.417881   3.417755    300.537     0.1021     0.0963    654.353   78.83294    8.00098    35.0440    35.0453 0.0000e+00
    142.000     5.6640     5.6609   3.416202   3.416015    300.992     0.1021     0.0963    655.320   78.83294    8.00098    35.0433    35.0444 0.0000e+00
    143.000     5.6284     5.6262   3.412926   3.412815    301.652     0.1020     0.0964    656.259   78.83294    8.00098    35.0425    35.0434 0.0000e+00
    144.000     5.6164     5.6151   3.411887   3.411875    301.699     0.1020     0.0964    657.293   78.83294    8.00098    35.0425    35.0438 0.0000e+00
    145.000     5.6135     5.6113   3.411676   3.411604    301.345     0.1020     0.0964    658.506   78.83294    8.00098    35.0426    35.0441 0.0000e+00
    146.000     5.6105     5.6082   3.411522   3.411456    301.341     0.1019     0.0964    659.634   78.83294    8.00098    35.0434    35.0451 0.0000e+00
    147.000     5.6120     5.6093   3.411759   3.411662    301.329     0.1019     0.0965    660.573   78.83294    8.00098    35.0441    35.0458 0.0000e+00
    148.000     5.6097     5.6073   3.411685   3.411604    300.085     0.1019     0.0965    661.433   78.83294    8.00098    35.0451    35.0467 0.0000e+00
    149.000     5.6118     5.6096   3.412158   3.412110    300.233     0.1019     0.0965    662.274   78.83294    8.00098    35.0478    35.0495 0.0000e+00
    150.000     5.6117     5.6094   3.412336   3.412269    301.125     0.1019     0.0966    663.255   78.83294    8.00098    35.0495    35.0510 0.0000e+00
    151.000     5.6037     5.6012   3.411704   3.411613    301.021     0.1019     0.0966    664.595   78.83294    8.00098    35.0500    35.0516 0.0000e+00
    152.000     5.5987     5.5961   3.411317   3.411201    301.334     0.1019     0.0966    665.902   78.83294    8.00098    35.0503    35.0516 0.0000e+00
    153.000     5.5799     5.5775   3.409587   3.409510    302.236     0.1019     0.0967    666.931   78.83294    8.00100    35.0496    35.0512 0.0000e+00
    154.000     5.5724     5.5705   3.408868   3.408836    302.204     0.1019     0.0967    667.827   78.83294    8.00100    35.0487    35.0503 0.0000e+00
    155.000     5.5408     5.5390   3.405913   3.405865    301.582     0.1019     0.0967    668.675   78.83294    8.00100    35.0473    35.0486 0.0000e+00
    156.000     5.5213     5.5190   3.404081   3.403988    301.296     0.1019     0.0968    669.560   78.83294    8.00100    35.0461    35.0475 0.0000e+00
    157.000     5.5075     5.5056   3.402808   3.402755    300.756     0.1018     0.0968    670.659   78.83294    8.00100    35.0454    35.0468 0.0000e+00
    158.000     5.4967     5.4945   3.401836   3.401772    300.085     0.1018     0.0968    671.821   78.83294    8.00100    35.0450    35.0466 0.0000e+00
    159.000     5.4923     5.4904   3.401494   3.401436    299.851     0.1018     0.0968    672.834   78.83294    8.00100    35.0452    35.0465 0.0000e+00
    160.000     5.4807     5.4778   3.400478   3.400355    300.392     0.1018     0.0969    673.812   78.83294    8.00100    35.0452    35.0467 0.0000e+00
    161.000     5.4623     5.4608   3.398854   3.398832    299.739     0.1018     0.0969    674.856   78.83294    8.00100    35.0453    35.0465 0.0000e+00
    162.000     5.4446     5.4425   3.397484   3.397443    299.494     0.1018     0.0969    675.947   78.83294    8.00100    35.0475    35.0492 0.0000e+00
    163.000     5.4459     5.4434   3.397924   3.397849    300.117     0.1018     0.0969    676.990   78.83294    8.00100    35.0506    35.0523 0.0000e+00
    164.000     5.4349     5.4320   3.397023   3.396891    300.024     0.1018     0.0970    677.946   78.83294    8.00100    35.0513    35.0527 0.0000e+00
    165.000     5.4242     5.4227   3.396142   3.396149    300.985     0.1018     0.0970    678.896   78.83294    8.00100    35.0518    35.0535 0.0000e+00
    166.000     5.4231     5.4208   3.396095   3.396025    302.339     0.1018     0.0970    679.991   78.83294    8.00100    35.0519    35.0535 0.0000e+00
    167.000     5.4072     5.4048   3.394618   3.394518    303.057     0.1018     0.0970    681.236   78.83294    8.00100    35.0511    35.0524 0.0000e+00
    168.000     5.3880     5.3861   3.392909   3.392866    302.344     0.1018     0.0970    682.366   78.83294    8.00100    35.0509    35.0524 0.0000e+00
    169.000     5.3715     5.3691   3.391389   3.391314    301.410     0.1018     0.0970    683.363   78.83294    8.00100    35.0503    35.0519 0.0000e+00
    170.000     5.3625     5.3600   3.390669   3.390565    301.290     0.1018     0.0970    684.311   78.83294    8.00100    35.0508    35.0523 0.0000e+00
    171.000     5.3402     5.3377   3.388581   3.388440    301.840     0.1019     0.0970    685.249   78.83294    8.00100    35.0496    35.0506 0.0000e+00
    172.000     5.3292     5.3272   3.387587   3.387519    302.358     0.1019     0.0970    686.242   78.83294    8.00100    35.0493    35.0506 0.0000e+00
    173.000     5.3290     5.3267   3.387707   3.387624    303.019     0.1019     0.0970    687.385   78.83294    8.00100    35.0503    35.0518 0.0000e+00
    174.000     5.3250     5.3226   3.387448   3.387351    304.162     0.1019     0.0970    688.588   78.83294    8.00100    35.0509    35.0523 0.0000e+00
    175.000     5.3219     5.3198   3.387315   3.387266    304.756     0.1020     0.0970    689.698   78.83294    8.00100    35.0522    35.0538 0.0000e+00
    176.000     5.3155     5.3126   3.386861   3.386714    304.862     0.1020     0.0970    690.767   78.83294    8.00100    35.0531    35.0544 0.0000e+00
    177.000     5.2998     5.2969   3.385366   3.385213    303.533     0.1020     0.0970    691.893   78.83294    8.00100    35.0518    35.0531 0.0000e+00
    178.000     5.2792     5.2766   3.383417   3.383303    303.254     0.1021     0.0970    692.963   78.83294    8.00100    35.0504    35.0518 0.0000e+00
    179.000     5.2722     5.2700   3.382759   3.382689    303.334     0.1021     0.0970    693.941   78.83294    8.00100    35.0497    35.0511 0.0000e+00
    180.000     5.2610     5.2596   3.381719   3.381721    303.053     0.1021     0.0970    695.013   78.83294    8.00100    35.0489    35.0503 0.0000e+00
    181.000     5.2463     5.2429   3.380329   3.380120    304.120     0.1021     0.0970    696.234   78.83294    8.00100    35.0477    35.0489 0.0000e+00
    182.000     5.2277     5.2249   3.378573   3.378447    304.051     0.1022     0.0970    697.417   78.83294    8.00100    35.0465    35.0479 0.0000e+00
    183.000     5.2178     5.2152   3.377669   3.377557    304.647     0.1022     0.0970    698.505   78.83294    8.00100    35.0458    35.0473 0.0000e+00
    184.000     5.2096     5.2077   3.376940   3.376900    305.651     0.1022     0.0970    699.514   78.83294    8.00100    35.0455    35.0471 0.0000e+00
    185.000     5.2072     5.2046   3.376752   3.376649    304.277     0.1022     0.0971    700.483   78.83294    8.00100    35.0454    35.0469 0.0000e+00
    186.000     5.2008     5.1982   3.376206   3.376086    303.976     0.1023     0.0971    701.445   78.83294    8.00100    35.0452    35.0466 0.0000e+00
    187.000     5.1937     5.1910   3.375576   3.375449    303.936     0.1023     0.0971    702.462   78.83294    8.00100    35.0448    35.0463 0.0000e+00
    188.000     5.1885     5.1865   3.375129   3.375085    303.707     0.1023     0.0971    703.593   78.83294    8.00100    35.0447    35.0463 0.0000e+00
    189.000     5.1884     5.1861   3.375170   3.375106    301.988     0.1024     0.0971    704.772   78.83294    8.00100    35.0447    35.0463 0.0000e+00
    190.000     5.1846     5.1824   3.374879   3.374822    303.632     0.1024     0.0971    705.891   78.83294    8.00100    35.0448    35.0464 0.0000e+00
    191.000     5.1676     5.1647   3.373346   3.373207    304.847     0.1025     0.0971    706.911   78.83294    8.00100    35.0444    35.0458 0.0000e+00
    192.000     5.1426     5.1404   3.371078   3.371004    304.780     0.1025     0.0972    707.877   78.83292    8.00100    35.0439    35.0454 0.0000e+00
    193.000     5.1221     5.1190   3.369252   3.369081    304.761     0.1026     0.0972    708.816   78.83292    8.00100    35.0438    35.0450 0.0000e+00
    194.000     5.1039     5.1017   3.367645   3.367558    304.135     0.1027     0.0972    709.775   78.83292    8.00100    35.0438    35.0451 0.0000e+00
    195.000     5.0897     5.0884   3.366437   3.366428    304.287     0.1027     0.0972    710.807   78.83292    8.00100    35.0441    35.0455 0.0000e+00
    196.000     5.0822     5.0800   3.365797   3.365737    304.562     0.1028     0.0972    711.920   78.83292    8.00100    35.0441    35.0457 0.0000e+00
    197.000     5.0742     5.0727   3.365165   3.365146    304.801     0.1028     0.0972    713.090   78.83292    8.00100    35.0447    35.0461 0.0000e+00
    198.000     5.0695     5.0674   3.364824   3.364769    305.742     0.1029     0.0973    714.247   78.83292    8.00100    35.0451    35.0467 0.0000e+00
    199.000     5.0675     5.0654   3.364732   3.364670    304.707     0.1030     0.0973    715.335   78.83292    8.00100    35.0456    35.0471 0.0000e+00
    200.000     5.0647     5.0628   3.364559   3.364509    304.264     0.1030     0.0973    716.341   78.83292    8.00100    35.0460    35.0475 0.0000e+00
    201.000     5.0595     5.0571   3.364150   3.364056    304.628     0.1031     0.0973    717.284   78.83292    8.00100    35.0462    35.0477 0.0000e+00
    202.000     5.0490     5.0466   3.363244   3.363162    305.117     0.1032     0.0973    718.210   78.83292    8.00100    35.0463    35.0478 0.0000e+00
    203.000     5.0332     5.0309   3.361869   3.361780    305.383     0.1032     0.0974    719.200   78.83292    8.00100    35.0464    35.0479 0.0000e+00
    204.000     5.0191     5.0167   3.360606   3.360524    305.259     0.1033     0.0974    720.303   78.83292    8.00100    35.0461    35.0476 0.0000e+00
    205.000     5.0057     5.0032   3.359417   3.359326    305.451     0.1033     0.0974    721.408   78.83292    8.00100    35.0458    35.0475 0.0000e+00
    206.000     4.9950     4.9927   3.358499   3.358423    305.208     0.1034     0.0974    722.420   78.83292    8.00100    35.0459    35.0475 0.0000e+00
