test_project/cnv_files/022_bin.cnv
* Sea-Bird SBE 9 Data File:
* FileName = C:\Documents and Settings\ctd\Desktop\FS2022\data\022.hex
* Software Version Seasave V 7.21b
* Temperature SN = 2400
* Conductivity SN = 3447
* Number of Bytes Per Scan = 48
* Number of Voltage Words = 5
* Number of Scans Averaged by the Deck Unit = 1
* NMEA Latitude = 78 49.97 N
* NMEA Longitude = 008 00.00 E
* NMEA UTC (Time) = Sep 18 2022  05:09:11
* NMEA baud rate = 4800
** Cruise: FS 2022
** Ship: Silver Arctic
** Station (File Number):  022
** Latitude:
** Longitude:
** Echodepth (m):
** Seastate:
# nquan = 14
# nvalues = 1013                        
# units = specified
# name 0 = prDM: Pressure, Digiquartz [db]
# name 1 = t090C: Temperature [ITS-90, deg C]
# name 2 = t190C: Temperature, 2 [ITS-90, deg C]
# name 3 = c0S/m: Conductivity [S/m]
# name 4 = c1S/m: Conductivity, 2 [S/m]
# name 5 = sbox0Mm/Kg: Oxygen, SBE 43 [umol/kg]
# name 6 = wetCDOM: Fluorescence, WET Labs CDOM [mg/m^3]
# name 7 = wetCDOM1: Fluorescence, WET Labs CDOM, 2 [mg/m^3]
# name 8 = timeS: Time, Elapsed [seconds]
# name 9 = latitude: Latitude [deg]
# name 10 = longitude: Longitude [deg]
# name 11 = sal00: Salinity, Practical [PSU]
# name 12 = sal11: Salinity, Practical, 2 [PSU]
# name 13 = flag: flag
# span 0 =      1.000,   1013.000       
# span 1 =    -0.7520,     6.9287       
# span 2 =    -0.7535,     6.9272       
# span 3 =   2.876604,   3.514184       
# span 4 =   2.876584,   3.514152       
# span 5 =    290.074,    328.051       
# span 6 =     0.1018,     0.1252       
# span 7 =     0.0963,     0.1065       
# span 8 =    478.863,   1603.908       
# span 9 =   78.83276,   78.83296       
# span 10 =    8.00052,    8.00112      
# span 11 =    34.6668,    35.0574      
# span 12 =    34.6683,    35.0590      
# span 13 = 0.0000e+00, 0.0000e+00      
# interval = decibars: 1                
# start_time = Sep 18 2022 05:09:11 [NMEA time, first data scan]
# bad_flag = -9.990e-29
*END*
[from data line 413]
    414.000     3.4513     3.4498   3.225821   3.225811    314.363     0.1065     0.0975    947.224   78.83288    8.00098    35.0076    35.0090 0.0000e+00
    415.000     3.4494     3.4474   3.225697   3.225635    314.713     0.1065     0.0975    948.451   78.83288    8.00097    35.0076    35.0090 0.0000e+00
    416.000     3.4497     3.4478   3.225762   3.225734    314.258     0.1066     0.0975    949.527   78.83288    8.00096    35.0075    35.0092 0.0000e+00
    417.000     3.4463     3.4448   3.225532   3.225528    314.180     0.1066     0.0975    950.497   78.83288    8.00096    35.0079    35.0094 0.0000e+00
    418.000     3.4398     3.4384   3.224974   3.224973    314.605     0.1066     0.0975    951.447   78.83288    8.00096    35.0076    35.0090 0.0000e+00
    419.000     3.4353     3.4333   3.224596   3.224536    314.688     0.1067     0.0975    952.501   78.83288    8.00095    35.0073    35.0087 0.0000e+00
    420.000     3.4331     3.4313   3.224452   3.224427    314.522     0.1067     0.0975    953.812   78.83288    8.00092    35.0074    35.0090 0.0000e+00
    421.000     3.4339     3.4314   3.224588   3.224500    314.104     0.1067     0.0976    955.139   78.83288    8.00092    35.0076    35.0092 0.0000e+00
    422.000     3.4261     3.4240   3.223929   3.223863    314.595     0.1067     0.0976    956.202   78.83288    8.00090    35.0075    35.0090 0.0000e+00
    423.000     3.4224     3.4206   3.223625   3.223593    314.880     0.1067     0.0975    957.159   78.83288    8.00090    35.0073    35.0088 0.0000e+00
    424.000     3.4223     3.4204   3.223658   3.223624    314.778     0.1067     0.0975    958.122   78.83288    8.00090    35.0072    35.0089 0.0000e+00
    425.000     3.4219     3.4201   3.223667   3.223639    314.779     0.1067     0.0975    959.203   78.83288    8.00090    35.0073    35.0088 0.0000e+00
    426.000     3.4222     3.4202   3.223743   3.223679    314.538     0.1067     0.0975    960.418   78.83288    8.00090    35.0073    35.0087 0.0000e+00
    427.000     3.4246     3.4226   3.224057   3.224010    314.629     0.1067     0.0975    961.656   78.83288    8.00090    35.0079    35.0095 0.0000e+00
    428.000     3.4288     3.4266   3.224577   3.224517    314.712     0.1067     0.0975    962.766   78.83288    8.00090    35.0091    35.0108 0.0000e+00
    429.000     3.4272     3.4252   3.224494   3.224442    314.838     0.1067     0.0975    963.769   78.83288    8.00090    35.0093    35.0109 0.0000e+00
    430.000     3.4088     3.4065   3.222815   3.222678    314.990     0.1067     0.0975    964.767   78.83288    8.00090    35.0083    35.0092 0.0000e+00
    431.000     3.3846     3.3828   3.220522   3.220482    315.259     0.1067     0.0975    965.819   78.83288    8.00090    35.0062    35.0077 0.0000e+00
    432.000     3.3788     3.3766   3.219996   3.219925    315.603     0.1066     0.0975    966.949   78.83288    8.00090    35.0055    35.0070 0.0000e+00
    433.000     3.3764     3.3742   3.219837   3.219778    315.618     0.1066     0.0975    968.171   78.83288    8.00088    35.0056    35.0072 0.0000e+00
    434.000     3.3772     3.3752   3.220061   3.220022    314.538     0.1066     0.0975    969.352   78.83288    8.00088    35.0069    35.0086 0.0000e+00
    435.000     3.3747     3.3725   3.219939   3.219870    314.591     0.1066     0.0975    970.404   78.83288    8.00088    35.0076    35.0091 0.0000e+00
    436.000     3.3729     3.3711   3.219820   3.219788    315.055     0.1066     0.0975    971.396   78.83288    8.00087    35.0076    35.0092 0.0000e+00
    437.000     3.3682     3.3658   3.219449   3.219353    315.130     0.1066     0.0975    972.433   78.83288    8.00086    35.0076    35.0090 0.0000e+00
    438.000     3.3457     3.3433   3.217361   3.217265    315.434     0.1066     0.0975    973.602   78.83288    8.00086    35.0061    35.0075 0.0000e+00
    439.000     3.2868     3.2829   3.211706   3.211389    316.654     0.1066     0.0975    974.834   78.83288    8.00086    35.0006    35.0010 0.0000e+00
    440.000     3.2003     3.1987   3.203417   3.203366    316.737     0.1066     0.0975    975.964   78.83288    8.00086    34.9929    34.9940 0.0000e+00
    441.000     3.1606     3.1594   3.199654   3.199597    315.788     0.1066     0.0975    976.964   78.83288    8.00086    34.9895    34.9902 0.0000e+00
    442.000     3.1431     3.1416   3.198015   3.197971    315.403     0.1066     0.0975    977.854   78.83288    8.00086    34.9880    34.9891 0.0000e+00
    443.000     3.1327     3.1307   3.197097   3.196979    314.852     0.1066     0.0975    978.672   78.83288    8.00086    34.9875    34.9883 0.0000e+00
    444.000     3.1377     3.1359   3.197621   3.197553    314.790     0.1066     0.0975    979.473   78.83288    8.00086    34.9879    34.9890 0.0000e+00
    445.000     3.1382     3.1342   3.197717   3.197455    315.407     0.1066     0.0975    980.305   78.83288    8.00086    34.9880    34.9892 0.0000e+00
    446.000     3.1362     3.1353   3.197579   3.197611    315.121     0.1066     0.0976    981.207   78.83288    8.00086    34.9880    34.9893 0.0000e+00
    447.000     3.1360     3.1342   3.197614   3.197568    314.993     0.1066     0.0976    982.177   78.83288    8.00086    34.9880    34.9895 0.0000e+00
    448.000     3.1356     3.1346   3.197626   3.197659    314.943     0.1066     0.0976    983.150   78.83288    8.00086    34.9881    34.9896 0.0000e+00
    449.000     3.1326     3.1307   3.197408   3.197350    314.936     0.1066     0.0976    984.079   78.83288    8.00086    34.9881    34.9895 0.0000e+00
    450.000     3.1333     3.1325   3.197522   3.197569    315.321     0.1066     0.0977    984.975   78.83288    8.00086    34.9882    34.9897 0.0000e+00
    451.000     3.1317     3.1297   3.197433   3.197374    315.283     0.1066     0.0977    985.851   78.83288    8.00086    34.9883    34.9898 0.0000e+00
    452.000     3.1285     3.1267   3.197176   3.197139    315.146     0.1066     0.0977    986.736   78.83288    8.00088    34.9882    34.9896 0.0000e+00
    453.000     3.1264     3.1246   3.197029   3.197005    315.004     0.1066     0.0977    987.678   78.83288    8.00088    34.9880    34.9896 0.0000e+00
    454.000     3.1275     3.1255   3.197162   3.197123    314.900     0.1066     0.0978    988.771   78.83288    8.00088    34.9879    34.9896 0.0000e+00
    455.000     3.1040     3.1040   3.195015   3.195155    314.838     0.1066     0.0978    989.902   78.83288    8.00088    34.9867    34.9884 0.0000e+00
    456.000     3.0933     3.0898   3.194052   3.193839    315.049     0.1066     0.0978    990.952   78.83288    8.00088    34.9860    34.9872 0.0000e+00
    457.000     3.0761     3.0720   3.192506   3.192229    315.030     0.1066     0.0979    991.982   78.83288    8.00090    34.9852    34.9863 0.0000e+00
    458.000     3.0557     3.0606   3.190676   3.191218    315.654     0.1066     0.0979    993.017   78.83288    8.00090    34.9845    34.9858 0.0000e+00
    459.000     3.0379     3.0386   3.189059   3.189214    315.869     0.1066     0.0979    994.023   78.83288    8.00090    34.9835    34.9846 0.0000e+00
    460.000     3.0371     3.0363   3.189009   3.189065    315.766     0.1066     0.0979    994.967   78.83288    8.00090    34.9832    34.9847 0.0000e+00
    461.000     3.0355     3.0337   3.188910   3.188871    315.555     0.1067     0.0980    995.911   78.83288    8.00090    34.9831    34.9846 0.0000e+00
    462.000     3.0346     3.0326   3.188874   3.188822    315.440     0.1067     0.0980    996.947   78.83288    8.00090    34.9832    34.9846 0.0000e+00
    463.000     3.0342     3.0323   3.188879   3.188838    315.378     0.1067     0.0980    998.031   78.83288    8.00090    34.9831    34.9847 0.0000e+00
    464.000     3.0345     3.0326   3.188968   3.188916    315.762     0.1067     0.0980    999.055   78.83288    8.00090    34.9832    34.9847 0.0000e+00
    465.000     3.0355     3.0335   3.189111   3.189051    315.848     0.1067     0.0980   1000.097   78.83288    8.00090    34.9834    34.9849 0.0000e+00
    466.000     3.0370     3.0354   3.189298   3.189273    316.068     0.1067     0.0981   1001.209   78.83288    8.00090    34.9835    34.9850 0.0000e+00
    467.000     3.0376     3.0357   3.189397   3.189362    316.014     0.1067     0.0981   1002.294   78.83288    8.00090    34.9835    34.9852 0.0000e+00
    468.000     3.0373     3.0354   3.189434   3.189375    315.333     0.1067     0.0981   1003.310   78.83288    8.00090    34.9837    34.9851 0.0000e+00
    469.000     3.0377     3.0356   3.189521   3.189453    315.222     0.1066     0.0982   1004.287   78.83288    8.00090    34.9838    34.9853 0.0000e+00
    470.000     3.0385     3.0365   3.189640   3.189580    315.780     0.1066     0.0982   1005.270   78.83288    8.00089    34.9838    34.9853 0.0000e+00
    471.000     3.0389     3.0369   3.189732   3.189678    315.831     0.1066     0.0982   1006.271   78.83288    8.00088    34.9840    34.9855 0.0000e+00
    472.000     3.0386     3.0367   3.189767   3.189714    315.808     0.1066     0.0982   1007.267   78.83288    8.00087    34.9842    34.9856 0.0000e+00
    473.000     3.0388     3.0369   3.189823   3.189782    315.832     0.1066     0.0983   1008.295   78.83288    8.00086    34.9841    34.9856 0.0000e+00
    474.000     3.0382     3.0363   3.189812   3.189771    315.521     0.1066     0.0983   1009.421   78.83288    8.00086    34.9841    34.9856 0.0000e+00
    475.000     3.0373     3.0356   3.189793   3.189755    315.379     0.1066     0.0983   1010.566   78.83288    8.00086    34.9842    34.9857 0.0000e+00
    476.000     3.0370     3.0351   3.189799   3.189767    315.740     0.1066     0.0983   1011.602   78.83288    8.00086    34.9841    34.9858 0.0000e+00
    477.000     3.0375     3.0359   3.189900   3.189879    315.864     0.1066     0.0984   1012.541   78.83288    8.00087    34.9843    34.9857 0.0000e+00
    478.000     3.0369     3.0350   3.189887   3.189850    315.453     0.1065     0.0984   1013.462   78.83288    8.00088    34.9843    34.9858 0.0000e+00
    479.000     3.0377     3.0353   3.190015   3.189939    315.421     0.1065     0.0984   1014.453   78.83288    8.00088    34.9844    34.9860 0.0000e+00
    480.000     3.0379     3.0360   3.190101   3.190066    315.275     0.1065     0.0984   1015.540   78.83288    8.00087    34.9846    34.9863 0.0000e+00
    481.000     3.0375     3.0351   3.190107   3.190023    315.705     0.1065     0.0984   1016.638   78.83288    8.00086    34.9846    34.9861 0.0000e+00
    482.000     3.0365     3.0342   3.190071   3.189996    315.885     0.1064     0.0984   1017.684   78.83288    8.00086    34.9847    34.9863 0.0000e+00
    483.000     3.0355     3.0331   3.190025   3.189948    315.923     0.1064     0.0985   1018.702   78.83288    8.00088    34.9847    34.9863 0.0000e+00
    484.000     3.0351     3.0327   3.190042   3.189956    315.802     0.1064     0.0985   1019.696   78.83288    8.00088    34.9848    34.9864 0.0000e+00
    485.000     3.0366     3.0350   3.190239   3.190245    315.851     0.1064     0.0985   1020.693   78.83288    8.00088    34.9850    34.9868 0.0000e+00
    486.000     3.0404     3.0385   3.190677   3.190644    315.969     0.1063     0.0985   1021.732   78.83288    8.00088    34.9856    34.9873 0.0000e+00
    487.000     3.0412     3.0383   3.190808   3.190671    315.928     0.1063     0.0985   1022.825   78.83288    8.00088    34.9859    34.9873 0.0000e+00
    488.000     3.0451     3.0439   3.191249   3.191300    315.791     0.1063     0.0985   1023.886   78.83288    8.00088    34.9864    34.9884 0.0000e+00
    489.000     3.0614     3.0596   3.193024   3.193035    316.184     0.1063     0.0985   1024.851   78.83288    8.00090    34.9898    34.9920 0.0000e+00
    490.000     3.0710     3.0687   3.194286   3.194223    316.572     0.1062     0.0985   1025.768   78.83288    8.00090    34.9944    34.9960 0.0000e+00
    491.000     3.0758     3.0738   3.194970   3.194945    315.928     0.1062     0.0985   1026.720   78.83288    8.00090    34.9970    34.9987 0.0000e+00
    492.000     3.0752     3.0734   3.195159   3.195127    315.760     0.1062     0.0985   1027.827   78.83288    8.00090    34.9993    35.0008 0.0000e+00
    493.000     3.0742     3.0722   3.195130   3.195090    317.136     0.1061     0.0984   1029.052   78.83288    8.00090    34.9995    35.0011 0.0000e+00
    494.000     3.0729     3.0709   3.195129   3.195089    318.168     0.1061     0.0984   1030.174   78.83288    8.00092    35.0004    35.0020 0.0000e+00
    495.000     3.0716     3.0690   3.195101   3.194999    317.716     0.1061     0.0984   1031.145   78.83288    8.00092    35.0009    35.0025 0.0000e+00
    496.000     3.0687     3.0660   3.194913   3.194810    317.295     0.1061     0.0984   1032.042   78.83288    8.00092    35.0011    35.0028 0.0000e+00
    497.000     3.0623     3.0605   3.194443   3.194409    317.523     0.1060     0.0984   1032.927   78.83288    8.00094    35.0018    35.0034 0.0000e+00
    498.000     3.0613     3.0594   3.194404   3.194360    317.572     0.1060     0.0984   1033.869   78.83288    8.00094    35.0019    35.0033 0.0000e+00
    499.000     3.0609     3.0590   3.194465   3.194422    318.401     0.1060     0.0984   1034.916   78.83290    8.00094    35.0025    35.0040 0.0000e+00
    500.000     3.0614     3.0595   3.194618   3.194594    318.820     0.1060     0.0983   1036.090   78.83290    8.00094    35.0033    35.0050 0.0000e+00
    501.000     3.0631     3.0612   3.194888   3.194863    318.943     0.1060     0.0983   1037.255   78.83290    8.00093    35.0042    35.0059 0.0000e+00
    502.000     3.0684     3.0666   3.195494   3.195488    318.810     0.1060     0.0983   1038.290   78.83290    8.00092    35.0053    35.0071 0.0000e+00
    503.000     3.0658     3.0640   3.195334   3.195298    318.660     0.1059     0.0983   1039.243   78.83290    8.00092    35.0056    35.0072 0.0000e+00
    504.000     3.0350     3.0317   3.192400   3.192143    319.120     0.1059     0.0983   1040.164   78.83290    8.00092    35.0026    35.0031 0.0000e+00
    505.000     3.0030     2.9997   3.189339   3.189147    320.089     0.1059     0.0983   1041.135   78.83290    8.00092    34.9994    35.0007 0.0000e+00
    506.000     3.0018     2.9980   3.189234   3.189007    319.677     0.1059     0.0982   1042.186   78.83290    8.00092    34.9989    35.0002 0.0000e+00
    507.000     2.9899     2.9887   3.188109   3.188146    319.407     0.1059     0.0982   1043.243   78.83290    8.00092    34.9975    34.9993 0.0000e+00
    508.000     2.9837     2.9827   3.187538   3.187578    318.939     0.1059     0.0982   1044.273   78.83290    8.00092    34.9967    34.9983 0.0000e+00
    509.000     2.9722     2.9684   3.186450   3.186214    318.391     0.1058     0.0982   1045.301   78.83290    8.00092    34.9954    34.9966 0.0000e+00
    510.000     2.9647     2.9640   3.185761   3.185842    318.364     0.1058     0.0982   1046.363   78.83290    8.00092    34.9945    34.9963 0.0000e+00
    511.000     2.9615     2.9595   3.185492   3.185440    318.236     0.1058     0.0982   1047.442   78.83290    8.00092    34.9942    34.9957 0.0000e+00
    512.000     2.9586     2.9571   3.185259   3.185257    318.396     0.1058     0.0981   1048.463   78.83290    8.00092    34.9939    34.9955 0.0000e+00
    513.000     2.9599     2.9585   3.185426   3.185434    318.367     0.1058     0.0981   1049.410   78.83290    8.00092    34.9939    34.9956 0.0000e+00
    514.000     2.9606     2.9594   3.185544   3.185562    318.101     0.1058     0.0981   1050.325   78.83290    8.00092    34.9941    34.9957 0.0000e+00
    515.000     2.9513     2.9511   3.184685   3.184816    318.084     0.1058     0.0981   1051.296   78.83290    8.00092    34.9932    34.9950 0.0000e+00
    516.000     2.9501     2.9482   3.184611   3.184567    318.264     0.1058     0.0981   1052.442   78.83290    8.00093    34.9930    34.9945 0.0000e+00
