test_project/cnv_files/Sta0203_bin.cnv
* Sea-Bird SBE 9 Data File:
* FileName = C:\Seabird\CTDDATA\Sta0203.hex
* Software Version Seasave V 7.26.7.107
* Temperature SN = 03-4535
* Conductivity SN = 2860
* Number of Bytes Per Scan = 44
* Number of Voltage Words = 5
* Number of Scans Averaged by the Deck Unit = 1
* NMEA Latitude = 78 48.75 N
* NMEA Longitude = 006 00.06 W
* NMEA UTC (Time) = Sep 03 2019 23:33:17
* NMEA baud rate = 9600
** Ship: "Kronprins Haakon"
** Station: 0203
** Echodepth: 335
** Log: 5800.641
** Wind-Dir Force(m/s): 01 29
** Air-temp (dry): -2.5
** Weather Sky: 2 6
** Sea Ice: 3 2
# nquan = 17
# nvalues = 325                         
# units = specified
# name 0 = prDM: Pressure, Digiquartz [db]
# name 1 = t090C: Temperature [ITS-90, deg C]
# name 2 = t190C: Temperature, 2 [ITS-90, deg C]
# name 3 = c0S/m: Conductivity [S/m]
# name 4 = c1S/m: Conductivity, 2 [S/m]
# name 5 = sbox0Mm/Kg: Oxygen, SBE 43 [umol/kg]
# name 6 = sbox1Mm/Kg: Oxygen, SBE 43, 2 [umol/kg]
# name 7 = wetCDOM: Fluorescence, WET Labs CDOM [mg/m^3]
# name 8 = flECO-AFL: Fluorescence, WET Labs ECO-AFL/FL [mg/m^3]
# name 9 = CStarAt0: Beam Attenuation, WET Labs C-Star [1/m]
# name 10 = timeS: Time, Elapsed [seconds]
# name 11 = latitude: Latitude [deg]
# name 12 = longitude: Longitude [deg]
# name 13 = upoly0: Upoly 0, ISUS
# name 14 = sal00: Salinity, Practical [PSU]
# name 15 = sal11: Salinity, Practical, 2 [PSU]
# name 16 = flag: flag
# span 0 =      2.000,    326.000       
# span 1 =    -1.7037,     1.5448       
# span 2 =    -1.7033,     1.5452       
# span 3 =   2.400592,   3.038291       
# span 4 =   2.398916,   3.038192       
# span 5 =    308.830,    435.738       
# span 6 =    303.947,    418.654       
# span 7 =     0.1166,     0.1750       
# span 8 =    -0.0002,     0.6359       
# span 9 =     0.1329,     0.2803       
# span 10 =    115.869,    466.383      
# span 11 =   78.81256,   78.81258      
# span 12 =   -6.00122,   -6.00107      
# span 13 =  6.6152756,  19.600260      
# span 14 =    29.5573,    34.8753      
# span 15 =    29.5386,    34.8742      
# span 16 = 0.0000e+00, 0.0000e+00      
# interval = decibars: 1                
# start_time = Sep 03 2019 23:33:17 [NMEA time, header]
# bad_flag = -9.990e-29
*END*
      2.000    -1.2179    -1.2218   2.400592   2.398916    397.960    394.586     0.1444     0.3741     0.2661    115.869   78.81258   -6.00110  6.6152756    29.5573    29.5386 0.0000e+00
      3.000    -1.1333    -1.1343   2.427287   2.427445    398.787    391.886     0.1391     0.3580     0.2660    118.058   78.81256   -6.00109  7.3310577    29.8326    29.8359 0.0000e+00
      4.000    -1.1503    -1.1538   2.420803   2.419654    401.112    393.445     0.1356     0.3985     0.2667    119.964   78.81256   -6.00108  6.8942877    29.7618    29.7498 0.0000e+00
      5.000    -1.1764    -1.1786   2.412332   2.411899    400.712    395.758     0.1331     0.3872     0.2654    121.778   78.81257   -6.00108  6.8793786    29.6730    29.6692 0.0000e+00
      6.000    -1.1780    -1.1661   2.411706   2.414970    400.667    396.020     0.1323     0.3844     0.2650    123.185   78.81258   -6.00108  6.9366769    29.6655    29.6977 0.0000e+00
      7.000    -1.1313    -1.1418   2.425224   2.422197    400.680    395.609     0.1342     0.4176     0.2664    124.375   78.81258   -6.00108  7.2760256    29.8007    29.7704 0.0000e+00
      8.000    -1.1163    -1.1246   2.431056   2.428394    402.153    395.778     0.1338     0.4216     0.2670    125.477   78.81258   -6.00108  6.6172269    29.8638    29.8362 0.0000e+00
      9.000    -1.1032    -1.0977   2.437192   2.439060    402.402    395.570     0.1340     0.4335     0.2672    126.564   78.81258   -6.00108  7.2187237    29.9328    29.9524 0.0000e+00
     10.000    -1.0891    -1.1063   2.441326   2.434523    402.309    396.942     0.1347     0.4324     0.2700    127.728   78.81257   -6.00108  6.9435289    29.9739    29.8995 0.0000e+00
     11.000    -1.0150    -1.0447   2.467423   2.458893    401.645    396.604     0.1356     0.4617     0.2708    129.054   78.81256   -6.00108  7.1260654    30.2500    30.1653 0.0000e+00
     12.000    -1.0036    -0.9775   2.465708   2.474352    405.728    398.026     0.1367     0.4672     0.2712    130.537   78.81256   -6.00108  7.0698426    30.2149    30.3048 0.0000e+00
     13.000    -0.9853    -0.9986   2.470773   2.467015    405.704    400.120     0.1379     0.4827     0.2713    131.992   78.81256   -6.00108  7.2161127    30.2641    30.2270 0.0000e+00
     14.000    -0.8272    -0.8288   2.516023   2.516590    405.584    400.295     0.1391     0.6164     0.2785    134.655   78.81258   -6.00108  7.0772298    30.7103    30.7196 0.0000e+00
     15.000    -0.7378    -0.7357   2.542022   2.541909    405.571    401.424     0.1403     0.6271     0.2800    136.001   78.81258   -6.00108  7.0295613    30.9667    30.9631 0.0000e+00
     16.000    -0.7352    -0.7355   2.543357   2.542915    408.925    404.053     0.1417     0.6359     0.2803    137.042   78.81258   -6.00108  6.9888459    30.9813    30.9758 0.0000e+00
     17.000    -0.6426    -0.6532   2.566835   2.563999    407.366    404.719     0.1431     0.5691     0.2793    138.042   78.81258   -6.00108  7.1591516    31.1993    31.1723 0.0000e+00
     18.000    -0.6402    -0.6358   2.588020   2.586849    409.850    408.104     0.1444     0.4965     0.2783    139.187   78.81258   -6.00108  7.2806031    31.4794    31.4592 0.0000e+00
     19.000    -0.6524    -0.6498   2.589655   2.589604    413.250    410.356     0.1457     0.3920     0.2761    140.442   78.81256   -6.00108  7.5031706    31.5133    31.5099 0.0000e+00
     20.000    -0.6559    -0.6553   2.589655   2.589584    414.123    411.580     0.1468     0.3588     0.2682    141.696   78.81256   -6.00108  7.0856642    31.5165    31.5149 0.0000e+00
     21.000    -0.6723    -0.6674   2.590623   2.590372    417.120    413.676     0.1478     0.3449     0.2629    142.860   78.81257   -6.00108  7.0176020    31.5460    31.5375 0.0000e+00
     22.000    -0.7467    -0.7419   2.594473   2.594333    419.350    414.939     0.1487     0.3172     0.2553    143.930   78.81258   -6.00108  6.7940663    31.6749    31.6680 0.0000e+00
     23.000    -0.7688    -0.7671   2.594433   2.594429    418.628    414.017     0.1495     0.2666     0.2438    144.919   78.81258   -6.00108  6.7207837    31.6969    31.6951 0.0000e+00
     24.000    -0.8048    -0.8002   2.592757   2.592815    419.018    413.351     0.1500     0.2655     0.2338    145.846   78.81258   -6.00108  7.1226857    31.7117    31.7077 0.0000e+00
     25.000    -0.8446    -0.8422   2.591050   2.591043    421.629    413.690     0.1504     0.3672     0.2221    146.754   78.81258   -6.00108  7.5067661    31.7301    31.7274 0.0000e+00
     26.000    -0.8877    -0.8819   2.588786   2.588918    422.871    413.223     0.1507     0.4196     0.2116    147.673   78.81258   -6.00108  7.3810335    31.7445    31.7402 0.0000e+00
     27.000    -0.9760    -0.9694   2.583604   2.583764    422.557    412.219     0.1509     0.4306     0.2075    148.623   78.81258   -6.00108  7.7745976    31.7672    31.7624 0.0000e+00
     28.000    -1.0330    -1.0281   2.580402   2.580511    420.121    409.750     0.1512     0.4139     0.2118    149.616   78.81258   -6.00108  7.6002404    31.7836    31.7799 0.0000e+00
     29.000    -1.1044    -1.0969   2.576458   2.576669    420.428    409.764     0.1517     0.3988     0.2176    150.648   78.81258   -6.00108  7.2499456    31.8053    31.8001 0.0000e+00
     30.000    -1.1576    -1.1555   2.573788   2.573774    426.334    413.357     0.1522     0.4103     0.2254    151.697   78.81258   -6.00108  7.3333554    31.8249    31.8225 0.0000e+00
     31.000    -1.1869    -1.1850   2.572680   2.572669    432.694    417.242     0.1529     0.4220     0.2334    152.737   78.81258   -6.00108  7.5722668    31.8404    31.8383 0.0000e+00
     32.000    -1.2156    -1.2115   2.570990   2.571091    435.738    418.654     0.1536     0.3990     0.2395    153.756   78.81258   -6.00108  7.5098252    31.8474    31.8444 0.0000e+00
     33.000    -1.2647    -1.2616   2.568496   2.568507    435.696    417.161     0.1543     0.3807     0.2421    154.767   78.81258   -6.00108  7.3359911    31.8651    31.8620 0.0000e+00
     34.000    -1.2709    -1.2711   2.568982   2.568880    431.201    414.191     0.1551     0.3928     0.2455    155.781   78.81258   -6.00109  7.5339958    31.8777    31.8766 0.0000e+00
     35.000    -1.3039    -1.2999   2.568180   2.568191    428.552    412.398     0.1558     0.4010     0.2474    156.819   78.81258   -6.00110  7.7517948    31.9014    31.8973 0.0000e+00
     36.000    -1.3005    -1.3024   2.570655   2.570468    426.387    410.586     0.1565     0.4164     0.2472    157.867   78.81258   -6.00110  7.7641359    31.9310    31.9305 0.0000e+00
     37.000    -1.3323    -1.3269   2.569304   2.569479    423.971    408.894     0.1571     0.4199     0.2479    158.924   78.81258   -6.00110  7.8568958    31.9460    31.9425 0.0000e+00
     38.000    -1.3434    -1.3459   2.569023   2.568806    421.763    407.605     0.1578     0.4021     0.2482    159.970   78.81258   -6.00110  8.1799703    31.9534    31.9531 0.0000e+00
     39.000    -1.3395    -1.3355   2.570371   2.570462    417.615    405.077     0.1584     0.4052     0.2482    160.990   78.81258   -6.00110  8.4309810    31.9670    31.9640 0.0000e+00
     40.000    -1.4515    -1.4443   2.562553   2.562758    416.824    405.281     0.1591     0.3682     0.2455    161.987   78.81258   -6.00110  8.7691421    31.9795    31.9746 0.0000e+00
     41.000    -1.4725    -1.4739   2.561789   2.561666    413.716    403.223     0.1597     0.3599     0.2448    162.967   78.81258   -6.00110  9.0579740    31.9909    31.9908 0.0000e+00
     42.000    -1.4420    -1.4432   2.564874   2.564791    408.951    399.759     0.1603     0.3593     0.2432    163.943   78.81258   -6.00110  8.8539276    31.9999    32.0001 0.0000e+00
     43.000    -1.4703    -1.4629   2.563458   2.563695    411.698    399.397     0.1609     0.3348     0.2391    164.928   78.81258   -6.00110  8.8860257    32.0103    32.0056 0.0000e+00
     44.000    -1.5539    -1.5522   2.557706   2.557721    414.566    399.369     0.1615     0.3141     0.2344    165.926   78.81258   -6.00110  9.2287244    32.0206    32.0189 0.0000e+00
     45.000    -1.5765    -1.5747   2.556612   2.556631    410.284    396.949     0.1620     0.3334     0.2296    166.932   78.81258   -6.00110  9.4720012    32.0293    32.0276 0.0000e+00
     46.000    -1.5989    -1.5980   2.555620   2.555620    407.585    395.630     0.1626     0.3602     0.2254    167.944   78.81258   -6.00110  9.2232653    32.0391    32.0382 0.0000e+00
     47.000    -1.6065    -1.6058   2.555491   2.555482    409.216    395.820     0.1632     0.3595     0.2228    168.966   78.81258   -6.00110  9.2046772    32.0450    32.0441 0.0000e+00
     48.000    -1.6148    -1.6141   2.555451   2.555432    410.879    395.972     0.1637     0.3676     0.2207    169.989   78.81258   -6.00110  9.5313113    32.0528    32.0517 0.0000e+00
     49.000    -1.6211    -1.6207   2.555542   2.555526    410.751    395.541     0.1642     0.3593     0.2193    171.004   78.81258   -6.00110  9.5774305    32.0602    32.0596 0.0000e+00
     50.000    -1.6250    -1.6244   2.555566   2.555558    409.810    395.043     0.1648     0.3407     0.2175    172.009   78.81258   -6.00110  9.6037090    32.0641    32.0634 0.0000e+00
     51.000    -1.6327    -1.6321   2.555393   2.555395    408.182    394.272     0.1653     0.3392     0.2180    173.003   78.81258   -6.00110  8.6283232    32.0695    32.0688 0.0000e+00
     52.000    -1.6397    -1.6390   2.555388   2.555379    406.475    393.886     0.1658     0.3336     0.2116    174.001   78.81258   -6.00110  9.2898237    32.0764    32.0755 0.0000e+00
     53.000    -1.6478    -1.6473   2.555259   2.555247    404.567    393.251     0.1663     0.3318     0.2110    175.002   78.81258   -6.00110  9.7459192    32.0828    32.0820 0.0000e+00
     54.000    -1.6528    -1.6525   2.555382   2.555353    403.468    392.683     0.1668     0.3171     0.2095    176.004   78.81258   -6.00110  9.9625429    32.0892    32.0885 0.0000e+00
     55.000    -1.6573    -1.6565   2.555347   2.555341    402.847    392.126     0.1672     0.3056     0.2038    177.004   78.81258   -6.00110  9.6721525    32.0930    32.0921 0.0000e+00
     56.000    -1.6616    -1.6613   2.555522   2.555503    402.246    391.224     0.1677     0.2913     0.2008    178.009   78.81258   -6.00110  9.2235523    32.0995    32.0989 0.0000e+00
     57.000    -1.6654    -1.6648   2.555806   2.555793    401.367    390.418     0.1681     0.2774     0.1975    179.022   78.81258   -6.00110  9.4668333    32.1069    32.1060 0.0000e+00
     58.000    -1.6655    -1.6651   2.556238   2.556221    400.633    390.129     0.1685     0.2734     0.1945    180.030   78.81258   -6.00112  10.047359    32.1123    32.1117 0.0000e+00
     59.000    -1.6682    -1.6679   2.556488   2.556481    400.242    389.858     0.1690     0.2734     0.1927    181.030   78.81258   -6.00112  10.137644    32.1181    32.1176 0.0000e+00
     60.000    -1.6700    -1.6695   2.557162   2.557137    399.889    389.141     0.1693     0.2666     0.1901    182.024   78.81258   -6.00112  10.310379    32.1288    32.1279 0.0000e+00
     61.000    -1.6767    -1.6761   2.558615   2.558594    399.661    388.660     0.1697     0.2361     0.1870    183.023   78.81258   -6.00112  10.362038    32.1555    32.1545 0.0000e+00
     62.000    -1.6797    -1.6792   2.559203   2.559177    398.775    388.776     0.1701     0.2201     0.1867    184.027   78.81258   -6.00112  10.325646    32.1662    32.1654 0.0000e+00
     63.000    -1.6828    -1.6822   2.559773   2.559753    398.484    388.605     0.1704     0.1871     0.1861    185.029   78.81258   -6.00110  10.277308    32.1769    32.1760 0.0000e+00
     64.000    -1.6844    -1.6841   2.560889   2.560850    398.063    387.935     0.1708     0.1768     0.1846    186.031   78.81258   -6.00110  10.212082    32.1934    32.1925 0.0000e+00
     65.000    -1.6865    -1.6859   2.561901   2.561887    397.406    387.053     0.1711     0.1632     0.1824    187.037   78.81258   -6.00110  10.143171    32.2090    32.2082 0.0000e+00
     66.000    -1.6898    -1.6894   2.562893   2.562863    396.596    386.597     0.1714     0.1445     0.1829    188.051   78.81258   -6.00110  10.813450    32.2257    32.2248 0.0000e+00
     67.000    -1.6911    -1.6907   2.564010   2.563996    395.970    386.252     0.1717     0.1367     0.1808    189.070   78.81258   -6.00112  9.8989723    32.2420    32.2413 0.0000e+00
     68.000    -1.6937    -1.6933   2.564707   2.564683    395.130    386.093     0.1720     0.1254     0.1771    190.081   78.81258   -6.00112  10.313682    32.2538    32.2531 0.0000e+00
     69.000    -1.6958    -1.6953   2.565076   2.565053    395.028    385.437     0.1722     0.1181     0.1766    191.082   78.81258   -6.00112  10.211502    32.2606    32.2598 0.0000e+00
     70.000    -1.6986    -1.6982   2.565582   2.565558    395.189    385.054     0.1725     0.1144     0.1755    192.080   78.81258   -6.00112  10.171463    32.2701    32.2692 0.0000e+00
     71.000    -1.7015    -1.7010   2.566138   2.566119    395.118    384.660     0.1728     0.1111     0.1744    193.085   78.81258   -6.00112  10.308335    32.2802    32.2795 0.0000e+00
     72.000    -1.7025    -1.7022   2.566393   2.566376    394.755    384.234     0.1730     0.1072     0.1743    194.090   78.81258   -6.00112  10.325614    32.2843    32.2837 0.0000e+00
     73.000    -1.7035    -1.7032   2.567311   2.567291    394.947    384.349     0.1732     0.1020     0.1725    195.091   78.81258   -6.00112  10.310984    32.2975    32.2968 0.0000e+00
     74.000    -1.7037    -1.7033   2.568291   2.568264    394.792    384.983     0.1735     0.1024     0.1712    196.080   78.81258   -6.00112  10.308101    32.3106    32.3098 0.0000e+00
     75.000    -1.7036    -1.7032   2.569640   2.569633    394.831    385.008     0.1737     0.1005     0.1707    197.075   78.81258   -6.00112  10.757526    32.3285    32.3279 0.0000e+00
     76.000    -1.6996    -1.6994   2.571568   2.571545    394.873    384.813     0.1739     0.0911     0.1708    198.080   78.81258   -6.00112  10.419172    32.3503    32.3497 0.0000e+00
     77.000    -1.6979    -1.6975   2.573010   2.572999    394.645    384.282     0.1741     0.0840     0.1697    199.085   78.81258   -6.00112  10.372143    32.3677    32.3672 0.0000e+00
     78.000    -1.6641    -1.6673   2.577609   2.577592    393.376    383.204     0.1742     0.0829     0.1699    200.092   78.81258   -6.00112  10.404644    32.3938    32.3970 0.0000e+00
     79.000    -1.5362    -1.5352   2.590648   2.590693    391.001    381.107     0.1744     0.0831     0.1704    201.102   78.81258   -6.00112  10.432360    32.4335    32.4331 0.0000e+00
     80.000    -1.5950    -1.5935   2.588992   2.588983    393.862    382.946     0.1745     0.0999     0.1698    202.122   78.81258   -6.00112  10.670447    32.4742    32.4725 0.0000e+00
     81.000    -1.6062    -1.6055   2.591233   2.591202    391.356    381.878     0.1746     0.0816     0.1691    203.141   78.81258   -6.00112  11.099301    32.5168    32.5156 0.0000e+00
     82.000    -1.6019    -1.6020   2.595119   2.595097    383.909    378.971     0.1747     0.0568     0.1695    204.156   78.81258   -6.00112  11.285541    32.5651    32.5649 0.0000e+00
     83.000    -1.5847    -1.5850   2.598742   2.598751    380.943    377.250     0.1748     0.0530     0.1696    205.166   78.81256   -6.00112  11.100949    32.5956    32.5961 0.0000e+00
     84.000    -1.5632    -1.5630   2.605496   2.605484    381.243    375.323     0.1749     0.0553     0.1715    206.164   78.81256   -6.00112  11.713238    32.6646    32.6642 0.0000e+00
     85.000    -1.5801    -1.5777   2.606226   2.606201    382.274    374.487     0.1750     0.0568     0.1718    207.159   78.81256   -6.00112  11.768339    32.6926    32.6896 0.0000e+00
     86.000    -1.6045    -1.6044   2.607886   2.607860    381.203    373.122     0.1750     0.0476     0.1715    208.154   78.81256   -6.00112  11.548147    32.7417    32.7413 0.0000e+00
