test_project/cnv_files/sta0252_bin.cnv
* Sea-Bird SBE 9 Data File:
* FileName = C:\Seabird\CTDDATA\Sta0252.hex
* Software Version Seasave V 7.26.7.107
* Temperature SN = 03-4535
* Conductivity SN = 2860
* Number of Bytes Per Scan = 44
* Number of Voltage Words = 5
* Number of Scans Averaged by the Deck Unit = 1
* NMEA Latitude = 78 49.96 N
* NMEA Longitude = 009 30.24 E
* NMEA UTC (Time) = Sep 15 2019 03:26:57
* NMEA baud rate = 9600
** Ship: "Kronprins Haakon"
** Station: 0252
** Echodepth: 167
** Log: 6539.12
** Wind-Dir Force(m/s): 10 13
** Air-temp (dry): 6.7
** Weather Sky: 1 4
** Sea Ice: 2 0
# nquan = 16
# nvalues = 158                         
# units = specified
# name 0 = prDM: Pressure, Digiquartz [db]
# name 1 = t090C: Temperature [ITS-90, deg C]
# name 2 = t190C: Temperature, 2 [ITS-90, deg C]
# name 3 = c0S/m: Conductivity [S/m]
# name 4 = c1S/m: Conductivity, 2 [S/m]
# name 5 = sbox0Mm/Kg: Oxygen, SBE 43 [umol/kg]
# name 6 = sbox1Mm/Kg: Oxygen, SBE 43, 2 [umol/kg]
# name 7 = wetCDOM: Fluorescence, WET Labs CDOM [mg/m^3]
# name 8 = flECO-AFL: Fluorescence, WET Labs ECO-AFL/FL [mg/m^3]
# name 9 = CStarAt0: Beam Attenuation, WET Labs C-Star [1/m]
# name 10 = timeS: Time, Elapsed [seconds]
# name 11 = latitude: Latitude [deg]
# name 12 = longitude: Longitude [deg]
# name 13 = sal00: Salinity, Practical [PSU]
# name 14 = sal11: Salinity, Practical, 2 [PSU]
# name 15 = flag: flag
# span 0 =      1.000,    158.000       
# span 1 =     4.0741,     5.4970       
# span 2 =     4.0734,     5.4957       
# span 3 =   3.267839,   3.350190       
# span 4 =   3.267801,   3.350120       
# span 5 =    316.111,    342.696       
# span 6 =    309.557,    328.526       
# span 7 =     0.0856,     0.1362       
# span 8 =     0.0105,     1.3707       
# span 9 =     0.1850,     0.6129       
# span 10 =     54.280,    220.185      
# span 11 =   78.83270,   78.83272      
# span 12 =    9.50408,    9.50414      
# span 13 =    34.0226,    34.9904      
# span 14 =    34.0255,    34.9906      
# span 15 = 0.0000e+00, 0.0000e+00      
# interval = decibars: 1                
# start_time = Sep 15 2019 03:26:57 [NMEA time, header]
# bad_flag = -9.990e-29
*END*
[from data line 91]
     92.000     4.4117     4.4109   3.289422   3.289391    317.752    311.736     0.1061     0.0584     0.2369    151.249   78.83272    9.50410    34.9152    34.9157 0.0000e+00
     93.000     4.4111     4.4096   3.289427   3.289288    317.684    311.801     0.1063     0.0593     0.2226    152.224   78.83272    9.50410    34.9153    34.9153 0.0000e+00
     94.000     4.4095     4.4084   3.289282   3.289203    317.984    311.893     0.1065     0.0537     0.2238    153.193   78.83272    9.50410    34.9148    34.9150 0.0000e+00
     95.000     4.4103     4.4095   3.289501   3.289443    317.744    312.146     0.1066     0.0539     0.2263    154.159   78.83270    9.50410    34.9159    34.9161 0.0000e+00
     96.000     4.4111     4.4105   3.289840   3.289848    317.768    311.824     0.1068     0.0546     0.2278    155.130   78.83270    9.50410    34.9185    34.9193 0.0000e+00
     97.000     4.4113     4.4106   3.289961   3.289930    318.328    311.532     0.1069     0.0614     0.2296    156.102   78.83270    9.50410    34.9192    34.9196 0.0000e+00
     98.000     4.4114     4.4107   3.290054   3.290023    318.584    311.476     0.1069     0.0485     0.2307    157.077   78.83270    9.50410    34.9196    34.9201 0.0000e+00
     99.000     4.4115     4.4107   3.290106   3.290052    318.155    311.263     0.1069     0.0522     0.2315    158.061   78.83272    9.50410    34.9196    34.9199 0.0000e+00
    100.000     4.4116     4.4108   3.290136   3.290087    317.610    311.266     0.1068     0.0539     0.2329    159.047   78.83272    9.50410    34.9193    34.9196 0.0000e+00
    101.000     4.4114     4.4107   3.290161   3.290113    317.403    311.456     0.1067     0.0587     0.2341    160.032   78.83272    9.50410    34.9193    34.9194 0.0000e+00
    102.000     4.4082     4.4078   3.289947   3.289915    317.909    311.348     0.1065     0.0623     0.2346    161.008   78.83272    9.50410    34.9196    34.9197 0.0000e+00
    103.000     4.4057     4.4048   3.289781   3.289715    317.969    311.246     0.1063     0.0596     0.2340    161.992   78.83272    9.50410    34.9198    34.9199 0.0000e+00
    104.000     4.4014     4.4014   3.289522   3.289502    317.699    311.267     0.1060     0.0539     0.2354    162.983   78.83272    9.50410    34.9208    34.9205 0.0000e+00
    105.000     4.3888     4.3886   3.288659   3.288649    318.198    311.394     0.1056     0.0537     0.2370    163.978   78.83271    9.50410    34.9234    34.9234 0.0000e+00
    106.000     4.3821     4.3817   3.288160   3.288110    318.491    311.680     0.1052     0.0531     0.2364    164.965   78.83270    9.50410    34.9240    34.9239 0.0000e+00
    107.000     4.3802     4.3794   3.288060   3.288009    318.359    311.261     0.1048     0.0482     0.2430    165.945   78.83270    9.50410    34.9243    34.9246 0.0000e+00
    108.000     4.3792     4.3786   3.288036   3.288003    318.368    311.251     0.1043     0.0614     0.2354    166.925   78.83270    9.50410    34.9245    34.9248 0.0000e+00
    109.000     4.3801     4.3798   3.288220   3.288223    318.719    311.390     0.1037     0.0621     0.2334    167.901   78.83271    9.50410    34.9253    34.9255 0.0000e+00
    110.000     4.3815     4.3808   3.288435   3.288389    318.659    311.306     0.1032     0.0563     0.2304    168.876   78.83272    9.50410    34.9257    34.9260 0.0000e+00
    111.000     4.3729     4.3725   3.287664   3.287595    318.325    311.534     0.1026     0.0536     0.2286    169.842   78.83272    9.50410    34.9252    34.9248 0.0000e+00
    112.000     4.3652     4.3640   3.287092   3.286988    318.106    311.635     0.1020     0.0538     0.2360    170.811   78.83272    9.50410    34.9261    34.9262 0.0000e+00
    113.000     4.3613     4.3607   3.286933   3.286874    318.161    311.479     0.1014     0.0511     0.2311    171.780   78.83272    9.50410    34.9278    34.9278 0.0000e+00
    114.000     4.3595     4.3586   3.286887   3.286824    318.128    311.281     0.1008     0.0518     0.2256    172.749   78.83271    9.50410    34.9286    34.9289 0.0000e+00
    115.000     4.3643     4.3637   3.287487   3.287441    318.331    311.206     0.1002     0.0640     0.2258    173.724   78.83270    9.50410    34.9302    34.9302 0.0000e+00
    116.000     4.3459     4.3460   3.286053   3.286013    318.841    311.621     0.0996     0.0418     0.2288    174.709   78.83270    9.50410    34.9321    34.9316 0.0000e+00
    117.000     4.3329     4.3324   3.284925   3.284876    319.007    311.644     0.0990     0.0521     0.2223    175.711   78.83270    9.50410    34.9320    34.9320 0.0000e+00
    118.000     4.3278     4.3272   3.284525   3.284484    318.403    311.216     0.0984     0.0471     0.2225    176.716   78.83271    9.50410    34.9322    34.9324 0.0000e+00
    119.000     4.3254     4.3249   3.284388   3.284343    317.765    310.941     0.0979     0.0405     0.2237    177.712   78.83272    9.50410    34.9327    34.9326 0.0000e+00
    120.000     4.3164     4.3158   3.283754   3.283691    318.173    310.916     0.0973     0.0443     0.2262    178.692   78.83272    9.50410    34.9342    34.9341 0.0000e+00
    121.000     4.3046     4.3047   3.282922   3.282912    318.637    310.836     0.0968     0.0420     0.2244    179.663   78.83272    9.50410    34.9363    34.9361 0.0000e+00
    122.000     4.2942     4.2937   3.282228   3.282171    318.592    310.982     0.0962     0.0508     0.2242    180.634   78.83271    9.50410    34.9386    34.9384 0.0000e+00
    123.000     4.2892     4.2887   3.281915   3.281872    318.086    310.893     0.0958     0.0563     0.2227    181.608   78.83270    9.50410    34.9396    34.9397 0.0000e+00
    124.000     4.2828     4.2815   3.281513   3.281389    317.955    310.861     0.0953     0.0426     0.2227    182.586   78.83270    9.50410    34.9412    34.9411 0.0000e+00
    125.000     4.2763     4.2754   3.281082   3.281017    318.009    310.964     0.0949     0.0330     0.2211    183.564   78.83270    9.50410    34.9425    34.9427 0.0000e+00
    126.000     4.2784     4.2776   3.281374   3.281315    317.920    310.767     0.0944     0.0388     0.2218    184.544   78.83270    9.50410    34.9431    34.9433 0.0000e+00
    127.000     4.2787     4.2779   3.281467   3.281393    318.108    310.370     0.0941     0.0396     0.2194    185.518   78.83270    9.50410    34.9434    34.9433 0.0000e+00
    128.000     4.2708     4.2704   3.280885   3.280820    318.443    310.712     0.0937     0.0453     0.2190    186.493   78.83270    9.50410    34.9443    34.9440 0.0000e+00
    129.000     4.2603     4.2596   3.280124   3.280061    318.025    310.864     0.0931     0.0466     0.2175    187.467   78.83272    9.50410    34.9459    34.9459 0.0000e+00
    130.000     4.2553     4.2547   3.279841   3.279776    318.231    310.698     0.0921     0.0466     0.2163    188.448   78.83272    9.50410    34.9473    34.9473 0.0000e+00
    131.000     4.2528     4.2522   3.279740   3.279687    318.152    310.580     0.0910     0.0424     0.2148    189.428   78.83270    9.50410    34.9482    34.9483 0.0000e+00
    132.000     4.2502     4.2494   3.279630   3.279555    318.158    310.268     0.0898     0.0390     0.2133    190.414   78.83270    9.50410    34.9492    34.9491 0.0000e+00
    133.000     4.2485     4.2477   3.279554   3.279493    318.613    310.268     0.0885     0.0390     0.2133    191.404   78.83270    9.50410    34.9496    34.9497 0.0000e+00
    134.000     4.2485     4.2478   3.279612   3.279543    318.743    310.611     0.0873     0.0390     0.2130    192.388   78.83270    9.50410    34.9497    34.9497 0.0000e+00
    135.000     4.2482     4.2474   3.279650   3.279593    318.658    310.502     0.0863     0.0402     0.2115    193.373   78.83270    9.50412    34.9499    34.9501 0.0000e+00
    136.000     4.2471     4.2463   3.279642   3.279574    318.465    310.420     0.0857     0.0461     0.2114    194.352   78.83270    9.50412    34.9505    34.9505 0.0000e+00
    137.000     4.2465     4.2457   3.279682   3.279634    317.896    310.639     0.0856     0.0460     0.2111    195.327   78.83270    9.50412    34.9510    34.9513 0.0000e+00
    138.000     4.2483     4.2473   3.279965   3.279902    317.667    310.698     0.0861     0.0398     0.2113    196.293   78.83270    9.50412    34.9520    34.9523 0.0000e+00
    139.000     4.2495     4.2487   3.280351   3.280282    317.550    310.733     0.0873     0.0335     0.2098    197.406   78.83270    9.50412    34.9547    34.9547 0.0000e+00
    140.000     4.2363     4.2367   3.279456   3.279461    317.376    310.568     0.0890     0.0384     0.2140    198.784   78.83270    9.50412    34.9575    34.9572 0.0000e+00
    141.000     4.2259     4.2251   3.278774   3.278700    316.967    310.337     0.0910     0.0387     0.2088    200.598   78.83270    9.50412    34.9601    34.9600 0.0000e+00
    142.000     4.2061     4.2056   3.277485   3.277408    316.892    310.723     0.0932     0.0328     0.2088    201.999   78.83270    9.50412    34.9652    34.9649 0.0000e+00
    143.000     4.1900     4.1896   3.276067   3.276003    316.577    310.839     0.0955     0.0383     0.2096    202.991   78.83270    9.50412    34.9651    34.9648 0.0000e+00
    144.000     4.1840     4.1833   3.275615   3.275557    316.111    310.259     0.0977     0.0322     0.2051    204.002   78.83270    9.50412    34.9656    34.9656 0.0000e+00
    145.000     4.1787     4.1781   3.275269   3.275215    316.390    310.246     0.0998     0.0256     0.2025    205.019   78.83270    9.50412    34.9666    34.9665 0.0000e+00
    146.000     4.1682     4.1682   3.274577   3.274557    317.278    310.122     0.1016     0.0298     0.2021    206.017   78.83270    9.50412    34.9690    34.9688 0.0000e+00
    147.000     4.1508     4.1514   3.273295   3.273284    317.322    309.634     0.1030     0.0265     0.2027    207.018   78.83270    9.50412    34.9718    34.9710 0.0000e+00
    148.000     4.1267     4.1248   3.271423   3.271208    317.128    310.022     0.1040     0.0197     0.2023    208.023   78.83270    9.50412    34.9746    34.9741 0.0000e+00
    149.000     4.1047     4.1034   3.269712   3.269620    316.666    310.120     0.1045     0.0131     0.2025    209.016   78.83270    9.50412    34.9773    34.9775 0.0000e+00
    150.000     4.1027     4.1020   3.269685   3.269624    316.733    309.739     0.1045     0.0157     0.2009    210.003   78.83270    9.50412    34.9785    34.9785 0.0000e+00
    151.000     4.0882     4.0878   3.268639   3.268558    317.998    309.819     0.1040     0.0218     0.1997    210.991   78.83270    9.50412    34.9810    34.9805 0.0000e+00
    152.000     4.0741     4.0734   3.267839   3.267801    318.782    309.647     0.1030     0.0170     0.1985    211.990   78.83270    9.50412    34.9860    34.9863 0.0000e+00
    153.000     4.0760     4.0753   3.268134   3.268096    318.767    309.827     0.1017     0.0170     0.1973    213.089   78.83270    9.50412    34.9870    34.9872 0.0000e+00
    154.000     4.0781     4.0772   3.268427   3.268365    318.708    309.721     0.1008     0.0171     0.1936    214.463   78.83270    9.50412    34.9877    34.9878 0.0000e+00
    155.000     4.0816     4.0805   3.268871   3.268788    318.420    309.557     0.0982     0.0269     0.1910    215.833   78.83270    9.50412    34.9886    34.9888 0.0000e+00
    156.000     4.0871     4.0855   3.269553   3.269408    317.696    309.991     0.0960     0.0196     0.1955    217.235   78.83270    9.50412    34.9903    34.9903 0.0000e+00
    157.000     4.0814     4.0808   3.269093   3.269037    316.871    310.405     0.0942     0.0184     0.1875    218.630   78.83270    9.50412    34.9904    34.9904 0.0000e+00
    158.000     4.0801     4.0792   3.269016   3.268963    316.639    310.746     0.0924     0.0105     0.1850    220.185   78.83270    9.50412    34.9903    34.9906 0.0000e+00
