test_project/cnv_files/Sta0229_bin.cnv
* Sea-Bird SBE 9 Data File:
* FileName = C:\Seabird\CTDDATA\Sta0229.hex
* Software Version Seasave V 7.26.7.107
* Temperature SN = 03-4535
* Conductivity SN = 2860
* Number of Bytes Per Scan = 44
* Number of Voltage Words = 5
* Number of Scans Averaged by the Deck Unit = 1
* NMEA Latitude = 77 54.54 N
* NMEA Longitude = 017 07.95 W
* NMEA UTC (Time) = Sep 08 2019 13:06:02
* NMEA baud rate = 9600
** Ship: "Kronprins Haakon"
** Station: 0229
** Echodepth: 336
** Log: 6087.692
** Wind-Dir Force(m/s): 35 09
** Air-temp (dry): -2.9
** Weather Sky: 0 1
** Sea Ice: 0 5
# nquan = 17
# nvalues = 318                         
# units = specified
# name 0 = prDM: Pressure, Digiquartz [db]
# name 1 = t090C: Temperature [ITS-90, deg C]
# name 2 = t190C: Temperature, 2 [ITS-90, deg C]
# name 3 = c0S/m: Conductivity [S/m]
# name 4 = c1S/m: Conductivity, 2 [S/m]
# name 5 = sbox0Mm/Kg: Oxygen, SBE 43 [umol/kg]
# name 6 = sbox1Mm/Kg: Oxygen, SBE 43, 2 [umol/kg]
# name 7 = wetCDOM: Fluorescence, WET Labs CDOM [mg/m^3]
# name 8 = flECO-AFL: Fluorescence, WET Labs ECO-AFL/FL [mg/m^3]
# name 9 = CStarAt0: Beam Attenuation, WET Labs C-Star [1/m]
# name 10 = timeS: Time, Elapsed [seconds]
# name 11 = latitude: Latitude [deg]
# name 12 = longitude: Longitude [deg]
# name 13 = upoly0: Upoly 0, ISUS
# name 14 = sal00: Salinity, Practical [PSU]
# name 15 = sal11: Salinity, Practical, 2 [PSU]
# name 16 = flag: flag
# span 0 =      8.000,    325.000       
# span 1 =    -1.6704,     1.7260       
# span 2 =    -1.6703,     1.7261       
# span 3 =   2.345876,   3.056601       
# span 4 =   2.345849,   3.056581       
# span 5 =    305.157,    424.723       
# span 6 =    300.027,    414.028       
# span 7 =     0.1155,     0.1819       
# span 8 =     0.0011,     1.6636       
# span 9 =     0.1345,     0.3392       
# span 10 =     43.326,    401.762      
# span 11 =   77.90839,   77.90895      
# span 12 =  -17.13256,  -17.13199      
# span 13 =  12.544102,  25.257051      
# span 14 =    29.1133,    34.8951      
# span 15 =    29.1131,    34.8945      
# span 16 = 0.0000e+00, 0.0000e+00      
# interval = decibars: 1                
# start_time = Sep 08 2019 13:06:02 [NMEA time, header]
# bad_flag = -9.990e-29
*END*
[from data line 256]
    264.000     1.4006     1.4010   3.020974   3.020992    307.968    301.881     0.1185     0.0134     0.1406    318.945   77.90852  -17.13212  24.021772    34.7918    34.7915 0.0000e+00
    265.000     1.4048     1.4051   3.021477   3.021495    308.189    302.357     0.1185     0.0072     0.1402    319.975   77.90852  -17.13212  24.303227    34.7930    34.7928 0.0000e+00
    266.000     1.4111     1.4116   3.022333   3.022371    308.069    302.626     0.1186     0.0023     0.1400    321.009   77.90852  -17.13212  23.964225    34.7963    34.7962 0.0000e+00
    267.000     1.4096     1.4097   3.022558   3.022543    308.132    303.013     0.1186     0.0039     0.1400    322.043   77.90852  -17.13212  24.108689    34.8003    34.7999 0.0000e+00
    268.000     1.4002     1.4026   3.021800   3.021982    308.157    302.745     0.1187     0.0094     0.1400    323.078   77.90852  -17.13212  24.566990    34.8004    34.8001 0.0000e+00
    269.000     1.3900     1.3913   3.020917   3.020976    307.705    302.500     0.1187     0.0083     0.1396    324.114   77.90852  -17.13212  24.503319    34.7999    34.7992 0.0000e+00
    270.000     1.3673     1.3687   3.019104   3.019191    307.873    302.442     0.1188     0.0026     0.1397    325.151   77.90852  -17.13212  24.315645    34.8014    34.8009 0.0000e+00
    271.000     1.3819     1.3821   3.020822   3.020849    307.317    301.589     0.1188     0.0028     0.1405    326.177   77.90852  -17.13212  24.122258    34.8065    34.8067 0.0000e+00
    272.000     1.3890     1.3886   3.021571   3.021521    307.710    301.427     0.1188     0.0096     0.1403    327.194   77.90852  -17.13212  24.887181    34.8076    34.8074 0.0000e+00
    273.000     1.4109     1.4091   3.023853   3.023710    308.653    301.454     0.1188     0.0214     0.1420    328.217   77.90850  -17.13212  25.090519    34.8118    34.8120 0.0000e+00
    274.000     1.4831     1.4813   3.031144   3.031162    308.214    300.825     0.1189     0.0056     0.1428    329.252   77.90850  -17.13212  24.752263    34.8241    34.8263 0.0000e+00
    275.000     1.5163     1.5170   3.034566   3.034600    308.567    301.353     0.1189     0.0023     0.1436    330.289   77.90850  -17.13210  24.179695    34.8302    34.8298 0.0000e+00
    276.000     1.5291     1.5293   3.035931   3.035955    308.884    302.062     0.1189     0.0023     0.1441    331.319   77.90850  -17.13210  24.131244    34.8328    34.8329 0.0000e+00
    277.000     1.5435     1.5433   3.037443   3.037430    307.135    301.763     0.1189     0.0023     0.1435    332.365   77.90850  -17.13210  24.423769    34.8355    34.8355 0.0000e+00
    278.000     1.5553     1.5549   3.038688   3.038633    305.899    302.023     0.1189     0.0072     0.1429    333.414   77.90850  -17.13210  24.506704    34.8377    34.8374 0.0000e+00
    279.000     1.5810     1.5806   3.041310   3.041329    305.802    301.771     0.1189     0.0096     0.1422    334.466   77.90850  -17.13210  24.353965    34.8420    34.8427 0.0000e+00
    280.000     1.5968     1.5974   3.043039   3.043072    306.471    301.970     0.1189     0.0137     0.1411    335.518   77.90850  -17.13210  24.540489    34.8458    34.8456 0.0000e+00
    281.000     1.6090     1.6079   3.044379   3.044251    307.338    302.323     0.1188     0.0126     0.1402    336.560   77.90850  -17.13210  24.513311    34.8488    34.8483 0.0000e+00
    282.000     1.6112     1.6116   3.044657   3.044644    307.789    302.614     0.1188     0.0096     0.1392    337.603   77.90850  -17.13210  24.202374    34.8492    34.8487 0.0000e+00
    283.000     1.6305     1.6297   3.046667   3.046644    308.285    302.704     0.1187     0.0062     0.1390    338.649   77.90850  -17.13210  24.780162    34.8529    34.8534 0.0000e+00
    284.000     1.6716     1.6711   3.050918   3.050882    307.994    302.508     0.1187     0.0024     0.1390    339.693   77.90850  -17.13210  24.540937    34.8607    34.8608 0.0000e+00
    285.000     1.6906     1.6906   3.052941   3.052933    308.700    303.095     0.1186     0.0046     0.1381    340.732   77.90850  -17.13209  24.711217    34.8647    34.8646 0.0000e+00
    286.000     1.7105     1.7104   3.054961   3.054988    308.815    303.380     0.1186     0.0063     0.1379    341.772   77.90850  -17.13208  24.133849    34.8676    34.8681 0.0000e+00
    287.000     1.7260     1.7261   3.056601   3.056576    309.221    304.110     0.1185     0.0011     0.1380    342.821   77.90849  -17.13208  23.913820    34.8707    34.8703 0.0000e+00
    288.000     1.7245     1.7251   3.056566   3.056581    310.080    305.461     0.1185     0.0020     0.1379    343.864   77.90848  -17.13208  24.350679    34.8713    34.8708 0.0000e+00
    289.000     1.7220     1.7224   3.056378   3.056387    310.585    305.921     0.1184     0.0033     0.1380    344.907   77.90848  -17.13208  24.510070    34.8712    34.8708 0.0000e+00
    290.000     1.7202     1.7202   3.056254   3.056225    310.981    306.065     0.1183     0.0078     0.1370    345.951   77.90848  -17.13208  23.984295    34.8710    34.8706 0.0000e+00
    291.000     1.7174     1.7177   3.056021   3.056016    310.981    306.158     0.1183     0.0033     0.1369    346.994   77.90848  -17.13208  24.597781    34.8705    34.8701 0.0000e+00
    292.000     1.7140     1.7146   3.055742   3.055760    311.391    305.926     0.1182     0.0085     0.1368    348.038   77.90848  -17.13208  24.601405    34.8702    34.8697 0.0000e+00
    293.000     1.7027     1.7038   3.054757   3.054770    311.216    305.654     0.1182     0.0021     0.1368    349.081   77.90848  -17.13208  24.602503    34.8696    34.8686 0.0000e+00
    294.000     1.6928     1.6934   3.053875   3.053884    311.414    305.309     0.1181     0.0013     0.1367    350.119   77.90848  -17.13208  24.310792    34.8689    34.8683 0.0000e+00
    295.000     1.6824     1.6832   3.053010   3.053008    311.540    304.948     0.1181     0.0020     0.1361    351.163   77.90848  -17.13208  23.917592    34.8688    34.8680 0.0000e+00
    296.000     1.6694     1.6698   3.051971   3.051961    311.616    304.654     0.1181     0.0019     0.1365    352.205   77.90848  -17.13206  24.532707    34.8695    34.8689 0.0000e+00
    297.000     1.6691     1.6693   3.052048   3.052029    311.014    303.911     0.1181     0.0023     0.1360    353.249   77.90848  -17.13206  24.362908    34.8702    34.8697 0.0000e+00
    298.000     1.6706     1.6708   3.052345   3.052331    310.542    303.421     0.1180     0.0083     0.1357    354.290   77.90848  -17.13206  24.142492    34.8717    34.8713 0.0000e+00
    299.000     1.6724     1.6728   3.052742   3.052748    309.722    302.888     0.1178     0.0096     0.1355    355.333   77.90848  -17.13206  24.239963    34.8742    34.8738 0.0000e+00
    300.000     1.6696     1.6698   3.052714   3.052701    309.337    302.540     0.1176     0.0095     0.1349    356.381   77.90848  -17.13206  24.230232    34.8764    34.8759 0.0000e+00
    301.000     1.6699     1.6703   3.052801   3.052813    308.975    302.518     0.1172     0.0044     0.1347    357.423   77.90846  -17.13206  24.562720    34.8765    34.8762 0.0000e+00
    302.000     1.6651     1.6660   3.052511   3.052532    308.705    302.354     0.1168     0.0070     0.1348    358.470   77.90846  -17.13206  24.881920    34.8776    34.8769 0.0000e+00
    303.000     1.6568     1.6571   3.051991   3.051986    308.770    302.173     0.1164     0.0096     0.1346    359.513   77.90846  -17.13206  24.130142    34.8797    34.8793 0.0000e+00
    304.000     1.6579     1.6581   3.052267   3.052252    308.531    302.181     0.1160     0.0096     0.1345    360.557   77.90846  -17.13206  24.182666    34.8813    34.8809 0.0000e+00
    305.000     1.6579     1.6580   3.052354   3.052349    308.568    302.263     0.1157     0.0096     0.1347    361.605   77.90846  -17.13206  24.194239    34.8819    34.8816 0.0000e+00
    306.000     1.6577     1.6580   3.052402   3.052397    308.547    301.867     0.1155     0.0096     0.1347    362.645   77.90846  -17.13206  24.138896    34.8821    34.8817 0.0000e+00
    307.000     1.6554     1.6559   3.052336   3.052354    308.645    301.595     0.1155     0.0096     0.1349    363.689   77.90846  -17.13205  24.391498    34.8832    34.8829 0.0000e+00
    308.000     1.6484     1.6490   3.051939   3.051952    308.106    301.844     0.1156     0.0096     0.1352    364.728   77.90846  -17.13204  24.992815    34.8854    34.8848 0.0000e+00
    309.000     1.6481     1.6483   3.051993   3.051975    307.871    301.605     0.1158     0.0068     0.1355    365.772   77.90846  -17.13204  25.041915    34.8858    34.8854 0.0000e+00
    310.000     1.6479     1.6482   3.052031   3.052031    307.410    301.545     0.1160     0.0016     0.1358    366.819   77.90846  -17.13204  24.406181    34.8859    34.8857 0.0000e+00
    311.000     1.6473     1.6478   3.052078   3.052091    307.796    301.203     0.1160     0.0040     0.1363    367.864   77.90845  -17.13204  24.449499    34.8866    34.8862 0.0000e+00
    312.000     1.6446     1.6449   3.051994   3.051993    308.364    300.852     0.1160     0.0095     0.1364    368.908   77.90844  -17.13204  25.257051    34.8879    34.8876 0.0000e+00
    313.000     1.6430     1.6429   3.051925   3.051916    308.217    300.976     0.1159     0.0080     0.1362    369.952   77.90844  -17.13204  24.352436    34.8883    34.8883 0.0000e+00
    314.000     1.6435     1.6437   3.052005   3.052015    308.215    301.325     0.1157     0.0022     0.1360    370.997   77.90844  -17.13204  24.579882    34.8882    34.8880 0.0000e+00
    315.000     1.6452     1.6461   3.052154   3.052207    308.144    301.177     0.1155     0.0032     0.1365    372.043   77.90844  -17.13204  24.751345    34.8877    34.8873 0.0000e+00
    316.000     1.6467     1.6468   3.052301   3.052297    308.346    301.014     0.1155     0.0093     0.1362    373.090   77.90844  -17.13204  24.697670    34.8872    34.8870 0.0000e+00
    317.000     1.6450     1.6444   3.052230   3.052165    308.157    301.030     0.1156     0.0096     0.1362    374.151   77.90844  -17.13204  24.665375    34.8876    34.8875 0.0000e+00
    318.000     1.6398     1.6399   3.051939   3.051928    308.330    300.811     0.1159     0.0089     0.1367    375.218   77.90844  -17.13204  24.470191    34.8891    34.8888 0.0000e+00
    319.000     1.6375     1.6376   3.051795   3.051790    308.077    300.746     0.1164     0.0019     0.1369    376.271   77.90844  -17.13204  24.553540    34.8892    34.8890 0.0000e+00
    320.000     1.6360     1.6361   3.051723   3.051717    308.141    300.979     0.1170     0.0016     0.1372    377.318   77.90844  -17.13204  24.676608    34.8895    34.8892 0.0000e+00
    321.000     1.6297     1.6303   3.051383   3.051397    307.754    300.913     0.1180     0.0023     0.1372    378.360   77.90844  -17.13204  24.663209    34.8915    34.8911 0.0000e+00
    322.000     1.6222     1.6238   3.050846   3.050932    307.123    300.720     0.1192     0.0020     0.1377    379.403   77.90844  -17.13204  24.774438    34.8925    34.8917 0.0000e+00
    323.000     1.6100     1.6105   3.049932   3.049945    307.347    300.964     0.1199     0.0023     0.1382    380.458   77.90844  -17.13202  24.582232    34.8938    34.8934 0.0000e+00
    324.000     1.6032     1.6053   3.049414   3.049566    306.766    300.499     0.1206     0.0062     0.1401    381.826   77.90843  -17.13202  24.112635    34.8942    34.8938 0.0000e+00
    325.000     1.6007     1.6011   3.049317   3.049303    305.157    300.027     0.1191     0.0208     0.1575    401.762   77.90839  -17.13199  25.051014    34.8951    34.8945 0.0000e+00
