test_project/cnv_files/Sta0231_bin.cnv
* Sea-Bird SBE 9 Data File:
* FileName = C:\Seabird\CTDDATA\Sta0231.hex
* Software Version Seasave V 7.26.7.107
* Temperature SN = 03-4535
* Conductivity SN = 2860
* Number of Bytes Per Scan = 44
* Number of Voltage Words = 5
* Number of Scans Averaged by the Deck Unit = 1
* NMEA Latitude = 78 49.97 N
* NMEA Longitude = 010 14.95 W
* NMEA UTC (Time) = Sep 09 2019 21:34:49
* NMEA baud rate = 9600
** Ship: "Kronprins Haakon"
** Station: 0231
** Echodepth: 372
** Log: 6228.115
** Wind-Dir Force(m/s): 05 12
** Air-temp (dry): -2.9
** Weather Sky: 2 3
** Sea Ice: 1 5
# nquan = 17
# nvalues = 364                         
# units = specified
# name 0 = prDM: Pressure, Digiquartz [db]
# name 1 = t090C: Temperature [ITS-90, deg C]
# name 2 = t190C: Temperature, 2 [ITS-90, deg C]
# name 3 = c0S/m: Conductivity [S/m]
# name 4 = c1S/m: Conductivity, 2 [S/m]
# name 5 = sbox0Mm/Kg: Oxygen, SBE 43 [umol/kg]
# name 6 = sbox1Mm/Kg: Oxygen, SBE 43, 2 [umol/kg]
# name 7 = wetCDOM: Fluorescence, WET Labs CDOM [mg/m^3]
# name 8 = flECO-AFL: Fluorescence, WET Labs ECO-AFL/FL [mg/m^3]
# name 9 = CStarAt0: Beam Attenuation, WET Labs C-Star [1/m]
# name 10 = timeS: Time, Elapsed [seconds]
# name 11 = latitude: Latitude [deg]
# name 12 = longitude: Longitude [deg]
# name 13 = upoly0: Upoly 0, ISUS
# name 14 = sal00: Salinity, Practical [PSU]
# name 15 = sal11: Salinity, Practical, 2 [PSU]
# name 16 = flag: flag
# span 0 =      3.000,    366.000       
# span 1 =    -1.5868,     1.2438       
# span 2 =    -1.5868,     1.2438       
# span 3 =   2.414228,   3.014411       
# span 4 =   2.414258,   3.014383       
# span 5 =    276.520,    416.919       
# span 6 =    300.525,    636.416       
# span 7 =     0.1171,     0.1704       
# span 8 =     0.0025,     1.5023       
# span 9 =     0.1448,     0.3705       
# span 10 =    134.643,    739.990      
# span 11 =   78.83066,   78.83252      
# span 12 =  -10.25761,  -10.25096      
# span 13 =  0.1004950,  22.494539      
# span 14 =    30.1062,    35.0184      
# span 15 =    30.1066,    35.2221      
# span 16 = 0.0000e+00, 0.0000e+00      
# interval = decibars: 1                
# start_time = Sep 09 2019 21:34:49 [NMEA time, header]
# bad_flag = -9.990e-29
*END*
[from data line 171]
    174.000     0.4970     0.4970   2.921133   2.921070    308.992    305.011     0.1307     0.0140     0.1763    492.261   78.83142  -10.25506  21.335600    34.5622    34.5613 0.0000e+00
    175.000     0.5052     0.5052   2.922108   2.922023    309.247    304.748     0.1306     0.0142     0.1776    493.240   78.83142  -10.25508  21.330127    34.5652    34.5641 0.0000e+00
    176.000     0.5134     0.5135   2.923101   2.923029    309.699    304.512     0.1304     0.0222     0.1774    494.241   78.83142  -10.25510  21.066786    34.5684    34.5674 0.0000e+00
    177.000     0.5165     0.5166   2.923497   2.923420    309.717    304.176     0.1302     0.0187     0.1778    495.284   78.83142  -10.25510  21.660748    34.5694    34.5684 0.0000e+00
    178.000     0.5233     0.5234   2.924345   2.924279    309.914    303.866     0.1301     0.0259     0.1796    496.370   78.83140  -10.25512  21.182980    34.5724    34.5714 0.0000e+00
    179.000     0.5290     0.5291   2.925198   2.925123    309.839    303.960     0.1300     0.0269     0.2239    497.497   78.83140  -10.25513  21.288352    34.5766    34.5755 0.0000e+00
    180.000     0.5311     0.5311   2.925631   2.925550    310.141    304.116     0.1298     0.0144     0.1828    498.643   78.83140  -10.25514  21.329787    34.5792    34.5781 0.0000e+00
    181.000     0.5285     0.5285   2.925570   2.925465    310.548    304.630     0.1297     0.0242     0.1803    499.769   78.83140  -10.25515  20.876030    34.5807    34.5794 0.0000e+00
    182.000     0.5247     0.5247   2.925478   2.925386    310.737    305.171     0.1296     0.0220     0.1792    500.860   78.83140  -10.25516  21.105602    34.5832    34.5820 0.0000e+00
    183.000     0.5321     0.5323   2.926370   2.926317    310.828    305.233     0.1295     0.0170     0.1794    501.916   78.83140  -10.25517  21.168588    34.5860    34.5850 0.0000e+00
    184.000     0.5490     0.5489   2.928171   2.928092    311.361    304.892     0.1293     0.0186     0.1794    502.943   78.83139  -10.25519  21.227655    34.5899    34.5890 0.0000e+00
    185.000     0.5521     0.5524   2.928589   2.928523    312.912    305.592     0.1292     0.0231     0.1788    503.951   78.83138  -10.25520  21.144556    34.5914    34.5901 0.0000e+00
    186.000     0.5630     0.5625   2.929879   2.929780    313.276    305.906     0.1291     0.0179     0.1783    504.959   78.83138  -10.25521  21.059452    34.5954    34.5947 0.0000e+00
    187.000     0.5784     0.5792   2.931572   2.931576    312.776    305.491     0.1289     0.0239     0.1767    505.979   78.83138  -10.25522  21.220562    34.5996    34.5988 0.0000e+00
    188.000     0.5856     0.5865   2.932426   2.932428    312.740    305.516     0.1288     0.0238     0.1778    507.019   78.83138  -10.25523  21.104404    34.6021    34.6011 0.0000e+00
    189.000     0.6024     0.6035   2.934288   2.934362    312.188    305.299     0.1286     0.0170     0.1791    508.081   78.83136  -10.25524  20.769800    34.6071    34.6068 0.0000e+00
    190.000     0.6289     0.6292   2.937176   2.937145    312.048    305.488     0.1284     0.0058     0.1744    509.166   78.83136  -10.25526  20.828147    34.6145    34.6137 0.0000e+00
    191.000     0.6468     0.6477   2.939189   2.939221    311.791    305.749     0.1282     0.0278     0.1742    510.256   78.83136  -10.25526  21.249450    34.6201    34.6195 0.0000e+00
    192.000     0.6642     0.6645   2.941200   2.941159    311.488    305.555     0.1280     0.0179     0.1727    511.342   78.83136  -10.25528  21.284232    34.6262    34.6254 0.0000e+00
    193.000     0.6831     0.6839   2.943459   2.943483    310.832    305.078     0.1278     0.0046     0.1714    512.413   78.83136  -10.25530  20.649794    34.6339    34.6333 0.0000e+00
    194.000     0.6948     0.6948   2.944803   2.944725    309.592    304.463     0.1276     0.0211     0.1704    513.478   78.83136  -10.25530  21.187492    34.6377    34.6367 0.0000e+00
    195.000     0.7058     0.7059   2.946128   2.946070    309.027    304.106     0.1274     0.0243     0.1700    514.534   78.83136  -10.25532  21.437422    34.6420    34.6412 0.0000e+00
    196.000     0.7194     0.7195   2.947807   2.947773    308.292    303.391     0.1271     0.0243     0.1687    515.579   78.83135  -10.25533  21.308953    34.6481    34.6475 0.0000e+00
    197.000     0.7371     0.7373   2.950106   2.950067    308.171    302.760     0.1269     0.0241     0.1681    516.624   78.83134  -10.25535  21.331353    34.6575    34.6568 0.0000e+00
    198.000     0.7428     0.7429   2.950947   2.950878    307.847    302.284     0.1267     0.0137     0.1681    517.668   78.83134  -10.25536  21.678186    34.6615    34.6605 0.0000e+00
    199.000     0.7509     0.7511   2.952058   2.952013    307.331    301.851     0.1265     0.0198     0.1681    518.719   78.83134  -10.25537  21.912439    34.6663    34.6654 0.0000e+00
    200.000     0.7541     0.7541   2.952500   2.952404    306.622    301.417     0.1263     0.0196     0.1689    519.768   78.83134  -10.25538  21.712893    34.6679    34.6666 0.0000e+00
    201.000     0.7558     0.7558   2.952757   2.952666    306.344    301.403     0.1262     0.0125     0.1690    520.811   78.83133  -10.25539  21.203904    34.6687    34.6675 0.0000e+00
    202.000     0.7564     0.7566   2.952861   2.952816    306.275    301.223     0.1260     0.0096     0.1690    521.850   78.83132  -10.25540  21.170041    34.6688    34.6680 0.0000e+00
    203.000     0.7579     0.7581   2.953086   2.953046    306.548    300.737     0.1259     0.0135     0.1693    522.886   78.83132  -10.25541  21.188433    34.6694    34.6687 0.0000e+00
    204.000     0.7612     0.7613   2.953529   2.953459    306.979    300.525     0.1257     0.0170     0.1698    523.938   78.83132  -10.25542  21.192470    34.6709    34.6699 0.0000e+00
    205.000     0.7657     0.7654   2.954113   2.954015    307.505    300.662     0.1256     0.0134     0.1695    524.999   78.83132  -10.25543  21.225708    34.6729    34.6720 0.0000e+00
    206.000     0.7656     0.7658   2.954164   2.954099    307.469    301.062     0.1255     0.0096     0.1697    526.073   78.83132  -10.25546  21.490415    34.6730    34.6720 0.0000e+00
    207.000     0.7712     0.7694   2.954849   2.954591    307.500    300.942     0.1254     0.0164     0.1692    527.163   78.83132  -10.25546  21.648801    34.6751    34.6737 0.0000e+00
    208.000     0.7808     0.7802   2.955986   2.955862    307.264    300.800     0.1253     0.0208     0.1696    528.259   78.83130  -10.25548  21.459666    34.6786    34.6775 0.0000e+00
    209.000     0.7824     0.7819   2.956266   2.956130    307.509    301.002     0.1253     0.0170     0.1703    529.350   78.83130  -10.25548  21.297458    34.6798    34.6785 0.0000e+00
    210.000     0.7807     0.7808   2.956252   2.956183    307.733    301.279     0.1253     0.0170     0.1709    530.418   78.83130  -10.25550  21.431672    34.6809    34.6799 0.0000e+00
    211.000     0.7791     0.7793   2.956195   2.956128    307.931    301.568     0.1253     0.0170     0.1699    531.460   78.83130  -10.25550  21.644773    34.6813    34.6802 0.0000e+00
    212.000     0.7790     0.7787   2.956307   2.956253    308.098    301.613     0.1253     0.0195     0.1698    532.478   78.83130  -10.25552  21.619392    34.6823    34.6819 0.0000e+00
    213.000     0.7839     0.7835   2.957062   2.956980    308.260    301.410     0.1253     0.0243     0.1691    533.486   78.83130  -10.25552  20.574548    34.6860    34.6854 0.0000e+00
    214.000     0.7881     0.7881   2.957612   2.957548    308.274    301.149     0.1253     0.0227     0.1687    534.497   78.83130  -10.25554  21.747711    34.6879    34.6871 0.0000e+00
    215.000     0.7953     0.7942   2.958494   2.958358    308.183    300.887     0.1254     0.0181     0.1680    535.521   78.83129  -10.25555  22.053145    34.6907    34.6901 0.0000e+00
    216.000     0.8061     0.8059   2.959744   2.959682    307.884    300.925     0.1254     0.0249     0.1684    536.571   78.83128  -10.25557  22.098619    34.6943    34.6936 0.0000e+00
    217.000     0.8081     0.8081   2.960010   2.959949    307.875    301.158     0.1255     0.0295     0.1687    537.660   78.83128  -10.25558  21.783791    34.6949    34.6941 0.0000e+00
    218.000     0.8081     0.8079   2.960066   2.959987    307.674    301.152     0.1256     0.0188     0.1690    538.782   78.83128  -10.25559  21.775662    34.6950    34.6942 0.0000e+00
    219.000     0.8083     0.8081   2.960127   2.960067    307.364    301.173     0.1256     0.0242     0.1691    539.919   78.83128  -10.25560  22.149232    34.6950    34.6944 0.0000e+00
    220.000     0.8099     0.8097   2.960337   2.960263    308.111    301.228     0.1257     0.0228     0.1692    541.041   78.83127  -10.25561  21.879073    34.6953    34.6946 0.0000e+00
    221.000     0.8110     0.8104   2.960500   2.960392    308.316    301.209     0.1258     0.0158     0.1693    542.116   78.83126  -10.25562  21.660454    34.6956    34.6948 0.0000e+00
    222.000     0.8123     0.8124   2.960684   2.960658    308.140    301.178     0.1258     0.0087     0.1697    543.158   78.83126  -10.25564  21.652234    34.6959    34.6955 0.0000e+00
    223.000     0.8212     0.8221   2.961717   2.961811    308.234    301.124     0.1259     0.0036     0.1699    544.164   78.83126  -10.25564  21.661981    34.6988    34.6990 0.0000e+00
    224.000     0.8314     0.8315   2.962858   2.962827    308.289    301.031     0.1259     0.0158     0.1695    545.152   78.83126  -10.25566  22.097361    34.7016    34.7011 0.0000e+00
    225.000     0.8340     0.8337   2.963177   2.963115    308.596    301.143     0.1260     0.0170     0.1702    546.144   78.83126  -10.25566  21.843508    34.7023    34.7018 0.0000e+00
    226.000     0.8361     0.8360   2.963459   2.963414    308.372    301.305     0.1260     0.0170     0.1712    547.168   78.83126  -10.25568  21.585775    34.7029    34.7025 0.0000e+00
    227.000     0.8426     0.8426   2.964235   2.964210    308.099    301.401     0.1260     0.0169     0.1726    548.253   78.83124  -10.25568  21.329076    34.7052    34.7048 0.0000e+00
    228.000     0.8462     0.8460   2.964688   2.964611    307.956    301.561     0.1260     0.0112     0.1735    549.376   78.83124  -10.25570  21.268366    34.7064    34.7057 0.0000e+00
    229.000     0.8478     0.8479   2.964920   2.964892    308.242    301.642     0.1260     0.0161     0.1745    550.527   78.83124  -10.25571  21.740304    34.7070    34.7065 0.0000e+00
    230.000     0.8529     0.8522   2.965549   2.965453    308.100    301.451     0.1260     0.0232     0.1776    551.679   78.83124  -10.25573  21.671630    34.7089    34.7085 0.0000e+00
    231.000     0.8597     0.8585   2.966344   2.966201    307.804    301.290     0.1259     0.0176     0.1788    552.798   78.83124  -10.25574  21.618465    34.7110    34.7105 0.0000e+00
    232.000     0.8678     0.8678   2.967320   2.967299    307.667    300.860     0.1259     0.0166     0.1779    553.868   78.83124  -10.25575  21.515234    34.7139    34.7138 0.0000e+00
    233.000     0.8772     0.8767   2.968347   2.968238    308.377    301.006     0.1259     0.0108     0.1792    554.884   78.83124  -10.25576  22.016875    34.7161    34.7154 0.0000e+00
    234.000     0.8755     0.8750   2.968241   2.968142    308.321    301.369     0.1259     0.0215     0.1795    555.869   78.83123  -10.25577  22.190828    34.7161    34.7154 0.0000e+00
    235.000     0.8754     0.8754   2.968273   2.968232    308.087    301.539     0.1259     0.0190     0.1794    556.838   78.83122  -10.25578  21.806677    34.7161    34.7155 0.0000e+00
    236.000     0.8743     0.8742   2.968240   2.968180    308.402    301.643     0.1259     0.0126     0.1799    557.825   78.83122  -10.25579  21.527578    34.7163    34.7157 0.0000e+00
    237.000     0.8744     0.8740   2.968369   2.968298    308.129    301.446     0.1260     0.0096     0.1799    558.856   78.83122  -10.25580  21.721932    34.7172    34.7168 0.0000e+00
    238.000     0.8781     0.8779   2.968831   2.968766    308.094    301.371     0.1260     0.0096     0.1798    559.937   78.83122  -10.25581  21.896112    34.7185    34.7179 0.0000e+00
    239.000     0.8812     0.8809   2.969258   2.969180    308.337    301.368     0.1260     0.0137     0.1794    561.085   78.83120  -10.25582  21.739581    34.7199    34.7193 0.0000e+00
    240.000     0.8815     0.8814   2.969361   2.969304    308.147    301.446     0.1259     0.0120     0.1800    562.261   78.83120  -10.25584  21.721606    34.7204    34.7197 0.0000e+00
    241.000     0.8837     0.8856   2.969671   2.969850    307.672    301.555     0.1259     0.0046     0.1810    563.433   78.83120  -10.25584  21.905108    34.7214    34.7216 0.0000e+00
    242.000     0.8938     0.8939   2.970858   2.970848    307.254    301.559     0.1259     0.0128     0.1807    564.544   78.83120  -10.25586  21.247361    34.7248    34.7246 0.0000e+00
    243.000     0.8968     0.8968   2.971310   2.971248    307.765    301.495     0.1258     0.0063     0.1811    565.596   78.83120  -10.25587  21.528054    34.7267    34.7260 0.0000e+00
    244.000     0.8957     0.8956   2.971412   2.971356    308.219    301.449     0.1258     0.0116     0.1813    566.595   78.83120  -10.25589  22.107783    34.7287    34.7280 0.0000e+00
    245.000     0.8898     0.8897   2.971067   2.971001    308.314    301.115     0.1257     0.0128     0.1826    567.565   78.83120  -10.25590  21.889502    34.7302    34.7295 0.0000e+00
    246.000     0.8984     0.8980   2.972084   2.972051    308.249    301.012     0.1256     0.0126     0.1828    568.535   78.83120  -10.25591  21.892067    34.7332    34.7332 0.0000e+00
    247.000     0.9074     0.9071   2.973085   2.973027    308.192    301.171     0.1255     0.0170     0.1812    569.522   78.83120  -10.25592  22.212387    34.7355    34.7350 0.0000e+00
    248.000     0.9088     0.9085   2.973300   2.973242    308.290    301.275     0.1254     0.0151     0.1808    570.544   78.83120  -10.25593  21.386919    34.7362    34.7357 0.0000e+00
    249.000     0.9150     0.9147   2.974007   2.973965    307.671    300.968     0.1253     0.0097     0.1810    571.622   78.83119  -10.25594  21.913185    34.7377    34.7375 0.0000e+00
    250.000     0.9197     0.9196   2.974550   2.974513    307.573    301.414     0.1253     0.0165     0.1814    572.760   78.83118  -10.25595  21.718785    34.7389    34.7386 0.0000e+00
    251.000     0.9244     0.9243   2.975129   2.975090    307.967    301.385     0.1252     0.0259     0.1827    573.926   78.83118  -10.25596  21.682562    34.7406    34.7402 0.0000e+00
    252.000     0.9257     0.9257   2.975319   2.975277    308.132    301.340     0.1251     0.0171     0.1853    575.077   78.83118  -10.25598  21.722373    34.7409    34.7405 0.0000e+00
    253.000     0.9260     0.9260   2.975432   2.975375    308.142    301.455     0.1251     0.0201     0.1870    576.185   78.83116  -10.25598  22.233953    34.7415    34.7408 0.0000e+00
    254.000     0.9261     0.9260   2.975544   2.975467    308.021    301.419     0.1250     0.0242     0.1870    577.244   78.83116  -10.25600  22.494539    34.7423    34.7414 0.0000e+00
    255.000     0.9245     0.9245   2.975521   2.975466    308.222    301.717     0.1250     0.0193     0.1875    578.270   78.83116  -10.25600  21.769068    34.7431    34.7424 0.0000e+00
    256.000     0.9171     0.9171   2.974965   2.974897    308.375    301.912     0.1250     0.0097     0.1918    579.275   78.83116  -10.25602  21.831891    34.7436    34.7427 0.0000e+00
    257.000     0.9140     0.9139   2.974734   2.974681    308.441    301.983     0.1250     0.0096     0.1894    580.267   78.83116  -10.25602  21.836612    34.7436    34.7430 0.0000e+00
