test_project/cnv_files/Sta0206_bin.cnv
* Sea-Bird SBE 9 Data File:
* FileName = C:\Seabird\CTDDATA\Sta0206.hex
* Software Version Seasave V 7.26.7.107
* Temperature SN = 03-4535
* Conductivity SN = 2860
* Number of Bytes Per Scan = 44
* Number of Voltage Words = 5
* Number of Scans Averaged by the Deck Unit = 1
* NMEA Latitude = 78 50.03 N
* NMEA Longitude = 007 00.25 W
* NMEA UTC (Time) = Sep 05 2019 02:51:49
* NMEA baud rate = 9600
** Ship: "Kronprins Haakon"
** Station: 0206
** Echodepth: 245
** Log: 5894.66
** Wind-Dir Force(m/s): 28 03
** Air-temp (dry): -1.4
** Weather Sky: 0 4
** Sea Ice: 0 3
# nquan = 17
# nvalues = 233                         
# units = specified
# name 0 = prDM: Pressure, Digiquartz [db]
# name 1 = t090C: Temperature [ITS-90, deg C]
# name 2 = t190C: Temperature, 2 [ITS-90, deg C]
# name 3 = c0S/m: Conductivity [S/m]
# name 4 = c1S/m: Conductivity, 2 [S/m]
# name 5 = sbox0Mm/Kg: Oxygen, SBE 43 [umol/kg]
# name 6 = sbox1Mm/Kg: Oxygen, SBE 43, 2 [umol/kg]
# name 7 = wetCDOM: Fluorescence, WET Labs CDOM [mg/m^3]
# name 8 = flECO-AFL: Fluorescence, WET Labs ECO-AFL/FL [mg/m^3]
# name 9 = CStarAt0: Beam Attenuation, WET Labs C-Star [1/m]
# name 10 = timeS: Time, Elapsed [seconds]
# name 11 = latitude: Latitude [deg]
# name 12 = longitude: Longitude [deg]
# name 13 = upoly0: Upoly 0, ISUS
# name 14 = sal00: Salinity, Practical [PSU]
# name 15 = sal11: Salinity, Practical, 2 [PSU]
# name 16 = flag: flag
# span 0 =      3.000,    235.000       
# span 1 =    -1.7050,     1.3569       
# span 2 =    -1.7047,     1.3570       
# span 3 =   2.422827,   3.015529       
# span 4 =   2.422777,   3.015388       
# span 5 =    310.216,    432.896       
# span 6 =    309.056,    419.497       
# span 7 =     0.1116,     0.1767       
# span 8 =     0.0112,     0.9350       
# span 9 =     0.1458,     0.3163       
# span 10 =     27.469,    266.709      
# span 11 =   78.83390,   78.83390      
# span 12 =   -7.00428,   -7.00416      
# span 13 =  12.298580,  24.263833      
# span 14 =    29.8913,    34.7877      
# span 15 =    29.8903,    34.7857      
# span 16 = 0.0000e+00, 0.0000e+00      
# interval = decibars: 1                
# start_time = Sep 05 2019 02:51:49 [NMEA time, header]
# bad_flag = -9.990e-29
*END*
      3.000    -1.2529    -1.2521   2.422827   2.422777    400.878    396.382     0.1582     0.5050     0.2863     27.469   78.83390   -7.00428  12.771858    29.8920    29.8906 0.0000e+00
      4.000    -1.2540    -1.2528   2.423033   2.423033    401.304    396.083     0.1584     0.4657     0.2894     28.891   78.83390   -7.00428  12.681108    29.8953    29.8941 0.0000e+00
      5.000    -1.2493    -1.2494   2.423123   2.423057    402.270    395.306     0.1586     0.4522     0.2869     29.962   78.83390   -7.00428  12.769667    29.8913    29.8905 0.0000e+00
      6.000    -1.2458    -1.2460   2.423441   2.423330    402.624    394.857     0.1586     0.4414     0.2868     30.966   78.83390   -7.00428  12.710592    29.8915    29.8903 0.0000e+00
      7.000    -1.2465    -1.2459   2.423485   2.423485    403.696    395.709     0.1587     0.4440     0.2845     31.980   78.83390   -7.00428  12.617507    29.8923    29.8917 0.0000e+00
      8.000    -1.2481    -1.2487   2.423961   2.423894    404.674    396.860     0.1588     0.4384     0.2844     32.988   78.83390   -7.00428  12.666529    29.8997    29.8994 0.0000e+00
      9.000    -1.2607    -1.2603   2.423338   2.423286    405.181    397.580     0.1589     0.4370     0.2849     33.981   78.83390   -7.00428  12.882133    29.9034    29.9022 0.0000e+00
     10.000    -1.3028    -1.2995   2.426117   2.426196    405.470    398.056     0.1590     0.4466     0.2843     34.979   78.83390   -7.00428  13.023934    29.9826    29.9804 0.0000e+00
     11.000    -1.3159    -1.3156   2.428427   2.428464    405.010    398.495     0.1591     0.4561     0.2847     35.984   78.83390   -7.00428  13.174005    30.0265    30.0268 0.0000e+00
     12.000    -1.3174    -1.3165   2.429896   2.429925    404.970    398.303     0.1594     0.4816     0.2854     36.981   78.83390   -7.00428  13.120802    30.0474    30.0468 0.0000e+00
     13.000    -1.3182    -1.3161   2.430942   2.430604    406.919    399.377     0.1597     0.4969     0.2881     37.985   78.83390   -7.00428  13.341022    30.0618    30.0551 0.0000e+00
     14.000    -1.3344    -1.3338   2.434315   2.434331    409.149    400.007     0.1601     0.5006     0.2903     38.997   78.83390   -7.00428  13.480483    30.1233    30.1229 0.0000e+00
     15.000    -1.3410    -1.3408   2.435755   2.435759    409.557    400.210     0.1607     0.5357     0.2896     40.028   78.83390   -7.00428  13.234614    30.1490    30.1488 0.0000e+00
     16.000    -1.3423    -1.3432   2.435927   2.436066    409.558    400.458     0.1613     0.5614     0.2890     41.051   78.83390   -7.00428  12.811985    30.1520    30.1548 0.0000e+00
     17.000    -1.3446    -1.3441   2.436034   2.435974    410.433    401.029     0.1620     0.5450     0.2920     42.065   78.83390   -7.00428  12.746995    30.1552    30.1539 0.0000e+00
     18.000    -1.3463    -1.3446   2.436345   2.436162    411.865    401.528     0.1628     0.5528     0.2955     43.074   78.83390   -7.00428  12.369981    30.1606    30.1564 0.0000e+00
     19.000    -1.3767    -1.3751   2.443518   2.443495    412.010    401.771     0.1635     0.5672     0.2975     44.081   78.83390   -7.00428  14.079135    30.2883    30.2864 0.0000e+00
     20.000    -1.3696    -1.3692   2.452637   2.452603    411.243    400.627     0.1642     0.6059     0.2974     45.088   78.83390   -7.00428  13.163369    30.4045    30.4036 0.0000e+00
     21.000    -1.3715    -1.3710   2.453006   2.452975    411.157    400.440     0.1649     0.6825     0.3007     46.085   78.83390   -7.00428  12.331199    30.4108    30.4099 0.0000e+00
     22.000    -1.3764    -1.3760   2.453049   2.453027    413.547    401.795     0.1656     0.7406     0.3006     47.083   78.83390   -7.00428  12.298580    30.4159    30.4152 0.0000e+00
     23.000    -1.3739    -1.3736   2.454278   2.454250    415.680    403.603     0.1663     0.7566     0.3055     48.090   78.83390   -7.00428  12.648607    30.4294    30.4288 0.0000e+00
     24.000    -1.3811    -1.3805   2.455177   2.455176    417.387    405.091     0.1669     0.7639     0.3086     49.109   78.83390   -7.00428  12.821666    30.4485    30.4479 0.0000e+00
     25.000    -1.3510    -1.3472   2.462901   2.464088    417.409    404.875     0.1675     0.7770     0.3096     50.135   78.83390   -7.00428  12.688727    30.5222    30.5344 0.0000e+00
     26.000    -1.2379    -1.2476   2.487830   2.486484    415.988    403.695     0.1680     0.7898     0.3112     51.158   78.83390   -7.00428  13.125458    30.7439    30.7357 0.0000e+00
     27.000    -1.0101    -1.0145   2.538185   2.537884    414.155    400.866     0.1686     0.8749     0.3143     52.159   78.83390   -7.00428  13.240409    31.1895    31.1899 0.0000e+00
     28.000    -0.9318    -0.9345   2.557038   2.556831    418.361    403.449     0.1691     0.9350     0.3157     53.162   78.83390   -7.00428  13.248277    31.3617    31.3616 0.0000e+00
     29.000    -0.8306    -0.8326   2.576708   2.576505    418.750    405.348     0.1695     0.9012     0.3163     54.178   78.83390   -7.00428  13.248320    31.5201    31.5194 0.0000e+00
     30.000    -0.7956    -0.7947   2.588923   2.588796    416.315    408.790     0.1699     0.8154     0.3147     55.183   78.83390   -7.00428  13.370677    31.6470    31.6444 0.0000e+00
     31.000    -0.8228    -0.8222   2.592510   2.592412    415.976    413.138     0.1703     0.7004     0.3148     56.181   78.83390   -7.00428  13.233255    31.7232    31.7213 0.0000e+00
     32.000    -0.9177    -0.9074   2.588951   2.589061    416.827    416.480     0.1706     0.6547     0.3109     57.181   78.83390   -7.00428  12.912281    31.7748    31.7654 0.0000e+00
     33.000    -1.1434    -1.1415   2.573318   2.573255    419.071    419.497     0.1709     0.6231     0.2994     58.188   78.83390   -7.00428  13.005519    31.8016    31.7988 0.0000e+00
     34.000    -1.1935    -1.1942   2.571268   2.571189    412.391    413.158     0.1711     0.6443     0.2904     59.203   78.83390   -7.00428  13.447498    31.8264    31.8261 0.0000e+00
     35.000    -1.1435    -1.1419   2.577478   2.577467    410.821    407.465     0.1714     0.6416     0.2831     60.215   78.83390   -7.00428  13.092634    31.8571    31.8553 0.0000e+00
     36.000    -1.1781    -1.1788   2.576733   2.576617    424.491    410.383     0.1716     0.5527     0.2751     61.220   78.83390   -7.00428  12.590350    31.8832    31.8824 0.0000e+00
     37.000    -1.1127    -1.1139   2.583615   2.583517    432.896    411.458     0.1718     0.4729     0.2706     62.222   78.83390   -7.00428  13.215392    31.9065    31.9064 0.0000e+00
     38.000    -1.1144    -1.1130   2.584479   2.584458    430.504    409.567     0.1720     0.4724     0.2643     63.234   78.83390   -7.00428  14.260099    31.9194    31.9176 0.0000e+00
     39.000    -1.1483    -1.1461   2.582499   2.582499    423.558    406.361     0.1722     0.4522     0.2588     64.248   78.83390   -7.00428  14.801317    31.9281    31.9257 0.0000e+00
     40.000    -1.1815    -1.1798   2.580338   2.580317    414.109    401.980     0.1723     0.4550     0.2531     65.261   78.83390   -7.00428  14.640643    31.9335    31.9314 0.0000e+00
     41.000    -1.2688    -1.2637   2.574306   2.574386    407.706    399.223     0.1724     0.4433     0.2496     66.266   78.83390   -7.00428  14.563578    31.9439    31.9395 0.0000e+00
     42.000    -1.4090    -1.4056   2.564758   2.564742    405.731    397.932     0.1726     0.4363     0.2461     67.268   78.83390   -7.00428  14.562745    31.9630    31.9590 0.0000e+00
     43.000    -1.4521    -1.4507   2.562220   2.562226    403.689    395.656     0.1726     0.4336     0.2425     68.282   78.83390   -7.00428  14.532633    31.9738    31.9723 0.0000e+00
     44.000    -1.4823    -1.4808   2.560669   2.560654    406.416    395.841     0.1727     0.3922     0.2403     69.294   78.83390   -7.00428  14.419261    31.9844    31.9825 0.0000e+00
     45.000    -1.5296    -1.5281   2.558101   2.558082    414.658    397.991     0.1728     0.3624     0.2346     70.297   78.83390   -7.00428  14.438721    31.9993    31.9974 0.0000e+00
     46.000    -1.5547    -1.5536   2.556912   2.556908    419.748    399.155     0.1728     0.3449     0.2318     71.297   78.83390   -7.00428  14.757395    32.0093    32.0080 0.0000e+00
     47.000    -1.5672    -1.5664   2.556454   2.556438    420.432    399.628     0.1729     0.3613     0.2257     72.293   78.83390   -7.00428  15.184261    32.0159    32.0148 0.0000e+00
     48.000    -1.5897    -1.5885   2.555863   2.555834    420.094    399.582     0.1729     0.3531     0.2212     73.305   78.83390   -7.00428  15.286369    32.0314    32.0297 0.0000e+00
     49.000    -1.6010    -1.6005   2.555710   2.555684    418.897    399.124     0.1729     0.3290     0.2190     74.315   78.83390   -7.00428  14.681056    32.0409    32.0399 0.0000e+00
     50.000    -1.6049    -1.6045   2.555643   2.555626    417.716    398.649     0.1730     0.3219     0.2155     75.320   78.83390   -7.00428  15.327963    32.0435    32.0429 0.0000e+00
     51.000    -1.6102    -1.6095   2.555553   2.555540    416.050    398.185     0.1730     0.3173     0.2135     76.325   78.83390   -7.00428  15.299220    32.0474    32.0465 0.0000e+00
     52.000    -1.6167    -1.6160   2.555500   2.555490    413.830    397.572     0.1730     0.3202     0.2095     77.330   78.83390   -7.00428  15.497740    32.0531    32.0522 0.0000e+00
     53.000    -1.6222    -1.6217   2.555540   2.555519    411.346    396.511     0.1730     0.3305     0.2061     78.345   78.83390   -7.00428  15.449608    32.0590    32.0582 0.0000e+00
     54.000    -1.6317    -1.6309   2.555508   2.555496    409.773    395.760     0.1730     0.3242     0.2037     79.353   78.83390   -7.00428  15.355377    32.0681    32.0672 0.0000e+00
     55.000    -1.6481    -1.6474   2.555441   2.555429    409.267    395.523     0.1729     0.3173     0.2011     80.357   78.83390   -7.00428  15.260849    32.0843    32.0834 0.0000e+00
     56.000    -1.6581    -1.6574   2.555651   2.555638    407.766    395.022     0.1729     0.3104     0.1994     81.360   78.83390   -7.00428  15.094018    32.0974    32.0965 0.0000e+00
     57.000    -1.6632    -1.6628   2.555915   2.555906    406.604    393.942     0.1729     0.3033     0.1992     82.365   78.83390   -7.00428  15.047569    32.1060    32.1054 0.0000e+00
     58.000    -1.6668    -1.6661   2.556302   2.556296    406.002    392.512     0.1729     0.2802     0.1982     83.374   78.83390   -7.00428  15.425898    32.1146    32.1139 0.0000e+00
     59.000    -1.6739    -1.6733   2.557248   2.557227    405.299    391.603     0.1729     0.2535     0.1966     84.373   78.83390   -7.00428  15.756010    32.1347    32.1338 0.0000e+00
     60.000    -1.6741    -1.6737   2.558245   2.558221    404.269    390.822     0.1728     0.2303     0.1941     85.372   78.83390   -7.00428  15.815162    32.1482    32.1474 0.0000e+00
     61.000    -1.6752    -1.6747   2.558919   2.558915    403.395    390.378     0.1728     0.2181     0.1915     86.373   78.83390   -7.00428  15.918934    32.1580    32.1574 0.0000e+00
     62.000    -1.6779    -1.6774   2.559464   2.559454    402.761    389.961     0.1729     0.2045     0.1887     87.383   78.83390   -7.00428  16.174199    32.1679    32.1672 0.0000e+00
     63.000    -1.6833    -1.6824   2.560269   2.560255    401.971    389.093     0.1729     0.1861     0.1870     88.394   78.83390   -7.00428  16.412133    32.1843    32.1831 0.0000e+00
     64.000    -1.6919    -1.6913   2.561221   2.561218    401.775    388.718     0.1729     0.1668     0.1840     89.398   78.83390   -7.00428  16.263099    32.2061    32.2055 0.0000e+00
     65.000    -1.6941    -1.6937   2.562112   2.562116    401.528    388.679     0.1730     0.1413     0.1829     90.395   78.83390   -7.00428  15.970358    32.2202    32.2198 0.0000e+00
     66.000    -1.6935    -1.6931   2.562805   2.562789    401.385    388.514     0.1731     0.1366     0.1815     91.396   78.83390   -7.00428  16.110886    32.2285    32.2279 0.0000e+00
     67.000    -1.6941    -1.6936   2.564087   2.564062    400.621    388.310     0.1732     0.1369     0.1800     92.404   78.83390   -7.00428  16.126358    32.2463    32.2454 0.0000e+00
     68.000    -1.6918    -1.6914   2.566030   2.566007    400.316    387.639     0.1733     0.1409     0.1780     93.412   78.83390   -7.00428  16.135992    32.2701    32.2693 0.0000e+00
     69.000    -1.7040    -1.7034   2.566358   2.566334    399.999    387.591     0.1734     0.1136     0.1774     94.417   78.83390   -7.00428  16.028697    32.2873    32.2863 0.0000e+00
     70.000    -1.7050    -1.7047   2.568447   2.568434    399.405    387.366     0.1736     0.1098     0.1770     95.413   78.83390   -7.00428  16.242116    32.3166    32.3161 0.0000e+00
     71.000    -1.6891    -1.6903   2.571184   2.571117    398.791    386.275     0.1737     0.1039     0.1755     96.424   78.83390   -7.00428  16.631611    32.3365    32.3369 0.0000e+00
     72.000    -1.6451    -1.6453   2.577273   2.577276    398.771    386.021     0.1739     0.0890     0.1741     97.430   78.83390   -7.00428  16.329193    32.3721    32.3723 0.0000e+00
     73.000    -1.6368    -1.6364   2.579211   2.579214    399.705    386.857     0.1741     0.0829     0.1731     98.440   78.83390   -7.00428  16.327402    32.3892    32.3887 0.0000e+00
     74.000    -1.6220    -1.6229   2.581254   2.581177    398.881    385.993     0.1743     0.0752     0.1723     99.446   78.83390   -7.00428  16.863308    32.4007    32.4005 0.0000e+00
     75.000    -1.5954    -1.5955   2.584739   2.584709    395.090    384.061     0.1746     0.0612     0.1716    100.450   78.83390   -7.00428  16.190574    32.4190    32.4188 0.0000e+00
     76.000    -1.5895    -1.5892   2.585885   2.585855    392.771    382.676     0.1748     0.0501     0.1715    101.464   78.83390   -7.00428  15.677857    32.4278    32.4271 0.0000e+00
     77.000    -1.5871    -1.5867   2.586490   2.586477    391.697    381.550     0.1750     0.0454     0.1708    102.475   78.83390   -7.00428  15.873291    32.4330    32.4323 0.0000e+00
     78.000    -1.5870    -1.5865   2.586568   2.586550    389.734    380.140     0.1752     0.0470     0.1713    103.490   78.83390   -7.00428  16.560016    32.4333    32.4325 0.0000e+00
     79.000    -1.5862    -1.5857   2.586926   2.586914    387.395    379.306     0.1754     0.0518     0.1722    104.502   78.83390   -7.00428  17.066932    32.4367    32.4361 0.0000e+00
     80.000    -1.5821    -1.5817   2.588138   2.588119    387.145    379.055     0.1756     0.0470     0.1737    105.506   78.83390   -7.00428  17.029550    32.4484    32.4477 0.0000e+00
     81.000    -1.5806    -1.5801   2.589319   2.589294    387.831    379.017     0.1758     0.0523     0.1735    106.522   78.83390   -7.00428  16.775819    32.4624    32.4616 0.0000e+00
     82.000    -1.5992    -1.5981   2.589432   2.589396    388.945    378.994     0.1759     0.0456     0.1728    107.529   78.83390   -7.00428  16.935316    32.4837    32.4820 0.0000e+00
     83.000    -1.6198    -1.6191   2.588131   2.588128    389.578    378.836     0.1761     0.0523     0.1742    108.533   78.83390   -7.00428  16.688960    32.4877    32.4868 0.0000e+00
     84.000    -1.6181    -1.6186   2.589331   2.589296    389.161    378.126     0.1762     0.0645     0.1739    109.534   78.83390   -7.00428  16.579151    32.5017    32.5018 0.0000e+00
     85.000    -1.5879    -1.5880   2.595333   2.595305    388.646    377.272     0.1763     0.0582     0.1740    110.540   78.83390   -7.00428  16.631071    32.5508    32.5506 0.0000e+00
     86.000    -1.5609    -1.5612   2.599334   2.599302    390.120    377.323     0.1764     0.0626     0.1738    111.554   78.83390   -7.00428  16.666303    32.5758    32.5758 0.0000e+00
     87.000    -1.5656    -1.5645   2.601123   2.601096    391.273    377.593     0.1765     0.0640     0.1734    112.563   78.83390   -7.00428  16.613007    32.6051    32.6035 0.0000e+00
