test_project/cnv_files/sta0243_bin.cnv
* Sea-Bird SBE 9 Data File:
* FileName = C:\Seabird\CTDDATA\Sta0243.hex
* Software Version Seasave V 7.26.7.107
* Temperature SN = 03-4535
* Conductivity SN = 2860
* Number of Bytes Per Scan = 44
* Number of Voltage Words = 5
* Number of Scans Averaged by the Deck Unit = 1
* NMEA Latitude = 78 49.97 N
* NMEA Longitude = 004 00.22 E
* NMEA UTC (Time) = Sep 14 2019 08:33:40
* NMEA baud rate = 9600
** Ship: "Kronprins Haakon"
** Station: 0243
** Echodepth: 2290
** Log: 6474.55
** Wind-Dir Force(m/s): 08 09
** Air-temp (dry): 5.6
** Weather Sky: 5 8
** Sea Ice: 4 0
# nquan = 16
# nvalues = 2319                        
# units = specified
# name 0 = prDM: Pressure, Digiquartz [db]
# name 1 = t090C: Temperature [ITS-90, deg C]
# name 2 = t190C: Temperature, 2 [ITS-90, deg C]
# name 3 = c0S/m: Conductivity [S/m]
# name 4 = c1S/m: Conductivity, 2 [S/m]
# name 5 = sbox0Mm/Kg: Oxygen, SBE 43 [umol/kg]
# name 6 = sbox1Mm/Kg: Oxygen, SBE 43, 2 [umol/kg]
# name 7 = wetCDOM: Fluorescence, WET Labs CDOM [mg/m^3]
# name 8 = flECO-AFL: Fluorescence, WET Labs ECO-AFL/FL [mg/m^3]
# name 9 = CStarAt0: Beam Attenuation, WET Labs C-Star [1/m]
# name 10 = timeS: Time, Elapsed [seconds]
# name 11 = latitude: Latitude [deg]
# name 12 = longitude: Longitude [deg]
# name 13 = sal00: Salinity, Practical [PSU]
# name 14 = sal11: Salinity, Practical, 2 [PSU]
# name 15 = flag: flag
# span 0 =      2.000,   2320.000       
# span 1 =    -0.7366,     5.8603       
# span 2 =    -0.7363,     5.8598       
# span 3 =   2.913616,   3.416752       
# span 4 =   2.913680,   3.416682       
# span 5 =    303.527,    329.506       
# span 6 =    298.748,    321.645       
# span 7 =     0.1058,     0.1278       
# span 8 =    -0.0113,     1.8403       
# span 9 =     0.1325,     0.4316       
# span 10 =    123.851,   2436.796      
# span 11 =   78.83298,   78.83302      
# span 12 =    4.00364,    4.00378      
# span 13 =    34.8922,    35.0400      
# span 14 =    34.8917,    35.0403      
# span 15 = 0.0000e+00, 0.0000e+00      
# interval = decibars: 1                
# start_time = Sep 14 2019 08:33:40 [NMEA time, header]
# bad_flag = -9.990e-29
*END*
[from data line 1085]
   1087.000    -0.2557    -0.2558   2.923906   2.923936    321.938    314.896     0.1159     0.0055     0.1337   1205.548   78.83300    4.00374    34.9113    34.9118 0.0000e+00
   1088.000    -0.2559    -0.2558   2.923949   2.923988    321.953    314.828     0.1153     0.0073     0.1336   1206.516   78.83300    4.00374    34.9116    34.9120 0.0000e+00
   1089.000    -0.2608    -0.2608   2.923560   2.923598    322.272    315.230     0.1147     0.0023     0.1337   1207.469   78.83300    4.00374    34.9114    34.9119 0.0000e+00
   1090.000    -0.2592    -0.2594   2.923782   2.923806    321.960    314.912     0.1142     0.0030     0.1341   1208.425   78.83300    4.00374    34.9120    34.9125 0.0000e+00
   1091.000    -0.2583    -0.2583   2.923913   2.923951    321.832    315.035     0.1137     0.0092     0.1339   1209.381   78.83300    4.00374    34.9121    34.9126 0.0000e+00
   1092.000    -0.2592    -0.2591   2.923878   2.923926    321.835    315.631     0.1133     0.0096     0.1334   1210.337   78.83300    4.00374    34.9120    34.9126 0.0000e+00
   1093.000    -0.2613    -0.2615   2.923726   2.923749    322.675    315.981     0.1130     0.0096     0.1336   1211.292   78.83298    4.00374    34.9119    34.9124 0.0000e+00
   1094.000    -0.2641    -0.2645   2.923519   2.923506    323.080    316.325     0.1128     0.0096     0.1337   1212.244   78.83298    4.00372    34.9117    34.9120 0.0000e+00
   1095.000    -0.2664    -0.2664   2.923357   2.923398    323.782    316.492     0.1126     0.0061     0.1336   1213.205   78.83298    4.00372    34.9116    34.9121 0.0000e+00
   1096.000    -0.2676    -0.2675   2.923290   2.923337    323.800    316.990     0.1126     0.0011     0.1340   1214.177   78.83298    4.00372    34.9115    34.9120 0.0000e+00
   1097.000    -0.2701    -0.2699   2.923128   2.923193    323.678    316.590     0.1126     0.0021     0.1345   1215.150   78.83298    4.00372    34.9116    34.9122 0.0000e+00
   1098.000    -0.2705    -0.2705   2.923128   2.923191    323.134    316.043     0.1127     0.0020     0.1343   1216.118   78.83300    4.00372    34.9115    34.9123 0.0000e+00
   1099.000    -0.2712    -0.2712   2.923116   2.923163    322.005    315.567     0.1128     0.0027     0.1342   1217.081   78.83300    4.00372    34.9115    34.9121 0.0000e+00
   1100.000    -0.2730    -0.2731   2.923006   2.923065    322.389    315.657     0.1131     0.0088     0.1337   1218.036   78.83298    4.00372    34.9115    34.9124 0.0000e+00
   1101.000    -0.2754    -0.2754   2.922846   2.922891    321.978    315.296     0.1134     0.0095     0.1338   1218.988   78.83298    4.00372    34.9116    34.9122 0.0000e+00
   1102.000    -0.2758    -0.2757   2.922876   2.922924    321.751    315.008     0.1137     0.0042     0.1334   1219.936   78.83298    4.00372    34.9118    34.9124 0.0000e+00
   1103.000    -0.2746    -0.2748   2.923023   2.923053    322.066    315.127     0.1140     0.0020     0.1336   1220.884   78.83298    4.00372    34.9119    34.9125 0.0000e+00
   1104.000    -0.2734    -0.2730   2.923180   2.923258    322.308    314.905     0.1144     0.0051     0.1336   1221.845   78.83298    4.00372    34.9120    34.9127 0.0000e+00
   1105.000    -0.2728    -0.2730   2.923281   2.923298    322.063    315.255     0.1147     0.0096     0.1343   1222.816   78.83298    4.00372    34.9121    34.9125 0.0000e+00
   1106.000    -0.2719    -0.2717   2.923419   2.923470    322.617    315.460     0.1151     0.0081     0.1338   1223.796   78.83298    4.00372    34.9123    34.9128 0.0000e+00
   1107.000    -0.2716    -0.2715   2.923492   2.923543    322.856    315.880     0.1154     0.0025     0.1336   1224.768   78.83298    4.00372    34.9124    34.9130 0.0000e+00
   1108.000    -0.2690    -0.2689   2.923774   2.923818    323.341    316.165     0.1158     0.0021     0.1337   1225.734   78.83298    4.00372    34.9127    34.9131 0.0000e+00
   1109.000    -0.2688    -0.2687   2.923848   2.923901    323.810    316.808     0.1161     0.0018     0.1347   1226.689   78.83298    4.00371    34.9128    34.9134 0.0000e+00
   1110.000    -0.2689    -0.2691   2.923872   2.923895    323.752    317.245     0.1164     0.0021     0.1348   1227.636   78.83298    4.00370    34.9127    34.9132 0.0000e+00
   1111.000    -0.2697    -0.2695   2.923852   2.923913    324.658    317.460     0.1167     0.0066     0.1347   1228.576   78.83298    4.00370    34.9127    34.9133 0.0000e+00
   1112.000    -0.2705    -0.2704   2.923826   2.923861    324.900    318.030     0.1170     0.0060     0.1348   1229.519   78.83298    4.00370    34.9128    34.9131 0.0000e+00
   1113.000    -0.2714    -0.2713   2.923801   2.923834    325.799    318.285     0.1172     0.0022     0.1350   1230.472   78.83298    4.00370    34.9128    34.9132 0.0000e+00
   1114.000    -0.2721    -0.2721   2.923776   2.923822    326.081    318.446     0.1174     0.0020     0.1350   1231.440   78.83298    4.00370    34.9128    34.9133 0.0000e+00
   1115.000    -0.2732    -0.2732   2.923725   2.923775    326.221    318.679     0.1176     0.0010     0.1353   1232.413   78.83298    4.00370    34.9128    34.9133 0.0000e+00
   1116.000    -0.2742    -0.2743   2.923679   2.923729    325.994    318.633     0.1178    -0.0046     0.1355   1233.393   78.83298    4.00370    34.9127    34.9134 0.0000e+00
   1117.000    -0.2748    -0.2748   2.923676   2.923702    326.027    318.749     0.1179     0.0012     0.1357   1234.362   78.83298    4.00370    34.9128    34.9132 0.0000e+00
   1118.000    -0.2752    -0.2752   2.923692   2.923721    326.200    318.514     0.1180     0.0020     0.1357   1235.314   78.83298    4.00370    34.9128    34.9133 0.0000e+00
   1119.000    -0.2762    -0.2762   2.923642   2.923684    326.119    318.384     0.1181     0.0071     0.1357   1236.262   78.83298    4.00370    34.9127    34.9133 0.0000e+00
   1120.000    -0.2769    -0.2770   2.923628   2.923653    326.176    318.940     0.1181     0.0096     0.1364   1237.213   78.83298    4.00370    34.9128    34.9132 0.0000e+00
   1121.000    -0.2776    -0.2777   2.923606   2.923641    325.503    318.744     0.1181     0.0069     0.1354   1238.170   78.83298    4.00370    34.9128    34.9133 0.0000e+00
   1122.000    -0.2804    -0.2803   2.923414   2.923460    324.793    318.289     0.1180     0.0021     0.1355   1239.137   78.83298    4.00370    34.9127    34.9133 0.0000e+00
   1123.000    -0.2821    -0.2821   2.923303   2.923349    324.872    318.246     0.1180     0.0017     0.1355   1240.114   78.83298    4.00370    34.9127    34.9132 0.0000e+00
   1124.000    -0.2826    -0.2826   2.923313   2.923339    325.085    318.354     0.1179     0.0015     0.1357   1241.093   78.83298    4.00370    34.9127    34.9132 0.0000e+00
   1125.000    -0.2829    -0.2831   2.923325   2.923356    325.782    318.473     0.1177     0.0020     0.1356   1242.066   78.83298    4.00370    34.9128    34.9133 0.0000e+00
   1126.000    -0.2831    -0.2831   2.923355   2.923390    325.298    318.497     0.1176     0.0020     0.1356   1243.016   78.83298    4.00370    34.9128    34.9133 0.0000e+00
   1127.000    -0.2836    -0.2836   2.923354   2.923392    325.337    318.508     0.1174     0.0020     0.1355   1243.953   78.83298    4.00369    34.9128    34.9132 0.0000e+00
   1128.000    -0.2853    -0.2853   2.923262   2.923301    325.601    318.077     0.1172     0.0023     0.1355   1244.891   78.83298    4.00368    34.9129    34.9134 0.0000e+00
   1129.000    -0.2860    -0.2860   2.923249   2.923286    325.428    317.992     0.1169     0.0049     0.1355   1245.838   78.83298    4.00369    34.9129    34.9134 0.0000e+00
   1130.000    -0.2876    -0.2877   2.923143   2.923191    325.699    318.422     0.1167     0.0075     0.1357   1246.798   78.83298    4.00370    34.9128    34.9135 0.0000e+00
   1131.000    -0.2900    -0.2898   2.922999   2.923051    325.529    318.556     0.1163     0.0033     0.1357   1247.773   78.83298    4.00370    34.9130    34.9135 0.0000e+00
   1132.000    -0.2921    -0.2922   2.922861   2.922891    325.592    318.672     0.1160     0.0086     0.1357   1248.752   78.83298    4.00370    34.9130    34.9135 0.0000e+00
   1133.000    -0.2932    -0.2932   2.922810   2.922838    325.278    318.726     0.1156     0.0023     0.1357   1249.722   78.83298    4.00369    34.9130    34.9134 0.0000e+00
   1134.000    -0.2931    -0.2931   2.922858   2.922894    325.508    318.693     0.1152     0.0022     0.1354   1250.683   78.83298    4.00368    34.9129    34.9134 0.0000e+00
   1135.000    -0.2937    -0.2937   2.922852   2.922882    326.529    318.817     0.1148     0.0076     0.1355   1251.641   78.83298    4.00368    34.9130    34.9134 0.0000e+00
   1136.000    -0.2947    -0.2949   2.922806   2.922844    326.465    318.984     0.1143     0.0049     0.1356   1252.594   78.83298    4.00368    34.9130    34.9136 0.0000e+00
   1137.000    -0.2948    -0.2948   2.922846   2.922880    326.356    319.097     0.1139     0.0058     0.1357   1253.546   78.83298    4.00368    34.9130    34.9134 0.0000e+00
   1138.000    -0.2945    -0.2956   2.922917   2.922852    326.224    319.319     0.1134     0.0066     0.1359   1254.498   78.83298    4.00368    34.9130    34.9133 0.0000e+00
   1139.000    -0.2949    -0.2950   2.922924   2.922939    326.161    319.376     0.1130     0.0019     0.1360   1255.450   78.83298    4.00370    34.9130    34.9133 0.0000e+00
   1140.000    -0.2961    -0.2961   2.922872   2.922907    326.449    318.912     0.1126     0.0020     0.1353   1256.408   78.83298    4.00370    34.9131    34.9135 0.0000e+00
   1141.000    -0.2985    -0.2977   2.922708   2.922807    326.290    319.049     0.1122     0.0022     0.1356   1257.375   78.83298    4.00368    34.9131    34.9135 0.0000e+00
   1142.000    -0.3041    -0.3036   2.922263   2.922332    326.239    319.216     0.1118     0.0019     0.1356   1258.346   78.83298    4.00368    34.9130    34.9133 0.0000e+00
   1143.000    -0.3066    -0.3067   2.922098   2.922140    326.273    319.325     0.1115     0.0020     0.1354   1259.319   78.83298    4.00368    34.9130    34.9137 0.0000e+00
   1144.000    -0.3083    -0.3082   2.921983   2.922039    325.578    319.111     0.1113     0.0023     0.1356   1260.292   78.83298    4.00368    34.9129    34.9135 0.0000e+00
   1145.000    -0.3096    -0.3097   2.921932   2.921955    325.595    318.839     0.1111     0.0064     0.1357   1261.252   78.83298    4.00368    34.9131    34.9134 0.0000e+00
   1146.000    -0.3097    -0.3098   2.921956   2.921986    326.007    318.547     0.1110     0.0096     0.1354   1262.202   78.83298    4.00368    34.9130    34.9135 0.0000e+00
   1147.000    -0.3105    -0.3104   2.921935   2.921982    325.882    318.966     0.1110     0.0075     0.1353   1263.142   78.83298    4.00368    34.9129    34.9135 0.0000e+00
   1148.000    -0.3107    -0.3107   2.921960   2.922003    325.443    318.349     0.1110     0.0019     0.1356   1264.086   78.83298    4.00368    34.9130    34.9136 0.0000e+00
   1149.000    -0.3115    -0.3113   2.921934   2.921992    324.881    318.245     0.1111     0.0019     0.1357   1265.034   78.83298    4.00368    34.9130    34.9135 0.0000e+00
   1150.000    -0.3125    -0.3124   2.921899   2.921943    325.109    318.183     0.1112     0.0020     0.1357   1265.995   78.83298    4.00368    34.9131    34.9136 0.0000e+00
   1151.000    -0.3141    -0.3139   2.921812   2.921848    325.380    318.388     0.1113     0.0022     0.1357   1266.968   78.83298    4.00368    34.9131    34.9134 0.0000e+00
   1152.000    -0.3143    -0.3146   2.921826   2.921844    324.857    318.080     0.1115     0.0021     0.1357   1267.947   78.83298    4.00368    34.9130    34.9135 0.0000e+00
   1153.000    -0.3154    -0.3153   2.921784   2.921814    325.192    318.271     0.1118     0.0068     0.1355   1268.931   78.83298    4.00368    34.9131    34.9134 0.0000e+00
   1154.000    -0.3160    -0.3161   2.921768   2.921800    324.952    318.196     0.1120     0.0057     0.1354   1269.908   78.83298    4.00368    34.9130    34.9135 0.0000e+00
   1155.000    -0.3162    -0.3162   2.921794   2.921831    324.794    317.974     0.1123     0.0020     0.1362   1270.874   78.83298    4.00368    34.9130    34.9135 0.0000e+00
   1156.000    -0.3174    -0.3175   2.921730   2.921763    325.129    318.406     0.1126     0.0020     0.1359   1271.824   78.83298    4.00368    34.9130    34.9135 0.0000e+00
   1157.000    -0.3185    -0.3186   2.921682   2.921730    324.925    318.089     0.1130     0.0031     0.1356   1272.768   78.83298    4.00368    34.9130    34.9137 0.0000e+00
   1158.000    -0.3194    -0.3194   2.921654   2.921686    324.723    318.006     0.1133     0.0087     0.1355   1273.715   78.83298    4.00368    34.9131    34.9135 0.0000e+00
   1159.000    -0.3214    -0.3214   2.921528   2.921566    325.029    318.206     0.1137     0.0026     0.1355   1274.670   78.83298    4.00368    34.9131    34.9136 0.0000e+00
   1160.000    -0.3220    -0.3221   2.921520   2.921546    325.080    318.223     0.1140     0.0079     0.1351   1275.637   78.83298    4.00369    34.9131    34.9136 0.0000e+00
   1161.000    -0.3225    -0.3226   2.921522   2.921552    325.056    317.836     0.1144     0.0096     0.1353   1276.604   78.83298    4.00370    34.9132    34.9136 0.0000e+00
   1162.000    -0.3227    -0.3227   2.921545   2.921585    324.644    317.823     0.1148     0.0056     0.1350   1277.563   78.83298    4.00370    34.9131    34.9136 0.0000e+00
   1163.000    -0.3227    -0.3227   2.921593   2.921628    324.543    317.474     0.1152     0.0023     0.1350   1278.520   78.83298    4.00370    34.9131    34.9137 0.0000e+00
   1164.000    -0.3229    -0.3230   2.921618   2.921653    324.676    317.562     0.1156     0.0020     0.1357   1279.477   78.83298    4.00370    34.9132    34.9137 0.0000e+00
   1165.000    -0.3235    -0.3234   2.921605   2.921641    324.262    317.536     0.1160     0.0023     0.1357   1280.434   78.83298    4.00368    34.9131    34.9135 0.0000e+00
   1166.000    -0.3244    -0.3243   2.921577   2.921609    324.000    317.364     0.1165     0.0022     0.1357   1281.402   78.83298    4.00368    34.9131    34.9135 0.0000e+00
   1167.000    -0.3250    -0.3250   2.921573   2.921602    323.935    317.273     0.1169     0.0021     0.1357   1282.386   78.83298    4.00370    34.9132    34.9136 0.0000e+00
   1168.000    -0.3263    -0.3264   2.921501   2.921529    324.579    317.177     0.1174     0.0023     0.1356   1283.375   78.83298    4.00370    34.9131    34.9136 0.0000e+00
   1169.000    -0.3271    -0.3272   2.921472   2.921498    324.039    317.581     0.1178     0.0020     0.1356   1284.354   78.83298    4.00370    34.9131    34.9135 0.0000e+00
   1170.000    -0.3286    -0.3288   2.921384   2.921411    324.061    317.408     0.1183     0.0017     0.1356   1285.313   78.83298    4.00370    34.9131    34.9137 0.0000e+00
   1171.000    -0.3294    -0.3292   2.921371   2.921425    324.110    317.179     0.1188     0.0017     0.1358   1286.268   78.83298    4.00370    34.9132    34.9138 0.0000e+00
   1172.000    -0.3297    -0.3298   2.921373   2.921414    324.222    317.558     0.1192     0.0019     0.1356   1287.227   78.83298    4.00370    34.9131    34.9137 0.0000e+00
   1173.000    -0.3297    -0.3299   2.921420   2.921451    324.202    317.745     0.1197     0.0017     0.1352   1288.185   78.83298    4.00370    34.9131    34.9137 0.0000e+00
   1174.000    -0.3305    -0.3305   2.921394   2.921431    324.001    317.779     0.1202     0.0032     0.1352   1289.158   78.83298    4.00370    34.9131    34.9136 0.0000e+00
   1175.000    -0.3310    -0.3311   2.921400   2.921439    324.121    317.814     0.1206     0.0093     0.1354   1290.139   78.83298    4.00370    34.9132    34.9138 0.0000e+00
   1176.000    -0.3312    -0.3312   2.921423   2.921462    323.954    317.628     0.1211     0.0092     0.1356   1291.127   78.83298    4.00370    34.9131    34.9136 0.0000e+00
