test_project/cnv_files/Sta0224_bin.cnv
* Sea-Bird SBE 9 Data File:
* FileName = C:\Seabird\CTDDATA\Sta0224.hex
* Software Version Seasave V 7.26.7.107
* Temperature SN = 03-4535
* Conductivity SN = 2860
* Number of Bytes Per Scan = 44
* Number of Voltage Words = 5
* Number of Scans Averaged by the Deck Unit = 1
* NMEA Latitude = 78 08.23 N
* NMEA Longitude = 015 57.72 W
* NMEA UTC (Time) = Sep 08 2019 01:52:42
* NMEA baud rate = 9600
** Ship: "Kronprins Haakon"
** Station: 0224
** Echodepth: 431
** Log: 6066.729
** Wind-Dir Force(m/s): 24 05
** Air-temp (dry): -2.0
** Weather Sky: 0 1
** Sea Ice: 0 4
# nquan = 17
# nvalues = 418                         
# units = specified
# name 0 = prDM: Pressure, Digiquartz [db]
# name 1 = t090C: Temperature [ITS-90, deg C]
# name 2 = t190C: Temperature, 2 [ITS-90, deg C]
# name 3 = c0S/m: Conductivity [S/m]
# name 4 = c1S/m: Conductivity, 2 [S/m]
# name 5 = sbox0Mm/Kg: Oxygen, SBE 43 [umol/kg]
# name 6 = sbox1Mm/Kg: Oxygen, SBE 43, 2 [umol/kg]
# name 7 = wetCDOM: Fluorescence, WET Labs CDOM [mg/m^3]
# name 8 = flECO-AFL: Fluorescence, WET Labs ECO-AFL/FL [mg/m^3]
# name 9 = CStarAt0: Beam Attenuation, WET Labs C-Star [1/m]
# name 10 = timeS: Time, Elapsed [seconds]
# name 11 = latitude: Latitude [deg]
# name 12 = longitude: Longitude [deg]
# name 13 = upoly0: Upoly 0, ISUS
# name 14 = sal00: Salinity, Practical [PSU]
# name 15 = sal11: Salinity, Practical, 2 [PSU]
# name 16 = flag: flag
# span 0 =      3.000,    420.000       
# span 1 =    -1.6744,     1.8887       
# span 2 =    -1.6745,     1.8894       
# span 3 =   0.055269,   3.071440       
# span 4 =   2.229407,   3.071440       
# span 5 =    306.165,    483.088       
# span 6 =    300.714,    709.353       
# span 7 =     0.1098,     0.1790       
# span 8 =    -0.0001,     0.9923       
# span 9 =     0.1293,     0.2497       
# span 10 =     22.484,    698.684      
# span 11 =   78.13730,   78.13732      
# span 12 =  -15.96206,  -15.96202      
# span 13 =  13.633282,  26.042990      
# span 14 =     0.5286,    34.9082      
# span 15 =    25.2696,    34.9083      
# span 16 = 0.0000e+00, 0.0000e+00      
# interval = decibars: 1                
# start_time = Sep 08 2019 01:52:42 [NMEA time, header]
# bad_flag = -9.990e-29
*END*
[from data line 86]
     89.000    -1.6117    -1.6115   2.636574   2.636572    370.122    364.274     0.1757     0.0486     0.1600    356.264   78.13732  -15.96202  18.661189    33.1443    33.1441 0.0000e+00
     90.000    -1.6069    -1.6071   2.638594   2.638583    369.676    363.690     0.1753     0.0603     0.1591    357.305   78.13732  -15.96202  18.494256    33.1663    33.1664 0.0000e+00
     91.000    -1.5962    -1.5965   2.641542   2.641526    369.415    363.476     0.1750     0.0609     0.1590    358.333   78.13732  -15.96202  18.606821    33.1944    33.1945 0.0000e+00
     92.000    -1.5943    -1.5940   2.643613   2.643606    370.231    363.444     0.1746     0.0600     0.1585    359.352   78.13732  -15.96202  18.957365    33.2204    33.2199 0.0000e+00
     93.000    -1.5921    -1.5928   2.645944   2.645941    369.928    363.289     0.1742     0.0534     0.1585    360.370   78.13732  -15.96202  18.907162    33.2496    33.2502 0.0000e+00
     94.000    -1.5661    -1.5670   2.650106   2.650086    368.378    362.243     0.1737     0.0468     0.1592    361.393   78.13732  -15.96202  18.801132    33.2774    33.2782 0.0000e+00
     95.000    -1.5741    -1.5731   2.652556   2.652554    367.814    362.109     0.1733     0.0459     0.1584    362.418   78.13732  -15.96202  19.145866    33.3196    33.3185 0.0000e+00
     96.000    -1.5624    -1.5633   2.656665   2.656621    367.687    361.584     0.1728     0.0519     0.1581    363.459   78.13732  -15.96202  19.269841    33.3627    33.3631 0.0000e+00
     97.000    -1.5671    -1.5665   2.658805   2.658801    366.282    360.611     0.1724     0.0469     0.1584    364.502   78.13732  -15.96202  19.323928    33.3969    33.3962 0.0000e+00
     98.000    -1.5665    -1.5664   2.660270   2.660255    365.041    360.237     0.1719     0.0350     0.1579    365.535   78.13732  -15.96202  19.401681    33.4158    33.4156 0.0000e+00
     99.000    -1.5443    -1.5460   2.663401   2.663367    363.961    359.223     0.1714     0.0365     0.1567    366.564   78.13732  -15.96202  18.940237    33.4335    33.4349 0.0000e+00
    100.000    -1.5521    -1.5508   2.663747   2.663769    363.933    358.926     0.1708     0.0435     0.1568    367.591   78.13732  -15.96202  19.001075    33.4465    33.4453 0.0000e+00
    101.000    -1.5445    -1.5453   2.666027   2.665981    364.237    358.494     0.1703     0.0618     0.1563    368.616   78.13732  -15.96202  19.449294    33.4688    33.4691 0.0000e+00
    102.000    -1.5365    -1.5363   2.668035   2.668018    363.161    357.991     0.1697     0.0599     0.1565    369.639   78.13732  -15.96202  19.414191    33.4870    33.4865 0.0000e+00
    103.000    -1.5231    -1.5240   2.670526   2.670496    362.509    357.688     0.1691     0.0387     0.1571    370.667   78.13732  -15.96202  19.225465    33.5057    33.5063 0.0000e+00
    104.000    -1.5164    -1.5160   2.672605   2.672601    362.942    357.630     0.1685     0.0339     0.1554    371.703   78.13732  -15.96202  19.950431    33.5262    33.5257 0.0000e+00
    105.000    -1.5382    -1.5372   2.671467   2.671453    362.872    357.717     0.1679     0.0407     0.1548    372.743   78.13732  -15.96202  19.955515    33.5345    33.5331 0.0000e+00
    106.000    -1.5764    -1.5755   2.669069   2.669086    361.801    356.771     0.1673     0.0476     0.1545    373.789   78.13732  -15.96202  20.013664    33.5436    33.5428 0.0000e+00
    107.000    -1.5773    -1.5773   2.669555   2.669557    359.965    355.232     0.1666     0.0512     0.1540    374.834   78.13732  -15.96202  19.410664    33.5507    33.5508 0.0000e+00
    108.000    -1.5513    -1.5528   2.672684   2.672648    359.660    354.883     0.1660     0.0455     0.1536    375.878   78.13732  -15.96202  19.857715    33.5641    33.5653 0.0000e+00
    109.000    -1.5095    -1.5096   2.677144   2.677114    362.035    355.857     0.1653     0.0450     0.1531    376.915   78.13732  -15.96202  19.934357    33.5779    33.5777 0.0000e+00
    110.000    -1.5439    -1.5433   2.675095   2.675093    365.435    357.084     0.1646     0.0399     0.1529    377.940   78.13732  -15.96202  19.949753    33.5879    33.5872 0.0000e+00
    111.000    -1.5267    -1.5274   2.677153   2.677137    363.721    356.444     0.1639     0.0462     0.1526    378.968   78.13732  -15.96202  19.967972    33.5963    33.5968 0.0000e+00
    112.000    -1.5014    -1.5024   2.680510   2.680478    360.318    355.157     0.1632     0.0524     0.1518    379.986   78.13732  -15.96203  19.712897    33.6134    33.6141 0.0000e+00
    113.000    -1.5035    -1.5034   2.681764   2.681767    360.459    355.198     0.1625     0.0466     0.1514    381.011   78.13732  -15.96204  20.048703    33.6326    33.6324 0.0000e+00
    114.000    -1.4900    -1.4905   2.684589   2.684555    360.846    354.675     0.1617     0.0455     0.1515    382.032   78.13732  -15.96204  20.176729    33.6557    33.6558 0.0000e+00
    115.000    -1.4837    -1.4834   2.687224   2.687209    359.447    353.955     0.1610     0.0276     0.1517    383.059   78.13732  -15.96204  20.348678    33.6843    33.6838 0.0000e+00
    116.000    -1.4850    -1.4851   2.688140   2.688133    358.487    353.392     0.1603     0.0351     0.1510    384.094   78.13732  -15.96204  20.092114    33.6978    33.6979 0.0000e+00
    117.000    -1.4812    -1.4814   2.689449   2.689436    357.184    352.204     0.1596     0.0438     0.1505    385.128   78.13732  -15.96204  20.015026    33.7109    33.7110 0.0000e+00
    118.000    -1.4684    -1.4688   2.691455   2.691433    356.414    351.488     0.1589     0.0364     0.1499    386.165   78.13732  -15.96204  20.243335    33.7235    33.7237 0.0000e+00
    119.000    -1.4013    -1.4066   2.698746   2.698638    355.340    350.448     0.1581     0.0623     0.1504    387.204   78.13732  -15.96204  20.085197    33.7475    33.7521 0.0000e+00
    120.000    -1.3223    -1.3217   2.707053   2.707014    355.779    349.828     0.1574     0.0659     0.1492    388.248   78.13732  -15.96204  20.021793    33.7720    33.7707 0.0000e+00
    121.000    -1.3953    -1.3927   2.701716   2.701730    358.933    352.044     0.1567     0.0409     0.1488    389.301   78.13732  -15.96204  20.393068    33.7804    33.7777 0.0000e+00
    122.000    -1.4227    -1.4217   2.700123   2.700135    354.475    350.153     0.1561     0.0368     0.1480    390.350   78.13732  -15.96204  20.580023    33.7888    33.7879 0.0000e+00
    123.000    -1.4420    -1.4420   2.699562   2.699581    348.031    347.239     0.1554     0.0360     0.1475    391.394   78.13732  -15.96204  20.743570    33.8024    33.8026 0.0000e+00
    124.000    -1.4192    -1.4198   2.703142   2.703133    348.228    346.235     0.1547     0.0237     0.1475    392.428   78.13732  -15.96204  20.530776    33.8252    33.8258 0.0000e+00
    125.000    -1.4053    -1.4055   2.705266   2.705249    351.141    346.724     0.1540     0.0258     0.1471    393.448   78.13732  -15.96204  20.100725    33.8381    33.8382 0.0000e+00
    126.000    -1.4013    -1.4014   2.706727   2.706730    353.797    346.984     0.1534     0.0332     0.1466    394.461   78.13732  -15.96204  20.447265    33.8532    33.8533 0.0000e+00
    127.000    -1.3313    -1.3346   2.713932   2.713892    353.467    346.121     0.1527     0.0389     0.1459    395.473   78.13732  -15.96204  20.850489    33.8722    33.8755 0.0000e+00
    128.000    -1.2738    -1.2748   2.720716   2.720652    352.514    345.873     0.1521     0.0369     0.1455    396.477   78.13732  -15.96204  21.102533    33.8997    33.8999 0.0000e+00
    129.000    -1.2374    -1.2388   2.725495   2.725447    352.956    346.219     0.1515     0.0243     0.1456    397.492   78.13732  -15.96204  21.165581    33.9235    33.9244 0.0000e+00
    130.000    -1.2128    -1.2136   2.728529   2.728467    350.962    345.501     0.1509     0.0234     0.1454    398.520   78.13732  -15.96204  21.241620    33.9365    33.9366 0.0000e+00
    131.000    -1.1655    -1.1670   2.733928   2.733874    346.450    343.626     0.1502     0.0221     0.1452    399.566   78.13732  -15.96204  21.386514    33.9562    33.9572 0.0000e+00
    132.000    -1.1387    -1.1396   2.737454   2.737449    343.897    342.368     0.1497     0.0172     0.1447    400.624   78.13732  -15.96204  21.362206    33.9736    33.9745 0.0000e+00
    133.000    -1.0467    -1.0494   2.746417   2.746331    342.018    340.615     0.1491     0.0288     0.1443    401.689   78.13732  -15.96204  21.844405    33.9912    33.9931 0.0000e+00
    134.000    -1.0174    -1.0178   2.749934   2.749888    342.295    340.098     0.1485     0.0309     0.1437    402.756   78.13732  -15.96204  21.909849    34.0054    34.0052 0.0000e+00
    135.000    -1.0050    -1.0055   2.751590   2.751550    342.019    339.464     0.1480     0.0301     0.1431    403.811   78.13732  -15.96204  22.167279    34.0133    34.0133 0.0000e+00
    136.000    -0.9871    -0.9876   2.753833   2.753784    338.588    337.779     0.1475     0.0302     0.1423    404.845   78.13732  -15.96204  21.872255    34.0230    34.0228 0.0000e+00
    137.000    -0.9816    -0.9817   2.755007   2.754981    336.565    336.947     0.1469     0.0366     0.1412    405.857   78.13732  -15.96204  21.809746    34.0321    34.0320 0.0000e+00
    138.000    -0.9567    -0.9581   2.757895   2.757817    336.788    336.036     0.1465     0.0238     0.1411    406.854   78.13732  -15.96204  21.881544    34.0427    34.0432 0.0000e+00
    139.000    -0.8963    -0.8986   2.763899   2.763602    337.313    334.674     0.1460     0.0284     0.1411    407.851   78.13732  -15.96204  22.027688    34.0554    34.0539 0.0000e+00
    140.000    -0.8455    -0.8470   2.769176   2.769127    338.812    334.518     0.1455     0.0345     0.1412    408.853   78.13732  -15.96204  22.171990    34.0689    34.0701 0.0000e+00
    141.000    -0.7827    -0.7853   2.775491   2.775370    339.722    335.025     0.1451     0.0243     0.1411    409.872   78.13732  -15.96204  21.620629    34.0830    34.0843 0.0000e+00
    142.000    -0.7325    -0.7337   2.780709   2.780637    338.317    334.819     0.1446     0.0154     0.1405    410.907   78.13732  -15.96204  21.639521    34.0963    34.0968 0.0000e+00
    143.000    -0.7030    -0.7030   2.784348   2.784271    336.491    333.739     0.1442     0.0187     0.1410    411.964   78.13732  -15.96204  22.471311    34.1116    34.1106 0.0000e+00
    144.000    -0.7020    -0.7021   2.785405   2.785356    333.588    332.473     0.1438     0.0255     0.1403    413.040   78.13732  -15.96204  22.576973    34.1242    34.1237 0.0000e+00
    145.000    -0.6911    -0.6910   2.787153   2.787108    330.320    330.960     0.1434     0.0249     0.1399    414.103   78.13732  -15.96204  23.060448    34.1348    34.1341 0.0000e+00
    146.000    -0.6930    -0.6927   2.787626   2.787582    329.554    330.013     0.1431     0.0150     0.1390    415.154   78.13732  -15.96204  22.880756    34.1428    34.1418 0.0000e+00
    147.000    -0.6933    -0.6938   2.788255   2.788204    329.618    328.849     0.1427     0.0138     0.1389    416.180   78.13732  -15.96204  22.637629    34.1511    34.1509 0.0000e+00
    148.000    -0.6764    -0.6767   2.790250   2.790222    330.127    328.190     0.1424     0.0152     0.1384    417.188   78.13732  -15.96204  22.583909    34.1582    34.1582 0.0000e+00
    149.000    -0.6859    -0.6848   2.790214   2.790192    332.076    328.451     0.1421     0.0211     0.1384    418.198   78.13732  -15.96204  22.585984    34.1679    34.1664 0.0000e+00
    150.000    -0.6547    -0.6567   2.793523   2.793455    332.595    328.281     0.1417     0.0143     0.1389    419.204   78.13732  -15.96204  22.480058    34.1767    34.1780 0.0000e+00
    151.000    -0.6027    -0.6045   2.799226   2.799104    332.462    328.527     0.1414     0.0103     0.1389    420.225   78.13732  -15.96204  22.433856    34.1943    34.1947 0.0000e+00
    152.000    -0.5187    -0.5239   2.807645   2.807325    333.577    329.005     0.1412     0.0202     0.1389    421.259   78.13732  -15.96204  22.548877    34.2121    34.2138 0.0000e+00
    153.000    -0.4159    -0.4199   2.817615   2.817392    334.183    328.852     0.1409     0.0165     0.1390    422.313   78.13732  -15.96204  22.325588    34.2295    34.2311 0.0000e+00
    154.000    -0.3530    -0.3541   2.823792   2.823718    333.958    328.897     0.1406     0.0203     0.1397    423.376   78.13732  -15.96204  22.292258    34.2409    34.2410 0.0000e+00
    155.000    -0.3292    -0.3297   2.826367   2.826275    331.159    327.849     0.1404     0.0221     0.1390    424.430   78.13732  -15.96204  22.946253    34.2479    34.2472 0.0000e+00
    156.000    -0.3405    -0.3399   2.825738   2.825695    325.650    325.909     0.1401     0.0175     0.1386    425.471   78.13732  -15.96204  23.085255    34.2515    34.2503 0.0000e+00
    157.000    -0.3293    -0.3300   2.827121   2.827127    321.487    323.388     0.1399     0.0107     0.1380    426.493   78.13732  -15.96204  23.096549    34.2569    34.2577 0.0000e+00
    158.000    -0.2022    -0.2056   2.839335   2.839275    319.215    321.145     0.1396     0.0129     0.1379    427.504   78.13732  -15.96204  23.318932    34.2764    34.2793 0.0000e+00
    159.000    -0.1554    -0.1551   2.844276   2.844247    323.288    322.123     0.1394     0.0194     0.1380    428.515   78.13732  -15.96204  23.592394    34.2889    34.2882 0.0000e+00
    160.000    -0.1787    -0.1782   2.843119   2.843055    327.328    323.265     0.1391     0.0190     0.1381    429.520   78.13732  -15.96204  23.445183    34.2991    34.2978 0.0000e+00
    161.000    -0.1374    -0.1383   2.847431   2.847388    323.515    320.884     0.1388     0.0138     0.1370    430.532   78.13732  -15.96204  23.400561    34.3095    34.3099 0.0000e+00
    162.000    -0.1143    -0.1144   2.849843   2.849773    319.559    319.355     0.1385     0.0124     0.1373    431.563   78.13732  -15.96204  23.718520    34.3150    34.3142 0.0000e+00
    163.000    -0.0895    -0.0906   2.852608   2.852526    319.309    318.956     0.1382     0.0131     0.1370    432.616   78.13732  -15.96204  23.839644    34.3233    34.3234 0.0000e+00
    164.000    -0.0493    -0.0508   2.856943   2.856864    319.650    318.747     0.1379     0.0225     0.1369    433.684   78.13732  -15.96204  23.792390    34.3351    34.3357 0.0000e+00
    165.000    -0.0044    -0.0045   2.861635   2.861585    320.001    318.222     0.1375     0.0204     0.1369    434.755   78.13732  -15.96204  23.362857    34.3463    34.3458 0.0000e+00
    166.000     0.0218     0.0211   2.864600   2.864536    320.592    317.796     0.1371     0.0131     0.1367    435.818   78.13732  -15.96204  23.126099    34.3556    34.3555 0.0000e+00
    167.000     0.0394     0.0395   2.866936   2.866883    319.849    317.395     0.1367     0.0127     0.1367    436.862   78.13732  -15.96204  23.608946    34.3662    34.3654 0.0000e+00
    168.000     0.0299     0.0305   2.866661   2.866621    318.474    316.940     0.1363     0.0265     0.1357    437.885   78.13732  -15.96204  23.947186    34.3726    34.3714 0.0000e+00
    169.000     0.0276     0.0277   2.867118   2.867055    316.830    316.000     0.1359     0.0108     0.1359    438.891   78.13732  -15.96204  23.812307    34.3807    34.3797 0.0000e+00
    170.000     0.0447     0.0441   2.869111   2.869053    316.429    315.090     0.1355     0.0140     0.1360    439.879   78.13732  -15.96204  23.777665    34.3872    34.3871 0.0000e+00
    171.000     0.0759     0.0749   2.872528   2.872448    318.305    315.251     0.1351     0.0104     0.1357    440.863   78.13732  -15.96204  24.222648    34.3968    34.3969 0.0000e+00
    172.000     0.1158     0.1139   2.876816   2.876658    319.754    315.915     0.1348     0.0135     0.1356    441.860   78.13732  -15.96204  23.760968    34.4081    34.4081 0.0000e+00
