test_project/cnv_files/sta0242_bin.cnv
* Sea-Bird SBE 9 Data File:
* FileName = C:\Seabird\CTDDATA\Sta0242.hex
* Software Version Seasave V 7.26.7.107
* Temperature SN = 03-4535
* Conductivity SN = 2860
* Number of Bytes Per Scan = 44
* Number of Voltage Words = 5
* Number of Scans Averaged by the Deck Unit = 1
* NMEA Latitude = 78 50.02 N
* NMEA Longitude = 003 00.19 E
* NMEA UTC (Time) = Sep 14 2019 05:38:36
* NMEA baud rate = 9600
** Ship: "Kronprins Haakon"
** Station: 0242
** Echodepth: 2404
** Log: 6462.70
** Wind-Dir Force(m/s): 10 09
** Air-temp (dry): 5.6
** Weather Sky: 2 8
** Sea Ice: 3 0
# nquan = 16
# nvalues = 2435                        
# units = specified
# name 0 = prDM: Pressure, Digiquartz [db]
# name 1 = t090C: Temperature [ITS-90, deg C]
# name 2 = t190C: Temperature, 2 [ITS-90, deg C]
# name 3 = c0S/m: Conductivity [S/m]
# name 4 = c1S/m: Conductivity, 2 [S/m]
# name 5 = sbox0Mm/Kg: Oxygen, SBE 43 [umol/kg]
# name 6 = sbox1Mm/Kg: Oxygen, SBE 43, 2 [umol/kg]
# name 7 = wetCDOM: Fluorescence, WET Labs CDOM [mg/m^3]
# name 8 = flECO-AFL: Fluorescence, WET Labs ECO-AFL/FL [mg/m^3]
# name 9 = CStarAt0: Beam Attenuation, WET Labs C-Star [1/m]
# name 10 = timeS: Time, Elapsed [seconds]
# name 11 = latitude: Latitude [deg]
# name 12 = longitude: Longitude [deg]
# name 13 = sal00: Salinity, Practical [PSU]
# name 14 = sal11: Salinity, Practical, 2 [PSU]
# name 15 = flag: flag
# span 0 =      3.000,   2437.000       
# span 1 =    -0.7379,     5.7723       
# span 2 =    -0.7377,     5.7484       
# span 3 =   2.917991,   3.407146       
# span 4 =   2.918042,   3.440095       
# span 5 =    269.667,    328.568       
# span 6 =    252.753,    325.248       
# span 7 =     0.0903,     0.1337       
# span 8 =    -0.0050,     1.9434       
# span 9 =     0.1259,     0.4522       
# span 10 =    185.363,   2710.631      
# span 11 =   78.83366,   78.83372      
# span 12 =    3.00308,    3.00326      
# span 13 =    33.2257,    35.0389      
# span 14 =    34.7297,    35.4459      
# span 15 = 0.0000e+00, 0.0000e+00      
# interval = decibars: 1                
# start_time = Sep 14 2019 05:38:36 [NMEA time, header]
# bad_flag = -9.990e-29
*END*
[from data line 2351]
   2354.000    -0.7289    -0.7286   2.936426   2.936542    306.136    299.777     0.1198     0.0070     0.1352   2599.471   78.83370    3.00320    34.9175    34.9187 0.0000e+00
   2355.000    -0.7283    -0.7282   2.936527   2.936617    305.946    300.184     0.1196     0.0002     0.1343   2600.517   78.83370    3.00320    34.9177    34.9186 0.0000e+00
   2356.000    -0.7282    -0.7281   2.936588   2.936667    305.786    299.986     0.1195     0.0019     0.1347   2601.552   78.83370    3.00320    34.9178    34.9188 0.0000e+00
   2357.000    -0.7283    -0.7282   2.936617   2.936699    305.964    299.652     0.1194     0.0095     0.1347   2602.571   78.83370    3.00320    34.9178    34.9187 0.0000e+00
   2358.000    -0.7286    -0.7283   2.936629   2.936736    305.767    300.134     0.1193     0.0096     0.1344   2603.591   78.83370    3.00320    34.9177    34.9189 0.0000e+00
   2359.000    -0.7287    -0.7285   2.936668   2.936752    305.658    300.587     0.1192     0.0089     0.1346   2604.628   78.83370    3.00320    34.9178    34.9187 0.0000e+00
   2360.000    -0.7289    -0.7287   2.936703   2.936792    306.080    300.052     0.1191    -0.0003     0.1346   2605.681   78.83370    3.00320    34.9180    34.9189 0.0000e+00
   2361.000    -0.7288    -0.7286   2.936742   2.936832    305.497    300.025     0.1191     0.0001     0.1348   2606.724   78.83370    3.00319    34.9179    34.9189 0.0000e+00
   2362.000    -0.7287    -0.7286   2.936789   2.936883    305.386    300.009     0.1191     0.0080     0.1346   2607.746   78.83370    3.00318    34.9179    34.9190 0.0000e+00
   2363.000    -0.7287    -0.7285   2.936841   2.936942    305.674    300.084     0.1191     0.0019     0.1346   2608.759   78.83370    3.00318    34.9180    34.9191 0.0000e+00
   2364.000    -0.7286    -0.7284   2.936886   2.936987    305.366    299.712     0.1191     0.0073     0.1345   2609.785   78.83370    3.00319    34.9180    34.9191 0.0000e+00
   2365.000    -0.7286    -0.7284   2.936927   2.937021    306.142    300.009     0.1192     0.0037     0.1346   2610.831   78.83370    3.00320    34.9180    34.9190 0.0000e+00
   2366.000    -0.7287    -0.7285   2.936964   2.937058    305.505    300.089     0.1193     0.0072     0.1347   2611.887   78.83370    3.00320    34.9180    34.9191 0.0000e+00
   2367.000    -0.7286    -0.7284   2.936989   2.937103    305.236    300.222     0.1194     0.0139     0.1346   2612.939   78.83370    3.00320    34.9178    34.9191 0.0000e+00
   2368.000    -0.7286    -0.7284   2.937051   2.937144    305.370    300.051     0.1195     0.0068     0.1347   2613.978   78.83370    3.00319    34.9180    34.9191 0.0000e+00
   2369.000    -0.7286    -0.7284   2.937095   2.937192    305.750    299.550     0.1197     0.0056     0.1347   2615.004   78.83370    3.00318    34.9182    34.9192 0.0000e+00
   2370.000    -0.7289    -0.7287   2.937106   2.937206    305.389    299.592     0.1198     0.0096     0.1348   2616.020   78.83370    3.00318    34.9181    34.9192 0.0000e+00
   2371.000    -0.7290    -0.7288   2.937141   2.937240    305.339    299.861     0.1200     0.0096     0.1353   2617.029   78.83370    3.00318    34.9181    34.9192 0.0000e+00
   2372.000    -0.7289    -0.7287   2.937195   2.937296    305.789    300.063     0.1203     0.0065     0.1349   2618.045   78.83370    3.00318    34.9182    34.9194 0.0000e+00
   2373.000    -0.7289    -0.7287   2.937236   2.937326    305.402    300.205     0.1205     0.0002     0.1352   2619.085   78.83370    3.00318    34.9183    34.9193 0.0000e+00
   2374.000    -0.7290    -0.7288   2.937262   2.937361    305.711    300.168     0.1208     0.0009     0.1352   2620.142   78.83370    3.00318    34.9182    34.9193 0.0000e+00
   2375.000    -0.7292    -0.7290   2.937290   2.937393    305.650    299.640     0.1210     0.0008     0.1351   2621.198   78.83370    3.00318    34.9182    34.9194 0.0000e+00
   2376.000    -0.7293    -0.7291   2.937320   2.937413    305.525    299.354     0.1213     0.0031     0.1348   2622.240   78.83370    3.00318    34.9183    34.9193 0.0000e+00
   2377.000    -0.7293    -0.7291   2.937366   2.937459    305.658    300.070     0.1216     0.0094     0.1351   2623.268   78.83370    3.00318    34.9184    34.9193 0.0000e+00
   2378.000    -0.7295    -0.7292   2.937386   2.937481    304.990    299.754     0.1218     0.0085     0.1354   2624.291   78.83370    3.00318    34.9183    34.9193 0.0000e+00
   2379.000    -0.7293    -0.7291   2.937442   2.937539    306.035    300.062     0.1221     0.0023     0.1351   2625.321   78.83370    3.00318    34.9183    34.9193 0.0000e+00
   2380.000    -0.7293    -0.7290   2.937492   2.937579    305.321    300.105     0.1224     0.0086     0.1356   2626.356   78.83370    3.00318    34.9184    34.9192 0.0000e+00
   2381.000    -0.7294    -0.7292   2.937517   2.937606    305.874    300.267     0.1226     0.0022     0.1357   2627.391   78.83370    3.00318    34.9184    34.9193 0.0000e+00
   2382.000    -0.7292    -0.7291   2.937547   2.937645    304.494    300.263     0.1228     0.0031     0.1355   2638.021   78.83370    3.00318    34.9181    34.9192 0.0000e+00
   2383.000    -0.7292    -0.7290   2.937596   2.937688    303.924    300.058     0.1230     0.0051     0.1357   2645.349   78.83370    3.00319    34.9182    34.9191 0.0000e+00
   2384.000    -0.7292    -0.7289   2.937642   2.937734    304.482    299.712     0.1231     0.0020     0.1357   2647.063   78.83370    3.00320    34.9182    34.9191 0.0000e+00
   2385.000    -0.7292    -0.7291   2.937684   2.937765    304.386    299.941     0.1232     0.0009     0.1357   2648.478   78.83370    3.00320    34.9183    34.9192 0.0000e+00
   2386.000    -0.7292    -0.7290   2.937721   2.937814    304.739    299.584     0.1232     0.0008     0.1359   2649.824   78.83370    3.00319    34.9182    34.9192 0.0000e+00
   2387.000    -0.7297    -0.7294   2.937723   2.937821    304.488    300.033     0.1232     0.0020     0.1356   2651.234   78.83370    3.00318    34.9183    34.9193 0.0000e+00
   2388.000    -0.7299    -0.7297   2.937738   2.937843    304.665    300.083     0.1232     0.0090     0.1362   2652.655   78.83370    3.00318    34.9183    34.9194 0.0000e+00
   2389.000    -0.7301    -0.7298   2.937774   2.937868    304.525    300.370     0.1231     0.0055     0.1357   2654.052   78.83370    3.00318    34.9184    34.9193 0.0000e+00
   2390.000    -0.7303    -0.7302   2.937784   2.937887    304.773    299.302     0.1230     0.0058     0.1354   2655.440   78.83370    3.00320    34.9183    34.9194 0.0000e+00
   2391.000    -0.7303    -0.7302   2.937821   2.937925    304.442    299.959     0.1229     0.0096     0.1357   2656.850   78.83370    3.00320    34.9182    34.9194 0.0000e+00
   2392.000    -0.7303    -0.7301   2.937869   2.937973    304.701    299.855     0.1228     0.0068     0.1365   2658.268   78.83370    3.00320    34.9183    34.9195 0.0000e+00
   2393.000    -0.7303    -0.7301   2.937906   2.938007    304.736    300.016     0.1227     0.0058     0.1362   2659.655   78.83370    3.00320    34.9183    34.9194 0.0000e+00
   2394.000    -0.7305    -0.7302   2.937949   2.938053    304.497    299.482     0.1226     0.0092     0.1357   2661.024   78.83370    3.00320    34.9186    34.9196 0.0000e+00
   2395.000    -0.7304    -0.7302   2.937991   2.938096    304.793    300.594     0.1225     0.0021     0.1358   2662.412   78.83370    3.00320    34.9185    34.9197 0.0000e+00
   2396.000    -0.7304    -0.7303   2.938035   2.938141    304.864    299.712     0.1224     0.0005     0.1364   2663.786   78.83370    3.00320    34.9186    34.9198 0.0000e+00
   2397.000    -0.7302    -0.7300   2.938093   2.938197    304.481    299.655     0.1223     0.0042     0.1368   2664.871   78.83370    3.00320    34.9186    34.9197 0.0000e+00
   2398.000    -0.7303    -0.7301   2.938138   2.938233    304.738    299.476     0.1222     0.0095     0.1364   2665.854   78.83370    3.00320    34.9188    34.9198 0.0000e+00
   2399.000    -0.7302    -0.7300   2.938180   2.938280    305.177    299.840     0.1221     0.0096     0.1371   2666.859   78.83370    3.00320    34.9187    34.9198 0.0000e+00
   2400.000    -0.7302    -0.7299   2.938231   2.938329    305.577    299.949     0.1220     0.0096     0.1376   2667.889   78.83370    3.00320    34.9188    34.9198 0.0000e+00
   2401.000    -0.7300    -0.7298   2.938285   2.938386    305.098    299.355     0.1219     0.0096     0.1369   2668.935   78.83370    3.00320    34.9188    34.9199 0.0000e+00
   2402.000    -0.7299    -0.7296   2.938335   2.938438    305.307    299.341     0.1218     0.0096     0.1375   2670.089   78.83370    3.00320    34.9189    34.9199 0.0000e+00
   2403.000    -0.7300    -0.7297   2.938365   2.938458    305.046    299.991     0.1217     0.0101     0.1370   2672.116   78.83370    3.00320    34.9188    34.9197 0.0000e+00
   2404.000    -0.7304    -0.7302   2.938392   2.938497    304.551    299.699     0.1217     0.0151     0.1365   2673.436   78.83370    3.00320    34.9191    34.9203 0.0000e+00
   2405.000    -0.7305    -0.7303   2.938419   2.938535    304.577    299.986     0.1216     0.0130     0.1366   2674.529   78.83370    3.00320    34.9191    34.9204 0.0000e+00
   2406.000    -0.7305    -0.7303   2.938473   2.938563    304.785    299.961     0.1215     0.0028     0.1375   2675.521   78.83370    3.00320    34.9192    34.9202 0.0000e+00
   2407.000    -0.7304    -0.7302   2.938516   2.938613    305.109    300.031     0.1214     0.0090     0.1369   2676.532   78.83370    3.00320    34.9192    34.9203 0.0000e+00
   2408.000    -0.7304    -0.7302   2.938558   2.938663    305.613    300.085     0.1211     0.0092     0.1366   2677.575   78.83370    3.00320    34.9191    34.9203 0.0000e+00
   2409.000    -0.7303    -0.7301   2.938601   2.938710    305.305    299.992     0.1209     0.0096     0.1368   2678.629   78.83370    3.00320    34.9192    34.9204 0.0000e+00
   2410.000    -0.7303    -0.7300   2.938650   2.938753    305.505    299.433     0.1208     0.0096     0.1372   2679.675   78.83370    3.00320    34.9192    34.9203 0.0000e+00
   2411.000    -0.7302    -0.7300   2.938698   2.938793    305.562    299.359     0.1210     0.0096     0.1377   2680.703   78.83370    3.00320    34.9193    34.9203 0.0000e+00
   2412.000    -0.7302    -0.7299   2.938747   2.938838    305.178    299.517     0.1213     0.0095     0.1370   2681.725   78.83370    3.00320    34.9194    34.9203 0.0000e+00
   2413.000    -0.7300    -0.7298   2.938792   2.938896    305.841    299.859     0.1216     0.0033     0.1368   2682.754   78.83370    3.00320    34.9193    34.9204 0.0000e+00
   2414.000    -0.7300    -0.7297   2.938840   2.938942    305.416    300.058     0.1220     0.0011     0.1368   2683.789   78.83370    3.00320    34.9193    34.9204 0.0000e+00
   2415.000    -0.7299    -0.7296   2.938877   2.938982    305.152    299.884     0.1222     0.0064     0.1371   2684.830   78.83370    3.00320    34.9192    34.9203 0.0000e+00
   2416.000    -0.7298    -0.7296   2.938928   2.939023    305.471    299.921     0.1222     0.0046     0.1369   2685.875   78.83370    3.00319    34.9193    34.9203 0.0000e+00
   2417.000    -0.7298    -0.7295   2.938977   2.939068    305.342    299.478     0.1222     0.0008     0.1372   2686.919   78.83370    3.00318    34.9194    34.9203 0.0000e+00
   2418.000    -0.7297    -0.7294   2.939020   2.939114    305.590    300.203     0.1221     0.0047     0.1371   2687.951   78.83370    3.00318    34.9193    34.9202 0.0000e+00
   2419.000    -0.7296    -0.7294   2.939063   2.939164    305.586    299.561     0.1222     0.0060     0.1369   2688.975   78.83370    3.00319    34.9193    34.9203 0.0000e+00
   2420.000    -0.7296    -0.7293   2.939111   2.939206    305.176    299.561     0.1224     0.0002     0.1368   2690.002   78.83370    3.00320    34.9193    34.9203 0.0000e+00
   2421.000    -0.7295    -0.7292   2.939155   2.939251    306.130    299.749     0.1227     0.0035     0.1374   2691.037   78.83370    3.00320    34.9193    34.9203 0.0000e+00
   2422.000    -0.7293    -0.7291   2.939201   2.939296    305.786    299.943     0.1233     0.0105     0.1370   2692.082   78.83370    3.00320    34.9192    34.9202 0.0000e+00
   2423.000    -0.7292    -0.7290   2.939241   2.939342    305.498    299.861     0.1240     0.0117     0.1368   2693.133   78.83370    3.00320    34.9191    34.9202 0.0000e+00
   2424.000    -0.7292    -0.7289   2.939282   2.939388    305.573    299.835     0.1247     0.0019     0.1368   2694.184   78.83370    3.00320    34.9191    34.9202 0.0000e+00
   2425.000    -0.7291    -0.7288   2.939330   2.939435    305.206    299.374     0.1251     0.0094     0.1369   2695.231   78.83370    3.00318    34.9191    34.9202 0.0000e+00
   2426.000    -0.7290    -0.7288   2.939387   2.939479    305.256    299.468     0.1250     0.0092     0.1371   2696.260   78.83370    3.00318    34.9193    34.9203 0.0000e+00
   2427.000    -0.7290    -0.7288   2.939426   2.939531    305.356    299.455     0.1242     0.0086     0.1377   2697.284   78.83370    3.00318    34.9192    34.9204 0.0000e+00
   2428.000    -0.7289    -0.7287   2.939476   2.939571    305.381    299.822     0.1226     0.0019     0.1372   2698.311   78.83370    3.00318    34.9193    34.9203 0.0000e+00
   2429.000    -0.7289    -0.7286   2.939525   2.939614    305.141    299.853     0.1208     0.0004     0.1375   2699.342   78.83370    3.00318    34.9194    34.9203 0.0000e+00
   2430.000    -0.7288    -0.7286   2.939561   2.939661    305.748    299.804     0.1190     0.0006     0.1372   2700.382   78.83370    3.00318    34.9192    34.9203 0.0000e+00
   2431.000    -0.7287    -0.7285   2.939613   2.939708    305.817    299.578     0.1177     0.0010     0.1370   2701.421   78.83370    3.00320    34.9193    34.9203 0.0000e+00
   2432.000    -0.7286    -0.7284   2.939660   2.939757    305.308    299.122     0.1175    -0.0001     0.1370   2702.457   78.83370    3.00320    34.9193    34.9203 0.0000e+00
   2433.000    -0.7285    -0.7283   2.939692   2.939789    305.349    299.581     0.1101     0.0025     0.1368   2703.797   78.83370    3.00319    34.9191    34.9201 0.0000e+00
   2434.000    -0.7285    -0.7282   2.939739   2.939838    305.285    299.732     0.1135     0.0091     0.1371   2705.576   78.83370    3.00318    34.9191    34.9201 0.0000e+00
   2435.000    -0.7283    -0.7281   2.939777   2.939883    304.533    299.872     0.1206     0.0046     0.1370   2707.488   78.83370    3.00318    34.9190    34.9202 0.0000e+00
   2436.000    -0.7283    -0.7280   2.939829   2.939930    304.377    299.912     0.1271     0.0086     0.1368   2709.062   78.83370    3.00318    34.9191    34.9201 0.0000e+00
   2437.000    -0.7282    -0.7280   2.939850   2.939967    304.942    299.956     0.1337    -0.0021     0.1371   2710.631   78.83370    3.00321    34.9187    34.9201 0.0000e+00
