test_project/cnv_files/Sta0228_bin.cnv
* Sea-Bird SBE 9 Data File:
* FileName = C:\Seabird\CTDDATA\Sta0228.hex
* Software Version Seasave V 7.26.7.107
* Temperature SN = 03-4535
* Conductivity SN = 2860
* Number of Bytes Per Scan = 44
* Number of Voltage Words = 5
* Number of Scans Averaged by the Deck Unit = 1
* NMEA Latitude = 77 57.40 N
* NMEA Longitude = 016 55.44 W
* NMEA UTC (Time) = Sep 08 2019 11:16:49
* NMEA baud rate = 9600
** Ship: "Kronprins Haakon"
** Station: 0228
** Echodepth: 402
** Log: 6083.721
** Wind-Dir Force(m/s): 34 12
** Air-temp (dry): -3.6
** Weather Sky: 0 1
** Sea Ice: 0 5
# nquan = 17
# nvalues = 391                         
# units = specified
# name 0 = prDM: Pressure, Digiquartz [db]
# name 1 = t090C: Temperature [ITS-90, deg C]
# name 2 = t190C: Temperature, 2 [ITS-90, deg C]
# name 3 = c0S/m: Conductivity [S/m]
# name 4 = c1S/m: Conductivity, 2 [S/m]
# name 5 = sbox0Mm/Kg: Oxygen, SBE 43 [umol/kg]
# name 6 = sbox1Mm/Kg: Oxygen, SBE 43, 2 [umol/kg]
# name 7 = wetCDOM: Fluorescence, WET Labs CDOM [mg/m^3]
# name 8 = flECO-AFL: Fluorescence, WET Labs ECO-AFL/FL [mg/m^3]
# name 9 = CStarAt0: Beam Attenuation, WET Labs C-Star [1/m]
# name 10 = timeS: Time, Elapsed [seconds]
# name 11 = latitude: Latitude [deg]
# name 12 = longitude: Longitude [deg]
# name 13 = upoly0: Upoly 0, ISUS
# name 14 = sal00: Salinity, Practical [PSU]
# name 15 = sal11: Salinity, Practical, 2 [PSU]
# name 16 = flag: flag
# span 0 =      7.000,    397.000       
# span 1 =    -1.6788,     1.6814       
# span 2 =    -1.6788,     1.6817       
# span 3 =   2.354909,   3.055299       
# span 4 =   2.354473,   3.055299       
# span 5 =    302.756,    426.266       
# span 6 =    296.091,    415.606       
# span 7 =     0.1099,     0.1756       
# span 8 =    -0.0037,     1.1318       
# span 9 =     0.1391,     0.2715       
# span 10 =    149.953,    635.129      
# span 11 =   77.95587,   77.95656      
# span 12 =  -16.92313,  -16.92018      
# span 13 =  11.846875,  25.111059      
# span 14 =    28.9941,    34.9102      
# span 15 =    28.9928,    34.9100      
# span 16 = 0.0000e+00, 0.0000e+00      
# interval = decibars: 1                
# start_time = Sep 08 2019 11:16:49 [NMEA time, header]
# bad_flag = -9.990e-29
*END*
      7.000    -1.2483    -1.2380   2.356831   2.357472    395.491    390.733     0.1202     0.1368     0.2009    149.953   77.95656  -16.92313  12.286091    28.9941    28.9928 0.0000e+00
      8.000    -1.2868    -1.2967   2.354909   2.354473    396.695    391.015     0.1164     0.1421     0.2114    154.715   77.95656  -16.92310  12.348794    29.0050    29.0087 0.0000e+00
      9.000    -1.3016    -1.2981   2.355239   2.355840    396.849    389.964     0.1181     0.1442     0.2050    158.169   77.95656  -16.92308  12.548315    29.0233    29.0280 0.0000e+00
     10.000    -1.2379    -1.2334   2.363837   2.364405    398.590    390.771     0.1230     0.1413     0.2043    161.436   77.95656  -16.92307  12.156461    29.0767    29.0801 0.0000e+00
     11.000    -1.1767    -1.1760   2.371553   2.371679    397.199    391.263     0.1148     0.1488     0.2043    171.002   77.95654  -16.92301  12.409503    29.1206    29.1216 0.0000e+00
     12.000    -1.1684    -1.1689   2.373885   2.373897    396.934    391.616     0.1183     0.1552     0.2024    176.233   77.95653  -16.92297  12.049763    29.1434    29.1440 0.0000e+00
     13.000    -1.1459    -1.1486   2.377718   2.377657    396.205    391.292     0.1190     0.1879     0.2053    225.785   77.95646  -16.92267  12.068261    29.1724    29.1742 0.0000e+00
     14.000    -1.1734    -1.1727   2.380537   2.380552    397.246    392.326     0.1200     0.1427     0.2051    224.888   77.95646  -16.92268  12.626924    29.2366    29.2362 0.0000e+00
     15.000    -1.1527    -1.1532   2.383646   2.383677    397.747    391.438     0.1214     0.1458     0.2034    226.084   77.95646  -16.92268  11.950336    29.2576    29.2586 0.0000e+00
     16.000    -1.1500    -1.1493   2.385380   2.385410    397.910    391.384     0.1230     0.1552     0.2023    227.251   77.95646  -16.92266  12.253386    29.2778    29.2776 0.0000e+00
     17.000    -1.0976    -1.1004   2.392054   2.392018    399.015    391.355     0.1251     0.1562     0.2028    228.412   77.95646  -16.92266  12.312051    29.3156    29.3179 0.0000e+00
     18.000    -0.9881    -0.9903   2.405112   2.405057    398.099    390.721     0.1271     0.1569     0.2018    229.542   77.95646  -16.92265  12.322794    29.3832    29.3845 0.0000e+00
     19.000    -0.9775    -0.9757   2.410228   2.410172    401.069    393.279     0.1288     0.1628     0.2023    230.671   77.95646  -16.92264  12.622425    29.4407    29.4383 0.0000e+00
     20.000    -0.9993    -0.9999   2.415045   2.414925    400.326    393.546     0.1305     0.1565     0.2026    231.777   77.95646  -16.92264  13.214079    29.5261    29.5251 0.0000e+00
     21.000    -0.9813    -0.9801   2.421746   2.421692    394.928    392.136     0.1321     0.1569     0.2018    232.858   77.95646  -16.92263  12.411972    29.5976    29.5958 0.0000e+00
     22.000    -1.0102    -1.0093   2.421980   2.421892    395.456    393.234     0.1338     0.1624     0.2026    233.933   77.95646  -16.92262  12.266274    29.6288    29.6268 0.0000e+00
     23.000    -1.0078    -1.0079   2.426424   2.426434    397.607    393.614     0.1354     0.1573     0.2024    235.006   77.95645  -16.92262  11.846875    29.6855    29.6857 0.0000e+00
     24.000    -0.9860    -0.9875   2.437868   2.437720    399.286    394.232     0.1372     0.1666     0.2029    236.083   77.95644  -16.92260  12.098436    29.8168    29.8163 0.0000e+00
     25.000    -0.9200    -0.9182   2.457729   2.458591    402.322    395.352     0.1390     0.2041     0.2037    237.816   77.95644  -16.92260  12.442520    30.0168    30.0266 0.0000e+00
     26.000    -0.8863    -0.8870   2.484644   2.485013    403.355    398.347     0.1411     0.1993     0.2114    240.353   77.95644  -16.92258  12.428877    30.3431    30.3488 0.0000e+00
     27.000    -0.8798    -0.8794   2.501993   2.502335    403.422    399.327     0.1431     0.2181     0.2138    241.574   77.95644  -16.92258  12.343443    30.5687    30.5729 0.0000e+00
     28.000    -0.9029    -0.9023   2.526587   2.526881    404.424    399.693     0.1449     0.2544     0.2203    242.603   77.95644  -16.92257  12.308103    30.9219    30.9253 0.0000e+00
     29.000    -0.9183    -0.9176   2.544807   2.545406    406.057    400.720     0.1467     0.2715     0.2254    243.636   77.95644  -16.92256  12.396974    31.1823    31.1897 0.0000e+00
     30.000    -0.9351    -0.9344   2.563304   2.563451    408.650    402.353     0.1482     0.2914     0.2306    244.671   77.95643  -16.92256  12.840777    31.4485    31.4496 0.0000e+00
     31.000    -0.9303    -0.9309   2.569911   2.569970    412.800    405.042     0.1494     0.3134     0.2337    245.703   77.95642  -16.92255  12.853687    31.5319    31.5333 0.0000e+00
     32.000    -0.9270    -0.9265   2.574299   2.574328    417.710    408.903     0.1504     0.3348     0.2367    246.747   77.95642  -16.92254  12.177269    31.5870    31.5869 0.0000e+00
     33.000    -0.9777    -0.9769   2.574397   2.574300    423.305    413.096     0.1513     0.3729     0.2327    247.785   77.95642  -16.92254  12.257354    31.6411    31.6390 0.0000e+00
     34.000    -1.1237    -1.1230   2.566751   2.566770    426.266    415.606     0.1521     0.4553     0.2332    248.823   77.95642  -16.92253  12.049747    31.6910    31.6906 0.0000e+00
     35.000    -1.1145    -1.1141   2.569693   2.569642    422.400    413.524     0.1529     0.5423     0.2357    249.851   77.95642  -16.92252  12.396123    31.7207    31.7196 0.0000e+00
     36.000    -1.1232    -1.1230   2.571378   2.571402    421.137    412.838     0.1537     0.5610     0.2441    250.885   77.95642  -16.92252  12.507869    31.7522    31.7522 0.0000e+00
     37.000    -1.1760    -1.1754   2.570793   2.570849    425.307    412.823     0.1547     0.5439     0.2599    251.924   77.95642  -16.92252  12.437099    31.7997    31.7998 0.0000e+00
     38.000    -1.1566    -1.1561   2.575499   2.575557    425.470    411.307     0.1558     0.5743     0.2439    252.960   77.95642  -16.92251  12.640583    31.8424    31.8426 0.0000e+00
     39.000    -1.1425    -1.1429   2.579426   2.579505    424.274    411.301     0.1568     0.6001     0.2419    253.994   77.95642  -16.92250  12.735878    31.8801    31.8816 0.0000e+00
     40.000    -1.1745    -1.1732   2.579712   2.579688    424.279    411.459     0.1579     0.6032     0.2425    255.029   77.95642  -16.92250  12.761816    31.9175    31.9158 0.0000e+00
     41.000    -1.2724    -1.2702   2.575331   2.575307    422.581    411.298     0.1589     0.6026     0.2462    256.067   77.95642  -16.92248  12.925266    31.9618    31.9591 0.0000e+00
     42.000    -1.3270    -1.3266   2.574639   2.574754    417.547    409.179     0.1599     0.5247     0.2436    257.109   77.95642  -16.92248  13.082981    32.0102    32.0113 0.0000e+00
     43.000    -1.2835    -1.2834   2.579617   2.579678    412.842    405.566     0.1608     0.4552     0.2413    258.142   77.95642  -16.92248  14.101267    32.0309    32.0317 0.0000e+00
     44.000    -1.2773    -1.2767   2.581004   2.581045    412.937    403.261     0.1617     0.5474     0.2364    259.173   77.95642  -16.92246  14.308291    32.0427    32.0426 0.0000e+00
     45.000    -1.3103    -1.3094   2.581423   2.581449    413.008    400.951     0.1626     0.8334     0.2366    260.216   77.95642  -16.92246  13.725220    32.0831    32.0825 0.0000e+00
     46.000    -1.3772    -1.3759   2.578474   2.578499    412.156    401.517     0.1634     1.1318     0.2476    261.256   77.95640  -16.92246  13.193883    32.1141    32.1131 0.0000e+00
     47.000    -1.4180    -1.4172   2.577394   2.577424    412.965    404.615     0.1642     0.9254     0.2621    262.298   77.95640  -16.92244  13.150874    32.1427    32.1423 0.0000e+00
     48.000    -1.4516    -1.4507   2.576385   2.576415    415.425    406.771     0.1650     0.5748     0.2697    263.328   77.95640  -16.92244  13.447952    32.1645    32.1640 0.0000e+00
     49.000    -1.4680    -1.4675   2.575941   2.575974    415.392    405.017     0.1657     0.6003     0.2715    264.362   77.95640  -16.92244  14.109704    32.1756    32.1755 0.0000e+00
     50.000    -1.4806    -1.4803   2.575857   2.575897    412.556    400.947     0.1664     0.6165     0.2611    265.401   77.95640  -16.92244  14.301182    32.1874    32.1876 0.0000e+00
     51.000    -1.5002    -1.4995   2.575592   2.575636    409.923    398.242     0.1671     0.5897     0.2573    266.441   77.95640  -16.92242  14.059995    32.2044    32.2042 0.0000e+00
     52.000    -1.5494    -1.5481   2.573054   2.573056    408.155    396.840     0.1678     0.5166     0.2541    267.482   77.95640  -16.92242  14.059051    32.2221    32.2207 0.0000e+00
     53.000    -1.5705    -1.5711   2.572073   2.572134    405.300    394.417     0.1684     0.4490     0.2468    268.521   77.95640  -16.92241  14.391862    32.2308    32.2324 0.0000e+00
     54.000    -1.5613    -1.5611   2.574303   2.574356    401.918    392.100     0.1690     0.3562     0.2368    269.557   77.95640  -16.92240  14.598662    32.2510    32.2515 0.0000e+00
     55.000    -1.5788    -1.5775   2.574650   2.574670    400.527    390.304     0.1696     0.3328     0.2246    270.598   77.95640  -16.92240  14.822901    32.2741    32.2730 0.0000e+00
     56.000    -1.6307    -1.6302   2.572543   2.572594    399.150    388.702     0.1702     0.3041     0.2160    271.638   77.95640  -16.92240  14.918875    32.3008    32.3011 0.0000e+00
     57.000    -1.6421    -1.6418   2.572772   2.572801    396.009    386.933     0.1708     0.2284     0.2118    272.676   77.95640  -16.92239  15.165472    32.3158    32.3159 0.0000e+00
     58.000    -1.6553    -1.6550   2.572740   2.572784    394.728    386.086     0.1713     0.1742     0.2018    273.714   77.95640  -16.92238  15.785656    32.3292    32.3294 0.0000e+00
     59.000    -1.6719    -1.6716   2.572680   2.572749    395.029    384.583     0.1718     0.1635     0.1938    274.752   77.95640  -16.92238  16.378297    32.3458    32.3464 0.0000e+00
     60.000    -1.6788    -1.6788   2.573482   2.573575    394.130    383.766     0.1723     0.1635     0.1878    275.793   77.95640  -16.92237  15.076414    32.3638    32.3651 0.0000e+00
     61.000    -1.6482    -1.6486   2.578401   2.578504    393.731    383.588     0.1727     0.1491     0.1833    276.829   77.95639  -16.92236  15.333448    32.3977    32.3996 0.0000e+00
     62.000    -1.6459    -1.6458   2.580139   2.580207    394.691    384.137     0.1731     0.1396     0.1814    277.868   77.95638  -16.92236  15.501507    32.4186    32.4195 0.0000e+00
     63.000    -1.6485    -1.6485   2.581665   2.581726    394.063    384.056     0.1735     0.1609     0.1815    278.906   77.95638  -16.92235  15.776397    32.4419    32.4427 0.0000e+00
     64.000    -1.6511    -1.6510   2.582768   2.582835    391.394    382.572     0.1739     0.1506     0.1807    279.944   77.95638  -16.92234  15.845137    32.4594    32.4602 0.0000e+00
     65.000    -1.6475    -1.6474   2.584994   2.585076    389.089    380.803     0.1743     0.1332     0.1819    280.983   77.95638  -16.92234  16.141297    32.4856    32.4866 0.0000e+00
     66.000    -1.6478    -1.6478   2.587200   2.587279    387.451    379.551     0.1746     0.1271     0.1814    282.024   77.95638  -16.92233  16.160103    32.5158    32.5169 0.0000e+00
     67.000    -1.6480    -1.6479   2.589207   2.589298    386.967    378.822     0.1748     0.1258     0.1817    283.066   77.95638  -16.92232  15.804514    32.5432    32.5443 0.0000e+00
     68.000    -1.6505    -1.6504   2.590750   2.590793    385.684    377.893     0.1751     0.1190     0.1820    284.105   77.95638  -16.92232  15.642885    32.5666    32.5671 0.0000e+00
     69.000    -1.6490    -1.6489   2.591779   2.591890    384.634    377.024     0.1753     0.1125     0.1820    285.143   77.95638  -16.92232  16.067593    32.5785    32.5800 0.0000e+00
     70.000    -1.6478    -1.6477   2.595561   2.595694    383.132    376.125     0.1754     0.1119     0.1819    286.184   77.95638  -16.92230  15.993904    32.6290    32.6307 0.0000e+00
     71.000    -1.6461    -1.6461   2.599338   2.599414    382.173    374.889     0.1756     0.1057     0.1810    287.224   77.95636  -16.92230  16.006734    32.6786    32.6797 0.0000e+00
     72.000    -1.6463    -1.6462   2.600963   2.601037    381.541    374.099     0.1756     0.1046     0.1809    288.262   77.95636  -16.92230  16.186644    32.7007    32.7016 0.0000e+00
     73.000    -1.6411    -1.6412   2.604023   2.604104    380.939    373.255     0.1756     0.0931     0.1803    289.297   77.95636  -16.92228  16.580608    32.7367    32.7379 0.0000e+00
     74.000    -1.6375    -1.6374   2.606723   2.606817    380.022    372.307     0.1756     0.0903     0.1793    290.338   77.95636  -16.92228  16.427861    32.7695    32.7706 0.0000e+00
     75.000    -1.6344    -1.6344   2.610354   2.610462    378.978    371.365     0.1755     0.0957     0.1811    291.378   77.95636  -16.92228  16.691002    32.8156    32.8171 0.0000e+00
     76.000    -1.6289    -1.6289   2.614536   2.614639    378.176    370.626     0.1754     0.0924     0.1825    292.417   77.95636  -16.92226  16.998021    32.8667    32.8681 0.0000e+00
     77.000    -1.6218    -1.6219   2.619756   2.619908    377.567    369.361     0.1752     0.0948     0.1841    293.455   77.95636  -16.92226  16.820251    32.9304    32.9326 0.0000e+00
     78.000    -1.6142    -1.6143   2.625848   2.625930    376.585    368.227     0.1750     0.0845     0.1851    294.492   77.95636  -16.92226  16.585429    33.0056    33.0068 0.0000e+00
     79.000    -1.6125    -1.6124   2.628343   2.628366    375.507    367.655     0.1747     0.0717     0.1847    295.529   77.95636  -16.92224  16.568863    33.0375    33.0378 0.0000e+00
     80.000    -1.6049    -1.6050   2.632177   2.632259    374.059    366.346     0.1744     0.0683     0.1828    296.568   77.95636  -16.92224  16.501056    33.0815    33.0828 0.0000e+00
     81.000    -1.5936    -1.5936   2.638827   2.638897    371.994    364.966     0.1740     0.0618     0.1819    297.604   77.95636  -16.92224  16.552475    33.1602    33.1612 0.0000e+00
     82.000    -1.5844    -1.5843   2.643208   2.643301    370.337    364.044     0.1736     0.0562     0.1806    298.644   77.95636  -16.92223  17.370358    33.2099    33.2111 0.0000e+00
     83.000    -1.5725    -1.5726   2.648233   2.648355    369.914    363.217     0.1731     0.0555     0.1792    299.686   77.95636  -16.92222  17.623671    33.2655    33.2673 0.0000e+00
     84.000    -1.5600    -1.5600   2.653075   2.653171    368.904    362.150     0.1727     0.0465     0.1775    300.730   77.95636  -16.92222  17.258766    33.3178    33.3191 0.0000e+00
     85.000    -1.5535    -1.5533   2.655762   2.655885    367.539    361.161     0.1721     0.0442     0.1766    301.772   77.95636  -16.92221  17.336018    33.3470    33.3485 0.0000e+00
     86.000    -1.5497    -1.5494   2.659115   2.659254    366.166    359.891     0.1716     0.0405     0.1752    302.806   77.95635  -16.92220  17.276253    33.3885    33.3900 0.0000e+00
     87.000    -1.5490    -1.5488   2.662367   2.662478    364.376    358.719     0.1710     0.0437     0.1742    303.838   77.95634  -16.92220  17.149172    33.4320    33.4334 0.0000e+00
     88.000    -1.5366    -1.5369   2.667012   2.667038    363.453    357.463     0.1704     0.0329     0.1736    304.876   77.95634  -16.92219  17.385743    33.4817    33.4823 0.0000e+00
     89.000    -1.5254    -1.5254   2.669687   2.669779    363.542    356.667     0.1698     0.0394     0.1724    305.915   77.95634  -16.92218  17.424803    33.5054    33.5066 0.0000e+00
     90.000    -1.5145    -1.5145   2.673229   2.673336    362.832    355.575     0.1691     0.0454     0.1715    306.955   77.95634  -16.92218  17.622691    33.5415    33.5429 0.0000e+00
     91.000    -1.5069    -1.5068   2.676636   2.676713    361.926    354.652     0.1685     0.0396     0.1703    307.991   77.95634  -16.92218  17.887533    33.5793    33.5803 0.0000e+00
