test_project/cnv_files/sta0251_bin.cnv
* Sea-Bird SBE 9 Data File:
* FileName = C:\Seabird\CTDDATA\Sta0251.hex
* Software Version Seasave V 7.26.7.107
* Temperature SN = 03-4535
* Conductivity SN = 2860
* Number of Bytes Per Scan = 44
* Number of Voltage Words = 5
* Number of Scans Averaged by the Deck Unit = 1
* NMEA Latitude = 78 50.01 N
* NMEA Longitude = 009 00.04 E
* NMEA UTC (Time) = Sep 15 2019 02:06:58
* NMEA baud rate = 9600
** Ship: "Kronprins Haakon"
** Station: 0251
** Echodepth: 213
** Log: 6533.22
** Wind-Dir Force(m/s): 14 06
** Air-temp (dry): 7.2
** Weather Sky: 1 4
** Sea Ice: 2 0
# nquan = 16
# nvalues = 206                         
# units = specified
# name 0 = prDM: Pressure, Digiquartz [db]
# name 1 = t090C: Temperature [ITS-90, deg C]
# name 2 = t190C: Temperature, 2 [ITS-90, deg C]
# name 3 = c0S/m: Conductivity [S/m]
# name 4 = c1S/m: Conductivity, 2 [S/m]
# name 5 = sbox0Mm/Kg: Oxygen, SBE 43 [umol/kg]
# name 6 = sbox1Mm/Kg: Oxygen, SBE 43, 2 [umol/kg]
# name 7 = wetCDOM: Fluorescence, WET Labs CDOM [mg/m^3]
# name 8 = flECO-AFL: Fluorescence, WET Labs ECO-AFL/FL [mg/m^3]
# name 9 = CStarAt0: Beam Attenuation, WET Labs C-Star [1/m]
# name 10 = timeS: Time, Elapsed [seconds]
# name 11 = latitude: Latitude [deg]
# name 12 = longitude: Longitude [deg]
# name 13 = sal00: Salinity, Practical [PSU]
# name 14 = sal11: Salinity, Practical, 2 [PSU]
# name 15 = flag: flag
# span 0 =      1.000,    206.000       
# span 1 =     3.7732,     6.4524       
# span 2 =     3.7723,     6.4519       
# span 3 =   3.243782,   3.470028       
# span 4 =   3.243725,   3.469969       
# span 5 =    300.474,    321.668       
# span 6 =    294.188,    311.124       
# span 7 =     0.0895,     0.1237       
# span 8 =     0.0023,     2.1514       
# span 9 =     0.1606,     0.5176       
# span 10 =    168.543,    384.991      
# span 11 =   78.83356,   78.83358      
# span 12 =    9.00071,    9.00082      
# span 13 =    34.6826,    35.0245      
# span 14 =    34.6843,    35.0239      
# span 15 = 0.0000e+00, 0.0000e+00      
# interval = decibars: 1                
# start_time = Sep 15 2019 02:06:58 [NMEA time, header]
# bad_flag = -9.990e-29
*END*
      1.000     6.2914     6.2763   3.438814   3.435888    314.073    305.578     0.1049     1.8394     0.4804    168.543   78.83358    9.00071    34.7250    34.7077 0.0000e+00
      2.000     6.2916     6.2860   3.438810   3.437807    314.095    306.028     0.1077     2.1333     0.4807    175.248   78.83358    9.00072    34.7243    34.7188 0.0000e+00
      3.000     6.2927     6.2876   3.439100   3.438141    314.348    306.298     0.1093     2.0177     0.4812    178.505   78.83358    9.00072    34.7259    34.7203 0.0000e+00
      4.000     6.2898     6.2879   3.438560   3.438317    314.285    307.069     0.1110     1.9209     0.4828    179.909   78.83358    9.00072    34.7223    34.7214 0.0000e+00
      5.000     6.2869     6.2853   3.437811   3.437649    314.093    308.296     0.1130     1.8793     0.4879    181.365   78.83358    9.00072    34.7163    34.7162 0.0000e+00
      6.000     6.2813     6.2782   3.436373   3.435765    313.713    309.069     0.1138     1.9057     0.4889    182.721   78.83358    9.00072    34.7054    34.7017 0.0000e+00
      7.000     6.2654     6.2659   3.432939   3.433139    313.762    309.296     0.1149     2.0495     0.4861    183.921   78.83358    9.00072    34.6826    34.6843 0.0000e+00
      8.000     6.2655     6.2645   3.433154   3.433233    314.410    309.802     0.1156     2.1331     0.4972    185.195   78.83358    9.00072    34.6844    34.6863 0.0000e+00
      9.000     6.2680     6.2659   3.434875   3.434740    315.989    310.840     0.1159     2.1514     0.5060    186.449   78.83358    9.00072    34.7006    34.7013 0.0000e+00
     10.000     6.2916     6.2900   3.440183   3.440227    316.423    311.124     0.1160     2.1336     0.5133    187.497   78.83358    9.00072    34.7356    34.7377 0.0000e+00
     11.000     6.2815     6.2900   3.437588   3.439950    316.225    310.814     0.1158     2.0693     0.5176    188.440   78.83358    9.00072    34.7163    34.7340 0.0000e+00
     12.000     6.3011     6.3014   3.442702   3.442817    314.901    309.815     0.1157     2.0122     0.5139    189.321   78.83358    9.00072    34.7531    34.7541 0.0000e+00
     13.000     6.2998     6.2969   3.442516   3.442097    313.844    308.721     0.1157     1.9046     0.5067    190.161   78.83358    9.00072    34.7519    34.7501 0.0000e+00
     14.000     6.3032     6.3032   3.443411   3.443579    313.700    307.959     0.1160     1.7611     0.4969    191.022   78.83358    9.00072    34.7579    34.7598 0.0000e+00
     15.000     6.3064     6.3049   3.444135   3.443927    313.083    307.545     0.1165     1.6218     0.4865    191.998   78.83358    9.00072    34.7622    34.7614 0.0000e+00
     16.000     6.3102     6.3102   3.445206   3.445262    312.126    307.157     0.1173     1.5710     0.4640    193.062   78.83356    9.00072    34.7698    34.7705 0.0000e+00
     17.000     6.3135     6.3132   3.445808   3.445838    311.994    306.838     0.1181     1.5604     0.4430    194.160   78.83358    9.00072    34.7727    34.7733 0.0000e+00
     18.000     6.3194     6.3202   3.446532   3.446634    312.513    306.909     0.1188     1.4984     0.4326    195.212   78.83358    9.00072    34.7743    34.7746 0.0000e+00
     19.000     6.3287     6.3276   3.447402   3.447286    312.706    306.839     0.1191     1.4321     0.4226    196.209   78.83358    9.00072    34.7740    34.7738 0.0000e+00
     20.000     6.3318     6.3294   3.447870   3.447488    312.605    306.986     0.1190     1.4032     0.4134    197.181   78.83358    9.00072    34.7755    34.7738 0.0000e+00
     21.000     6.3337     6.3314   3.448147   3.447869    312.519    306.776     0.1189     1.4017     0.4035    198.122   78.83358    9.00072    34.7762    34.7754 0.0000e+00
     22.000     6.3349     6.3342   3.448435   3.448453    312.575    306.586     0.1187     1.3991     0.4001    199.023   78.83358    9.00072    34.7777    34.7786 0.0000e+00
     23.000     6.3332     6.3336   3.448338   3.448418    312.773    306.511     0.1185     1.3639     0.3975    199.922   78.83358    9.00072    34.7778    34.7783 0.0000e+00
     24.000     6.3325     6.3301   3.448230   3.447902    312.565    306.660     0.1185     1.3688     0.3950    200.856   78.83358    9.00072    34.7768    34.7756 0.0000e+00
     25.000     6.3375     6.3385   3.449455   3.449984    312.165    306.745     0.1188     1.4056     0.3933    201.860   78.83357    9.00072    34.7850    34.7898 0.0000e+00
     26.000     6.3719     6.3706   3.454911   3.454889    312.156    306.563     0.1194     1.3487     0.3949    202.910   78.83356    9.00072    34.8103    34.8114 0.0000e+00
     27.000     6.3845     6.3834   3.456551   3.456462    312.847    306.800     0.1203     1.1928     0.3883    203.937   78.83356    9.00072    34.8153    34.8154 0.0000e+00
     28.000     6.3933     6.3918   3.457736   3.457687    313.164    306.579     0.1213     1.0868     0.3774    204.899   78.83356    9.00072    34.8191    34.8200 0.0000e+00
     29.000     6.4277     6.4260   3.462429   3.462449    311.839    305.479     0.1223     1.0499     0.3652    205.813   78.83356    9.00072    34.8358    34.8378 0.0000e+00
     30.000     6.4524     6.4519   3.466608   3.466579    310.308    304.622     0.1231     0.9913     0.3508    206.722   78.83356    9.00072    34.8568    34.8570 0.0000e+00
     31.000     6.4380     6.4374   3.467340   3.467268    309.656    304.977     0.1236     0.9068     0.3457    207.661   78.83356    9.00072    34.8792    34.8790 0.0000e+00
     32.000     6.4284     6.4275   3.467843   3.467776    308.531    304.392     0.1237     0.8319     0.3274    208.661   78.83357    9.00072    34.8942    34.8943 0.0000e+00
     33.000     6.4191     6.4185   3.467732   3.467669    307.422    303.366     0.1237     0.7659     0.3134    209.709   78.83357    9.00072    34.9019    34.9018 0.0000e+00
     34.000     6.4072     6.4066   3.467386   3.467330    306.746    302.281     0.1237     0.7308     0.2998    210.742   78.83356    9.00072    34.9097    34.9097 0.0000e+00
     35.000     6.3984     6.3977   3.467497   3.467447    306.587    301.406     0.1235     0.6938     0.2915    211.721   78.83356    9.00072    34.9195    34.9196 0.0000e+00
     36.000     6.3911     6.3903   3.467631   3.467578    307.211    301.434     0.1234     0.6517     0.2818    212.653   78.83356    9.00072    34.9280    34.9282 0.0000e+00
     37.000     6.3864     6.3857   3.467676   3.467616    307.441    301.590     0.1231     0.6114     0.2734    213.592   78.83356    9.00072    34.9328    34.9329 0.0000e+00
     38.000     6.3988     6.3974   3.470028   3.469969    307.309    301.070     0.1229     0.5896     0.2671    214.573   78.83356    9.00072    34.9459    34.9467 0.0000e+00
     39.000     6.3856     6.3852   3.469735   3.469650    307.104    300.900     0.1225     0.5806     0.2564    215.597   78.83356    9.00072    34.9556    34.9551 0.0000e+00
     40.000     6.3517     6.3521   3.466680   3.466598    307.025    300.643     0.1221     0.5262     0.2505    216.601   78.83356    9.00072    34.9557    34.9544 0.0000e+00
     41.000     6.3068     6.3061   3.462525   3.462515    306.260    299.966     0.1216     0.5000     0.2471    217.543   78.83356    9.00072    34.9547    34.9554 0.0000e+00
     42.000     6.3023     6.3016   3.462380   3.462328    304.731    299.005     0.1210     0.4809     0.2429    218.456   78.83356    9.00072    34.9572    34.9574 0.0000e+00
     43.000     6.2387     6.2386   3.456807   3.456609    304.578    299.044     0.1204     0.4680     0.2355    219.384   78.83356    9.00072    34.9595    34.9574 0.0000e+00
     44.000     6.2135     6.2120   3.454497   3.454346    305.430    298.992     0.1197     0.4588     0.2292    220.359   78.83356    9.00072    34.9590    34.9589 0.0000e+00
     45.000     6.2024     6.2015   3.453521   3.453437    306.877    298.724     0.1190     0.4564     0.2283    221.397   78.83356    9.00072    34.9590    34.9589 0.0000e+00
     46.000     6.1872     6.1863   3.452126   3.452148    309.312    299.473     0.1182     0.4526     0.2312    222.475   78.83356    9.00072    34.9584    34.9596 0.0000e+00
     47.000     6.1760     6.1838   3.451284   3.451996    310.496    300.511     0.1174     0.4910     0.2210    224.424   78.83356    9.00072    34.9599    34.9599 0.0000e+00
     48.000     6.1326     6.1320   3.447650   3.447478    309.369    300.953     0.1165     0.5375     0.2189    226.788   78.83356    9.00072    34.9632    34.9619 0.0000e+00
     49.000     6.0290     6.0288   3.438798   3.438625    308.865    301.217     0.1156     0.4641     0.2174    228.097   78.83356    9.00072    34.9697    34.9680 0.0000e+00
     50.000     5.9901     5.9902   3.435547   3.435485    307.410    300.395     0.1146     0.3897     0.2123    229.222   78.83356    9.00072    34.9726    34.9718 0.0000e+00
     51.000     5.9401     5.9402   3.431089   3.431010    307.748    299.906     0.1136     0.3385     0.2095    230.336   78.83356    9.00072    34.9733    34.9724 0.0000e+00
     52.000     5.9491     5.9472   3.432758   3.432765    309.304    299.402     0.1125     0.3093     0.2112    231.345   78.83356    9.00072    34.9824    34.9844 0.0000e+00
     53.000     5.9936     5.9926   3.437967   3.438201    310.231    299.211     0.1115     0.2730     0.2019    232.238   78.83356    9.00072    34.9948    34.9985 0.0000e+00
     54.000     6.0145     6.0137   3.441000   3.440995    311.231    299.452     0.1104     0.2386     0.1975    233.073   78.83356    9.00072    35.0069    35.0077 0.0000e+00
     55.000     6.0128     6.0119   3.441017   3.440940    311.048    299.143     0.1093     0.2136     0.1937    233.913   78.83356    9.00072    35.0084    35.0085 0.0000e+00
     56.000     5.9993     5.9976   3.439918   3.439756    308.007    297.583     0.1083     0.1769     0.1884    234.802   78.83356    9.00072    35.0095    35.0094 0.0000e+00
     57.000     5.9767     5.9769   3.438016   3.438008    303.453    295.667     0.1072     0.1653     0.1842    235.753   78.83356    9.00072    35.0108    35.0105 0.0000e+00
     58.000     5.9443     5.9448   3.435304   3.435349    300.772    294.791     0.1062     0.1493     0.1845    236.744   78.83356    9.00072    35.0131    35.0131 0.0000e+00
     59.000     5.9128     5.9140   3.432644   3.432708    300.474    294.566     0.1052     0.1414     0.1816    237.739   78.83356    9.00072    35.0151    35.0145 0.0000e+00
     60.000     5.8175     5.8201   3.423316   3.423191    301.519    294.892     0.1042     0.1351     0.1803    238.721   78.83356    9.00072    35.0075    35.0034 0.0000e+00
     61.000     5.6825     5.6834   3.410230   3.410127    302.455    295.109     0.1034     0.1293     0.1787    239.715   78.83356    9.00072    34.9983    34.9961 0.0000e+00
     62.000     5.6691     5.6687   3.409306   3.409302    301.725    294.188     0.1026     0.1341     0.1784    240.739   78.83356    9.00072    35.0011    35.0015 0.0000e+00
     63.000     5.6657     5.6646   3.409238   3.409222    305.592    295.894     0.1018     0.1342     0.1766    241.763   78.83356    9.00072    35.0033    35.0043 0.0000e+00
     64.000     5.6708     5.6703   3.410021   3.410045    312.257    298.210     0.1012     0.1330     0.1762    242.758   78.83356    9.00072    35.0065    35.0072 0.0000e+00
     65.000     5.6547     5.6550   3.408983   3.408958    315.321    299.285     0.1006     0.1267     0.1761    243.714   78.83356    9.00072    35.0108    35.0102 0.0000e+00
     66.000     5.6266     5.6268   3.406612   3.406592    314.294    299.593     0.1001     0.1201     0.1762    244.625   78.83356    9.00072    35.0125    35.0120 0.0000e+00
     67.000     5.5767     5.5769   3.402088   3.401939    311.744    299.584     0.0997     0.1095     0.1756    245.506   78.83356    9.00072    35.0122    35.0103 0.0000e+00
     68.000     5.5013     5.5003   3.395134   3.394763    309.950    299.458     0.0993     0.1013     0.1753    246.395   78.83356    9.00072    35.0107    35.0076 0.0000e+00
     69.000     5.4614     5.4614   3.391451   3.391446    308.591    298.736     0.0990     0.0931     0.1836    247.316   78.83356    9.00072    35.0096    35.0095 0.0000e+00
     70.000     5.4446     5.4442   3.390137   3.390127    309.012    298.691     0.0988     0.0830     0.1749    248.282   78.83356    9.00072    35.0115    35.0119 0.0000e+00
     71.000     5.4403     5.4379   3.389856   3.389668    312.097    299.437     0.0987     0.0804     0.1722    249.303   78.83356    9.00072    35.0123    35.0126 0.0000e+00
     72.000     5.4364     5.4348   3.389564   3.389476    314.490    299.816     0.0986     0.0703     0.1708    250.351   78.83356    9.00072    35.0124    35.0131 0.0000e+00
     73.000     5.4412     5.4400   3.390159   3.390119    314.127    300.243     0.0985     0.0814     0.1701    251.384   78.83356    9.00072    35.0138    35.0146 0.0000e+00
     74.000     5.4485     5.4471   3.391139   3.391064    312.274    300.622     0.0985     0.0692     0.1695    252.362   78.83356    9.00072    35.0169    35.0175 0.0000e+00
     75.000     5.4513     5.4508   3.391655   3.391672    310.664    300.798     0.0986     0.0681     0.1704    253.280   78.83356    9.00074    35.0193    35.0201 0.0000e+00
     76.000     5.4576     5.4565   3.392427   3.392387    309.604    300.506     0.0987     0.0589     0.1737    254.175   78.83356    9.00074    35.0211    35.0218 0.0000e+00
     77.000     5.4366     5.4351   3.390858   3.390676    308.909    300.690     0.0988     0.0603     0.1697    255.079   78.83356    9.00074    35.0245    35.0239 0.0000e+00
     78.000     5.3993     5.3987   3.387408   3.387290    308.030    300.478     0.0989     0.0633     0.1671    256.027   78.83356    9.00072    35.0233    35.0226 0.0000e+00
     79.000     5.3465     5.3467   3.382545   3.382506    307.314    300.162     0.0991     0.0498     0.1667    257.036   78.83356    9.00072    35.0221    35.0215 0.0000e+00
     80.000     5.3174     5.3171   3.379839   3.379842    307.047    300.182     0.0992     0.0392     0.1653    258.083   78.83356    9.00072    35.0209    35.0213 0.0000e+00
     81.000     5.2818     5.2872   3.376390   3.376881    308.413    300.836     0.0994     0.0397     0.1646    259.085   78.83356    9.00072    35.0179    35.0179 0.0000e+00
     82.000     5.2611     5.2565   3.374326   3.373833    310.437    301.465     0.0996     0.0456     0.1652    260.004   78.83356    9.00074    35.0152    35.0144 0.0000e+00
     83.000     5.2309     5.2298   3.371371   3.371280    311.605    301.531     0.0999     0.0404     0.1649    260.876   78.83356    9.00074    35.0123    35.0124 0.0000e+00
     84.000     5.2271     5.2272   3.371110   3.371258    311.974    301.483     0.1001     0.0478     0.1639    261.761   78.83356    9.00074    35.0128    35.0144 0.0000e+00
     85.000     5.2363     5.2365   3.372321   3.372414    312.211    301.924     0.1004     0.0499     0.1639    262.713   78.83356    9.00074    35.0166    35.0174 0.0000e+00
     86.000     5.2239     5.2232   3.371315   3.371293    313.242    302.659     0.1006     0.0434     0.1648    263.752   78.83356    9.00074    35.0174    35.0179 0.0000e+00
     87.000     5.2034     5.2034   3.369441   3.369400    313.986    303.342     0.1009     0.0390     0.1648    264.809   78.83356    9.00074    35.0168    35.0163 0.0000e+00
     88.000     5.1693     5.1687   3.366273   3.366251    312.989    303.432     0.1012     0.0410     0.1642    265.809   78.83356    9.00074    35.0154    35.0158 0.0000e+00
     89.000     5.1407     5.1410   3.363581   3.363546    311.605    302.964     0.1016     0.0462     0.1645    266.737   78.83356    9.00074    35.0138    35.0130 0.0000e+00
     90.000     5.1001     5.1001   3.360068   3.360054    311.447    303.033     0.1019     0.0457     0.1653    267.640   78.83356    9.00074    35.0152    35.0151 0.0000e+00
