test_project/cnv_files/sta0198_bin.cnv
* Sea-Bird SBE 9 Data File:
* FileName = C:\Seabird\CTDDATA\Sta0198.hex
* Software Version Seasave V 7.26.7.107
* Temperature SN = 03-4535
* Conductivity SN = 2860
* Number of Bytes Per Scan = 44
* Number of Voltage Words = 5
* Number of Scans Averaged by the Deck Unit = 1
* NMEA Latitude = 78 49.87 N
* NMEA Longitude = 003 30.40 W
* NMEA UTC (Time) = Sep 03 2019 02:21:04
* NMEA baud rate = 9600
** Ship: "Kronprins Haakon"
** Station: 198
** Echodepth: 2247
** Log: 5749.70
** Wind-Dir Force(m/s): 03 35
** Air-temp (dry): -2.0
** Weather Sky: 7 8
** Sea Ice: 5 0
# nquan = 16
# nvalues = 2267                        
# units = specified
# name 0 = prDM: Pressure, Digiquartz [db]
# name 1 = t090C: Temperature [ITS-90, deg C]
# name 2 = t190C: Temperature, 2 [ITS-90, deg C]
# name 3 = c0S/m: Conductivity [S/m]
# name 4 = c1S/m: Conductivity, 2 [S/m]
# name 5 = sbox0Mm/Kg: Oxygen, SBE 43 [umol/kg]
# name 6 = sbox1Mm/Kg: Oxygen, SBE 43, 2 [umol/kg]
# name 7 = wetCDOM: Fluorescence, WET Labs CDOM [mg/m^3]
# name 8 = flECO-AFL: Fluorescence, WET Labs ECO-AFL/FL [mg/m^3]
# name 9 = CStarAt0: Beam Attenuation, WET Labs C-Star [1/m]
# name 10 = timeS: Time, Elapsed [seconds]
# name 11 = latitude: Latitude [deg]
# name 12 = longitude: Longitude [deg]
# name 13 = sal00: Salinity, Practical [PSU]
# name 14 = sal11: Salinity, Practical, 2 [PSU]
# name 15 = flag: flag
# span 0 =      4.000,   2270.000       
# span 1 =    -1.7341,     2.9943       
# span 2 =    -1.7342,     2.9946       
# span 3 =   2.495999,   3.172396       
# span 4 =   2.495882,   3.172362       
# span 5 =    306.547,    418.446       
# span 6 =    301.764,    407.041       
# span 7 =     0.1036,     0.1568       
# span 8 =    -0.0073,     1.4081       
# span 9 =     0.1045,     0.3678       
# span 10 =     10.956,   2333.958      
# span 11 =   78.83130,   78.83134      
# span 12 =   -3.50708,   -3.50672      
# span 13 =    31.0351,    34.9687      
# span 14 =    31.0347,    34.9683      
# span 15 = 0.0000e+00, 0.0000e+00      
# interval = decibars: 1                
# start_time = Sep 03 2019 02:21:04 [NMEA time, header]
# bad_flag = -9.990e-29
*END*
[from data line 1718]
   1722.000    -0.4731    -0.4730   2.932764   2.932835    313.236    306.886     0.1199     0.0009     0.1059   1747.775   78.83130   -3.50708    34.9188    34.9196 0.0000e+00
   1723.000    -0.4731    -0.4729   2.932823   2.932886    313.523    306.872     0.1199    -0.0007     0.1059   1748.754   78.83130   -3.50708    34.9189    34.9196 0.0000e+00
   1724.000    -0.4729    -0.4728   2.932877   2.932947    313.230    306.264     0.1198     0.0054     0.1059   1749.742   78.83130   -3.50708    34.9189    34.9197 0.0000e+00
   1725.000    -0.4724    -0.4723   2.932973   2.933032    313.522    306.026     0.1198     0.0037     0.1059   1750.740   78.83130   -3.50708    34.9190    34.9197 0.0000e+00
   1726.000    -0.4718    -0.4717   2.933079   2.933155    313.609    306.302     0.1197    -0.0002     0.1059   1751.739   78.83130   -3.50707    34.9193    34.9202 0.0000e+00
   1727.000    -0.4718    -0.4717   2.933131   2.933195    313.537    306.299     0.1197    -0.0012     0.1058   1752.732   78.83130   -3.50706    34.9194    34.9201 0.0000e+00
   1728.000    -0.4721    -0.4719   2.933151   2.933211    313.171    306.167     0.1196    -0.0016     0.1059   1753.722   78.83130   -3.50706    34.9194    34.9201 0.0000e+00
   1729.000    -0.4721    -0.4720   2.933188   2.933252    313.415    306.162     0.1196     0.0001     0.1061   1754.708   78.83130   -3.50706    34.9194    34.9201 0.0000e+00
   1730.000    -0.4720    -0.4719   2.933245   2.933315    313.658    305.678     0.1195     0.0086     0.1057   1755.686   78.83130   -3.50706    34.9195    34.9203 0.0000e+00
   1731.000    -0.4719    -0.4718   2.933301   2.933376    313.191    305.827     0.1195     0.0020     0.1053   1756.663   78.83130   -3.50706    34.9196    34.9204 0.0000e+00
   1732.000    -0.4719    -0.4718   2.933353   2.933431    312.666    306.025     0.1194     0.0001     0.1058   1757.643   78.83130   -3.50706    34.9197    34.9207 0.0000e+00
   1733.000    -0.4717    -0.4716   2.933407   2.933488    312.938    305.638     0.1194    -0.0015     0.1055   1758.635   78.83130   -3.50706    34.9197    34.9206 0.0000e+00
   1734.000    -0.4713    -0.4712   2.933502   2.933575    313.340    305.729     0.1193    -0.0008     0.1051   1759.624   78.83130   -3.50706    34.9199    34.9207 0.0000e+00
   1735.000    -0.4714    -0.4713   2.933527   2.933601    312.831    305.902     0.1193    -0.0007     0.1054   1760.601   78.83130   -3.50705    34.9198    34.9206 0.0000e+00
   1736.000    -0.4716    -0.4715   2.933556   2.933630    312.848    305.320     0.1193    -0.0006     0.1053   1761.570   78.83130   -3.50704    34.9199    34.9207 0.0000e+00
   1737.000    -0.4719    -0.4718   2.933574   2.933645    312.950    305.655     0.1192    -0.0005     0.1058   1762.542   78.83130   -3.50704    34.9199    34.9208 0.0000e+00
   1738.000    -0.4728    -0.4726   2.933538   2.933614    312.633    305.918     0.1192    -0.0004     0.1049   1763.514   78.83130   -3.50704    34.9199    34.9207 0.0000e+00
   1739.000    -0.4728    -0.4728   2.933583   2.933644    312.582    305.663     0.1192     0.0021     0.1048   1764.480   78.83130   -3.50704    34.9199    34.9207 0.0000e+00
   1740.000    -0.4729    -0.4728   2.933611   2.933687    312.414    305.228     0.1191     0.0088     0.1049   1765.448   78.83130   -3.50704    34.9199    34.9208 0.0000e+00
   1741.000    -0.4732    -0.4731   2.933624   2.933695    312.276    305.572     0.1191     0.0014     0.1048   1766.430   78.83130   -3.50702    34.9198    34.9206 0.0000e+00
   1742.000    -0.4729    -0.4729   2.933697   2.933764    312.501    305.740     0.1191     0.0001     0.1048   1767.440   78.83130   -3.50702    34.9200    34.9208 0.0000e+00
   1743.000    -0.4738    -0.4736   2.933673   2.933737    313.046    305.741     0.1190     0.0001     0.1047   1768.461   78.83130   -3.50702    34.9201    34.9207 0.0000e+00
   1744.000    -0.4743    -0.4741   2.933669   2.933737    312.956    305.387     0.1190    -0.0007     0.1048   1769.467   78.83130   -3.50702    34.9200    34.9207 0.0000e+00
   1745.000    -0.4745    -0.4744   2.933687   2.933768    312.424    305.217     0.1190    -0.0010     0.1048   1770.459   78.83130   -3.50702    34.9199    34.9209 0.0000e+00
   1746.000    -0.4753    -0.4752   2.933665   2.933739    312.479    305.744     0.1190    -0.0005     0.1048   1771.441   78.83130   -3.50700    34.9200    34.9209 0.0000e+00
   1747.000    -0.4770    -0.4768   2.933548   2.933635    312.701    305.550     0.1189    -0.0012     0.1046   1772.421   78.83130   -3.50700    34.9199    34.9207 0.0000e+00
   1748.000    -0.4787    -0.4785   2.933445   2.933521    311.984    305.202     0.1189     0.0003     0.1047   1773.398   78.83130   -3.50700    34.9198    34.9206 0.0000e+00
   1749.000    -0.4789    -0.4788   2.933453   2.933532    312.488    305.252     0.1189    -0.0012     0.1048   1774.368   78.83130   -3.50700    34.9197    34.9205 0.0000e+00
   1750.000    -0.4793    -0.4792   2.933461   2.933533    312.807    305.492     0.1188     0.0001     0.1047   1775.339   78.83130   -3.50700    34.9197    34.9205 0.0000e+00
   1751.000    -0.4798    -0.4796   2.933453   2.933540    312.827    305.633     0.1188     0.0006     0.1047   1776.314   78.83130   -3.50700    34.9196    34.9205 0.0000e+00
   1752.000    -0.4801    -0.4799   2.933473   2.933556    312.533    305.430     0.1188     0.0080     0.1048   1777.288   78.83130   -3.50698    34.9197    34.9205 0.0000e+00
   1753.000    -0.4804    -0.4804   2.933491   2.933561    312.837    305.025     0.1188     0.0087     0.1048   1778.265   78.83130   -3.50698    34.9196    34.9205 0.0000e+00
   1754.000    -0.4809    -0.4808   2.933477   2.933551    313.119    305.460     0.1187     0.0020     0.1053   1779.250   78.83130   -3.50698    34.9195    34.9204 0.0000e+00
   1755.000    -0.4833    -0.4831   2.933316   2.933389    312.894    305.661     0.1187    -0.0016     0.1048   1780.244   78.83130   -3.50698    34.9195    34.9203 0.0000e+00
   1756.000    -0.4839    -0.4838   2.933309   2.933381    312.670    305.691     0.1187     0.0036     0.1048   1781.234   78.83130   -3.50698    34.9196    34.9204 0.0000e+00
   1757.000    -0.4851    -0.4849   2.933238   2.933316    312.584    305.718     0.1187     0.0094     0.1048   1782.220   78.83130   -3.50700    34.9194    34.9202 0.0000e+00
   1758.000    -0.4862    -0.4860   2.933182   2.933267    312.917    305.775     0.1188     0.0064     0.1050   1783.198   78.83130   -3.50700    34.9194    34.9203 0.0000e+00
   1759.000    -0.4865    -0.4863   2.933198   2.933279    313.316    305.899     0.1188    -0.0008     0.1050   1784.180   78.83130   -3.50700    34.9193    34.9202 0.0000e+00
   1760.000    -0.4870    -0.4869   2.933190   2.933261    313.137    305.366     0.1188     0.0002     0.1048   1785.178   78.83130   -3.50698    34.9193    34.9201 0.0000e+00
   1761.000    -0.4879    -0.4878   2.933161   2.933229    313.211    305.426     0.1188     0.0093     0.1049   1786.193   78.83130   -3.50696    34.9194    34.9202 0.0000e+00
   1762.000    -0.4888    -0.4887   2.933123   2.933204    313.097    305.754     0.1189     0.0091     0.1054   1787.213   78.83130   -3.50696    34.9194    34.9203 0.0000e+00
   1763.000    -0.4894    -0.4893   2.933115   2.933196    312.707    305.822     0.1189     0.0002     0.1051   1788.216   78.83130   -3.50696    34.9194    34.9203 0.0000e+00
   1764.000    -0.4894    -0.4893   2.933164   2.933230    312.458    305.800     0.1189     0.0072     0.1052   1789.204   78.83130   -3.50696    34.9195    34.9203 0.0000e+00
   1765.000    -0.4896    -0.4895   2.933187   2.933268    313.112    305.736     0.1190     0.0014     0.1057   1790.173   78.83130   -3.50696    34.9195    34.9204 0.0000e+00
   1766.000    -0.4898    -0.4896   2.933215   2.933291    313.099    305.825     0.1190    -0.0017     0.1051   1791.127   78.83130   -3.50696    34.9195    34.9203 0.0000e+00
   1767.000    -0.4902    -0.4901   2.933219   2.933289    313.162    305.862     0.1190    -0.0016     0.1051   1792.077   78.83130   -3.50696    34.9195    34.9203 0.0000e+00
   1768.000    -0.4913    -0.4912   2.933164   2.933228    313.284    305.848     0.1190     0.0030     0.1051   1793.032   78.83130   -3.50694    34.9195    34.9202 0.0000e+00
   1769.000    -0.4917    -0.4917   2.933169   2.933248    313.304    305.116     0.1190     0.0073     0.1054   1794.000   78.83131   -3.50694    34.9194    34.9204 0.0000e+00
   1770.000    -0.4917    -0.4916   2.933209   2.933283    312.758    305.362     0.1191     0.0016     0.1058   1794.987   78.83132   -3.50694    34.9194    34.9203 0.0000e+00
   1771.000    -0.4933    -0.4931   2.933118   2.933196    312.612    305.746     0.1191     0.0087     0.1059   1795.991   78.83132   -3.50694    34.9194    34.9202 0.0000e+00
   1772.000    -0.4942    -0.4940   2.933074   2.933148    312.547    305.809     0.1191     0.0087     0.1053   1797.016   78.83132   -3.50695    34.9193    34.9201 0.0000e+00
   1773.000    -0.4942    -0.4941   2.933104   2.933180    312.757    305.746     0.1192     0.0008     0.1050   1798.054   78.83132   -3.50696    34.9192    34.9201 0.0000e+00
   1774.000    -0.4944    -0.4943   2.933136   2.933215    312.681    305.728     0.1192    -0.0009     0.1055   1799.099   78.83132   -3.50694    34.9193    34.9202 0.0000e+00
   1775.000    -0.4946    -0.4945   2.933158   2.933229    313.071    305.480     0.1192    -0.0007     0.1054   1800.129   78.83132   -3.50694    34.9193    34.9201 0.0000e+00
   1776.000    -0.4951    -0.4950   2.933151   2.933234    313.007    305.624     0.1192    -0.0005     0.1057   1801.129   78.83132   -3.50692    34.9192    34.9202 0.0000e+00
   1777.000    -0.4956    -0.4955   2.933161   2.933242    313.018    305.839     0.1193    -0.0004     0.1059   1802.098   78.83132   -3.50692    34.9194    34.9202 0.0000e+00
   1778.000    -0.4958    -0.4957   2.933184   2.933259    312.875    305.790     0.1193    -0.0006     0.1059   1803.046   78.83132   -3.50692    34.9193    34.9202 0.0000e+00
   1779.000    -0.4959    -0.4959   2.933216   2.933293    313.252    305.952     0.1193    -0.0004     0.1060   1803.976   78.83132   -3.50692    34.9194    34.9203 0.0000e+00
   1780.000    -0.4964    -0.4963   2.933219   2.933294    313.592    305.941     0.1193    -0.0007     0.1059   1804.905   78.83132   -3.50692    34.9193    34.9202 0.0000e+00
   1781.000    -0.4967    -0.4966   2.933239   2.933302    312.901    305.809     0.1194    -0.0018     0.1059   1805.852   78.83132   -3.50693    34.9194    34.9202 0.0000e+00
   1782.000    -0.4967    -0.4966   2.933269   2.933347    313.414    305.798     0.1194     0.0004     0.1059   1806.822   78.83132   -3.50694    34.9193    34.9202 0.0000e+00
   1783.000    -0.4966    -0.4966   2.933329   2.933397    313.191    305.472     0.1194     0.0083     0.1059   1807.822   78.83132   -3.50693    34.9194    34.9203 0.0000e+00
   1784.000    -0.4968    -0.4966   2.933359   2.933430    312.715    305.436     0.1194     0.0011     0.1059   1808.850   78.83132   -3.50691    34.9195    34.9203 0.0000e+00
   1785.000    -0.4981    -0.4980   2.933272   2.933344    312.790    305.716     0.1195    -0.0003     0.1059   1809.897   78.83132   -3.50690    34.9193    34.9201 0.0000e+00
   1786.000    -0.4995    -0.4993   2.933195   2.933267    312.840    305.915     0.1195    -0.0012     0.1059   1810.940   78.83132   -3.50690    34.9193    34.9200 0.0000e+00
   1787.000    -0.5000    -0.4999   2.933195   2.933268    312.805    305.972     0.1195     0.0069     0.1059   1811.956   78.83132   -3.50690    34.9193    34.9201 0.0000e+00
   1788.000    -0.5004    -0.5002   2.933199   2.933278    312.243    305.766     0.1195     0.0043     0.1060   1812.937   78.83132   -3.50690    34.9192    34.9201 0.0000e+00
   1789.000    -0.5005    -0.5004   2.933241   2.933306    312.968    305.586     0.1196    -0.0002     0.1059   1813.907   78.83132   -3.50690    34.9194    34.9201 0.0000e+00
   1790.000    -0.5012    -0.5010   2.933226   2.933299    313.150    305.375     0.1196    -0.0008     0.1059   1814.872   78.83132   -3.50690    34.9195    34.9202 0.0000e+00
   1791.000    -0.5018    -0.5017   2.933216   2.933288    313.260    305.661     0.1196     0.0008     0.1059   1815.842   78.83132   -3.50690    34.9194    34.9202 0.0000e+00
   1792.000    -0.5020    -0.5019   2.933233   2.933309    313.269    305.894     0.1196    -0.0003     0.1059   1816.817   78.83132   -3.50690    34.9194    34.9203 0.0000e+00
   1793.000    -0.5021    -0.5020   2.933285   2.933345    313.139    305.677     0.1197    -0.0005     0.1059   1817.791   78.83132   -3.50690    34.9196    34.9203 0.0000e+00
   1794.000    -0.5026    -0.5025   2.933280   2.933347    312.574    305.410     0.1197     0.0000     0.1059   1818.763   78.83132   -3.50689    34.9195    34.9203 0.0000e+00
   1795.000    -0.5030    -0.5027   2.933284   2.933352    312.822    305.484     0.1198    -0.0011     0.1058   1819.734   78.83132   -3.50688    34.9195    34.9201 0.0000e+00
   1796.000    -0.5039    -0.5037   2.933249   2.933325    313.505    305.486     0.1198    -0.0002     0.1059   1820.705   78.83132   -3.50688    34.9195    34.9203 0.0000e+00
   1797.000    -0.5047    -0.5045   2.933207   2.933285    312.774    305.646     0.1199    -0.0003     0.1063   1821.680   78.83132   -3.50688    34.9193    34.9201 0.0000e+00
   1798.000    -0.5056    -0.5055   2.933178   2.933253    312.144    305.336     0.1200     0.0005     0.1059   1822.675   78.83132   -3.50688    34.9194    34.9203 0.0000e+00
   1799.000    -0.5056    -0.5054   2.933223   2.933297    312.587    305.080     0.1200     0.0037     0.1059   1823.687   78.83132   -3.50688    34.9195    34.9203 0.0000e+00
   1800.000    -0.5058    -0.5057   2.933245   2.933319    312.434    305.535     0.1201     0.0057     0.1059   1824.700   78.83132   -3.50688    34.9194    34.9203 0.0000e+00
   1801.000    -0.5066    -0.5064   2.933221   2.933298    313.271    305.631     0.1202     0.0002     0.1059   1825.703   78.83132   -3.50688    34.9194    34.9203 0.0000e+00
   1802.000    -0.5068    -0.5067   2.933245   2.933312    313.071    305.631     0.1203    -0.0013     0.1059   1826.700   78.83132   -3.50688    34.9195    34.9202 0.0000e+00
   1803.000    -0.5069    -0.5068   2.933283   2.933360    312.996    305.816     0.1203    -0.0017     0.1059   1827.698   78.83132   -3.50687    34.9196    34.9204 0.0000e+00
   1804.000    -0.5078    -0.5076   2.933258   2.933341    312.976    305.442     0.1204     0.0003     0.1060   1828.703   78.83132   -3.50686    34.9196    34.9206 0.0000e+00
   1805.000    -0.5079    -0.5077   2.933296   2.933377    312.946    305.071     0.1205    -0.0018     0.1059   1829.709   78.83132   -3.50686    34.9197    34.9205 0.0000e+00
   1806.000    -0.5083    -0.5081   2.933296   2.933378    312.647    305.316     0.1205     0.0074     0.1059   1830.695   78.83132   -3.50686    34.9196    34.9205 0.0000e+00
   1807.000    -0.5085    -0.5084   2.933320   2.933400    312.787    305.660     0.1206     0.0089     0.1059   1831.654   78.83132   -3.50687    34.9197    34.9206 0.0000e+00
   1808.000    -0.5086    -0.5084   2.933363   2.933434    312.748    305.695     0.1207     0.0023     0.1058   1832.603   78.83132   -3.50688    34.9198    34.9205 0.0000e+00
   1809.000    -0.5082    -0.5081   2.933435   2.933520    312.613    305.388     0.1207     0.0040     0.1059   1833.540   78.83132   -3.50688    34.9198    34.9208 0.0000e+00
   1810.000    -0.5070    -0.5069   2.933593   2.933667    312.537    305.429     0.1208     0.0063     0.1059   1834.482   78.83132   -3.50688    34.9200    34.9209 0.0000e+00
