test_project/cnv_files/Sta0224_bin.cnv
* Sea-Bird SBE 9 Data File:
* FileName = C:\Seabird\CTDDATA\Sta0224.hex
* Software Version Seasave V 7.26.7.107
* Temperature SN = 03-4535
* Conductivity SN = 2860
* Number of Bytes Per Scan = 44
* Number of Voltage Words = 5
* Number of Scans Averaged by the Deck Unit = 1
* NMEA Latitude = 78 08.23 N
* NMEA Longitude = 015 57.72 W
* NMEA UTC (Time) = Sep 08 2019 01:52:42
* NMEA baud rate = 9600
** Ship: "Kronprins Haakon"
** Station: 0224
** Echodepth: 431
** Log: 6066.729
** Wind-Dir Force(m/s): 24 05
** Air-temp (dry): -2.0
** Weather Sky: 0 1
** Sea Ice: 0 4
# nquan = 17
# nvalues = 418                         
# units = specified
# name 0 = prDM: Pressure, Digiquartz [db]
# name 1 = t090C: Temperature [ITS-90, deg C]
# name 2 = t190C: Temperature, 2 [ITS-90, deg C]
# name 3 = c0S/m: Conductivity [S/m]
# name 4 = c1S/m: Conductivity, 2 [S/m]
# name 5 = sbox0Mm/Kg: Oxygen, SBE 43 [umol/kg]
# name 6 = sbox1Mm/Kg: Oxygen, SBE 43, 2 [umol/kg]
# name 7 = wetCDOM: Fluorescence, WET Labs CDOM [mg/m^3]
# name 8 = flECO-AFL: Fluorescence, WET Labs ECO-AFL/FL [mg/m^3]
# name 9 = CStarAt0: Beam Attenuation, WET Labs C-Star [1/m]
# name 10 = timeS: Time, Elapsed [seconds]
# name 11 = latitude: Latitude [deg]
# name 12 = longitude: Longitude [deg]
# name 13 = upoly0: Upoly 0, ISUS
# name 14 = sal00: Salinity, Practical [PSU]
# name 15 = sal11: Salinity, Practical, 2 [PSU]
# name 16 = flag: flag
# span 0 =      3.000,    420.000       
# span 1 =    -1.6744,     1.8887       
# span 2 =    -1.6745,     1.8894       
# span 3 =   0.055269,   3.071440       
# span 4 =   2.229407,   3.071440       
# span 5 =    306.165,    483.088       
# span 6 =    300.714,    709.353       
# span 7 =     0.1098,     0.1790       
# span 8 =    -0.0001,     0.9923       
# span 9 =     0.1293,     0.2497       
# span 10 =     22.484,    698.684      
# span 11 =   78.13730,   78.13732      
# span 12 =  -15.96206,  -15.96202      
# span 13 =  13.633282,  26.042990      
# span 14 =     0.5286,    34.9082      
# span 15 =    25.2696,    34.9083      
# span 16 = 0.0000e+00, 0.0000e+00      
# interval = decibars: 1                
# start_time = Sep 08 2019 01:52:42 [NMEA time, header]
# bad_flag = -9.990e-29
*END*
[from data line 256]
    259.000     1.4484     1.4483   3.025489   3.025447    309.729    305.797     0.1175     0.0099     0.1320    531.513   78.13732  -15.96204  24.703387    34.7992    34.7988 0.0000e+00
    260.000     1.4507     1.4506   3.025896   3.025832    309.635    305.967     0.1173     0.0151     0.1343    532.537   78.13732  -15.96204  25.062826    34.8013    34.8007 0.0000e+00
    261.000     1.4800     1.4777   3.028808   3.028661    310.240    305.798     0.1172     0.0101     0.1354    533.546   78.13732  -15.96204  25.083573    34.8054    34.8060 0.0000e+00
    262.000     1.5114     1.5111   3.031936   3.031950    310.302    305.225     0.1170     0.0020     0.1349    534.546   78.13732  -15.96204  24.423344    34.8098    34.8103 0.0000e+00
    263.000     1.5569     1.5539   3.036576   3.036408    309.870    304.649     0.1169     0.0003     0.1348    535.560   78.13732  -15.96204  24.659208    34.8178    34.8190 0.0000e+00
    264.000     1.5950     1.5968   3.040455   3.040575    310.291    304.715     0.1167     0.0067     0.1357    536.585   78.13732  -15.96204  24.998499    34.8242    34.8238 0.0000e+00
    265.000     1.5993     1.5997   3.040937   3.040920    310.925    305.834     0.1166     0.0042     0.1368    537.629   78.13732  -15.96204  25.050580    34.8251    34.8244 0.0000e+00
    266.000     1.5954     1.5952   3.040649   3.040583    310.220    306.359     0.1164     0.0060     0.1369    538.667   78.13732  -15.96204  24.767982    34.8252    34.8246 0.0000e+00
    267.000     1.5946     1.5943   3.040678   3.040603    309.077    306.695     0.1163     0.0132     0.1376    539.714   78.13732  -15.96204  24.912660    34.8258    34.8253 0.0000e+00
    268.000     1.6228     1.6209   3.043580   3.043500    309.292    306.701     0.1161     0.0128     0.1379    540.762   78.13732  -15.96204  24.604486    34.8308    34.8320 0.0000e+00
    269.000     1.6679     1.6679   3.048105   3.048103    310.321    306.268     0.1159     0.0057     0.1392    541.801   78.13732  -15.96204  24.218974    34.8377    34.8377 0.0000e+00
    270.000     1.6763     1.6764   3.049054   3.049037    312.067    306.808     0.1158     0.0074     0.1396    542.838   78.13732  -15.96204  24.467387    34.8400    34.8397 0.0000e+00
    271.000     1.6808     1.6806   3.049578   3.049536    312.234    307.175     0.1156     0.0093     0.1391    543.869   78.13732  -15.96204  24.652783    34.8411    34.8407 0.0000e+00
    272.000     1.6908     1.6909   3.050642   3.050675    311.143    307.335     0.1153     0.0034     0.1395    544.899   78.13732  -15.96204  24.000708    34.8429    34.8432 0.0000e+00
    273.000     1.7284     1.7283   3.054580   3.054628    310.714    306.987     0.1151     0.0095     0.1395    545.939   78.13732  -15.96204  24.554591    34.8506    34.8512 0.0000e+00
    274.000     1.7452     1.7453   3.056417   3.056382    311.517    307.202     0.1149     0.0096     0.1401    546.986   78.13732  -15.96204  25.080702    34.8546    34.8541 0.0000e+00
    275.000     1.7446     1.7446   3.056603   3.056554    312.278    307.750     0.1147     0.0096     0.1404    548.032   78.13732  -15.96204  24.810531    34.8570    34.8565 0.0000e+00
    276.000     1.7469     1.7460   3.056972   3.056920    312.196    307.910     0.1145     0.0096     0.1411    549.077   78.13732  -15.96204  25.148912    34.8586    34.8590 0.0000e+00
    277.000     1.7707     1.7708   3.059405   3.059394    311.591    307.857     0.1142     0.0096     0.1417    550.111   78.13732  -15.96204  25.363969    34.8625    34.8622 0.0000e+00
    278.000     1.7747     1.7746   3.059862   3.059817    312.585    308.104     0.1140     0.0093     0.1422    551.142   78.13732  -15.96204  25.204642    34.8633    34.8629 0.0000e+00
    279.000     1.7881     1.7869   3.061258   3.061211    312.896    308.018     0.1138     0.0096     0.1428    552.162   78.13732  -15.96204  24.994826    34.8656    34.8663 0.0000e+00
    280.000     1.8835     1.8811   3.070810   3.070709    312.528    307.537     0.1137     0.0093     0.1440    553.187   78.13732  -15.96204  24.779682    34.8801    34.8815 0.0000e+00
    281.000     1.8887     1.8894   3.071440   3.071440    314.011    308.655     0.1135     0.0017     0.1439    554.221   78.13732  -15.96204  24.510030    34.8818    34.8810 0.0000e+00
    282.000     1.8871     1.8821   3.071339   3.070776    314.921    309.325     0.1133     0.0073     0.1443    555.259   78.13732  -15.96204  25.555482    34.8817    34.8801 0.0000e+00
    283.000     1.8209     1.8290   3.065168   3.065551    313.979    310.491     0.1132     0.0033     0.1433    556.306   78.13732  -15.96204  24.349872    34.8763    34.8722 0.0000e+00
    284.000     1.7551     1.7551   3.058958   3.058889    313.789    311.327     0.1130     0.0072     0.1432    557.352   78.13732  -15.96204  25.095513    34.8701    34.8692 0.0000e+00
    285.000     1.7483     1.7493   3.058301   3.058388    312.380    310.113     0.1129     0.0041     0.1438    558.401   78.13732  -15.96204  24.808521    34.8687    34.8687 0.0000e+00
    286.000     1.7325     1.7334   3.056903   3.056894    313.791    309.574     0.1127    -0.0001     0.1446    559.451   78.13732  -15.96204  24.488200    34.8679    34.8668 0.0000e+00
    287.000     1.7175     1.7183   3.055571   3.055630    316.114    309.182     0.1126     0.0066     0.1452    560.494   78.13732  -15.96204  24.565085    34.8670    34.8669 0.0000e+00
    288.000     1.7156     1.7161   3.055483   3.055477    316.308    308.611     0.1124     0.0049     0.1464    561.533   78.13732  -15.96204  24.857987    34.8675    34.8669 0.0000e+00
    289.000     1.7043     1.7048   3.054530   3.054504    315.973    308.473     0.1123     0.0055     0.1465    562.565   78.13732  -15.96204  25.066880    34.8673    34.8664 0.0000e+00
    290.000     1.6695     1.6713   3.051378   3.051427    315.994    308.536     0.1122     0.0057     0.1465    563.598   78.13732  -15.96204  25.092107    34.8653    34.8639 0.0000e+00
    291.000     1.6646     1.6636   3.050967   3.050868    315.239    308.334     0.1121     0.0014     0.1472    564.629   78.13732  -15.96204  25.105627    34.8650    34.8648 0.0000e+00
    292.000     1.7279     1.7223   3.057174   3.056784    314.107    307.776     0.1120     0.0062     0.1478    565.655   78.13732  -15.96204  24.816822    34.8729    34.8742 0.0000e+00
    293.000     1.7421     1.7421   3.058690   3.058637    315.925    308.110     0.1119     0.0153     0.1496    566.683   78.13732  -15.96204  24.858591    34.8759    34.8751 0.0000e+00
    294.000     1.7421     1.7423   3.058747   3.058721    316.788    308.362     0.1119     0.0140     0.1494    567.717   78.13732  -15.96204  24.094963    34.8760    34.8754 0.0000e+00
    295.000     1.7417     1.7422   3.058809   3.058808    315.348    308.361     0.1118     0.0096     0.1496    568.758   78.13732  -15.96204  24.276940    34.8766    34.8761 0.0000e+00
    296.000     1.7126     1.7113   3.056165   3.055878    314.279    308.980     0.1118     0.0080     0.1501    569.806   78.13732  -15.96204  25.225072    34.8747    34.8726 0.0000e+00
    297.000     1.6671     1.6675   3.051990   3.051925    313.749    309.103     0.1118     0.0040     0.1512    570.857   78.13732  -15.96204  25.191480    34.8717    34.8704 0.0000e+00
    298.000     1.6550     1.6546   3.050903   3.050822    313.258    308.518     0.1118     0.0139     0.1512    571.909   78.13732  -15.96204  24.952343    34.8708    34.8702 0.0000e+00
    299.000     1.6684     1.6710   3.052268   3.052564    313.633    307.965     0.1118     0.0098     0.1520    572.959   78.13732  -15.96204  25.062892    34.8726    34.8735 0.0000e+00
    300.000     1.7034     1.7002   3.055674   3.055416    314.734    307.828     0.1118     0.0095     0.1538    574.002   78.13732  -15.96204  24.782929    34.8765    34.8767 0.0000e+00
    301.000     1.6987     1.6965   3.055317   3.055072    316.203    308.063     0.1118     0.0094     0.1556    575.042   78.13732  -15.96204  24.795490    34.8765    34.8759 0.0000e+00
    302.000     1.6978     1.6984   3.055285   3.055333    316.069    307.879     0.1118     0.0096     0.1551    576.065   78.13732  -15.96204  24.809639    34.8766    34.8765 0.0000e+00
    303.000     1.6989     1.6982   3.055468   3.055371    314.980    307.983     0.1119     0.0094     0.1549    577.088   78.13732  -15.96204  25.293217    34.8770    34.8766 0.0000e+00
    304.000     1.6686     1.6703   3.052665   3.052704    314.742    308.513     0.1119     0.0031     0.1554    578.114   78.13732  -15.96204  24.382122    34.8746    34.8732 0.0000e+00
    305.000     1.6475     1.6478   3.050718   3.050660    314.325    308.345     0.1119     0.0114     0.1560    579.139   78.13732  -15.96204  25.166881    34.8726    34.8716 0.0000e+00
    306.000     1.6313     1.6315   3.049283   3.049242    313.880    308.207     0.1118     0.0061     0.1556    580.180   78.13732  -15.96204  25.407424    34.8718    34.8711 0.0000e+00
    307.000     1.6309     1.6310   3.049306   3.049305    314.079    307.824     0.1118     0.0069     0.1561    581.228   78.13732  -15.96204  25.315685    34.8719    34.8718 0.0000e+00
    308.000     1.6494     1.6492   3.051198   3.051256    313.694    307.087     0.1117     0.0095     0.1569    582.300   78.13732  -15.96204  24.947224    34.8749    34.8758 0.0000e+00
    309.000     1.6792     1.6799   3.054232   3.054343    313.910    306.735     0.1117     0.0049     0.1575    583.366   78.13732  -15.96204  24.682847    34.8797    34.8804 0.0000e+00
    310.000     1.6909     1.6908   3.055430   3.055401    314.438    306.999     0.1116     0.0013     0.1582    584.409   78.13732  -15.96204  24.938583    34.8814    34.8812 0.0000e+00
    311.000     1.6967     1.6970   3.056106   3.056149    314.259    307.083     0.1116     0.0061     0.1578    585.455   78.13732  -15.96204  25.250858    34.8830    34.8832 0.0000e+00
    312.000     1.7056     1.7063   3.057037   3.057137    313.496    307.614     0.1115     0.0096     0.1567    586.496   78.13732  -15.96204  25.507557    34.8844    34.8849 0.0000e+00
    313.000     1.7214     1.7206   3.058632   3.058622    313.151    307.978     0.1115     0.0095     0.1567    587.542   78.13732  -15.96204  25.135014    34.8865    34.8872 0.0000e+00
    314.000     1.7365     1.7369   3.060205   3.060234    313.512    308.114     0.1114     0.0063     0.1564    588.584   78.13732  -15.96204  25.131666    34.8891    34.8890 0.0000e+00
    315.000     1.7076     1.7097   3.057672   3.057710    314.255    308.611     0.1114     0.0020     0.1564    589.623   78.13731  -15.96204  25.407249    34.8884    34.8866 0.0000e+00
    316.000     1.6694     1.6704   3.054159   3.054163    314.095    308.956     0.1114     0.0035     0.1554    590.662   78.13731  -15.96204  25.291736    34.8857    34.8846 0.0000e+00
    317.000     1.6471     1.6472   3.052123   3.052114    313.463    308.953     0.1114     0.0071     0.1561    591.695   78.13732  -15.96204  25.566296    34.8840    34.8837 0.0000e+00
    318.000     1.6423     1.6424   3.051708   3.051706    313.798    308.332     0.1114     0.0003     0.1574    592.724   78.13732  -15.96204  25.213847    34.8835    34.8833 0.0000e+00
    319.000     1.6353     1.6354   3.051094   3.051104    314.643    307.712     0.1114     0.0020     0.1599    593.748   78.13732  -15.96204  24.812465    34.8829    34.8828 0.0000e+00
    320.000     1.6349     1.6350   3.051107   3.051116    314.856    307.501     0.1114     0.0093     0.1626    594.767   78.13732  -15.96204  25.077505    34.8829    34.8829 0.0000e+00
    321.000     1.6366     1.6368   3.051334   3.051364    314.986    307.653     0.1114     0.0096     0.1632    595.789   78.13732  -15.96204  25.541726    34.8833    34.8834 0.0000e+00
    322.000     1.6419     1.6417   3.051895   3.051898    314.691    307.385     0.1114     0.0092     0.1648    596.819   78.13732  -15.96204  25.029307    34.8839    34.8842 0.0000e+00
    323.000     1.6539     1.6530   3.053184   3.053169    314.366    307.131     0.1113     0.0028     0.1668    597.860   78.13732  -15.96204  25.949013    34.8865    34.8872 0.0000e+00
    324.000     1.6702     1.6703   3.054919   3.054913    314.501    307.150     0.1113     0.0084     0.1672    598.923   78.13731  -15.96204  25.216770    34.8898    34.8896 0.0000e+00
    325.000     1.6709     1.6710   3.055079   3.055082    314.287    307.501     0.1113     0.0093     0.1679    599.992   78.13730  -15.96204  24.836811    34.8905    34.8903 0.0000e+00
    326.000     1.6694     1.6696   3.055014   3.055001    313.824    307.675     0.1112     0.0023     0.1687    601.070   78.13730  -15.96204  24.759912    34.8907    34.8903 0.0000e+00
    327.000     1.6663     1.6662   3.054769   3.054752    313.466    308.444     0.1112     0.0016     0.1687    602.139   78.13730  -15.96204  25.215490    34.8905    34.8903 0.0000e+00
    328.000     1.6665     1.6666   3.054885   3.054889    313.711    308.743     0.1112     0.0023     0.1706    603.187   78.13730  -15.96204  25.267847    34.8911    34.8911 0.0000e+00
    329.000     1.6661     1.6666   3.054925   3.054960    313.994    308.537     0.1112     0.0015     0.1708    604.213   78.13730  -15.96204  25.258487    34.8915    34.8914 0.0000e+00
    330.000     1.6545     1.6549   3.053931   3.053941    314.422    308.413     0.1112     0.0070     0.1705    605.214   78.13730  -15.96204  25.145587    34.8912    34.8908 0.0000e+00
    331.000     1.6540     1.6540   3.053929   3.053936    314.521    308.382     0.1112     0.0136     0.1708    606.207   78.13730  -15.96204  24.718153    34.8911    34.8912 0.0000e+00
    332.000     1.6579     1.6580   3.054400   3.054435    314.333    307.839     0.1113     0.0097     0.1713    607.200   78.13730  -15.96204  25.210051    34.8922    34.8925 0.0000e+00
    333.000     1.6615     1.6621   3.054906   3.054959    314.330    307.896     0.1113     0.0053     0.1713    608.203   78.13730  -15.96204  24.955702    34.8941    34.8941 0.0000e+00
    334.000     1.6615     1.6617   3.055009   3.055022    314.693    308.238     0.1114     0.0141     0.1712    609.233   78.13730  -15.96204  25.948030    34.8947    34.8947 0.0000e+00
    335.000     1.6612     1.6613   3.055058   3.055059    314.653    308.155     0.1115     0.0183     0.1709    610.294   78.13730  -15.96204  25.409494    34.8952    34.8950 0.0000e+00
    336.000     1.6593     1.6595   3.054959   3.054964    314.538    307.865     0.1116     0.0072     0.1713    611.383   78.13730  -15.96204  25.015209    34.8954    34.8952 0.0000e+00
    337.000     1.6605     1.6605   3.055146   3.055142    314.673    308.036     0.1117     0.0019     0.1713    612.479   78.13730  -15.96204  25.033552    34.8959    34.8958 0.0000e+00
    338.000     1.6633     1.6632   3.055483   3.055476    314.515    308.091     0.1118     0.0021     0.1722    613.560   78.13730  -15.96204  25.089370    34.8964    34.8965 0.0000e+00
    339.000     1.6720     1.6720   3.056456   3.056477    314.564    308.344     0.1118     0.0044     0.1730    614.619   78.13730  -15.96204  25.202479    34.8986    34.8989 0.0000e+00
    340.000     1.6766     1.6766   3.056960   3.056967    314.631    308.648     0.1120     0.0110     0.1725    615.651   78.13730  -15.96204  25.367823    34.8994    34.8994 0.0000e+00
    341.000     1.6718     1.6725   3.056594   3.056619    314.364    308.575     0.1121     0.0155     0.1729    616.661   78.13730  -15.96204  25.345412    34.8994    34.8990 0.0000e+00
    342.000     1.6700     1.6700   3.056578   3.056589    313.683    308.084     0.1122     0.0090     0.1718    617.652   78.13730  -15.96204  24.759683    34.9006    34.9008 0.0000e+00
