test_project/cnv_files/sta0250_bin.cnv
* Sea-Bird SBE 9 Data File:
* FileName = C:\Seabird\CTDDATA\Sta0250.hex
* Software Version Seasave V 7.26.7.107
* Temperature SN = 03-4535
* Conductivity SN = 2860
* Number of Bytes Per Scan = 44
* Number of Voltage Words = 5
* Number of Scans Averaged by the Deck Unit = 1
* NMEA Latitude = 78 49.96 N
* NMEA Longitude = 008 29.97 E
* NMEA UTC (Time) = Sep 15 2019 00:38:19
* NMEA baud rate = 9600
** Ship: "Kronprins Haakon"
** Station: 0250
** Echodepth: 568
** Log: 6527.361
** Wind-Dir Force(m/s): 07 21
** Air-temp (dry): 7.0
** Weather Sky: 2 5
** Sea Ice: 4 0
# nquan = 16
# nvalues = 568                         
# units = specified
# name 0 = prDM: Pressure, Digiquartz [db]
# name 1 = t090C: Temperature [ITS-90, deg C]
# name 2 = t190C: Temperature, 2 [ITS-90, deg C]
# name 3 = c0S/m: Conductivity [S/m]
# name 4 = c1S/m: Conductivity, 2 [S/m]
# name 5 = sbox0Mm/Kg: Oxygen, SBE 43 [umol/kg]
# name 6 = sbox1Mm/Kg: Oxygen, SBE 43, 2 [umol/kg]
# name 7 = wetCDOM: Fluorescence, WET Labs CDOM [mg/m^3]
# name 8 = flECO-AFL: Fluorescence, WET Labs ECO-AFL/FL [mg/m^3]
# name 9 = CStarAt0: Beam Attenuation, WET Labs C-Star [1/m]
# name 10 = timeS: Time, Elapsed [seconds]
# name 11 = latitude: Latitude [deg]
# name 12 = longitude: Longitude [deg]
# name 13 = sal00: Salinity, Practical [PSU]
# name 14 = sal11: Salinity, Practical, 2 [PSU]
# name 15 = flag: flag
# span 0 =      2.000,    569.000       
# span 1 =     2.8078,     6.5710       
# span 2 =     2.8071,     6.5656       
# span 3 =   3.170698,   3.475498       
# span 4 =   3.170668,   3.474947       
# span 5 =    301.975,    320.685       
# span 6 =    294.843,    313.040       
# span 7 =     0.0932,     0.1334       
# span 8 =    -0.0032,     1.7224       
# span 9 =     0.1557,     0.4084       
# span 10 =    178.731,    743.074      
# span 11 =   78.83280,   78.83284      
# span 12 =    8.49944,    8.49952      
# span 13 =    34.6202,    35.0407      
# span 14 =    34.6047,    35.0409      
# span 15 = 0.0000e+00, 0.0000e+00      
# interval = decibars: 1                
# start_time = Sep 15 2019 00:38:19 [NMEA time, header]
# bad_flag = -9.990e-29
*END*
[from data line 181]
    183.000     4.7186     4.7172   3.330275   3.330155    311.996    305.702     0.0971     0.0143     0.1591    363.509   78.83282    8.49946    35.0210    35.0210 0.0000e+00
    184.000     4.7164     4.7135   3.330155   3.329879    313.111    305.684     0.0973     0.0035     0.1590    364.491   78.83282    8.49946    35.0213    35.0211 0.0000e+00
    185.000     4.7021     4.7022   3.328808   3.328802    314.175    306.007     0.0974     0.0093     0.1596    365.466   78.83282    8.49946    35.0201    35.0200 0.0000e+00
    186.000     4.6367     4.6368   3.322462   3.322167    314.951    306.720     0.0974     0.0096     0.1601    366.441   78.83282    8.49946    35.0145    35.0110 0.0000e+00
    187.000     4.5927     4.5919   3.318240   3.318158    314.313    306.756     0.0975     0.0097     0.1604    367.422   78.83282    8.49946    35.0110    35.0110 0.0000e+00
    188.000     4.5885     4.5875   3.317865   3.317796    313.305    306.241     0.0974     0.0197     0.1604    368.407   78.83282    8.49946    35.0105    35.0107 0.0000e+00
    189.000     4.5833     4.5822   3.317440   3.317389    314.751    306.945     0.0974     0.0198     0.1614    369.392   78.83282    8.49946    35.0106    35.0110 0.0000e+00
    190.000     4.5846     4.5831   3.317580   3.317451    316.824    307.557     0.0972     0.0205     0.1627    370.372   78.83282    8.49946    35.0103    35.0103 0.0000e+00
    191.000     4.5688     4.5683   3.316083   3.316035    317.497    307.844     0.0971     0.0154     0.1628    371.348   78.83282    8.49946    35.0089    35.0088 0.0000e+00
    192.000     4.5583     4.5577   3.315126   3.315093    317.354    307.839     0.0969     0.0045     0.1626    372.327   78.83282    8.49946    35.0082    35.0085 0.0000e+00
    193.000     4.5505     4.5505   3.314455   3.314477    316.519    307.697     0.0967     0.0095     0.1631    373.313   78.83282    8.49946    35.0081    35.0084 0.0000e+00
    194.000     4.5449     4.5448   3.314002   3.314001    316.039    307.844     0.0964     0.0089     0.1634    374.301   78.83282    8.49946    35.0082    35.0082 0.0000e+00
    195.000     4.5350     4.5349   3.313115   3.313118    316.250    308.005     0.0962     0.0034     0.1637    375.278   78.83282    8.49946    35.0077    35.0078 0.0000e+00
    196.000     4.5293     4.5281   3.312583   3.312494    316.266    308.208     0.0959     0.0156     0.1635    376.260   78.83282    8.49946    35.0070    35.0072 0.0000e+00
    197.000     4.5148     4.5146   3.311270   3.311224    316.110    308.317     0.0957     0.0227     0.1634    377.235   78.83282    8.49946    35.0064    35.0061 0.0000e+00
    198.000     4.4988     4.4977   3.309770   3.309647    315.811    307.921     0.0954     0.0243     0.1637    378.211   78.83282    8.49946    35.0052    35.0048 0.0000e+00
    199.000     4.4871     4.4861   3.308717   3.308632    315.588    307.961     0.0952     0.0201     0.1638    379.186   78.83282    8.49946    35.0046    35.0047 0.0000e+00
    200.000     4.4762     4.4760   3.307727   3.307727    316.000    308.498     0.0950     0.0170     0.1638    380.164   78.83282    8.49946    35.0040    35.0042 0.0000e+00
    201.000     4.4687     4.4686   3.307074   3.307084    316.570    308.850     0.0949     0.0198     0.1647    381.144   78.83282    8.49946    35.0037    35.0040 0.0000e+00
    202.000     4.4667     4.4661   3.306912   3.306899    316.562    308.585     0.0947     0.0223     0.1645    382.128   78.83282    8.49946    35.0034    35.0039 0.0000e+00
    203.000     4.4547     4.4546   3.305825   3.305815    316.434    308.611     0.0946     0.0156     0.1643    383.110   78.83282    8.49946    35.0028    35.0028 0.0000e+00
    204.000     4.4511     4.4505   3.305533   3.305499    316.276    308.724     0.0946     0.0111     0.1649    384.087   78.83282    8.49946    35.0026    35.0029 0.0000e+00
    205.000     4.4510     4.4500   3.305567   3.305538    316.587    308.707     0.0946     0.0234     0.1648    385.066   78.83282    8.49946    35.0027    35.0033 0.0000e+00
    206.000     4.4501     4.4491   3.305545   3.305470    316.747    308.749     0.0946     0.0242     0.1656    386.047   78.83282    8.49946    35.0028    35.0030 0.0000e+00
    207.000     4.4451     4.4428   3.305138   3.304921    316.358    308.582     0.0947     0.0187     0.1648    387.027   78.83282    8.49946    35.0027    35.0026 0.0000e+00
    208.000     4.4341     4.4347   3.304140   3.304185    315.933    308.820     0.0948     0.0221     0.1648    388.008   78.83282    8.49946    35.0022    35.0020 0.0000e+00
    209.000     4.4161     4.4157   3.302516   3.302491    315.732    309.002     0.0949     0.0286     0.1649    388.990   78.83282    8.49946    35.0016    35.0017 0.0000e+00
    210.000     4.4106     4.4097   3.302049   3.301959    315.691    308.713     0.0950     0.0281     0.1654    389.965   78.83282    8.49946    35.0014    35.0013 0.0000e+00
    211.000     4.4005     4.3997   3.301117   3.301054    315.629    308.900     0.0952     0.0215     0.1658    390.942   78.83282    8.49946    35.0006    35.0006 0.0000e+00
    212.000     4.3567     4.3568   3.297054   3.296941    316.026    309.286     0.0954     0.0188     0.1659    391.914   78.83282    8.49946    34.9986    34.9972 0.0000e+00
    213.000     4.2942     4.2959   3.291382   3.291438    316.879    309.225     0.0957     0.0228     0.1658    392.890   78.83282    8.49946    34.9975    34.9965 0.0000e+00
    214.000     4.2773     4.2712   3.289853   3.289282    316.213    308.715     0.0959     0.0172     0.1659    393.865   78.83282    8.49946    34.9969    34.9966 0.0000e+00
    215.000     4.2717     4.2710   3.289414   3.289423    316.517    308.364     0.0963     0.0167     0.1665    394.845   78.83282    8.49946    34.9971    34.9980 0.0000e+00
    216.000     4.2421     4.2438   3.286790   3.286885    318.837    309.135     0.0966     0.0109     0.1671    395.827   78.83282    8.49945    34.9970    34.9963 0.0000e+00
    217.000     4.2277     4.2270   3.285536   3.285464    320.351    309.289     0.0970     0.0208     0.1675    396.808   78.83282    8.49944    34.9970    34.9969 0.0000e+00
    218.000     4.2125     4.2130   3.284210   3.284255    319.461    309.412     0.0974     0.0193     0.1679    397.785   78.83282    8.49944    34.9969    34.9969 0.0000e+00
    219.000     4.1986     4.1980   3.283034   3.282998    318.469    309.471     0.0978     0.0209     0.1680    398.765   78.83282    8.49945    34.9972    34.9975 0.0000e+00
    220.000     4.1944     4.1924   3.282715   3.282560    317.790    309.600     0.0983     0.0208     0.1678    399.743   78.83282    8.49946    34.9974    34.9977 0.0000e+00
    221.000     4.1829     4.1814   3.281809   3.281669    318.248    310.161     0.0987     0.0195     0.1684    400.724   78.83282    8.49946    34.9984    34.9984 0.0000e+00
    222.000     4.1764     4.1742   3.281316   3.281138    318.734    310.238     0.0992     0.0242     0.1684    401.704   78.83282    8.49946    34.9989    34.9991 0.0000e+00
    223.000     4.1646     4.1643   3.280434   3.280409    318.784    309.835     0.0996     0.0208     0.1682    402.682   78.83282    8.49946    35.0005    35.0005 0.0000e+00
    224.000     4.1512     4.1518   3.279351   3.279381    318.471    309.530     0.1000     0.0038     0.1677    403.657   78.83282    8.49946    35.0013    35.0010 0.0000e+00
    225.000     4.1342     4.1336   3.277981   3.277936    317.931    309.474     0.1005     0.0093     0.1671    404.632   78.83282    8.49946    35.0027    35.0028 0.0000e+00
    226.000     4.1297     4.1287   3.277636   3.277555    317.872    309.438     0.1009     0.0155     0.1671    405.606   78.83282    8.49946    35.0029    35.0030 0.0000e+00
    227.000     4.1155     4.1140   3.276449   3.276332    317.574    309.722     0.1013     0.0113     0.1669    406.587   78.83282    8.49945    35.0033    35.0036 0.0000e+00
    228.000     4.1132     4.1124   3.276286   3.276249    317.115    309.681     0.1018     0.0096     0.1664    407.571   78.83282    8.49944    35.0034    35.0037 0.0000e+00
    229.000     4.1134     4.1120   3.276370   3.276274    316.664    309.723     0.1022     0.0096     0.1669    408.557   78.83282    8.49944    35.0036    35.0039 0.0000e+00
    230.000     4.1095     4.1092   3.276119   3.276114    317.266    309.972     0.1026     0.0128     0.1670    409.532   78.83282    8.49945    35.0042    35.0045 0.0000e+00
    231.000     4.1078     4.1069   3.276081   3.276028    317.822    309.823     0.1029     0.0144     0.1665    410.512   78.83282    8.49946    35.0050    35.0054 0.0000e+00
    232.000     4.1078     4.1071   3.276267   3.276242    317.496    309.585     0.1033     0.0114     0.1669    411.492   78.83282    8.49946    35.0068    35.0072 0.0000e+00
    233.000     4.1064     4.1056   3.276273   3.276218    317.438    309.923     0.1036     0.0157     0.1669    412.473   78.83282    8.49946    35.0077    35.0079 0.0000e+00
    234.000     4.1061     4.1053   3.276315   3.276277    317.135    309.941     0.1040     0.0099     0.1668    413.451   78.83282    8.49946    35.0080    35.0084 0.0000e+00
    235.000     4.1061     4.1054   3.276390   3.276335    316.890    309.670     0.1042     0.0096     0.1664    414.430   78.83282    8.49946    35.0083    35.0085 0.0000e+00
    236.000     4.1062     4.1055   3.276438   3.276398    316.796    309.572     0.1045     0.0095     0.1659    415.408   78.83282    8.49946    35.0082    35.0085 0.0000e+00
    237.000     4.1045     4.1038   3.276370   3.276324    316.216    309.605     0.1047     0.0042     0.1656    416.387   78.83282    8.49944    35.0087    35.0089 0.0000e+00
    238.000     4.1004     4.0999   3.276138   3.276103    315.490    309.653     0.1048     0.0023     0.1650    417.361   78.83282    8.49944    35.0098    35.0099 0.0000e+00
    239.000     4.0919     4.0914   3.275555   3.275511    315.680    309.651     0.1050     0.0061     0.1654    418.339   78.83282    8.49944    35.0114    35.0114 0.0000e+00
    240.000     4.0871     4.0867   3.275194   3.275189    316.214    309.456     0.1050     0.0096     0.1652    419.321   78.83282    8.49944    35.0117    35.0120 0.0000e+00
    241.000     4.0794     4.0792   3.274527   3.274515    316.356    309.336     0.1051     0.0074     0.1646    420.303   78.83282    8.49944    35.0115    35.0115 0.0000e+00
    242.000     4.0745     4.0735   3.274146   3.274072    316.214    309.306     0.1051     0.0041     0.1641    421.286   78.83282    8.49946    35.0116    35.0118 0.0000e+00
    243.000     4.0715     4.0704   3.273942   3.273871    315.644    309.299     0.1050     0.0095     0.1632    422.267   78.83282    8.49946    35.0118    35.0122 0.0000e+00
    244.000     4.0678     4.0668   3.273683   3.273608    316.089    309.778     0.1050     0.0092     0.1640    423.248   78.83282    8.49946    35.0122    35.0124 0.0000e+00
    245.000     4.0649     4.0638   3.273478   3.273418    316.628    309.837     0.1049     0.0030     0.1647    424.233   78.83282    8.49946    35.0123    35.0128 0.0000e+00
    246.000     4.0640     4.0631   3.273453   3.273407    316.704    309.588     0.1048     0.0023     0.1634    425.217   78.83282    8.49944    35.0124    35.0128 0.0000e+00
    247.000     4.0629     4.0622   3.273407   3.273359    316.577    309.727     0.1047     0.0024     0.1622    426.198   78.83282    8.49944    35.0125    35.0127 0.0000e+00
    248.000     4.0617     4.0610   3.273364   3.273329    316.058    309.610     0.1046     0.0070     0.1625    427.172   78.83282    8.49944    35.0128    35.0131 0.0000e+00
    249.000     4.0600     4.0592   3.273291   3.273246    315.958    309.375     0.1045     0.0096     0.1626    428.144   78.83282    8.49944    35.0132    35.0134 0.0000e+00
    250.000     4.0571     4.0563   3.273098   3.273034    315.853    309.362     0.1044     0.0096     0.1626    429.121   78.83282    8.49944    35.0133    35.0135 0.0000e+00
    251.000     4.0546     4.0544   3.272918   3.272927    315.577    309.302     0.1044     0.0096     0.1626    430.103   78.83282    8.49946    35.0134    35.0137 0.0000e+00
    252.000     4.0514     4.0520   3.272678   3.272746    316.158    309.538     0.1043     0.0096     0.1626    431.083   78.83282    8.49946    35.0134    35.0136 0.0000e+00
    253.000     4.0498     4.0489   3.272592   3.272529    316.278    309.203     0.1042     0.0087     0.1629    432.065   78.83282    8.49946    35.0136    35.0138 0.0000e+00
    254.000     4.0511     4.0503   3.272768   3.272732    315.580    309.067     0.1042     0.0027     0.1633    433.051   78.83282    8.49946    35.0138    35.0141 0.0000e+00
    255.000     4.0514     4.0508   3.272837   3.272821    315.918    309.089     0.1041     0.0023     0.1628    434.033   78.83282    8.49946    35.0137    35.0141 0.0000e+00
    256.000     4.0513     4.0508   3.272887   3.272869    316.069    309.302     0.1040     0.0024     0.1622    435.014   78.83282    8.49945    35.0138    35.0142 0.0000e+00
    257.000     4.0528     4.0521   3.273070   3.273024    315.919    309.439     0.1039     0.0076     0.1617    435.993   78.83282    8.49944    35.0139    35.0140 0.0000e+00
    258.000     4.0512     4.0510   3.272965   3.272954    315.875    309.509     0.1038     0.0096     0.1621    436.972   78.83282    8.49944    35.0138    35.0139 0.0000e+00
    259.000     4.0469     4.0464   3.272653   3.272608    315.630    309.310     0.1037     0.0096     0.1622    437.950   78.83282    8.49944    35.0141    35.0141 0.0000e+00
    260.000     4.0336     4.0336   3.271458   3.271438    315.343    309.026     0.1036     0.0096     0.1626    438.926   78.83282    8.49945    35.0136    35.0133 0.0000e+00
    261.000     4.0327     4.0323   3.271426   3.271403    315.353    308.868     0.1036     0.0077     0.1619    439.902   78.83282    8.49946    35.0137    35.0138 0.0000e+00
    262.000     4.0378     4.0375   3.271918   3.271909    315.325    309.174     0.1035     0.0027     0.1619    440.883   78.83282    8.49946    35.0135    35.0137 0.0000e+00
    263.000     4.0369     4.0368   3.271873   3.271890    315.650    309.369     0.1035     0.0024     0.1624    441.863   78.83282    8.49946    35.0134    35.0136 0.0000e+00
    264.000     4.0376     4.0378   3.271955   3.271992    315.933    309.427     0.1034     0.0027     0.1622    442.842   78.83282    8.49946    35.0130    35.0133 0.0000e+00
    265.000     4.0361     4.0355   3.271857   3.271815    315.732    309.536     0.1034     0.0085     0.1624    443.824   78.83282    8.49946    35.0130    35.0131 0.0000e+00
    266.000     4.0315     4.0309   3.271473   3.271426    315.554    309.507     0.1034     0.0035     0.1626    444.804   78.83282    8.49946    35.0127    35.0128 0.0000e+00
    267.000     4.0269     4.0276   3.271083   3.271163    315.777    309.190     0.1035     0.0022     0.1624    445.784   78.83282    8.49946    35.0124    35.0126 0.0000e+00
    268.000     4.0309     4.0277   3.271489   3.271226    315.500    309.008     0.1035     0.0110     0.1626    446.767   78.83282    8.49946    35.0125    35.0128 0.0000e+00
    269.000     4.0292     4.0269   3.271363   3.271150    315.510    308.889     0.1036     0.0131     0.1629    447.747   78.83282    8.49946    35.0123    35.0122 0.0000e+00
    270.000     4.0206     4.0189   3.270597   3.270437    315.874    309.399     0.1037     0.0096     0.1630    448.728   78.83282    8.49946    35.0118    35.0117 0.0000e+00
    271.000     4.0151     4.0144   3.270139   3.270085    315.860    309.502     0.1037     0.0096     0.1628    449.706   78.83282    8.49946    35.0117    35.0117 0.0000e+00
    272.000     4.0141     4.0141   3.270093   3.270109    315.629    309.397     0.1038     0.0080     0.1629    450.688   78.83282    8.49946    35.0117    35.0118 0.0000e+00
