test_project/cnv_files/sta0201_bin.cnv
* Sea-Bird SBE 9 Data File:
* FileName = C:\Seabird\CTDDATA\Sta0201.hex
* Software Version Seasave V 7.26.7.107
* Temperature SN = 03-4535
* Conductivity SN = 2860
* Number of Bytes Per Scan = 44
* Number of Voltage Words = 5
* Number of Scans Averaged by the Deck Unit = 1
* NMEA Latitude = 78 50.00 N
* NMEA Longitude = 004 30.03 W
* NMEA UTC (Time) = Sep 03 2019 11:55:51
* NMEA baud rate = 9600
** Ship: "Kronprins Haakon"
** Station: 201
** Echodepth: 1473
** Log: 5773.778
** Wind-Dir Force(m/s): 02 31
** Air-temp (dry): -2.0
** Weather Sky: 7 8
** Sea Ice: 4 1
# nquan = 16
# nvalues = 1473                        
# units = specified
# name 0 = prDM: Pressure, Digiquartz [db]
# name 1 = t090C: Temperature [ITS-90, deg C]
# name 2 = t190C: Temperature, 2 [ITS-90, deg C]
# name 3 = c0S/m: Conductivity [S/m]
# name 4 = c1S/m: Conductivity, 2 [S/m]
# name 5 = sbox0Mm/Kg: Oxygen, SBE 43 [umol/kg]
# name 6 = sbox1Mm/Kg: Oxygen, SBE 43, 2 [umol/kg]
# name 7 = wetCDOM: Fluorescence, WET Labs CDOM [mg/m^3]
# name 8 = flECO-AFL: Fluorescence, WET Labs ECO-AFL/FL [mg/m^3]
# name 9 = CStarAt0: Beam Attenuation, WET Labs C-Star [1/m]
# name 10 = timeS: Time, Elapsed [seconds]
# name 11 = latitude: Latitude [deg]
# name 12 = longitude: Longitude [deg]
# name 13 = sal00: Salinity, Practical [PSU]
# name 14 = sal11: Salinity, Practical, 2 [PSU]
# name 15 = flag: flag
# span 0 =      2.000,   1474.000       
# span 1 =    -1.6297,     3.3842       
# span 2 =    -1.6235,     3.3829       
# span 3 =   2.478326,   3.206529       
# span 4 =   2.478169,   3.206156       
# span 5 =    290.965,    413.500       
# span 6 =    306.173,    406.837       
# span 7 =     0.1047,     0.1731       
# span 8 =    -0.0045,     0.8071       
# span 9 =     0.1063,     0.3879       
# span 10 =    189.821,   1683.529      
# span 11 =   78.83332,   78.83334      
# span 12 =   -4.50066,   -4.50048      
# span 13 =    30.6811,    34.9909      
# span 14 =    30.6802,    34.9905      
# span 15 = 0.0000e+00, 0.0000e+00      
# interval = decibars: 1                
# start_time = Sep 03 2019 11:55:51 [NMEA time, header]
# bad_flag = -9.990e-29
*END*
[from data line 814]
    816.000     0.1535     0.1536   2.945066   2.945069    318.807    313.411     0.1215    -0.0000     0.1078   1021.993   78.83334   -4.50056    34.8838    34.8837 0.0000e+00
    817.000     0.1549     0.1538   2.945243   2.945141    318.688    313.300     0.1216    -0.0005     0.1072   1023.000   78.83334   -4.50056    34.8840    34.8839 0.0000e+00
    818.000     0.1564     0.1562   2.945439   2.945416    318.572    312.770     0.1217    -0.0004     0.1074   1023.979   78.83334   -4.50056    34.8843    34.8842 0.0000e+00
    819.000     0.1591     0.1590   2.945742   2.945739    318.487    312.855     0.1217     0.0003     0.1106   1024.959   78.83334   -4.50055    34.8847    34.8847 0.0000e+00
    820.000     0.1608     0.1609   2.945958   2.945961    317.959    313.032     0.1217     0.0002     0.1097   1025.951   78.83333   -4.50054    34.8850    34.8849 0.0000e+00
    821.000     0.1586     0.1588   2.945827   2.945825    318.426    313.199     0.1218     0.0044     0.1073   1026.956   78.83332   -4.50054    34.8851    34.8849 0.0000e+00
    822.000     0.1569     0.1570   2.945709   2.945713    318.567    313.394     0.1218     0.0051     0.1073   1027.957   78.83333   -4.50055    34.8850    34.8849 0.0000e+00
    823.000     0.1560     0.1561   2.945688   2.945680    318.538    313.537     0.1218     0.0003     0.1070   1028.951   78.83334   -4.50056    34.8851    34.8849 0.0000e+00
    824.000     0.1556     0.1558   2.945691   2.945691    318.695    313.569     0.1218     0.0004     0.1076   1029.940   78.83334   -4.50056    34.8850    34.8848 0.0000e+00
    825.000     0.1548     0.1549   2.945663   2.945665    319.198    313.756     0.1218     0.0006     0.1079   1030.932   78.83334   -4.50056    34.8850    34.8849 0.0000e+00
    826.000     0.1537     0.1539   2.945622   2.945625    319.299    313.369     0.1218     0.0075     0.1074   1031.927   78.83334   -4.50056    34.8851    34.8849 0.0000e+00
    827.000     0.1516     0.1518   2.945493   2.945494    319.180    313.482     0.1218     0.0012     0.1074   1032.940   78.83334   -4.50056    34.8851    34.8850 0.0000e+00
    828.000     0.1510     0.1511   2.945488   2.945491    319.366    313.708     0.1218     0.0082     0.1073   1033.961   78.83334   -4.50056    34.8852    34.8851 0.0000e+00
    829.000     0.1509     0.1511   2.945531   2.945530    319.219    314.035     0.1217     0.0011     0.1077   1034.978   78.83334   -4.50055    34.8853    34.8851 0.0000e+00
    830.000     0.1513     0.1514   2.945629   2.945632    319.430    314.066     0.1217     0.0005     0.1075   1035.985   78.83334   -4.50054    34.8856    34.8855 0.0000e+00
    831.000     0.1515     0.1517   2.945711   2.945710    319.185    313.979     0.1217     0.0064     0.1077   1036.974   78.83334   -4.50054    34.8858    34.8857 0.0000e+00
    832.000     0.1515     0.1516   2.945773   2.945774    319.203    314.140     0.1217     0.0034     0.1079   1037.958   78.83334   -4.50054    34.8861    34.8859 0.0000e+00
    833.000     0.1506     0.1507   2.945741   2.945738    319.441    314.348     0.1217    -0.0008     0.1073   1038.940   78.83334   -4.50055    34.8861    34.8859 0.0000e+00
    834.000     0.1505     0.1507   2.945795   2.945793    319.445    314.216     0.1217     0.0063     0.1083   1039.923   78.83334   -4.50056    34.8863    34.8861 0.0000e+00
    835.000     0.1501     0.1503   2.945809   2.945801    319.328    314.216     0.1217     0.0125     0.1080   1040.905   78.83334   -4.50056    34.8864    34.8861 0.0000e+00
    836.000     0.1487     0.1490   2.945729   2.945724    319.587    314.257     0.1217     0.0071     0.1077   1041.893   78.83334   -4.50056    34.8863    34.8860 0.0000e+00
    837.000     0.1469     0.1470   2.945611   2.945608    319.426    314.278     0.1217     0.0015     0.1073   1042.897   78.83334   -4.50056    34.8863    34.8861 0.0000e+00
    838.000     0.1456     0.1458   2.945539   2.945537    319.250    314.377     0.1217     0.0014     0.1074   1043.916   78.83334   -4.50056    34.8862    34.8859 0.0000e+00
    839.000     0.1426     0.1428   2.945321   2.945319    319.755    314.492     0.1216     0.0091     0.1078   1044.946   78.83334   -4.50056    34.8861    34.8859 0.0000e+00
    840.000     0.1392     0.1394   2.945085   2.945072    319.757    314.394     0.1216     0.0129     0.1075   1045.973   78.83334   -4.50056    34.8863    34.8859 0.0000e+00
    841.000     0.1371     0.1372   2.944944   2.944950    319.387    314.147     0.1216     0.0027     0.1072   1046.979   78.83334   -4.50056    34.8862    34.8862 0.0000e+00
    842.000     0.1350     0.1353   2.944802   2.944809    319.425    313.908     0.1215     0.0077     0.1077   1047.970   78.83334   -4.50056    34.8862    34.8860 0.0000e+00
    843.000     0.1310     0.1311   2.944492   2.944485    319.404    314.022     0.1215     0.0094     0.1070   1048.947   78.83334   -4.50056    34.8860    34.8858 0.0000e+00
    844.000     0.1256     0.1260   2.944057   2.944059    318.992    313.696     0.1214     0.0021     0.1070   1049.918   78.83334   -4.50056    34.8858    34.8854 0.0000e+00
    845.000     0.1225     0.1226   2.943827   2.943814    319.066    314.224     0.1213     0.0036     0.1073   1050.895   78.83334   -4.50056    34.8858    34.8854 0.0000e+00
    846.000     0.1214     0.1215   2.943777   2.943784    318.773    314.216     0.1213     0.0052     0.1071   1051.886   78.83334   -4.50055    34.8857    34.8857 0.0000e+00
    847.000     0.1209     0.1210   2.943781   2.943785    318.607    313.598     0.1212    -0.0006     0.1073   1052.893   78.83334   -4.50054    34.8858    34.8857 0.0000e+00
    848.000     0.1199     0.1201   2.943752   2.943766    318.854    313.441     0.1212     0.0009     0.1073   1053.901   78.83334   -4.50055    34.8860    34.8859 0.0000e+00
    849.000     0.1184     0.1187   2.943673   2.943673    318.929    313.194     0.1211     0.0090     0.1074   1054.902   78.83334   -4.50056    34.8860    34.8857 0.0000e+00
    850.000     0.1175     0.1177   2.943639   2.943643    318.755    313.253     0.1210     0.0085     0.1076   1055.904   78.83334   -4.50056    34.8860    34.8859 0.0000e+00
    851.000     0.1184     0.1184   2.943778   2.943773    318.255    313.013     0.1210    -0.0004     0.1070   1056.912   78.83334   -4.50056    34.8863    34.8861 0.0000e+00
    852.000     0.1181     0.1183   2.943817   2.943820    318.510    313.214     0.1209     0.0002     0.1069   1057.917   78.83334   -4.50056    34.8865    34.8863 0.0000e+00
    853.000     0.1163     0.1164   2.943703   2.943707    318.591    313.682     0.1209    -0.0017     0.1070   1058.911   78.83334   -4.50056    34.8865    34.8865 0.0000e+00
    854.000     0.1148     0.1148   2.943614   2.943612    318.372    313.750     0.1208     0.0064     0.1071   1059.892   78.83334   -4.50056    34.8865    34.8864 0.0000e+00
    855.000     0.1109     0.1111   2.943315   2.943307    318.870    313.817     0.1208     0.0096     0.1071   1060.876   78.83334   -4.50056    34.8863    34.8860 0.0000e+00
    856.000     0.1065     0.1067   2.942975   2.942978    319.298    313.879     0.1208     0.0096     0.1072   1061.874   78.83334   -4.50056    34.8862    34.8861 0.0000e+00
    857.000     0.1068     0.1069   2.943056   2.943060    318.814    313.571     0.1207     0.0050     0.1073   1062.879   78.83334   -4.50056    34.8863    34.8863 0.0000e+00
    858.000     0.1077     0.1077   2.943202   2.943205    318.871    313.403     0.1207     0.0028     0.1073   1063.874   78.83334   -4.50056    34.8867    34.8867 0.0000e+00
    859.000     0.1097     0.1098   2.943438   2.943444    318.634    313.391     0.1207     0.0058     0.1076   1064.866   78.83334   -4.50056    34.8870    34.8869 0.0000e+00
    860.000     0.1095     0.1097   2.943471   2.943482    318.398    313.004     0.1207    -0.0007     0.1073   1065.864   78.83334   -4.50056    34.8871    34.8870 0.0000e+00
    861.000     0.1083     0.1085   2.943436   2.943441    318.183    313.125     0.1208     0.0008     0.1074   1066.862   78.83334   -4.50056    34.8873    34.8872 0.0000e+00
    862.000     0.1064     0.1066   2.943324   2.943318    317.722    312.840     0.1208     0.0019     0.1073   1067.866   78.83334   -4.50056    34.8875    34.8872 0.0000e+00
    863.000     0.1043     0.1046   2.943189   2.943197    317.817    313.363     0.1208     0.0085     0.1073   1068.868   78.83334   -4.50056    34.8874    34.8873 0.0000e+00
    864.000     0.1022     0.1023   2.943050   2.943045    317.988    313.839     0.1209     0.0023     0.1073   1069.865   78.83334   -4.50056    34.8875    34.8872 0.0000e+00
    865.000     0.1020     0.1021   2.943074   2.943077    318.519    313.819     0.1209     0.0077     0.1077   1070.858   78.83334   -4.50056    34.8874    34.8873 0.0000e+00
    866.000     0.1005     0.1007   2.942998   2.942997    318.570    313.642     0.1210     0.0032     0.1070   1071.853   78.83334   -4.50056    34.8876    34.8873 0.0000e+00
    867.000     0.0988     0.0990   2.942889   2.942901    318.157    313.427     0.1210     0.0147     0.1071   1072.854   78.83334   -4.50056    34.8874    34.8874 0.0000e+00
    868.000     0.0965     0.0967   2.942740   2.942748    318.069    313.551     0.1210     0.0167     0.1075   1073.856   78.83334   -4.50056    34.8876    34.8874 0.0000e+00
    869.000     0.0945     0.0947   2.942618   2.942611    317.982    313.123     0.1211     0.0135     0.1073   1074.860   78.83334   -4.50056    34.8876    34.8873 0.0000e+00
    870.000     0.0944     0.0947   2.942664   2.942672    317.772    313.068     0.1211     0.0087     0.1078   1075.854   78.83334   -4.50056    34.8877    34.8875 0.0000e+00
    871.000     0.0936     0.0939   2.942643   2.942642    318.359    313.023     0.1211     0.0030     0.1079   1076.838   78.83334   -4.50056    34.8878    34.8875 0.0000e+00
    872.000     0.0927     0.0929   2.942605   2.942610    318.939    313.166     0.1211     0.0071     0.1076   1077.831   78.83334   -4.50056    34.8877    34.8876 0.0000e+00
    873.000     0.0922     0.0924   2.942616   2.942621    318.751    313.363     0.1211     0.0005     0.1080   1078.838   78.83334   -4.50056    34.8878    34.8877 0.0000e+00
    874.000     0.0916     0.0918   2.942615   2.942608    318.685    313.503     0.1211     0.0079     0.1079   1079.852   78.83334   -4.50056    34.8879    34.8877 0.0000e+00
    875.000     0.0900     0.0903   2.942525   2.942532    318.778    313.589     0.1211     0.0007     0.1076   1080.865   78.83334   -4.50056    34.8880    34.8878 0.0000e+00
    876.000     0.0891     0.0893   2.942495   2.942510    318.792    313.459     0.1212     0.0081     0.1077   1081.859   78.83334   -4.50056    34.8880    34.8880 0.0000e+00
    877.000     0.0883     0.0885   2.942474   2.942486    318.152    312.957     0.1212     0.0094     0.1074   1082.844   78.83334   -4.50056    34.8881    34.8880 0.0000e+00
    878.000     0.0874     0.0875   2.942450   2.942455    318.515    313.212     0.1212     0.0019     0.1078   1083.837   78.83334   -4.50056    34.8882    34.8882 0.0000e+00
    879.000     0.0869     0.0869   2.942448   2.942445    318.472    313.370     0.1212     0.0055     0.1076   1084.838   78.83334   -4.50056    34.8882    34.8881 0.0000e+00
    880.000     0.0858     0.0863   2.942402   2.942444    318.700    313.194     0.1213     0.0038     0.1074   1085.837   78.83334   -4.50056    34.8883    34.8882 0.0000e+00
    881.000     0.0851     0.0854   2.942405   2.942421    318.473    313.514     0.1213    -0.0004     0.1076   1086.831   78.83334   -4.50056    34.8884    34.8883 0.0000e+00
    882.000     0.0839     0.0841   2.942343   2.942348    318.321    313.572     0.1213     0.0002     0.1078   1087.824   78.83334   -4.50056    34.8884    34.8883 0.0000e+00
    883.000     0.0822     0.0823   2.942245   2.942233    318.386    313.637     0.1213     0.0030     0.1070   1088.825   78.83334   -4.50057    34.8885    34.8882 0.0000e+00
    884.000     0.0801     0.0803   2.942114   2.942124    318.761    313.890     0.1213     0.0093     0.1072   1089.823   78.83334   -4.50058    34.8885    34.8885 0.0000e+00
    885.000     0.0780     0.0782   2.941980   2.941994    318.916    313.566     0.1214     0.0081     0.1071   1090.817   78.83334   -4.50057    34.8886    34.8885 0.0000e+00
    886.000     0.0762     0.0764   2.941871   2.941879    318.769    313.435     0.1214    -0.0007     0.1078   1091.823   78.83334   -4.50056    34.8886    34.8885 0.0000e+00
    887.000     0.0742     0.0743   2.941755   2.941753    319.233    313.806     0.1214    -0.0011     0.1079   1092.847   78.83333   -4.50055    34.8888    34.8886 0.0000e+00
    888.000     0.0733     0.0735   2.941722   2.941731    319.664    313.798     0.1214     0.0081     0.1072   1093.877   78.83332   -4.50055    34.8888    34.8886 0.0000e+00
    889.000     0.0726     0.0728   2.941701   2.941715    319.775    313.753     0.1214     0.0020     0.1072   1094.885   78.83332   -4.50056    34.8888    34.8886 0.0000e+00
    890.000     0.0710     0.0712   2.941618   2.941629    318.885    313.874     0.1215     0.0016     0.1070   1095.862   78.83332   -4.50056    34.8889    34.8887 0.0000e+00
    891.000     0.0694     0.0696   2.941523   2.941523    318.819    313.946     0.1215     0.0012     0.1070   1096.827   78.83332   -4.50056    34.8888    34.8886 0.0000e+00
    892.000     0.0682     0.0683   2.941453   2.941460    319.252    313.973     0.1214     0.0014     0.1078   1097.797   78.83332   -4.50056    34.8887    34.8886 0.0000e+00
    893.000     0.0669     0.0671   2.941388   2.941392    318.996    313.650     0.1214     0.0043     0.1070   1098.785   78.83332   -4.50056    34.8888    34.8886 0.0000e+00
    894.000     0.0635     0.0638   2.941131   2.941135    319.223    313.656     0.1214     0.0064     0.1075   1099.807   78.83332   -4.50056    34.8886    34.8883 0.0000e+00
    895.000     0.0608     0.0611   2.940957   2.940962    318.921    313.666     0.1213    -0.0010     0.1074   1100.845   78.83333   -4.50056    34.8887    34.8886 0.0000e+00
    896.000     0.0598     0.0602   2.940908   2.940928    318.607    313.797     0.1213    -0.0000     0.1070   1101.874   78.83334   -4.50056    34.8886    34.8885 0.0000e+00
    897.000     0.0593     0.0596   2.940919   2.940929    318.441    313.421     0.1212     0.0023     0.1069   1102.882   78.83334   -4.50057    34.8888    34.8886 0.0000e+00
    898.000     0.0596     0.0599   2.940985   2.940997    318.142    313.264     0.1212     0.0094     0.1072   1103.867   78.83333   -4.50058    34.8888    34.8886 0.0000e+00
    899.000     0.0604     0.0607   2.941111   2.941124    318.517    313.023     0.1211     0.0091     0.1071   1104.846   78.83332   -4.50057    34.8889    34.8888 0.0000e+00
    900.000     0.0581     0.0584   2.940961   2.940982    318.059    313.125     0.1211     0.0005     0.1069   1105.830   78.83332   -4.50056    34.8890    34.8889 0.0000e+00
    901.000     0.0565     0.0567   2.940869   2.940863    318.082    313.403     0.1210     0.0109     0.1069   1106.825   78.83332   -4.50056    34.8890    34.8888 0.0000e+00
    902.000     0.0539     0.0541   2.940698   2.940692    318.171    313.140     0.1210     0.0106     0.1073   1107.830   78.83332   -4.50056    34.8891    34.8888 0.0000e+00
    903.000     0.0526     0.0529   2.940636   2.940643    318.575    313.355     0.1209     0.0031     0.1071   1108.825   78.83332   -4.50056    34.8892    34.8890 0.0000e+00
    904.000     0.0520     0.0522   2.940615   2.940627    318.489    313.334     0.1209     0.0001     0.1074   1109.819   78.83332   -4.50056    34.8891    34.8890 0.0000e+00
