test_project/cnv_files/Sta0230_bin.cnv
* Sea-Bird SBE 9 Data File:
* FileName = C:\Seabird\CTDDATA\Sta0230.hex
* Software Version Seasave V 7.26.7.107
* Temperature SN = 03-4535
* Conductivity SN = 2860
* Number of Bytes Per Scan = 44
* Number of Voltage Words = 5
* Number of Scans Averaged by the Deck Unit = 1
* NMEA Latitude = 77 52.90 N
* NMEA Longitude = 017 14.43 W
* NMEA UTC (Time) = Sep 08 2019 14:57:58
* NMEA baud rate = 9600
** Ship: "Kronprins Haakon"
** Station: 0230
** Echodepth: 305
** Log: 6090.06
** Wind-Dir Force(m/s): 35 12
** Air-temp (dry): -2.5
** Weather Sky: 0 0
** Sea Ice: 0 8
# nquan = 17
# nvalues = 296                         
# units = specified
# name 0 = prDM: Pressure, Digiquartz [db]
# name 1 = t090C: Temperature [ITS-90, deg C]
# name 2 = t190C: Temperature, 2 [ITS-90, deg C]
# name 3 = c0S/m: Conductivity [S/m]
# name 4 = c1S/m: Conductivity, 2 [S/m]
# name 5 = sbox0Mm/Kg: Oxygen, SBE 43 [umol/kg]
# name 6 = sbox1Mm/Kg: Oxygen, SBE 43, 2 [umol/kg]
# name 7 = wetCDOM: Fluorescence, WET Labs CDOM [mg/m^3]
# name 8 = flECO-AFL: Fluorescence, WET Labs ECO-AFL/FL [mg/m^3]
# name 9 = CStarAt0: Beam Attenuation, WET Labs C-Star [1/m]
# name 10 = timeS: Time, Elapsed [seconds]
# name 11 = latitude: Latitude [deg]
# name 12 = longitude: Longitude [deg]
# name 13 = upoly0: Upoly 0, ISUS
# name 14 = sal00: Salinity, Practical [PSU]
# name 15 = sal11: Salinity, Practical, 2 [PSU]
# name 16 = flag: flag
# span 0 =      3.000,    298.000       
# span 1 =    -1.6864,     1.5565       
# span 2 =    -1.6860,     1.5563       
# span 3 =   0.177344,   3.042735       
# span 4 =   2.350051,   3.042747       
# span 5 =    302.573,    421.738       
# span 6 =    298.844,    594.124       
# span 7 =     0.1047,     0.1822       
# span 8 =     0.0020,     0.5767       
# span 9 =     0.1390,     0.2779       
# span 10 =     48.529,    583.468      
# span 11 =   77.88101,   77.88176      
# span 12 =  -17.24042,  -17.23921      
# span 13 =  14.067916,  26.175010      
# span 14 =     1.8218,    34.8762      
# span 15 =    29.1424,    34.8765      
# span 16 = 0.0000e+00, 0.0000e+00      
# interval = decibars: 1                
# start_time = Sep 08 2019 14:57:58 [NMEA time, header]
# bad_flag = -9.990e-29
*END*
      3.000    -1.2757    -1.3072   0.793083   2.554656    378.753    513.315     0.1094     0.2121     0.2521     48.529   77.88176  -17.24042  14.705532     8.9311    31.7392 0.0000e+00
      4.000    -1.3529    -1.3587   0.862465   2.589297    380.468    554.534     0.1078     0.2425     0.2503     52.605   77.88174  -17.24041  14.858719     9.8076    32.2680 0.0000e+00
      5.000    -1.4067    -1.3927   0.785052   2.602141    385.103    594.124     0.1056     0.2505     0.2366     56.571   77.88174  -17.24039  14.763092     8.8730    32.4802 0.0000e+00
      6.000    -1.4285    -1.4280   0.608678   2.608859    395.950    503.085     0.1047     0.2734     0.2333     60.570   77.88172  -17.24038  15.210466     6.8867    32.6104 0.0000e+00
      7.000    -1.4135    -1.4383   0.228204   2.591266    413.137    392.447     0.1085     0.2613     0.2329     64.462   77.88172  -17.24036  14.846573     2.3957    32.3793 0.0000e+00
      8.000    -1.3472    -1.4297   0.177344   2.562469    416.951    368.920     0.1162     0.2725     0.2305     68.191   77.88172  -17.24035  14.764421     1.8218    31.9742 0.0000e+00
      9.000    -1.4451    -1.4979   0.969568   2.514483    391.450    359.374     0.1195     0.2909     0.2309     71.860   77.88172  -17.24034  15.501280    11.2170    31.3884 0.0000e+00
     10.000    -1.4965    -1.5008   2.081621   2.381342    396.392    388.660     0.1230     0.2898     0.2286    190.554   77.88154  -17.23999  14.857249    25.6162    29.5735 0.0000e+00
     11.000    -1.5001    -1.4969   2.360365   2.350051    401.976    399.084     0.1264     0.2665     0.2364    232.216   77.88148  -17.23988  14.403114    29.2818    29.1424 0.0000e+00
     12.000    -1.4880    -1.4899   2.353159   2.352775    402.885    398.982     0.1295     0.2725     0.2299    231.966   77.88148  -17.23988  14.434963    29.1754    29.1721 0.0000e+00
     13.000    -1.4816    -1.4811   2.354485   2.354570    404.048    399.825     0.1320     0.3006     0.2291    233.147   77.88148  -17.23988  14.320440    29.1866    29.1873 0.0000e+00
     14.000    -1.4379    -1.4425   2.362976   2.362559    403.935    399.933     0.1340     0.3090     0.2316    234.310   77.88146  -17.23986  14.067916    29.2584    29.2572 0.0000e+00
     15.000    -1.4220    -1.4270   2.366338   2.364998    404.851    400.954     0.1354     0.3189     0.2334    235.504   77.88146  -17.23986  14.395631    29.2878    29.2746 0.0000e+00
     16.000    -1.4422    -1.4456   2.362414   2.361597    404.893    401.678     0.1363     0.3441     0.2460    238.359   77.88146  -17.23986  14.845589    29.2540    29.2462 0.0000e+00
     17.000    -1.4612    -1.4614   2.358865   2.358659    404.283    401.822     0.1368     0.3446     0.2463    240.074   77.88146  -17.23986  14.490261    29.2239    29.2213 0.0000e+00
     18.000    -1.4285    -1.4324   2.364381   2.364145    403.506    400.926     0.1372     0.3127     0.2481    241.141   77.88146  -17.23984  14.570043    29.2660    29.2666 0.0000e+00
     19.000    -1.3152    -1.3148   2.383616   2.384047    403.107    399.361     0.1375     0.3146     0.2433    242.183   77.88146  -17.23984  14.788587    29.4145    29.4199 0.0000e+00
     20.000    -1.2766    -1.2781   2.392421   2.392571    406.785    400.724     0.1375     0.3976     0.2476    243.230   77.88146  -17.23984  14.489329    29.4949    29.4984 0.0000e+00
     21.000    -1.3043    -1.3055   2.397947   2.398136    409.087    402.012     0.1375     0.4457     0.2635    244.268   77.88146  -17.23984  15.094582    29.5965    29.6002 0.0000e+00
     22.000    -1.3235    -1.3202   2.398787   2.399053    406.258    402.460     0.1375     0.4548     0.2779    245.305   77.88146  -17.23984  15.238539    29.6263    29.6266 0.0000e+00
     23.000    -1.3205    -1.3201   2.399933   2.399992    403.830    402.958     0.1377     0.4057     0.2733    246.345   77.88146  -17.23984  15.122534    29.6383    29.6387 0.0000e+00
     24.000    -1.3230    -1.3220   2.399539   2.399593    405.481    403.872     0.1383     0.3975     0.2661    247.381   77.88146  -17.23984  14.595955    29.6348    29.6346 0.0000e+00
     25.000    -1.3167    -1.3180   2.399970   2.400293    407.771    404.106     0.1393     0.3915     0.2580    248.426   77.88146  -17.23984  14.473549    29.6339    29.6395 0.0000e+00
     26.000    -1.1265    -1.1428   2.484633   2.480741    403.848    399.173     0.1407     0.3981     0.2515    249.461   77.88146  -17.23982  14.626484    30.5864    30.5502 0.0000e+00
     27.000    -1.0830    -1.0806   2.503813   2.505284    407.103    400.363     0.1424     0.4120     0.2528    250.494   77.88146  -17.23982  14.307145    30.8007    30.8181 0.0000e+00
     28.000    -1.0663    -1.0664   2.512304   2.512540    410.531    403.006     0.1444     0.4313     0.2602    251.518   77.88144  -17.23982  14.328368    30.8976    30.9010 0.0000e+00
     29.000    -1.0421    -1.0426   2.534022   2.534241    408.346    404.202     0.1465     0.4347     0.2575    252.542   77.88144  -17.23982  15.194085    31.1654    31.1689 0.0000e+00
     30.000    -1.0478    -1.0474   2.545569   2.545703    408.911    407.954     0.1486     0.4402     0.2568    253.580   77.88144  -17.23982  14.588857    31.3267    31.3282 0.0000e+00
     31.000    -1.0610    -1.0608   2.551684   2.552122    411.237    410.252     0.1506     0.4521     0.2537    254.617   77.88144  -17.23982  14.187686    31.4227    31.4284 0.0000e+00
     32.000    -1.1697    -1.1678   2.551523   2.551537    414.703    412.505     0.1524     0.4752     0.2514    255.655   77.88144  -17.23981  14.767156    31.5341    31.5323 0.0000e+00
     33.000    -1.2153    -1.2154   2.551023   2.551215    415.230    412.050     0.1540     0.4639     0.2502    256.692   77.88144  -17.23980  14.895677    31.5748    31.5775 0.0000e+00
     34.000    -1.1870    -1.1858   2.558066   2.558553    413.350    409.769     0.1553     0.5009     0.2421    257.726   77.88144  -17.23980  14.755095    31.6400    31.6454 0.0000e+00
     35.000    -1.0990    -1.0973   2.568425   2.568713    416.037    409.207     0.1566     0.4804     0.2301    258.762   77.88144  -17.23980  14.764747    31.6870    31.6892 0.0000e+00
     36.000    -1.0919    -1.0922   2.570594   2.570451    421.402    410.309     0.1578     0.4281     0.2216    259.800   77.88144  -17.23980  14.677074    31.7083    31.7068 0.0000e+00
     37.000    -1.1167    -1.1116   2.570868   2.570901    421.738    410.777     0.1590     0.4605     0.2169    260.839   77.88144  -17.23980  14.557047    31.7377    31.7328 0.0000e+00
     38.000    -1.2424    -1.2390   2.566359   2.566412    419.377    412.106     0.1602     0.4881     0.2160    261.870   77.88144  -17.23980  15.766763    31.8092    31.8064 0.0000e+00
     39.000    -1.3091    -1.3078   2.565366   2.565451    415.434    411.370     0.1614     0.5119     0.2122    262.901   77.88144  -17.23980  15.273809    31.8662    31.8660 0.0000e+00
     40.000    -1.3235    -1.3222   2.565871   2.565897    412.904    410.017     0.1626     0.5386     0.2103    263.934   77.88144  -17.23979  15.056054    31.8879    31.8869 0.0000e+00
     41.000    -1.3862    -1.3835   2.563382   2.563500    416.713    410.198     0.1637     0.5662     0.2107    264.969   77.88144  -17.23978  15.374440    31.9203    31.9190 0.0000e+00
     42.000    -1.4042    -1.4031   2.563712   2.563782    417.685    407.542     0.1648     0.4478     0.2069    266.004   77.88144  -17.23978  15.741149    31.9434    31.9433 0.0000e+00
     43.000    -1.4486    -1.4468   2.563449   2.563471    416.104    405.454     0.1659     0.4226     0.2056    267.037   77.88144  -17.23978  15.828602    31.9868    31.9853 0.0000e+00
     44.000    -1.4470    -1.4475   2.567113   2.567199    412.826    402.820     0.1670     0.4355     0.2041    268.073   77.88142  -17.23978  15.995327    32.0348    32.0365 0.0000e+00
     45.000    -1.4229    -1.4231   2.571740   2.571760    409.569    400.020     0.1681     0.4520     0.2037    269.114   77.88142  -17.23978  16.381410    32.0717    32.0722 0.0000e+00
     46.000    -1.4328    -1.4319   2.572825   2.572865    408.900    398.936     0.1691     0.4162     0.2031    270.152   77.88142  -17.23978  16.643735    32.0966    32.0962 0.0000e+00
     47.000    -1.4658    -1.4644   2.573250   2.573339    407.716    398.515     0.1701     0.4085     0.2038    271.191   77.88142  -17.23976  16.549821    32.1375    32.1372 0.0000e+00
     48.000    -1.4858    -1.4852   2.573493   2.573538    406.160    398.451     0.1711     0.4679     0.2051    272.230   77.88142  -17.23976  15.985777    32.1617    32.1617 0.0000e+00
     49.000    -1.5200    -1.5185   2.572168   2.572188    406.081    399.025     0.1720     0.5421     0.2082    273.264   77.88142  -17.23976  16.348491    32.1799    32.1785 0.0000e+00
     50.000    -1.5566    -1.5557   2.570717   2.570774    406.423    398.625     0.1729     0.5767     0.2122    274.303   77.88142  -17.23976  16.272979    32.1989    32.1988 0.0000e+00
     51.000    -1.5732    -1.5726   2.570685   2.570716    405.032    396.906     0.1737     0.4196     0.2191    275.337   77.88142  -17.23976  16.964423    32.2158    32.2156 0.0000e+00
     52.000    -1.5879    -1.5875   2.570871   2.570929    403.046    394.248     0.1745     0.3274     0.2197    276.374   77.88142  -17.23976  17.491662    32.2338    32.2341 0.0000e+00
     53.000    -1.5972    -1.5967   2.571310   2.571362    398.777    389.858     0.1753     0.2987     0.2143    277.412   77.88142  -17.23976  17.499602    32.2493    32.2494 0.0000e+00
     54.000    -1.6071    -1.6073   2.571569   2.571598    394.571    386.666     0.1760     0.2703     0.2055    278.446   77.88142  -17.23976  17.471752    32.2630    32.2636 0.0000e+00
     55.000    -1.6178    -1.6176   2.571629   2.571681    392.380    385.105     0.1767     0.2496     0.1977    279.485   77.88142  -17.23976  17.740622    32.2749    32.2753 0.0000e+00
     56.000    -1.6249    -1.6246   2.571934   2.571989    390.836    383.697     0.1773     0.2233     0.1915    280.525   77.88140  -17.23974  17.989605    32.2862    32.2866 0.0000e+00
     57.000    -1.6358    -1.6354   2.572218   2.572265    390.167    383.458     0.1779     0.2008     0.1871    281.565   77.88140  -17.23974  17.849854    32.3013    32.3015 0.0000e+00
     58.000    -1.6466    -1.6463   2.572985   2.573036    390.101    382.831     0.1784     0.1936     0.1848    282.603   77.88140  -17.23974  17.866500    32.3231    32.3235 0.0000e+00
     59.000    -1.6622    -1.6618   2.573165   2.573236    389.278    382.161     0.1789     0.1742     0.1822    283.638   77.88140  -17.23974  17.866533    32.3419    32.3425 0.0000e+00
     60.000    -1.6692    -1.6688   2.573974   2.574057    388.418    382.130     0.1794     0.1598     0.1790    284.674   77.88140  -17.23974  18.026691    32.3601    32.3608 0.0000e+00
     61.000    -1.6750    -1.6747   2.574572   2.574657    388.942    382.017     0.1798     0.1444     0.1771    285.715   77.88140  -17.23974  18.308512    32.3741    32.3749 0.0000e+00
     62.000    -1.6795    -1.6793   2.575766   2.575850    389.286    382.181     0.1801     0.1297     0.1743    286.755   77.88140  -17.23974  17.960331    32.3949    32.3958 0.0000e+00
     63.000    -1.6864    -1.6860   2.576555   2.576626    388.469    381.382     0.1804     0.1380     0.1731    287.792   77.88140  -17.23973  18.076507    32.4127    32.4133 0.0000e+00
     64.000    -1.6827    -1.6827   2.578893   2.578979    387.701    380.131     0.1807     0.1210     0.1713    288.827   77.88140  -17.23972  18.233793    32.4404    32.4415 0.0000e+00
     65.000    -1.6819    -1.6819   2.580261   2.580349    387.981    380.193     0.1810     0.1243     0.1704    289.867   77.88140  -17.23972  18.162489    32.4579    32.4591 0.0000e+00
     66.000    -1.6780    -1.6778   2.582033   2.582122    388.010    380.430     0.1812     0.1001     0.1692    290.905   77.88140  -17.23972  18.521604    32.4774    32.4785 0.0000e+00
     67.000    -1.6755    -1.6754   2.583423   2.583498    387.018    379.325     0.1814     0.0929     0.1682    291.944   77.88140  -17.23972  18.434124    32.4934    32.4942 0.0000e+00
     68.000    -1.6744    -1.6741   2.584897   2.584964    384.710    377.534     0.1815     0.1034     0.1678    292.980   77.88140  -17.23972  18.891109    32.5118    32.5125 0.0000e+00
     69.000    -1.6775    -1.6773   2.585741   2.585839    382.554    375.621     0.1817     0.1105     0.1672    294.011   77.88140  -17.23972  18.975808    32.5263    32.5274 0.0000e+00
     70.000    -1.6735    -1.6733   2.587555   2.587658    380.725    374.014     0.1818     0.1009     0.1670    295.054   77.88140  -17.23972  18.174271    32.5464    32.5477 0.0000e+00
     71.000    -1.6636    -1.6636   2.589525   2.589663    380.562    373.973     0.1819     0.0930     0.1675    296.093   77.88140  -17.23972  17.936072    32.5622    32.5641 0.0000e+00
     72.000    -1.6504    -1.6503   2.593482   2.593594    381.535    375.194     0.1820     0.0957     0.1680    297.132   77.88138  -17.23970  18.343039    32.6018    32.6032 0.0000e+00
     73.000    -1.6596    -1.6593   2.594344   2.594433    382.342    376.062     0.1821     0.0883     0.1679    298.169   77.88138  -17.23970  18.401288    32.6232    32.6241 0.0000e+00
     74.000    -1.6624    -1.6623   2.595008   2.595055    381.375    375.429     0.1821     0.0830     0.1679    299.206   77.88138  -17.23970  18.694720    32.6348    32.6354 0.0000e+00
     75.000    -1.6748    -1.6745   2.596129   2.596245    380.253    374.552     0.1822     0.0834     0.1688    300.245   77.88138  -17.23970  19.087237    32.6634    32.6647 0.0000e+00
     76.000    -1.6617    -1.6617   2.599726   2.599843    378.482    372.887     0.1822     0.0829     0.1682    301.286   77.88138  -17.23970  18.478885    32.6981    32.6997 0.0000e+00
     77.000    -1.6641    -1.6637   2.602005   2.602097    377.797    371.941     0.1822     0.0797     0.1661    302.326   77.88138  -17.23970  18.617067    32.7317    32.7325 0.0000e+00
     78.000    -1.6605    -1.6603   2.604467   2.604559    377.971    371.549     0.1822     0.0788     0.1655    303.364   77.88138  -17.23970  18.800165    32.7611    32.7621 0.0000e+00
     79.000    -1.6581    -1.6579   2.606887   2.606983    377.788    371.344     0.1822     0.0864     0.1658    304.403   77.88138  -17.23970  18.302702    32.7914    32.7925 0.0000e+00
     80.000    -1.6562    -1.6561   2.609160   2.609283    376.770    370.762     0.1821     0.0837     0.1664    305.443   77.88138  -17.23970  18.775599    32.8201    32.8217 0.0000e+00
     81.000    -1.6464    -1.6464   2.612136   2.612222    375.668    369.824     0.1820     0.0731     0.1668    306.481   77.88138  -17.23968  18.342112    32.8498    32.8510 0.0000e+00
     82.000    -1.6371    -1.6367   2.616079   2.616179    375.193    369.033     0.1818     0.0811     0.1679    307.520   77.88138  -17.23968  18.583822    32.8933    32.8944 0.0000e+00
     83.000    -1.6359    -1.6356   2.617626   2.617814    375.648    368.925     0.1817     0.0773     0.1662    308.559   77.88138  -17.23968  18.904566    32.9128    32.9152 0.0000e+00
     84.000    -1.6367    -1.6364   2.619648   2.619721    375.683    368.486     0.1814     0.0813     0.1658    309.597   77.88138  -17.23968  19.039929    32.9410    32.9418 0.0000e+00
     85.000    -1.6329    -1.6328   2.622325   2.622405    373.883    367.428     0.1812     0.0674     0.1643    310.633   77.88138  -17.23968  19.103699    32.9733    32.9743 0.0000e+00
     86.000    -1.6290    -1.6288   2.625062   2.625160    373.015    366.797     0.1809     0.0538     0.1636    311.673   77.88138  -17.23968  18.851481    33.0062    33.0074 0.0000e+00
     87.000    -1.6308    -1.6305   2.626588   2.626660    372.803    366.504     0.1806     0.0475     0.1624    312.710   77.88138  -17.23968  18.876490    33.0286    33.0293 0.0000e+00
