test_project/cnv_files/Sta0230_bin.cnv
* Sea-Bird SBE 9 Data File:
* FileName = C:\Seabird\CTDDATA\Sta0230.hex
* Software Version Seasave V 7.26.7.107
* Temperature SN = 03-4535
* Conductivity SN = 2860
* Number of Bytes Per Scan = 44
* Number of Voltage Words = 5
* Number of Scans Averaged by the Deck Unit = 1
* NMEA Latitude = 77 52.90 N
* NMEA Longitude = 017 14.43 W
* NMEA UTC (Time) = Sep 08 2019 14:57:58
* NMEA baud rate = 9600
** Ship: "Kronprins Haakon"
** Station: 0230
** Echodepth: 305
** Log: 6090.06
** Wind-Dir Force(m/s): 35 12
** Air-temp (dry): -2.5
** Weather Sky: 0 0
** Sea Ice: 0 8
# nquan = 17
# nvalues = 296                         
# units = specified
# name 0 = prDM: Pressure, Digiquartz [db]
# name 1 = t090C: Temperature [ITS-90, deg C]
# name 2 = t190C: Temperature, 2 [ITS-90, deg C]
# name 3 = c0S/m: Conductivity [S/m]
# name 4 = c1S/m: Conductivity, 2 [S/m]
# name 5 = sbox0Mm/Kg: Oxygen, SBE 43 [umol/kg]
# name 6 = sbox1Mm/Kg: Oxygen, SBE 43, 2 [umol/kg]
# name 7 = wetCDOM: Fluorescence, WET Labs CDOM [mg/m^3]
# name 8 = flECO-AFL: Fluorescence, WET Labs ECO-AFL/FL [mg/m^3]
# name 9 = CStarAt0: Beam Attenuation, WET Labs C-Star [1/m]
# name 10 = timeS: Time, Elapsed [seconds]
# name 11 = latitude: Latitude [deg]
# name 12 = longitude: Longitude [deg]
# name 13 = upoly0: Upoly 0, ISUS
# name 14 = sal00: Salinity, Practical [PSU]
# name 15 = sal11: Salinity, Practical, 2 [PSU]
# name 16 = flag: flag
# span 0 =      3.000,    298.000       
# span 1 =    -1.6864,     1.5565       
# span 2 =    -1.6860,     1.5563       
# span 3 =   0.177344,   3.042735       
# span 4 =   2.350051,   3.042747       
# span 5 =    302.573,    421.738       
# span 6 =    298.844,    594.124       
# span 7 =     0.1047,     0.1822       
# span 8 =     0.0020,     0.5767       
# span 9 =     0.1390,     0.2779       
# span 10 =     48.529,    583.468      
# span 11 =   77.88101,   77.88176      
# span 12 =  -17.24042,  -17.23921      
# span 13 =  14.067916,  26.175010      
# span 14 =     1.8218,    34.8762      
# span 15 =    29.1424,    34.8765      
# span 16 = 0.0000e+00, 0.0000e+00      
# interval = decibars: 1                
# start_time = Sep 08 2019 14:57:58 [NMEA time, header]
# bad_flag = -9.990e-29
*END*
[from data line 171]
    174.000     0.1860     0.1843   2.883346   2.883270    321.523    317.524     0.1358     0.0148     0.1436    402.882   77.88125  -17.23948  23.964425    34.4144    34.4153 0.0000e+00
    175.000     0.2440     0.2430   2.888973   2.888920    322.859    317.928     0.1354     0.0120     0.1432    403.917   77.88124  -17.23948  24.025399    34.4229    34.4234 0.0000e+00
    176.000     0.2585     0.2587   2.890437   2.890448    320.157    317.064     0.1350     0.0096     0.1432    404.954   77.88124  -17.23948  25.037259    34.4253    34.4253 0.0000e+00
    177.000     0.2734     0.2730   2.891964   2.891946    314.512    314.678     0.1346     0.0140     0.1427    405.990   77.88124  -17.23948  24.366775    34.4282    34.4284 0.0000e+00
    178.000     0.2785     0.2797   2.892646   2.892644    310.718    312.251     0.1342     0.0170     0.1422    407.027   77.88124  -17.23947  24.741082    34.4308    34.4294 0.0000e+00
    179.000     0.2675     0.2664   2.891976   2.891897    310.298    311.462     0.1338     0.0170     0.1442    408.062   77.88124  -17.23946  24.952664    34.4337    34.4339 0.0000e+00
    180.000     0.3430     0.3409   2.899223   2.899127    310.620    309.727     0.1334     0.0170     0.1440    409.095   77.88124  -17.23946  24.372839    34.4438    34.4449 0.0000e+00
    181.000     0.3679     0.3678   2.901500   2.901450    312.537    310.466     0.1330     0.0143     0.1430    410.132   77.88124  -17.23946  23.812375    34.4453    34.4448 0.0000e+00
    182.000     0.3702     0.3705   2.901803   2.901806    315.366    311.624     0.1326     0.0096     0.1435    411.168   77.88124  -17.23946  24.499772    34.4461    34.4458 0.0000e+00
    183.000     0.3743     0.3746   2.902362   2.902360    314.532    310.856     0.1322     0.0136     0.1446    412.202   77.88124  -17.23946  25.478398    34.4483    34.4479 0.0000e+00
    184.000     0.3803     0.3805   2.903083   2.903093    312.350    309.940     0.1318     0.0222     0.1458    413.239   77.88124  -17.23946  25.249088    34.4504    34.4503 0.0000e+00
    185.000     0.3792     0.3797   2.903291   2.903279    311.723    309.587     0.1315     0.0156     0.1470    414.274   77.88124  -17.23946  24.950686    34.4538    34.4530 0.0000e+00
    186.000     0.3826     0.3827   2.903880   2.903879    311.805    309.048     0.1311     0.0097     0.1467    415.311   77.88124  -17.23946  25.177958    34.4571    34.4570 0.0000e+00
    187.000     0.3941     0.3944   2.905210   2.905209    312.388    308.760     0.1308     0.0096     0.1475    416.347   77.88124  -17.23946  25.034476    34.4611    34.4607 0.0000e+00
    188.000     0.4022     0.4019   2.906394   2.906334    313.995    309.084     0.1304     0.0091     0.1475    417.380   77.88124  -17.23946  24.871308    34.4670    34.4665 0.0000e+00
    189.000     0.4143     0.4142   2.907851   2.907839    314.366    308.799     0.1301     0.0032     0.1474    418.412   77.88124  -17.23944  25.256526    34.4719    34.4719 0.0000e+00
    190.000     0.4359     0.4349   2.910376   2.910312    314.117    308.600     0.1299     0.0085     0.1473    419.443   77.88124  -17.23944  25.313985    34.4803    34.4805 0.0000e+00
    191.000     0.4710     0.4708   2.914147   2.914113    314.069    308.889     0.1296     0.0034     0.1471    420.478   77.88122  -17.23944  25.205414    34.4898    34.4895 0.0000e+00
    192.000     0.4855     0.4848   2.915807   2.915764    314.541    309.112     0.1294     0.0085     0.1467    421.510   77.88122  -17.23944  25.184893    34.4947    34.4949 0.0000e+00
    193.000     0.5144     0.5144   2.918933   2.918911    313.693    308.657     0.1292     0.0208     0.1472    422.543   77.88122  -17.23944  24.917822    34.5027    34.5024 0.0000e+00
    194.000     0.5282     0.5282   2.920553   2.920555    313.261    308.598     0.1290     0.0188     0.1470    423.575   77.88122  -17.23944  24.998203    34.5078    34.5078 0.0000e+00
    195.000     0.5449     0.5449   2.922432   2.922432    312.843    308.025     0.1289     0.0121     0.1477    424.607   77.88122  -17.23944  25.627784    34.5131    34.5131 0.0000e+00
    196.000     0.5503     0.5502   2.923202   2.923178    312.163    308.044     0.1287     0.0096     0.1479    425.639   77.88122  -17.23944  25.435543    34.5165    34.5163 0.0000e+00
    197.000     0.5648     0.5649   2.925105   2.925080    311.590    307.836     0.1286     0.0096     0.1479    426.673   77.88122  -17.23944  25.649560    34.5246    34.5241 0.0000e+00
    198.000     0.5722     0.5723   2.925984   2.925971    311.698    307.556     0.1285     0.0058     0.1484    427.708   77.88122  -17.23944  25.281468    34.5272    34.5268 0.0000e+00
    199.000     0.5781     0.5783   2.926749   2.926746    312.160    307.142     0.1285     0.0055     0.1486    428.741   77.88122  -17.23943  25.475976    34.5299    34.5298 0.0000e+00
    200.000     0.5897     0.5895   2.928148   2.928145    311.858    307.246     0.1284     0.0096     0.1484    429.773   77.88122  -17.23942  25.442172    34.5346    34.5349 0.0000e+00
    201.000     0.6054     0.6054   2.929984   2.929953    311.702    307.386     0.1283     0.0121     0.1484    430.808   77.88122  -17.23942  25.283942    34.5405    34.5401 0.0000e+00
    202.000     0.6125     0.6126   2.930800   2.930797    312.509    307.378     0.1282     0.0148     0.1484    431.843   77.88122  -17.23942  25.326255    34.5426    34.5424 0.0000e+00
    203.000     0.6204     0.6207   2.931701   2.931691    312.949    307.325     0.1282     0.0078     0.1481    432.878   77.88122  -17.23942  25.044665    34.5449    34.5444 0.0000e+00
    204.000     0.6124     0.6129   2.931111   2.931104    312.956    307.349     0.1281     0.0054     0.1478    433.915   77.88122  -17.23942  25.562965    34.5456    34.5449 0.0000e+00
    205.000     0.6322     0.6322   2.933224   2.933226    312.308    306.718     0.1280     0.0179     0.1479    434.947   77.88122  -17.23942  25.290408    34.5504    34.5504 0.0000e+00
    206.000     0.6342     0.6348   2.933505   2.933507    311.884    306.349     0.1279     0.0216     0.1484    435.982   77.88122  -17.23942  25.282516    34.5512    34.5506 0.0000e+00
    207.000     0.6207     0.6210   2.932578   2.932585    312.413    306.814     0.1279     0.0042     0.1478    437.016   77.88122  -17.23942  25.632239    34.5536    34.5534 0.0000e+00
    208.000     0.6379     0.6380   2.934600   2.934621    311.765    306.763     0.1278     0.0162     0.1483    438.049   77.88120  -17.23942  25.714246    34.5602    34.5604 0.0000e+00
    209.000     0.6633     0.6627   2.937481   2.937440    311.940    306.619     0.1277     0.0167     0.1477    439.084   77.88120  -17.23942  25.633998    34.5687    34.5689 0.0000e+00
    210.000     0.6779     0.6779   2.939093   2.939060    312.900    306.860     0.1276     0.0105     0.1476    440.115   77.88120  -17.23942  25.221663    34.5728    34.5723 0.0000e+00
    211.000     0.6838     0.6831   2.939901   2.939792    313.601    307.180     0.1275     0.0098     0.1475    441.151   77.88120  -17.23942  24.905968    34.5761    34.5755 0.0000e+00
    212.000     0.6843     0.6849   2.940172   2.940191    312.624    306.574     0.1274     0.0156     0.1466    442.187   77.88120  -17.23942  25.249388    34.5785    34.5780 0.0000e+00
    213.000     0.6866     0.6863   2.940758   2.940729    312.086    306.620     0.1274     0.0167     0.1455    443.217   77.88120  -17.23940  25.958791    34.5829    34.5830 0.0000e+00
    214.000     0.7012     0.7014   2.942341   2.942355    311.631    306.345     0.1273     0.0117     0.1449    444.252   77.88120  -17.23940  25.048607    34.5867    34.5866 0.0000e+00
    215.000     0.7099     0.7101   2.943321   2.943295    312.185    306.791     0.1272     0.0096     0.1455    445.284   77.88120  -17.23940  24.926633    34.5891    34.5886 0.0000e+00
    216.000     0.7188     0.7188   2.944409   2.944396    313.382    307.411     0.1271     0.0139     0.1437    446.320   77.88120  -17.23940  25.236361    34.5928    34.5925 0.0000e+00
    217.000     0.7331     0.7331   2.946052   2.946047    313.688    307.337     0.1270     0.0129     0.1420    447.354   77.88120  -17.23940  25.073053    34.5975    34.5974 0.0000e+00
    218.000     0.7488     0.7484   2.947839   2.947839    313.087    307.428     0.1269     0.0166     0.1417    448.388   77.88120  -17.23940  24.993054    34.6025    34.6030 0.0000e+00
    219.000     0.7746     0.7743   2.950746   2.950729    312.784    307.280     0.1268     0.0181     0.1414    449.424   77.88120  -17.23940  25.004744    34.6110    34.6111 0.0000e+00
    220.000     0.7913     0.7915   2.952637   2.952655    312.619    307.355     0.1267     0.0124     0.1403    450.456   77.88118  -17.23940  25.003242    34.6163    34.6162 0.0000e+00
    221.000     0.7975     0.7975   2.953386   2.953375    313.241    307.746     0.1266     0.0169     0.1401    451.493   77.88118  -17.23940  24.927438    34.6185    34.6184 0.0000e+00
    222.000     0.8023     0.8029   2.953966   2.954018    312.571    307.473     0.1265     0.0146     0.1401    452.529   77.88118  -17.23940  24.942454    34.6200    34.6200 0.0000e+00
    223.000     0.8099     0.8099   2.954822   2.954840    312.024    306.942     0.1264     0.0080     0.1399    453.561   77.88118  -17.23940  25.302024    34.6221    34.6223 0.0000e+00
    224.000     0.8167     0.8168   2.955644   2.955638    312.043    306.750     0.1263     0.0037     0.1404    454.592   77.88118  -17.23939  25.115196    34.6245    34.6244 0.0000e+00
    225.000     0.8347     0.8337   2.957738   2.957684    312.157    306.538     0.1262     0.0095     0.1393    455.629   77.88118  -17.23938  24.496874    34.6310    34.6314 0.0000e+00
    226.000     0.8605     0.8600   2.960669   2.960637    312.119    306.506     0.1261     0.0112     0.1397    456.662   77.88118  -17.23938  25.467899    34.6396    34.6397 0.0000e+00
    227.000     0.8766     0.8766   2.962428   2.962426    312.110    306.444     0.1260     0.0222     0.1394    457.696   77.88118  -17.23938  25.152210    34.6439    34.6438 0.0000e+00
    228.000     0.8932     0.8928   2.964284   2.964267    311.944    306.552     0.1259     0.0108     0.1390    458.728   77.88118  -17.23938  25.098547    34.6488    34.6490 0.0000e+00
    229.000     0.9035     0.9036   2.965443   2.965457    311.753    306.207     0.1258     0.0096     0.1391    459.777   77.88118  -17.23938  25.196494    34.6517    34.6517 0.0000e+00
    230.000     0.9171     0.9170   2.967017   2.967034    311.621    305.902     0.1258     0.0100     0.1396    460.831   77.88118  -17.23938  25.102345    34.6563    34.6567 0.0000e+00
    231.000     0.9356     0.9355   2.969157   2.969165    310.621    305.433     0.1257     0.0213     0.1391    461.872   77.88118  -17.23938  24.868537    34.6627    34.6630 0.0000e+00
    232.000     0.9454     0.9456   2.970334   2.970340    309.603    305.175     0.1256     0.0066     0.1394    462.906   77.88118  -17.23938  24.558481    34.6665    34.6663 0.0000e+00
    233.000     0.9513     0.9515   2.971032   2.971041    309.222    304.708     0.1255     0.0080     0.1399    463.937   77.88118  -17.23938  25.193742    34.6683    34.6683 0.0000e+00
    234.000     0.9577     0.9580   2.971821   2.971822    308.838    304.467     0.1254     0.0146     0.1401    464.969   77.88118  -17.23938  25.041748    34.6707    34.6705 0.0000e+00
    235.000     0.9618     0.9620   2.972312   2.972316    308.653    304.271     0.1253     0.0120     0.1408    466.003   77.88118  -17.23938  25.284580    34.6720    34.6718 0.0000e+00
    236.000     0.9713     0.9712   2.973459   2.973448    308.948    304.001     0.1252     0.0053     0.1429    467.039   77.88116  -17.23938  25.386282    34.6756    34.6755 0.0000e+00
    237.000     0.9870     0.9874   2.975312   2.975342    309.101    303.532     0.1251     0.0064     0.1463    468.076   77.88116  -17.23938  25.250220    34.6814    34.6814 0.0000e+00
    238.000     0.9963     0.9966   2.976414   2.976435    309.280    303.735     0.1250     0.0096     0.1422    469.103   77.88116  -17.23938  25.342953    34.6847    34.6847 0.0000e+00
    239.000     1.0035     1.0036   2.977256   2.977284    309.384    304.131     0.1249     0.0096     0.1420    470.139   77.88116  -17.23938  25.263572    34.6870    34.6872 0.0000e+00
    240.000     1.0165     1.0167   2.978764   2.978778    309.626    304.211     0.1248     0.0123     0.1421    471.176   77.88116  -17.23936  25.065248    34.6913    34.6913 0.0000e+00
    241.000     1.0224     1.0226   2.979524   2.979518    309.808    304.072     0.1247     0.0142     0.1421    472.206   77.88116  -17.23936  25.375602    34.6939    34.6937 0.0000e+00
    242.000     1.0305     1.0305   2.980474   2.980465    309.783    303.973     0.1246     0.0118     0.1422    473.242   77.88116  -17.23936  25.274391    34.6966    34.6965 0.0000e+00
    243.000     1.0433     1.0433   2.981954   2.981977    309.473    303.871     0.1246     0.0147     0.1425    474.273   77.88116  -17.23936  25.309094    34.7009    34.7011 0.0000e+00
    244.000     1.0543     1.0549   2.983187   2.983263    309.271    303.894     0.1245     0.0110     0.1424    475.310   77.88116  -17.23936  25.945499    34.7039    34.7042 0.0000e+00
    245.000     1.0757     1.0757   2.985445   2.985447    309.283    303.688     0.1244     0.0155     0.1418    476.346   77.88116  -17.23936  25.638143    34.7086    34.7086 0.0000e+00
    246.000     1.0862     1.0858   2.986744   2.986713    309.452    303.136     0.1243     0.0098     0.1416    477.380   77.88116  -17.23936  25.216448    34.7130    34.7131 0.0000e+00
    247.000     1.1053     1.1054   2.988827   2.988844    309.273    303.062     0.1242     0.0096     0.1411    478.413   77.88116  -17.23936  25.169502    34.7180    34.7181 0.0000e+00
    248.000     1.1114     1.1116   2.989578   2.989588    309.012    303.268     0.1241     0.0100     0.1408    479.443   77.88114  -17.23936  25.588404    34.7202    34.7202 0.0000e+00
    249.000     1.1244     1.1241   2.991061   2.991039    308.352    303.072     0.1240     0.0160     0.1404    480.481   77.88114  -17.23936  25.733491    34.7243    34.7243 0.0000e+00
    250.000     1.1459     1.1458   2.993457   2.993492    307.968    302.978     0.1239     0.0107     0.1400    481.516   77.88114  -17.23936  25.264999    34.7305    34.7311 0.0000e+00
    251.000     1.1620     1.1622   2.995246   2.995254    307.994    302.942     0.1237     0.0211     0.1394    482.552   77.88114  -17.23936  24.926008    34.7350    34.7350 0.0000e+00
    252.000     1.1645     1.1648   2.995587   2.995603    308.162    303.030     0.1236     0.0124     0.1395    483.583   77.88114  -17.23936  25.370876    34.7361    34.7360 0.0000e+00
    253.000     1.1672     1.1677   2.995950   2.995980    308.293    303.156     0.1235     0.0045     0.1391    484.616   77.88114  -17.23935  25.339712    34.7371    34.7369 0.0000e+00
    254.000     1.1711     1.1714   2.996406   2.996417    307.965    302.719     0.1233     0.0222     0.1392    485.653   77.88114  -17.23934  25.230202    34.7381    34.7379 0.0000e+00
    255.000     1.1904     1.1899   2.998463   2.998454    307.813    302.629     0.1231     0.0173     0.1396    486.690   77.88114  -17.23934  25.212042    34.7424    34.7429 0.0000e+00
    256.000     1.2225     1.2221   3.001865   3.001875    307.692    302.596     0.1230     0.0054     0.1396    487.722   77.88114  -17.23934  25.210733    34.7498    34.7504 0.0000e+00
    257.000     1.2433     1.2432   3.004073   3.004044    308.391    302.900     0.1228     0.0061     0.1402    488.754   77.88114  -17.23934  25.434834    34.7544    34.7541 0.0000e+00
