test_project/cnv_files/Sta0231_bin.cnv
* Sea-Bird SBE 9 Data File:
* FileName = C:\Seabird\CTDDATA\Sta0231.hex
* Software Version Seasave V 7.26.7.107
* Temperature SN = 03-4535
* Conductivity SN = 2860
* Number of Bytes Per Scan = 44
* Number of Voltage Words = 5
* Number of Scans Averaged by the Deck Unit = 1
* NMEA Latitude = 78 49.97 N
* NMEA Longitude = 010 14.95 W
* NMEA UTC (Time) = Sep 09 2019 21:34:49
* NMEA baud rate = 9600
** Ship: "Kronprins Haakon"
** Station: 0231
** Echodepth: 372
** Log: 6228.115
** Wind-Dir Force(m/s): 05 12
** Air-temp (dry): -2.9
** Weather Sky: 2 3
** Sea Ice: 1 5
# nquan = 17
# nvalues = 364                         
# units = specified
# name 0 = prDM: Pressure, Digiquartz [db]
# name 1 = t090C: Temperature [ITS-90, deg C]
# name 2 = t190C: Temperature, 2 [ITS-90, deg C]
# name 3 = c0S/m: Conductivity [S/m]
# name 4 = c1S/m: Conductivity, 2 [S/m]
# name 5 = sbox0Mm/Kg: Oxygen, SBE 43 [umol/kg]
# name 6 = sbox1Mm/Kg: Oxygen, SBE 43, 2 [umol/kg]
# name 7 = wetCDOM: Fluorescence, WET Labs CDOM [mg/m^3]
# name 8 = flECO-AFL: Fluorescence, WET Labs ECO-AFL/FL [mg/m^3]
# name 9 = CStarAt0: Beam Attenuation, WET Labs C-Star [1/m]
# name 10 = timeS: Time, Elapsed [seconds]
# name 11 = latitude: Latitude [deg]
# name 12 = longitude: Longitude [deg]
# name 13 = upoly0: Upoly 0, ISUS
# name 14 = sal00: Salinity, Practical [PSU]
# name 15 = sal11: Salinity, Practical, 2 [PSU]
# name 16 = flag: flag
# span 0 =      3.000,    366.000       
# span 1 =    -1.5868,     1.2438       
# span 2 =    -1.5868,     1.2438       
# span 3 =   2.414228,   3.014411       
# span 4 =   2.414258,   3.014383       
# span 5 =    276.520,    416.919       
# span 6 =    300.525,    636.416       
# span 7 =     0.1171,     0.1704       
# span 8 =     0.0025,     1.5023       
# span 9 =     0.1448,     0.3705       
# span 10 =    134.643,    739.990      
# span 11 =   78.83066,   78.83252      
# span 12 =  -10.25761,  -10.25096      
# span 13 =  0.1004950,  22.494539      
# span 14 =    30.1062,    35.0184      
# span 15 =    30.1066,    35.2221      
# span 16 = 0.0000e+00, 0.0000e+00      
# interval = decibars: 1                
# start_time = Sep 09 2019 21:34:49 [NMEA time, header]
# bad_flag = -9.990e-29
*END*
[from data line 341]
    344.000     1.2078     1.2082   3.009719   3.009732    311.019    305.673     0.1185     0.0211     0.2269    673.564   78.83086  -10.25697  21.964299    34.8154    34.8151 0.0000e+00
    345.000     1.2140     1.2139   3.010360   3.010313    311.742    305.637     0.1188     0.0187     0.2273    674.618   78.83086  -10.25698  21.672011    34.8162    34.8157 0.0000e+00
    346.000     1.2202     1.2203   3.011036   3.011027    312.033    305.779     0.1189     0.0223     0.2265    675.682   78.83086  -10.25699  21.619105    34.8173    34.8172 0.0000e+00
    347.000     1.2304     1.2304   3.012108   3.012082    311.781    305.893     0.1190     0.0135     0.2264    676.768   78.83086  -10.25700  21.656976    34.8191    34.8188 0.0000e+00
    348.000     1.2405     1.2407   3.013280   3.013290    311.820    305.944     0.1189     0.0149     0.2257    677.879   78.83085  -10.25701  22.077978    34.8224    34.8222 0.0000e+00
    349.000     1.2416     1.2417   3.013501   3.013452    312.112    306.420     0.1186     0.0064     0.2262    679.002   78.83084  -10.25702  21.742738    34.8234    34.8227 0.0000e+00
    350.000     1.2419     1.2418   3.013559   3.013518    312.749    306.547     0.1181     0.0082     0.2284    680.113   78.83084  -10.25704  21.622637    34.8232    34.8228 0.0000e+00
    351.000     1.2415     1.2415   3.013580   3.013540    312.335    306.659     0.1176     0.0156     0.2329    681.201   78.83084  -10.25704  21.588817    34.8233    34.8228 0.0000e+00
    352.000     1.2418     1.2416   3.013663   3.013580    312.471    306.521     0.1172     0.0168     0.2393    682.275   78.83084  -10.25706  21.945794    34.8234    34.8227 0.0000e+00
    353.000     1.2420     1.2419   3.013717   3.013655    312.508    306.493     0.1171     0.0072     0.2412    683.331   78.83084  -10.25706  22.441246    34.8233    34.8227 0.0000e+00
    354.000     1.2423     1.2426   3.013794   3.013794    312.524    306.269     0.1173     0.0076     0.2402    684.374   78.83084  -10.25706  21.921090    34.8234    34.8231 0.0000e+00
    355.000     1.2427     1.2426   3.013881   3.013833    313.087    306.410     0.1178     0.0146     0.2427    685.418   78.83082  -10.25708  21.806873    34.8236    34.8230 0.0000e+00
    356.000     1.2428     1.2428   3.013928   3.013871    313.333    306.398     0.1185     0.0128     0.2423    686.473   78.83082  -10.25708  21.697175    34.8234    34.8227 0.0000e+00
    357.000     1.2426     1.2427   3.013946   3.013911    313.236    306.337     0.1193     0.0143     0.2420    687.551   78.83082  -10.25710  21.612001    34.8233    34.8227 0.0000e+00
    358.000     1.2418     1.2416   3.013903   3.013834    312.750    306.511     0.1200     0.0086     0.2429    688.610   78.83082  -10.25711  22.118315    34.8231    34.8224 0.0000e+00
    359.000     1.2424     1.2424   3.014004   3.013959    312.807    306.533     0.1208     0.0029     0.2425    689.404   78.83082  -10.25712  22.109110    34.8231    34.8226 0.0000e+00
    360.000     1.2437     1.2436   3.014181   3.014127    312.588    306.510     0.1215     0.0048     0.2450    690.081   78.83082  -10.25712  21.836322    34.8233    34.8228 0.0000e+00
    361.000     1.2436     1.2438   3.014212   3.014189    312.416    306.446     0.1222     0.0082     0.2464    690.793   78.83082  -10.25713  21.681752    34.8232    34.8228 0.0000e+00
    362.000     1.2435     1.2437   3.014246   3.014213    312.908    306.171     0.1215     0.0096     0.2468    691.641   78.83081  -10.25714  21.475824    34.8232    34.8227 0.0000e+00
    363.000     1.2438     1.2437   3.014322   3.014285    313.773    306.355     0.1206     0.0075     0.2451    692.674   78.83080  -10.25715  21.378158    34.8233    34.8229 0.0000e+00
    364.000     1.2431     1.2431   3.014304   3.014261    310.986    306.471     0.1255     0.0155     0.2390    730.310   78.83068  -10.25751  22.124872    34.8233    34.8228 0.0000e+00
    365.000     1.2433     1.2433   3.014385   3.014343    311.059    306.393     0.1265     0.0080     0.2394    737.776   78.83066  -10.25758  21.218206    34.8235    34.8229 0.0000e+00
    366.000     1.2433     1.2432   3.014411   3.014383    310.698    306.418     0.1268     0.0025     0.2384    739.990   78.83066  -10.25761  21.633642    34.8233    34.8230 0.0000e+00
