test_project/cnv_files/sta0253_bin.cnv
* Sea-Bird SBE 9 Data File:
* FileName = C:\Seabird\CTDDATA\Sta0253.hex
* Software Version Seasave V 7.26.7.107
* Temperature SN = 03-4535
* Conductivity SN = 2860
* Number of Bytes Per Scan = 44
* Number of Voltage Words = 5
* Number of Scans Averaged by the Deck Unit = 1
* NMEA Latitude = 78 49.96 N
* NMEA Longitude = 009 59.64 E
* NMEA UTC (Time) = Sep 15 2019 04:33:05
* NMEA baud rate = 9600
** Ship: "Kronprins Haakon"
** Station: 0253
** Echodepth: 72
** Log: 6544.90
** Wind-Dir Force(m/s): 12 25
** Air-temp (dry): 6.3
** Weather Sky: 2 3
** Sea Ice: 3 0
# nquan = 16
# nvalues = 63                          
# units = specified
# name 0 = prDM: Pressure, Digiquartz [db]
# name 1 = t090C: Temperature [ITS-90, deg C]
# name 2 = t190C: Temperature, 2 [ITS-90, deg C]
# name 3 = c0S/m: Conductivity [S/m]
# name 4 = c1S/m: Conductivity, 2 [S/m]
# name 5 = sbox0Mm/Kg: Oxygen, SBE 43 [umol/kg]
# name 6 = sbox1Mm/Kg: Oxygen, SBE 43, 2 [umol/kg]
# name 7 = wetCDOM: Fluorescence, WET Labs CDOM [mg/m^3]
# name 8 = flECO-AFL: Fluorescence, WET Labs ECO-AFL/FL [mg/m^3]
# name 9 = CStarAt0: Beam Attenuation, WET Labs C-Star [1/m]
# name 10 = timeS: Time, Elapsed [seconds]
# name 11 = latitude: Latitude [deg]
# name 12 = longitude: Longitude [deg]
# name 13 = sal00: Salinity, Practical [PSU]
# name 14 = sal11: Salinity, Practical, 2 [PSU]
# name 15 = flag: flag
# span 0 =      3.000,     65.000       
# span 1 =     4.6339,     5.2266       
# span 2 =     4.6328,     5.2255       
# span 3 =   3.171949,   3.294508       
# span 4 =   3.171940,   3.294375       
# span 5 =    319.329,    335.081       
# span 6 =    318.608,    328.181       
# span 7 =     0.1189,     0.1378       
# span 8 =     0.4358,     1.2374       
# span 9 =     0.3000,     0.4537       
# span 10 =    141.626,    310.348      
# span 11 =   78.83280,   78.83282      
# span 12 =    9.99392,    9.99398      
# span 13 =    33.2872,    34.2247      
# span 14 =    33.2885,    34.2254      
# span 15 = 0.0000e+00, 0.0000e+00      
# interval = decibars: 1                
# start_time = Sep 15 2019 04:33:05 [NMEA time, header]
# bad_flag = -9.990e-29
*END*
      3.000     4.7030     4.7020   3.171949   3.171978    332.219    327.906     0.1334     1.0730     0.4527    141.626   78.83282    9.99398    33.2872    33.2885 0.0000e+00
      4.000     4.7017     4.7009   3.171953   3.171940    332.092    327.938     0.1378     1.0703     0.4537    145.540   78.83281    9.99397    33.2880    33.2887 0.0000e+00
      5.000     4.7025     4.7014   3.172077   3.172037    332.143    328.057     0.1338     1.1485     0.4517    150.676   78.83282    9.99398    33.2881    33.2888 0.0000e+00
      6.000     4.7026     4.7014   3.172180   3.172115    332.620    327.866     0.1284     1.1126     0.4508    152.942   78.83282    9.99398    33.2887    33.2892 0.0000e+00
      7.000     4.7034     4.7024   3.172276   3.172228    332.319    327.765     0.1222     1.2359     0.4511    156.206   78.83280    9.99396    33.2885    33.2890 0.0000e+00
      8.000     4.7018     4.7016   3.172360   3.172324    332.603    328.125     0.1268     1.2374     0.4513    159.646   78.83280    9.99396    33.2906    33.2904 0.0000e+00
      9.000     4.7017     4.7010   3.172399   3.172374    332.636    327.878     0.1257     1.1550     0.4505    161.702   78.83280    9.99396    33.2907    33.2911 0.0000e+00
     10.000     4.7000     4.6996   3.172529   3.172466    333.311    327.943     0.1248     1.1937     0.4513    164.187   78.83280    9.99396    33.2933    33.2929 0.0000e+00
     11.000     4.7009     4.6996   3.172505   3.172504    332.940    327.616     0.1244     1.2148     0.4497    166.667   78.83280    9.99396    33.2916    33.2929 0.0000e+00
     12.000     4.6999     4.6987   3.172653   3.172632    332.698    327.837     0.1244     1.1040     0.4505    168.178   78.83280    9.99396    33.2938    33.2948 0.0000e+00
     13.000     4.6988     4.6983   3.172756   3.172708    332.162    328.181     0.1244     1.1573     0.4508    169.689   78.83280    9.99396    33.2956    33.2956 0.0000e+00
     14.000     4.6959     4.6951   3.172820   3.172784    332.500    327.951     0.1243     1.1719     0.4503    171.265   78.83280    9.99396    33.2988    33.2992 0.0000e+00
     15.000     4.6921     4.6914   3.172883   3.172837    334.030    327.941     0.1238     1.2020     0.4471    172.861   78.83280    9.99396    33.3027    33.3030 0.0000e+00
     16.000     4.6769     4.6767   3.172805   3.172761    333.741    327.721     0.1232     1.1751     0.4489    174.391   78.83280    9.99396    33.3166    33.3163 0.0000e+00
     17.000     4.6626     4.6614   3.173306   3.173297    333.210    327.869     0.1226     1.1472     0.4446    175.847   78.83280    9.99394    33.3363    33.3375 0.0000e+00
     18.000     4.6339     4.6328   3.174461   3.174444    333.734    327.648     0.1223     1.1061     0.4399    177.334   78.83280    9.99394    33.3782    33.3791 0.0000e+00
     19.000     4.6368     4.6358   3.177023   3.176960    333.528    327.503     0.1220     1.0314     0.4295    178.850   78.83280    9.99394    33.4046    33.4049 0.0000e+00
     20.000     4.6397     4.6397   3.179685   3.179624    334.328    327.752     0.1218     0.9911     0.4194    180.230   78.83280    9.99396    33.4322    33.4314 0.0000e+00
     21.000     4.6524     4.6498   3.183109   3.182973    334.081    327.494     0.1218     0.9292     0.4077    181.422   78.83280    9.99396    33.4587    33.4597 0.0000e+00
     22.000     4.6927     4.6911   3.188691   3.188584    333.907    326.914     0.1222     0.8713     0.3985    182.550   78.83280    9.99396    33.4824    33.4828 0.0000e+00
     23.000     4.7002     4.6994   3.191026   3.190971    334.754    327.485     0.1227     0.8401     0.3938    183.746   78.83280    9.99396    33.5014    33.5016 0.0000e+00
     24.000     4.6920     4.6916   3.191208   3.191180    333.813    327.257     0.1234     0.8151     0.3913    185.087   78.83280    9.99395    33.5113    33.5114 0.0000e+00
     25.000     4.6832     4.6824   3.192579   3.192502    332.034    326.905     0.1240     0.8435     0.3842    186.532   78.83280    9.99394    33.5357    33.5356 0.0000e+00
     26.000     4.6781     4.6774   3.197451   3.197383    332.161    327.067     0.1246     0.8746     0.3817    187.905   78.83280    9.99394    33.5970    33.5969 0.0000e+00
     27.000     4.6766     4.6757   3.199181   3.199120    333.159    327.287     0.1248     0.9148     0.3822    189.213   78.83280    9.99394    33.6182    33.6184 0.0000e+00
     28.000     4.6784     4.6774   3.200585   3.200540    334.033    327.022     0.1249     0.8795     0.3789    190.507   78.83280    9.99394    33.6322    33.6326 0.0000e+00
     29.000     4.6806     4.6798   3.201908   3.201837    334.774    327.608     0.1247     0.9105     0.3771    191.853   78.83280    9.99394    33.6447    33.6448 0.0000e+00
     30.000     4.6866     4.6857   3.203661   3.203668    334.584    327.716     0.1244     0.9830     0.3805    193.355   78.83280    9.99394    33.6586    33.6596 0.0000e+00
     31.000     4.6993     4.6981   3.206796   3.206716    335.081    327.530     0.1240     0.9543     0.3853    194.875   78.83280    9.99394    33.6817    33.6819 0.0000e+00
     32.000     4.7195     4.7182   3.211441   3.211339    334.171    327.753     0.1236     0.9245     0.3817    196.245   78.83280    9.99394    33.7146    33.7148 0.0000e+00
     33.000     4.7211     4.7207   3.215636   3.215416    333.575    327.939     0.1234     0.8565     0.3778    197.527   78.83280    9.99394    33.7613    33.7591 0.0000e+00
     34.000     4.7189     4.7182   3.219369   3.219277    333.219    327.762     0.1233     0.7671     0.3686    198.871   78.83280    9.99394    33.8064    33.8061 0.0000e+00
     35.000     4.7262     4.7254   3.221915   3.221870    332.984    327.498     0.1233     0.7654     0.3649    200.331   78.83280    9.99394    33.8281    33.8284 0.0000e+00
     36.000     4.7309     4.7293   3.223146   3.223036    333.204    327.553     0.1234     0.8119     0.3576    201.888   78.83280    9.99394    33.8371    33.8374 0.0000e+00
     37.000     4.7919     4.7855   3.232607   3.231931    333.274    327.270     0.1235     0.8471     0.3529    203.450   78.83280    9.99394    33.8843    33.8830 0.0000e+00
     38.000     4.8345     4.8334   3.239080   3.239105    334.351    327.623     0.1236     0.7548     0.3468    204.902   78.83280    9.99394    33.9154    33.9168 0.0000e+00
     39.000     4.8675     4.8833   3.244097   3.246650    332.611    326.843     0.1237     0.6892     0.3407    206.294   78.83280    9.99394    33.9394    33.9529 0.0000e+00
     40.000     4.9093     4.9081   3.250247   3.250195    330.635    326.431     0.1237     0.5825     0.3331    207.610   78.83280    9.99394    33.9675    33.9681 0.0000e+00
     41.000     4.9832     4.9726   3.261495   3.260301    329.870    325.353     0.1237     0.4954     0.3224    208.816   78.83280    9.99394    34.0216    34.0186 0.0000e+00
     42.000     5.0377     5.0357   3.269827   3.269661    329.413    325.054     0.1237     0.4414     0.3141    209.990   78.83280    9.99394    34.0616    34.0618 0.0000e+00
     43.000     5.1683     5.1601   3.286772   3.286172    328.265    324.239     0.1236     0.4358     0.3033    211.305   78.83280    9.99394    34.1231    34.1245 0.0000e+00
     44.000     5.2231     5.2213   3.293776   3.293615    328.028    324.718     0.1232     0.5274     0.3000    212.866   78.83280    9.99393    34.1472    34.1472 0.0000e+00
     45.000     5.2246     5.2255   3.294069   3.294263    322.872    322.278     0.1226     0.7036     0.3071    214.540   78.83280    9.99392    34.1485    34.1498 0.0000e+00
     46.000     5.2266     5.2253   3.294508   3.294375    319.329    320.352     0.1218     0.7020     0.3178    215.953   78.83280    9.99393    34.1509    34.1508 0.0000e+00
     47.000     5.2032     5.2041   3.293396   3.293280    321.080    319.789     0.1209     0.6731     0.3227    217.071   78.83280    9.99394    34.1616    34.1594 0.0000e+00
     48.000     5.1530     5.1512   3.291068   3.290928    322.994    320.072     0.1202     0.6328     0.3270    218.121   78.83280    9.99394    34.1856    34.1858 0.0000e+00
     49.000     5.1362     5.1357   3.290447   3.290383    323.338    319.683     0.1196     0.5728     0.3258    219.245   78.83280    9.99394    34.1952    34.1949 0.0000e+00
     50.000     5.1259     5.1254   3.289927   3.289890    324.158    319.391     0.1192     0.5530     0.3208    220.590   78.83280    9.99392    34.1993    34.1993 0.0000e+00
     51.000     5.1174     5.1176   3.289578   3.289683    325.740    319.084     0.1189     0.5771     0.3180    222.189   78.83280    9.99392    34.2033    34.2044 0.0000e+00
     52.000     5.1047     5.1021   3.288858   3.288784    325.493    319.165     0.1189     0.5617     0.3145    223.455   78.83280    9.99392    34.2076    34.2094 0.0000e+00
     53.000     5.0972     5.0951   3.288695   3.288539    325.183    318.866     0.1192     0.5248     0.3118    224.393   78.83280    9.99392    34.2128    34.2132 0.0000e+00
     54.000     5.1040     5.1024   3.289006   3.289001    324.778    318.608     0.1196     0.4879     0.3115    225.250   78.83280    9.99392    34.2089    34.2105 0.0000e+00
     55.000     5.1052     5.1044   3.289435   3.289426    325.424    318.799     0.1202     0.4629     0.3129    226.154   78.83280    9.99392    34.2121    34.2128 0.0000e+00
     56.000     5.0985     5.0986   3.289276   3.289275    326.476    319.069     0.1207     0.4731     0.3124    227.250   78.83280    9.99392    34.2167    34.2165 0.0000e+00
     57.000     5.0963     5.0944   3.289090   3.288964    326.317    319.129     0.1211     0.4988     0.3084    228.707   78.83280    9.99392    34.2162    34.2168 0.0000e+00
     58.000     5.0935     5.0925   3.288903   3.288849    325.690    318.974     0.1216     0.5230     0.3121    230.307   78.83280    9.99392    34.2164    34.2168 0.0000e+00
     59.000     5.0941     5.0931   3.288940   3.288932    324.980    319.065     0.1223     0.5325     0.3086    231.646   78.83280    9.99392    34.2157    34.2167 0.0000e+00
     60.000     5.0926     5.0921   3.288999   3.288938    324.945    318.975     0.1230     0.4978     0.3101    232.905   78.83280    9.99392    34.2174    34.2173 0.0000e+00
     61.000     5.0924     5.0917   3.289036   3.288962    325.554    319.032     0.1219     0.4809     0.3078    234.217   78.83280    9.99392    34.2175    34.2173 0.0000e+00
     62.000     5.0951     5.0941   3.289238   3.289219    325.800    319.018     0.1241     0.4889     0.3135    235.533   78.83280    9.99392    34.2166    34.2174 0.0000e+00
     63.000     5.0934     5.0932   3.289221   3.289221    325.509    318.863     0.1274     0.5155     0.3160    236.899   78.83280    9.99392    34.2176    34.2178 0.0000e+00
     64.000     5.0940     5.0941   3.289295   3.289371    325.720    318.662     0.1296     0.5114     0.3141    239.199   78.83280    9.99392    34.2174    34.2180 0.0000e+00
     65.000     5.0793     5.0758   3.288668   3.288426    322.852    318.889     0.1283     0.6100     0.3407    310.348   78.83280    9.99392    34.2247    34.2254 0.0000e+00
