test_project/cnv_files/Sta0231_bin.cnv
* Sea-Bird SBE 9 Data File:
* FileName = C:\Seabird\CTDDATA\Sta0231.hex
* Software Version Seasave V 7.26.7.107
* Temperature SN = 03-4535
* Conductivity SN = 2860
* Number of Bytes Per Scan = 44
* Number of Voltage Words = 5
* Number of Scans Averaged by the Deck Unit = 1
* NMEA Latitude = 78 49.97 N
* NMEA Longitude = 010 14.95 W
* NMEA UTC (Time) = Sep 09 2019 21:34:49
* NMEA baud rate = 9600
** Ship: "Kronprins Haakon"
** Station: 0231
** Echodepth: 372
** Log: 6228.115
** Wind-Dir Force(m/s): 05 12
** Air-temp (dry): -2.9
** Weather Sky: 2 3
** Sea Ice: 1 5
# nquan = 17
# nvalues = 364                         
# units = specified
# name 0 = prDM: Pressure, Digiquartz [db]
# name 1 = t090C: Temperature [ITS-90, deg C]
# name 2 = t190C: Temperature, 2 [ITS-90, deg C]
# name 3 = c0S/m: Conductivity [S/m]
# name 4 = c1S/m: Conductivity, 2 [S/m]
# name 5 = sbox0Mm/Kg: Oxygen, SBE 43 [umol/kg]
# name 6 = sbox1Mm/Kg: Oxygen, SBE 43, 2 [umol/kg]
# name 7 = wetCDOM: Fluorescence, WET Labs CDOM [mg/m^3]
# name 8 = flECO-AFL: Fluorescence, WET Labs ECO-AFL/FL [mg/m^3]
# name 9 = CStarAt0: Beam Attenuation, WET Labs C-Star [1/m]
# name 10 = timeS: Time, Elapsed [seconds]
# name 11 = latitude: Latitude [deg]
# name 12 = longitude: Longitude [deg]
# name 13 = upoly0: Upoly 0, ISUS
# name 14 = sal00: Salinity, Practical [PSU]
# name 15 = sal11: Salinity, Practical, 2 [PSU]
# name 16 = flag: flag
# span 0 =      3.000,    366.000       
# span 1 =    -1.5868,     1.2438       
# span 2 =    -1.5868,     1.2438       
# span 3 =   2.414228,   3.014411       
# span 4 =   2.414258,   3.014383       
# span 5 =    276.520,    416.919       
# span 6 =    300.525,    636.416       
# span 7 =     0.1171,     0.1704       
# span 8 =     0.0025,     1.5023       
# span 9 =     0.1448,     0.3705       
# span 10 =    134.643,    739.990      
# span 11 =   78.83066,   78.83252      
# span 12 =  -10.25761,  -10.25096      
# span 13 =  0.1004950,  22.494539      
# span 14 =    30.1062,    35.0184      
# span 15 =    30.1066,    35.2221      
# span 16 = 0.0000e+00, 0.0000e+00      
# interval = decibars: 1                
# start_time = Sep 09 2019 21:34:49 [NMEA time, header]
# bad_flag = -9.990e-29
*END*
      3.000    -1.3944    -1.4714   2.678018   2.679279    348.152    490.189     0.1289     0.5468     0.3238    134.643   78.83252  -10.25096  13.904169    33.5265    33.6307 0.0000e+00
      4.000    -1.4160    -1.4781   2.727172   2.743073    291.468    527.263     0.1255     0.5812     0.3198    138.415   78.83252  -10.25100  11.705678    34.2294    34.5211 0.0000e+00
      5.000    -1.4786    -1.4818   2.749311   2.777592    282.779    563.251     0.1247     0.6205     0.3129    142.139   78.83251  -10.25103  0.1004950    34.6075    35.0038 0.0000e+00
      6.000    -1.4833    -1.4826   2.765474   2.793278    278.286    599.814     0.1263     0.6693     0.3151    145.798   78.83250  -10.25107  11.923994    34.8366    35.2221 0.0000e+00
      7.000    -1.4703    -1.4841   2.779711   2.789683    276.520    636.416     0.1266     0.6516     0.3062    149.432   78.83248  -10.25112  3.8325534    35.0184    35.1733 0.0000e+00
      8.000    -1.4856    -1.4945   2.772210   2.740639    279.151    528.716     0.1312     0.6653     0.3135    152.818   78.83248  -10.25115  9.2117804    34.9316    34.5038 0.0000e+00
      9.000    -1.5362    -1.5515   2.762627   2.674816    276.848    367.911     0.1339     0.6829     0.3102    156.092   78.83246  -10.25118  0.2900050    34.8570    33.6562 0.0000e+00
     10.000    -1.5265    -1.5595   2.702926   2.638377    285.615    365.703     0.1371     0.7384     0.3103    159.428   78.83246  -10.25123  9.4778812    34.0163    33.1603 0.0000e+00
     11.000    -1.5814    -1.5800   2.577393   2.540538    350.631    389.723     0.1403     0.7202     0.3119    222.100   78.83226  -10.25193  0.6833317    32.3475    31.8358 0.0000e+00
     12.000    -1.5868    -1.5868   2.414228   2.414258    410.743    403.542     0.1434     0.6726     0.3117    320.178   78.83196  -10.25306  10.244519    30.1062    30.1066 0.0000e+00
     13.000    -1.5643    -1.5611   2.417586   2.418247    410.937    404.186     0.1463     0.6792     0.3098    321.110   78.83194  -10.25306  10.251023    30.1286    30.1344 0.0000e+00
     14.000    -1.4868    -1.4872   2.429796   2.430000    410.392    403.957     0.1487     0.6925     0.3089    322.160   78.83194  -10.25308  10.327336    30.2161    30.2193 0.0000e+00
     15.000    -1.3378    -1.3453   2.460265   2.460034    409.764    403.026     0.1506     0.7505     0.3096    323.226   78.83194  -10.25308  10.151894    30.4781    30.4828 0.0000e+00
     16.000    -1.1061    -1.1100   2.508196   2.507692    408.500    401.693     0.1518     0.9297     0.3148    324.292   78.83194  -10.25310  10.389326    30.8901    30.8873 0.0000e+00
     17.000    -1.1041    -1.1037   2.514881   2.514788    413.883    406.835     0.1523     1.2094     0.3282    325.322   78.83194  -10.25310  10.396485    30.9778    30.9762 0.0000e+00
     18.000    -1.0463    -1.0507   2.527097   2.526968    410.757    407.362     0.1523     1.4045     0.3449    326.365   78.83194  -10.25312  10.485503    31.0825    31.0852 0.0000e+00
     19.000    -0.9431    -0.9407   2.548277   2.548175    404.275    407.057     0.1522     1.4436     0.3571    327.406   78.83194  -10.25314  10.673039    31.2606    31.2567 0.0000e+00
     20.000    -0.9988    -0.9986   2.549556   2.549421    407.383    410.728     0.1519     1.4737     0.3676    328.450   78.83194  -10.25314  10.514651    31.3353    31.3333 0.0000e+00
     21.000    -0.9848    -0.9851   2.556676   2.556594    406.245    409.098     0.1514     1.4794     0.3695    329.494   78.83192  -10.25316  10.171654    31.4162    31.4154 0.0000e+00
     22.000    -0.9743    -0.9745   2.564287   2.564136    407.473    409.585     0.1507     1.5023     0.3705    330.543   78.83192  -10.25318  10.166949    31.5074    31.5056 0.0000e+00
     23.000    -0.9930    -0.9910   2.569012   2.568877    413.359    411.774     0.1501     1.3981     0.3696    331.602   78.83192  -10.25319  10.554655    31.5903    31.5864 0.0000e+00
     24.000    -1.0220    -1.0217   2.569811   2.569737    416.919    412.632     0.1497     1.2093     0.3596    332.675   78.83191  -10.25320  10.744657    31.6310    31.6297 0.0000e+00
     25.000    -1.0172    -1.0163   2.570953   2.571035    416.563    411.409     0.1496     1.1015     0.3446    333.767   78.83190  -10.25321  10.765277    31.6408    31.6410 0.0000e+00
     26.000    -1.0068    -1.0070   2.576267   2.576264    414.763    409.511     0.1498     1.1002     0.3365    334.848   78.83190  -10.25322  10.926766    31.7011    31.7013 0.0000e+00
     27.000    -0.8952    -0.9024   2.591077   2.590897    412.389    406.238     0.1504     1.0892     0.3365    335.916   78.83190  -10.25323  10.432287    31.7826    31.7878 0.0000e+00
     28.000    -0.9671    -0.9568   2.591109   2.591027    413.057    406.654     0.1512     0.9980     0.3254    336.965   78.83190  -10.25324  11.270340    31.8586    31.8466 0.0000e+00
     29.000    -1.1463    -1.1455   2.579780   2.579712    412.173    406.561     0.1523     0.8995     0.3203    337.995   78.83190  -10.25325  11.382600    31.8949    31.8932 0.0000e+00
     30.000    -1.1537    -1.1533   2.580829   2.580758    397.077    396.515     0.1536     0.7542     0.3056    339.023   78.83190  -10.25328  11.692282    31.9165    31.9151 0.0000e+00
     31.000    -1.1690    -1.1684   2.581563   2.581490    393.524    394.093     0.1549     0.6706     0.2920    340.060   78.83190  -10.25328  12.074684    31.9421    31.9405 0.0000e+00
     32.000    -1.2026    -1.2008   2.581348   2.581265    400.940    394.960     0.1561     0.6123     0.2880    341.106   78.83188  -10.25330  12.265503    31.9746    31.9715 0.0000e+00
     33.000    -1.2491    -1.2434   2.580121   2.580896    402.852    394.267     0.1571     0.6850     0.2713    343.150   78.83188  -10.25333  12.208696    32.0070    32.0114 0.0000e+00
     34.000    -1.1962    -1.1955   2.587480   2.587491    401.687    393.318     0.1578     0.7021     0.2596    345.355   78.83188  -10.25334  12.577504    32.0500    32.0494 0.0000e+00
     35.000    -1.3298    -1.3242   2.578497   2.578332    403.205    395.236     0.1585     0.5367     0.2534    346.511   78.83188  -10.25336  12.563291    32.0701    32.0619 0.0000e+00
     36.000    -1.4331    -1.4339   2.572301   2.572215    399.177    392.823     0.1592     0.4568     0.2462    347.554   78.83187  -10.25337  12.338095    32.0958    32.0955 0.0000e+00
     37.000    -1.3464    -1.3491   2.581763   2.581818    390.412    386.673     0.1599     0.4004     0.2358    348.589   78.83186  -10.25338  13.118164    32.1314    32.1351 0.0000e+00
     38.000    -1.2925    -1.2922   2.588508   2.588465    395.202    388.272     0.1605     0.3612     0.2250    349.605   78.83186  -10.25339  13.304632    32.1651    32.1641 0.0000e+00
     39.000    -1.2973    -1.2973   2.590300   2.590272    405.062    392.201     0.1612     0.3515     0.2221    350.617   78.83186  -10.25341  12.480202    32.1941    32.1936 0.0000e+00
     40.000    -1.3471    -1.3456   2.590043   2.589926    404.814    391.965     0.1618     0.3452     0.2228    351.640   78.83186  -10.25343  12.935835    32.2437    32.2404 0.0000e+00
     41.000    -1.3631    -1.3635   2.592289   2.592306    397.549    389.685     0.1624     0.3172     0.2250    352.684   78.83185  -10.25344  13.535124    32.2912    32.2918 0.0000e+00
     42.000    -1.3545    -1.3548   2.595789   2.595758    392.012    387.468     0.1630     0.2954     0.2171    353.745   78.83184  -10.25345  13.588052    32.3292    32.3290 0.0000e+00
     43.000    -1.3553    -1.3554   2.598890   2.598857    392.716    387.136     0.1637     0.2785     0.2128    354.817   78.83184  -10.25347  13.567692    32.3718    32.3716 0.0000e+00
     44.000    -1.3660    -1.3636   2.600332   2.600290    394.012    386.563     0.1643     0.2714     0.2094    355.895   78.83184  -10.25348  13.748538    32.4026    32.3994 0.0000e+00
     45.000    -1.4053    -1.4056   2.598827   2.598809    393.162    385.878     0.1649     0.2621     0.2069    356.961   78.83184  -10.25349  13.864149    32.4241    32.4241 0.0000e+00
     46.000    -1.3741    -1.3746   2.602644   2.602703    389.659    383.335     0.1655     0.2477     0.2043    358.026   78.83183  -10.25351  13.179225    32.4418    32.4432 0.0000e+00
     47.000    -1.3315    -1.3324   2.607415   2.607388    389.085    381.773     0.1661     0.2402     0.2020    359.076   78.83182  -10.25352  13.181624    32.4603    32.4609 0.0000e+00
     48.000    -1.3597    -1.3589   2.607078   2.606954    390.760    382.380     0.1666     0.2510     0.2011    360.112   78.83182  -10.25354  12.940752    32.4858    32.4832 0.0000e+00
     49.000    -1.3875    -1.3860   2.607298   2.607179    389.974    382.039     0.1672     0.2492     0.2019    361.140   78.83182  -10.25354  13.759901    32.5185    32.5152 0.0000e+00
     50.000    -1.4601    -1.4594   2.606113   2.606343    386.621    381.279     0.1677     0.2348     0.1996    362.176   78.83182  -10.25356  13.115658    32.5809    32.5832 0.0000e+00
     51.000    -1.4414    -1.4414   2.613901   2.613994    383.275    378.598     0.1682     0.2172     0.1980    363.217   78.83182  -10.25358  13.704961    32.6668    32.6681 0.0000e+00
     52.000    -1.4264    -1.4272   2.621855   2.621996    384.448    377.846     0.1686     0.2392     0.1962    364.265   78.83182  -10.25358  14.312404    32.7590    32.7618 0.0000e+00
     53.000    -1.4012    -1.4010   2.626598   2.626566    387.123    378.084     0.1691     0.3031     0.1976    365.322   78.83180  -10.25360  14.295026    32.7959    32.7953 0.0000e+00
     54.000    -1.4145    -1.4141   2.627604   2.627600    389.550    379.679     0.1694     0.4255     0.2088    366.377   78.83180  -10.25362  13.941663    32.8237    32.8233 0.0000e+00
     55.000    -1.4026    -1.4034   2.630721   2.630774    389.969    381.418     0.1697     0.5614     0.2276    367.446   78.83180  -10.25362  13.334817    32.8529    32.8545 0.0000e+00
     56.000    -1.3571    -1.3580   2.636992   2.637011    392.062    384.901     0.1700     0.6457     0.2424    368.514   78.83180  -10.25364  12.898426    32.8883    32.8895 0.0000e+00
     57.000    -1.3486    -1.3484   2.639647   2.639583    396.973    388.432     0.1702     0.7463     0.2528    369.576   78.83179  -10.25365  12.654208    32.9146    32.9136 0.0000e+00
     58.000    -1.3980    -1.3975   2.638898   2.638850    400.109    390.937     0.1703     0.7592     0.2617    370.629   78.83178  -10.25366  12.349791    32.9583    32.9571 0.0000e+00
     59.000    -1.4206    -1.4194   2.638334   2.638306    398.984    391.615     0.1704     0.8018     0.2617    371.668   78.83178  -10.25367  12.350994    32.9749    32.9731 0.0000e+00
     60.000    -1.4633    -1.4628   2.635460   2.635336    397.897    391.894     0.1704     0.8041     0.2531    372.708   78.83178  -10.25368  12.889516    32.9820    32.9797 0.0000e+00
     61.000    -1.4932    -1.4931   2.634769   2.634784    396.399    389.847     0.1704     0.7402     0.2409    373.744   78.83178  -10.25369  13.131882    33.0050    33.0051 0.0000e+00
     62.000    -1.4935    -1.4937   2.636886   2.636870    393.227    385.720     0.1704     0.6343     0.2231    374.783   78.83178  -10.25371  13.645668    33.0338    33.0338 0.0000e+00
     63.000    -1.4930    -1.4934   2.639886   2.639838    390.864    382.871     0.1702     0.5717     0.2130    375.825   78.83178  -10.25372  13.551384    33.0741    33.0738 0.0000e+00
     64.000    -1.4706    -1.4711   2.644803   2.645015    389.337    380.877     0.1701     0.5318     0.2045    376.874   78.83178  -10.25373  13.243562    33.1163    33.1197 0.0000e+00
     65.000    -1.3981    -1.3991   2.657362   2.657645    387.847    379.080     0.1699     0.4531     0.2000    377.926   78.83177  -10.25374  13.511103    33.2079    33.2128 0.0000e+00
     66.000    -1.3433    -1.3438   2.666820   2.666878    386.484    378.063     0.1697     0.3618     0.1967    378.995   78.83176  -10.25375  14.203251    33.2762    33.2776 0.0000e+00
     67.000    -1.3211    -1.3213   2.670703   2.670753    383.912    377.035     0.1694     0.2964     0.1925    380.077   78.83176  -10.25378  14.399399    33.3042    33.3051 0.0000e+00
     68.000    -1.2905    -1.2907   2.676083   2.676228    378.311    374.150     0.1691     0.2830     0.1890    381.161   78.83176  -10.25378  14.458305    33.3433    33.3455 0.0000e+00
     69.000    -1.2618    -1.2618   2.681363   2.681513    374.350    372.478     0.1688     0.3096     0.1897    382.248   78.83174  -10.25380  13.919105    33.3831    33.3851 0.0000e+00
     70.000    -1.2211    -1.2215   2.689225   2.689354    374.283    372.532     0.1685     0.3305     0.1924    383.322   78.83174  -10.25380  14.141575    33.4446    33.4469 0.0000e+00
     71.000    -1.1962    -1.1967   2.694503   2.694458    376.742    374.340     0.1682     0.3529     0.1948    384.379   78.83174  -10.25382  14.144054    33.4885    33.4884 0.0000e+00
     72.000    -1.1868    -1.1861   2.696811   2.697028    379.989    376.664     0.1678     0.3753     0.1984    385.422   78.83174  -10.25382  14.366809    33.5089    33.5111 0.0000e+00
     73.000    -1.1755    -1.1752   2.699887   2.699997    380.544    377.229     0.1674     0.3976     0.2026    386.454   78.83174  -10.25384  14.396926    33.5378    33.5389 0.0000e+00
     74.000    -1.1787    -1.1785   2.702162   2.702230    380.026    377.194     0.1670     0.3941     0.2052    387.472   78.83174  -10.25386  14.137723    33.5718    33.5725 0.0000e+00
     75.000    -1.1765    -1.1763   2.705611   2.705652    380.091    376.564     0.1667     0.3755     0.2036    388.482   78.83174  -10.25386  14.114170    33.6159    33.6162 0.0000e+00
     76.000    -1.1573    -1.1571   2.709666   2.709790    379.552    375.231     0.1662     0.3314     0.1996    389.492   78.83174  -10.25388  14.482228    33.6492    33.6507 0.0000e+00
     77.000    -1.1375    -1.1378   2.713998   2.713921    377.444    372.631     0.1658     0.2699     0.1931    390.516   78.83172  -10.25388  15.194388    33.6856    33.6849 0.0000e+00
     78.000    -1.1307    -1.1307   2.716015   2.716028    372.277    367.212     0.1654     0.2068     0.1861    391.574   78.83172  -10.25390  15.898178    33.7049    33.7051 0.0000e+00
     79.000    -1.1276    -1.1275   2.718080   2.718117    363.844    360.650     0.1649     0.1789     0.1810    392.659   78.83172  -10.25391  16.255903    33.7290    33.7294 0.0000e+00
     80.000    -1.1262    -1.1263   2.720800   2.720790    356.570    354.579     0.1645     0.1238     0.1767    393.756   78.83172  -10.25392  16.124373    33.7640    33.7639 0.0000e+00
     81.000    -1.1309    -1.1309   2.722621   2.722593    352.162    351.484     0.1640     0.1191     0.1716    394.848   78.83172  -10.25393  15.950504    33.7936    33.7932 0.0000e+00
     82.000    -1.1348    -1.1347   2.723375   2.723327    351.797    350.323     0.1635     0.1035     0.1689    395.928   78.83172  -10.25395  16.655242    33.8077    33.8069 0.0000e+00
     83.000    -1.1388    -1.1386   2.723554   2.723502    352.572    350.061     0.1629     0.0977     0.1658    396.982   78.83171  -10.25396  16.714809    33.8140    33.8131 0.0000e+00
     84.000    -1.1486    -1.1487   2.723337   2.723275    353.706    350.357     0.1624     0.1044     0.1650    398.004   78.83170  -10.25397  17.052459    33.8215    33.8208 0.0000e+00
     85.000    -1.1570    -1.1571   2.723158   2.723096    354.553    350.764     0.1618     0.0876     0.1641    398.999   78.83170  -10.25399  16.582225    33.8280    33.8272 0.0000e+00
     86.000    -1.1611    -1.1613   2.723000   2.722911    355.480    351.167     0.1612     0.0851     0.1635    399.974   78.83170  -10.25400  16.212774    33.8298    33.8287 0.0000e+00
     87.000    -1.1632    -1.1630   2.723294   2.723261    356.677    351.141     0.1606     0.0842     0.1633    400.949   78.83170  -10.25401  16.100876    33.8355    33.8348 0.0000e+00
