test_project/cnv_files/sta0251_bin.cnv
* Sea-Bird SBE 9 Data File:
* FileName = C:\Seabird\CTDDATA\Sta0251.hex
* Software Version Seasave V 7.26.7.107
* Temperature SN = 03-4535
* Conductivity SN = 2860
* Number of Bytes Per Scan = 44
* Number of Voltage Words = 5
* Number of Scans Averaged by the Deck Unit = 1
* NMEA Latitude = 78 50.01 N
* NMEA Longitude = 009 00.04 E
* NMEA UTC (Time) = Sep 15 2019 02:06:58
* NMEA baud rate = 9600
** Ship: "Kronprins Haakon"
** Station: 0251
** Echodepth: 213
** Log: 6533.22
** Wind-Dir Force(m/s): 14 06
** Air-temp (dry): 7.2
** Weather Sky: 1 4
** Sea Ice: 2 0
# nquan = 16
# nvalues = 206                         
# units = specified
# name 0 = prDM: Pressure, Digiquartz [db]
# name 1 = t090C: Temperature [ITS-90, deg C]
# name 2 = t190C: Temperature, 2 [ITS-90, deg C]
# name 3 = c0S/m: Conductivity [S/m]
# name 4 = c1S/m: Conductivity, 2 [S/m]
# name 5 = sbox0Mm/Kg: Oxygen, SBE 43 [umol/kg]
# name 6 = sbox1Mm/Kg: Oxygen, SBE 43, 2 [umol/kg]
# name 7 = wetCDOM: Fluorescence, WET Labs CDOM [mg/m^3]
# name 8 = flECO-AFL: Fluorescence, WET Labs ECO-AFL/FL [mg/m^3]
# name 9 = CStarAt0: Beam Attenuation, WET Labs C-Star [1/m]
# name 10 = timeS: Time, Elapsed [seconds]
# name 11 = latitude: Latitude [deg]
# name 12 = longitude: Longitude [deg]
# name 13 = sal00: Salinity, Practical [PSU]
# name 14 = sal11: Salinity, Practical, 2 [PSU]
# name 15 = flag: flag
# span 0 =      1.000,    206.000       
# span 1 =     3.7732,     6.4524       
# span 2 =     3.7723,     6.4519       
# span 3 =   3.243782,   3.470028       
# span 4 =   3.243725,   3.469969       
# span 5 =    300.474,    321.668       
# span 6 =    294.188,    311.124       
# span 7 =     0.0895,     0.1237       
# span 8 =     0.0023,     2.1514       
# span 9 =     0.1606,     0.5176       
# span 10 =    168.543,    384.991      
# span 11 =   78.83356,   78.83358      
# span 12 =    9.00071,    9.00082      
# span 13 =    34.6826,    35.0245      
# span 14 =    34.6843,    35.0239      
# span 15 = 0.0000e+00, 0.0000e+00      
# interval = decibars: 1                
# start_time = Sep 15 2019 02:06:58 [NMEA time, header]
# bad_flag = -9.990e-29
*END*
[from data line 91]
     92.000     5.0265     5.0255   3.353449   3.353393    312.378    303.283     0.1025     0.0265     0.1679    269.532   78.83356    9.00074    35.0148    35.0152 0.0000e+00
     93.000     5.0228     5.0218   3.353146   3.353117    313.381    303.472     0.1028     0.0339     0.1652    270.541   78.83356    9.00074    35.0146    35.0153 0.0000e+00
     94.000     5.0081     5.0079   3.351899   3.351863    314.929    304.026     0.1030     0.0348     0.1675    271.538   78.83356    9.00074    35.0151    35.0149 0.0000e+00
     95.000     4.9788     4.9784   3.349296   3.349267    315.954    304.747     0.1033     0.0316     0.1669    272.472   78.83356    9.00074    35.0152    35.0152 0.0000e+00
     96.000     4.9742     4.9733   3.348912   3.348888    315.419    304.764     0.1035     0.0316     0.1640    273.361   78.83356    9.00074    35.0150    35.0157 0.0000e+00
     97.000     4.9721     4.9712   3.348768   3.348753    314.662    304.579     0.1036     0.0310     0.1686    274.257   78.83356    9.00074    35.0150    35.0158 0.0000e+00
     98.000     4.9692     4.9683   3.348550   3.348538    315.067    304.908     0.1037     0.0255     0.1646    275.219   78.83356    9.00074    35.0150    35.0158 0.0000e+00
     99.000     4.9647     4.9638   3.348197   3.348162    314.567    305.167     0.1038     0.0368     0.1662    276.291   78.83356    9.00074    35.0151    35.0156 0.0000e+00
    100.000     4.9506     4.9498   3.346988   3.346935    313.786    305.209     0.1038     0.0326     0.1619    277.415   78.83356    9.00074    35.0153    35.0156 0.0000e+00
    101.000     4.9404     4.9391   3.346143   3.346068    313.218    305.172     0.1038     0.0381     0.1624    278.458   78.83356    9.00074    35.0157    35.0162 0.0000e+00
    102.000     4.9198     4.9196   3.344321   3.344297    312.450    305.222     0.1038     0.0332     0.1620    279.372   78.83356    9.00074    35.0158    35.0156 0.0000e+00
    103.000     4.9032     4.9025   3.342930   3.342891    312.104    305.110     0.1037     0.0277     0.1620    280.221   78.83356    9.00076    35.0165    35.0167 0.0000e+00
    104.000     4.8873     4.8870   3.341656   3.341640    312.131    305.284     0.1035     0.0243     0.1616    281.061   78.83356    9.00076    35.0178    35.0180 0.0000e+00
    105.000     4.8646     4.8648   3.339696   3.339691    313.111    305.590     0.1033     0.0235     0.1616    281.938   78.83356    9.00076    35.0184    35.0182 0.0000e+00
    106.000     4.8469     4.8460   3.338106   3.338081    313.609    305.446     0.1031     0.0175     0.1621    282.889   78.83356    9.00076    35.0180    35.0187 0.0000e+00
    107.000     4.8418     4.8411   3.337662   3.337634    313.591    305.629     0.1029     0.0176     0.1615    283.927   78.83356    9.00076    35.0178    35.0181 0.0000e+00
    108.000     4.8226     4.8227   3.335852   3.335861    314.161    305.700     0.1027     0.0296     0.1613    284.984   78.83356    9.00076    35.0164    35.0163 0.0000e+00
    109.000     4.7765     4.7773   3.331536   3.331541    314.823    305.956     0.1025     0.0257     0.1615    285.976   78.83356    9.00076    35.0141    35.0133 0.0000e+00
    110.000     4.7623     4.7625   3.330265   3.330309    314.287    305.859     0.1023     0.0243     0.1612    286.893   78.83356    9.00076    35.0138    35.0141 0.0000e+00
    111.000     4.7014     4.7023   3.324619   3.324585    314.018    305.907     0.1021     0.0243     0.1606    287.794   78.83356    9.00076    35.0115    35.0102 0.0000e+00
    112.000     4.6717     4.6715   3.321708   3.321639    314.582    306.032     0.1019     0.0219     0.1614    288.749   78.83356    9.00076    35.0083    35.0077 0.0000e+00
    113.000     4.6217     4.6253   3.316960   3.317219    315.926    306.302     0.1017     0.0196     0.1615    289.800   78.83356    9.00076    35.0051    35.0042 0.0000e+00
    114.000     4.5570     4.5592   3.310689   3.310804    317.580    307.150     0.1016     0.0218     0.1610    290.919   78.83356    9.00076    34.9994    34.9985 0.0000e+00
    115.000     4.4998     4.5002   3.305058   3.304988    318.166    307.492     0.1014     0.0170     0.1608    292.002   78.83356    9.00076    34.9933    34.9922 0.0000e+00
    116.000     4.4693     4.4676   3.302050   3.301957    318.477    307.715     0.1013     0.0170     0.1628    292.974   78.83356    9.00076    34.9898    34.9905 0.0000e+00
    117.000     4.4447     4.4449   3.299680   3.299686    319.064    307.778     0.1012     0.0177     0.1634    293.860   78.83356    9.00076    34.9875    34.9873 0.0000e+00
    118.000     4.4245     4.4246   3.298125   3.298119    320.569    308.511     0.1012     0.0291     0.1644    294.693   78.83356    9.00076    34.9900    34.9898 0.0000e+00
    119.000     4.4024     4.4013   3.296164   3.296106    321.648    309.112     0.1011     0.0273     0.1667    295.514   78.83356    9.00076    34.9898    34.9903 0.0000e+00
    120.000     4.3869     4.3875   3.294714   3.294768    321.668    308.950     0.1011     0.0221     0.1689    296.346   78.83356    9.00078    34.9886    34.9887 0.0000e+00
    121.000     4.3629     4.3627   3.292602   3.292619    321.204    308.780     0.1010     0.0177     0.1778    297.215   78.83356    9.00078    34.9887    34.9891 0.0000e+00
    122.000     4.3615     4.3616   3.292553   3.292620    320.117    308.885     0.1010     0.0241     0.1699    298.135   78.83356    9.00076    34.9890    34.9897 0.0000e+00
    123.000     4.3585     4.3577   3.292336   3.292324    319.928    309.171     0.1009     0.0303     0.1705    299.149   78.83356    9.00076    34.9891    34.9898 0.0000e+00
    124.000     4.3604     4.3594   3.292657   3.292636    319.594    309.504     0.1009     0.0253     0.1714    300.303   78.83356    9.00076    34.9903    34.9912 0.0000e+00
    125.000     4.3607     4.3598   3.292845   3.292840    318.706    309.552     0.1008     0.0232     0.1708    301.578   78.83356    9.00076    34.9917    34.9926 0.0000e+00
    126.000     4.3699     4.3688   3.294109   3.294134    317.703    309.313     0.1008     0.0185     0.1710    302.778   78.83356    9.00076    34.9963    34.9978 0.0000e+00
    127.000     4.3746     4.3737   3.294864   3.294847    316.903    309.778     0.1007     0.0232     0.1703    303.770   78.83356    9.00077    34.9997    35.0004 0.0000e+00
    128.000     4.3716     4.3709   3.294849   3.294826    316.529    309.953     0.1006     0.0174     0.1693    304.621   78.83356    9.00078    35.0022    35.0027 0.0000e+00
    129.000     4.3628     4.3618   3.294167   3.294091    316.163    309.815     0.1005     0.0170     0.1690    305.405   78.83356    9.00078    35.0029    35.0030 0.0000e+00
    130.000     4.3519     4.3508   3.293261   3.293190    315.551    309.514     0.1004     0.0191     0.1677    306.170   78.83356    9.00078    35.0032    35.0036 0.0000e+00
    131.000     4.3472     4.3461   3.292883   3.292849    315.071    308.858     0.1003     0.0241     0.1665    306.968   78.83356    9.00078    35.0032    35.0040 0.0000e+00
    132.000     4.3466     4.3459   3.292872   3.292871    315.343    308.537     0.1002     0.0243     0.1653    307.835   78.83356    9.00078    35.0032    35.0039 0.0000e+00
    133.000     4.3463     4.3452   3.292878   3.292831    316.270    308.732     0.1001     0.0242     0.1649    308.799   78.83356    9.00078    35.0030    35.0037 0.0000e+00
    134.000     4.3337     4.3323   3.291760   3.291676    316.830    309.155     0.1000     0.0192     0.1645    309.843   78.83356    9.00078    35.0027    35.0032 0.0000e+00
    135.000     4.3302     4.3294   3.291476   3.291462    316.519    309.305     0.1000     0.0222     0.1642    310.927   78.83356    9.00078    35.0026    35.0033 0.0000e+00
    136.000     4.3270     4.3264   3.291309   3.291305    316.032    309.424     0.1000     0.0191     0.1642    312.003   78.83356    9.00078    35.0035    35.0040 0.0000e+00
    137.000     4.3107     4.3117   3.290000   3.290093    316.259    309.610     0.1000     0.0170     0.1637    313.047   78.83356    9.00078    35.0047    35.0048 0.0000e+00
    138.000     4.2964     4.2960   3.288683   3.288669    316.285    309.619     0.1001     0.0126     0.1634    314.079   78.83356    9.00078    35.0039    35.0042 0.0000e+00
    139.000     4.2752     4.2750   3.286774   3.286761    316.196    309.354     0.1002     0.0136     0.1636    315.094   78.83356    9.00078    35.0033    35.0034 0.0000e+00
    140.000     4.2639     4.2634   3.285791   3.285781    315.838    309.134     0.1003     0.0139     0.1637    316.061   78.83356    9.00078    35.0031    35.0035 0.0000e+00
    141.000     4.2520     4.2510   3.284753   3.284648    316.282    308.989     0.1004     0.0096     0.1659    316.967   78.83356    9.00078    35.0030    35.0029 0.0000e+00
    142.000     4.2195     4.2187   3.281842   3.281702    316.983    309.213     0.1006     0.0096     0.1659    317.829   78.83356    9.00078    35.0026    35.0018 0.0000e+00
    143.000     4.1889     4.1887   3.279072   3.279058    317.087    309.404     0.1008     0.0097     0.1649    318.682   78.83356    9.00078    35.0018    35.0018 0.0000e+00
    144.000     4.1790     4.1781   3.278181   3.278133    316.798    308.946     0.1010     0.0144     0.1653    319.570   78.83356    9.00078    35.0012    35.0016 0.0000e+00
    145.000     4.1737     4.1729   3.277718   3.277696    316.868    308.643     0.1012     0.0244     0.1654    320.530   78.83356    9.00078    35.0009    35.0015 0.0000e+00
    146.000     4.1697     4.1692   3.277396   3.277391    317.820    308.911     0.1013     0.0283     0.1658    321.544   78.83356    9.00078    35.0008    35.0012 0.0000e+00
    147.000     4.1653     4.1644   3.277048   3.277017    318.440    309.134     0.1015     0.0215     0.1665    322.566   78.83356    9.00078    35.0008    35.0014 0.0000e+00
    148.000     4.1610     4.1605   3.276717   3.276694    317.980    308.956     0.1017     0.0146     0.1669    323.580   78.83356    9.00078    35.0009    35.0012 0.0000e+00
    149.000     4.1596     4.1586   3.276646   3.276615    317.181    308.960     0.1018     0.0116     0.1674    324.601   78.83356    9.00078    35.0011    35.0017 0.0000e+00
    150.000     4.1550     4.1543   3.276343   3.276305    316.764    308.910     0.1019     0.0170     0.1680    325.642   78.83356    9.00078    35.0017    35.0020 0.0000e+00
    151.000     4.1604     4.1584   3.277027   3.276890    316.774    308.592     0.1021     0.0158     0.1680    326.657   78.83356    9.00079    35.0036    35.0041 0.0000e+00
    152.000     4.1710     4.1679   3.278201   3.278000    316.529    308.637     0.1021     0.0101     0.1680    327.589   78.83356    9.00080    35.0057    35.0066 0.0000e+00
    153.000     4.1909     4.1894   3.280346   3.280282    315.943    308.967     0.1022     0.0156     0.1683    328.446   78.83356    9.00080    35.0094    35.0102 0.0000e+00
    154.000     4.1775     4.1767   3.279106   3.278944    315.650    309.506     0.1023     0.0094     0.1679    329.284   78.83356    9.00080    35.0084    35.0073 0.0000e+00
    155.000     4.1325     4.1327   3.274901   3.274924    315.552    309.743     0.1023     0.0072     0.1670    330.143   78.83356    9.00080    35.0059    35.0060 0.0000e+00
    156.000     4.1320     4.1317   3.275055   3.275072    314.754    309.196     0.1023     0.0141     0.1665    331.141   78.83356    9.00080    35.0077    35.0082 0.0000e+00
    157.000     4.1225     4.1225   3.274231   3.274190    315.577    308.979     0.1023     0.0099     0.1657    332.499   78.83356    9.00079    35.0076    35.0071 0.0000e+00
    158.000     4.0939     4.0941   3.271447   3.271479    316.338    308.988     0.1022     0.0160     0.1660    334.185   78.83356    9.00078    35.0044    35.0047 0.0000e+00
    159.000     4.0821     4.0823   3.270357   3.270393    315.458    308.922     0.1022     0.0171     0.1664    335.512   78.83356    9.00078    35.0036    35.0038 0.0000e+00
    160.000     4.0839     4.0840   3.270648   3.270738    315.394    309.089     0.1021     0.0160     0.1660    336.481   78.83356    9.00080    35.0046    35.0055 0.0000e+00
    161.000     4.0806     4.0797   3.270617   3.270549    315.977    309.343     0.1020     0.0100     0.1672    337.347   78.83356    9.00080    35.0071    35.0073 0.0000e+00
    162.000     4.0765     4.0760   3.270376   3.270347    316.361    309.399     0.1020     0.0096     0.1693    338.148   78.83356    9.00080    35.0081    35.0083 0.0000e+00
    163.000     4.0594     4.0590   3.268773   3.268719    316.489    309.234     0.1019     0.0096     0.1687    338.926   78.83356    9.00080    35.0068    35.0065 0.0000e+00
    164.000     4.0317     4.0326   3.266141   3.266049    316.637    309.304     0.1019     0.0090     0.1680    339.734   78.83356    9.00080    35.0045    35.0025 0.0000e+00
    165.000     3.9771     3.9764   3.260921   3.260830    316.819    309.375     0.1019     0.0028     0.1680    340.632   78.83356    9.00080    35.0002    34.9998 0.0000e+00
    166.000     3.9649     3.9646   3.259728   3.259620    315.327    308.671     0.1019     0.0026     0.1680    341.671   78.83356    9.00080    34.9985    34.9975 0.0000e+00
    167.000     3.9548     3.9555   3.258806   3.258875    315.628    308.695     0.1019     0.0098     0.1688    342.876   78.83356    9.00080    34.9977    34.9978 0.0000e+00
    168.000     3.9411     3.9411   3.257529   3.257556    317.690    308.907     0.1019     0.0168     0.1696    344.169   78.83356    9.00080    34.9966    34.9968 0.0000e+00
    169.000     3.9289     3.9280   3.256489   3.256426    318.205    309.053     0.1020     0.0170     0.1704    345.374   78.83356    9.00080    34.9967    34.9969 0.0000e+00
    170.000     3.9231     3.9226   3.256051   3.256032    317.388    308.772     0.1021     0.0170     0.1714    346.417   78.83356    9.00080    34.9971    34.9974 0.0000e+00
    171.000     3.9155     3.9146   3.255431   3.255372    317.143    308.796     0.1021     0.0170     0.1725    347.331   78.83356    9.00080    34.9973    34.9975 0.0000e+00
    172.000     3.9130     3.9124   3.255273   3.255242    316.917    308.725     0.1022     0.0170     0.1736    348.166   78.83356    9.00080    34.9975    34.9978 0.0000e+00
    173.000     3.9046     3.9040   3.254580   3.254541    316.552    308.626     0.1023     0.0170     0.1750    348.965   78.83356    9.00081    34.9977    34.9978 0.0000e+00
    174.000     3.8998     3.8988   3.254198   3.254141    316.600    308.793     0.1024     0.0170     0.1756    349.769   78.83356    9.00082    34.9977    34.9981 0.0000e+00
    175.000     3.8986     3.8976   3.254132   3.254091    316.406    308.711     0.1025     0.0154     0.1761    350.621   78.83356    9.00081    34.9977    34.9982 0.0000e+00
    176.000     3.8975     3.8965   3.254078   3.254017    316.332    308.490     0.1027     0.0039     0.1773    351.562   78.83356    9.00080    34.9977    34.9980 0.0000e+00
    177.000     3.8890     3.8888   3.253354   3.253331    317.114    308.572     0.1024     0.0150     0.1785    352.623   78.83356    9.00080    34.9975    34.9975 0.0000e+00
    178.000     3.8772     3.8776   3.252291   3.252327    316.733    309.005     0.1017     0.0107     0.1776    353.775   78.83356    9.00080    34.9970    34.9969 0.0000e+00
    179.000     3.8641     3.8626   3.251111   3.250998    315.959    309.008     0.1009     0.0173     0.1777    354.898   78.83356    9.00080    34.9964    34.9966 0.0000e+00
    180.000     3.8524     3.8529   3.250046   3.250070    315.605    308.821     0.1000     0.0229     0.1773    355.930   78.83356    9.00080    34.9956    34.9954 0.0000e+00
