test_project/cnv_files/sta0252_bin.cnv
* Sea-Bird SBE 9 Data File:
* FileName = C:\Seabird\CTDDATA\Sta0252.hex
* Software Version Seasave V 7.26.7.107
* Temperature SN = 03-4535
* Conductivity SN = 2860
* Number of Bytes Per Scan = 44
* Number of Voltage Words = 5
* Number of Scans Averaged by the Deck Unit = 1
* NMEA Latitude = 78 49.96 N
* NMEA Longitude = 009 30.24 E
* NMEA UTC (Time) = Sep 15 2019 03:26:57
* NMEA baud rate = 9600
** Ship: "Kronprins Haakon"
** Station: 0252
** Echodepth: 167
** Log: 6539.12
** Wind-Dir Force(m/s): 10 13
** Air-temp (dry): 6.7
** Weather Sky: 1 4
** Sea Ice: 2 0
# nquan = 16
# nvalues = 158                         
# units = specified
# name 0 = prDM: Pressure, Digiquartz [db]
# name 1 = t090C: Temperature [ITS-90, deg C]
# name 2 = t190C: Temperature, 2 [ITS-90, deg C]
# name 3 = c0S/m: Conductivity [S/m]
# name 4 = c1S/m: Conductivity, 2 [S/m]
# name 5 = sbox0Mm/Kg: Oxygen, SBE 43 [umol/kg]
# name 6 = sbox1Mm/Kg: Oxygen, SBE 43, 2 [umol/kg]
# name 7 = wetCDOM: Fluorescence, WET Labs CDOM [mg/m^3]
# name 8 = flECO-AFL: Fluorescence, WET Labs ECO-AFL/FL [mg/m^3]
# name 9 = CStarAt0: Beam Attenuation, WET Labs C-Star [1/m]
# name 10 = timeS: Time, Elapsed [seconds]
# name 11 = latitude: Latitude [deg]
# name 12 = longitude: Longitude [deg]
# name 13 = sal00: Salinity, Practical [PSU]
# name 14 = sal11: Salinity, Practical, 2 [PSU]
# name 15 = flag: flag
# span 0 =      1.000,    158.000       
# span 1 =     4.0741,     5.4970       
# span 2 =     4.0734,     5.4957       
# span 3 =   3.267839,   3.350190       
# span 4 =   3.267801,   3.350120       
# span 5 =    316.111,    342.696       
# span 6 =    309.557,    328.526       
# span 7 =     0.0856,     0.1362       
# span 8 =     0.0105,     1.3707       
# span 9 =     0.1850,     0.6129       
# span 10 =     54.280,    220.185      
# span 11 =   78.83270,   78.83272      
# span 12 =    9.50408,    9.50414      
# span 13 =    34.0226,    34.9904      
# span 14 =    34.0255,    34.9906      
# span 15 = 0.0000e+00, 0.0000e+00      
# interval = decibars: 1                
# start_time = Sep 15 2019 03:26:57 [NMEA time, header]
# bad_flag = -9.990e-29
*END*
      1.000     5.3366     5.3399   3.291059   3.291607    326.701    322.509     0.1362     1.3707     0.4350     54.280   78.83270    9.50414    34.0226    34.0255 0.0000e+00
      2.000     5.3358     5.3392   3.291055   3.291636    326.568    322.398     0.1359     1.2511     0.4349     55.215   78.83270    9.50412    34.0228    34.0260 0.0000e+00
      3.000     5.3460     5.3461   3.292706   3.292917    327.380    322.397     0.1353     1.2207     0.4696     56.666   78.83270    9.50412    34.0309    34.0331 0.0000e+00
      4.000     5.3470     5.3456   3.293039   3.293003    327.428    323.558     0.1334     1.2852     0.6129     61.319   78.83272    9.50412    34.0331    34.0342 0.0000e+00
      5.000     5.3864     5.3828   3.299422   3.298976    328.133    323.292     0.1335     1.2406     0.4868     62.380   78.83272    9.50412    34.0657    34.0643 0.0000e+00
      6.000     5.3797     5.3787   3.298360   3.298156    329.175    323.693     0.1349     1.2154     0.4514     63.549   78.83272    9.50412    34.0598    34.0585 0.0000e+00
      7.000     5.3622     5.3671   3.295483   3.296289    328.232    323.204     0.1351     1.2551     0.4329     65.119   78.83272    9.50412    34.0441    34.0484 0.0000e+00
      8.000     5.3837     5.3812   3.299061   3.298812    326.977    322.320     0.1353     1.2768     0.4278     66.300   78.83272    9.50412    34.0627    34.0624 0.0000e+00
      9.000     5.3958     5.3949   3.300989   3.300909    327.509    322.549     0.1356     1.2187     0.4265     67.197   78.83270    9.50412    34.0720    34.0720 0.0000e+00
     10.000     5.3987     5.3978   3.301433   3.301374    328.014    322.850     0.1358     1.1667     0.4229     68.085   78.83270    9.50412    34.0736    34.0738 0.0000e+00
     11.000     5.4015     5.4004   3.301864   3.301774    328.137    322.861     0.1359     1.1591     0.4196     69.137   78.83272    9.50410    34.0752    34.0753 0.0000e+00
     12.000     5.4023     5.4015   3.301978   3.301907    328.121    322.892     0.1358     1.1932     0.4168     70.349   78.83272    9.50410    34.0752    34.0752 0.0000e+00
     13.000     5.4059     5.4052   3.302417   3.302405    327.859    322.869     0.1355     1.2040     0.4177     71.575   78.83272    9.50412    34.0760    34.0766 0.0000e+00
     14.000     5.4098     5.4089   3.302917   3.302852    327.660    322.515     0.1351     1.1931     0.4155     72.628   78.83272    9.50412    34.0773    34.0774 0.0000e+00
     15.000     5.4066     5.4055   3.302749   3.302634    328.078    322.493     0.1345     1.1809     0.4166     73.503   78.83272    9.50412    34.0781    34.0779 0.0000e+00
     16.000     5.4207     5.4192   3.304503   3.304479    328.260    322.552     0.1337     1.1697     0.4177     74.291   78.83272    9.50412    34.0832    34.0845 0.0000e+00
     17.000     5.4045     5.4100   3.303047   3.303496    328.393    322.726     0.1329     1.0986     0.4170     75.066   78.83272    9.50412    34.0826    34.0821 0.0000e+00
     18.000     5.3922     5.3922   3.301966   3.301978    328.655    322.822     0.1321     1.0574     0.4155     75.880   78.83272    9.50412    34.0821    34.0823 0.0000e+00
     19.000     5.3915     5.3904   3.301958   3.301907    328.320    322.122     0.1313     1.0387     0.4181     76.778   78.83272    9.50411    34.0823    34.0829 0.0000e+00
     20.000     5.3920     5.3911   3.302152   3.302097    328.501    321.706     0.1305     1.0214     0.4087     77.795   78.83272    9.50410    34.0835    34.0837 0.0000e+00
     21.000     5.3924     5.3916   3.302242   3.302192    329.317    321.786     0.1298     1.0237     0.4064     78.926   78.83272    9.50410    34.0836    34.0838 0.0000e+00
     22.000     5.3933     5.3925   3.302401   3.302344    329.406    322.029     0.1290     1.0369     0.4068     80.070   78.83272    9.50410    34.0840    34.0842 0.0000e+00
     23.000     5.3936     5.3927   3.302472   3.302439    328.870    321.988     0.1283     1.0400     0.3980     81.121   78.83272    9.50410    34.0839    34.0845 0.0000e+00
     24.000     5.3990     5.3981   3.303157   3.303128    328.283    322.105     0.1276     1.0255     0.3948     82.087   78.83272    9.50410    34.0858    34.0864 0.0000e+00
     25.000     5.4122     5.4114   3.304705   3.304696    328.295    321.850     0.1271     0.9937     0.3935     83.003   78.83272    9.50412    34.0895    34.0903 0.0000e+00
     26.000     5.4164     5.4157   3.305278   3.305242    328.510    321.719     0.1265     0.9691     0.3924     83.895   78.83272    9.50412    34.0913    34.0917 0.0000e+00
     27.000     5.4169     5.4162   3.305424   3.305383    328.678    321.820     0.1260     0.9494     0.3881     84.819   78.83272    9.50412    34.0919    34.0922 0.0000e+00
     28.000     5.4172     5.4163   3.305553   3.305509    328.800    321.804     0.1255     0.9513     0.3846     85.837   78.83272    9.50411    34.0926    34.0930 0.0000e+00
     29.000     5.4249     5.4244   3.306541   3.306567    328.141    321.374     0.1250     0.9577     0.3851     86.950   78.83272    9.50410    34.0956    34.0964 0.0000e+00
     30.000     5.4307     5.4299   3.307505   3.307463    327.777    321.232     0.1245     0.9243     0.3891     88.021   78.83272    9.50410    34.1002    34.1006 0.0000e+00
     31.000     5.4351     5.4340   3.308482   3.308453    327.742    321.215     0.1241     0.8601     0.3908     88.950   78.83272    9.50410    34.1064    34.1071 0.0000e+00
     32.000     5.4340     5.4333   3.309704   3.309651    327.658    321.031     0.1237     0.7842     0.3776     89.776   78.83272    9.50410    34.1210    34.1211 0.0000e+00
     33.000     5.4371     5.4362   3.311751   3.311743    327.478    321.026     0.1233     0.7531     0.3747     90.585   78.83272    9.50410    34.1406    34.1415 0.0000e+00
     34.000     5.4386     5.4373   3.312606   3.312475    327.989    321.355     0.1228     0.7248     0.3684     91.455   78.83272    9.50410    34.1484    34.1482 0.0000e+00
     35.000     5.4429     5.4418   3.313552   3.313473    328.632    321.704     0.1224     0.7171     0.3568     92.461   78.83272    9.50410    34.1544    34.1545 0.0000e+00
     36.000     5.4496     5.4483   3.316098   3.315974    328.519    322.295     0.1219     0.7288     0.3500     93.598   78.83272    9.50410    34.1762    34.1760 0.0000e+00
     37.000     5.4581     5.4568   3.319613   3.319566    329.014    322.561     0.1215     0.7138     0.3439     94.752   78.83272    9.50410    34.2071    34.2079 0.0000e+00
     38.000     5.4690     5.4678   3.322860   3.322729    329.425    322.825     0.1210     0.6904     0.3403     95.790   78.83272    9.50410    34.2326    34.2324 0.0000e+00
     39.000     5.4787     5.4771   3.327418   3.327219    329.495    323.079     0.1206     0.6583     0.3373     96.720   78.83272    9.50410    34.2743    34.2736 0.0000e+00
     40.000     5.4897     5.4889   3.337563   3.337404    329.341    322.880     0.1201     0.6202     0.3317     97.612   78.83272    9.50410    34.3785    34.3775 0.0000e+00
     41.000     5.4749     5.4751   3.339827   3.339739    329.592    323.132     0.1196     0.5849     0.3275     98.512   78.83272    9.50410    34.4190    34.4179 0.0000e+00
     42.000     5.4747     5.4739   3.342510   3.342455    330.319    323.576     0.1192     0.5537     0.3196     99.428   78.83272    9.50410    34.4494    34.4496 0.0000e+00
     43.000     5.4970     5.4957   3.348968   3.348885    331.563    324.175     0.1187     0.5393     0.3092    100.350   78.83272    9.50410    34.4998    34.5003 0.0000e+00
     44.000     5.4796     5.4815   3.350190   3.350120    333.047    325.733     0.1182     0.5271     0.3015    101.286   78.83272    9.50410    34.5312    34.5285 0.0000e+00
     45.000     5.3781     5.3795   3.343896   3.343814    334.511    327.284     0.1177     0.5091     0.2918    102.283   78.83272    9.50410    34.5632    34.5609 0.0000e+00
     46.000     5.3083     5.3096   3.341167   3.341110    333.289    327.075     0.1172     0.4745     0.2843    103.382   78.83272    9.50410    34.6035    34.6014 0.0000e+00
     47.000     5.2535     5.2668   3.337677   3.338082    334.179    326.759     0.1167     0.4622     0.2711    104.977   78.83272    9.50410    34.6195    34.6103 0.0000e+00
     48.000     5.1527     5.1621   3.331210   3.331728    339.664    328.526     0.1161     0.5337     0.2513    107.628   78.83272    9.50410    34.6489    34.6451 0.0000e+00
     49.000     5.1002     5.0998   3.327740   3.327669    336.630    327.241     0.1156     0.4277     0.2490    108.886   78.83272    9.50410    34.6629    34.6625 0.0000e+00
     50.000     5.0740     5.0742   3.326302   3.326220    336.027    326.907     0.1151     0.3697     0.2400    109.874   78.83272    9.50410    34.6730    34.6718 0.0000e+00
     51.000     4.9796     4.9838   3.319268   3.319177    338.480    327.586     0.1145     0.3446     0.2332    110.816   78.83272    9.50410    34.6893    34.6838 0.0000e+00
     52.000     4.8339     4.8361   3.307481   3.307458    339.791    328.426     0.1139     0.3179     0.2309    111.742   78.83272    9.50410    34.7039    34.7013 0.0000e+00
     53.000     4.8208     4.8208   3.308460   3.308403    336.902    326.811     0.1134     0.2753     0.2322    112.661   78.83272    9.50410    34.7285    34.7278 0.0000e+00
     54.000     4.7666     4.7675   3.306281   3.306237    337.593    326.429     0.1128     0.2442     0.2257    113.655   78.83272    9.50410    34.7593    34.7578 0.0000e+00
     55.000     4.7066     4.7077   3.301398   3.301340    342.447    326.657     0.1122     0.1952     0.2214    114.720   78.83272    9.50409    34.7647    34.7629 0.0000e+00
     56.000     4.5422     4.5482   3.287026   3.286868    342.696    325.786     0.1116     0.1711     0.2156    115.835   78.83272    9.50408    34.7686    34.7604 0.0000e+00
     57.000     4.4180     4.4173   3.275883   3.275826    338.375    322.947     0.1110     0.1527     0.2113    116.949   78.83272    9.50408    34.7679    34.7680 0.0000e+00
     58.000     4.4077     4.4069   3.275031   3.274993    335.648    320.266     0.1104     0.1081     0.2075    117.992   78.83272    9.50409    34.7682    34.7686 0.0000e+00
     59.000     4.3982     4.3972   3.274306   3.274257    339.039    320.056     0.1098     0.1113     0.2068    118.958   78.83272    9.50410    34.7692    34.7696 0.0000e+00
     60.000     4.3886     4.3879   3.273581   3.273524    341.134    320.063     0.1092     0.1067     0.2041    119.882   78.83272    9.50410    34.7702    34.7703 0.0000e+00
     61.000     4.3629     4.3631   3.271451   3.271452    340.147    320.276     0.1086     0.0963     0.2043    120.818   78.83272    9.50410    34.7717    34.7715 0.0000e+00
     62.000     4.3482     4.3477   3.270424   3.270389    336.113    320.376     0.1081     0.0984     0.2040    121.817   78.83272    9.50410    34.7746    34.7747 0.0000e+00
     63.000     4.3291     4.3284   3.269491   3.269443    332.162    320.378     0.1076     0.1015     0.2022    122.859   78.83272    9.50410    34.7833    34.7833 0.0000e+00
     64.000     4.3203     4.3192   3.269250   3.269215    330.407    320.410     0.1071     0.0928     0.2173    123.821   78.83272    9.50409    34.7891    34.7899 0.0000e+00
     65.000     4.3205     4.3197   3.270070   3.270061    329.809    320.159     0.1067     0.0815     0.2058    124.778   78.83272    9.50408    34.7980    34.7988 0.0000e+00
     66.000     4.3219     4.3210   3.270389   3.270366    329.403    319.903     0.1063     0.0768     0.2027    125.737   78.83272    9.50408    34.7998    34.8005 0.0000e+00
     67.000     4.3220     4.3210   3.270508   3.270466    328.877    319.487     0.1059     0.0829     0.2080    126.706   78.83272    9.50409    34.8006    34.8011 0.0000e+00
     68.000     4.3199     4.3191   3.270623   3.270592    327.814    319.157     0.1056     0.0837     0.2158    127.678   78.83272    9.50410    34.8036    34.8041 0.0000e+00
     69.000     4.3186     4.3178   3.270764   3.270735    326.669    318.948     0.1053     0.0775     0.2026    128.656   78.83272    9.50410    34.8060    34.8065 0.0000e+00
     70.000     4.3171     4.3163   3.270942   3.270915    326.700    318.966     0.1050     0.0807     0.2030    129.643   78.83272    9.50410    34.8092    34.8098 0.0000e+00
     71.000     4.3163     4.3155   3.271200   3.271184    326.159    318.598     0.1048     0.0784     0.2028    130.632   78.83272    9.50410    34.8125    34.8133 0.0000e+00
     72.000     4.3162     4.3153   3.271688   3.271668    325.644    318.274     0.1046     0.0756     0.2015    131.623   78.83272    9.50410    34.8179    34.8186 0.0000e+00
     73.000     4.3159     4.3150   3.271927   3.271906    325.266    318.272     0.1045     0.0787     0.2019    132.605   78.83272    9.50409    34.8205    34.8212 0.0000e+00
     74.000     4.3190     4.3179   3.272687   3.272674    325.176    317.802     0.1044     0.0829     0.2005    133.584   78.83272    9.50408    34.8256    34.8266 0.0000e+00
     75.000     4.3255     4.3244   3.274609   3.274614    324.951    317.592     0.1043     0.0832     0.2005    134.559   78.83272    9.50408    34.8409    34.8422 0.0000e+00
     76.000     4.3301     4.3292   3.276900   3.276877    324.856    317.867     0.1042     0.0832     0.2013    135.533   78.83272    9.50409    34.8625    34.8632 0.0000e+00
     77.000     4.3309     4.3300   3.277173   3.277147    324.574    317.976     0.1042     0.0760     0.2009    136.506   78.83272    9.50410    34.8644    34.8650 0.0000e+00
     78.000     4.3324     4.3313   3.277554   3.277513    323.476    317.181     0.1042     0.0698     0.2003    137.489   78.83272    9.50410    34.8668    34.8674 0.0000e+00
     79.000     4.3337     4.3328   3.278001   3.277948    322.612    315.919     0.1042     0.0743     0.2005    138.476   78.83272    9.50410    34.8701    34.8704 0.0000e+00
     80.000     4.3358     4.3351   3.278572   3.278581    322.285    315.528     0.1043     0.0761     0.2004    139.465   78.83272    9.50410    34.8741    34.8749 0.0000e+00
     81.000     4.3392     4.3383   3.279112   3.279082    322.000    315.322     0.1043     0.0715     0.1996    140.452   78.83272    9.50410    34.8763    34.8769 0.0000e+00
     82.000     4.3543     4.3501   3.281053   3.280693    321.666    315.047     0.1044     0.0656     0.1994    141.432   78.83272    9.50410    34.8827    34.8829 0.0000e+00
     83.000     4.3788     4.3797   3.284063   3.284445    321.385    314.752     0.1045     0.0617     0.2018    142.401   78.83272    9.50410    34.8917    34.8952 0.0000e+00
     84.000     4.4055     4.4060   3.287450   3.287613    321.568    314.655     0.1046     0.0641     0.2016    143.366   78.83272    9.50410    34.9028    34.9042 0.0000e+00
     85.000     4.4112     4.4100   3.288344   3.288268    321.029    314.513     0.1048     0.0663     0.2019    144.330   78.83272    9.50410    34.9067    34.9071 0.0000e+00
     86.000     4.4126     4.4116   3.288924   3.288868    319.689    313.794     0.1049     0.0536     0.2035    145.300   78.83272    9.50410    34.9116    34.9119 0.0000e+00
     87.000     4.4091     4.4085   3.288744   3.288705    318.486    312.861     0.1051     0.0476     0.2081    146.272   78.83270    9.50410    34.9126    34.9128 0.0000e+00
     88.000     4.4070     4.4061   3.288652   3.288615    317.572    312.308     0.1053     0.0601     0.2117    147.252   78.83270    9.50410    34.9132    34.9137 0.0000e+00
     89.000     4.4085     4.4078   3.288843   3.288834    317.174    312.058     0.1055     0.0559     0.2139    148.245   78.83272    9.50410    34.9134    34.9140 0.0000e+00
     90.000     4.4105     4.4098   3.289128   3.289124    317.437    311.844     0.1057     0.0536     0.2160    149.249   78.83272    9.50410    34.9140    34.9147 0.0000e+00
