test_project/cnv_files/Sta0214_bin.cnv
* Sea-Bird SBE 9 Data File:
* FileName = C:\Seabird\CTDDATA\Sta0214.hex
* Software Version Seasave V 7.26.7.107
* Temperature SN = 03-4535
* Conductivity SN = 2860
* Number of Bytes Per Scan = 44
* Number of Voltage Words = 5
* Number of Scans Averaged by the Deck Unit = 1
* NMEA Latitude = 78 50.00 N
* NMEA Longitude = 010 59.97 W
* NMEA UTC (Time) = Sep 05 2019 22:21:07
* NMEA baud rate = 9600
** Ship: "Kronprins Haakon"
** Station: 0214
** Echodepth: 327
** Log: 5943.854
** Wind-Dir Force(m/s): 01 12
** Air-temp (dry): -1.1
** Weather Sky: 1 6
** Sea Ice: 1 4
# nquan = 17
# nvalues = 315                         
# units = specified
# name 0 = prDM: Pressure, Digiquartz [db]
# name 1 = t090C: Temperature [ITS-90, deg C]
# name 2 = t190C: Temperature, 2 [ITS-90, deg C]
# name 3 = c0S/m: Conductivity [S/m]
# name 4 = c1S/m: Conductivity, 2 [S/m]
# name 5 = sbox0Mm/Kg: Oxygen, SBE 43 [umol/kg]
# name 6 = sbox1Mm/Kg: Oxygen, SBE 43, 2 [umol/kg]
# name 7 = wetCDOM: Fluorescence, WET Labs CDOM [mg/m^3]
# name 8 = flECO-AFL: Fluorescence, WET Labs ECO-AFL/FL [mg/m^3]
# name 9 = CStarAt0: Beam Attenuation, WET Labs C-Star [1/m]
# name 10 = timeS: Time, Elapsed [seconds]
# name 11 = latitude: Latitude [deg]
# name 12 = longitude: Longitude [deg]
# name 13 = upoly0: Upoly 0, ISUS
# name 14 = sal00: Salinity, Practical [PSU]
# name 15 = sal11: Salinity, Practical, 2 [PSU]
# name 16 = flag: flag
# span 0 =      2.000,    316.000       
# span 1 =    -1.7132,     1.2584       
# span 2 =    -1.7135,     1.2574       
# span 3 =   2.447466,   3.012457       
# span 4 =   2.447321,   3.012344       
# span 5 =    301.716,    428.998       
# span 6 =    297.753,    424.962       
# span 7 =     0.1177,     0.1793       
# span 8 =     0.0020,     0.8844       
# span 9 =     0.1501,     0.4336       
# span 10 =    234.001,    560.437      
# span 11 =   78.83334,   78.83336      
# span 12 =  -10.99966,  -10.99958      
# span 13 =  13.987288,  26.292937      
# span 14 =    30.0989,    34.8105      
# span 15 =    30.1012,    34.8102      
# span 16 = 0.0000e+00, 0.0000e+00      
# interval = decibars: 1                
# start_time = Sep 05 2019 22:21:07 [NMEA time, header]
# bad_flag = -9.990e-29
*END*
      2.000    -1.1350    -1.1341   2.447673   2.447628    396.924    395.282     0.1370     0.5441     0.2833    234.001   78.83336  -10.99966  13.987288    30.1100    30.1085 0.0000e+00
      3.000    -1.1347    -1.1353   2.447536   2.447504    397.675    394.520     0.1403     0.4831     0.2806    235.243   78.83336  -10.99966  14.558747    30.1073    30.1075 0.0000e+00
      4.000    -1.1278    -1.1297   2.447466   2.447494    397.635    394.222     0.1430     0.4323     0.2804    236.200   78.83336  -10.99966  14.714078    30.0989    30.1012 0.0000e+00
      5.000    -1.1398    -1.1371   2.447471   2.447321    398.712    394.255     0.1464     0.4191     0.2845    237.267   78.83336  -10.99966  14.725158    30.1104    30.1057 0.0000e+00
      6.000    -1.1511    -1.1506   2.448054   2.448035    400.234    394.729     0.1501     0.4280     0.2836    238.341   78.83336  -10.99966  14.418916    30.1291    30.1283 0.0000e+00
      7.000    -1.1512    -1.1513   2.448249   2.448163    399.828    394.876     0.1508     0.4365     0.2837    239.405   78.83336  -10.99966  14.412274    30.1312    30.1302 0.0000e+00
      8.000    -1.1440    -1.1499   2.448204   2.448329    400.105    395.322     0.1519     0.4274     0.2844    240.458   78.83336  -10.99966  15.123094    30.1228    30.1305 0.0000e+00
      9.000    -1.1493    -1.1499   2.448463   2.448390    400.959    396.476     0.1523     0.4418     0.2827    241.506   78.83336  -10.99966  15.174913    30.1311    30.1307 0.0000e+00
     10.000    -1.1589    -1.1597   2.448504   2.448456    401.171    397.718     0.1518     0.4542     0.2830    242.555   78.83336  -10.99966  14.441783    30.1407    30.1409 0.0000e+00
     11.000    -1.1771    -1.1769   2.448617   2.448569    401.433    398.324     0.1506     0.4575     0.2831    243.612   78.83336  -10.99966  14.561739    30.1600    30.1591 0.0000e+00
     12.000    -1.1859    -1.1855   2.449101   2.449030    401.432    398.288     0.1489     0.4697     0.2836    244.667   78.83336  -10.99966  14.551377    30.1749    30.1735 0.0000e+00
     13.000    -1.1925    -1.1926   2.450684   2.450610    401.824    398.337     0.1471     0.4922     0.2831    245.723   78.83336  -10.99966  14.257212    30.2023    30.2015 0.0000e+00
     14.000    -1.1947    -1.1950   2.451642   2.451582    402.500    398.462     0.1457     0.5232     0.2845    246.781   78.83336  -10.99966  14.590133    30.2170    30.2164 0.0000e+00
     15.000    -1.1953    -1.1952   2.451935   2.451872    403.515    399.066     0.1448     0.5452     0.2856    247.843   78.83336  -10.99966  14.998106    30.2209    30.2200 0.0000e+00
     16.000    -1.1962    -1.1966   2.452301   2.452227    404.211    399.253     0.1449     0.5524     0.2879    248.915   78.83336  -10.99966  14.725244    30.2263    30.2257 0.0000e+00
     17.000    -1.1965    -1.1965   2.453011   2.452922    404.043    399.163     0.1459     0.5547     0.2897    249.983   78.83336  -10.99966  14.394210    30.2356    30.2344 0.0000e+00
     18.000    -1.1726    -1.1781   2.457097   2.456571    403.718    398.533     0.1478     0.5603     0.2915    251.050   78.83336  -10.99966  14.541780    30.2661    30.2645 0.0000e+00
     19.000    -1.0600    -1.0641   2.486947   2.485492    402.045    396.720     0.1504     0.5662     0.2929    252.124   78.83336  -10.99966  14.632434    30.5541    30.5387 0.0000e+00
     20.000    -0.9980    -1.0049   2.518122   2.515019    402.777    396.880     0.1534     0.5464     0.2926    253.193   78.83336  -10.99966  14.521916    30.9104    30.8757 0.0000e+00
     21.000    -0.9508    -0.9519   2.546805   2.547444    403.629    397.037     0.1562     0.5412     0.2947    254.247   78.83336  -10.99966  14.587408    31.2476    31.2573 0.0000e+00
     22.000    -0.8937    -0.8919   2.583413   2.584626    402.656    398.675     0.1586     0.5565     0.2945    255.279   78.83336  -10.99966  14.946416    31.6806    31.6951 0.0000e+00
     23.000    -0.8912    -0.8912   2.589476   2.589330    407.140    404.876     0.1603     0.5817     0.2939    256.312   78.83336  -10.99966  14.322309    31.7592    31.7572 0.0000e+00
     24.000    -0.8967    -0.8966   2.591274   2.591271    413.827    411.969     0.1615     0.6176     0.2936    257.365   78.83336  -10.99966  14.940301    31.7887    31.7886 0.0000e+00
     25.000    -0.9095    -0.9090   2.593083   2.593002    420.892    418.833     0.1621     0.6237     0.2885    258.418   78.83336  -10.99966  14.960027    31.8261    31.8244 0.0000e+00
     26.000    -0.9243    -0.9256   2.593183   2.593047    428.207    423.955     0.1622     0.6595     0.2808    260.828   78.83336  -10.99966  14.788941    31.8425    31.8420 0.0000e+00
     27.000    -0.9893    -0.9866   2.591028   2.591022    428.998    424.962     0.1620     0.6613     0.2834    263.139   78.83336  -10.99966  14.543463    31.8817    31.8787 0.0000e+00
     28.000    -1.0316    -1.0305   2.588743   2.588691    426.802    423.724     0.1618     0.6509     0.2701    264.297   78.83336  -10.99966  14.434292    31.8950    31.8932 0.0000e+00
     29.000    -1.0691    -1.0662   2.586822   2.586806    426.121    422.975     0.1616     0.6581     0.2637    265.317   78.83336  -10.99966  14.731673    31.9084    31.9050 0.0000e+00
     30.000    -1.1497    -1.1479   2.581930   2.581875    427.099    422.838     0.1617     0.6857     0.2623    266.349   78.83336  -10.99966  14.351263    31.9272    31.9245 0.0000e+00
     31.000    -1.2110    -1.2089   2.578083   2.578061    426.743    421.648     0.1620     0.7639     0.2619    267.377   78.83336  -10.99966  14.570047    31.9396    31.9371 0.0000e+00
     32.000    -1.2560    -1.2544   2.575427   2.575377    425.209    420.177     0.1625     0.8578     0.2621    268.418   78.83336  -10.99966  14.949966    31.9509    31.9485 0.0000e+00
     33.000    -1.2992    -1.2980   2.572699   2.572634    425.334    418.851     0.1631     0.8844     0.2645    269.456   78.83336  -10.99966  14.808595    31.9593    31.9572 0.0000e+00
     34.000    -1.3456    -1.3452   2.569701   2.569621    425.691    417.874     0.1636     0.6834     0.2674    270.501   78.83336  -10.99966  14.259861    31.9674    31.9659 0.0000e+00
     35.000    -1.3655    -1.3643   2.568515   2.568485    424.050    415.618     0.1641     0.6073     0.2685    271.540   78.83336  -10.99966  14.291287    31.9719    31.9702 0.0000e+00
     36.000    -1.3994    -1.3990   2.566693   2.566628    422.786    414.442     0.1646     0.5782     0.2661    272.566   78.83336  -10.99966  14.850787    31.9827    31.9814 0.0000e+00
     37.000    -1.4066    -1.4066   2.566788   2.566721    421.333    413.065     0.1651     0.5462     0.2641    273.595   78.83336  -10.99966  15.392651    31.9912    31.9903 0.0000e+00
     38.000    -1.4281    -1.4273   2.565421   2.565383    420.379    411.908     0.1656     0.4981     0.2559    274.615   78.83336  -10.99966  15.264430    31.9949    31.9935 0.0000e+00
     39.000    -1.4285    -1.4293   2.565932   2.565837    419.070    410.776     0.1661     0.4772     0.2496    275.640   78.83336  -10.99966  15.236873    32.0017    32.0012 0.0000e+00
     40.000    -1.4700    -1.4683   2.563388   2.563365    417.587    409.935     0.1666     0.4536     0.2450    276.664   78.83336  -10.99966  15.502877    32.0108    32.0087 0.0000e+00
     41.000    -1.4867    -1.4864   2.562413   2.562372    415.497    408.739     0.1670     0.4271     0.2401    277.693   78.83336  -10.99966  15.816577    32.0148    32.0139 0.0000e+00
     42.000    -1.5067    -1.5062   2.561442   2.561405    413.242    407.261     0.1674     0.4181     0.2340    278.728   78.83336  -10.99966  15.929181    32.0224    32.0214 0.0000e+00
     43.000    -1.5100    -1.5101   2.561708   2.561659    411.749    405.932     0.1678     0.4241     0.2292    279.769   78.83336  -10.99966  15.779705    32.0290    32.0284 0.0000e+00
     44.000    -1.5125    -1.5124   2.561981   2.561914    410.957    404.566     0.1682     0.4276     0.2254    280.822   78.83336  -10.99966  15.694297    32.0348    32.0338 0.0000e+00
     45.000    -1.5288    -1.5284   2.562024   2.561968    410.077    403.367     0.1685     0.4322     0.2228    281.883   78.83336  -10.99966  15.968874    32.0524    32.0511 0.0000e+00
     46.000    -1.5415    -1.5414   2.561814   2.561754    408.263    402.193     0.1689     0.4044     0.2211    282.945   78.83336  -10.99966  16.233170    32.0625    32.0616 0.0000e+00
     47.000    -1.5501    -1.5501   2.561468   2.561407    406.200    400.777     0.1692     0.3692     0.2193    283.992   78.83336  -10.99966  16.305459    32.0664    32.0656 0.0000e+00
     48.000    -1.5640    -1.5629   2.560830   2.560816    404.191    399.042     0.1695     0.3595     0.2148    285.027   78.83336  -10.99966  16.805917    32.0721    32.0707 0.0000e+00
     49.000    -1.6174    -1.6167   2.557631   2.557592    402.439    397.584     0.1698     0.3613     0.2116    286.057   78.83336  -10.99966  16.669905    32.0850    32.0837 0.0000e+00
     50.000    -1.6133    -1.6134   2.558989   2.558951    399.802    395.228     0.1701     0.3559     0.2087    287.076   78.83336  -10.99964  16.794027    32.0987    32.0983 0.0000e+00
     51.000    -1.6175    -1.6175   2.559259   2.559221    398.764    394.092     0.1704     0.3346     0.2044    288.087   78.83336  -10.99964  16.918820    32.1063    32.1058 0.0000e+00
     52.000    -1.6250    -1.6247   2.559231   2.559189    399.044    392.858     0.1707     0.3074     0.2006    289.075   78.83336  -10.99964  17.077364    32.1135    32.1126 0.0000e+00
     53.000    -1.6390    -1.6387   2.559211   2.559184    398.250    391.435     0.1710     0.2933     0.1970    290.082   78.83336  -10.99964  17.265833    32.1277    32.1270 0.0000e+00
     54.000    -1.6459    -1.6460   2.559313   2.559277    396.933    390.494     0.1713     0.2813     0.1953    291.109   78.83336  -10.99964  17.075358    32.1361    32.1356 0.0000e+00
     55.000    -1.6490    -1.6490   2.559493   2.559470    395.897    389.793     0.1716     0.2785     0.1931    292.148   78.83336  -10.99964  16.969213    32.1412    32.1409 0.0000e+00
     56.000    -1.6512    -1.6514   2.559766   2.559741    395.147    389.072     0.1719     0.2587     0.1916    293.202   78.83336  -10.99964  17.561468    32.1468    32.1466 0.0000e+00
     57.000    -1.6537    -1.6538   2.560159   2.560121    395.307    388.684     0.1722     0.2438     0.1891    294.260   78.83336  -10.99964  17.403276    32.1543    32.1538 0.0000e+00
     58.000    -1.6627    -1.6622   2.561142   2.561061    394.983    388.233     0.1725     0.2222     0.1868    295.317   78.83336  -10.99964  17.086791    32.1770    32.1754 0.0000e+00
     59.000    -1.6712    -1.6711   2.561731   2.561691    394.100    387.743     0.1728     0.1874     0.1850    296.379   78.83336  -10.99964  17.486872    32.1937    32.1931 0.0000e+00
     60.000    -1.6770    -1.6771   2.562124   2.562083    393.162    387.400     0.1731     0.1509     0.1825    297.424   78.83336  -10.99964  17.362804    32.2048    32.2044 0.0000e+00
     61.000    -1.6825    -1.6820   2.562667   2.562629    392.463    386.849     0.1734     0.1315     0.1814    298.452   78.83336  -10.99964  17.506499    32.2177    32.2166 0.0000e+00
     62.000    -1.6907    -1.6914   2.563214   2.563140    392.218    386.479     0.1737     0.1144     0.1796    299.470   78.83336  -10.99964  17.847283    32.2336    32.2333 0.0000e+00
     63.000    -1.6849    -1.6853   2.564165   2.564112    391.405    385.672     0.1741     0.1112     0.1757    300.480   78.83336  -10.99964  17.548183    32.2399    32.2395 0.0000e+00
     64.000    -1.6924    -1.6921   2.564521   2.564476    391.696    385.524     0.1744     0.1026     0.1733    301.498   78.83336  -10.99964  17.600531    32.2523    32.2513 0.0000e+00
     65.000    -1.6987    -1.6988   2.564796   2.564759    391.492    385.345     0.1747     0.0931     0.1732    302.519   78.83336  -10.99964  17.928638    32.2624    32.2619 0.0000e+00
     66.000    -1.7016    -1.7017   2.565573   2.565537    390.535    384.902     0.1750     0.0864     0.1738    303.549   78.83336  -10.99964  17.239931    32.2756    32.2752 0.0000e+00
     67.000    -1.7040    -1.7040   2.566103   2.566058    390.261    384.701     0.1753     0.0794     0.1701    304.586   78.83336  -10.99964  17.724115    32.2849    32.2843 0.0000e+00
     68.000    -1.7097    -1.7097   2.566985   2.566951    390.771    384.653     0.1756     0.0753     0.1695    305.630   78.83336  -10.99964  18.040051    32.3028    32.3023 0.0000e+00
     69.000    -1.7132    -1.7133   2.567287   2.567257    390.776    384.409     0.1758     0.0725     0.1677    306.685   78.83336  -10.99964  17.490137    32.3101    32.3098 0.0000e+00
     70.000    -1.7132    -1.7135   2.568580   2.568526    390.549    384.486     0.1761     0.0683     0.1665    307.742   78.83336  -10.99964  17.388844    32.3274    32.3270 0.0000e+00
     71.000    -1.7101    -1.7103   2.569858   2.569820    390.241    384.467     0.1764     0.0683     0.1657    308.794   78.83336  -10.99964  17.789283    32.3411    32.3407 0.0000e+00
     72.000    -1.7107    -1.7110   2.570595   2.570532    389.849    384.717     0.1766     0.0683     0.1651    309.838   78.83336  -10.99964  17.909480    32.3512    32.3507 0.0000e+00
     73.000    -1.7045    -1.7050   2.572763   2.572704    389.710    384.210     0.1769     0.0699     0.1654    310.882   78.83336  -10.99964  17.782655    32.3739    32.3736 0.0000e+00
     74.000    -1.6951    -1.6957   2.574895   2.574836    389.327    383.624     0.1772     0.0739     0.1642    311.922   78.83336  -10.99964  18.158414    32.3925    32.3923 0.0000e+00
     75.000    -1.6878    -1.6882   2.576635   2.576606    388.546    383.195     0.1774     0.0671     0.1637    312.954   78.83336  -10.99964  17.829749    32.4081    32.4080 0.0000e+00
     76.000    -1.6837    -1.6840   2.578333   2.578284    388.208    382.775     0.1777     0.0616     0.1631    313.974   78.83336  -10.99964  17.825657    32.4264    32.4260 0.0000e+00
     77.000    -1.6824    -1.6826   2.579517   2.579470    386.727    381.711     0.1780     0.0679     0.1626    314.995   78.83336  -10.99964  18.092018    32.4407    32.4403 0.0000e+00
     78.000    -1.6819    -1.6821   2.580168   2.580121    385.256    380.572     0.1782     0.0680     0.1621    316.018   78.83336  -10.99964  18.149670    32.4486    32.4482 0.0000e+00
     79.000    -1.6763    -1.6767   2.581704   2.581637    383.992    379.728     0.1785     0.0620     0.1622    317.043   78.83336  -10.99964  18.053723    32.4631    32.4626 0.0000e+00
     80.000    -1.6696    -1.6702   2.584505   2.584427    383.218    379.444     0.1787     0.0670     0.1626    318.066   78.83336  -10.99964  17.963743    32.4939    32.4934 0.0000e+00
     81.000    -1.6636    -1.6644   2.586017   2.585916    383.118    379.316     0.1789     0.0737     0.1626    319.099   78.83336  -10.99964  17.992603    32.5076    32.5071 0.0000e+00
     82.000    -1.6465    -1.6471   2.590098   2.590045    383.089    378.320     0.1790     0.0701     0.1625    320.146   78.83336  -10.99964  18.031876    32.5447    32.5446 0.0000e+00
     83.000    -1.6373    -1.6381   2.592530   2.592463    382.748    377.879     0.1791     0.0682     0.1626    321.200   78.83336  -10.99962  18.007834    32.5675    32.5675 0.0000e+00
     84.000    -1.6167    -1.6169   2.596924   2.596889    381.880    377.194     0.1792     0.0627     0.1629    322.257   78.83336  -10.99962  18.830289    32.6050    32.6048 0.0000e+00
     85.000    -1.6137    -1.6143   2.599310   2.599217    380.755    376.729     0.1792     0.0556     0.1656    323.306   78.83336  -10.99962  17.924337    32.6340    32.6334 0.0000e+00
     86.000    -1.5788    -1.5806   2.605299   2.605195    379.280    375.139     0.1793     0.0578     0.1690    324.352   78.83336  -10.99962  18.967168    32.6777    32.6783 0.0000e+00
