test_project/cnv_files/Sta0229_bin.cnv
* Sea-Bird SBE 9 Data File:
* FileName = C:\Seabird\CTDDATA\Sta0229.hex
* Software Version Seasave V 7.26.7.107
* Temperature SN = 03-4535
* Conductivity SN = 2860
* Number of Bytes Per Scan = 44
* Number of Voltage Words = 5
* Number of Scans Averaged by the Deck Unit = 1
* NMEA Latitude = 77 54.54 N
* NMEA Longitude = 017 07.95 W
* NMEA UTC (Time) = Sep 08 2019 13:06:02
* NMEA baud rate = 9600
** Ship: "Kronprins Haakon"
** Station: 0229
** Echodepth: 336
** Log: 6087.692
** Wind-Dir Force(m/s): 35 09
** Air-temp (dry): -2.9
** Weather Sky: 0 1
** Sea Ice: 0 5
# nquan = 17
# nvalues = 318                         
# units = specified
# name 0 = prDM: Pressure, Digiquartz [db]
# name 1 = t090C: Temperature [ITS-90, deg C]
# name 2 = t190C: Temperature, 2 [ITS-90, deg C]
# name 3 = c0S/m: Conductivity [S/m]
# name 4 = c1S/m: Conductivity, 2 [S/m]
# name 5 = sbox0Mm/Kg: Oxygen, SBE 43 [umol/kg]
# name 6 = sbox1Mm/Kg: Oxygen, SBE 43, 2 [umol/kg]
# name 7 = wetCDOM: Fluorescence, WET Labs CDOM [mg/m^3]
# name 8 = flECO-AFL: Fluorescence, WET Labs ECO-AFL/FL [mg/m^3]
# name 9 = CStarAt0: Beam Attenuation, WET Labs C-Star [1/m]
# name 10 = timeS: Time, Elapsed [seconds]
# name 11 = latitude: Latitude [deg]
# name 12 = longitude: Longitude [deg]
# name 13 = upoly0: Upoly 0, ISUS
# name 14 = sal00: Salinity, Practical [PSU]
# name 15 = sal11: Salinity, Practical, 2 [PSU]
# name 16 = flag: flag
# span 0 =      8.000,    325.000       
# span 1 =    -1.6704,     1.7260       
# span 2 =    -1.6703,     1.7261       
# span 3 =   2.345876,   3.056601       
# span 4 =   2.345849,   3.056581       
# span 5 =    305.157,    424.723       
# span 6 =    300.027,    414.028       
# span 7 =     0.1155,     0.1819       
# span 8 =     0.0011,     1.6636       
# span 9 =     0.1345,     0.3392       
# span 10 =     43.326,    401.762      
# span 11 =   77.90839,   77.90895      
# span 12 =  -17.13256,  -17.13199      
# span 13 =  12.544102,  25.257051      
# span 14 =    29.1133,    34.8951      
# span 15 =    29.1131,    34.8945      
# span 16 = 0.0000e+00, 0.0000e+00      
# interval = decibars: 1                
# start_time = Sep 08 2019 13:06:02 [NMEA time, header]
# bad_flag = -9.990e-29
*END*
[from data line 86]
     94.000    -1.5514    -1.5511   2.657461   2.657556    367.493    360.118     0.1748     0.0541     0.1628    142.937   77.90879  -17.13240  19.065958    33.3625    33.3635 0.0000e+00
     95.000    -1.5595    -1.5590   2.657872   2.657939    365.510    359.074     0.1742     0.0475     0.1634    143.973   77.90878  -17.13240  19.325751    33.3767    33.3770 0.0000e+00
     96.000    -1.5466    -1.5473   2.661326   2.661411    364.033    357.461     0.1736     0.0463     0.1622    145.005   77.90878  -17.13240  18.626180    33.4094    33.4113 0.0000e+00
     97.000    -1.5579    -1.5572   2.662603   2.662659    362.938    357.047     0.1730     0.0463     0.1638    146.040   77.90878  -17.13240  18.582250    33.4390    33.4391 0.0000e+00
     98.000    -1.5541    -1.5543   2.664323   2.664426    363.148    356.678     0.1724     0.0463     0.1615    147.076   77.90878  -17.13240  18.191559    33.4579    33.4596 0.0000e+00
     99.000    -1.5284    -1.5286   2.667627   2.667729    362.713    355.908     0.1717     0.0417     0.1604    148.115   77.90878  -17.13240  18.584360    33.4740    33.4757 0.0000e+00
    100.000    -1.5122    -1.5121   2.670492   2.670564    363.465    355.797     0.1711     0.0390     0.1600    149.153   77.90878  -17.13240  18.360844    33.4948    33.4957 0.0000e+00
    101.000    -1.4978    -1.4977   2.672506   2.672573    364.128    355.291     0.1704     0.0390     0.1594    150.184   77.90878  -17.13240  18.867190    33.5058    33.5067 0.0000e+00
    102.000    -1.4925    -1.4923   2.673528   2.673611    362.922    354.685     0.1698     0.0423     0.1585    151.220   77.90878  -17.13240  18.834668    33.5133    33.5142 0.0000e+00
    103.000    -1.4833    -1.4831   2.674656   2.674756    361.442    354.104     0.1691     0.0463     0.1572    152.259   77.90878  -17.13240  19.157126    33.5179    33.5191 0.0000e+00
    104.000    -1.4796    -1.4795   2.675320   2.675419    359.913    353.790     0.1685     0.0460     0.1571    153.292   77.90878  -17.13238  19.507860    33.5223    33.5235 0.0000e+00
    105.000    -1.4813    -1.4812   2.675880   2.675955    359.457    353.406     0.1678     0.0463     0.1571    154.329   77.90876  -17.13238  18.932020    33.5312    33.5322 0.0000e+00
    106.000    -1.4986    -1.4981   2.674754   2.674733    359.155    353.227     0.1672     0.0463     0.1564    155.361   77.90876  -17.13238  18.590853    33.5346    33.5337 0.0000e+00
    107.000    -1.5571    -1.5565   2.670929   2.671002    359.071    352.978     0.1665     0.0444     0.1566    156.394   77.90876  -17.13238  18.635654    33.5470    33.5474 0.0000e+00
    108.000    -1.5345    -1.5351   2.673856   2.673953    357.706    351.292     0.1659     0.0404     0.1566    157.434   77.90876  -17.13238  19.072551    33.5613    33.5634 0.0000e+00
    109.000    -1.5220    -1.5216   2.676370   2.676438    358.878    351.721     0.1653     0.0462     0.1568    158.467   77.90876  -17.13238  19.085395    33.5814    33.5819 0.0000e+00
    110.000    -1.5206    -1.5210   2.677968   2.678070    362.355    353.048     0.1647     0.0454     0.1561    159.501   77.90876  -17.13238  19.214879    33.6013    33.6031 0.0000e+00
    111.000    -1.4968    -1.4970   2.681992   2.682081    363.087    353.136     0.1642     0.0399     0.1570    160.537   77.90876  -17.13238  19.328397    33.6294    33.6308 0.0000e+00
    112.000    -1.4791    -1.4793   2.685149   2.685225    362.272    353.195     0.1636     0.0452     0.1574    161.575   77.90876  -17.13238  19.339136    33.6523    33.6536 0.0000e+00
    113.000    -1.4516    -1.4518   2.689261   2.689357    360.892    352.816     0.1630     0.0393     0.1584    162.612   77.90876  -17.13238  19.415277    33.6774    33.6790 0.0000e+00
    114.000    -1.4454    -1.4451   2.691805   2.691862    359.758    352.295     0.1625     0.0323     0.1590    163.645   77.90876  -17.13238  19.566137    33.7049    33.7053 0.0000e+00
    115.000    -1.4501    -1.4497   2.693225   2.693281    358.316    351.575     0.1619     0.0256     0.1585    164.680   77.90876  -17.13237  19.565047    33.7291    33.7295 0.0000e+00
    116.000    -1.4551    -1.4548   2.693865   2.693920    355.874    350.410     0.1614     0.0295     0.1573    165.715   77.90876  -17.13236  19.434822    33.7430    33.7434 0.0000e+00
    117.000    -1.4634    -1.4636   2.694753   2.694813    354.402    349.214     0.1608     0.0316     0.1572    166.749   77.90876  -17.13236  19.756204    33.7640    33.7650 0.0000e+00
    118.000    -1.4716    -1.4713   2.695466   2.695510    353.853    348.275     0.1602     0.0365     0.1570    167.784   77.90876  -17.13236  19.094295    33.7825    33.7828 0.0000e+00
    119.000    -1.4644    -1.4643   2.697048   2.697103    353.950    347.806     0.1597     0.0340     0.1555    168.819   77.90875  -17.13236  19.258680    33.7955    33.7961 0.0000e+00
    120.000    -1.4629    -1.4629   2.698180   2.698252    354.625    347.495     0.1591     0.0313     0.1540    169.855   77.90874  -17.13236  19.647853    33.8089    33.8098 0.0000e+00
    121.000    -1.4642    -1.4640   2.699245   2.699322    355.053    347.465     0.1585     0.0309     0.1526    170.889   77.90874  -17.13236  19.783681    33.8244    33.8252 0.0000e+00
    122.000    -1.4177    -1.4196   2.704592   2.704660    354.118    346.622     0.1579     0.0309     0.1517    171.926   77.90874  -17.13236  19.753329    33.8448    33.8479 0.0000e+00
    123.000    -1.3115    -1.3138   2.714758   2.714813    353.636    345.497     0.1573     0.0305     0.1512    172.961   77.90874  -17.13236  20.046469    33.8637    33.8671 0.0000e+00
    124.000    -1.2932    -1.2942   2.717539   2.717597    355.848    346.807     0.1567     0.0340     0.1508    173.994   77.90874  -17.13236  20.385856    33.8805    33.8825 0.0000e+00
    125.000    -1.2365    -1.2372   2.723781   2.723789    354.035    345.735     0.1561     0.0362     0.1503    175.028   77.90874  -17.13234  20.179607    33.9014    33.9023 0.0000e+00
    126.000    -1.2083    -1.2093   2.727804   2.727850    349.264    344.217     0.1555     0.0314     0.1508    176.068   77.90874  -17.13234  20.327341    33.9240    33.9257 0.0000e+00
    127.000    -1.1444    -1.1465   2.734483   2.734517    345.379    342.020     0.1549     0.0316     0.1507    177.105   77.90874  -17.13234  20.145915    33.9425    33.9454 0.0000e+00
    128.000    -1.0377    -1.0415   2.744445   2.744474    343.131    340.173     0.1543     0.0327     0.1499    178.140   77.90874  -17.13234  20.408984    33.9573    33.9619 0.0000e+00
    129.000    -0.9768    -0.9768   2.750878   2.750910    343.390    340.387     0.1538     0.0376     0.1495    179.172   77.90874  -17.13234  20.697807    33.9755    33.9759 0.0000e+00
    130.000    -0.9535    -0.9552   2.753991   2.753979    343.277    339.667     0.1532     0.0312     0.1485    180.205   77.90872  -17.13234  20.482887    33.9909    33.9927 0.0000e+00
    131.000    -0.9454    -0.9449   2.755436   2.755433    339.465    337.503     0.1526     0.0305     0.1481    181.241   77.90872  -17.13234  21.083599    34.0008    34.0002 0.0000e+00
    132.000    -0.9770    -0.9764   2.753842   2.753890    335.480    335.889     0.1520     0.0248     0.1481    182.274   77.90872  -17.13234  21.409482    34.0142    34.0142 0.0000e+00
    133.000    -0.9477    -0.9481   2.757560   2.757571    332.659    333.423     0.1515     0.0243     0.1477    183.308   77.90872  -17.13234  20.995046    34.0311    34.0317 0.0000e+00
    134.000    -0.9562    -0.9560   2.757690   2.757712    333.539    332.904     0.1509     0.0242     0.1472    184.338   77.90872  -17.13234  21.022433    34.0418    34.0419 0.0000e+00
    135.000    -0.9458    -0.9460   2.759226   2.759314    336.541    333.154     0.1503     0.0300     0.1465    185.373   77.90872  -17.13234  21.116995    34.0503    34.0517 0.0000e+00
    136.000    -0.9019    -0.9018   2.764061   2.764086    337.658    332.734     0.1497     0.0316     0.1480    186.412   77.90872  -17.13234  21.213842    34.0657    34.0660 0.0000e+00
    137.000    -0.9434    -0.9419   2.761272   2.761289    339.791    333.927     0.1492     0.0315     0.1478    187.444   77.90872  -17.13234  21.611129    34.0742    34.0727 0.0000e+00
    138.000    -0.9709    -0.9703   2.759383   2.759416    339.954    333.833     0.1486     0.0262     0.1479    188.481   77.90872  -17.13234  21.543876    34.0790    34.0788 0.0000e+00
    139.000    -1.0070    -1.0056   2.757204   2.757211    338.068    332.819     0.1480     0.0190     0.1486    189.513   77.90872  -17.13234  21.186045    34.0896    34.0881 0.0000e+00
    140.000    -1.0188    -1.0195   2.757292   2.757377    337.639    332.758     0.1475     0.0165     0.1485    190.549   77.90872  -17.13232  21.059862    34.1036    34.1055 0.0000e+00
    141.000    -0.9657    -0.9659   2.762540   2.762561    338.536    332.374     0.1470     0.0205     0.1486    191.586   77.90872  -17.13232  21.306398    34.1143    34.1148 0.0000e+00
    142.000    -0.8719    -0.8767   2.771716   2.771681    341.424    333.094     0.1464     0.0239     0.1474    192.615   77.90872  -17.13232  21.433722    34.1321    34.1370 0.0000e+00
    143.000    -0.7344    -0.7363   2.784867   2.784936    343.338    333.220     0.1459     0.0239     0.1479    193.644   77.90872  -17.13232  21.356379    34.1541    34.1573 0.0000e+00
    144.000    -0.6631    -0.6643   2.792146   2.792223    344.867    334.486     0.1454     0.0237     0.1474    194.676   77.90871  -17.13232  21.605077    34.1713    34.1736 0.0000e+00
    145.000    -0.5883    -0.5891   2.799990   2.800010    341.370    333.367     0.1449     0.0261     0.1467    195.712   77.90870  -17.13232  22.454985    34.1920    34.1932 0.0000e+00
    146.000    -0.5549    -0.5547   2.803645   2.803667    335.311    331.796     0.1444     0.0291     0.1463    196.746   77.90870  -17.13232  22.447739    34.2029    34.2030 0.0000e+00
    147.000    -0.5514    -0.5514   2.804326   2.804345    329.732    329.976     0.1440     0.0205     0.1459    197.777   77.90870  -17.13232  22.083009    34.2075    34.2077 0.0000e+00
    148.000    -0.5444    -0.5444   2.805193   2.805215    325.995    327.965     0.1435     0.0108     0.1447    198.807   77.90870  -17.13232  22.389501    34.2107    34.2109 0.0000e+00
    149.000    -0.5152    -0.5159   2.808472   2.808493    324.726    326.567     0.1430     0.0165     0.1444    199.841   77.90870  -17.13232  22.336802    34.2212    34.2223 0.0000e+00
    150.000    -0.4798    -0.4805   2.812375   2.812386    326.282    326.173     0.1426     0.0174     0.1444    200.873   77.90870  -17.13232  22.292388    34.2331    34.2340 0.0000e+00
    151.000    -0.4043    -0.4068   2.819711   2.819724    328.304    325.565     0.1421     0.0241     0.1443    201.906   77.90870  -17.13232  22.513135    34.2457    34.2487 0.0000e+00
    152.000    -0.2906    -0.2928   2.830570   2.830578    329.230    324.932     0.1417     0.0309     0.1443    202.937   77.90870  -17.13232  22.507757    34.2625    34.2650 0.0000e+00
    153.000    -0.2503    -0.2506   2.834547   2.834600    330.816    325.305     0.1412     0.0310     0.1439    203.969   77.90870  -17.13232  22.186140    34.2696    34.2706 0.0000e+00
    154.000    -0.1886    -0.1911   2.840990   2.840880    328.797    324.280     0.1408     0.0134     0.1435    205.002   77.90870  -17.13232  22.864999    34.2855    34.2869 0.0000e+00
    155.000    -0.1316    -0.1325   2.846775   2.846732    323.828    322.103     0.1403     0.0097     0.1438    206.039   77.90870  -17.13232  23.247125    34.2979    34.2983 0.0000e+00
    156.000    -0.1126    -0.1128   2.849221   2.849209    320.775    320.498     0.1399     0.0149     0.1437    207.071   77.90870  -17.13230  22.695150    34.3085    34.3085 0.0000e+00
    157.000    -0.0856    -0.0862   2.852460   2.852450    318.313    318.632     0.1395     0.0268     0.1441    208.106   77.90870  -17.13230  22.865884    34.3205    34.3212 0.0000e+00
    158.000    -0.0592    -0.0591   2.855299   2.855315    317.136    317.568     0.1391     0.0264     0.1429    209.139   77.90870  -17.13230  22.902143    34.3280    34.3281 0.0000e+00
    159.000    -0.0294    -0.0297   2.858440   2.858452    317.894    317.377     0.1387     0.0242     0.1431    210.179   77.90870  -17.13230  23.193708    34.3356    34.3361 0.0000e+00
    160.000     0.0047     0.0043   2.861946   2.861922    318.549    316.623     0.1383     0.0163     0.1429    211.216   77.90868  -17.13230  23.253215    34.3432    34.3434 0.0000e+00
    161.000     0.0258     0.0259   2.864586   2.864566    319.023    316.127     0.1379     0.0121     0.1428    212.247   77.90868  -17.13230  23.026200    34.3539    34.3536 0.0000e+00
    162.000     0.0249     0.0256   2.864800   2.864790    319.135    315.958     0.1375     0.0135     0.1427    213.275   77.90868  -17.13230  22.864416    34.3572    34.3563 0.0000e+00
    163.000    -0.0072    -0.0053   2.862213   2.862195    318.160    315.737     0.1372     0.0096     0.1425    214.306   77.90868  -17.13230  22.956973    34.3583    34.3560 0.0000e+00
    164.000    -0.0424    -0.0414   2.859749   2.859744    317.398    315.364     0.1368     0.0166     0.1422    215.342   77.90868  -17.13230  22.489173    34.3645    34.3634 0.0000e+00
    165.000    -0.0467    -0.0462   2.859501   2.859488    317.357    314.816     0.1364     0.0253     0.1423    216.377   77.90868  -17.13230  22.735186    34.3655    34.3648 0.0000e+00
    166.000    -0.0511    -0.0507   2.859193   2.859171    319.674    315.296     0.1361     0.0130     0.1427    217.410   77.90868  -17.13230  22.920569    34.3657    34.3650 0.0000e+00
    167.000    -0.0562    -0.0569   2.858967   2.858870    322.541    316.315     0.1358     0.0217     0.1424    218.441   77.90868  -17.13230  22.500948    34.3679    34.3674 0.0000e+00
    168.000    -0.0218    -0.0251   2.862466   2.862231    323.871    316.743     0.1354     0.0166     0.1424    219.479   77.90868  -17.13230  22.783946    34.3751    34.3756 0.0000e+00
    169.000     0.0346     0.0322   2.868030   2.867928    324.542    316.986     0.1351     0.0161     0.1422    220.517   77.90868  -17.13230  23.134474    34.3849    34.3862 0.0000e+00
    170.000     0.0440     0.0446   2.869149   2.869122    326.175    317.939     0.1348     0.0098     0.1422    221.555   77.90866  -17.13229  23.281918    34.3885    34.3875 0.0000e+00
    171.000     0.0376     0.0369   2.868922   2.868839    325.453    318.032     0.1345     0.0096     0.1429    222.594   77.90866  -17.13228  23.086974    34.3921    34.3917 0.0000e+00
    172.000     0.0559     0.0559   2.871131   2.871090    322.542    316.898     0.1343     0.0100     0.1425    223.630   77.90866  -17.13228  23.000850    34.4001    34.3996 0.0000e+00
    173.000     0.0629     0.0632   2.872068   2.872093    320.605    316.310     0.1340     0.0210     0.1425    224.669   77.90866  -17.13228  23.407219    34.4040    34.4041 0.0000e+00
    174.000     0.1131     0.1117   2.877164   2.877148    319.959    315.454     0.1337     0.0176     0.1432    225.707   77.90866  -17.13228  23.230008    34.4146    34.4158 0.0000e+00
    175.000     0.1436     0.1431   2.880489   2.880484    321.106    315.754     0.1335     0.0165     0.1427    226.738   77.90866  -17.13228  22.938089    34.4236    34.4241 0.0000e+00
    176.000     0.1848     0.1844   2.884833   2.884826    321.968    315.959     0.1332     0.0158     0.1426    227.772   77.90866  -17.13228  23.420783    34.4341    34.4345 0.0000e+00
    177.000     0.2160     0.2158   2.888145   2.888158    321.400    315.528     0.1330     0.0113     0.1422    228.805   77.90866  -17.13228  23.451388    34.4422    34.4425 0.0000e+00
