test_project/cnv_files/Sta0205_bin.cnv
* Sea-Bird SBE 9 Data File:
* FileName = C:\Seabird\CTDDATA\Sta0205.hex
* Software Version Seasave V 7.26.7.107
* Temperature SN = 03-4535
* Conductivity SN = 2860
* Number of Bytes Per Scan = 44
* Number of Voltage Words = 5
* Number of Scans Averaged by the Deck Unit = 1
* NMEA Latitude = 78 50.00 N
* NMEA Longitude = 006 29.99 W
* NMEA UTC (Time) = Sep 05 2019 01:08:09
* NMEA baud rate = 9600
** Ship: "Kronprins Haakon"
** Station: 0205
** Echodepth: 278
** Log: 5888.606
** Wind-Dir Force(m/s): 34 05
** Air-temp (dry): -1.2
** Weather Sky: 2 5
** Sea Ice: 1 4
# nquan = 17
# nvalues = 269                         
# units = specified
# name 0 = prDM: Pressure, Digiquartz [db]
# name 1 = t090C: Temperature [ITS-90, deg C]
# name 2 = t190C: Temperature, 2 [ITS-90, deg C]
# name 3 = c0S/m: Conductivity [S/m]
# name 4 = c1S/m: Conductivity, 2 [S/m]
# name 5 = sbox0Mm/Kg: Oxygen, SBE 43 [umol/kg]
# name 6 = sbox1Mm/Kg: Oxygen, SBE 43, 2 [umol/kg]
# name 7 = wetCDOM: Fluorescence, WET Labs CDOM [mg/m^3]
# name 8 = flECO-AFL: Fluorescence, WET Labs ECO-AFL/FL [mg/m^3]
# name 9 = CStarAt0: Beam Attenuation, WET Labs C-Star [1/m]
# name 10 = timeS: Time, Elapsed [seconds]
# name 11 = latitude: Latitude [deg]
# name 12 = longitude: Longitude [deg]
# name 13 = upoly0: Upoly 0, ISUS
# name 14 = sal00: Salinity, Practical [PSU]
# name 15 = sal11: Salinity, Practical, 2 [PSU]
# name 16 = flag: flag
# span 0 =      1.000,    269.000       
# span 1 =    -1.6997,     1.4769       
# span 2 =    -1.6991,     1.4766       
# span 3 =   2.428261,   3.031128       
# span 4 =   2.428192,   3.031024       
# span 5 =    308.719,    437.151       
# span 6 =    305.777,    423.369       
# span 7 =     0.1129,     0.1779       
# span 8 =     0.0021,     1.1007       
# span 9 =     0.1455,     0.3225       
# span 10 =    106.959,    429.715      
# span 11 =   78.83340,   78.83340      
# span 12 =   -6.50000,   -6.49996      
# span 13 =  11.192752,  23.486816      
# span 14 =    30.0261,    34.8336      
# span 15 =    30.0252,    34.8326      
# span 16 = 0.0000e+00, 0.0000e+00      
# interval = decibars: 1                
# start_time = Sep 05 2019 01:08:09 [NMEA time, header]
# bad_flag = -9.990e-29
*END*
[from data line 256]
    257.000     1.4358     1.4363   3.026621   3.026606    312.884    308.854     0.1146     0.0187     0.2159    412.798   78.83340   -6.49998  22.930075    34.8288    34.8280 0.0000e+00
    258.000     1.4495     1.4505   3.028007   3.027999    313.441    309.154     0.1135     0.0129     0.2162    414.214   78.83340   -6.49998  22.890039    34.8307    34.8295 0.0000e+00
    259.000     1.4502     1.4514   3.028117   3.028142    313.590    309.585     0.1129     0.0238     0.2162    415.600   78.83340   -6.49998  22.558220    34.8307    34.8297 0.0000e+00
    260.000     1.4523     1.4528   3.028367   3.028324    313.115    309.570     0.1129     0.0192     0.2170    416.969   78.83340   -6.49998  22.743682    34.8309    34.8298 0.0000e+00
    261.000     1.4539     1.4550   3.028551   3.028579    313.965    309.716     0.1135     0.0112     0.2181    418.339   78.83340   -6.49998  22.552933    34.8310    34.8301 0.0000e+00
    262.000     1.4719     1.4725   3.030317   3.030299    314.010    309.565     0.1144     0.0106     0.2195    419.697   78.83340   -6.49998  22.370349    34.8330    34.8320 0.0000e+00
    263.000     1.4742     1.4741   3.030588   3.030488    314.677    309.344     0.1155     0.0165     0.2189    421.087   78.83340   -6.49998  23.234965    34.8333    34.8321 0.0000e+00
    264.000     1.4745     1.4750   3.030663   3.030622    314.573    309.773     0.1165     0.0208     0.2193    422.499   78.83340   -6.49998  22.904046    34.8333    34.8322 0.0000e+00
    265.000     1.4741     1.4734   3.030669   3.030509    314.333    310.325     0.1213     0.0224     0.2190    423.926   78.83340   -6.49998  23.050394    34.8332    34.8319 0.0000e+00
    266.000     1.4690     1.4693   3.030227   3.030167    314.173    310.194     0.1204     0.0163     0.2190    425.353   78.83340   -6.49998  23.486816    34.8327    34.8315 0.0000e+00
    267.000     1.4705     1.4733   3.030411   3.030609    314.755    309.731     0.1187     0.0231     0.2183    426.788   78.83340   -6.49998  22.712182    34.8328    34.8322 0.0000e+00
    268.000     1.4759     1.4766   3.030994   3.030969    315.149    309.396     0.1163     0.0121     0.2202    428.241   78.83340   -6.50000  22.420611    34.8336    34.8325 0.0000e+00
    269.000     1.4769     1.4766   3.031128   3.031024    315.280    309.860     0.1138     0.0271     0.2189    429.715   78.83340   -6.50000  22.645638    34.8336    34.8326 0.0000e+00
