test_project/cnv_files/sta0243_bin.cnv
* Sea-Bird SBE 9 Data File:
* FileName = C:\Seabird\CTDDATA\Sta0243.hex
* Software Version Seasave V 7.26.7.107
* Temperature SN = 03-4535
* Conductivity SN = 2860
* Number of Bytes Per Scan = 44
* Number of Voltage Words = 5
* Number of Scans Averaged by the Deck Unit = 1
* NMEA Latitude = 78 49.97 N
* NMEA Longitude = 004 00.22 E
* NMEA UTC (Time) = Sep 14 2019 08:33:40
* NMEA baud rate = 9600
** Ship: "Kronprins Haakon"
** Station: 0243
** Echodepth: 2290
** Log: 6474.55
** Wind-Dir Force(m/s): 08 09
** Air-temp (dry): 5.6
** Weather Sky: 5 8
** Sea Ice: 4 0
# nquan = 16
# nvalues = 2319                        
# units = specified
# name 0 = prDM: Pressure, Digiquartz [db]
# name 1 = t090C: Temperature [ITS-90, deg C]
# name 2 = t190C: Temperature, 2 [ITS-90, deg C]
# name 3 = c0S/m: Conductivity [S/m]
# name 4 = c1S/m: Conductivity, 2 [S/m]
# name 5 = sbox0Mm/Kg: Oxygen, SBE 43 [umol/kg]
# name 6 = sbox1Mm/Kg: Oxygen, SBE 43, 2 [umol/kg]
# name 7 = wetCDOM: Fluorescence, WET Labs CDOM [mg/m^3]
# name 8 = flECO-AFL: Fluorescence, WET Labs ECO-AFL/FL [mg/m^3]
# name 9 = CStarAt0: Beam Attenuation, WET Labs C-Star [1/m]
# name 10 = timeS: Time, Elapsed [seconds]
# name 11 = latitude: Latitude [deg]
# name 12 = longitude: Longitude [deg]
# name 13 = sal00: Salinity, Practical [PSU]
# name 14 = sal11: Salinity, Practical, 2 [PSU]
# name 15 = flag: flag
# span 0 =      2.000,   2320.000       
# span 1 =    -0.7366,     5.8603       
# span 2 =    -0.7363,     5.8598       
# span 3 =   2.913616,   3.416752       
# span 4 =   2.913680,   3.416682       
# span 5 =    303.527,    329.506       
# span 6 =    298.748,    321.645       
# span 7 =     0.1058,     0.1278       
# span 8 =    -0.0113,     1.8403       
# span 9 =     0.1325,     0.4316       
# span 10 =    123.851,   2436.796      
# span 11 =   78.83298,   78.83302      
# span 12 =    4.00364,    4.00378      
# span 13 =    34.8922,    35.0400      
# span 14 =    34.8917,    35.0403      
# span 15 = 0.0000e+00, 0.0000e+00      
# interval = decibars: 1                
# start_time = Sep 14 2019 08:33:40 [NMEA time, header]
# bad_flag = -9.990e-29
*END*
[from data line 452]
    454.000     1.7532     1.7524   3.070837   3.070734    322.169    313.963     0.1192     0.0001     0.1451    589.653   78.83300    4.00372    34.9248    34.9243 0.0000e+00
    455.000     1.7380     1.7373   3.069495   3.069458    321.679    313.917     0.1189    -0.0033     0.1453    590.639   78.83300    4.00372    34.9241    34.9244 0.0000e+00
    456.000     1.7324     1.7325   3.069040   3.069069    320.973    313.626     0.1186     0.0022     0.1449    591.622   78.83300    4.00372    34.9239    34.9242 0.0000e+00
    457.000     1.7254     1.7250   3.068445   3.068446    321.104    313.560     0.1183     0.0023     0.1444    592.601   78.83300    4.00372    34.9236    34.9240 0.0000e+00
    458.000     1.7233     1.7229   3.068308   3.068301    321.264    313.602     0.1180     0.0023     0.1446    593.569   78.83300    4.00372    34.9236    34.9240 0.0000e+00
    459.000     1.7191     1.7184   3.067963   3.067910    321.653    313.543     0.1177     0.0023     0.1444    594.533   78.83300    4.00372    34.9234    34.9235 0.0000e+00
    460.000     1.7105     1.7104   3.067216   3.067235    321.725    313.541     0.1174     0.0023     0.1438    595.498   78.83300    4.00372    34.9228    34.9231 0.0000e+00
    461.000     1.6842     1.6857   3.064849   3.064902    321.250    313.404     0.1170     0.0023     0.1436    596.471   78.83300    4.00372    34.9214    34.9204 0.0000e+00
    462.000     1.6468     1.6475   3.061484   3.061544    321.272    313.193     0.1167     0.0023     0.1442    597.458   78.83300    4.00372    34.9196    34.9196 0.0000e+00
    463.000     1.6316     1.6319   3.060095   3.060149    320.414    312.805     0.1163     0.0020     0.1436    598.449   78.83300    4.00372    34.9183    34.9187 0.0000e+00
    464.000     1.6111     1.6127   3.058222   3.058360    320.025    312.843     0.1160     0.0043     0.1439    599.429   78.83300    4.00370    34.9167    34.9167 0.0000e+00
    465.000     1.6012     1.6008   3.057369   3.057385    321.129    312.641     0.1156     0.0081     0.1432    600.400   78.83300    4.00370    34.9162    34.9169 0.0000e+00
    466.000     1.5997     1.5995   3.057288   3.057307    321.243    312.395     0.1152     0.0026     0.1436    601.362   78.83300    4.00370    34.9163    34.9168 0.0000e+00
    467.000     1.5986     1.5983   3.057265   3.057276    321.565    312.055     0.1148     0.0025     0.1434    602.323   78.83300    4.00370    34.9167    34.9171 0.0000e+00
    468.000     1.5972     1.5969   3.057201   3.057210    321.663    311.852     0.1145     0.0083     0.1432    603.295   78.83300    4.00370    34.9168    34.9173 0.0000e+00
    469.000     1.5968     1.5964   3.057219   3.057216    321.057    311.981     0.1141     0.0042     0.1424    604.288   78.83300    4.00372    34.9170    34.9173 0.0000e+00
    470.000     1.5968     1.5965   3.057290   3.057295    320.290    311.712     0.1137     0.0023     0.1421    605.294   78.83300    4.00372    34.9173    34.9177 0.0000e+00
    471.000     1.5955     1.5949   3.057214   3.057212    319.422    311.882     0.1134     0.0020     0.1425    606.301   78.83300    4.00372    34.9172    34.9178 0.0000e+00
    472.000     1.5962     1.5950   3.057332   3.057273    319.025    312.400     0.1131     0.0023     0.1427    607.285   78.83300    4.00370    34.9173    34.9179 0.0000e+00
    473.000     1.5936     1.5936   3.057140   3.057158    319.422    312.339     0.1128     0.0023     0.1421    608.250   78.83300    4.00370    34.9172    34.9175 0.0000e+00
    474.000     1.5936     1.5926   3.057188   3.057131    319.323    312.060     0.1125     0.0023     0.1419    609.202   78.83300    4.00370    34.9172    34.9176 0.0000e+00
    475.000     1.5823     1.5855   3.056211   3.056509    319.738    312.149     0.1123     0.0023     0.1421    610.161   78.83300    4.00370    34.9169    34.9170 0.0000e+00
    476.000     1.5820     1.5804   3.056222   3.056128    319.636    312.150     0.1121     0.0027     0.1417    611.127   78.83300    4.00370    34.9168    34.9173 0.0000e+00
    477.000     1.5765     1.5766   3.055805   3.055844    319.086    312.145     0.1119     0.0086     0.1431    612.102   78.83300    4.00370    34.9169    34.9173 0.0000e+00
    478.000     1.5678     1.5680   3.055107   3.055143    319.186    312.393     0.1118     0.0035     0.1422    613.083   78.83300    4.00370    34.9171    34.9174 0.0000e+00
    479.000     1.5653     1.5650   3.054940   3.054947    319.095    312.013     0.1117     0.0023     0.1417    614.069   78.83300    4.00370    34.9172    34.9176 0.0000e+00
    480.000     1.5638     1.5638   3.054846   3.054882    318.881    311.710     0.1117     0.0023     0.1414    615.056   78.83300    4.00370    34.9171    34.9176 0.0000e+00
    481.000     1.5608     1.5610   3.054609   3.054649    318.976    311.828     0.1116     0.0061     0.1412    616.042   78.83300    4.00370    34.9169    34.9171 0.0000e+00
    482.000     1.5679     1.5666   3.055418   3.055383    319.184    311.863     0.1116     0.0065     0.1411    617.028   78.83300    4.00370    34.9187    34.9197 0.0000e+00
    483.000     1.5844     1.5837   3.057089   3.057090    319.071    311.467     0.1116     0.0023     0.1411    618.007   78.83300    4.00370    34.9211    34.9219 0.0000e+00
    484.000     1.5930     1.5923   3.058017   3.058015    318.895    311.765     0.1117     0.0023     0.1411    618.976   78.83300    4.00370    34.9228    34.9234 0.0000e+00
    485.000     1.5970     1.5964   3.058483   3.058480    318.990    311.981     0.1118     0.0023     0.1411    619.940   78.83300    4.00370    34.9236    34.9242 0.0000e+00
    486.000     1.5986     1.6011   3.058699   3.059001    318.869    312.586     0.1119     0.0026     0.1412    620.912   78.83300    4.00370    34.9240    34.9251 0.0000e+00
    487.000     1.6057     1.6058   3.059426   3.059516    319.006    312.833     0.1120     0.0086     0.1422    621.886   78.83300    4.00370    34.9248    34.9258 0.0000e+00
    488.000     1.6286     1.6273   3.061739   3.061694    319.079    312.701     0.1121     0.0095     0.1415    622.857   78.83300    4.00370    34.9281    34.9291 0.0000e+00
    489.000     1.6416     1.6415   3.063057   3.063085    319.502    312.933     0.1122     0.0046     0.1422    623.833   78.83300    4.00370    34.9299    34.9303 0.0000e+00
    490.000     1.6468     1.6466   3.063607   3.063681    319.663    313.287     0.1124     0.0023     0.1424    624.814   78.83300    4.00369    34.9306    34.9316 0.0000e+00
    491.000     1.6634     1.6645   3.065313   3.065458    319.464    313.194     0.1125     0.0023     0.1421    625.801   78.83300    4.00368    34.9331    34.9338 0.0000e+00
    492.000     1.6687     1.6697   3.065890   3.066025    319.960    313.315     0.1127     0.0052     0.1420    626.780   78.83300    4.00368    34.9340    34.9346 0.0000e+00
    493.000     1.6683     1.6693   3.065889   3.066007    320.027    313.522     0.1128     0.0095     0.1424    627.758   78.83300    4.00369    34.9339    34.9343 0.0000e+00
    494.000     1.6604     1.6612   3.065184   3.065260    320.269    313.943     0.1129     0.0084     0.1427    628.736   78.83300    4.00370    34.9331    34.9332 0.0000e+00
    495.000     1.6515     1.6525   3.064380   3.064475    319.920    314.133     0.1131     0.0025     0.1431    629.717   78.83300    4.00370    34.9322    34.9323 0.0000e+00
    496.000     1.6449     1.6457   3.063824   3.063868    319.411    314.286     0.1132     0.0028     0.1444    630.698   78.83300    4.00370    34.9320    34.9316 0.0000e+00
    497.000     1.6154     1.6167   3.061126   3.061234    320.348    314.664     0.1134     0.0144     0.1442    631.681   78.83300    4.00370    34.9299    34.9298 0.0000e+00
    498.000     1.6109     1.6081   3.060725   3.060476    320.266    314.416     0.1135     0.0048     0.1432    632.661   78.83300    4.00370    34.9292    34.9292 0.0000e+00
    499.000     1.5743     1.5778   3.057284   3.057515    320.407    314.335     0.1137     0.0022     0.1432    633.635   78.83300    4.00370    34.9256    34.9246 0.0000e+00
    500.000     1.5520     1.5510   3.055243   3.055156    320.590    314.242     0.1138     0.0062     0.1435    634.600   78.83300    4.00370    34.9239    34.9238 0.0000e+00
    501.000     1.5513     1.5505   3.055253   3.055244    320.227    313.378     0.1140     0.0096     0.1432    635.563   78.83300    4.00370    34.9241    34.9249 0.0000e+00
    502.000     1.5567     1.5570   3.055833   3.055884    320.598    312.940     0.1141     0.0073     0.1432    636.532   78.83300    4.00370    34.9249    34.9252 0.0000e+00
    503.000     1.5590     1.5595   3.056115   3.056230    321.148    313.025     0.1143     0.0024     0.1429    637.504   78.83300    4.00370    34.9254    34.9263 0.0000e+00
    504.000     1.5720     1.5713   3.057513   3.057467    321.115    312.878     0.1145     0.0032     0.1423    638.478   78.83300    4.00368    34.9282    34.9284 0.0000e+00
    505.000     1.5668     1.5663   3.057202   3.057146    320.967    312.941     0.1146     0.0089     0.1428    639.464   78.83300    4.00368    34.9294    34.9292 0.0000e+00
    506.000     1.5464     1.5458   3.055375   3.055273    320.888    313.285     0.1147     0.0029     0.1424    640.450   78.83300    4.00368    34.9283    34.9276 0.0000e+00
    507.000     1.5298     1.5294   3.053884   3.053847    320.233    313.367     0.1149     0.0023     0.1424    641.433   78.83300    4.00370    34.9272    34.9271 0.0000e+00
    508.000     1.5227     1.5225   3.053276   3.053254    319.632    313.321     0.1150     0.0023     0.1429    642.411   78.83300    4.00370    34.9267    34.9267 0.0000e+00
    509.000     1.5187     1.5185   3.052954   3.052936    320.304    313.480     0.1151     0.0020     0.1423    643.387   78.83300    4.00370    34.9265    34.9266 0.0000e+00
    510.000     1.5158     1.5155   3.052769   3.052761    320.978    313.120     0.1152     0.0023     0.1423    644.371   78.83300    4.00370    34.9268    34.9270 0.0000e+00
    511.000     1.5177     1.5173   3.053028   3.053014    321.420    313.255     0.1153     0.0023     0.1428    645.350   78.83300    4.00370    34.9274    34.9277 0.0000e+00
    512.000     1.5199     1.5196   3.053302   3.053293    321.164    313.115     0.1153     0.0023     0.1423    646.327   78.83300    4.00370    34.9279    34.9282 0.0000e+00
    513.000     1.5228     1.5225   3.053659   3.053670    320.773    313.323     0.1154     0.0023     0.1423    647.297   78.83300    4.00370    34.9286    34.9290 0.0000e+00
    514.000     1.5204     1.5203   3.053493   3.053483    320.051    313.523     0.1155     0.0023     0.1420    648.263   78.83300    4.00370    34.9286    34.9286 0.0000e+00
    515.000     1.5175     1.5156   3.053284   3.053127    319.889    313.568     0.1155     0.0023     0.1425    649.224   78.83300    4.00370    34.9286    34.9287 0.0000e+00
    516.000     1.5122     1.5116   3.052827   3.052757    320.071    313.652     0.1156     0.0024     0.1424    650.186   78.83300    4.00368    34.9281    34.9279 0.0000e+00
    517.000     1.5127     1.5120   3.052926   3.052886    320.254    313.514     0.1156     0.0078     0.1426    651.158   78.83300    4.00370    34.9283    34.9285 0.0000e+00
    518.000     1.5102     1.5092   3.052748   3.052674    320.412    313.728     0.1157     0.0048     0.1425    652.139   78.83300    4.00370    34.9282    34.9284 0.0000e+00
    519.000     1.5077     1.5070   3.052575   3.052504    320.580    313.658     0.1157     0.0023     0.1422    653.129   78.83300    4.00370    34.9282    34.9281 0.0000e+00
    520.000     1.5001     1.4997   3.051940   3.051918    320.527    313.471     0.1157     0.0023     0.1422    654.120   78.83300    4.00370    34.9280    34.9281 0.0000e+00
    521.000     1.4931     1.4929   3.051354   3.051320    320.430    313.716     0.1158     0.0023     0.1422    655.106   78.83300    4.00370    34.9278    34.9275 0.0000e+00
    522.000     1.4802     1.4800   3.050241   3.050233    320.397    313.610     0.1158     0.0040     0.1423    656.080   78.83300    4.00370    34.9273    34.9275 0.0000e+00
    523.000     1.4696     1.4695   3.049354   3.049338    320.098    313.015     0.1158     0.0083     0.1423    657.053   78.83300    4.00370    34.9273    34.9271 0.0000e+00
    524.000     1.4650     1.4648   3.049008   3.049016    320.157    313.043     0.1158     0.0026     0.1422    658.028   78.83300    4.00370    34.9274    34.9277 0.0000e+00
    525.000     1.4613     1.4608   3.048752   3.048708    320.470    313.060     0.1158     0.0023     0.1448    659.009   78.83300    4.00370    34.9277    34.9277 0.0000e+00
    526.000     1.4631     1.4628   3.049017   3.049022    320.640    313.311     0.1158     0.0023     0.1557    659.983   78.83300    4.00370    34.9285    34.9289 0.0000e+00
    527.000     1.4666     1.4664   3.049456   3.049458    320.904    313.118     0.1158     0.0023     0.1427    660.954   78.83300    4.00370    34.9296    34.9298 0.0000e+00
    528.000     1.4674     1.4671   3.049609   3.049624    321.142    313.467     0.1158     0.0067     0.1422    661.914   78.83300    4.00370    34.9301    34.9306 0.0000e+00
    529.000     1.4688     1.4686   3.049848   3.049875    321.246    313.492     0.1157     0.0058     0.1426    662.875   78.83300    4.00370    34.9310    34.9315 0.0000e+00
    530.000     1.4714     1.4708   3.050203   3.050166    320.940    313.464     0.1157     0.0051     0.1421    663.846   78.83300    4.00370    34.9320    34.9322 0.0000e+00
    531.000     1.4723     1.4719   3.050338   3.050343    320.869    313.831     0.1157     0.0073     0.1414    664.826   78.83300    4.00370    34.9322    34.9326 0.0000e+00
    532.000     1.4767     1.4760   3.050835   3.050807    320.794    313.985     0.1156     0.0037     0.1421    665.811   78.83300    4.00371    34.9330    34.9335 0.0000e+00
    533.000     1.4936     1.4928   3.052546   3.052546    320.790    313.820     0.1156     0.0084     0.1419    666.799   78.83300    4.00372    34.9355    34.9363 0.0000e+00
    534.000     1.4967     1.4965   3.052935   3.052930    321.142    313.975     0.1156     0.0027     0.1420    667.783   78.83300    4.00372    34.9363    34.9366 0.0000e+00
    535.000     1.4966     1.4961   3.052998   3.052983    321.427    314.437     0.1156     0.0023     0.1426    668.772   78.83300    4.00372    34.9368    34.9371 0.0000e+00
    536.000     1.4931     1.4928   3.052752   3.052720    321.451    314.414     0.1156     0.0023     0.1429    669.757   78.83300    4.00371    34.9369    34.9369 0.0000e+00
    537.000     1.4832     1.4829   3.051877   3.051833    321.638    314.933     0.1156     0.0023     0.1432    670.728   78.83300    4.00370    34.9362    34.9360 0.0000e+00
    538.000     1.4696     1.4693   3.050651   3.050610    321.522    315.140     0.1156     0.0066     0.1424    671.693   78.83300    4.00370    34.9351    34.9349 0.0000e+00
    539.000     1.4552     1.4557   3.049330   3.049362    321.484    315.267     0.1156     0.0061     0.1427    672.656   78.83300    4.00370    34.9338    34.9336 0.0000e+00
    540.000     1.4323     1.4322   3.047301   3.047246    321.510    314.811     0.1155     0.0024     0.1435    673.614   78.83300    4.00370    34.9328    34.9322 0.0000e+00
    541.000     1.4150     1.4148   3.045786   3.045771    321.590    314.729     0.1155     0.0040     0.1432    674.583   78.83300    4.00371    34.9322    34.9322 0.0000e+00
    542.000     1.4111     1.4107   3.045602   3.045586    321.654    314.436     0.1155     0.0095     0.1432    675.550   78.83300    4.00372    34.9336    34.9338 0.0000e+00
    543.000     1.4055     1.4052   3.045187   3.045179    321.991    314.319     0.1155     0.0096     0.1426    676.532   78.83300    4.00371    34.9339    34.9341 0.0000e+00
