test_project/cnv_files/sta0249_bin.cnv
* Sea-Bird SBE 9 Data File:
* FileName = C:\Seabird\CTDDATA\Sta0249.hex
* Software Version Seasave V 7.26.7.107
* Temperature SN = 03-4535
* Conductivity SN = 2860
* Number of Bytes Per Scan = 44
* Number of Voltage Words = 5
* Number of Scans Averaged by the Deck Unit = 1
* NMEA Latitude = 78 50.00 N
* NMEA Longitude = 007 59.96 E
* NMEA UTC (Time) = Sep 14 2019 22:59:25
* NMEA baud rate = 9600
** Ship: "Kronprins Haakon"
** Station: 0249
** Echodepth: 1008
** Log: 6521.449
** Wind-Dir Force(m/s): 05 12
** Air-temp (dry): 7.5
** Weather Sky: 0 5
** Sea Ice: 4 0
# nquan = 16
# nvalues = 1011                        
# units = specified
# name 0 = prDM: Pressure, Digiquartz [db]
# name 1 = t090C: Temperature [ITS-90, deg C]
# name 2 = t190C: Temperature, 2 [ITS-90, deg C]
# name 3 = c0S/m: Conductivity [S/m]
# name 4 = c1S/m: Conductivity, 2 [S/m]
# name 5 = sbox0Mm/Kg: Oxygen, SBE 43 [umol/kg]
# name 6 = sbox1Mm/Kg: Oxygen, SBE 43, 2 [umol/kg]
# name 7 = wetCDOM: Fluorescence, WET Labs CDOM [mg/m^3]
# name 8 = flECO-AFL: Fluorescence, WET Labs ECO-AFL/FL [mg/m^3]
# name 9 = CStarAt0: Beam Attenuation, WET Labs C-Star [1/m]
# name 10 = timeS: Time, Elapsed [seconds]
# name 11 = latitude: Latitude [deg]
# name 12 = longitude: Longitude [deg]
# name 13 = sal00: Salinity, Practical [PSU]
# name 14 = sal11: Salinity, Practical, 2 [PSU]
# name 15 = flag: flag
# span 0 =      1.000,   1011.000       
# span 1 =    -0.5509,     6.7115       
# span 2 =    -0.5500,     6.7106       
# span 3 =   2.895402,   3.491252       
# span 4 =   2.895478,   3.491158       
# span 5 =    299.691,    328.760       
# span 6 =    290.928,    320.538       
# span 7 =     0.1035,     0.1279       
# span 8 =    -0.0099,     2.3624       
# span 9 =     0.1354,     0.5093       
# span 10 =    147.324,   1144.768      
# span 11 =   78.83336,   78.83340      
# span 12 =    7.99948,    7.99956      
# span 13 =    34.8595,    35.0505      
# span 14 =    34.8594,    35.0505      
# span 15 = 0.0000e+00, 0.0000e+00      
# interval = decibars: 1                
# start_time = Sep 14 2019 22:59:25 [NMEA time, header]
# bad_flag = -9.990e-29
*END*
[from data line 452]
    453.000     3.4031     3.4029   3.222734   3.222706    318.617    310.308     0.1082     0.0023     0.1570    593.251   78.83338    7.99952    35.0011    35.0008 0.0000e+00
    454.000     3.3884     3.3879   3.221369   3.221333    319.032    310.328     0.1084     0.0023     0.1574    594.226   78.83338    7.99952    34.9998    34.9999 0.0000e+00
    455.000     3.3873     3.3867   3.221383   3.221358    318.456    310.489     0.1087     0.0023     0.1582    595.207   78.83338    7.99952    35.0006    35.0010 0.0000e+00
    456.000     3.3873     3.3865   3.221432   3.221382    318.362    310.645     0.1090     0.0023     0.1581    596.192   78.83338    7.99952    35.0007    35.0009 0.0000e+00
    457.000     3.3878     3.3871   3.221574   3.221552    318.789    310.698     0.1092     0.0023     0.1593    597.173   78.83338    7.99952    35.0013    35.0018 0.0000e+00
    458.000     3.3905     3.3899   3.221999   3.221963    318.781    310.409     0.1095     0.0023     0.1596    598.147   78.83338    7.99952    35.0029    35.0032 0.0000e+00
    459.000     3.3861     3.3853   3.221683   3.221631    318.835    310.727     0.1097     0.0023     0.1594    599.120   78.83338    7.99952    35.0033    35.0036 0.0000e+00
    460.000     3.3808     3.3806   3.221250   3.221234    318.603    310.789     0.1100     0.0023     0.1596    600.100   78.83338    7.99952    35.0032    35.0033 0.0000e+00
    461.000     3.3700     3.3697   3.220296   3.220275    318.311    310.589     0.1102     0.0023     0.1602    601.086   78.83338    7.99952    35.0028    35.0029 0.0000e+00
    462.000     3.3622     3.3619   3.219596   3.219565    318.142    310.430     0.1104     0.0023     0.1600    602.068   78.83338    7.99952    35.0023    35.0022 0.0000e+00
    463.000     3.3571     3.3566   3.219176   3.219147    317.846    310.529     0.1106     0.0023     0.1591    603.040   78.83338    7.99952    35.0021    35.0023 0.0000e+00
    464.000     3.3550     3.3544   3.219061   3.219030    318.382    310.546     0.1107     0.0023     0.1580    604.009   78.83338    7.99952    35.0024    35.0027 0.0000e+00
    465.000     3.3478     3.3478   3.218444   3.218443    318.348    310.797     0.1108     0.0023     0.1580    604.978   78.83338    7.99952    35.0022    35.0022 0.0000e+00
    466.000     3.3427     3.3420   3.218013   3.217985    318.052    310.662     0.1109     0.0023     0.1575    605.961   78.83338    7.99952    35.0020    35.0024 0.0000e+00
    467.000     3.3378     3.3374   3.217666   3.217633    318.282    310.362     0.1109     0.0023     0.1580    606.951   78.83338    7.99952    35.0025    35.0025 0.0000e+00
    468.000     3.3315     3.3310   3.217154   3.217104    318.245    310.334     0.1109     0.0023     0.1572    607.944   78.83338    7.99952    35.0025    35.0025 0.0000e+00
    469.000     3.3237     3.3243   3.216465   3.216544    318.087    310.459     0.1108     0.0026     0.1572    608.926   78.83338    7.99952    35.0020    35.0024 0.0000e+00
    470.000     3.3091     3.3086   3.215133   3.215045    318.100    310.392     0.1107     0.0023     0.1568    609.896   78.83338    7.99952    35.0012    35.0006 0.0000e+00
    471.000     3.2962     3.2960   3.213944   3.213922    318.016    310.653     0.1106     0.0046     0.1563    610.863   78.83338    7.99952    35.0001    35.0001 0.0000e+00
    472.000     3.2827     3.2824   3.212696   3.212665    317.705    310.990     0.1105     0.0081     0.1569    611.832   78.83338    7.99952    34.9991    34.9989 0.0000e+00
    473.000     3.2695     3.2692   3.211480   3.211446    318.282    310.745     0.1104     0.0025     0.1563    612.809   78.83338    7.99952    34.9980    34.9979 0.0000e+00
    474.000     3.2586     3.2581   3.210507   3.210461    318.942    310.874     0.1102     0.0023     0.1561    613.791   78.83338    7.99952    34.9974    34.9974 0.0000e+00
    475.000     3.2490     3.2486   3.209641   3.209609    318.971    310.901     0.1101     0.0025     0.1567    614.774   78.83338    7.99952    34.9967    34.9967 0.0000e+00
    476.000     3.2394     3.2389   3.208785   3.208741    318.878    310.835     0.1100     0.0082     0.1579    615.753   78.83338    7.99952    34.9962    34.9962 0.0000e+00
    477.000     3.2329     3.2325   3.208202   3.208170    319.079    310.898     0.1098     0.0096     0.1591    616.727   78.83338    7.99952    34.9956    34.9956 0.0000e+00
    478.000     3.2308     3.2303   3.208046   3.208010    318.915    311.042     0.1097     0.0053     0.1587    617.694   78.83338    7.99952    34.9954    34.9956 0.0000e+00
    479.000     3.2195     3.2191   3.207015   3.206975    319.207    311.705     0.1096     0.0023     0.1596    618.661   78.83338    7.99952    34.9946    34.9945 0.0000e+00
    480.000     3.2151     3.2145   3.206652   3.206612    319.661    311.791     0.1095     0.0050     0.1606    619.638   78.83338    7.99952    34.9944    34.9945 0.0000e+00
    481.000     3.2118     3.2113   3.206394   3.206364    320.338    312.117     0.1094     0.0078     0.1610    620.623   78.83338    7.99952    34.9942    34.9945 0.0000e+00
    482.000     3.2061     3.2055   3.205911   3.205860    321.449    312.708     0.1094     0.0024     0.1607    621.606   78.83338    7.99952    34.9939    34.9940 0.0000e+00
    483.000     3.2005     3.1999   3.205433   3.205403    321.692    313.241     0.1093     0.0023     0.1610    622.587   78.83338    7.99952    34.9937    34.9940 0.0000e+00
    484.000     3.1984     3.1977   3.205290   3.205256    321.638    313.413     0.1093     0.0023     0.1615    623.560   78.83338    7.99952    34.9937    34.9940 0.0000e+00
    485.000     3.1937     3.1932   3.204897   3.204857    321.692    313.318     0.1092     0.0024     0.1615    624.531   78.83338    7.99952    34.9935    34.9935 0.0000e+00
    486.000     3.1849     3.1842   3.204131   3.204070    321.627    313.409     0.1092     0.0075     0.1615    625.498   78.83338    7.99952    34.9930    34.9931 0.0000e+00
    487.000     3.1801     3.1795   3.203713   3.203684    321.345    313.758     0.1092     0.0051     0.1615    626.482   78.83338    7.99952    34.9926    34.9929 0.0000e+00
    488.000     3.1771     3.1765   3.203464   3.203431    321.115    313.559     0.1091     0.0023     0.1616    627.468   78.83338    7.99952    34.9923    34.9926 0.0000e+00
    489.000     3.1757     3.1750   3.203368   3.203356    321.224    313.497     0.1091     0.0023     0.1617    628.452   78.83338    7.99952    34.9921    34.9927 0.0000e+00
    490.000     3.1719     3.1713   3.203033   3.203031    321.011    313.484     0.1091     0.0046     0.1621    629.429   78.83338    7.99952    34.9917    34.9923 0.0000e+00
    491.000     3.1653     3.1648   3.202492   3.202445    320.929    313.276     0.1091     0.0079     0.1628    630.400   78.83338    7.99952    34.9916    34.9916 0.0000e+00
    492.000     3.1560     3.1552   3.201667   3.201615    320.814    313.107     0.1091     0.0024     0.1627    631.375   78.83338    7.99952    34.9911    34.9913 0.0000e+00
    493.000     3.1526     3.1520   3.201406   3.201368    320.202    312.812     0.1091     0.0023     0.1631    632.349   78.83338    7.99952    34.9911    34.9912 0.0000e+00
    494.000     3.1483     3.1472   3.201034   3.200951    320.825    312.816     0.1090     0.0023     0.1632    633.316   78.83338    7.99952    34.9907    34.9909 0.0000e+00
    495.000     3.1447     3.1442   3.200726   3.200637    321.075    312.637     0.1090     0.0023     0.1647    634.293   78.83338    7.99952    34.9903    34.9897 0.0000e+00
    496.000     3.1391     3.1374   3.200216   3.200072    320.526    312.770     0.1090     0.0023     0.1651    635.281   78.83338    7.99952    34.9896    34.9896 0.0000e+00
    497.000     3.1102     3.1112   3.197495   3.197540    320.776    313.338     0.1090     0.0068     0.1642    636.271   78.83338    7.99952    34.9872    34.9867 0.0000e+00
    498.000     3.1038     3.1037   3.196911   3.196936    320.421    313.191     0.1089     0.0058     0.1644    637.256   78.83338    7.99952    34.9864    34.9869 0.0000e+00
    499.000     3.1020     3.1015   3.196795   3.196774    319.823    312.840     0.1089     0.0023     0.1648    638.234   78.83338    7.99952    34.9864    34.9867 0.0000e+00
    500.000     3.0912     3.0909   3.195803   3.195778    320.411    312.833     0.1089     0.0046     0.1653    639.209   78.83338    7.99952    34.9855    34.9855 0.0000e+00
    501.000     3.0822     3.0813   3.194997   3.194929    320.322    312.858     0.1088     0.0084     0.1664    640.178   78.83338    7.99952    34.9849    34.9850 0.0000e+00
    502.000     3.0808     3.0802   3.194911   3.194891    319.644    312.308     0.1088     0.0025     0.1670    641.155   78.83338    7.99952    34.9847    34.9852 0.0000e+00
    503.000     3.0792     3.0786   3.194812   3.194778    320.049    312.187     0.1087     0.0023     0.1679    642.137   78.83338    7.99952    34.9848    34.9850 0.0000e+00
    504.000     3.0722     3.0719   3.194212   3.194199    320.082    311.915     0.1087     0.0026     0.1684    643.122   78.83338    7.99952    34.9845    34.9847 0.0000e+00
    505.000     3.0683     3.0678   3.193900   3.193888    319.954    312.210     0.1086     0.0023     0.1700    644.106   78.83338    7.99952    34.9843    34.9848 0.0000e+00
    506.000     3.0648     3.0640   3.193625   3.193581    319.577    312.247     0.1086     0.0023     0.1702    645.076   78.83338    7.99952    34.9843    34.9846 0.0000e+00
    507.000     3.0611     3.0604   3.193328   3.193285    318.893    311.920     0.1085     0.0023     0.1714    646.049   78.83338    7.99952    34.9841    34.9843 0.0000e+00
    508.000     3.0581     3.0575   3.193086   3.193057    319.136    311.334     0.1085     0.0093     0.1723    647.023   78.83338    7.99952    34.9838    34.9842 0.0000e+00
    509.000     3.0563     3.0557   3.192963   3.192934    319.058    311.488     0.1084     0.0114     0.1730    647.987   78.83338    7.99952    34.9837    34.9840 0.0000e+00
    510.000     3.0543     3.0539   3.192815   3.192809    318.937    311.775     0.1084     0.0044     0.1736    648.956   78.83338    7.99952    34.9836    34.9839 0.0000e+00
    511.000     3.0513     3.0507   3.192580   3.192569    318.931    311.997     0.1084     0.0084     0.1745    649.939   78.83338    7.99952    34.9834    34.9839 0.0000e+00
    512.000     3.0502     3.0497   3.192530   3.192515    318.899    312.074     0.1083     0.0033     0.1747    650.931   78.83338    7.99952    34.9834    34.9838 0.0000e+00
    513.000     3.0477     3.0470   3.192342   3.192315    318.889    311.969     0.1083     0.0087     0.1751    651.922   78.83338    7.99952    34.9833    34.9837 0.0000e+00
    514.000     3.0463     3.0455   3.192260   3.192239    318.971    311.811     0.1083     0.0031     0.1754    652.908   78.83338    7.99952    34.9833    34.9839 0.0000e+00
    515.000     3.0447     3.0442   3.192173   3.192158    318.717    311.703     0.1083     0.0023     0.1760    653.886   78.83338    7.99952    34.9834    34.9837 0.0000e+00
    516.000     3.0438     3.0431   3.192138   3.192108    318.988    312.043     0.1083     0.0023     0.1755    654.863   78.83338    7.99952    34.9834    34.9838 0.0000e+00
    517.000     3.0435     3.0426   3.192166   3.192121    318.463    312.007     0.1083     0.0023     0.1757    655.835   78.83338    7.99952    34.9835    34.9839 0.0000e+00
    518.000     3.0384     3.0378   3.191746   3.191712    318.292    311.859     0.1083     0.0093     0.1758    656.813   78.83338    7.99952    34.9834    34.9836 0.0000e+00
    519.000     3.0377     3.0368   3.191733   3.191680    318.740    311.802     0.1083     0.0143     0.1762    657.789   78.83338    7.99952    34.9834    34.9837 0.0000e+00
    520.000     3.0371     3.0363   3.191717   3.191681    318.711    311.900     0.1083     0.0077     0.1758    658.768   78.83338    7.99952    34.9834    34.9838 0.0000e+00
    521.000     3.0363     3.0357   3.191708   3.191679    318.558    311.968     0.1083     0.0025     0.1750    659.737   78.83338    7.99952    34.9835    34.9839 0.0000e+00
    522.000     3.0350     3.0344   3.191623   3.191602    318.306    311.774     0.1083     0.0017     0.1756    660.698   78.83338    7.99952    34.9834    34.9838 0.0000e+00
    523.000     3.0347     3.0341   3.191645   3.191621    318.910    311.837     0.1083    -0.0043     0.1758    661.672   78.83338    7.99952    34.9835    34.9838 0.0000e+00
    524.000     3.0334     3.0328   3.191579   3.191543    319.145    311.957     0.1083     0.0010     0.1764    662.648   78.83338    7.99952    34.9835    34.9837 0.0000e+00
    525.000     3.0316     3.0308   3.191454   3.191409    318.951    311.662     0.1083     0.0077     0.1761    663.639   78.83338    7.99952    34.9833    34.9836 0.0000e+00
    526.000     3.0313     3.0306   3.191477   3.191430    319.215    311.691     0.1082     0.0144     0.1760    664.626   78.83338    7.99951    34.9834    34.9836 0.0000e+00
    527.000     3.0271     3.0268   3.191143   3.191115    318.905    311.999     0.1082     0.0129     0.1807    665.619   78.83338    7.99950    34.9834    34.9833 0.0000e+00
    528.000     3.0160     3.0158   3.190153   3.190133    318.445    312.057     0.1082     0.0063     0.1763    666.601   78.83338    7.99950    34.9828    34.9827 0.0000e+00
    529.000     3.0072     3.0067   3.189380   3.189340    318.339    311.911     0.1082     0.0023     0.1766    667.580   78.83338    7.99950    34.9823    34.9824 0.0000e+00
    530.000     3.0024     3.0019   3.188979   3.188954    318.311    311.846     0.1082     0.0023     0.1775    668.551   78.83338    7.99950    34.9821    34.9823 0.0000e+00
    531.000     2.9987     2.9972   3.188667   3.188547    318.460    311.579     0.1082     0.0023     0.1766    669.527   78.83338    7.99950    34.9817    34.9819 0.0000e+00
    532.000     2.9957     2.9953   3.188423   3.188423    318.977    311.224     0.1082     0.0026     0.1767    670.507   78.83338    7.99950    34.9814    34.9819 0.0000e+00
    533.000     2.9943     2.9940   3.188334   3.188341    319.283    311.326     0.1082     0.0025     0.1770    671.484   78.83338    7.99950    34.9813    34.9818 0.0000e+00
    534.000     2.9944     2.9934   3.188390   3.188327    319.167    311.328     0.1082     0.0024     0.1767    672.453   78.83338    7.99950    34.9814    34.9816 0.0000e+00
    535.000     2.9916     2.9914   3.188165   3.188175    319.207    311.517     0.1082     0.0023     0.1768    673.418   78.83338    7.99948    34.9811    34.9814 0.0000e+00
    536.000     2.9832     2.9832   3.187408   3.187416    319.361    311.857     0.1083     0.0023     0.1777    674.376   78.83338    7.99948    34.9804    34.9805 0.0000e+00
    537.000     2.9719     2.9715   3.186406   3.186376    318.969    311.850     0.1083     0.0026     0.1775    675.346   78.83338    7.99948    34.9799    34.9799 0.0000e+00
    538.000     2.9688     2.9681   3.186150   3.186114    318.411    311.621     0.1083     0.0026     0.1768    676.335   78.83338    7.99950    34.9795    34.9799 0.0000e+00
    539.000     2.9666     2.9659   3.185996   3.185964    318.534    311.794     0.1084     0.0070     0.1767    677.338   78.83338    7.99950    34.9795    34.9798 0.0000e+00
    540.000     2.9652     2.9643   3.185911   3.185849    318.479    311.997     0.1084     0.0136     0.1768    678.329   78.83338    7.99950    34.9795    34.9796 0.0000e+00
    541.000     2.9600     2.9595   3.185459   3.185440    319.029    312.064     0.1084     0.0036     0.1776    679.308   78.83338    7.99950    34.9790    34.9793 0.0000e+00
    542.000     2.9593     2.9583   3.185441   3.185378    318.784    311.888     0.1084     0.0088     0.1790    680.275   78.83338    7.99950    34.9789    34.9793 0.0000e+00
