test_project/cnv_files/Sta0227_bin.cnv
* Sea-Bird SBE 9 Data File:
* FileName = C:\Seabird\CTDDATA\Sta0227.hex
* Software Version Seasave V 7.26.7.107
* Temperature SN = 03-4535
* Conductivity SN = 2860
* Number of Bytes Per Scan = 44
* Number of Voltage Words = 5
* Number of Scans Averaged by the Deck Unit = 1
* NMEA Latitude = 78 00.16 N
* NMEA Longitude = 016 38.82 W
* NMEA UTC (Time) = Sep 08 2019 09:21:55
* NMEA baud rate = 9600
** Ship: "Kronprins Haakon"
** Station: 0227
** Echodepth: 483
** Log: 6079.04
** Wind-Dir Force(m/s): 32 09
** Air-temp (dry): -4.0
** Weather Sky: 0 1
** Sea Ice: 1 5
# nquan = 17
# nvalues = 467                         
# units = specified
# name 0 = prDM: Pressure, Digiquartz [db]
# name 1 = t090C: Temperature [ITS-90, deg C]
# name 2 = t190C: Temperature, 2 [ITS-90, deg C]
# name 3 = c0S/m: Conductivity [S/m]
# name 4 = c1S/m: Conductivity, 2 [S/m]
# name 5 = sbox0Mm/Kg: Oxygen, SBE 43 [umol/kg]
# name 6 = sbox1Mm/Kg: Oxygen, SBE 43, 2 [umol/kg]
# name 7 = wetCDOM: Fluorescence, WET Labs CDOM [mg/m^3]
# name 8 = flECO-AFL: Fluorescence, WET Labs ECO-AFL/FL [mg/m^3]
# name 9 = CStarAt0: Beam Attenuation, WET Labs C-Star [1/m]
# name 10 = timeS: Time, Elapsed [seconds]
# name 11 = latitude: Latitude [deg]
# name 12 = longitude: Longitude [deg]
# name 13 = upoly0: Upoly 0, ISUS
# name 14 = sal00: Salinity, Practical [PSU]
# name 15 = sal11: Salinity, Practical, 2 [PSU]
# name 16 = flag: flag
# span 0 =     10.000,    476.000       
# span 1 =    -1.6616,     1.6898       
# span 2 =    -1.6616,     1.6892       
# span 3 =   0.831620,   3.056405       
# span 4 =   2.364311,   3.056270       
# span 5 =    238.558,    424.846       
# span 6 =    296.251,    411.782       
# span 7 =     0.1194,     0.1794       
# span 8 =    -0.0020,     0.6508       
# span 9 =     0.1390,     0.2627       
# span 10 =    186.567,   1005.993      
# span 11 =   78.00288,   78.00320      
# span 12 =  -16.64536,  -16.63941      
# span 13 =  13.028017,  25.904781      
# span 14 =     9.0711,    34.9134      
# span 15 =    28.9932,    34.9128      
# span 16 = 0.0000e+00, 0.0000e+00      
# interval = decibars: 1                
# start_time = Sep 08 2019 09:21:55 [NMEA time, header]
# bad_flag = -9.990e-29
*END*
[from data line 171]
    181.000     0.4868     0.4869   2.914723   2.914664    314.062    307.922     0.1284     0.0088     0.1532    682.472   78.00308  -16.64162  23.976036    34.4856    34.4847 0.0000e+00
    182.000     0.4973     0.4975   2.915918   2.915851    314.365    307.794     0.1283     0.0116     0.1541    683.520   78.00308  -16.64161  24.701924    34.4889    34.4878 0.0000e+00
    183.000     0.5048     0.5048   2.916739   2.916674    314.710    307.736     0.1282     0.0110     0.1548    684.569   78.00308  -16.64160  24.728770    34.4907    34.4898 0.0000e+00
    184.000     0.5161     0.5161   2.917949   2.917888    314.323    307.770     0.1281     0.0014     0.1546    685.615   78.00308  -16.64160  24.662874    34.4932    34.4925 0.0000e+00
    185.000     0.5287     0.5290   2.919267   2.919206    314.217    307.536     0.1280     0.0137     0.1547    686.657   78.00308  -16.64159  24.945183    34.4958    34.4947 0.0000e+00
    186.000     0.5303     0.5307   2.919522   2.919450    314.147    307.507     0.1280     0.0436     0.1543    687.686   78.00308  -16.64158  24.704728    34.4967    34.4954 0.0000e+00
    187.000     0.5253     0.5255   2.919177   2.919105    314.143    307.569     0.1279     0.0106     0.1550    688.708   78.00308  -16.64158  24.127528    34.4973    34.4961 0.0000e+00
    188.000     0.5369     0.5366   2.920367   2.920296    313.463    307.039     0.1278     0.0096     0.1551    689.729   78.00308  -16.64157  24.113650    34.4993    34.4986 0.0000e+00
    189.000     0.5347     0.5352   2.920392   2.920324    313.142    306.809     0.1277     0.0096     0.1551    690.749   78.00308  -16.64156  24.487671    34.5014    34.4999 0.0000e+00
    190.000     0.5399     0.5403   2.921025   2.920999    313.595    306.983     0.1277     0.0092     0.1551    691.772   78.00309  -16.64156  24.585474    34.5032    34.5025 0.0000e+00
    191.000     0.5511     0.5512   2.922208   2.922153    313.646    306.788     0.1276     0.0004     0.1556    692.798   78.00310  -16.64155  24.666021    34.5056    34.5047 0.0000e+00
    192.000     0.5503     0.5506   2.922321   2.922262    314.105    306.583     0.1275     0.0172     0.1552    693.834   78.00310  -16.64154  24.635726    34.5074    34.5063 0.0000e+00
    193.000     0.5578     0.5580   2.923205   2.923161    314.523    306.644     0.1274     0.0163     0.1553    694.884   78.00310  -16.64153  23.847896    34.5100    34.5092 0.0000e+00
    194.000     0.5664     0.5666   2.924171   2.924109    314.104    306.912     0.1273     0.0151     0.1561    695.933   78.00310  -16.64152  24.320518    34.5124    34.5113 0.0000e+00
    195.000     0.5696     0.5697   2.924600   2.924546    314.057    306.876     0.1272     0.0109     0.1560    696.979   78.00310  -16.64152  24.718252    34.5138    34.5130 0.0000e+00
    196.000     0.5731     0.5733   2.925018   2.924968    313.549    306.883     0.1271     0.0096     0.1555    698.021   78.00310  -16.64150  25.171114    34.5148    34.5139 0.0000e+00
    197.000     0.5770     0.5772   2.925543   2.925488    313.807    306.919     0.1270     0.0096     0.1559    699.054   78.00310  -16.64150  24.975020    34.5166    34.5157 0.0000e+00
    198.000     0.5816     0.5819   2.926125   2.926080    313.736    306.887     0.1269     0.0096     0.1560    700.080   78.00310  -16.64150  24.549002    34.5185    34.5176 0.0000e+00
    199.000     0.5867     0.5869   2.926768   2.926728    313.573    306.724     0.1268     0.0126     0.1560    701.102   78.00310  -16.64148  24.383906    34.5206    34.5198 0.0000e+00
    200.000     0.5907     0.5909   2.927280   2.927234    313.619    306.346     0.1267     0.0190     0.1554    702.117   78.00310  -16.64148  24.566630    34.5222    34.5213 0.0000e+00
    201.000     0.5939     0.5942   2.927696   2.927655    313.511    306.114     0.1267     0.0228     0.1561    703.138   78.00310  -16.64148  25.058649    34.5235    34.5226 0.0000e+00
    202.000     0.5989     0.5991   2.928322   2.928284    313.588    306.116     0.1266     0.0183     0.1560    704.168   78.00310  -16.64146  24.707589    34.5255    34.5247 0.0000e+00
    203.000     0.6023     0.6025   2.928785   2.928739    313.709    306.604     0.1266     0.0097     0.1554    705.208   78.00310  -16.64146  24.682737    34.5271    34.5263 0.0000e+00
    204.000     0.6067     0.6069   2.929322   2.929297    313.703    306.777     0.1265     0.0128     0.1553    706.254   78.00310  -16.64144  24.678683    34.5286    34.5280 0.0000e+00
    205.000     0.6094     0.6096   2.929711   2.929663    313.344    306.666     0.1265     0.0218     0.1560    707.300   78.00310  -16.64144  24.665444    34.5301    34.5292 0.0000e+00
    206.000     0.6098     0.6101   2.929845   2.929802    312.911    306.787     0.1265     0.0147     0.1561    708.346   78.00310  -16.64144  24.622693    34.5307    34.5299 0.0000e+00
    207.000     0.6101     0.6104   2.929997   2.929946    313.231    306.711     0.1264     0.0103     0.1555    709.391   78.00310  -16.64142  24.533352    34.5319    34.5309 0.0000e+00
    208.000     0.6119     0.6122   2.930339   2.930286    313.472    306.602     0.1264     0.0135     0.1554    710.423   78.00310  -16.64142  24.627600    34.5337    34.5327 0.0000e+00
    209.000     0.6121     0.6123   2.930549   2.930504    313.366    306.707     0.1264     0.0017     0.1556    711.449   78.00310  -16.64142  24.937322    34.5356    34.5348 0.0000e+00
    210.000     0.6178     0.6180   2.931254   2.931219    313.370    306.584     0.1264     0.0089     0.1561    712.469   78.00310  -16.64140  25.135170    34.5378    34.5372 0.0000e+00
    211.000     0.6242     0.6242   2.932013   2.931983    313.597    306.050     0.1264     0.0152     0.1559    713.492   78.00310  -16.64140  24.590157    34.5400    34.5395 0.0000e+00
    212.000     0.6305     0.6307   2.932763   2.932731    313.853    306.320     0.1264     0.0218     0.1562    714.519   78.00310  -16.64140  24.740639    34.5421    34.5415 0.0000e+00
    213.000     0.6349     0.6351   2.933297   2.933253    313.710    306.428     0.1264     0.0128     0.1576    715.549   78.00310  -16.64138  24.663752    34.5436    34.5427 0.0000e+00
    214.000     0.6353     0.6355   2.933485   2.933459    313.550    306.181     0.1264     0.0095     0.1561    716.587   78.00310  -16.64137  24.493110    34.5450    34.5444 0.0000e+00
    215.000     0.6394     0.6396   2.934001   2.933967    313.507    305.876     0.1264     0.0037     0.1561    717.632   78.00310  -16.64136  24.780229    34.5465    34.5459 0.0000e+00
    216.000     0.6418     0.6419   2.934353   2.934309    313.259    306.102     0.1264     0.0012     0.1561    718.679   78.00310  -16.64136  24.988738    34.5479    34.5471 0.0000e+00
    217.000     0.6442     0.6444   2.934726   2.934698    312.847    305.816     0.1264     0.0062     0.1561    719.723   78.00310  -16.64135  24.875636    34.5494    34.5488 0.0000e+00
    218.000     0.6478     0.6480   2.935220   2.935181    312.368    305.623     0.1264     0.0096     0.1564    720.765   78.00310  -16.64134  24.669022    34.5512    34.5505 0.0000e+00
    219.000     0.6525     0.6526   2.935827   2.935795    312.850    305.945     0.1265     0.0058     0.1565    721.793   78.00310  -16.64134  24.600060    34.5533    34.5528 0.0000e+00
    220.000     0.6594     0.6596   2.936641   2.936620    313.152    306.053     0.1265     0.0048     0.1561    722.817   78.00310  -16.64133  24.692991    34.5557    34.5552 0.0000e+00
    221.000     0.6647     0.6649   2.937359   2.937329    313.087    305.961     0.1265     0.0096     0.1561    723.840   78.00310  -16.64132  23.988631    34.5584    34.5579 0.0000e+00
    222.000     0.6737     0.6738   2.938468   2.938454    313.058    305.941     0.1265     0.0113     0.1560    724.863   78.00310  -16.64131  24.187596    34.5622    34.5619 0.0000e+00
    223.000     0.6811     0.6814   2.939372   2.939338    313.182    305.860     0.1266     0.0136     0.1556    725.890   78.00310  -16.64130  24.284343    34.5651    34.5644 0.0000e+00
    224.000     0.6852     0.6854   2.939929   2.939887    312.970    305.372     0.1266     0.0108     0.1561    726.921   78.00310  -16.64130  24.446431    34.5672    34.5665 0.0000e+00
    225.000     0.6930     0.6931   2.940942   2.940921    313.038    305.337     0.1266     0.0145     0.1561    727.961   78.00310  -16.64129  24.670301    34.5710    34.5707 0.0000e+00
    226.000     0.7049     0.7050   2.942428   2.942391    313.135    305.675     0.1267     0.0084     0.1561    729.012   78.00310  -16.64128  24.486401    34.5765    34.5760 0.0000e+00
    227.000     0.7115     0.7116   2.943241   2.943205    313.136    305.975     0.1267     0.0034     0.1556    730.053   78.00310  -16.64128  24.375978    34.5792    34.5785 0.0000e+00
    228.000     0.7197     0.7199   2.944224   2.944199    313.191    305.571     0.1267     0.0135     0.1561    731.098   78.00310  -16.64126  24.679425    34.5822    34.5817 0.0000e+00
    229.000     0.7283     0.7284   2.945229   2.945196    312.446    305.373     0.1268     0.0021     0.1557    732.144   78.00310  -16.64126  24.545204    34.5851    34.5845 0.0000e+00
    230.000     0.7341     0.7343   2.945912   2.945882    312.282    305.209     0.1268     0.0028     0.1555    733.197   78.00310  -16.64126  24.215028    34.5868    34.5863 0.0000e+00
    231.000     0.7382     0.7384   2.946534   2.946511    311.640    305.317     0.1268     0.0204     0.1558    734.240   78.00310  -16.64124  24.166629    34.5898    34.5892 0.0000e+00
    232.000     0.7460     0.7460   2.947507   2.947476    311.330    305.362     0.1268     0.0055     0.1553    735.259   78.00310  -16.64124  24.752893    34.5931    34.5927 0.0000e+00
    233.000     0.7577     0.7579   2.948834   2.948824    311.759    305.282     0.1269     0.0181     0.1557    736.280   78.00310  -16.64124  24.443087    34.5967    34.5964 0.0000e+00
    234.000     0.7653     0.7655   2.949783   2.949751    312.020    305.245     0.1269     0.0130     0.1554    737.305   78.00310  -16.64122  24.356200    34.5999    34.5994 0.0000e+00
    235.000     0.7688     0.7690   2.950312   2.950288    312.266    305.277     0.1269     0.0136     0.1551    738.335   78.00310  -16.64122  24.738939    34.6023    34.6017 0.0000e+00
    236.000     0.7739     0.7741   2.951001   2.950985    311.939    305.212     0.1269     0.0115     0.1553    739.371   78.00310  -16.64120  24.653415    34.6049    34.6046 0.0000e+00
    237.000     0.7823     0.7824   2.951972   2.951958    311.259    305.141     0.1269     0.0047     0.1551    740.416   78.00310  -16.64120  24.614261    34.6076    34.6073 0.0000e+00
    238.000     0.7920     0.7922   2.953061   2.953039    311.577    305.092     0.1269     0.0058     0.1552    741.457   78.00310  -16.64120  25.008478    34.6103    34.6098 0.0000e+00
    239.000     0.7977     0.7980   2.953773   2.953756    311.789    305.154     0.1269     0.0126     0.1550    742.501   78.00310  -16.64118  24.715712    34.6126    34.6121 0.0000e+00
    240.000     0.8074     0.8076   2.954957   2.954951    311.608    304.989     0.1269     0.0131     0.1550    743.545   78.00310  -16.64118  25.404235    34.6165    34.6163 0.0000e+00
    241.000     0.8167     0.8168   2.956091   2.956060    311.331    304.939     0.1269     0.0096     0.1556    744.582   78.00310  -16.64117  25.377567    34.6203    34.6198 0.0000e+00
    242.000     0.8209     0.8211   2.956630   2.956586    311.454    305.023     0.1269     0.0096     0.1555    745.609   78.00310  -16.64116  24.568285    34.6220    34.6212 0.0000e+00
    243.000     0.8321     0.8323   2.958006   2.957984    311.193    304.977     0.1269     0.0096     0.1551    746.629   78.00310  -16.64116  24.493691    34.6267    34.6263 0.0000e+00
    244.000     0.8404     0.8404   2.958984   2.958961    311.200    304.877     0.1269     0.0108     0.1551    747.652   78.00310  -16.64115  24.371756    34.6296    34.6292 0.0000e+00
    245.000     0.8471     0.8473   2.959818   2.959808    311.422    304.847     0.1269     0.0168     0.1551    748.676   78.00310  -16.64114  24.449456    34.6323    34.6320 0.0000e+00
    246.000     0.8594     0.8595   2.961315   2.961291    311.224    304.763     0.1269     0.0143     0.1549    749.704   78.00310  -16.64113  24.404851    34.6375    34.6370 0.0000e+00
    247.000     0.8703     0.8704   2.962634   2.962628    310.971    304.637     0.1269     0.0026     0.1549    750.735   78.00310  -16.64112  24.395515    34.6418    34.6416 0.0000e+00
    248.000     0.8859     0.8860   2.964432   2.964414    310.652    304.299     0.1269     0.0091     0.1551    751.770   78.00310  -16.64112  24.703877    34.6470    34.6467 0.0000e+00
    249.000     0.8969     0.8970   2.965713   2.965700    310.595    303.929     0.1268     0.0096     0.1545    752.811   78.00311  -16.64111  24.397302    34.6508    34.6505 0.0000e+00
    250.000     0.9176     0.9177   2.968077   2.968070    310.828    304.082     0.1268     0.0096     0.1536    753.855   78.00312  -16.64110  23.991858    34.6576    34.6575 0.0000e+00
    251.000     0.9417     0.9420   2.970784   2.970816    310.564    304.199     0.1268     0.0099     0.1537    754.896   78.00312  -16.64110  24.388197    34.6652    34.6653 0.0000e+00
    252.000     0.9569     0.9572   2.972551   2.972564    310.815    304.417     0.1268     0.0199     0.1527    755.929   78.00312  -16.64109  24.138034    34.6705    34.6704 0.0000e+00
    253.000     0.9752     0.9750   2.974667   2.974641    310.487    304.366     0.1268     0.0127     0.1526    756.960   78.00312  -16.64108  24.088209    34.6768    34.6767 0.0000e+00
    254.000     0.9923     0.9922   2.976589   2.976564    309.555    304.415     0.1268     0.0096     0.1518    757.995   78.00312  -16.64108  24.441416    34.6820    34.6818 0.0000e+00
    255.000     1.0027     1.0028   2.977766   2.977728    309.315    304.376     0.1267     0.0047     0.1515    759.020   78.00312  -16.64107  24.566981    34.6850    34.6844 0.0000e+00
    256.000     1.0066     1.0069   2.978232   2.978194    309.141    303.949     0.1267     0.0091     0.1510    760.047   78.00312  -16.64106  24.327018    34.6861    34.6853 0.0000e+00
    257.000     1.0107     1.0110   2.978730   2.978701    308.830    303.691     0.1267     0.0071     0.1510    761.073   78.00312  -16.64106  24.273650    34.6873    34.6867 0.0000e+00
    258.000     1.0288     1.0285   2.980721   2.980686    308.241    303.537     0.1267     0.0087     0.1512    762.100   78.00312  -16.64104  24.814254    34.6923    34.6922 0.0000e+00
    259.000     1.0491     1.0489   2.983057   2.983012    308.587    302.989     0.1266     0.0126     0.1520    763.143   78.00312  -16.64104  24.850695    34.6992    34.6989 0.0000e+00
    260.000     1.0692     1.0686   2.985314   2.985247    309.317    303.059     0.1266     0.0096     0.1514    764.181   78.00312  -16.64102  24.535728    34.7053    34.7051 0.0000e+00
    261.000     1.0860     1.0859   2.987178   2.987153    309.004    303.087     0.1266     0.0109     0.1513    765.209   78.00312  -16.64102  24.621932    34.7100    34.7098 0.0000e+00
    262.000     1.1061     1.1055   2.989359   2.989294    308.201    302.949     0.1265     0.0134     0.1513    766.237   78.00312  -16.64102  24.709008    34.7151    34.7149 0.0000e+00
    263.000     1.1295     1.1292   2.991917   2.991905    308.102    302.633     0.1265     0.0096     0.1508    767.249   78.00312  -16.64100  24.648901    34.7214    34.7215 0.0000e+00
    264.000     1.1476     1.1479   2.993912   2.993895    308.046    302.682     0.1265     0.0096     0.1501    768.267   78.00312  -16.64100  24.677457    34.7263    34.7258 0.0000e+00
