test_project/cnv_files/sta0238_bin.cnv
* Sea-Bird SBE 9 Data File:
* FileName = C:\Seabird\CTDDATA\Sta0238.hex
* Software Version Seasave V 7.26.7.107
* Temperature SN = 03-4535
* Conductivity SN = 2860
* Number of Bytes Per Scan = 44
* Number of Voltage Words = 5
* Number of Scans Averaged by the Deck Unit = 1
* NMEA Latitude = 78 49.27 N
* NMEA Longitude = 004 01.32 W
* NMEA UTC (Time) = Sep 12 2019 14:28:48
* NMEA baud rate = 9600
** Ship: "Kronprins Haakon"
** Station: 0238
** Echodepth: 1842
** Log: 6357.27
** Wind-Dir Force(m/s): 03 28
** Air-temp (dry): -0.4
** Weather Sky: 7 8
** Sea Ice: 4 1
# nquan = 16
# nvalues = 1869                        
# units = specified
# name 0 = prDM: Pressure, Digiquartz [db]
# name 1 = t090C: Temperature [ITS-90, deg C]
# name 2 = t190C: Temperature, 2 [ITS-90, deg C]
# name 3 = c0S/m: Conductivity [S/m]
# name 4 = c1S/m: Conductivity, 2 [S/m]
# name 5 = sbox0Mm/Kg: Oxygen, SBE 43 [umol/kg]
# name 6 = sbox1Mm/Kg: Oxygen, SBE 43, 2 [umol/kg]
# name 7 = wetCDOM: Fluorescence, WET Labs CDOM [mg/m^3]
# name 8 = flECO-AFL: Fluorescence, WET Labs ECO-AFL/FL [mg/m^3]
# name 9 = CStarAt0: Beam Attenuation, WET Labs C-Star [1/m]
# name 10 = timeS: Time, Elapsed [seconds]
# name 11 = latitude: Latitude [deg]
# name 12 = longitude: Longitude [deg]
# name 13 = sal00: Salinity, Practical [PSU]
# name 14 = sal11: Salinity, Practical, 2 [PSU]
# name 15 = flag: flag
# span 0 =      2.000,   1870.000       
# span 1 =    -1.5957,     2.8500       
# span 2 =    -1.5960,     2.8499       
# span 3 =   2.426862,   3.161601       
# span 4 =   2.426551,   3.161537       
# span 5 =    303.521,    413.707       
# span 6 =    301.979,    399.280       
# span 7 =     0.1023,     0.1831       
# span 8 =    -0.0041,     0.9908       
# span 9 =     0.1196,     0.3642       
# span 10 =    201.228,   2036.922      
# span 11 =   78.82116,   78.82120      
# span 12 =   -4.02224,   -4.02208      
# span 13 =    30.2613,    34.9684      
# span 14 =    30.2586,    34.9678      
# span 15 = 0.0000e+00, 0.0000e+00      
# interval = decibars: 1                
# start_time = Sep 12 2019 14:28:48 [NMEA time, header]
# bad_flag = -9.990e-29
*END*
[from data line 995]
    997.000    -0.0336    -0.0336   2.937975   2.938006    317.599    310.937     0.1210     0.0022     0.1229   1177.048   78.82120   -4.02218    34.8975    34.8979 0.0000e+00
    998.000    -0.0343    -0.0342   2.937973   2.938007    317.375    310.952     0.1211     0.0136     0.1229   1178.016   78.82120   -4.02218    34.8976    34.8981 0.0000e+00
    999.000    -0.0354    -0.0353   2.937926   2.937962    317.876    310.673     0.1211     0.0042     0.1229   1178.991   78.82120   -4.02218    34.8977    34.8981 0.0000e+00
   1000.000    -0.0358    -0.0359   2.937933   2.937965    317.384    310.300     0.1212     0.0070     0.1228   1179.966   78.82120   -4.02218    34.8978    34.8982 0.0000e+00
   1001.000    -0.0362    -0.0363   2.937948   2.937981    317.440    310.596     0.1212     0.0043     0.1225   1180.937   78.82120   -4.02218    34.8978    34.8983 0.0000e+00
   1002.000    -0.0370    -0.0370   2.937921   2.937965    317.499    310.429     0.1211     0.0075     0.1225   1181.913   78.82120   -4.02218    34.8978    34.8983 0.0000e+00
   1003.000    -0.0375    -0.0376   2.937917   2.937949    317.230    310.239     0.1211     0.0133     0.1229   1182.890   78.82120   -4.02218    34.8977    34.8982 0.0000e+00
   1004.000    -0.0390    -0.0390   2.937842   2.937861    317.607    310.529     0.1210     0.0097     0.1229   1183.864   78.82120   -4.02218    34.8978    34.8981 0.0000e+00
   1005.000    -0.0404    -0.0404   2.937758   2.937794    317.784    310.781     0.1209     0.0096     0.1231   1184.838   78.82120   -4.02218    34.8977    34.8982 0.0000e+00
   1006.000    -0.0426    -0.0425   2.937614   2.937669    317.602    310.634     0.1208     0.0096     0.1228   1185.811   78.82120   -4.02218    34.8978    34.8983 0.0000e+00
   1007.000    -0.0456    -0.0456   2.937400   2.937442    317.498    310.150     0.1206     0.0096     0.1228   1186.789   78.82120   -4.02218    34.8977    34.8983 0.0000e+00
   1008.000    -0.0461    -0.0461   2.937406   2.937438    317.880    310.400     0.1205     0.0095     0.1228   1187.766   78.82120   -4.02218    34.8978    34.8983 0.0000e+00
   1009.000    -0.0465    -0.0465   2.937422   2.937461    317.710    310.733     0.1203     0.0038     0.1229   1188.740   78.82120   -4.02218    34.8979    34.8984 0.0000e+00
   1010.000    -0.0456    -0.0456   2.937562   2.937602    317.505    310.267     0.1202     0.0013     0.1223   1189.710   78.82119   -4.02218    34.8981    34.8987 0.0000e+00
   1011.000    -0.0453    -0.0453   2.937631   2.937670    317.282    310.141     0.1201     0.0012     0.1228   1190.676   78.82118   -4.02218    34.8981    34.8987 0.0000e+00
   1012.000    -0.0455    -0.0456   2.937666   2.937695    317.092    310.396     0.1200     0.0066     0.1228   1191.640   78.82118   -4.02218    34.8983    34.8987 0.0000e+00
   1013.000    -0.0467    -0.0468   2.937599   2.937638    317.056    310.399     0.1199     0.0143     0.1227   1192.607   78.82119   -4.02218    34.8982    34.8988 0.0000e+00
   1014.000    -0.0479    -0.0478   2.937548   2.937604    316.933    309.920     0.1199     0.0080     0.1229   1193.581   78.82120   -4.02218    34.8983    34.8989 0.0000e+00
   1015.000    -0.0484    -0.0484   2.937584   2.937610    316.966    310.167     0.1198     0.0023     0.1227   1194.556   78.82120   -4.02218    34.8987    34.8990 0.0000e+00
   1016.000    -0.0491    -0.0491   2.937558   2.937596    316.961    310.461     0.1198     0.0090     0.1224   1195.536   78.82120   -4.02218    34.8986    34.8991 0.0000e+00
   1017.000    -0.0496    -0.0496   2.937560   2.937602    317.071    310.571     0.1198     0.0096     0.1226   1196.516   78.82120   -4.02218    34.8986    34.8992 0.0000e+00
   1018.000    -0.0508    -0.0508   2.937507   2.937547    317.107    310.115     0.1197     0.0096     0.1229   1197.492   78.82120   -4.02218    34.8987    34.8992 0.0000e+00
   1019.000    -0.0514    -0.0514   2.937505   2.937532    317.188    310.041     0.1197     0.0096     0.1229   1198.466   78.82118   -4.02218    34.8987    34.8992 0.0000e+00
   1020.000    -0.0520    -0.0520   2.937508   2.937530    317.207    310.386     0.1197     0.0096     0.1228   1199.439   78.82118   -4.02218    34.8989    34.8992 0.0000e+00
   1021.000    -0.0542    -0.0542   2.937349   2.937389    317.439    310.436     0.1198     0.0096     0.1229   1200.412   78.82118   -4.02218    34.8987    34.8993 0.0000e+00
   1022.000    -0.0551    -0.0551   2.937312   2.937347    316.840    310.559     0.1198     0.0070     0.1227   1201.387   78.82118   -4.02218    34.8988    34.8992 0.0000e+00
   1023.000    -0.0559    -0.0559   2.937283   2.937318    317.598    310.645     0.1198     0.0037     0.1227   1202.358   78.82118   -4.02218    34.8987    34.8991 0.0000e+00
   1024.000    -0.0565    -0.0565   2.937277   2.937316    317.832    310.693     0.1199     0.0080     0.1229   1203.324   78.82118   -4.02218    34.8987    34.8992 0.0000e+00
   1025.000    -0.0583    -0.0581   2.937170   2.937198    317.586    310.443     0.1200     0.0016     0.1229   1204.296   78.82118   -4.02218    34.8987    34.8989 0.0000e+00
   1026.000    -0.0591    -0.0591   2.937138   2.937168    317.758    310.002     0.1201     0.0090     0.1229   1205.267   78.82118   -4.02218    34.8986    34.8990 0.0000e+00
   1027.000    -0.0591    -0.0591   2.937183   2.937220    317.226    310.184     0.1202     0.0141     0.1228   1206.231   78.82118   -4.02216    34.8986    34.8991 0.0000e+00
   1028.000    -0.0588    -0.0589   2.937244   2.937276    317.168    310.313     0.1203     0.0110     0.1228   1207.193   78.82118   -4.02216    34.8985    34.8991 0.0000e+00
   1029.000    -0.0594    -0.0594   2.937243   2.937278    317.479    310.101     0.1205     0.0096     0.1228   1208.164   78.82118   -4.02216    34.8986    34.8991 0.0000e+00
   1030.000    -0.0603    -0.0603   2.937212   2.937248    317.215    310.144     0.1206     0.0096     0.1222   1209.138   78.82118   -4.02216    34.8987    34.8991 0.0000e+00
   1031.000    -0.0600    -0.0600   2.937303   2.937336    317.223    310.343     0.1208     0.0096     0.1228   1210.123   78.82118   -4.02218    34.8990    34.8994 0.0000e+00
   1032.000    -0.0606    -0.0606   2.937294   2.937319    317.194    310.497     0.1210     0.0096     0.1227   1211.106   78.82120   -4.02218    34.8989    34.8993 0.0000e+00
   1033.000    -0.0620    -0.0621   2.937215   2.937240    317.458    310.586     0.1212     0.0096     0.1224   1212.091   78.82118   -4.02218    34.8989    34.8993 0.0000e+00
   1034.000    -0.0634    -0.0635   2.937136   2.937160    317.501    310.587     0.1213     0.0087     0.1226   1213.066   78.82118   -4.02216    34.8989    34.8993 0.0000e+00
   1035.000    -0.0648    -0.0648   2.937049   2.937079    316.926    310.207     0.1215     0.0018     0.1234   1214.032   78.82118   -4.02216    34.8987    34.8991 0.0000e+00
   1036.000    -0.0661    -0.0659   2.936972   2.937013    316.703    310.074     0.1217     0.0022     0.1231   1214.999   78.82118   -4.02216    34.8986    34.8990 0.0000e+00
   1037.000    -0.0678    -0.0678   2.936871   2.936900    316.960    310.327     0.1219     0.0016     0.1226   1215.967   78.82118   -4.02216    34.8986    34.8990 0.0000e+00
   1038.000    -0.0660    -0.0660   2.937102   2.937135    317.184    310.448     0.1221     0.0061     0.1222   1216.941   78.82118   -4.02216    34.8991    34.8995 0.0000e+00
   1039.000    -0.0634    -0.0634   2.937386   2.937423    317.475    310.053     0.1223     0.0131     0.1223   1217.918   78.82118   -4.02216    34.8993    34.8998 0.0000e+00
   1040.000    -0.0643    -0.0643   2.937354   2.937389    317.668    309.756     0.1225     0.0102     0.1228   1218.889   78.82118   -4.02216    34.8994    34.8998 0.0000e+00
   1041.000    -0.0668    -0.0668   2.937183   2.937208    317.609    310.338     0.1226     0.0037     0.1229   1219.862   78.82118   -4.02216    34.8994    34.8996 0.0000e+00
   1042.000    -0.0667    -0.0666   2.937255   2.937300    317.258    310.436     0.1228     0.0095     0.1227   1220.831   78.82118   -4.02216    34.8996    34.9001 0.0000e+00
   1043.000    -0.0696    -0.0695   2.937033   2.937073    317.055    310.459     0.1229     0.0096     0.1229   1221.801   78.82118   -4.02216    34.8994    34.8998 0.0000e+00
   1044.000    -0.0698    -0.0698   2.937068   2.937100    317.126    310.168     0.1229     0.0089     0.1229   1222.773   78.82118   -4.02216    34.8995    34.9000 0.0000e+00
   1045.000    -0.0690    -0.0690   2.937204   2.937241    317.403    310.233     0.1229     0.0022     0.1227   1223.748   78.82118   -4.02216    34.8998    34.9003 0.0000e+00
   1046.000    -0.0682    -0.0682   2.937342   2.937387    317.142    310.122     0.1229     0.0017     0.1223   1224.727   78.82118   -4.02216    34.9002    34.9007 0.0000e+00
   1047.000    -0.0686    -0.0686   2.937361   2.937394    317.085    310.344     0.1229     0.0073     0.1228   1225.709   78.82118   -4.02216    34.9003    34.9008 0.0000e+00
   1048.000    -0.0706    -0.0706   2.937227   2.937254    317.369    310.362     0.1229     0.0096     0.1229   1226.689   78.82118   -4.02216    34.9002    34.9006 0.0000e+00
   1049.000    -0.0727    -0.0727   2.937091   2.937130    316.863    310.426     0.1228     0.0059     0.1236   1227.664   78.82118   -4.02216    34.9002    34.9007 0.0000e+00
   1050.000    -0.0741    -0.0741   2.937010   2.937043    317.276    310.619     0.1227     0.0019     0.1226   1228.634   78.82118   -4.02216    34.9002    34.9006 0.0000e+00
   1051.000    -0.0755    -0.0754   2.936945   2.936973    317.449    310.613     0.1226     0.0022     0.1229   1229.604   78.82118   -4.02216    34.9003    34.9006 0.0000e+00
   1052.000    -0.0759    -0.0759   2.936940   2.936978    316.901    310.602     0.1225     0.0019     0.1229   1230.575   78.82118   -4.02216    34.9002    34.9007 0.0000e+00
   1053.000    -0.0771    -0.0771   2.936895   2.936922    316.855    310.509     0.1223     0.0088     0.1228   1231.548   78.82118   -4.02216    34.9003    34.9007 0.0000e+00
   1054.000    -0.0791    -0.0791   2.936754   2.936797    316.941    310.487     0.1221     0.0022     0.1229   1232.519   78.82118   -4.02216    34.9002    34.9007 0.0000e+00
   1055.000    -0.0806    -0.0806   2.936679   2.936711    317.180    310.185     0.1219     0.0013     0.1229   1233.490   78.82118   -4.02216    34.9002    34.9007 0.0000e+00
   1056.000    -0.0807    -0.0807   2.936713   2.936753    317.794    310.483     0.1217     0.0068     0.1226   1234.460   78.82118   -4.02216    34.9003    34.9007 0.0000e+00
   1057.000    -0.0830    -0.0827   2.936570   2.936627    317.420    310.605     0.1214     0.0095     0.1230   1235.432   78.82118   -4.02216    34.9004    34.9008 0.0000e+00
   1058.000    -0.0846    -0.0848   2.936464   2.936475    317.179    310.535     0.1211     0.0048     0.1229   1236.407   78.82118   -4.02214    34.9003    34.9006 0.0000e+00
   1059.000    -0.0850    -0.0855   2.936463   2.936457    317.644    310.098     0.1208     0.0043     0.1228   1237.386   78.82118   -4.02214    34.9002    34.9006 0.0000e+00
   1060.000    -0.0853    -0.0852   2.936474   2.936540    317.441    310.135     0.1205     0.0090     0.1229   1238.366   78.82118   -4.02214    34.9001    34.9008 0.0000e+00
   1061.000    -0.0871    -0.0870   2.936367   2.936411    317.062    309.998     0.1203     0.0082     0.1229   1239.339   78.82118   -4.02214    34.9001    34.9005 0.0000e+00
   1062.000    -0.0873    -0.0872   2.936413   2.936451    317.115    309.937     0.1200     0.0023     0.1228   1240.306   78.82118   -4.02214    34.9004    34.9008 0.0000e+00
   1063.000    -0.0879    -0.0879   2.936398   2.936447    317.189    310.372     0.1197     0.0085     0.1230   1241.272   78.82118   -4.02214    34.9003    34.9009 0.0000e+00
   1064.000    -0.0886    -0.0885   2.936388   2.936432    317.336    310.315     0.1195     0.0019     0.1228   1242.243   78.82118   -4.02214    34.9003    34.9008 0.0000e+00
   1065.000    -0.0895    -0.0895   2.936354   2.936405    317.221    309.904     0.1193     0.0005     0.1228   1243.223   78.82118   -4.02214    34.9004    34.9011 0.0000e+00
   1066.000    -0.0901    -0.0901   2.936372   2.936413    316.948    309.884     0.1191     0.0099     0.1227   1244.205   78.82118   -4.02214    34.9007    34.9012 0.0000e+00
   1067.000    -0.0905    -0.0906   2.936382   2.936414    317.241    310.320     0.1190     0.0110     0.1229   1245.188   78.82118   -4.02214    34.9007    34.9012 0.0000e+00
   1068.000    -0.0905    -0.0905   2.936433   2.936475    317.679    310.478     0.1188     0.0096     0.1229   1246.165   78.82118   -4.02214    34.9008    34.9014 0.0000e+00
   1069.000    -0.0903    -0.0903   2.936512   2.936542    317.456    310.337     0.1187     0.0068     0.1221   1247.136   78.82118   -4.02214    34.9010    34.9014 0.0000e+00
   1070.000    -0.0912    -0.0912   2.936464   2.936507    317.336    310.227     0.1186     0.0012     0.1223   1248.099   78.82118   -4.02214    34.9009    34.9014 0.0000e+00
   1071.000    -0.0938    -0.0938   2.936286   2.936317    317.774    310.007     0.1185     0.0018     0.1229   1249.065   78.82118   -4.02212    34.9009    34.9013 0.0000e+00
   1072.000    -0.0954    -0.0954   2.936196   2.936224    317.493    310.005     0.1183     0.0087     0.1227   1250.031   78.82118   -4.02214    34.9010    34.9013 0.0000e+00
   1073.000    -0.0968    -0.0968   2.936121   2.936152    317.377    310.177     0.1183     0.0014     0.1228   1251.008   78.82118   -4.02214    34.9010    34.9013 0.0000e+00
   1074.000    -0.0976    -0.0976   2.936090   2.936126    317.540    309.758     0.1182    -0.0001     0.1229   1251.991   78.82118   -4.02214    34.9009    34.9013 0.0000e+00
   1075.000    -0.0981    -0.0982   2.936087   2.936126    317.107    309.913     0.1181     0.0067     0.1232   1252.973   78.82118   -4.02214    34.9009    34.9014 0.0000e+00
   1076.000    -0.0989    -0.0988   2.936073   2.936111    316.938    310.062     0.1181     0.0044     0.1229   1253.945   78.82118   -4.02214    34.9009    34.9013 0.0000e+00
   1077.000    -0.1002    -0.1002   2.936002   2.936052    317.198    309.804     0.1182     0.0050     0.1228   1254.915   78.82118   -4.02214    34.9009    34.9016 0.0000e+00
   1078.000    -0.1003    -0.1003   2.936036   2.936078    316.695    309.653     0.1183     0.0068     0.1229   1255.888   78.82118   -4.02213    34.9009    34.9015 0.0000e+00
   1079.000    -0.1011    -0.1010   2.936023   2.936070    316.601    309.973     0.1184     0.0023     0.1229   1256.866   78.82118   -4.02213    34.9011    34.9016 0.0000e+00
   1080.000    -0.1021    -0.1021   2.935986   2.936023    316.791    309.760     0.1186     0.0026     0.1228   1257.850   78.82118   -4.02214    34.9012    34.9016 0.0000e+00
   1081.000    -0.1028    -0.1028   2.935975   2.936010    316.891    309.483     0.1189     0.0091     0.1223   1258.832   78.82118   -4.02214    34.9012    34.9017 0.0000e+00
   1082.000    -0.1039    -0.1040   2.935907   2.935937    317.352    309.883     0.1191     0.0095     0.1235   1259.807   78.82118   -4.02214    34.9011    34.9015 0.0000e+00
   1083.000    -0.1061    -0.1060   2.935782   2.935816    317.162    309.982     0.1194     0.0093     0.1230   1260.776   78.82118   -4.02214    34.9013    34.9016 0.0000e+00
   1084.000    -0.1083    -0.1083   2.935635   2.935653    316.696    309.948     0.1198    -0.0017     0.1229   1261.741   78.82118   -4.02213    34.9012    34.9015 0.0000e+00
   1085.000    -0.1112    -0.1112   2.935416   2.935439    316.906    309.974     0.1201     0.0034     0.1229   1262.696   78.82118   -4.02212    34.9011    34.9014 0.0000e+00
