test_project/cnv_files/sta0196_bin.cnv
* Sea-Bird SBE 9 Data File:
* FileName = C:\Seabird\CTDDATA\Sta0196.hex
* Software Version Seasave V 7.26.7.107
* Temperature SN = 03-4535
* Conductivity SN = 2860
* Number of Bytes Per Scan = 44
* Number of Voltage Words = 5
* Number of Scans Averaged by the Deck Unit = 1
* NMEA Latitude = 78 49.59 N
* NMEA Longitude = 001 57.31 W
* NMEA UTC (Time) = Sep 02 2019 19:08:33
* NMEA baud rate = 9600
** Ship: "Kronprins Haakon"
** Station: 196
** Echodepth: 2665
** Log: 5730.541
** Wind-Dir Force(m/s): 03 28
** Air-temp (dry): -0.8
** Weather Sky: 2 8
** Sea Ice: 4 0
# nquan = 16
# nvalues = 2703                        
# units = specified
# name 0 = prDM: Pressure, Digiquartz [db]
# name 1 = t090C: Temperature [ITS-90, deg C]
# name 2 = t190C: Temperature, 2 [ITS-90, deg C]
# name 3 = c0S/m: Conductivity [S/m]
# name 4 = c1S/m: Conductivity, 2 [S/m]
# name 5 = sbox0Mm/Kg: Oxygen, SBE 43 [umol/kg]
# name 6 = sbox1Mm/Kg: Oxygen, SBE 43, 2 [umol/kg]
# name 7 = wetCDOM: Fluorescence, WET Labs CDOM [mg/m^3]
# name 8 = flECO-AFL: Fluorescence, WET Labs ECO-AFL/FL [mg/m^3]
# name 9 = CStarAt0: Beam Attenuation, WET Labs C-Star [1/m]
# name 10 = timeS: Time, Elapsed [seconds]
# name 11 = latitude: Latitude [deg]
# name 12 = longitude: Longitude [deg]
# name 13 = sal00: Salinity, Practical [PSU]
# name 14 = sal11: Salinity, Practical, 2 [PSU]
# name 15 = flag: flag
# span 0 =      1.000,   2703.000       
# span 1 =    -1.8061,     3.3583       
# span 2 =    -1.8067,     3.3564       
# span 3 =   2.530018,   3.206620       
# span 4 =   2.530131,   3.206355       
# span 5 =    294.271,    428.466       
# span 6 =    291.739,    398.448       
# span 7 =     0.0995,     0.1651       
# span 8 =    -0.0098,     1.4636       
# span 9 =     0.1055,     0.5102       
# span 10 =    236.915,   2949.290      
# span 11 =   78.82658,   78.82662      
# span 12 =   -1.95534,   -1.95496      
# span 13 =    31.0826,    34.9862      
# span 14 =    31.0832,    34.9850      
# span 15 = 0.0000e+00, 0.0000e+00      
# interval = decibars: 1                
# start_time = Sep 02 2019 19:08:33 [NMEA time, header]
# bad_flag = -9.990e-29
*END*
[from data line 814]
    815.000     0.6157     0.6157   2.988086   2.988056    331.580    317.502     0.1100     0.0000     0.1147   1077.447   78.82662   -1.95502    34.9260    34.9255 0.0000e+00
    816.000     0.5967     0.5951   2.986402   2.986228    332.357    317.592     0.1099    -0.0003     0.1150   1078.427   78.82660   -1.95502    34.9249    34.9243 0.0000e+00
    817.000     0.5778     0.5782   2.984670   2.984647    332.182    317.245     0.1099    -0.0001     0.1152   1079.400   78.82660   -1.95502    34.9230    34.9223 0.0000e+00
    818.000     0.5501     0.5511   2.982108   2.982180    331.793    317.077     0.1098     0.0000     0.1148   1080.385   78.82662   -1.95502    34.9202    34.9201 0.0000e+00
    819.000     0.5375     0.5393   2.980952   2.981144    331.599    316.636     0.1098     0.0012     0.1148   1081.396   78.82662   -1.95502    34.9188    34.9193 0.0000e+00
    820.000     0.5250     0.5250   2.979849   2.979871    331.364    316.231     0.1098     0.0081     0.1148   1082.417   78.82662   -1.95502    34.9179    34.9181 0.0000e+00
    821.000     0.5213     0.5205   2.979558   2.979496    332.100    315.921     0.1098     0.0010     0.1144   1083.423   78.82662   -1.95502    34.9177    34.9178 0.0000e+00
    822.000     0.5137     0.5147   2.978919   2.978994    331.801    315.547     0.1098     0.0008     0.1151   1084.414   78.82660   -1.95500    34.9173    34.9171 0.0000e+00
    823.000     0.4917     0.4914   2.976927   2.976887    331.620    315.279     0.1098     0.0006     0.1140   1085.405   78.82660   -1.95500    34.9156    34.9153 0.0000e+00
    824.000     0.5067     0.5025   2.978406   2.978130    330.624    314.994     0.1099     0.0015     0.1140   1086.396   78.82660   -1.95500    34.9173    34.9185 0.0000e+00
    825.000     0.5198     0.5199   2.979716   2.979741    330.424    314.553     0.1099    -0.0009     0.1134   1087.392   78.82660   -1.95500    34.9191    34.9193 0.0000e+00
    826.000     0.5001     0.4994   2.977946   2.977818    331.499    314.950     0.1100     0.0008     0.1132   1088.388   78.82660   -1.95500    34.9176    34.9168 0.0000e+00
    827.000     0.4607     0.4627   2.974334   2.974470    331.085    315.258     0.1100    -0.0025     0.1132   1089.386   78.82660   -1.95500    34.9143    34.9139 0.0000e+00
    828.000     0.4547     0.4538   2.973821   2.973767    329.259    315.101     0.1101    -0.0039     0.1135   1090.386   78.82660   -1.95500    34.9138    34.9140 0.0000e+00
    829.000     0.4556     0.4553   2.973944   2.973949    328.910    314.874     0.1102     0.0034     0.1139   1091.380   78.82660   -1.95500    34.9138    34.9142 0.0000e+00
    830.000     0.4773     0.4756   2.976049   2.975989    329.899    314.367     0.1103     0.0069     0.1130   1092.386   78.82660   -1.95502    34.9163    34.9174 0.0000e+00
    831.000     0.4770     0.4771   2.976130   2.976120    330.645    314.138     0.1103     0.0021     0.1147   1093.407   78.82660   -1.95502    34.9170    34.9169 0.0000e+00
    832.000     0.4733     0.4729   2.975841   2.975823    330.891    314.355     0.1104     0.0084     0.1155   1094.409   78.82660   -1.95502    34.9169    34.9171 0.0000e+00
    833.000     0.4690     0.4687   2.975499   2.975480    329.561    314.437     0.1105     0.0021     0.1134   1095.401   78.82660   -1.95504    34.9168    34.9168 0.0000e+00
    834.000     0.4768     0.4763   2.976297   2.976293    328.973    314.522     0.1106    -0.0004     0.1130   1096.370   78.82660   -1.95504    34.9178    34.9183 0.0000e+00
    835.000     0.4752     0.4749   2.976224   2.976208    329.382    314.878     0.1108    -0.0004     0.1133   1097.329   78.82660   -1.95504    34.9181    34.9182 0.0000e+00
    836.000     0.4715     0.4715   2.975940   2.975947    329.616    314.775     0.1109    -0.0009     0.1132   1098.316   78.82660   -1.95504    34.9180    34.9181 0.0000e+00
    837.000     0.4620     0.4619   2.975137   2.975125    329.198    314.947     0.1111     0.0096     0.1130   1099.338   78.82660   -1.95504    34.9175    34.9176 0.0000e+00
    838.000     0.4536     0.4534   2.974422   2.974415    329.421    315.011     0.1112     0.0066     0.1130   1100.385   78.82660   -1.95506    34.9171    34.9173 0.0000e+00
    839.000     0.4517     0.4518   2.974292   2.974320    329.553    314.926     0.1114    -0.0001     0.1131   1101.420   78.82660   -1.95506    34.9169    34.9173 0.0000e+00
    840.000     0.4402     0.4394   2.973290   2.973195    330.202    315.174     0.1115     0.0013     0.1126   1102.413   78.82660   -1.95508    34.9163    34.9160 0.0000e+00
    841.000     0.4193     0.4186   2.971388   2.971302    330.510    314.988     0.1117     0.0031     0.1134   1103.387   78.82660   -1.95508    34.9144    34.9140 0.0000e+00
    842.000     0.4069     0.4055   2.970266   2.970154    330.197    314.570     0.1119     0.0077     0.1139   1104.364   78.82660   -1.95508    34.9132    34.9133 0.0000e+00
    843.000     0.4055     0.4031   2.970187   2.969993    329.864    314.637     0.1120     0.0010     0.1132   1105.354   78.82660   -1.95508    34.9131    34.9133 0.0000e+00
    844.000     0.4117     0.4110   2.970824   2.970824    330.217    314.317     0.1122     0.0009     0.1134   1106.352   78.82660   -1.95508    34.9139    34.9146 0.0000e+00
    845.000     0.4133     0.4133   2.971031   2.971066    330.498    314.067     0.1123     0.0008     0.1133   1107.360   78.82660   -1.95510    34.9142    34.9146 0.0000e+00
    846.000     0.4053     0.4052   2.970351   2.970320    330.499    314.259     0.1124     0.0007     0.1131   1108.376   78.82660   -1.95510    34.9138    34.9134 0.0000e+00
    847.000     0.3616     0.3621   2.966368   2.966256    329.863    314.476     0.1126     0.0009     0.1130   1109.385   78.82660   -1.95510    34.9103    34.9084 0.0000e+00
    848.000     0.3261     0.3255   2.963109   2.963070    328.711    314.409     0.1127     0.0002     0.1128   1110.382   78.82660   -1.95512    34.9072    34.9073 0.0000e+00
    849.000     0.3229     0.3218   2.962822   2.962765    327.392    313.852     0.1128     0.0007     0.1125   1111.370   78.82660   -1.95512    34.9065    34.9069 0.0000e+00
    850.000     0.3223     0.3221   2.962805   2.962838    328.866    313.295     0.1128     0.0014     0.1121   1112.357   78.82660   -1.95512    34.9063    34.9070 0.0000e+00
    851.000     0.3223     0.3220   2.962845   2.962862    330.288    313.056     0.1129     0.0012     0.1130   1113.346   78.82660   -1.95512    34.9063    34.9068 0.0000e+00
    852.000     0.3236     0.3234   2.963028   2.963048    330.729    312.779     0.1130    -0.0001     0.1120   1114.341   78.82660   -1.95512    34.9066    34.9072 0.0000e+00
    853.000     0.3256     0.3246   2.963258   2.963202    329.751    312.580     0.1131    -0.0001     0.1113   1115.364   78.82660   -1.95512    34.9068    34.9072 0.0000e+00
    854.000     0.3257     0.3252   2.963322   2.963319    329.169    312.533     0.1132     0.0012     0.1114   1116.381   78.82660   -1.95514    34.9070    34.9074 0.0000e+00
    855.000     0.3284     0.3268   2.963619   2.963517    328.225    312.637     0.1134     0.0009     0.1112   1117.391   78.82660   -1.95514    34.9072    34.9077 0.0000e+00
    856.000     0.3199     0.3201   2.962911   2.962864    328.106    312.746     0.1135     0.0005     0.1112   1118.392   78.82660   -1.95514    34.9069    34.9062 0.0000e+00
    857.000     0.2972     0.2959   2.960855   2.960753    328.042    313.316     0.1136     0.0005     0.1112   1119.366   78.82660   -1.95514    34.9051    34.9052 0.0000e+00
    858.000     0.2959     0.2954   2.960760   2.960753    327.130    312.841     0.1137     0.0005     0.1112   1120.339   78.82660   -1.95514    34.9047    34.9052 0.0000e+00
    859.000     0.2765     0.2814   2.958994   2.959433    327.371    312.897     0.1137    -0.0001     0.1109   1121.340   78.82660   -1.95514    34.9029    34.9032 0.0000e+00
    860.000     0.2408     0.2426   2.955761   2.955879    327.804    313.016     0.1138    -0.0001     0.1111   1122.358   78.82660   -1.95516    34.9002    34.8997 0.0000e+00
    861.000     0.2290     0.2270   2.954683   2.954523    327.240    312.090     0.1138     0.0069     0.1109   1123.362   78.82660   -1.95516    34.8989    34.8990 0.0000e+00
    862.000     0.2252     0.2257   2.954374   2.954450    326.986    311.385     0.1138     0.0037     0.1103   1124.345   78.82660   -1.95516    34.8985    34.8989 0.0000e+00
    863.000     0.2208     0.2207   2.954014   2.954027    327.369    311.176     0.1138     0.0001     0.1098   1125.329   78.82660   -1.95516    34.8982    34.8985 0.0000e+00
    864.000     0.2166     0.2160   2.953682   2.953652    327.332    310.830     0.1137    -0.0005     0.1091   1126.327   78.82660   -1.95516    34.8979    34.8983 0.0000e+00
    865.000     0.2169     0.2165   2.953743   2.953752    327.061    310.380     0.1137    -0.0004     0.1098   1127.328   78.82660   -1.95516    34.8979    34.8983 0.0000e+00
    866.000     0.2132     0.2139   2.953458   2.953571    326.805    310.456     0.1136     0.0010     0.1095   1128.324   78.82660   -1.95516    34.8977    34.8983 0.0000e+00
    867.000     0.2141     0.2136   2.953590   2.953595    326.003    310.410     0.1136     0.0009     0.1097   1129.317   78.82660   -1.95518    34.8978    34.8985 0.0000e+00
    868.000     0.2192     0.2182   2.954106   2.954041    325.793    310.296     0.1135     0.0012     0.1090   1130.317   78.82660   -1.95518    34.8983    34.8986 0.0000e+00
    869.000     0.2197     0.2193   2.954203   2.954203    325.547    310.365     0.1135     0.0085     0.1089   1131.322   78.82660   -1.95518    34.8984    34.8988 0.0000e+00
    870.000     0.2132     0.2129   2.953656   2.953631    325.808    310.202     0.1134     0.0022     0.1090   1132.324   78.82660   -1.95518    34.8980    34.8980 0.0000e+00
    871.000     0.2025     0.2016   2.952712   2.952660    325.590    310.195     0.1134     0.0073     0.1083   1133.318   78.82660   -1.95518    34.8971    34.8974 0.0000e+00
    872.000     0.1971     0.1972   2.952265   2.952292    324.399    310.349     0.1133     0.0027     0.1089   1134.307   78.82660   -1.95518    34.8967    34.8970 0.0000e+00
    873.000     0.1881     0.1881   2.951479   2.951518    324.425    310.429     0.1133    -0.0001     0.1082   1135.314   78.82660   -1.95518    34.8960    34.8965 0.0000e+00
    874.000     0.2021     0.2046   2.952859   2.953210    324.439    310.103     0.1133     0.0083     0.1089   1136.321   78.82660   -1.95518    34.8977    34.8995 0.0000e+00
    875.000     0.2299     0.2291   2.955512   2.955527    324.316    309.844     0.1133     0.0155     0.1083   1137.316   78.82660   -1.95518    34.9006    34.9017 0.0000e+00
    876.000     0.2561     0.2602   2.958067   2.958577    325.601    310.063     0.1133     0.0095     0.1081   1138.310   78.82660   -1.95518    34.9040    34.9061 0.0000e+00
    877.000     0.2927     0.2948   2.961569   2.961884    325.580    309.865     0.1134     0.0004     0.1091   1139.296   78.82660   -1.95518    34.9080    34.9097 0.0000e+00
    878.000     0.3018     0.3010   2.962511   2.962480    325.318    310.665     0.1134     0.0007     0.1086   1140.278   78.82660   -1.95518    34.9095    34.9100 0.0000e+00
    879.000     0.3016     0.3009   2.962549   2.962529    325.392    311.652     0.1135     0.0002     0.1099   1141.278   78.82660   -1.95518    34.9096    34.9101 0.0000e+00
    880.000     0.3014     0.3011   2.962568   2.962576    324.929    312.198     0.1135     0.0015     0.1094   1142.290   78.82660   -1.95518    34.9096    34.9100 0.0000e+00
    881.000     0.3002     0.2993   2.962495   2.962441    325.183    312.618     0.1136     0.0085     0.1100   1143.294   78.82660   -1.95520    34.9094    34.9097 0.0000e+00
    882.000     0.2958     0.2952   2.962122   2.962066    326.247    313.081     0.1137     0.0016     0.1109   1144.290   78.82660   -1.95520    34.9088    34.9088 0.0000e+00
    883.000     0.2871     0.2866   2.961329   2.961246    326.511    312.957     0.1138     0.0013     0.1111   1145.278   78.82660   -1.95520    34.9077    34.9072 0.0000e+00
    884.000     0.2387     0.2402   2.956897   2.956946    327.402    312.684     0.1139     0.0101     0.1106   1146.269   78.82660   -1.95520    34.9037    34.9026 0.0000e+00
    885.000     0.2008     0.1981   2.953401   2.953146    327.085    312.933     0.1140     0.0062     0.1109   1147.270   78.82660   -1.95520    34.9000    34.8997 0.0000e+00
    886.000     0.1715     0.1728   2.950687   2.950717    326.372    312.333     0.1141     0.0007     0.1111   1148.277   78.82660   -1.95520    34.8969    34.8958 0.0000e+00
    887.000     0.1440     0.1438   2.948152   2.948154    327.160    311.634     0.1142    -0.0001     0.1106   1149.285   78.82660   -1.95520    34.8940    34.8943 0.0000e+00
    888.000     0.1481     0.1472   2.948570   2.948547    327.275    310.694     0.1143     0.0017     0.1103   1150.277   78.82660   -1.95520    34.8943    34.8950 0.0000e+00
    889.000     0.1483     0.1476   2.948647   2.948621    327.396    309.959     0.1144     0.0029     0.1102   1151.256   78.82660   -1.95520    34.8946    34.8949 0.0000e+00
    890.000     0.1486     0.1478   2.948754   2.948746    327.420    309.524     0.1146     0.0083     0.1099   1152.234   78.82660   -1.95520    34.8951    34.8958 0.0000e+00
    891.000     0.1582     0.1580   2.949734   2.949742    326.201    308.900     0.1147     0.0009     0.1093   1153.245   78.82660   -1.95520    34.8964    34.8969 0.0000e+00
    892.000     0.1518     0.1520   2.949191   2.949222    325.197    308.887     0.1148     0.0015     0.1086   1154.273   78.82660   -1.95520    34.8960    34.8962 0.0000e+00
    893.000     0.1481     0.1476   2.948907   2.948878    324.607    309.095     0.1150     0.0007     0.1083   1155.290   78.82660   -1.95522    34.8959    34.8961 0.0000e+00
    894.000     0.1433     0.1443   2.948503   2.948634    323.947    309.364     0.1151     0.0082     0.1081   1156.276   78.82660   -1.95522    34.8954    34.8960 0.0000e+00
    895.000     0.1389     0.1391   2.948143   2.948181    324.142    309.473     0.1153     0.0092     0.1086   1157.245   78.82660   -1.95520    34.8950    34.8953 0.0000e+00
    896.000     0.1318     0.1313   2.947527   2.947512    324.376    309.546     0.1155     0.0036     0.1081   1158.231   78.82660   -1.95520    34.8945    34.8948 0.0000e+00
    897.000     0.1267     0.1271   2.947119   2.947168    324.434    309.585     0.1156     0.0048     0.1085   1159.236   78.82660   -1.95520    34.8942    34.8944 0.0000e+00
    898.000     0.1047     0.1053   2.945162   2.945194    324.649    309.462     0.1158     0.0054     0.1082   1160.256   78.82660   -1.95522    34.8928    34.8925 0.0000e+00
    899.000     0.1001     0.0997   2.944785   2.944772    324.518    309.168     0.1160     0.0036     0.1080   1161.284   78.82660   -1.95522    34.8924    34.8927 0.0000e+00
    900.000     0.0998     0.0995   2.944798   2.944789    323.806    308.941     0.1161     0.0061     0.1077   1162.301   78.82660   -1.95524    34.8924    34.8926 0.0000e+00
    901.000     0.0998     0.0993   2.944840   2.944843    323.776    308.681     0.1163     0.0013     0.1074   1163.291   78.82660   -1.95524    34.8924    34.8929 0.0000e+00
    902.000     0.0891     0.0894   2.943923   2.943937    323.878    308.448     0.1164     0.0095     0.1073   1164.261   78.82660   -1.95524    34.8918    34.8917 0.0000e+00
    903.000     0.0854     0.0852   2.943616   2.943637    323.663    308.390     0.1166     0.0086     0.1072   1165.226   78.82660   -1.95522    34.8914    34.8919 0.0000e+00
