test_project/cnv_files/sta0242_bin.cnv
* Sea-Bird SBE 9 Data File:
* FileName = C:\Seabird\CTDDATA\Sta0242.hex
* Software Version Seasave V 7.26.7.107
* Temperature SN = 03-4535
* Conductivity SN = 2860
* Number of Bytes Per Scan = 44
* Number of Voltage Words = 5
* Number of Scans Averaged by the Deck Unit = 1
* NMEA Latitude = 78 50.02 N
* NMEA Longitude = 003 00.19 E
* NMEA UTC (Time) = Sep 14 2019 05:38:36
* NMEA baud rate = 9600
** Ship: "Kronprins Haakon"
** Station: 0242
** Echodepth: 2404
** Log: 6462.70
** Wind-Dir Force(m/s): 10 09
** Air-temp (dry): 5.6
** Weather Sky: 2 8
** Sea Ice: 3 0
# nquan = 16
# nvalues = 2435                        
# units = specified
# name 0 = prDM: Pressure, Digiquartz [db]
# name 1 = t090C: Temperature [ITS-90, deg C]
# name 2 = t190C: Temperature, 2 [ITS-90, deg C]
# name 3 = c0S/m: Conductivity [S/m]
# name 4 = c1S/m: Conductivity, 2 [S/m]
# name 5 = sbox0Mm/Kg: Oxygen, SBE 43 [umol/kg]
# name 6 = sbox1Mm/Kg: Oxygen, SBE 43, 2 [umol/kg]
# name 7 = wetCDOM: Fluorescence, WET Labs CDOM [mg/m^3]
# name 8 = flECO-AFL: Fluorescence, WET Labs ECO-AFL/FL [mg/m^3]
# name 9 = CStarAt0: Beam Attenuation, WET Labs C-Star [1/m]
# name 10 = timeS: Time, Elapsed [seconds]
# name 11 = latitude: Latitude [deg]
# name 12 = longitude: Longitude [deg]
# name 13 = sal00: Salinity, Practical [PSU]
# name 14 = sal11: Salinity, Practical, 2 [PSU]
# name 15 = flag: flag
# span 0 =      3.000,   2437.000       
# span 1 =    -0.7379,     5.7723       
# span 2 =    -0.7377,     5.7484       
# span 3 =   2.917991,   3.407146       
# span 4 =   2.918042,   3.440095       
# span 5 =    269.667,    328.568       
# span 6 =    252.753,    325.248       
# span 7 =     0.0903,     0.1337       
# span 8 =    -0.0050,     1.9434       
# span 9 =     0.1259,     0.4522       
# span 10 =    185.363,   2710.631      
# span 11 =   78.83366,   78.83372      
# span 12 =    3.00308,    3.00326      
# span 13 =    33.2257,    35.0389      
# span 14 =    34.7297,    35.4459      
# span 15 = 0.0000e+00, 0.0000e+00      
# interval = decibars: 1                
# start_time = Sep 14 2019 05:38:36 [NMEA time, header]
# bad_flag = -9.990e-29
*END*
[from data line 1537]
   1540.000    -0.5476    -0.5476   2.918459   2.918509    316.848    311.361     0.1231     0.0020     0.1272   1811.270   78.83368    3.00312    34.9138    34.9145 0.0000e+00
   1541.000    -0.5484    -0.5482   2.918448   2.918502    317.022    311.370     0.1232     0.0021     0.1273   1812.224   78.83368    3.00314    34.9141    34.9146 0.0000e+00
   1542.000    -0.5486    -0.5486   2.918458   2.918502    317.228    310.943     0.1232     0.0018     0.1268   1813.179   78.83368    3.00314    34.9139    34.9144 0.0000e+00
   1543.000    -0.5486    -0.5486   2.918514   2.918555    317.370    310.887     0.1232     0.0015     0.1271   1814.144   78.83368    3.00314    34.9140    34.9145 0.0000e+00
   1544.000    -0.5484    -0.5484   2.918564   2.918621    317.584    311.025     0.1232     0.0006     0.1272   1815.112   78.83368    3.00314    34.9139    34.9147 0.0000e+00
   1545.000    -0.5484    -0.5483   2.918622   2.918669    317.445    310.421     0.1232     0.0019     0.1272   1816.077   78.83368    3.00314    34.9142    34.9147 0.0000e+00
   1546.000    -0.5484    -0.5483   2.918669   2.918730    317.464    310.668     0.1232     0.0020     0.1272   1817.049   78.83368    3.00314    34.9142    34.9149 0.0000e+00
   1547.000    -0.5490    -0.5489   2.918659   2.918707    317.014    311.141     0.1231     0.0014     0.1272   1818.015   78.83368    3.00314    34.9142    34.9147 0.0000e+00
   1548.000    -0.5495    -0.5493   2.918654   2.918705    317.181    310.597     0.1230     0.0023     0.1272   1818.981   78.83368    3.00314    34.9141    34.9146 0.0000e+00
   1549.000    -0.5503    -0.5501   2.918622   2.918686    316.493    310.334     0.1228     0.0086     0.1272   1819.948   78.83368    3.00314    34.9140    34.9147 0.0000e+00
   1550.000    -0.5505    -0.5504   2.918649   2.918706    317.027    310.649     0.1226     0.0019     0.1269   1820.923   78.83368    3.00314    34.9141    34.9147 0.0000e+00
   1551.000    -0.5508    -0.5506   2.918664   2.918723    317.503    310.082     0.1224     0.0014     0.1270   1821.897   78.83368    3.00314    34.9141    34.9147 0.0000e+00
   1552.000    -0.5520    -0.5518   2.918604   2.918665    317.410    310.287     0.1222     0.0063     0.1272   1822.869   78.83368    3.00314    34.9141    34.9147 0.0000e+00
   1553.000    -0.5536    -0.5536   2.918498   2.918557    316.881    310.087     0.1220     0.0052     0.1271   1823.834   78.83368    3.00314    34.9139    34.9147 0.0000e+00
   1554.000    -0.5556    -0.5553   2.918375   2.918427    316.433    310.119     0.1217     0.0011     0.1272   1824.793   78.83368    3.00314    34.9140    34.9144 0.0000e+00
   1555.000    -0.5580    -0.5578   2.918204   2.918259    316.743    310.626     0.1215     0.0037     0.1271   1825.748   78.83368    3.00314    34.9139    34.9144 0.0000e+00
   1556.000    -0.5580    -0.5579   2.918248   2.918297    316.760    310.587     0.1213     0.0095     0.1272   1826.705   78.83368    3.00314    34.9139    34.9144 0.0000e+00
   1557.000    -0.5579    -0.5579   2.918292   2.918352    316.994    310.297     0.1210     0.0096     0.1272   1827.671   78.83368    3.00314    34.9138    34.9146 0.0000e+00
   1558.000    -0.5579    -0.5578   2.918345   2.918395    317.586    310.127     0.1208     0.0093     0.1272   1828.634   78.83368    3.00314    34.9140    34.9145 0.0000e+00
   1559.000    -0.5582    -0.5581   2.918354   2.918401    317.315    310.480     0.1207     0.0023     0.1269   1829.599   78.83368    3.00314    34.9139    34.9144 0.0000e+00
   1560.000    -0.5587    -0.5586   2.918357   2.918409    317.128    310.612     0.1205     0.0067     0.1270   1830.568   78.83368    3.00314    34.9139    34.9145 0.0000e+00
   1561.000    -0.5600    -0.5598   2.918290   2.918340    316.890    310.714     0.1204     0.0044     0.1268   1831.544   78.83368    3.00314    34.9139    34.9144 0.0000e+00
   1562.000    -0.5599    -0.5598   2.918332   2.918383    317.004    310.792     0.1203     0.0053     0.1273   1832.520   78.83368    3.00314    34.9139    34.9144 0.0000e+00
   1563.000    -0.5607    -0.5605   2.918304   2.918367    317.061    310.766     0.1202     0.0096     0.1278   1833.495   78.83368    3.00314    34.9138    34.9145 0.0000e+00
   1564.000    -0.5608    -0.5605   2.918349   2.918416    317.450    310.554     0.1201     0.0096     0.1270   1834.465   78.83368    3.00314    34.9139    34.9146 0.0000e+00
   1565.000    -0.5601    -0.5595   2.918453   2.918557    316.893    310.784     0.1200     0.0081     0.1272   1835.425   78.83368    3.00314    34.9140    34.9147 0.0000e+00
   1566.000    -0.5599    -0.5596   2.918522   2.918591    317.006    310.736     0.1199     0.0015     0.1273   1836.378   78.83368    3.00314    34.9141    34.9147 0.0000e+00
   1567.000    -0.5606    -0.5604   2.918500   2.918561    317.349    310.794     0.1198     0.0087     0.1273   1837.332   78.83368    3.00314    34.9141    34.9146 0.0000e+00
   1568.000    -0.5612    -0.5610   2.918497   2.918558    316.782    310.383     0.1196     0.0096     0.1280   1838.297   78.83368    3.00314    34.9141    34.9148 0.0000e+00
   1569.000    -0.5610    -0.5610   2.918554   2.918602    317.208    310.419     0.1195     0.0093     0.1273   1839.271   78.83368    3.00314    34.9142    34.9148 0.0000e+00
   1570.000    -0.5610    -0.5608   2.918603   2.918669    317.370    310.270     0.1192     0.0096     0.1272   1840.251   78.83368    3.00314    34.9142    34.9149 0.0000e+00
   1571.000    -0.5610    -0.5609   2.918637   2.918695    316.298    309.789     0.1190     0.0121     0.1270   1841.227   78.83368    3.00314    34.9141    34.9148 0.0000e+00
   1572.000    -0.5613    -0.5611   2.918655   2.918710    316.190    310.219     0.1187     0.0093     0.1272   1842.194   78.83368    3.00314    34.9141    34.9147 0.0000e+00
   1573.000    -0.5615    -0.5614   2.918681   2.918737    316.227    309.820     0.1184     0.0041     0.1272   1843.155   78.83368    3.00314    34.9142    34.9148 0.0000e+00
   1574.000    -0.5624    -0.5623   2.918660   2.918715    316.305    309.879     0.1181     0.0083     0.1269   1844.116   78.83368    3.00314    34.9143    34.9150 0.0000e+00
   1575.000    -0.5628    -0.5627   2.918674   2.918725    316.207    310.108     0.1178     0.0032     0.1272   1845.085   78.83368    3.00314    34.9144    34.9150 0.0000e+00
   1576.000    -0.5641    -0.5636   2.918601   2.918679    316.395    309.641     0.1175     0.0143     0.1272   1846.064   78.83368    3.00316    34.9144    34.9149 0.0000e+00
   1577.000    -0.5659    -0.5658   2.918487   2.918541    316.293    309.806     0.1171     0.0038     0.1271   1847.042   78.83368    3.00316    34.9144    34.9150 0.0000e+00
   1578.000    -0.5660    -0.5658   2.918542   2.918585    316.448    309.905     0.1168     0.0019     0.1268   1848.009   78.83368    3.00315    34.9146    34.9149 0.0000e+00
   1579.000    -0.5653    -0.5653   2.918650   2.918702    315.973    309.323     0.1165     0.0065     0.1268   1848.964   78.83368    3.00314    34.9147    34.9154 0.0000e+00
   1580.000    -0.5632    -0.5630   2.918897   2.918963    316.065    309.745     0.1161     0.0096     0.1271   1849.922   78.83368    3.00314    34.9151    34.9158 0.0000e+00
   1581.000    -0.5615    -0.5613   2.919094   2.919164    316.684    309.438     0.1158     0.0063     0.1270   1850.890   78.83368    3.00314    34.9152    34.9159 0.0000e+00
   1582.000    -0.5613    -0.5611   2.919159   2.919217    316.126    309.352     0.1155     0.0010     0.1270   1851.871   78.83368    3.00315    34.9153    34.9159 0.0000e+00
   1583.000    -0.5617    -0.5615   2.919180   2.919234    315.699    309.686     0.1153     0.0014     0.1269   1852.861   78.83368    3.00316    34.9154    34.9160 0.0000e+00
   1584.000    -0.5618    -0.5617   2.919207   2.919257    315.296    309.634     0.1150     0.0012     0.1266   1853.839   78.83368    3.00316    34.9154    34.9159 0.0000e+00
   1585.000    -0.5619    -0.5619   2.919240   2.919287    315.015    308.735     0.1147     0.0002     0.1270   1854.805   78.83368    3.00316    34.9154    34.9160 0.0000e+00
   1586.000    -0.5632    -0.5630   2.919169   2.919225    315.152    308.426     0.1144     0.0082     0.1265   1855.765   78.83368    3.00315    34.9154    34.9159 0.0000e+00
   1587.000    -0.5643    -0.5640   2.919121   2.919177    314.622    308.453     0.1142     0.0138     0.1263   1856.724   78.83368    3.00314    34.9154    34.9158 0.0000e+00
   1588.000    -0.5653    -0.5652   2.919069   2.919123    314.416    308.375     0.1139     0.0072     0.1263   1857.680   78.83368    3.00314    34.9153    34.9159 0.0000e+00
   1589.000    -0.5653    -0.5651   2.919117   2.919167    314.756    308.304     0.1137     0.0019     0.1263   1858.638   78.83368    3.00314    34.9154    34.9158 0.0000e+00
   1590.000    -0.5663    -0.5662   2.919063   2.919102    314.920    308.240     0.1135     0.0017     0.1261   1859.603   78.83368    3.00315    34.9153    34.9157 0.0000e+00
   1591.000    -0.5669    -0.5672   2.919053   2.919060    314.824    309.022     0.1132     0.0031     0.1261   1860.574   78.83368    3.00316    34.9152    34.9157 0.0000e+00
   1592.000    -0.5675    -0.5672   2.919035   2.919108    314.336    308.506     0.1131     0.0079     0.1262   1861.548   78.83368    3.00316    34.9151    34.9157 0.0000e+00
   1593.000    -0.5674    -0.5672   2.919091   2.919141    315.064    308.211     0.1129     0.0017     0.1260   1862.524   78.83368    3.00316    34.9152    34.9157 0.0000e+00
   1594.000    -0.5677    -0.5676   2.919090   2.919152    315.025    308.688     0.1127     0.0020     0.1266   1863.507   78.83368    3.00316    34.9150    34.9156 0.0000e+00
   1595.000    -0.5696    -0.5695   2.918964   2.919021    314.744    308.302     0.1126     0.0085     0.1262   1864.490   78.83368    3.00316    34.9149    34.9155 0.0000e+00
   1596.000    -0.5733    -0.5732   2.918686   2.918740    315.252    308.244     0.1124     0.0096     0.1262   1865.463   78.83368    3.00316    34.9148    34.9154 0.0000e+00
   1597.000    -0.5744    -0.5741   2.918639   2.918715    315.436    308.625     0.1123     0.0096     0.1262   1866.429   78.83368    3.00316    34.9149    34.9156 0.0000e+00
   1598.000    -0.5742    -0.5741   2.918710   2.918771    315.008    308.471     0.1122     0.0123     0.1261   1867.387   78.83368    3.00316    34.9150    34.9158 0.0000e+00
   1599.000    -0.5731    -0.5728   2.918858   2.918929    315.359    308.381     0.1121     0.0110     0.1261   1868.347   78.83368    3.00316    34.9152    34.9158 0.0000e+00
   1600.000    -0.5730    -0.5729   2.918899   2.918961    315.624    308.445     0.1121     0.0040     0.1264   1869.313   78.83368    3.00316    34.9151    34.9158 0.0000e+00
   1601.000    -0.5730    -0.5729   2.918953   2.919008    315.332    308.609     0.1121     0.0078     0.1263   1870.277   78.83368    3.00316    34.9152    34.9159 0.0000e+00
   1602.000    -0.5732    -0.5731   2.918982   2.919037    314.935    308.787     0.1121     0.0009     0.1262   1871.245   78.83368    3.00316    34.9153    34.9159 0.0000e+00
   1603.000    -0.5737    -0.5736   2.918984   2.919041    314.697    308.691     0.1122     0.0012     0.1263   1872.215   78.83368    3.00316    34.9154    34.9160 0.0000e+00
   1604.000    -0.5742    -0.5741   2.918984   2.919048    314.435    308.479     0.1124     0.0011     0.1263   1873.179   78.83368    3.00318    34.9154    34.9161 0.0000e+00
   1605.000    -0.5743    -0.5742   2.919015   2.919075    314.541    308.058     0.1126     0.0015     0.1262   1874.143   78.83368    3.00318    34.9154    34.9161 0.0000e+00
   1606.000    -0.5745    -0.5744   2.919044   2.919100    314.225    308.174     0.1128     0.0110     0.1261   1875.113   78.83368    3.00318    34.9154    34.9161 0.0000e+00
   1607.000    -0.5748    -0.5747   2.919062   2.919119    314.323    308.430     0.1131     0.0122     0.1259   1876.089   78.83368    3.00316    34.9154    34.9161 0.0000e+00
   1608.000    -0.5749    -0.5748   2.919100   2.919154    314.664    308.007     0.1134     0.0057     0.1260   1877.069   78.83368    3.00316    34.9155    34.9161 0.0000e+00
   1609.000    -0.5750    -0.5749   2.919126   2.919180    314.146    307.915     0.1138     0.0033     0.1261   1878.046   78.83368    3.00316    34.9154    34.9160 0.0000e+00
   1610.000    -0.5751    -0.5750   2.919155   2.919218    314.543    308.264     0.1141     0.0095     0.1261   1879.019   78.83368    3.00317    34.9154    34.9160 0.0000e+00
   1611.000    -0.5761    -0.5759   2.919129   2.919175    314.961    307.957     0.1145     0.0089     0.1261   1879.982   78.83368    3.00318    34.9155    34.9160 0.0000e+00
   1612.000    -0.5764    -0.5763   2.919135   2.919188    314.608    307.923     0.1149     0.0030     0.1262   1880.933   78.83368    3.00318    34.9154    34.9160 0.0000e+00
   1613.000    -0.5769    -0.5767   2.919129   2.919200    313.920    308.069     0.1152     0.0081     0.1261   1881.889   78.83368    3.00318    34.9154    34.9161 0.0000e+00
   1614.000    -0.5781    -0.5779   2.919066   2.919133    314.258    308.031     0.1156     0.0033     0.1261   1882.855   78.83368    3.00317    34.9154    34.9160 0.0000e+00
   1615.000    -0.5792    -0.5790   2.919023   2.919068    314.389    307.981     0.1160     0.0007     0.1262   1883.824   78.83368    3.00316    34.9154    34.9159 0.0000e+00
   1616.000    -0.5819    -0.5818   2.918808   2.918867    314.645    307.837     0.1164     0.0050     0.1261   1884.797   78.83368    3.00316    34.9151    34.9157 0.0000e+00
   1617.000    -0.5829    -0.5828   2.918767   2.918822    314.855    307.957     0.1168     0.0095     0.1261   1885.768   78.83368    3.00316    34.9151    34.9158 0.0000e+00
   1618.000    -0.5829    -0.5829   2.918800   2.918858    314.616    308.286     0.1172     0.0070     0.1261   1886.736   78.83368    3.00317    34.9151    34.9158 0.0000e+00
   1619.000    -0.5832    -0.5831   2.918828   2.918882    314.487    307.745     0.1176     0.0021     0.1261   1887.708   78.83368    3.00318    34.9152    34.9158 0.0000e+00
   1620.000    -0.5833    -0.5832   2.918859   2.918933    314.381    307.664     0.1179     0.0022     0.1261   1888.685   78.83368    3.00318    34.9151    34.9160 0.0000e+00
   1621.000    -0.5830    -0.5829   2.918938   2.918998    314.494    307.988     0.1183     0.0024     0.1263   1889.657   78.83368    3.00318    34.9153    34.9160 0.0000e+00
   1622.000    -0.5828    -0.5826   2.919007   2.919058    315.015    308.104     0.1186     0.0080     0.1266   1890.628   78.83368    3.00318    34.9155    34.9159 0.0000e+00
   1623.000    -0.5828    -0.5827   2.919043   2.919104    314.410    308.235     0.1189     0.0036     0.1261   1891.596   78.83368    3.00318    34.9154    34.9161 0.0000e+00
   1624.000    -0.5827    -0.5826   2.919104   2.919151    314.265    308.122     0.1191     0.0059     0.1261   1892.563   78.83368    3.00318    34.9155    34.9160 0.0000e+00
   1625.000    -0.5827    -0.5827   2.919138   2.919185    314.631    307.607     0.1193     0.0095     0.1262   1893.528   78.83368    3.00318    34.9155    34.9160 0.0000e+00
   1626.000    -0.5828    -0.5827   2.919177   2.919221    313.964    307.422     0.1195     0.0065     0.1261   1894.498   78.83368    3.00318    34.9155    34.9160 0.0000e+00
   1627.000    -0.5829    -0.5828   2.919208   2.919264    314.187    307.833     0.1197     0.0036     0.1264   1895.469   78.83368    3.00318    34.9155    34.9160 0.0000e+00
   1628.000    -0.5830    -0.5828   2.919247   2.919305    314.030    307.264     0.1199     0.0079     0.1264   1896.442   78.83368    3.00318    34.9155    34.9160 0.0000e+00
   1629.000    -0.5831    -0.5829   2.919272   2.919345    313.753    307.446     0.1200     0.0011     0.1267   1897.411   78.83368    3.00318    34.9154    34.9162 0.0000e+00
