test_project/cnv_files/Sta0236_bin.cnv
* Sea-Bird SBE 9 Data File:
* FileName = C:\Seabird\CTDDATA\Sta0236.hex
* Software Version Seasave V 7.26.7.107
* Temperature SN = 03-4535
* Conductivity SN = 2860
* Number of Bytes Per Scan = 44
* Number of Voltage Words = 5
* Number of Scans Averaged by the Deck Unit = 1
* NMEA Latitude = 78 49.95 N
* NMEA Longitude = 005 12.96 W
* NMEA UTC (Time) = Sep 10 2019 22:45:55
* NMEA baud rate = 9600
** Ship: "Kronprins Haakon"
** Station: 0236
** Echodepth: 808
** Log: 6297.190
** Wind-Dir Force(m/s): 14 13
** Air-temp (dry): 0.1
** Weather Sky: 7 8
** Sea Ice: 4 4
# nquan = 17
# nvalues = 808                         
# units = specified
# name 0 = prDM: Pressure, Digiquartz [db]
# name 1 = t090C: Temperature [ITS-90, deg C]
# name 2 = t190C: Temperature, 2 [ITS-90, deg C]
# name 3 = c0S/m: Conductivity [S/m]
# name 4 = c1S/m: Conductivity, 2 [S/m]
# name 5 = sbox0Mm/Kg: Oxygen, SBE 43 [umol/kg]
# name 6 = sbox1Mm/Kg: Oxygen, SBE 43, 2 [umol/kg]
# name 7 = wetCDOM: Fluorescence, WET Labs CDOM [mg/m^3]
# name 8 = flECO-AFL: Fluorescence, WET Labs ECO-AFL/FL [mg/m^3]
# name 9 = CStarAt0: Beam Attenuation, WET Labs C-Star [1/m]
# name 10 = timeS: Time, Elapsed [seconds]
# name 11 = latitude: Latitude [deg]
# name 12 = longitude: Longitude [deg]
# name 13 = upoly0: Upoly 0, ISUS
# name 14 = sal00: Salinity, Practical [PSU]
# name 15 = sal11: Salinity, Practical, 2 [PSU]
# name 16 = flag: flag
# span 0 =      2.000,    809.000       
# span 1 =    -1.6603,     1.0795       
# span 2 =    -1.6602,     1.0794       
# span 3 =   2.389978,   3.000280       
# span 4 =   2.390162,   3.000246       
# span 5 =    304.994,    419.882       
# span 6 =    300.396,    414.697       
# span 7 =     0.1157,     0.1920       
# span 8 =    -0.0032,     0.8451       
# span 9 =     0.1238,     0.3064       
# span 10 =    316.418,   1094.775      
# span 11 =   78.83262,   78.83264      
# span 12 =   -5.21618,   -5.21612      
# span 13 =  11.044015,  24.490619      
# span 14 =    29.7138,    34.8814      
# span 15 =    29.7159,    34.8817      
# span 16 = 0.0000e+00, 0.0000e+00      
# interval = decibars: 1                
# start_time = Sep 10 2019 22:45:55 [NMEA time, header]
# bad_flag = -9.990e-29
*END*
[from data line 511]
    513.000     0.5567     0.5568   2.964612   2.964625    312.026    305.539     0.1197     0.0203     0.1268    812.419   78.83262   -5.21616  23.515093    34.8619    34.8619 0.0000e+00
    514.000     0.5546     0.5547   2.964487   2.964502    311.538    305.579     0.1197     0.0098     0.1267    813.316   78.83262   -5.21616  23.464997    34.8620    34.8621 0.0000e+00
    515.000     0.5537     0.5537   2.964475   2.964490    311.701    305.393     0.1197     0.0096     0.1265    814.184   78.83262   -5.21616  23.801308    34.8622    34.8625 0.0000e+00
    516.000     0.5527     0.5528   2.964430   2.964441    311.707    305.278     0.1198     0.0096     0.1265    815.049   78.83262   -5.21616  23.919464    34.8622    34.8623 0.0000e+00
    517.000     0.5514     0.5515   2.964382   2.964405    312.416    305.275     0.1198     0.0056     0.1267    815.944   78.83262   -5.21616  23.782661    34.8625    34.8626 0.0000e+00
    518.000     0.5487     0.5487   2.964179   2.964210    312.106    305.501     0.1199     0.0054     0.1272    816.897   78.83262   -5.21616  23.640898    34.8623    34.8627 0.0000e+00
    519.000     0.5471     0.5471   2.964095   2.964114    312.234    305.667     0.1199     0.0067     0.1269    817.936   78.83262   -5.21616  23.451635    34.8624    34.8627 0.0000e+00
    520.000     0.5456     0.5457   2.964023   2.964036    312.827    305.736     0.1200     0.0048     0.1269    819.040   78.83262   -5.21615  23.253469    34.8625    34.8626 0.0000e+00
    521.000     0.5438     0.5439   2.963910   2.963938    312.673    305.811     0.1201     0.0121     0.1262    820.135   78.83262   -5.21614  23.225957    34.8626    34.8628 0.0000e+00
    522.000     0.5414     0.5415   2.963757   2.963769    312.310    305.876     0.1201     0.0124     0.1261    821.149   78.83262   -5.21616  23.169598    34.8627    34.8627 0.0000e+00
    523.000     0.5395     0.5393   2.963646   2.963647    312.167    305.725     0.1202     0.0019     0.1266    822.070   78.83262   -5.21616  23.447491    34.8627    34.8629 0.0000e+00
    524.000     0.5387     0.5388   2.963628   2.963647    311.791    305.752     0.1203     0.0020     0.1271    822.931   78.83262   -5.21616  23.528372    34.8628    34.8630 0.0000e+00
    525.000     0.5382     0.5381   2.963627   2.963632    311.572    305.901     0.1203     0.0020     0.1265    823.771   78.83262   -5.21616  23.541075    34.8628    34.8630 0.0000e+00
    526.000     0.5361     0.5362   2.963503   2.963520    311.860    305.847     0.1204     0.0055     0.1262    824.630   78.83262   -5.21616  23.511401    34.8629    34.8631 0.0000e+00
    527.000     0.5344     0.5346   2.963415   2.963443    311.922    305.554     0.1205     0.0070     0.1267    825.547   78.83262   -5.21616  23.559654    34.8631    34.8633 0.0000e+00
    528.000     0.5344     0.5343   2.963458   2.963470    311.996    305.586     0.1206     0.0042     0.1269    826.546   78.83262   -5.21616  23.408924    34.8631    34.8634 0.0000e+00
    529.000     0.5328     0.5327   2.963372   2.963383    311.717    305.278     0.1207     0.0129     0.1267    827.612   78.83262   -5.21615  23.751787    34.8632    34.8634 0.0000e+00
    530.000     0.5318     0.5318   2.963345   2.963361    311.848    305.526     0.1208     0.0180     0.1269    828.688   78.83262   -5.21614  23.805737    34.8634    34.8635 0.0000e+00
    531.000     0.5306     0.5307   2.963292   2.963309    312.538    305.761     0.1209     0.0022     0.1264    829.712   78.83262   -5.21615  23.626088    34.8634    34.8635 0.0000e+00
    532.000     0.5291     0.5291   2.963209   2.963221    312.282    305.834     0.1211     0.0029     0.1266    830.671   78.83262   -5.21616  23.486679    34.8635    34.8636 0.0000e+00
    533.000     0.5276     0.5275   2.963123   2.963125    312.015    305.703     0.1212     0.0090     0.1265    831.580   78.83262   -5.21616  23.446982    34.8635    34.8636 0.0000e+00
    534.000     0.5251     0.5251   2.962957   2.962972    312.128    305.356     0.1213     0.0096     0.1261    832.478   78.83262   -5.21616  23.446872    34.8636    34.8638 0.0000e+00
    535.000     0.5220     0.5221   2.962755   2.962775    312.371    305.510     0.1215     0.0053     0.1262    833.394   78.83262   -5.21616  23.714469    34.8637    34.8639 0.0000e+00
    536.000     0.5216     0.5217   2.962768   2.962779    311.705    305.835     0.1216     0.0046     0.1262    834.344   78.83262   -5.21616  23.694837    34.8638    34.8639 0.0000e+00
    537.000     0.5211     0.5210   2.962769   2.962772    311.825    305.825     0.1218     0.0096     0.1262    835.323   78.83262   -5.21616  23.472079    34.8639    34.8639 0.0000e+00
    538.000     0.5200     0.5200   2.962715   2.962730    312.480    305.874     0.1219     0.0096     0.1262    836.312   78.83262   -5.21616  23.189400    34.8637    34.8639 0.0000e+00
    539.000     0.5180     0.5180   2.962593   2.962612    312.728    305.474     0.1221     0.0087     0.1264    837.289   78.83262   -5.21616  22.971633    34.8639    34.8641 0.0000e+00
    540.000     0.5169     0.5170   2.962550   2.962575    312.322    305.625     0.1222     0.0027     0.1261    838.243   78.83262   -5.21616  23.110130    34.8639    34.8642 0.0000e+00
    541.000     0.5159     0.5159   2.962521   2.962536    312.072    306.341     0.1223     0.0085     0.1261    839.179   78.83262   -5.21616  22.935276    34.8640    34.8643 0.0000e+00
    542.000     0.5151     0.5151   2.962516   2.962539    312.015    306.354     0.1224     0.0096     0.1261    840.119   78.83262   -5.21616  22.897741    34.8643    34.8646 0.0000e+00
    543.000     0.5151     0.5151   2.962575   2.962595    311.459    305.580     0.1225     0.0096     0.1265    841.075   78.83262   -5.21616  23.150218    34.8645    34.8648 0.0000e+00
    544.000     0.5149     0.5149   2.962610   2.962628    311.936    305.764     0.1227     0.0096     0.1265    842.061   78.83262   -5.21616  23.675941    34.8646    34.8648 0.0000e+00
    545.000     0.5143     0.5143   2.962626   2.962629    312.877    306.008     0.1228     0.0096     0.1262    843.076   78.83262   -5.21616  23.889252    34.8649    34.8649 0.0000e+00
    546.000     0.5131     0.5131   2.962569   2.962589    312.939    306.136     0.1229     0.0096     0.1261    844.097   78.83262   -5.21616  23.760396    34.8649    34.8652 0.0000e+00
    547.000     0.5125     0.5125   2.962577   2.962583    312.766    306.161     0.1230     0.0074     0.1265    845.096   78.83262   -5.21616  23.761805    34.8651    34.8652 0.0000e+00
    548.000     0.5107     0.5108   2.962457   2.962470    312.661    306.217     0.1231     0.0045     0.1263    846.055   78.83262   -5.21616  23.663832    34.8651    34.8651 0.0000e+00
    549.000     0.5098     0.5098   2.962428   2.962448    312.239    306.168     0.1233     0.0148     0.1263    846.973   78.83262   -5.21616  23.669766    34.8651    34.8653 0.0000e+00
    550.000     0.5087     0.5089   2.962383   2.962405    312.227    306.097     0.1234     0.0105     0.1265    847.862   78.83262   -5.21616  23.665392    34.8651    34.8652 0.0000e+00
    551.000     0.5049     0.5048   2.962088   2.962083    312.562    305.860     0.1235     0.0096     0.1261    848.743   78.83262   -5.21616  23.575727    34.8650    34.8650 0.0000e+00
    552.000     0.5026     0.5025   2.961931   2.961944    312.730    305.792     0.1237     0.0063     0.1262    849.642   78.83262   -5.21616  23.266150    34.8650    34.8652 0.0000e+00
    553.000     0.5026     0.5030   2.961985   2.962035    312.366    305.730     0.1238     0.0040     0.1261    850.581   78.83262   -5.21615  23.350391    34.8650    34.8653 0.0000e+00
    554.000     0.5004     0.5004   2.961822   2.961835    312.036    305.796     0.1239     0.0095     0.1256    851.582   78.83262   -5.21614  23.400614    34.8648    34.8649 0.0000e+00
    555.000     0.4990     0.4991   2.961749   2.961770    312.057    305.932     0.1241     0.0078     0.1260    852.641   78.83262   -5.21614  23.548596    34.8648    34.8650 0.0000e+00
    556.000     0.4983     0.4985   2.961728   2.961765    312.127    306.102     0.1242     0.0024     0.1261    853.716   78.83262   -5.21615  23.737706    34.8647    34.8650 0.0000e+00
    557.000     0.4955     0.4956   2.961534   2.961567    312.286    306.229     0.1244     0.0044     0.1258    854.748   78.83262   -5.21616  23.613434    34.8648    34.8651 0.0000e+00
    558.000     0.4949     0.4950   2.961534   2.961548    312.266    306.085     0.1245     0.0158     0.1259    855.706   78.83262   -5.21616  23.902883    34.8648    34.8650 0.0000e+00
    559.000     0.4945     0.4946   2.961552   2.961568    312.180    305.829     0.1247     0.0102     0.1261    856.611   78.83262   -5.21616  23.300920    34.8650    34.8651 0.0000e+00
    560.000     0.4927     0.4930   2.961449   2.961478    312.313    305.785     0.1248     0.0046     0.1261    857.490   78.83262   -5.21616  23.223166    34.8651    34.8651 0.0000e+00
    561.000     0.4900     0.4901   2.961277   2.961295    312.112    305.966     0.1249     0.0055     0.1261    858.373   78.83262   -5.21616  23.291020    34.8653    34.8654 0.0000e+00
    562.000     0.4893     0.4893   2.961267   2.961285    311.780    305.757     0.1250     0.0095     0.1261    859.291   78.83262   -5.21614  23.423170    34.8653    34.8656 0.0000e+00
    563.000     0.4886     0.4886   2.961236   2.961258    311.894    305.766     0.1251     0.0076     0.1261    860.265   78.83262   -5.21614  23.542738    34.8652    34.8655 0.0000e+00
    564.000     0.4874     0.4875   2.961195   2.961207    311.946    305.970     0.1252     0.0031     0.1263    861.285   78.83262   -5.21614  23.718573    34.8653    34.8655 0.0000e+00
    565.000     0.4863     0.4864   2.961144   2.961166    312.154    306.112     0.1252     0.0093     0.1254    862.312   78.83262   -5.21614  23.544449    34.8653    34.8656 0.0000e+00
    566.000     0.4839     0.4838   2.960988   2.960995    313.248    306.187     0.1253     0.0092     0.1259    863.304   78.83262   -5.21616  23.516148    34.8655    34.8656 0.0000e+00
    567.000     0.4811     0.4812   2.960801   2.960824    313.189    306.221     0.1253     0.0032     0.1270    864.249   78.83262   -5.21616  23.452580    34.8655    34.8658 0.0000e+00
    568.000     0.4793     0.4792   2.960674   2.960689    312.266    305.857     0.1253     0.0128     0.1262    865.166   78.83262   -5.21614  23.385300    34.8654    34.8656 0.0000e+00
    569.000     0.4781     0.4781   2.960621   2.960641    312.252    305.648     0.1253     0.0087     0.1260    866.089   78.83262   -5.21614  23.548769    34.8655    34.8657 0.0000e+00
    570.000     0.4772     0.4772   2.960601   2.960612    313.110    306.082     0.1252     0.0014     0.1252    867.039   78.83262   -5.21614  23.629275    34.8656    34.8657 0.0000e+00
    571.000     0.4749     0.4750   2.960469   2.960481    313.171    306.081     0.1252     0.0044     0.1251    868.037   78.83262   -5.21614  23.341751    34.8658    34.8659 0.0000e+00
    572.000     0.4738     0.4739   2.960413   2.960433    312.951    305.606     0.1251     0.0073     0.1255    869.060   78.83262   -5.21614  23.514276    34.8658    34.8659 0.0000e+00
    573.000     0.4725     0.4726   2.960346   2.960369    312.867    305.869     0.1250     0.0023     0.1260    870.070   78.83262   -5.21614  23.724480    34.8658    34.8660 0.0000e+00
    574.000     0.4708     0.4709   2.960257   2.960272    312.400    306.082     0.1249     0.0030     0.1257    871.036   78.83262   -5.21614  23.734994    34.8659    34.8661 0.0000e+00
    575.000     0.4697     0.4698   2.960211   2.960228    312.272    306.176     0.1248     0.0089     0.1257    871.955   78.83262   -5.21615  23.775753    34.8660    34.8661 0.0000e+00
    576.000     0.4684     0.4685   2.960144   2.960166    312.484    306.123     0.1247     0.0039     0.1260    872.848   78.83262   -5.21616  23.894353    34.8660    34.8662 0.0000e+00
    577.000     0.4656     0.4657   2.959950   2.959964    312.092    305.750     0.1246     0.0064     0.1258    873.746   78.83262   -5.21615  23.474165    34.8660    34.8661 0.0000e+00
    578.000     0.4634     0.4634   2.959807   2.959822    312.428    305.784     0.1245     0.0126     0.1261    874.679   78.83262   -5.21614  23.291367    34.8660    34.8663 0.0000e+00
    579.000     0.4629     0.4628   2.959804   2.959810    312.575    305.975     0.1244     0.0113     0.1256    875.666   78.83262   -5.21614  23.371085    34.8660    34.8662 0.0000e+00
    580.000     0.4619     0.4619   2.959755   2.959769    312.299    305.651     0.1243     0.0017     0.1258    876.701   78.83262   -5.21614  23.542155    34.8660    34.8661 0.0000e+00
    581.000     0.4596     0.4596   2.959598   2.959621    312.900    306.009     0.1242     0.0016     0.1261    877.747   78.83262   -5.21614  23.262603    34.8659    34.8662 0.0000e+00
    582.000     0.4591     0.4590   2.959607   2.959630    312.678    306.398     0.1241     0.0020     0.1261    878.757   78.83262   -5.21614  23.461987    34.8660    34.8663 0.0000e+00
    583.000     0.4589     0.4588   2.959638   2.959651    312.500    306.356     0.1241     0.0021     0.1261    879.710   78.83262   -5.21614  23.340760    34.8660    34.8663 0.0000e+00
    584.000     0.4586     0.4586   2.959660   2.959678    312.671    306.308     0.1240     0.0023     0.1262    880.620   78.83262   -5.21614  23.052902    34.8661    34.8663 0.0000e+00
    585.000     0.4567     0.4568   2.959561   2.959576    312.538    305.996     0.1240     0.0122     0.1261    881.510   78.83262   -5.21614  23.140948    34.8663    34.8664 0.0000e+00
    586.000     0.4558     0.4559   2.959531   2.959554    313.015    306.056     0.1240     0.0124     0.1261    882.407   78.83262   -5.21616  23.742698    34.8664    34.8666 0.0000e+00
    587.000     0.4549     0.4549   2.959495   2.959512    313.021    306.118     0.1240     0.0096     0.1264    883.326   78.83262   -5.21616  23.735255    34.8664    34.8665 0.0000e+00
    588.000     0.4542     0.4543   2.959485   2.959511    313.136    305.886     0.1240     0.0108     0.1265    884.283   78.83262   -5.21616  23.109478    34.8664    34.8666 0.0000e+00
    589.000     0.4543     0.4543   2.959548   2.959561    313.155    305.866     0.1240     0.0141     0.1266    885.273   78.83262   -5.21614  23.874196    34.8665    34.8667 0.0000e+00
    590.000     0.4544     0.4543   2.959594   2.959610    312.877    306.086     0.1241     0.0036     0.1263    886.293   78.83262   -5.21614  23.880462    34.8665    34.8667 0.0000e+00
    591.000     0.4543     0.4543   2.959638   2.959654    313.390    306.096     0.1241     0.0085     0.1262    887.320   78.83262   -5.21614  23.642333    34.8665    34.8668 0.0000e+00
    592.000     0.4539     0.4539   2.959649   2.959661    312.585    305.759     0.1241     0.0029     0.1261    888.343   78.83262   -5.21614  23.261298    34.8666    34.8667 0.0000e+00
    593.000     0.4532     0.4532   2.959647   2.959660    311.760    305.736     0.1242     0.0085     0.1267    889.346   78.83262   -5.21614  22.469845    34.8667    34.8669 0.0000e+00
    594.000     0.4517     0.4517   2.959574   2.959589    311.890    306.071     0.1243     0.0096     0.1436    890.323   78.83262   -5.21614  23.366238    34.8668    34.8670 0.0000e+00
    595.000     0.4505     0.4505   2.959513   2.959536    312.399    306.254     0.1243     0.0096     0.1286    891.262   78.83262   -5.21614  23.469080    34.8668    34.8671 0.0000e+00
    596.000     0.4489     0.4489   2.959443   2.959441    312.746    306.297     0.1244     0.0096     0.1260    892.167   78.83262   -5.21614  23.402510    34.8672    34.8671 0.0000e+00
