test_project/cnv_files/sta0246_bin.cnv
* Sea-Bird SBE 9 Data File:
* FileName = C:\Seabird\CTDDATA\Sta0246.hex
* Software Version Seasave V 7.26.7.107
* Temperature SN = 03-4535
* Conductivity SN = 2860
* Number of Bytes Per Scan = 44
* Number of Voltage Words = 5
* Number of Scans Averaged by the Deck Unit = 1
* NMEA Latitude = 78 50.02 N
* NMEA Longitude = 007 00.62 E
* NMEA UTC (Time) = Sep 14 2019 17:29:16
* NMEA baud rate = 9600
** Ship: "Kronprins Haakon"
** Station: 0246
** Echodepth: 1418
** Log: 6509.70
** Wind-Dir Force(m/s): 04 02
** Air-temp (dry): 6.7
** Weather Sky: 2 8
** Sea Ice: 0 0
# nquan = 16
# nvalues = 1426                        
# units = specified
# name 0 = prDM: Pressure, Digiquartz [db]
# name 1 = t090C: Temperature [ITS-90, deg C]
# name 2 = t190C: Temperature, 2 [ITS-90, deg C]
# name 3 = c0S/m: Conductivity [S/m]
# name 4 = c1S/m: Conductivity, 2 [S/m]
# name 5 = sbox0Mm/Kg: Oxygen, SBE 43 [umol/kg]
# name 6 = sbox1Mm/Kg: Oxygen, SBE 43, 2 [umol/kg]
# name 7 = wetCDOM: Fluorescence, WET Labs CDOM [mg/m^3]
# name 8 = flECO-AFL: Fluorescence, WET Labs ECO-AFL/FL [mg/m^3]
# name 9 = CStarAt0: Beam Attenuation, WET Labs C-Star [1/m]
# name 10 = timeS: Time, Elapsed [seconds]
# name 11 = latitude: Latitude [deg]
# name 12 = longitude: Longitude [deg]
# name 13 = sal00: Salinity, Practical [PSU]
# name 14 = sal11: Salinity, Practical, 2 [PSU]
# name 15 = flag: flag
# span 0 =      3.000,   1428.000       
# span 1 =    -0.7981,     7.2607       
# span 2 =    -0.7980,     7.0926       
# span 3 =   2.705098,   3.514913       
# span 4 =   2.884975,   3.514812       
# span 5 =    284.159,    329.367       
# span 6 =    289.678,    494.877       
# span 7 =     0.0997,     0.1322       
# span 8 =    -0.0112,     2.3465       
# span 9 =     0.1399,     0.5071       
# span 10 =    124.762,   1685.100      
# span 11 =   78.83378,   78.83478      
# span 12 =    7.00986,    7.01050      
# span 13 =    25.8965,    35.0505      
# span 14 =    31.5058,    35.0508      
# span 15 = 0.0000e+00, 0.0000e+00      
# interval = decibars: 1                
# start_time = Sep 14 2019 17:29:16 [NMEA time, header]
# bad_flag = -9.990e-29
*END*
[from data line 995]
    998.000    -0.5912    -0.5917   2.891422   2.891403    312.946    306.367     0.1237     0.0104     0.1497   1247.522   78.83390    7.01030    34.9119    34.9122 0.0000e+00
    999.000    -0.5912    -0.5913   2.891460   2.891487    312.807    306.365     0.1238     0.0223     0.1497   1248.479   78.83390    7.01030    34.9118    34.9122 0.0000e+00
   1000.000    -0.5923    -0.5922   2.891406   2.891466    312.602    306.774     0.1238     0.0061     0.1496   1249.444   78.83390    7.01030    34.9118    34.9124 0.0000e+00
   1001.000    -0.5922    -0.5923   2.891459   2.891486    312.950    306.379     0.1239     0.0023     0.1492   1250.415   78.83390    7.01030    34.9118    34.9123 0.0000e+00
   1002.000    -0.5929    -0.5928   2.891442   2.891490    312.777    306.268     0.1239     0.0065     0.1490   1251.387   78.83390    7.01030    34.9117    34.9122 0.0000e+00
   1003.000    -0.5949    -0.5949   2.891319   2.891348    312.753    306.722     0.1239     0.0131     0.1494   1252.364   78.83390    7.01030    34.9118    34.9122 0.0000e+00
   1004.000    -0.5973    -0.5975   2.891142   2.891162    312.516    306.230     0.1239     0.0143     0.1496   1253.336   78.83390    7.01030    34.9116    34.9121 0.0000e+00
   1005.000    -0.6004    -0.6001   2.890927   2.890985    312.916    306.253     0.1239     0.0113     0.1495   1254.310   78.83390    7.01030    34.9116    34.9121 0.0000e+00
   1006.000    -0.6029    -0.6029   2.890752   2.890786    312.843    306.610     0.1238     0.0139     0.1491   1255.276   78.83390    7.01030    34.9116    34.9120 0.0000e+00
   1007.000    -0.6042    -0.6041   2.890680   2.890716    312.425    306.707     0.1238     0.0038     0.1497   1256.244   78.83390    7.01030    34.9116    34.9119 0.0000e+00
   1008.000    -0.6081    -0.6079   2.890405   2.890438    312.807    306.779     0.1238     0.0154     0.1498   1257.209   78.83390    7.01032    34.9116    34.9119 0.0000e+00
   1009.000    -0.6117    -0.6119   2.890134   2.890130    312.803    306.176     0.1238     0.0108     0.1491   1258.169   78.83390    7.01032    34.9116    34.9118 0.0000e+00
   1010.000    -0.6147    -0.6153   2.889917   2.889896    312.610    306.409     0.1237     0.0096     0.1491   1259.129   78.83392    7.01032    34.9116    34.9120 0.0000e+00
   1011.000    -0.6155    -0.6152   2.889886   2.889954    312.915    306.763     0.1237     0.0054     0.1490   1260.082   78.83392    7.01030    34.9115    34.9120 0.0000e+00
   1012.000    -0.6164    -0.6164   2.889863   2.889881    312.376    306.124     0.1237     0.0053     0.1495   1261.031   78.83392    7.01030    34.9116    34.9118 0.0000e+00
   1013.000    -0.6165    -0.6167   2.889889   2.889902    313.104    306.210     0.1237     0.0095     0.1489   1261.984   78.83392    7.01030    34.9115    34.9118 0.0000e+00
   1014.000    -0.6165    -0.6165   2.889940   2.889969    313.061    306.563     0.1236     0.0096     0.1488   1262.956   78.83392    7.01030    34.9116    34.9119 0.0000e+00
   1015.000    -0.6168    -0.6167   2.889944   2.889996    312.754    306.507     0.1236     0.0087     0.1486   1263.934   78.83392    7.01030    34.9114    34.9120 0.0000e+00
   1016.000    -0.6167    -0.6166   2.890007   2.890048    312.479    306.242     0.1236     0.0027     0.1486   1264.909   78.83392    7.01030    34.9115    34.9119 0.0000e+00
   1017.000    -0.6170    -0.6170   2.890027   2.890068    312.629    306.098     0.1236     0.0086     0.1489   1265.877   78.83392    7.01030    34.9116    34.9121 0.0000e+00
   1018.000    -0.6169    -0.6170   2.890076   2.890118    312.753    306.466     0.1236     0.0095     0.1488   1266.840   78.83392    7.01030    34.9115    34.9122 0.0000e+00
   1019.000    -0.6172    -0.6173   2.890089   2.890127    312.960    306.622     0.1236     0.0045     0.1492   1267.801   78.83392    7.01030    34.9115    34.9121 0.0000e+00
   1020.000    -0.6175    -0.6172   2.890112   2.890176    312.692    306.470     0.1236     0.0020     0.1490   1268.771   78.83392    7.01030    34.9115    34.9120 0.0000e+00
   1021.000    -0.6176    -0.6177   2.890159   2.890183    312.789    306.254     0.1237     0.0020     0.1487   1269.748   78.83392    7.01030    34.9116    34.9121 0.0000e+00
   1022.000    -0.6186    -0.6186   2.890098   2.890117    312.803    306.348     0.1237     0.0023     0.1493   1270.725   78.83393    7.01030    34.9115    34.9117 0.0000e+00
   1023.000    -0.6216    -0.6214   2.889894   2.889941    312.837    306.291     0.1237     0.0037     0.1486   1271.701   78.83394    7.01030    34.9115    34.9120 0.0000e+00
   1024.000    -0.6216    -0.6218   2.889931   2.889964    312.710    306.502     0.1238     0.0094     0.1486   1272.666   78.83394    7.01030    34.9114    34.9121 0.0000e+00
   1025.000    -0.6216    -0.6216   2.889980   2.890011    312.964    306.454     0.1238     0.0093     0.1486   1273.626   78.83394    7.01030    34.9115    34.9119 0.0000e+00
   1026.000    -0.6222    -0.6221   2.889972   2.890016    312.381    306.004     0.1238     0.0034     0.1488   1274.586   78.83394    7.01030    34.9115    34.9120 0.0000e+00
   1027.000    -0.6227    -0.6227   2.889971   2.890009    312.504    306.171     0.1239     0.0079     0.1489   1275.546   78.83394    7.01030    34.9114    34.9119 0.0000e+00
   1028.000    -0.6234    -0.6232   2.889955   2.890010    312.878    306.412     0.1239     0.0096     0.1486   1276.510   78.83394    7.01030    34.9114    34.9120 0.0000e+00
   1029.000    -0.6258    -0.6255   2.889795   2.889841    312.568    306.372     0.1240     0.0096     0.1487   1277.483   78.83394    7.01028    34.9114    34.9118 0.0000e+00
   1030.000    -0.6283    -0.6283   2.889617   2.889655    312.600    306.249     0.1240     0.0096     0.1488   1278.457   78.83394    7.01028    34.9114    34.9118 0.0000e+00
   1031.000    -0.6302    -0.6301   2.889499   2.889533    312.650    306.036     0.1241     0.0073     0.1486   1279.420   78.83394    7.01028    34.9114    34.9117 0.0000e+00
   1032.000    -0.6358    -0.6357   2.889067   2.889112    312.447    306.289     0.1241     0.0023     0.1486   1280.386   78.83394    7.01028    34.9115    34.9119 0.0000e+00
   1033.000    -0.6372    -0.6372   2.888988   2.889033    312.446    306.306     0.1242     0.0029     0.1488   1281.348   78.83394    7.01028    34.9114    34.9119 0.0000e+00
   1034.000    -0.6390    -0.6388   2.888878   2.888929    312.396    306.070     0.1243     0.0088     0.1488   1282.319   78.83394    7.01028    34.9113    34.9118 0.0000e+00
   1035.000    -0.6422    -0.6417   2.888650   2.888714    312.774    306.012     0.1244     0.0034     0.1489   1283.298   78.83394    7.01028    34.9113    34.9117 0.0000e+00
   1036.000    -0.6462    -0.6462   2.888356   2.888376    312.435    305.506     0.1244     0.0079     0.1496   1284.281   78.83394    7.01028    34.9114    34.9116 0.0000e+00
   1037.000    -0.6487    -0.6487   2.888176   2.888209    311.861    305.456     0.1245     0.0045     0.1497   1285.268   78.83394    7.01028    34.9113    34.9117 0.0000e+00
   1038.000    -0.6522    -0.6521   2.887924   2.887967    311.401    305.462     0.1246     0.0023     0.1497   1286.240   78.83394    7.01026    34.9113    34.9118 0.0000e+00
   1039.000    -0.6532    -0.6532   2.887874   2.887912    311.598    305.930     0.1247     0.0023     0.1498   1287.203   78.83394    7.01026    34.9113    34.9118 0.0000e+00
   1040.000    -0.6535    -0.6534   2.887904   2.887943    311.340    305.564     0.1248     0.0046     0.1504   1288.158   78.83394    7.01026    34.9113    34.9118 0.0000e+00
   1041.000    -0.6555    -0.6554   2.887767   2.887810    311.690    305.456     0.1249     0.0080     0.1498   1289.117   78.83394    7.01026    34.9113    34.9117 0.0000e+00
   1042.000    -0.6564    -0.6562   2.887739   2.887790    311.783    305.824     0.1250     0.0025     0.1497   1290.085   78.83394    7.01024    34.9113    34.9118 0.0000e+00
   1043.000    -0.6566    -0.6564   2.887758   2.887819    311.965    305.631     0.1251     0.0023     0.1498   1291.052   78.83394    7.01024    34.9112    34.9118 0.0000e+00
   1044.000    -0.6568    -0.6567   2.887793   2.887828    311.814    305.319     0.1252     0.0024     0.1503   1292.020   78.83394    7.01024    34.9114    34.9117 0.0000e+00
   1045.000    -0.6568    -0.6568   2.887835   2.887869    312.029    305.755     0.1253     0.0133     0.1496   1292.991   78.83395    7.01024    34.9113    34.9118 0.0000e+00
   1046.000    -0.6574    -0.6573   2.887824   2.887870    311.812    305.798     0.1254     0.0118     0.1495   1293.958   78.83396    7.01024    34.9113    34.9117 0.0000e+00
   1047.000    -0.6599    -0.6598   2.887649   2.887692    311.858    305.763     0.1254     0.0054     0.1494   1294.929   78.83396    7.01024    34.9112    34.9116 0.0000e+00
   1048.000    -0.6628    -0.6627   2.887460   2.887503    311.910    305.348     0.1255     0.0054     0.1497   1295.905   78.83396    7.01024    34.9114    34.9118 0.0000e+00
   1049.000    -0.6637    -0.6634   2.887422   2.887471    311.790    305.532     0.1256     0.0095     0.1493   1296.886   78.83396    7.01024    34.9114    34.9117 0.0000e+00
   1050.000    -0.6654    -0.6650   2.887321   2.887387    311.725    305.864     0.1256     0.0096     0.1487   1297.860   78.83396    7.01023    34.9113    34.9118 0.0000e+00
   1051.000    -0.6660    -0.6660   2.887308   2.887338    312.055    305.856     0.1256     0.0096     0.1482   1298.834   78.83396    7.01022    34.9112    34.9117 0.0000e+00
   1052.000    -0.6665    -0.6664   2.887301   2.887348    312.333    305.988     0.1256     0.0091     0.1475   1299.806   78.83396    7.01022    34.9112    34.9117 0.0000e+00
   1053.000    -0.6670    -0.6670   2.887306   2.887339    312.897    305.961     0.1257     0.0027     0.1472   1300.777   78.83396    7.01022    34.9112    34.9117 0.0000e+00
   1054.000    -0.6687    -0.6686   2.887207   2.887251    312.457    306.268     0.1257     0.0022     0.1472   1301.747   78.83396    7.01022    34.9112    34.9117 0.0000e+00
   1055.000    -0.6701    -0.6698   2.887139   2.887191    312.431    306.221     0.1256     0.0021     0.1463   1302.711   78.83396    7.01021    34.9113    34.9117 0.0000e+00
   1056.000    -0.6705    -0.6704   2.887136   2.887194    312.252    306.166     0.1256     0.0063     0.1457   1303.671   78.83396    7.01020    34.9112    34.9118 0.0000e+00
   1057.000    -0.6712    -0.6711   2.887131   2.887158    311.790    305.850     0.1256     0.0064     0.1459   1304.627   78.83396    7.01020    34.9113    34.9116 0.0000e+00
   1058.000    -0.6722    -0.6719   2.887095   2.887137    312.330    305.586     0.1255     0.0020     0.1455   1305.591   78.83396    7.01020    34.9114    34.9116 0.0000e+00
   1059.000    -0.6726    -0.6725   2.887089   2.887122    312.364    305.882     0.1254     0.0039     0.1452   1306.566   78.83396    7.01020    34.9112    34.9116 0.0000e+00
   1060.000    -0.6727    -0.6725   2.887137   2.887177    312.177    306.118     0.1254     0.0085     0.1454   1307.548   78.83396    7.01020    34.9113    34.9116 0.0000e+00
   1061.000    -0.6728    -0.6729   2.887155   2.887188    312.242    306.172     0.1253     0.0030     0.1452   1308.527   78.83396    7.01019    34.9112    34.9117 0.0000e+00
   1062.000    -0.6732    -0.6734   2.887176   2.887195    311.633    305.747     0.1252     0.0090     0.1454   1309.491   78.83396    7.01018    34.9113    34.9117 0.0000e+00
   1063.000    -0.6736    -0.6737   2.887184   2.887202    312.156    305.560     0.1251     0.0153     0.1454   1310.452   78.83396    7.01018    34.9113    34.9117 0.0000e+00
   1064.000    -0.6739    -0.6738   2.887203   2.887245    312.370    305.815     0.1250     0.0058     0.1455   1311.416   78.83396    7.01018    34.9113    34.9117 0.0000e+00
   1065.000    -0.6748    -0.6746   2.887173   2.887219    312.202    305.980     0.1249     0.0023     0.1458   1312.392   78.83396    7.01018    34.9113    34.9118 0.0000e+00
   1066.000    -0.6757    -0.6754   2.887139   2.887178    312.393    305.800     0.1247     0.0058     0.1460   1313.377   78.83396    7.01018    34.9113    34.9115 0.0000e+00
   1067.000    -0.6758    -0.6757   2.887173   2.887207    311.953    305.733     0.1246     0.0068     0.1456   1314.356   78.83398    7.01018    34.9113    34.9117 0.0000e+00
   1068.000    -0.6761    -0.6760   2.887187   2.887233    311.836    305.566     0.1245     0.0020     0.1464   1315.336   78.83398    7.01018    34.9113    34.9118 0.0000e+00
   1069.000    -0.6773    -0.6772   2.887131   2.887173    312.174    305.705     0.1244     0.0030     0.1464   1316.308   78.83398    7.01016    34.9113    34.9117 0.0000e+00
   1070.000    -0.6781    -0.6782   2.887101   2.887124    311.705    305.562     0.1243     0.0088     0.1463   1317.269   78.83398    7.01016    34.9113    34.9117 0.0000e+00
   1071.000    -0.6786    -0.6786   2.887113   2.887145    311.596    305.479     0.1242     0.0028     0.1463   1318.223   78.83398    7.01016    34.9114    34.9118 0.0000e+00
   1072.000    -0.6830    -0.6831   2.886774   2.886782    311.738    305.622     0.1241     0.0133     0.1465   1319.179   78.83398    7.01016    34.9113    34.9115 0.0000e+00
   1073.000    -0.6855    -0.6853   2.886614   2.886649    311.722    305.609     0.1240     0.0067     0.1467   1320.136   78.83398    7.01014    34.9114    34.9116 0.0000e+00
   1074.000    -0.6878    -0.6872   2.886456   2.886527    311.621    305.103     0.1239     0.0062     0.1468   1321.101   78.83398    7.01014    34.9114    34.9117 0.0000e+00
   1075.000    -0.6898    -0.6896   2.886323   2.886379    311.690    305.610     0.1239     0.0060     0.1467   1322.070   78.83398    7.01014    34.9113    34.9118 0.0000e+00
   1076.000    -0.6910    -0.6912   2.886262   2.886291    311.676    305.760     0.1238     0.0021     0.1471   1323.043   78.83398    7.01014    34.9112    34.9118 0.0000e+00
   1077.000    -0.6924    -0.6922   2.886186   2.886226    311.609    305.170     0.1237     0.0023     0.1466   1324.020   78.83398    7.01014    34.9113    34.9116 0.0000e+00
   1078.000    -0.6931    -0.6930   2.886183   2.886215    311.701    305.156     0.1237     0.0032     0.1465   1324.996   78.83398    7.01014    34.9114    34.9117 0.0000e+00
   1079.000    -0.6938    -0.6937   2.886155   2.886198    311.888    305.440     0.1237     0.0087     0.1473   1325.972   78.83398    7.01014    34.9112    34.9117 0.0000e+00
   1080.000    -0.6940    -0.6938   2.886182   2.886228    311.253    305.180     0.1237     0.0027     0.1473   1326.949   78.83398    7.01014    34.9112    34.9117 0.0000e+00
   1081.000    -0.6942    -0.6940   2.886214   2.886255    311.525    305.155     0.1237     0.0081     0.1465   1327.925   78.83398    7.01013    34.9113    34.9117 0.0000e+00
   1082.000    -0.6941    -0.6940   2.886275   2.886308    311.837    305.229     0.1237     0.0148     0.1464   1328.897   78.83399    7.01012    34.9114    34.9118 0.0000e+00
   1083.000    -0.6943    -0.6942   2.886293   2.886326    311.671    304.907     0.1238     0.0165     0.1465   1329.866   78.83400    7.01012    34.9113    34.9117 0.0000e+00
   1084.000    -0.6946    -0.6945   2.886313   2.886357    310.975    305.130     0.1238     0.0166     0.1465   1330.831   78.83400    7.01011    34.9114    34.9119 0.0000e+00
   1085.000    -0.6946    -0.6946   2.886343   2.886385    310.743    305.329     0.1239     0.0111     0.1465   1331.783   78.83400    7.01010    34.9113    34.9118 0.0000e+00
   1086.000    -0.6956    -0.6956   2.886313   2.886334    310.885    305.398     0.1240     0.0034     0.1465   1332.719   78.83400    7.01010    34.9114    34.9117 0.0000e+00
