test_project/cnv_files/sta0202_bin.cnv
* Sea-Bird SBE 9 Data File:
* FileName = C:\Seabird\CTDDATA\Sta0202.hex
* Software Version Seasave V 7.26.7.107
* Temperature SN = 03-4535
* Conductivity SN = 2860
* Number of Bytes Per Scan = 44
* Number of Voltage Words = 5
* Number of Scans Averaged by the Deck Unit = 1
* NMEA Latitude = 78 50.75 N
* NMEA Longitude = 005 01.25 W
* NMEA UTC (Time) = Sep 03 2019 17:35:01
* NMEA baud rate = 9600
** Ship: "Kronprins Haakon"
** Station: Sta0202
** Echodepth: 1026
** Log: 5785.37
** Wind-Dir Force(m/s): 01 25
** Air-temp (dry): -2.5
** Weather Sky: 2 8
** Sea Ice: 2 4
# nquan = 16
# nvalues = 994                         
# units = specified
# name 0 = prDM: Pressure, Digiquartz [db]
# name 1 = t090C: Temperature [ITS-90, deg C]
# name 2 = t190C: Temperature, 2 [ITS-90, deg C]
# name 3 = c0S/m: Conductivity [S/m]
# name 4 = c1S/m: Conductivity, 2 [S/m]
# name 5 = sbox0Mm/Kg: Oxygen, SBE 43 [umol/kg]
# name 6 = sbox1Mm/Kg: Oxygen, SBE 43, 2 [umol/kg]
# name 7 = wetCDOM: Fluorescence, WET Labs CDOM [mg/m^3]
# name 8 = flECO-AFL: Fluorescence, WET Labs ECO-AFL/FL [mg/m^3]
# name 9 = CStarAt0: Beam Attenuation, WET Labs C-Star [1/m]
# name 10 = timeS: Time, Elapsed [seconds]
# name 11 = latitude: Latitude [deg]
# name 12 = longitude: Longitude [deg]
# name 13 = sal00: Salinity, Practical [PSU]
# name 14 = sal11: Salinity, Practical, 2 [PSU]
# name 15 = flag: flag
# span 0 =      7.000,   1000.000       
# span 1 =    -1.6874,     1.3422       
# span 2 =    -1.5046,     1.3402       
# span 3 =   0.066656,   3.017351       
# span 4 =   1.905408,   3.017285       
# span 5 =    306.051,    405.640       
# span 6 =    305.807,    898.403       
# span 7 =     0.1160,     0.1745       
# span 8 =    -0.0071,     0.9786       
# span 9 =     0.1069,     0.3473       
# span 10 =     16.953,   1414.107      
# span 11 =   78.84599,   78.84708      
# span 12 =   -5.04019,   -5.02120      
# span 13 =     0.6480,    34.8958      
# span 14 =    22.9589,    34.8957      
# span 15 = 0.0000e+00, 0.0000e+00      
# interval = decibars: 1                
# start_time = Sep 03 2019 17:35:01 [NMEA time, header]
# bad_flag = -9.990e-29
*END*
[from data line 91]
     98.000    -1.3130    -1.3603   1.259192   2.561100    344.879    330.593     0.1681     0.0420     0.1626    270.646   78.84635   -5.02420    14.9429    31.8263 0.0000e+00
     99.000    -1.1944    -1.1948   2.700926   2.698084    357.337    352.489     0.1676     0.0465     0.1638    456.736   78.84620   -5.02647    33.5548    33.5186 0.0000e+00
    100.000    -1.1402    -1.1402   2.706837   2.707048    353.469    350.312     0.1671     0.0530     0.1639    457.359   78.84620   -5.02648    33.5765    33.5794 0.0000e+00
    101.000    -1.0871    -1.0875   2.713645   2.713824    353.261    350.470     0.1666     0.0557     0.1636    458.366   78.84620   -5.02648    33.6094    33.6122 0.0000e+00
    102.000    -1.0355    -1.0351   2.720249   2.720318    356.527    351.853     0.1661     0.0602     0.1627    459.367   78.84620   -5.02650    33.6410    33.6415 0.0000e+00
    103.000    -1.0386    -1.0382   2.721103   2.721076    358.032    352.260     0.1656     0.0591     0.1625    460.376   78.84620   -5.02650    33.6554    33.6547 0.0000e+00
    104.000    -1.0606    -1.0603   2.720288   2.720231    354.737    350.803     0.1651     0.0558     0.1623    461.394   78.84620   -5.02652    33.6685    33.6673 0.0000e+00
    105.000    -1.0900    -1.0893   2.719109   2.718990    348.595    347.599     0.1646     0.0638     0.1619    462.415   78.84620   -5.02652    33.6847    33.6823 0.0000e+00
    106.000    -1.1508    -1.1508   2.715656   2.715522    345.795    345.719     0.1640     0.0525     0.1615    463.432   78.84620   -5.02654    33.7053    33.7034 0.0000e+00
    107.000    -1.1956    -1.1954   2.713215   2.713104    346.024    344.643     0.1634     0.0672     0.1609    464.448   78.84618   -5.02654    33.7216    33.7199 0.0000e+00
    108.000    -1.1758    -1.1754   2.716439   2.716528    347.707    344.553     0.1628     0.0719     0.1612    465.469   78.84618   -5.02656    33.7428    33.7436 0.0000e+00
    109.000    -1.0448    -1.0534   2.728972   2.729014    352.340    346.115     0.1622     0.0723     0.1615    466.495   78.84618   -5.02658    33.7659    33.7761 0.0000e+00
    110.000    -0.8255    -0.8258   2.749928   2.749989    358.509    348.428     0.1616     0.0704     0.1620    467.514   78.84618   -5.02660    33.8040    33.8051 0.0000e+00
    111.000    -0.8100    -0.8098   2.752155   2.752131    368.356    354.265     0.1610     0.0400     0.1626    468.532   78.84618   -5.02661    33.8162    33.8156 0.0000e+00
    112.000    -0.8111    -0.8114   2.752662   2.752635    364.573    352.394     0.1604     0.0281     0.1626    469.544   78.84618   -5.02663    33.8237    33.8237 0.0000e+00
    113.000    -0.7877    -0.7849   2.755446   2.755504    345.982    343.961     0.1597     0.0326     0.1626    470.564   78.84618   -5.02664    33.8345    33.8321 0.0000e+00
    114.000    -1.0512    -1.0464   2.733575   2.733163    336.201    340.817     0.1591     0.0352     0.1626    471.585   78.84618   -5.02665    33.8329    33.8218 0.0000e+00
    115.000    -0.9102    -0.9075   2.746268   2.747558    327.624    333.773     0.1585     0.0664     0.1626    472.603   78.84617   -5.02667    33.8463    33.8607 0.0000e+00
    116.000    -0.7320    -0.7301   2.762606   2.762988    327.182    332.699     0.1578     0.0579     0.1629    473.619   78.84616   -5.02668    33.8670    33.8701 0.0000e+00
    117.000    -0.6580    -0.6581   2.770052   2.770095    347.021    341.722     0.1572     0.0269     0.1620    474.651   78.84616   -5.02669    33.8841    33.8847 0.0000e+00
    118.000    -0.7157    -0.7071   2.767066   2.767291    357.293    344.788     0.1566     0.0179     0.1622    475.686   78.84616   -5.02671    33.9077    33.9011 0.0000e+00
    119.000    -1.1566    -1.1467   2.731287   2.730964    350.028    343.664     0.1559     0.0305     0.1613    476.720   78.84616   -5.02672    33.9173    33.9016 0.0000e+00
    120.000    -1.3495    -1.3514   2.715384   2.715260    330.482    334.754     0.1553     0.0642     0.1627    477.755   78.84616   -5.02673    33.9173    33.9178 0.0000e+00
    121.000    -1.1728    -1.1766   2.731086   2.731542    317.975    327.838     0.1547     0.0965     0.1618    478.792   78.84616   -5.02675    33.9317    33.9422 0.0000e+00
    122.000    -1.0555    -1.0536   2.743050   2.742964    343.220    337.955     0.1541     0.0867     0.1605    479.821   78.84616   -5.02676    33.9621    33.9587 0.0000e+00
    123.000    -1.1015    -1.1021   2.740838   2.740722    377.554    351.780     0.1535     0.0573     0.1603    480.852   78.84616   -5.02677    33.9833    33.9824 0.0000e+00
    124.000    -1.1071    -1.1072   2.741871   2.741793    377.948    352.196     0.1529     0.0876     0.1599    481.882   78.84616   -5.02679    34.0032    34.0022 0.0000e+00
    125.000    -1.0090    -1.0062   2.751199   2.751442    361.218    346.651     0.1523     0.0856     0.1602    482.909   78.84616   -5.02680    34.0187    34.0188 0.0000e+00
    126.000    -1.0229    -1.0309   2.751651   2.751214    355.940    346.628     0.1517     0.0819     0.1605    483.940   78.84616   -5.02681    34.0399    34.0430 0.0000e+00
    127.000    -0.9016    -0.9011   2.762856   2.762629    353.870    345.303     0.1512     0.0932     0.1599    484.984   78.84616   -5.02683    34.0547    34.0509 0.0000e+00
    128.000    -1.0621    -1.0553   2.749473   2.749494    354.296    346.874     0.1506     0.0618     0.1593    486.026   78.84616   -5.02685    34.0535    34.0460 0.0000e+00
    129.000    -1.0511    -1.0602   2.751134   2.751236    346.295    341.598     0.1501     0.0780     0.1592    487.061   78.84616   -5.02688    34.0629    34.0746 0.0000e+00
    130.000    -0.4696    -0.4905   2.803893   2.803317    331.199    331.296     0.1496     0.0923     0.1573    488.094   78.84616   -5.02688    34.1197    34.1354 0.0000e+00
    131.000    -0.3666    -0.3627   2.815477   2.815456    346.307    339.396     0.1491     0.0489     0.1558    489.130   78.84616   -5.02690    34.1588    34.1542 0.0000e+00
    132.000    -0.4432    -0.4461   2.810046   2.809809    360.864    345.103     0.1485     0.0182     0.1551    490.170   78.84614   -5.02690    34.1716    34.1717 0.0000e+00
    133.000    -0.3794    -0.3767   2.816883   2.816836    335.013    333.485     0.1481     0.0171     0.1551    491.214   78.84614   -5.02692    34.1908    34.1872 0.0000e+00
    134.000    -0.5083    -0.5066   2.806021   2.806014    313.338    326.310     0.1476     0.0194     0.1543    492.253   78.84614   -5.02692    34.1897    34.1876 0.0000e+00
    135.000    -0.4616    -0.4660   2.810224   2.810035    306.051    320.973     0.1471     0.0332     0.1532    493.294   78.84614   -5.02694    34.1928    34.1952 0.0000e+00
    136.000    -0.3456    -0.3434   2.821484   2.821819    308.949    319.438     0.1467     0.0290     0.1513    494.339   78.84614   -5.02696    34.2126    34.2146 0.0000e+00
    137.000    -0.2771    -0.2780   2.828386   2.828500    321.332    322.230     0.1463     0.0222     0.1500    495.385   78.84614   -5.02698    34.2272    34.2298 0.0000e+00
    138.000    -0.1839    -0.1855   2.837186   2.837173    327.456    322.313     0.1459     0.0227     0.1489    496.425   78.84614   -5.02700    34.2393    34.2409 0.0000e+00
    139.000    -0.1750    -0.1729   2.838938   2.838902    325.635    321.142     0.1455     0.0150     0.1483    497.454   78.84614   -5.02702    34.2520    34.2492 0.0000e+00
    140.000    -0.2523    -0.2472   2.833269   2.833169    321.707    319.729     0.1451     0.0143     0.1482    498.488   78.84614   -5.02702    34.2627    34.2556 0.0000e+00
    141.000    -0.5266    -0.5247   2.810106   2.809680    317.114    319.297     0.1448     0.0163     0.1486    499.522   78.84614   -5.02705    34.2609    34.2531 0.0000e+00
    142.000    -0.5040    -0.5089   2.812268   2.812219    309.587    314.742     0.1444     0.0140     0.1486    500.558   78.84614   -5.02706    34.2638    34.2687 0.0000e+00
    143.000    -0.3444    -0.3441   2.826758   2.826841    309.817    312.933     0.1441     0.0241     0.1487    501.596   78.84614   -5.02707    34.2775    34.2783 0.0000e+00
    144.000    -0.3964    -0.3962   2.822644   2.822436    326.674    318.916     0.1437     0.0192     0.1492    502.641   78.84614   -5.02708    34.2804    34.2774 0.0000e+00
    145.000    -0.4055    -0.4040   2.821864   2.821940    334.555    320.490     0.1433     0.0190     0.1488    503.697   78.84614   -5.02709    34.2796    34.2790 0.0000e+00
    146.000    -0.3309    -0.3322   2.829135   2.829354    327.152    318.150     0.1430     0.0183     0.1475    504.758   78.84614   -5.02711    34.2923    34.2967 0.0000e+00
    147.000    -0.2665    -0.2655   2.836404   2.836352    323.267    317.728     0.1426     0.0180     0.1459    505.813   78.84613   -5.02713    34.3162    34.3144 0.0000e+00
    148.000    -0.3120    -0.3147   2.833109   2.832644    325.685    319.252     0.1422     0.0182     0.1454    506.859   78.84612   -5.02715    34.3230    34.3197 0.0000e+00
    149.000    -0.3151    -0.3229   2.833115   2.832666    323.172    318.042     0.1418     0.0183     0.1445    507.897   78.84612   -5.02717    34.3259    34.3287 0.0000e+00
    150.000    -0.1433    -0.1452   2.849606   2.849671    317.471    315.228     0.1414     0.0182     0.1438    508.944   78.84612   -5.02718    34.3517    34.3548 0.0000e+00
    151.000    -0.0381    -0.0394   2.859914   2.859955    319.519    316.008     0.1410     0.0188     0.1438    509.990   78.84612   -5.02719    34.3698    34.3718 0.0000e+00
    152.000    -0.0206    -0.0166   2.862575   2.862662    323.653    317.204     0.1406     0.0121     0.1427    511.028   78.84612   -5.02721    34.3848    34.3815 0.0000e+00
    153.000    -0.0445    -0.0432   2.861049   2.861162    321.843    317.094     0.1401     0.0173     0.1422    512.066   78.84612   -5.02724    34.3908    34.3908 0.0000e+00
    154.000    -0.1671    -0.1605   2.850669   2.850751    316.548    316.975     0.1396     0.0239     0.1413    513.119   78.84612   -5.02724    34.3903    34.3840 0.0000e+00
    155.000    -0.1939    -0.1947   2.848647   2.848644    312.622    315.280     0.1391     0.0251     0.1413    514.165   78.84612   -5.02726    34.3929    34.3937 0.0000e+00
    156.000    -0.1560    -0.1563   2.852356   2.852272    311.649    313.632     0.1386     0.0200     0.1415    515.209   78.84612   -5.02728    34.3990    34.3982 0.0000e+00
    157.000    -0.1194    -0.1212   2.856109   2.855980    317.173    314.669     0.1381     0.0129     0.1411    516.249   78.84612   -5.02730    34.4070    34.4073 0.0000e+00
    158.000    -0.1024    -0.1037   2.858026   2.857901    322.220    314.815     0.1375     0.0088     0.1400    517.294   78.84612   -5.02730    34.4128    34.4126 0.0000e+00
    159.000    -0.0660    -0.0666   2.861594   2.861607    322.554    314.670     0.1369     0.0093     0.1380    518.348   78.84610   -5.02732    34.4186    34.4195 0.0000e+00
    160.000    -0.0081    -0.0090   2.867245   2.867299    320.755    314.508     0.1363     0.0154     0.1373    519.406   78.84610   -5.02734    34.4279    34.4296 0.0000e+00
    161.000     0.0452     0.0417   2.872574   2.872298    319.220    314.491     0.1357     0.0179     0.1367    520.462   78.84610   -5.02736    34.4379    34.4382 0.0000e+00
    162.000     0.1271     0.1251   2.880527   2.880461    318.344    313.930     0.1351     0.0178     0.1360    521.511   78.84610   -5.02738    34.4505    34.4518 0.0000e+00
    163.000     0.1627     0.1587   2.884071   2.883696    317.946    314.026     0.1345     0.0146     0.1356    522.558   78.84610   -5.02739    34.4567    34.4562 0.0000e+00
    164.000     0.2370     0.2334   2.891117   2.891064    316.304    313.181     0.1339     0.0132     0.1354    523.598   78.84610   -5.02741    34.4656    34.4689 0.0000e+00
    165.000     0.3301     0.3292   2.900257   2.900222    314.200    311.945     0.1333     0.0158     0.1353    524.629   78.84610   -5.02743    34.4808    34.4815 0.0000e+00
    166.000     0.3420     0.3427   2.901963   2.901917    313.917    312.508     0.1327     0.0104     0.1357    525.663   78.84610   -5.02744    34.4893    34.4880 0.0000e+00
    167.000     0.3155     0.3164   2.900132   2.900051    312.734    312.337     0.1321     0.0109     0.1367    526.704   78.84610   -5.02745    34.4944    34.4923 0.0000e+00
    168.000     0.3376     0.3347   2.902599   2.902466    309.024    310.701     0.1315     0.0147     0.1380    527.758   78.84610   -5.02747    34.5015    34.5030 0.0000e+00
    169.000     0.4187     0.4179   2.910551   2.910493    307.350    309.228     0.1310     0.0018     0.1393    528.816   78.84610   -5.02749    34.5143    34.5145 0.0000e+00
    170.000     0.4269     0.4268   2.911633   2.911534    311.286    310.311     0.1305     0.0185     0.1391    529.861   78.84610   -5.02751    34.5187    34.5175 0.0000e+00
    171.000     0.4373     0.4372   2.912959   2.912905    313.566    310.100     0.1300     0.0189     0.1396    530.900   78.84610   -5.02752    34.5239    34.5232 0.0000e+00
    172.000     0.4389     0.4397   2.913419   2.913373    312.325    309.690     0.1295     0.0246     0.1415    531.937   78.84610   -5.02753    34.5275    34.5260 0.0000e+00
    173.000     0.4390     0.4372   2.913904   2.913752    311.202    309.547     0.1290     0.0139     0.1400    532.983   78.84610   -5.02755    34.5332    34.5331 0.0000e+00
    174.000     0.4847     0.4861   2.918522   2.918649    311.054    308.842     0.1286     0.0251     0.1400    534.031   78.84610   -5.02756    34.5418    34.5419 0.0000e+00
    175.000     0.4886     0.4891   2.919269   2.919210    312.608    309.497     0.1282     0.0203     0.1403    535.077   78.84610   -5.02758    34.5466    34.5453 0.0000e+00
    176.000     0.4597     0.4615   2.917208   2.917157    313.760    309.872     0.1277     0.0129     0.1395    536.127   78.84610   -5.02760    34.5515    34.5487 0.0000e+00
    177.000     0.4858     0.4852   2.920256   2.920236    312.109    308.811     0.1273     0.0237     0.1396    537.177   78.84610   -5.02762    34.5614    34.5618 0.0000e+00
    178.000     0.4904     0.4908   2.921058   2.920983    310.764    308.433     0.1269     0.0200     0.1396    538.225   78.84610   -5.02764    34.5662    34.5647 0.0000e+00
    179.000     0.4895     0.4896   2.921417   2.921333    312.116    308.496     0.1265     0.0139     0.1392    539.258   78.84610   -5.02766    34.5713    34.5701 0.0000e+00
    180.000     0.4767     0.4784   2.920563   2.920521    312.709    308.854     0.1261     0.0121     0.1388    540.288   78.84610   -5.02766    34.5739    34.5714 0.0000e+00
    181.000     0.4455     0.4465   2.918058   2.917968    312.703    308.766     0.1257     0.0162     0.1387    541.319   78.84610   -5.02768    34.5755    34.5731 0.0000e+00
    182.000     0.4411     0.4409   2.917854   2.917778    312.272    308.035     0.1253     0.0141     0.1382    542.366   78.84608   -5.02770    34.5771    34.5764 0.0000e+00
    183.000     0.4534     0.4534   2.919401   2.919332    311.857    307.622     0.1249     0.0087     0.1377    543.422   78.84608   -5.02770    34.5830    34.5820 0.0000e+00
    184.000     0.4691     0.4678   2.921161   2.921011    313.184    308.077     0.1245     0.0137     0.1372    544.472   78.84608   -5.02772    34.5878    34.5873 0.0000e+00
    185.000     0.5073     0.5062   2.925312   2.925252    314.483    308.091     0.1242     0.0139     0.1374    545.527   78.84608   -5.02775    34.5987    34.5992 0.0000e+00
    186.000     0.5083     0.5106   2.925841   2.925826    315.190    308.625     0.1239     0.0152     0.1361    546.580   78.84609   -5.02777    34.6039    34.6012 0.0000e+00
