test_project/cnv_files/Sta0219_bin.cnv
* Sea-Bird SBE 9 Data File:
* FileName = C:\Seabird\CTDDATA\Sta0219.hex
* Software Version Seasave V 7.26.7.107
* Temperature SN = 03-4535
* Conductivity SN = 2860
* Number of Bytes Per Scan = 44
* Number of Voltage Words = 5
* Number of Scans Averaged by the Deck Unit = 1
* NMEA Latitude = 78 51.08 N
* NMEA Longitude = 014 27.29 W
* NMEA UTC (Time) = Sep 06 2019 08:54:08
* NMEA baud rate = 9600
** Ship: "Kronprins Haakon"
** Station: 0219
** Echodepth: 115
** Log: 5992.47
** Wind-Dir Force(m/s): 23 08
** Air-temp (dry): -1.2
** Weather Sky: 0 4
** Sea Ice: 1 3
# nquan = 17
# nvalues = 104                         
# units = specified
# name 0 = prDM: Pressure, Digiquartz [db]
# name 1 = t090C: Temperature [ITS-90, deg C]
# name 2 = t190C: Temperature, 2 [ITS-90, deg C]
# name 3 = c0S/m: Conductivity [S/m]
# name 4 = c1S/m: Conductivity, 2 [S/m]
# name 5 = sbox0Mm/Kg: Oxygen, SBE 43 [umol/kg]
# name 6 = sbox1Mm/Kg: Oxygen, SBE 43, 2 [umol/kg]
# name 7 = wetCDOM: Fluorescence, WET Labs CDOM [mg/m^3]
# name 8 = flECO-AFL: Fluorescence, WET Labs ECO-AFL/FL [mg/m^3]
# name 9 = CStarAt0: Beam Attenuation, WET Labs C-Star [1/m]
# name 10 = timeS: Time, Elapsed [seconds]
# name 11 = latitude: Latitude [deg]
# name 12 = longitude: Longitude [deg]
# name 13 = upoly0: Upoly 0, ISUS
# name 14 = sal00: Salinity, Practical [PSU]
# name 15 = sal11: Salinity, Practical, 2 [PSU]
# name 16 = flag: flag
# span 0 =      2.000,    105.000       
# span 1 =    -1.6048,    -0.9530       
# span 2 =    -1.6048,    -0.9501       
# span 3 =   2.408038,   2.602082       
# span 4 =   2.407891,   2.602221       
# span 5 =    373.857,    414.974       
# span 6 =    368.887,    407.737       
# span 7 =     0.1247,     0.1771       
# span 8 =     0.0547,     0.4266       
# span 9 =     0.1864,     0.2620       
# span 10 =    180.196,    295.349      
# span 11 =   78.85142,   78.85142      
# span 12 =  -14.45496,  -14.45494      
# span 13 =  12.949205,  18.418547      
# span 14 =    29.4057,    32.5476      
# span 15 =    29.4029,    32.5481      
# span 16 = 0.0000e+00, 0.0000e+00      
# interval = decibars: 1                
# start_time = Sep 06 2019 08:54:08 [NMEA time, header]
# bad_flag = -9.990e-29
*END*
      2.000    -0.9572    -0.9570   2.409088   2.409061    396.601    394.397     0.1379     0.2670     0.2316    180.196   78.85142  -14.45494  13.143359    29.4150    29.4145 0.0000e+00
      3.000    -0.9711    -0.9663   2.408162   2.408181    396.453    394.061     0.1366     0.2258     0.2310    182.207   78.85142  -14.45494  13.412836    29.4156    29.4112 0.0000e+00
      4.000    -0.9767    -0.9730   2.408356   2.408313    396.643    394.117     0.1358     0.1986     0.2300    183.359   78.85142  -14.45494  13.639732    29.4232    29.4190 0.0000e+00
      5.000    -0.9823    -0.9787   2.408585   2.408489    396.745    393.740     0.1353     0.1974     0.2296    184.341   78.85142  -14.45494  13.794432    29.4312    29.4264 0.0000e+00
      6.000    -0.9735    -0.9721   2.408059   2.407891    397.528    393.070     0.1347     0.1959     0.2303    185.393   78.85142  -14.45494  14.026138    29.4150    29.4113 0.0000e+00
      7.000    -0.9730    -0.9710   2.408157   2.407919    398.778    392.258     0.1339     0.1929     0.2305    186.446   78.85142  -14.45494  13.873565    29.4153    29.4101 0.0000e+00
      8.000    -0.9664    -0.9679   2.408038   2.407962    399.786    392.811     0.1335     0.2045     0.2301    187.496   78.85142  -14.45494  13.092811    29.4066    29.4071 0.0000e+00
      9.000    -0.9530    -0.9501   2.408989   2.408989    400.771    393.517     0.1332     0.2217     0.2299    188.553   78.85142  -14.45494  13.350740    29.4057    29.4029 0.0000e+00
     10.000    -0.9771    -0.9790   2.410014   2.409975    400.952    394.921     0.1329     0.2363     0.2312    189.613   78.85142  -14.45494  13.926410    29.4425    29.4438 0.0000e+00
     11.000    -1.0022    -1.0050   2.410637   2.410856    400.631    395.319     0.1325     0.2610     0.2620    190.668   78.85142  -14.45494  14.064374    29.4749    29.4806 0.0000e+00
     12.000    -1.0197    -1.0267   2.411421   2.412028    400.070    395.567     0.1320     0.2845     0.2317    191.722   78.85142  -14.45494  14.052502    29.5020    29.5171 0.0000e+00
     13.000    -1.0382    -1.0374   2.413444   2.413440    399.984    395.549     0.1314     0.2941     0.2282    192.773   78.85142  -14.45494  13.883210    29.5468    29.5460 0.0000e+00
     14.000    -1.0232    -1.0240   2.417355   2.417281    400.985    395.593     0.1305     0.3026     0.2277    193.824   78.85142  -14.45494  13.549369    29.5840    29.5838 0.0000e+00
     15.000    -1.0194    -1.0193   2.419100   2.419044    402.724    396.429     0.1293     0.3097     0.2281    194.866   78.85142  -14.45494  13.569968    29.6031    29.6023 0.0000e+00
     16.000    -1.0273    -1.0266   2.421564   2.421506    404.479    396.951     0.1280     0.3200     0.2308    195.899   78.85142  -14.45494  13.224836    29.6434    29.6419 0.0000e+00
     17.000    -1.0320    -1.0320   2.429376   2.429339    403.688    396.975     0.1267     0.3064     0.2265    196.950   78.85142  -14.45495  13.449071    29.7524    29.7519 0.0000e+00
     18.000    -1.0346    -1.0341   2.433633   2.433573    402.663    396.754     0.1256     0.3199     0.2278    198.004   78.85142  -14.45496  13.420106    29.8116    29.8103 0.0000e+00
     19.000    -1.0547    -1.0538   2.438885   2.438845    403.024    397.181     0.1249     0.3300     0.2280    199.059   78.85142  -14.45496  13.676800    29.9016    29.9002 0.0000e+00
     20.000    -1.0695    -1.0690   2.440473   2.440434    403.512    397.546     0.1247     0.3179     0.2290    200.112   78.85142  -14.45496  14.098649    29.9372    29.9361 0.0000e+00
     21.000    -1.0869    -1.0863   2.441953   2.441918    404.079    398.116     0.1251     0.3190     0.2308    201.170   78.85142  -14.45496  14.152859    29.9740    29.9729 0.0000e+00
     22.000    -1.0999    -1.0997   2.443585   2.443561    404.948    398.750     0.1263     0.3340     0.2327    202.231   78.85142  -14.45496  13.577817    30.0083    30.0078 0.0000e+00
     23.000    -1.1095    -1.1094   2.444337   2.444314    405.874    399.133     0.1280     0.3589     0.2325    203.294   78.85142  -14.45496  12.949205    30.0276    30.0271 0.0000e+00
     24.000    -1.1288    -1.1282   2.445021   2.445002    406.892    399.428     0.1302     0.3695     0.2353    204.363   78.85142  -14.45496  13.308106    30.0555    30.0547 0.0000e+00
     25.000    -1.1468    -1.1461   2.445165   2.445134    407.926    399.968     0.1325     0.3706     0.2364    205.416   78.85142  -14.45496  13.918619    30.0750    30.0739 0.0000e+00
     26.000    -1.1658    -1.1655   2.446943   2.446922    408.201    400.144     0.1349     0.3765     0.2388    206.467   78.85142  -14.45496  13.387039    30.1175    30.1170 0.0000e+00
     27.000    -1.1729    -1.1728   2.450731   2.450748    407.972    399.984     0.1372     0.3711     0.2400    207.518   78.85142  -14.45496  13.517545    30.1752    30.1754 0.0000e+00
     28.000    -1.1645    -1.1646   2.457827   2.457794    407.719    399.368     0.1393     0.3886     0.2421    208.575   78.85142  -14.45496  13.881434    30.2621    30.2617 0.0000e+00
     29.000    -1.1635    -1.1637   2.460756   2.460693    407.907    399.708     0.1411     0.4041     0.2426    209.628   78.85142  -14.45496  13.398391    30.3001    30.2994 0.0000e+00
     30.000    -1.1627    -1.1625   2.463953   2.463929    408.444    399.855     0.1426     0.3950     0.2419    210.670   78.85142  -14.45496  13.523643    30.3419    30.3413 0.0000e+00
     31.000    -1.1676    -1.1674   2.470910   2.470929    407.936    400.170     0.1439     0.3966     0.2427    211.717   78.85142  -14.45496  13.754342    30.4403    30.4404 0.0000e+00
     32.000    -1.1680    -1.1678   2.475986   2.475947    407.421    400.343     0.1451     0.3903     0.2420    212.774   78.85142  -14.45496  13.631629    30.5088    30.5080 0.0000e+00
     33.000    -1.1676    -1.1675   2.477109   2.477071    407.680    400.652     0.1460     0.3809     0.2431    213.826   78.85142  -14.45496  13.691332    30.5230    30.5223 0.0000e+00
     34.000    -1.1681    -1.1680   2.479526   2.479496    407.886    400.930     0.1470     0.3882     0.2447    214.878   78.85142  -14.45496  13.848190    30.5557    30.5551 0.0000e+00
     35.000    -1.1253    -1.1296   2.491878   2.491800    407.589    400.272     0.1480     0.4072     0.2433    215.947   78.85142  -14.45496  13.603799    30.6781    30.6815 0.0000e+00
     36.000    -0.9771    -0.9776   2.536638   2.536856    405.659    397.795     0.1490     0.4200     0.2433    217.022   78.85142  -14.45496  13.671479    31.1291    31.1326 0.0000e+00
     37.000    -0.9839    -0.9827   2.543965   2.543872    410.485    401.210     0.1501     0.4266     0.2446    218.099   78.85142  -14.45496  13.807683    31.2345    31.2320 0.0000e+00
     38.000    -1.0214    -1.0205   2.551286   2.551245    411.228    403.079     0.1511     0.4238     0.2447    219.155   78.85142  -14.45496  13.778464    31.3718    31.3703 0.0000e+00
     39.000    -1.0229    -1.0224   2.555251   2.555144    407.636    404.466     0.1521     0.4061     0.2597    220.200   78.85142  -14.45496  14.023204    31.4263    31.4243 0.0000e+00
     40.000    -1.0937    -1.0916   2.557788   2.557732    408.572    407.098     0.1531     0.3931     0.2400    221.242   78.85142  -14.45496  13.730503    31.5344    31.5315 0.0000e+00
     41.000    -1.1434    -1.1423   2.560253   2.560210    410.950    407.737     0.1541     0.3715     0.2339    222.275   78.85142  -14.45496  13.756608    31.6195    31.6178 0.0000e+00
     42.000    -1.1826    -1.1811   2.560709   2.560642    412.177    406.573     0.1550     0.3370     0.2267    223.309   78.85142  -14.45496  13.922026    31.6666    31.6641 0.0000e+00
     43.000    -1.2170    -1.2163   2.561664   2.561636    414.079    406.051     0.1560     0.3252     0.2213    224.355   78.85142  -14.45496  13.974987    31.7154    31.7143 0.0000e+00
     44.000    -1.2300    -1.2298   2.562901   2.562866    414.715    404.948     0.1569     0.3106     0.2192    225.401   78.85142  -14.45496  14.193019    31.7455    31.7447 0.0000e+00
     45.000    -1.2432    -1.2422   2.563131   2.563110    414.893    404.349     0.1578     0.3069     0.2263    226.452   78.85142  -14.45496  14.521543    31.7620    31.7607 0.0000e+00
     46.000    -1.2642    -1.2637   2.563011   2.562968    414.974    403.919     0.1586     0.2948     0.2227    227.499   78.85142  -14.45496  14.602889    31.7821    31.7809 0.0000e+00
     47.000    -1.2750    -1.2742   2.563504   2.563442    414.012    403.412     0.1594     0.2854     0.2128    228.552   78.85142  -14.45496  14.301204    31.7997    31.7980 0.0000e+00
     48.000    -1.2824    -1.2822   2.564443   2.564403    412.784    402.724     0.1602     0.2723     0.2108    229.618   78.85142  -14.45496  14.296700    31.8198    31.8190 0.0000e+00
     49.000    -1.2849    -1.2846   2.564565   2.564533    411.931    402.550     0.1609     0.2650     0.2124    230.674   78.85142  -14.45496  14.289745    31.8235    31.8228 0.0000e+00
     50.000    -1.2902    -1.2898   2.564570   2.564528    411.674    402.161     0.1616     0.2618     0.2134    231.733   78.85142  -14.45496  14.653778    31.8286    31.8277 0.0000e+00
     51.000    -1.3199    -1.3183   2.563722   2.563687    411.578    402.055     0.1623     0.2865     0.2116    232.786   78.85142  -14.45496  14.690859    31.8481    31.8459 0.0000e+00
     52.000    -1.3608    -1.3598   2.563152   2.563120    411.066    401.875     0.1629     0.3349     0.2112    233.834   78.85142  -14.45496  14.209338    31.8834    31.8819 0.0000e+00
     53.000    -1.3747    -1.3740   2.563079   2.563045    409.241    401.131     0.1635     0.2381     0.2126    234.856   78.85142  -14.45496  14.208775    31.8967    31.8955 0.0000e+00
     54.000    -1.3919    -1.3909   2.562833   2.562788    409.380    400.735     0.1640     0.2364     0.2114    235.902   78.85142  -14.45496  14.919611    31.9111    31.9094 0.0000e+00
     55.000    -1.4083    -1.4078   2.562823   2.562777    409.223    399.656     0.1645     0.2371     0.2122    236.950   78.85142  -14.45496  15.181631    31.9279    31.9267 0.0000e+00
     56.000    -1.4183    -1.4180   2.562765   2.562725    408.115    398.071     0.1650     0.2374     0.2121    237.991   78.85142  -14.45496  15.039481    31.9372    31.9364 0.0000e+00
     57.000    -1.4262    -1.4253   2.562901   2.562876    407.227    397.286     0.1655     0.2484     0.2156    239.037   78.85142  -14.45496  15.097491    31.9469    31.9456 0.0000e+00
     58.000    -1.4427    -1.4420   2.562581   2.562544    406.819    397.171     0.1659     0.2511     0.2226    240.082   78.85142  -14.45496  15.196837    31.9596    31.9583 0.0000e+00
     59.000    -1.4671    -1.4658   2.561688   2.561671    406.144    396.887     0.1663     0.2356     0.2236    241.117   78.85142  -14.45496  15.077340    31.9730    31.9714 0.0000e+00
     60.000    -1.4939    -1.4932   2.561847   2.561824    404.667    396.200     0.1667     0.2248     0.2183    242.180   78.85142  -14.45496  15.030618    32.0033    32.0023 0.0000e+00
     61.000    -1.5080    -1.5077   2.562363   2.562337    403.238    395.182     0.1670     0.2509     0.2157    243.251   78.85142  -14.45496  14.512543    32.0249    32.0242 0.0000e+00
     62.000    -1.5127    -1.5124   2.562648   2.562615    402.844    394.063     0.1674     0.2332     0.2139    244.318   78.85142  -14.45496  15.784146    32.0333    32.0325 0.0000e+00
     63.000    -1.5223    -1.5217   2.563123   2.563099    402.233    392.996     0.1677     0.2056     0.2143    245.381   78.85142  -14.45496  15.578563    32.0496    32.0487 0.0000e+00
     64.000    -1.5295    -1.5290   2.563501   2.563483    401.345    392.235     0.1680     0.2044     0.2130    246.435   78.85142  -14.45496  15.471324    32.0619    32.0612 0.0000e+00
     65.000    -1.5357    -1.5353   2.564220   2.564194    400.144    391.381     0.1682     0.2074     0.2157    247.479   78.85142  -14.45496  15.853722    32.0779    32.0771 0.0000e+00
     66.000    -1.5449    -1.5439   2.564633   2.564609    398.923    390.723     0.1685     0.1998     0.2176    248.517   78.85142  -14.45496  16.055075    32.0930    32.0915 0.0000e+00
     67.000    -1.5566    -1.5562   2.564883   2.564863    398.384    389.902     0.1687     0.1830     0.2172    249.550   78.85142  -14.45496  15.932335    32.1083    32.1076 0.0000e+00
     68.000    -1.5601    -1.5598   2.564975   2.564942    397.884    389.189     0.1690     0.1649     0.2217    250.585   78.85142  -14.45496  15.853636    32.1128    32.1121 0.0000e+00
     69.000    -1.5605    -1.5603   2.565248   2.565220    397.630    388.752     0.1692     0.1558     0.2326    251.621   78.85142  -14.45496  16.065978    32.1164    32.1158 0.0000e+00
     70.000    -1.5621    -1.5618   2.565517   2.565499    397.176    388.353     0.1694     0.1534     0.2188    252.667   78.85142  -14.45496  15.969378    32.1212    32.1207 0.0000e+00
     71.000    -1.5665    -1.5660   2.565687   2.565672    396.429    388.494     0.1696     0.1566     0.2207    253.723   78.85142  -14.45496  16.917701    32.1277    32.1270 0.0000e+00
     72.000    -1.5697    -1.5695   2.565924   2.565901    396.187    388.299     0.1698     0.1836     0.2226    254.780   78.85142  -14.45496  16.898925    32.1338    32.1333 0.0000e+00
     73.000    -1.5714    -1.5713   2.566107   2.566081    395.590    388.198     0.1700     0.1847     0.2252    255.845   78.85142  -14.45496  15.990124    32.1376    32.1371 0.0000e+00
     74.000    -1.5722    -1.5721   2.566223   2.566203    394.970    387.631     0.1701     0.1390     0.2264    256.906   78.85142  -14.45496  16.493832    32.1395    32.1391 0.0000e+00
     75.000    -1.5726    -1.5724   2.566462   2.566353    395.087    387.521     0.1703     0.1320     0.2287    257.957   78.85142  -14.45496  16.209466    32.1426    32.1408 0.0000e+00
     76.000    -1.5741    -1.5738   2.566653   2.566626    394.994    387.258     0.1704     0.1612     0.2290    258.992   78.85142  -14.45496  15.941656    32.1462    32.1455 0.0000e+00
     77.000    -1.5777    -1.5773   2.566871   2.566846    394.547    387.045     0.1705     0.1919     0.2286    260.034   78.85142  -14.45496  16.143474    32.1525    32.1517 0.0000e+00
     78.000    -1.5843    -1.5839   2.567245   2.567218    394.309    386.839     0.1705     0.1430     0.2273    261.081   78.85142  -14.45496  16.142022    32.1641    32.1633 0.0000e+00
     79.000    -1.5889    -1.5886   2.567618   2.567585    393.947    386.657     0.1706     0.1278     0.2251    262.126   78.85142  -14.45496  16.006728    32.1736    32.1728 0.0000e+00
     80.000    -1.5905    -1.5902   2.567901   2.567889    393.554    386.463     0.1706     0.1269     0.2215    263.172   78.85142  -14.45496  16.523403    32.1787    32.1782 0.0000e+00
     81.000    -1.5940    -1.5936   2.568095   2.568076    393.793    386.071     0.1706     0.1268     0.2210    264.219   78.85142  -14.45496  16.629985    32.1845    32.1839 0.0000e+00
     82.000    -1.5991    -1.5988   2.569104   2.569074    393.024    385.407     0.1706     0.1265     0.2176    265.265   78.85142  -14.45496  17.100752    32.2034    32.2026 0.0000e+00
     83.000    -1.6018    -1.6016   2.569716   2.569682    392.883    385.153     0.1706     0.1207     0.2153    266.320   78.85142  -14.45496  16.090336    32.2141    32.2134 0.0000e+00
     84.000    -1.6025    -1.6023   2.569903   2.569874    391.830    384.839     0.1707     0.1194     0.2134    267.368   78.85142  -14.45496  16.041445    32.2168    32.2162 0.0000e+00
     85.000    -1.6027    -1.6024   2.570060   2.570031    391.973    384.389     0.1709     0.1191     0.2116    268.413   78.85142  -14.45496  16.392413    32.2186    32.2179 0.0000e+00
     86.000    -1.6024    -1.6023   2.570139   2.570100    391.074    383.645     0.1710     0.1088     0.2110    269.462   78.85142  -14.45496  16.884235    32.2188    32.2181 0.0000e+00
