test_project/cnv_files/Sta0206_bin.cnv
* Sea-Bird SBE 9 Data File:
* FileName = C:\Seabird\CTDDATA\Sta0206.hex
* Software Version Seasave V 7.26.7.107
* Temperature SN = 03-4535
* Conductivity SN = 2860
* Number of Bytes Per Scan = 44
* Number of Voltage Words = 5
* Number of Scans Averaged by the Deck Unit = 1
* NMEA Latitude = 78 50.03 N
* NMEA Longitude = 007 00.25 W
* NMEA UTC (Time) = Sep 05 2019 02:51:49
* NMEA baud rate = 9600
** Ship: "Kronprins Haakon"
** Station: 0206
** Echodepth: 245
** Log: 5894.66
** Wind-Dir Force(m/s): 28 03
** Air-temp (dry): -1.4
** Weather Sky: 0 4
** Sea Ice: 0 3
# nquan = 17
# nvalues = 233                         
# units = specified
# name 0 = prDM: Pressure, Digiquartz [db]
# name 1 = t090C: Temperature [ITS-90, deg C]
# name 2 = t190C: Temperature, 2 [ITS-90, deg C]
# name 3 = c0S/m: Conductivity [S/m]
# name 4 = c1S/m: Conductivity, 2 [S/m]
# name 5 = sbox0Mm/Kg: Oxygen, SBE 43 [umol/kg]
# name 6 = sbox1Mm/Kg: Oxygen, SBE 43, 2 [umol/kg]
# name 7 = wetCDOM: Fluorescence, WET Labs CDOM [mg/m^3]
# name 8 = flECO-AFL: Fluorescence, WET Labs ECO-AFL/FL [mg/m^3]
# name 9 = CStarAt0: Beam Attenuation, WET Labs C-Star [1/m]
# name 10 = timeS: Time, Elapsed [seconds]
# name 11 = latitude: Latitude [deg]
# name 12 = longitude: Longitude [deg]
# name 13 = upoly0: Upoly 0, ISUS
# name 14 = sal00: Salinity, Practical [PSU]
# name 15 = sal11: Salinity, Practical, 2 [PSU]
# name 16 = flag: flag
# span 0 =      3.000,    235.000       
# span 1 =    -1.7050,     1.3569       
# span 2 =    -1.7047,     1.3570       
# span 3 =   2.422827,   3.015529       
# span 4 =   2.422777,   3.015388       
# span 5 =    310.216,    432.896       
# span 6 =    309.056,    419.497       
# span 7 =     0.1116,     0.1767       
# span 8 =     0.0112,     0.9350       
# span 9 =     0.1458,     0.3163       
# span 10 =     27.469,    266.709      
# span 11 =   78.83390,   78.83390      
# span 12 =   -7.00428,   -7.00416      
# span 13 =  12.298580,  24.263833      
# span 14 =    29.8913,    34.7877      
# span 15 =    29.8903,    34.7857      
# span 16 = 0.0000e+00, 0.0000e+00      
# interval = decibars: 1                
# start_time = Sep 05 2019 02:51:49 [NMEA time, header]
# bad_flag = -9.990e-29
*END*
[from data line 86]
     89.000    -1.5935    -1.5916   2.601595   2.601603    387.044    375.928     0.1766     0.0580     0.1735    114.563   78.83390   -7.00428  16.720431    32.6410    32.6390 0.0000e+00
     90.000    -1.6204    -1.6197   2.601535   2.601525    384.826    374.785     0.1767     0.0553     0.1734    115.565   78.83390   -7.00428  17.158023    32.6691    32.6682 0.0000e+00
     91.000    -1.6065    -1.6063   2.604786   2.604784    382.921    373.220     0.1767     0.0605     0.1734    116.579   78.83390   -7.00428  17.477760    32.6980    32.6978 0.0000e+00
     92.000    -1.6000    -1.5997   2.606442   2.606424    383.453    373.279     0.1766     0.0620     0.1724    117.589   78.83390   -7.00428  17.585674    32.7131    32.7125 0.0000e+00
     93.000    -1.5953    -1.5948   2.608589   2.608565    386.070    374.020     0.1766     0.0663     0.1719    118.590   78.83390   -7.00428  16.959808    32.7370    32.7362 0.0000e+00
     94.000    -1.5839    -1.5841   2.611905   2.611868    386.848    373.794     0.1766     0.0537     0.1713    119.596   78.83390   -7.00428  16.565585    32.7696    32.7693 0.0000e+00
     95.000    -1.5783    -1.5782   2.614549   2.614490    385.744    373.509     0.1765     0.0522     0.1720    120.611   78.83390   -7.00428  17.041613    32.7993    32.7984 0.0000e+00
     96.000    -1.5568    -1.5569   2.619398   2.619347    384.541    372.915     0.1764     0.0456     0.1723    121.616   78.83390   -7.00428  16.713883    32.8419    32.8413 0.0000e+00
     97.000    -1.5470    -1.5468   2.621541   2.621517    383.504    372.465     0.1763     0.0507     0.1706    122.628   78.83390   -7.00428  17.247644    32.8599    32.8595 0.0000e+00
     98.000    -1.5266    -1.5273   2.625425   2.625424    382.938    371.418     0.1761     0.0529     0.1703    123.632   78.83390   -7.00428  16.915715    32.8904    32.8911 0.0000e+00
     99.000    -1.4597    -1.4606   2.635530   2.635472    380.854    369.562     0.1759     0.0440     0.1704    124.637   78.83390   -7.00428  16.952462    32.9550    32.9552 0.0000e+00
    100.000    -1.4351    -1.4349   2.639603   2.639572    380.621    369.226     0.1758     0.0412     0.1706    125.648   78.83390   -7.00428  17.397952    32.9832    32.9825 0.0000e+00
    101.000    -1.4310    -1.4305   2.640509   2.640494    380.062    368.881     0.1756     0.0441     0.1701    126.651   78.83390   -7.00428  17.605740    32.9905    32.9898 0.0000e+00
    102.000    -1.4225    -1.4221   2.642674   2.642666    376.234    366.996     0.1753     0.0511     0.1696    127.651   78.83390   -7.00428  17.611327    33.0102    33.0097 0.0000e+00
    103.000    -1.4403    -1.4389   2.644178   2.644143    373.082    365.319     0.1751     0.0580     0.1693    128.652   78.83390   -7.00428  18.062812    33.0500    33.0480 0.0000e+00
    104.000    -1.4365    -1.4371   2.647028   2.646948    371.524    364.017     0.1748     0.0508     0.1691    129.658   78.83390   -7.00428  17.579819    33.0844    33.0840 0.0000e+00
    105.000    -1.4158    -1.4156   2.651869   2.651803    370.281    362.651     0.1745     0.0451     0.1688    130.668   78.83390   -7.00428  17.576501    33.1274    33.1263 0.0000e+00
    106.000    -1.4165    -1.4158   2.654293   2.654247    371.620    362.842     0.1741     0.0469     0.1677    131.671   78.83390   -7.00428  17.795561    33.1608    33.1595 0.0000e+00
    107.000    -1.4162    -1.4157   2.656133   2.656086    372.338    362.406     0.1738     0.0585     0.1672    132.672   78.83390   -7.00428  17.975996    33.1852    33.1840 0.0000e+00
    108.000    -1.4089    -1.4086   2.659057   2.659045    371.599    361.495     0.1733     0.0597     0.1670    133.671   78.83390   -7.00428  17.726382    33.2167    33.2162 0.0000e+00
    109.000    -1.3849    -1.3854   2.662776   2.662786    370.506    360.706     0.1729     0.0602     0.1669    134.688   78.83390   -7.00428  17.981500    33.2405    33.2412 0.0000e+00
    110.000    -1.3355    -1.3352   2.671756   2.671784    369.702    359.808     0.1724     0.0545     0.1669    135.682   78.83390   -7.00428  18.685413    33.3082    33.3082 0.0000e+00
    111.000    -1.3375    -1.3365   2.673717   2.673702    371.040    360.335     0.1720     0.0475     0.1664    136.689   78.83390   -7.00428  18.157582    33.3366    33.3353 0.0000e+00
    112.000    -1.3453    -1.3444   2.673324   2.673296    370.756    360.228     0.1714     0.0536     0.1659    137.691   78.83390   -7.00428  18.333980    33.3393    33.3380 0.0000e+00
    113.000    -1.3460    -1.3454   2.673584   2.673559    366.714    358.604     0.1709     0.0521     0.1661    138.694   78.83390   -7.00428  18.844925    33.3431    33.3421 0.0000e+00
    114.000    -1.3321    -1.3327   2.676688   2.676612    363.986    356.637     0.1703     0.0486     0.1659    139.714   78.83390   -7.00428  18.478798    33.3696    33.3692 0.0000e+00
    115.000    -1.3055    -1.3052   2.680958   2.680933    363.496    355.377     0.1697     0.0497     0.1658    140.722   78.83390   -7.00428  18.442790    33.3978    33.3972 0.0000e+00
    116.000    -1.2764    -1.2770   2.687483   2.687449    364.589    355.171     0.1691     0.0410     0.1655    141.728   78.83390   -7.00428  18.403737    33.4542    33.4543 0.0000e+00
    117.000    -1.2553    -1.2559   2.692485   2.692454    365.203    354.765     0.1685     0.0384     0.1648    142.739   78.83390   -7.00428  18.279590    33.4985    33.4988 0.0000e+00
    118.000    -1.1507    -1.1529   2.705271   2.705257    363.070    352.797     0.1679     0.0446     0.1641    143.747   78.83390   -7.00428  18.616091    33.5557    33.5580 0.0000e+00
    119.000    -1.0892    -1.0891   2.712680   2.712714    361.956    352.135     0.1673     0.0429     0.1645    144.764   78.83390   -7.00428  19.626281    33.5875    33.5878 0.0000e+00
    120.000    -1.0306    -1.0311   2.720846   2.720826    360.841    350.916     0.1666     0.0290     0.1641    145.778   78.83390   -7.00428  19.659800    33.6326    33.6328 0.0000e+00
    121.000    -1.0099    -1.0095   2.726129   2.726088    356.908    348.987     0.1659     0.0387     0.1637    146.785   78.83390   -7.00427  20.150620    33.6807    33.6797 0.0000e+00
    122.000    -1.0158    -1.0143   2.726793   2.726753    352.263    346.797     0.1653     0.0638     0.1631    147.788   78.83390   -7.00426  19.992659    33.6957    33.6936 0.0000e+00
    123.000    -1.1739    -1.1704   2.716075   2.715839    349.996    346.615     0.1646     0.0680     0.1627    148.800   78.83390   -7.00426  19.557073    33.7264    33.7193 0.0000e+00
    124.000    -1.2552    -1.2543   2.711638   2.711589    346.594    345.280     0.1639     0.0570     0.1625    149.814   78.83390   -7.00426  19.219691    33.7567    33.7549 0.0000e+00
    125.000    -1.2511    -1.2518   2.712857   2.712765    345.040    343.549     0.1632     0.0573     0.1637    150.830   78.83390   -7.00426  18.789045    33.7681    33.7676 0.0000e+00
    126.000    -1.1414    -1.1442   2.723702   2.723671    352.414    345.458     0.1625     0.0556     0.1637    151.840   78.83390   -7.00426  18.290881    33.7923    33.7950 0.0000e+00
    127.000    -1.0461    -1.0478   2.732983   2.732913    364.999    350.311     0.1617     0.0607     0.1641    152.851   78.83390   -7.00426  18.429663    33.8110    33.8120 0.0000e+00
    128.000    -0.9645    -0.9682   2.741328   2.741287    373.186    354.159     0.1610     0.0683     0.1651    153.859   78.83390   -7.00426  18.700395    33.8323    33.8358 0.0000e+00
    129.000    -0.7912    -0.7903   2.758680   2.758761    369.398    352.908     0.1602     0.0571     0.1648    154.866   78.83390   -7.00426  19.301785    33.8724    33.8725 0.0000e+00
    130.000    -0.8344    -0.8310   2.756424   2.756418    365.224    352.642     0.1595     0.0398     0.1649    155.878   78.83390   -7.00426  19.404192    33.8898    33.8858 0.0000e+00
    131.000    -0.9520    -0.9488   2.747646   2.747580    356.722    349.010     0.1587     0.0496     0.1645    156.880   78.83390   -7.00426  19.897748    33.9023    33.8977 0.0000e+00
    132.000    -0.9993    -0.9979   2.744469   2.744426    341.710    341.599     0.1578     0.0676     0.1642    157.882   78.83390   -7.00426  20.124527    33.9118    33.9096 0.0000e+00
    133.000    -1.0417    -1.0396   2.741784   2.741736    334.858    337.560     0.1570     0.0688     0.1645    158.893   78.83390   -7.00426  20.124924    33.9223    33.9194 0.0000e+00
    134.000    -1.1137    -1.1119   2.736845   2.736789    339.930    338.152     0.1562     0.0744     0.1649    159.899   78.83390   -7.00426  20.211943    33.9357    33.9329 0.0000e+00
    135.000    -1.1245    -1.1241   2.736212   2.736179    345.678    338.373     0.1553     0.0750     0.1648    160.903   78.83390   -7.00426  20.539321    33.9386    33.9377 0.0000e+00
    136.000    -1.1871    -1.1816   2.731931   2.732070    351.010    339.879     0.1544     0.0817     0.1652    161.899   78.83390   -7.00426  20.785072    33.9502    33.9460 0.0000e+00
    137.000    -1.2147    -1.2150   2.730946   2.730873    355.313    341.581     0.1536     0.0945     0.1657    162.900   78.83390   -7.00426  19.191094    33.9674    33.9668 0.0000e+00
    138.000    -1.1917    -1.1915   2.734259   2.734233    357.125    342.745     0.1527     0.1048     0.1655    163.907   78.83390   -7.00426  18.566189    33.9861    33.9856 0.0000e+00
    139.000    -1.1902    -1.1896   2.735444   2.735400    361.189    345.445     0.1518     0.0973     0.1657    164.918   78.83390   -7.00426  18.812354    34.0001    33.9988 0.0000e+00
    140.000    -1.1954    -1.1947   2.735764   2.735717    364.669    347.646     0.1510     0.0826     0.1647    165.922   78.83390   -7.00426  19.107250    34.0097    34.0083 0.0000e+00
    141.000    -1.1949    -1.1947   2.736604   2.736580    363.118    347.390     0.1501     0.0721     0.1642    166.920   78.83390   -7.00426  19.248532    34.0200    34.0195 0.0000e+00
    142.000    -1.1746    -1.1743   2.739322   2.739280    359.342    345.365     0.1492     0.0649     0.1632    167.926   78.83390   -7.00426  19.784757    34.0336    34.0327 0.0000e+00
    143.000    -1.1657    -1.1665   2.740531   2.740495    356.713    343.579     0.1484     0.0571     0.1626    168.927   78.83390   -7.00426  19.809887    34.0394    34.0398 0.0000e+00
    144.000    -1.0832    -1.0831   2.748719   2.748710    354.045    341.366     0.1475     0.0497     0.1620    169.928   78.83390   -7.00426  20.546169    34.0571    34.0569 0.0000e+00
    145.000    -1.1148    -1.1137   2.746586   2.746524    353.696    341.653     0.1467     0.0388     0.1619    170.927   78.83390   -7.00426  20.470482    34.0632    34.0611 0.0000e+00
    146.000    -1.1295    -1.1277   2.745865   2.745863    351.451    340.500     0.1459     0.0442     0.1605    171.920   78.83390   -7.00426  20.188465    34.0694    34.0674 0.0000e+00
    147.000    -1.1179    -1.1180   2.747781   2.747754    346.811    338.426     0.1451     0.0443     0.1597    172.928   78.83390   -7.00426  20.519995    34.0819    34.0816 0.0000e+00
    148.000    -1.1672    -1.1637   2.744576   2.744572    345.087    337.999     0.1444     0.0765     0.1587    173.932   78.83390   -7.00426  20.539020    34.0934    34.0893 0.0000e+00
    149.000    -1.2045    -1.2034   2.742285   2.742315    346.230    338.099     0.1437     0.0764     0.1583    174.930   78.83390   -7.00426  20.002014    34.1038    34.1030 0.0000e+00
    150.000    -1.2247    -1.2237   2.741083   2.741057    345.906    337.572     0.1430     0.0646     0.1578    175.929   78.83390   -7.00426  20.072773    34.1097    34.1082 0.0000e+00
    151.000    -1.2390    -1.2378   2.740184   2.740142    347.819    337.851     0.1424     0.0549     0.1570    176.930   78.83390   -7.00426  19.792614    34.1130    34.1111 0.0000e+00
    152.000    -1.2430    -1.2420   2.740760   2.740729    350.447    338.392     0.1418     0.0472     0.1563    177.943   78.83390   -7.00426  20.435413    34.1248    34.1233 0.0000e+00
    153.000    -1.2878    -1.2872   2.737575   2.737490    352.429    339.106     0.1412     0.0438     0.1558    178.946   78.83390   -7.00426  19.984879    34.1316    34.1297 0.0000e+00
    154.000    -1.2944    -1.2943   2.737871   2.737861    352.370    339.033     0.1407     0.0459     0.1558    179.946   78.83390   -7.00426  20.251326    34.1426    34.1423 0.0000e+00
    155.000    -1.2893    -1.2884   2.738798   2.738771    351.681    338.899     0.1402     0.0544     0.1542    180.946   78.83390   -7.00426  20.658026    34.1489    34.1475 0.0000e+00
    156.000    -1.2959    -1.2958   2.738450   2.738413    352.278    339.490     0.1398     0.0593     0.1536    181.951   78.83390   -7.00426  20.677908    34.1510    34.1503 0.0000e+00
    157.000    -1.2959    -1.2942   2.738750   2.738781    353.257    339.502     0.1394     0.0599     0.1533    182.956   78.83390   -7.00426  20.661809    34.1545    34.1529 0.0000e+00
    158.000    -1.3257    -1.3236   2.736839   2.736855    352.283    339.655     0.1390     0.0664     0.1523    183.960   78.83390   -7.00426  20.388357    34.1616    34.1595 0.0000e+00
    159.000    -1.3732    -1.3709   2.733328   2.733360    351.084    339.433     0.1387     0.0538     0.1518    184.965   78.83390   -7.00426  21.029467    34.1670    34.1648 0.0000e+00
    160.000    -1.3642    -1.3652   2.734753   2.734732    348.998    338.213     0.1384     0.0526     0.1518    185.964   78.83390   -7.00426  20.625773    34.1756    34.1764 0.0000e+00
    161.000    -1.3028    -1.3043   2.740741   2.740685    348.456    337.612     0.1381     0.0451     0.1518    186.972   78.83390   -7.00426  21.164645    34.1872    34.1882 0.0000e+00
    162.000    -1.2679    -1.2691   2.744278   2.744171    351.825    338.710     0.1379     0.0497     0.1515    187.979   78.83390   -7.00425  20.878513    34.1954    34.1952 0.0000e+00
    163.000    -1.2279    -1.2293   2.748152   2.748087    353.602    338.858     0.1377     0.0575     0.1513    188.981   78.83390   -7.00424  20.523643    34.2022    34.2030 0.0000e+00
    164.000    -1.1781    -1.1789   2.752928   2.752890    351.293    337.803     0.1375     0.0546     0.1506    189.980   78.83390   -7.00424  20.876189    34.2102    34.2106 0.0000e+00
    165.000    -1.0720    -1.0746   2.762890   2.762953    348.021    336.382     0.1374     0.0447     0.1508    190.981   78.83390   -7.00424  21.654470    34.2249    34.2288 0.0000e+00
    166.000    -0.9770    -0.9780   2.771912   2.771888    345.910    335.355     0.1372     0.0370     0.1512    191.987   78.83390   -7.00424  21.704077    34.2392    34.2400 0.0000e+00
    167.000    -0.9464    -0.9467   2.774973   2.774885    345.631    335.731     0.1371     0.0397     0.1506    192.987   78.83390   -7.00424  21.148235    34.2455    34.2445 0.0000e+00
    168.000    -0.9214    -0.9220   2.777431   2.777406    342.039    334.682     0.1371     0.0442     0.1498    193.986   78.83390   -7.00424  21.108044    34.2498    34.2501 0.0000e+00
    169.000    -0.8258    -0.8269   2.786569   2.786588    336.233    332.097     0.1370     0.0431     0.1496    194.985   78.83390   -7.00424  21.713413    34.2647    34.2662 0.0000e+00
    170.000    -0.7702    -0.7713   2.791979   2.791999    334.553    330.973     0.1370     0.0389     0.1497    195.991   78.83390   -7.00424  21.577229    34.2743    34.2757 0.0000e+00
    171.000    -0.7017    -0.7030   2.798595   2.798599    335.348    330.295     0.1370     0.0431     0.1497    196.997   78.83390   -7.00424  21.213311    34.2854    34.2870 0.0000e+00
    172.000    -0.5918    -0.5948   2.809339   2.809162    333.845    328.881     0.1370     0.0428     0.1494    198.007   78.83390   -7.00424  21.476978    34.3053    34.3063 0.0000e+00
