test_project/cnv_files/Sta0212_bin.cnv
* Sea-Bird SBE 9 Data File:
* FileName = C:\Seabird\CTDDATA\Sta0212.hex
* Software Version Seasave V 7.26.7.107
* Temperature SN = 03-4535
* Conductivity SN = 2860
* Number of Bytes Per Scan = 44
* Number of Voltage Words = 5
* Number of Scans Averaged by the Deck Unit = 1
* NMEA Latitude = 78 49.86 N
* NMEA Longitude = 009 59.97 W
* NMEA UTC (Time) = Sep 05 2019 19:08:12
* NMEA baud rate = 9600
** Ship: "Kronprins Haakon"
** Station: 0212
** Echodepth: 294
** Log: 5932.006
** Wind-Dir Force(m/s): 05 06
** Air-temp (dry): -1.6
** Weather Sky: 1 6
** Sea Ice: 1 4
# nquan = 17
# nvalues = 296                         
# units = specified
# name 0 = prDM: Pressure, Digiquartz [db]
# name 1 = t090C: Temperature [ITS-90, deg C]
# name 2 = t190C: Temperature, 2 [ITS-90, deg C]
# name 3 = c0S/m: Conductivity [S/m]
# name 4 = c1S/m: Conductivity, 2 [S/m]
# name 5 = sbox0Mm/Kg: Oxygen, SBE 43 [umol/kg]
# name 6 = sbox1Mm/Kg: Oxygen, SBE 43, 2 [umol/kg]
# name 7 = wetCDOM: Fluorescence, WET Labs CDOM [mg/m^3]
# name 8 = flECO-AFL: Fluorescence, WET Labs ECO-AFL/FL [mg/m^3]
# name 9 = CStarAt0: Beam Attenuation, WET Labs C-Star [1/m]
# name 10 = timeS: Time, Elapsed [seconds]
# name 11 = latitude: Latitude [deg]
# name 12 = longitude: Longitude [deg]
# name 13 = upoly0: Upoly 0, ISUS
# name 14 = sal00: Salinity, Practical [PSU]
# name 15 = sal11: Salinity, Practical, 2 [PSU]
# name 16 = flag: flag
# span 0 =      3.000,    298.000       
# span 1 =    -1.6961,     1.0989       
# span 2 =    -1.6960,     1.0994       
# span 3 =   2.425054,   2.995932       
# span 4 =   2.424964,   2.995895       
# span 5 =    305.844,    415.570       
# span 6 =    302.229,    414.076       
# span 7 =     0.1138,     0.1770       
# span 8 =     0.0012,     0.8303       
# span 9 =     0.1646,     0.3186       
# span 10 =    155.039,    500.271      
# span 11 =   78.82992,   78.83068      
# span 12 =  -10.00118,  -10.00008      
# span 13 =  12.655233,  25.473936      
# span 14 =    29.9743,    34.7929      
# span 15 =    29.9728,    34.7921      
# span 16 = 0.0000e+00, 0.0000e+00      
# interval = decibars: 1                
# start_time = Sep 05 2019 19:08:12 [NMEA time, header]
# bad_flag = -9.990e-29
*END*
[from data line 86]
     89.000    -1.3956    -1.3972   2.657727   2.657608    369.458    363.623     0.1733     0.0423     0.1658    250.047   78.83048  -10.00044  19.094691    33.1954    33.1954 0.0000e+00
     90.000    -1.3480    -1.3487   2.663652   2.663542    368.813    362.606     0.1728     0.0457     0.1658    251.081   78.83046  -10.00044  19.277961    33.2231    33.2224 0.0000e+00
     91.000    -1.3399    -1.3396   2.666554   2.666439    367.453    361.880     0.1723     0.0448     0.1665    252.115   78.83046  -10.00044  19.155800    33.2534    33.2515 0.0000e+00
     92.000    -1.3482    -1.3468   2.667820   2.667750    363.610    360.259     0.1718     0.0450     0.1660    253.152   78.83046  -10.00044  19.067332    33.2794    33.2769 0.0000e+00
     93.000    -1.3399    -1.3412   2.670948   2.670763    358.734    357.728     0.1712     0.0427     0.1658    254.190   78.83046  -10.00044  19.775912    33.3125    33.3114 0.0000e+00
     94.000    -1.3177    -1.3177   2.674637   2.674577    356.695    356.144     0.1706     0.0456     0.1656    255.232   78.83046  -10.00044  19.747487    33.3377    33.3369 0.0000e+00
     95.000    -1.3168    -1.3169   2.675607   2.675526    357.847    356.121     0.1700     0.0601     0.1657    256.279   78.83046  -10.00046  19.374625    33.3494    33.3484 0.0000e+00
     96.000    -1.2527    -1.2579   2.685543   2.685148    357.932    355.151     0.1694     0.0605     0.1658    257.343   78.83046  -10.00046  19.062546    33.4135    33.4138 0.0000e+00
     97.000    -1.1746    -1.1766   2.697166   2.696935    358.055    354.179     0.1687     0.0589     0.1657    258.419   78.83046  -10.00046  19.234416    33.4847    33.4837 0.0000e+00
     98.000    -1.1374    -1.1388   2.703852   2.703657    359.815    354.472     0.1680     0.0529     0.1662    259.491   78.83046  -10.00046  20.015344    33.5338    33.5328 0.0000e+00
     99.000    -1.0794    -1.0809   2.713172   2.713021    356.934    352.816     0.1673     0.0518     0.1660    260.548   78.83045  -10.00046  20.477033    33.5955    33.5951 0.0000e+00
    100.000    -1.0619    -1.0625   2.716678   2.716537    352.203    350.955     0.1666     0.0476     0.1654    261.601   78.83044  -10.00047  20.371400    33.6231    33.6219 0.0000e+00
    101.000    -0.9921    -0.9972   2.725202   2.724937    348.369    348.566     0.1659     0.0586     0.1651    262.643   78.83044  -10.00048  20.374100    33.6605    33.6625 0.0000e+00
    102.000    -0.8959    -0.8986   2.735365   2.735122    346.126    346.256     0.1651     0.0525     0.1658    263.682   78.83044  -10.00048  20.242116    33.6902    33.6900 0.0000e+00
    103.000    -0.8511    -0.8528   2.741129   2.740962    346.783    345.749     0.1644     0.0447     0.1652    264.711   78.83044  -10.00048  20.871632    33.7177    33.7173 0.0000e+00
    104.000    -0.8179    -0.8188   2.746601   2.746430    345.878    344.691     0.1636     0.0384     0.1647    265.736   78.83044  -10.00048  21.421690    33.7541    33.7528 0.0000e+00
    105.000    -0.8060    -0.8058   2.749048   2.748971    341.049    341.817     0.1629     0.0383     0.1653    266.769   78.83043  -10.00049  21.327245    33.7734    33.7720 0.0000e+00
    106.000    -0.8046    -0.8044   2.749434   2.749349    336.721    338.718     0.1621     0.0439     0.1654    267.812   78.83042  -10.00050  21.383200    33.7764    33.7750 0.0000e+00
    107.000    -0.8032    -0.8030   2.749778   2.749695    333.880    336.301     0.1614     0.0510     0.1659    268.867   78.83042  -10.00050  21.268247    33.7789    33.7774 0.0000e+00
    108.000    -0.8020    -0.8016   2.750060   2.750004    333.217    334.905     0.1606     0.0350     0.1660    269.925   78.83042  -10.00050  20.849781    33.7806    33.7795 0.0000e+00
    109.000    -0.7881    -0.7890   2.752913   2.752766    334.932    334.170     0.1599     0.0307     0.1671    270.983   78.83042  -10.00050  21.163642    33.8031    33.8022 0.0000e+00
    110.000    -0.7439    -0.7454   2.761429   2.761248    336.165    333.587     0.1592     0.0403     0.1683    272.051   78.83042  -10.00050  21.824375    33.8682    33.8674 0.0000e+00
    111.000    -0.6807    -0.6844   2.770959   2.770654    337.535    333.697     0.1584     0.0405     0.1691    273.103   78.83042  -10.00050  20.973480    33.9254    33.9254 0.0000e+00
    112.000    -0.6374    -0.6396   2.776596   2.776353    337.933    333.693     0.1577     0.0323     0.1699    274.142   78.83042  -10.00052  21.263418    33.9523    33.9514 0.0000e+00
    113.000    -0.5823    -0.5842   2.783535   2.783281    336.558    333.014     0.1570     0.0290     0.1710    275.172   78.83042  -10.00052  21.264864    33.9833    33.9820 0.0000e+00
    114.000    -0.5727    -0.5725   2.785333   2.785205    334.162    331.792     0.1564     0.0304     0.1722    276.199   78.83042  -10.00052  22.421135    33.9961    33.9941 0.0000e+00
    115.000    -0.5614    -0.5621   2.787411   2.787263    330.375    329.668     0.1557     0.0257     0.1728    277.232   78.83040  -10.00052  21.868383    34.0107    34.0096 0.0000e+00
    116.000    -0.5356    -0.5359   2.791021   2.790883    326.958    327.505     0.1551     0.0248     0.1743    278.266   78.83040  -10.00052  21.697161    34.0297    34.0282 0.0000e+00
    117.000    -0.5183    -0.5193   2.793286   2.793122    326.187    326.408     0.1545     0.0293     0.1755    279.300   78.83040  -10.00052  21.929856    34.0401    34.0391 0.0000e+00
    118.000    -0.4550    -0.4581   2.800355   2.800119    326.175    325.075     0.1539     0.0272     0.1758    280.343   78.83040  -10.00054  22.106197    34.0634    34.0637 0.0000e+00
    119.000    -0.4302    -0.4292   2.803957   2.803855    327.055    325.172     0.1533     0.0283     0.1771    281.393   78.83040  -10.00054  22.217133    34.0832    34.0808 0.0000e+00
    120.000    -0.4402    -0.4395   2.804881   2.804783    327.221    325.121     0.1528     0.0336     0.1785    282.455   78.83040  -10.00054  22.581091    34.1063    34.1042 0.0000e+00
    121.000    -0.4351    -0.4350   2.806127   2.806028    324.329    323.310     0.1523     0.0252     0.1785    283.512   78.83040  -10.00054  23.018911    34.1166    34.1152 0.0000e+00
    122.000    -0.4304    -0.4303   2.806798   2.806687    322.636    321.763     0.1518     0.0294     0.1782    284.562   78.83040  -10.00054  22.657474    34.1197    34.1181 0.0000e+00
    123.000    -0.4269    -0.4268   2.807211   2.807121    322.824    321.442     0.1513     0.0287     0.1793    285.602   78.83040  -10.00055  21.931214    34.1208    34.1194 0.0000e+00
    124.000    -0.4137    -0.4152   2.808651   2.808441    323.341    321.307     0.1509     0.0242     0.1833    286.636   78.83040  -10.00056  22.349185    34.1246    34.1235 0.0000e+00
    125.000    -0.3925    -0.3935   2.810771   2.810625    324.123    321.142     0.1505     0.0233     0.1800    287.666   78.83039  -10.00056  22.452623    34.1286    34.1278 0.0000e+00
    126.000    -0.3667    -0.3655   2.813490   2.813433    324.942    321.120     0.1501     0.0237     0.1801    288.694   78.83038  -10.00056  22.682508    34.1354    34.1333 0.0000e+00
    127.000    -0.3946    -0.3934   2.811399   2.811329    326.267    321.620     0.1497     0.0301     0.1808    289.722   78.83038  -10.00056  22.633775    34.1381    34.1358 0.0000e+00
    128.000    -0.4031    -0.4026   2.810853   2.810766    324.681    320.878     0.1493     0.0243     0.1821    290.754   78.83038  -10.00056  22.622331    34.1398    34.1381 0.0000e+00
    129.000    -0.4095    -0.4089   2.810574   2.810503    322.811    319.954     0.1490     0.0299     0.1831    291.796   78.83038  -10.00057  22.627204    34.1426    34.1410 0.0000e+00
    130.000    -0.4107    -0.4103   2.810576   2.810486    323.845    319.998     0.1487     0.0302     0.1828    292.847   78.83038  -10.00058  22.057762    34.1434    34.1417 0.0000e+00
    131.000    -0.4082    -0.4078   2.810933   2.810873    324.870    320.443     0.1484     0.0202     0.1838    293.899   78.83037  -10.00058  22.759390    34.1448    34.1435 0.0000e+00
    132.000    -0.4067    -0.4062   2.811182   2.811127    325.273    321.046     0.1481     0.0269     0.1845    294.950   78.83036  -10.00058  22.614278    34.1458    34.1445 0.0000e+00
    133.000    -0.4063    -0.4059   2.811346   2.811261    326.025    321.097     0.1478     0.0302     0.1842    295.995   78.83036  -10.00058  22.590942    34.1469    34.1454 0.0000e+00
    134.000    -0.4080    -0.4076   2.811301   2.811221    326.486    320.940     0.1475     0.0261     0.1843    297.031   78.83036  -10.00058  22.608080    34.1476    34.1461 0.0000e+00
    135.000    -0.4092    -0.4087   2.811341   2.811260    326.650    320.858     0.1473     0.0281     0.1849    298.061   78.83036  -10.00058  22.294430    34.1488    34.1473 0.0000e+00
    136.000    -0.4069    -0.4071   2.811712   2.811588    326.599    320.467     0.1471     0.0312     0.1853    299.085   78.83036  -10.00060  22.602828    34.1507    34.1492 0.0000e+00
    137.000    -0.4011    -0.4008   2.812383   2.812310    326.732    320.450     0.1468     0.0303     0.1861    300.110   78.83036  -10.00060  22.935633    34.1525    34.1512 0.0000e+00
    138.000    -0.3975    -0.3974   2.812782   2.812695    326.986    320.840     0.1466     0.0313     0.1862    301.139   78.83036  -10.00060  22.549942    34.1532    34.1520 0.0000e+00
    139.000    -0.3908    -0.3906   2.813605   2.813509    326.421    320.805     0.1464     0.0286     0.1861    302.176   78.83036  -10.00060  22.317082    34.1561    34.1546 0.0000e+00
    140.000    -0.3918    -0.3913   2.814537   2.814458    326.551    320.792     0.1462     0.0264     0.1859    303.221   78.83036  -10.00060  23.218265    34.1691    34.1675 0.0000e+00
    141.000    -0.3887    -0.3887   2.815136   2.815031    326.139    320.481     0.1460     0.0312     0.1858    304.269   78.83036  -10.00062  22.604155    34.1730    34.1717 0.0000e+00
    142.000    -0.3824    -0.3821   2.816048   2.815965    325.459    320.181     0.1458     0.0307     0.1861    305.322   78.83034  -10.00062  22.756805    34.1775    34.1762 0.0000e+00
    143.000    -0.3768    -0.3767   2.816775   2.816698    325.543    320.413     0.1456     0.0314     0.1859    306.381   78.83034  -10.00062  22.710383    34.1804    34.1792 0.0000e+00
    144.000    -0.3692    -0.3692   2.817754   2.817663    325.659    320.508     0.1455     0.0296     0.1862    307.424   78.83034  -10.00062  22.694015    34.1843    34.1831 0.0000e+00
    145.000    -0.3627    -0.3631   2.818624   2.818487    325.795    320.382     0.1453     0.0248     0.1855    308.467   78.83034  -10.00062  22.506249    34.1880    34.1867 0.0000e+00
    146.000    -0.3489    -0.3492   2.820290   2.820174    325.383    320.004     0.1451     0.0319     0.1859    309.497   78.83034  -10.00062  22.727534    34.1942    34.1930 0.0000e+00
    147.000    -0.3343    -0.3352   2.821959   2.821817    325.161    319.715     0.1449     0.0380     0.1929    310.524   78.83034  -10.00063  22.613974    34.1995    34.1986 0.0000e+00
    148.000    -0.3202    -0.3204   2.823520   2.823423    324.700    319.503     0.1447     0.0319     0.1930    311.555   78.83034  -10.00064  22.511659    34.2040    34.2029 0.0000e+00
    149.000    -0.3161    -0.3157   2.824048   2.823996    324.428    319.131     0.1445     0.0308     0.1849    312.585   78.83034  -10.00064  23.132701    34.2059    34.2047 0.0000e+00
    150.000    -0.3188    -0.3188   2.823903   2.823789    323.517    318.815     0.1443     0.0244     0.1849    313.621   78.83034  -10.00064  23.035134    34.2063    34.2048 0.0000e+00
    151.000    -0.3305    -0.3288   2.822926   2.822982    323.329    318.403     0.1441     0.0121     0.1844    314.661   78.83033  -10.00064  22.638985    34.2058    34.2046 0.0000e+00
    152.000    -0.3413    -0.3400   2.822030   2.822031    322.255    318.051     0.1439     0.0269     0.1844    315.712   78.83032  -10.00064  22.496376    34.2053    34.2038 0.0000e+00
    153.000    -0.3588    -0.3583   2.820629   2.820582    322.095    317.885     0.1437     0.0305     0.1848    316.769   78.83032  -10.00065  22.679242    34.2057    34.2044 0.0000e+00
    154.000    -0.3594    -0.3591   2.820679   2.820618    322.741    317.654     0.1435     0.0257     0.1852    317.822   78.83032  -10.00066  22.645458    34.2063    34.2052 0.0000e+00
    155.000    -0.3587    -0.3583   2.821109   2.821061    323.154    317.811     0.1433     0.0292     0.1851    318.869   78.83032  -10.00066  22.929030    34.2107    34.2096 0.0000e+00
    156.000    -0.3453    -0.3453   2.822829   2.822774    324.445    318.212     0.1430     0.0263     0.1839    319.909   78.83032  -10.00066  22.752147    34.2180    34.2173 0.0000e+00
    157.000    -0.3234    -0.3240   2.825404   2.825344    325.071    318.419     0.1428     0.0377     0.1846    320.948   78.83032  -10.00066  22.818864    34.2272    34.2271 0.0000e+00
    158.000    -0.2858    -0.2878   2.829269   2.829068    324.872    318.243     0.1425     0.0335     0.1837    321.982   78.83031  -10.00066  22.966160    34.2360    34.2356 0.0000e+00
    159.000    -0.2810    -0.2780   2.830301   2.830398    325.313    318.615     0.1422     0.0276     0.1832    323.012   78.83030  -10.00066  22.983022    34.2437    34.2417 0.0000e+00
    160.000    -0.3228    -0.3189   2.827169   2.827321    324.407    318.720     0.1420     0.0315     0.1843    324.041   78.83030  -10.00068  23.123086    34.2483    34.2460 0.0000e+00
    161.000    -0.3368    -0.3355   2.826032   2.826024    320.772    317.416     0.1417     0.0310     0.1847    325.072   78.83030  -10.00068  22.737740    34.2483    34.2467 0.0000e+00
    162.000    -0.3527    -0.3522   2.824812   2.824754    319.277    316.506     0.1414     0.0311     0.1850    326.108   78.83030  -10.00068  22.743791    34.2493    34.2479 0.0000e+00
    163.000    -0.3515    -0.3514   2.825000   2.824941    320.958    316.643     0.1411     0.0305     0.1846    327.146   78.83030  -10.00068  23.237719    34.2498    34.2489 0.0000e+00
    164.000    -0.3499    -0.3498   2.825223   2.825164    322.769    317.285     0.1408     0.0253     0.1841    328.187   78.83030  -10.00068  22.956542    34.2504    34.2495 0.0000e+00
    165.000    -0.3485    -0.3481   2.825642   2.825576    324.219    317.346     0.1406     0.0132     0.1835    329.232   78.83030  -10.00068  23.001714    34.2538    34.2525 0.0000e+00
    166.000    -0.3589    -0.3581   2.825373   2.825309    324.921    317.956     0.1403     0.0233     0.1837    330.278   78.83030  -10.00068  22.833733    34.2613    34.2596 0.0000e+00
    167.000    -0.3646    -0.3642   2.825717   2.825665    324.555    318.045     0.1400     0.0233     0.1824    331.327   78.83030  -10.00070  22.814530    34.2717    34.2706 0.0000e+00
    168.000    -0.3660    -0.3657   2.826056   2.826002    324.308    317.676     0.1398     0.0245     0.1821    332.372   78.83028  -10.00070  22.979412    34.2773    34.2762 0.0000e+00
    169.000    -0.3722    -0.3713   2.826573   2.826520    324.340    317.808     0.1395     0.0292     0.1820    333.410   78.83028  -10.00070  23.072039    34.2905    34.2888 0.0000e+00
    170.000    -0.3815    -0.3810   2.826628   2.826576    324.484    317.987     0.1393     0.0241     0.1814    334.451   78.83028  -10.00070  22.923214    34.3012    34.2999 0.0000e+00
    171.000    -0.3579    -0.3599   2.829371   2.829244    324.456    317.782     0.1391     0.0303     0.1807    335.483   78.83028  -10.00070  22.420287    34.3107    34.3112 0.0000e+00
    172.000    -0.2990    -0.2996   2.835923   2.835878    324.146    317.252     0.1388     0.0300     0.1801    336.512   78.83028  -10.00070  23.036292    34.3313    34.3313 0.0000e+00
