test_project/cnv_files/sta0241_bin.cnv
* Sea-Bird SBE 9 Data File:
* FileName = C:\Seabird\CTDDATA\Sta0241.hex
* Software Version Seasave V 7.26.7.107
* Temperature SN = 03-4535
* Conductivity SN = 2860
* Number of Bytes Per Scan = 44
* Number of Voltage Words = 5
* Number of Scans Averaged by the Deck Unit = 1
* NMEA Latitude = 78 49.94 N
* NMEA Longitude = 002 00.29 E
* NMEA UTC (Time) = Sep 14 2019 02:37:39
* NMEA baud rate = 9600
** Ship: "Kronprins Haakon"
** Station: 0241
** Echodepth: 2496
** Log: 6451.17
** Wind-Dir Force(m/s): 11 11
** Air-temp (dry): 5.5
** Weather Sky: 2 8
** Sea Ice: 3 0
# nquan = 16
# nvalues = 2528                        
# units = specified
# name 0 = prDM: Pressure, Digiquartz [db]
# name 1 = t090C: Temperature [ITS-90, deg C]
# name 2 = t190C: Temperature, 2 [ITS-90, deg C]
# name 3 = c0S/m: Conductivity [S/m]
# name 4 = c1S/m: Conductivity, 2 [S/m]
# name 5 = sbox0Mm/Kg: Oxygen, SBE 43 [umol/kg]
# name 6 = sbox1Mm/Kg: Oxygen, SBE 43, 2 [umol/kg]
# name 7 = wetCDOM: Fluorescence, WET Labs CDOM [mg/m^3]
# name 8 = flECO-AFL: Fluorescence, WET Labs ECO-AFL/FL [mg/m^3]
# name 9 = CStarAt0: Beam Attenuation, WET Labs C-Star [1/m]
# name 10 = timeS: Time, Elapsed [seconds]
# name 11 = latitude: Latitude [deg]
# name 12 = longitude: Longitude [deg]
# name 13 = sal00: Salinity, Practical [PSU]
# name 14 = sal11: Salinity, Practical, 2 [PSU]
# name 15 = flag: flag
# span 0 =      4.000,   2531.000       
# span 1 =    -0.7251,     5.5279       
# span 2 =    -0.7247,     5.5273       
# span 3 =   2.915976,   3.382788       
# span 4 =   2.916034,   3.382726       
# span 5 =    303.619,    327.593       
# span 6 =    299.641,    320.034       
# span 7 =     0.0947,     0.1292       
# span 8 =    -0.0061,     2.2206       
# span 9 =     0.1211,     0.4419       
# span 10 =    145.007,   2678.168      
# span 11 =   78.83242,   78.83248      
# span 12 =    2.00472,    2.00494      
# span 13 =    34.8490,    35.0436      
# span 14 =    34.8493,    35.0432      
# span 15 = 0.0000e+00, 0.0000e+00      
# interval = decibars: 1                
# start_time = Sep 14 2019 02:37:39 [NMEA time, header]
# bad_flag = -9.990e-29
*END*
[from data line 633]
    637.000     0.5943     0.5944   2.978275   2.978276    325.302    317.942     0.1160     0.0088     0.1305    799.749   78.83246    2.00482    34.9250    34.9250 0.0000e+00
    638.000     0.5838     0.5837   2.977377   2.977400    324.705    318.038     0.1159     0.0036     0.1305    800.700   78.83246    2.00481    34.9246    34.9250 0.0000e+00
    639.000     0.5792     0.5790   2.976996   2.976988    324.329    318.129     0.1158     0.0130     0.1312    801.660   78.83246    2.00480    34.9242    34.9244 0.0000e+00
    640.000     0.5689     0.5687   2.976104   2.976103    324.930    318.273     0.1157     0.0071     0.1311    802.636   78.83246    2.00480    34.9236    34.9239 0.0000e+00
    641.000     0.5624     0.5622   2.975557   2.975551    325.618    318.382     0.1156     0.0023     0.1315    803.623   78.83246    2.00480    34.9232    34.9234 0.0000e+00
    642.000     0.5547     0.5551   2.974874   2.974918    325.889    318.496     0.1155     0.0023     0.1315    804.603   78.83246    2.00480    34.9225    34.9226 0.0000e+00
    643.000     0.5399     0.5405   2.973570   2.973593    325.736    318.526     0.1154     0.0023     0.1315    805.577   78.83246    2.00480    34.9215    34.9212 0.0000e+00
    644.000     0.5229     0.5230   2.972055   2.972059    325.764    317.981     0.1154     0.0023     0.1315    806.551   78.83246    2.00480    34.9203    34.9203 0.0000e+00
    645.000     0.5171     0.5171   2.971563   2.971585    325.365    317.901     0.1153     0.0032     0.1312    807.533   78.83246    2.00481    34.9199    34.9201 0.0000e+00
    646.000     0.5153     0.5152   2.971443   2.971465    325.218    317.831     0.1153     0.0093     0.1312    808.515   78.83246    2.00482    34.9197    34.9202 0.0000e+00
    647.000     0.5083     0.5084   2.970880   2.970909    325.622    317.665     0.1152     0.0094     0.1313    809.494   78.83246    2.00482    34.9197    34.9200 0.0000e+00
    648.000     0.5076     0.5075   2.970883   2.970907    325.633    317.396     0.1152     0.0032     0.1313    810.461   78.83246    2.00482    34.9200    34.9204 0.0000e+00
    649.000     0.5087     0.5085   2.971058   2.971077    325.092    316.983     0.1151     0.0023     0.1309    811.428   78.83246    2.00480    34.9204    34.9208 0.0000e+00
    650.000     0.5083     0.5084   2.971096   2.971120    325.398    317.173     0.1150     0.0020     0.1307    812.400   78.83246    2.00480    34.9208    34.9210 0.0000e+00
    651.000     0.5054     0.5057   2.970870   2.970922    325.122    317.511     0.1150     0.0020     0.1305    813.374   78.83246    2.00480    34.9206    34.9209 0.0000e+00
    652.000     0.4995     0.5010   2.970377   2.970531    324.896    317.880     0.1149     0.0023     0.1303    814.345   78.83246    2.00480    34.9202    34.9204 0.0000e+00
    653.000     0.4964     0.4970   2.970142   2.970217    325.128    318.020     0.1148     0.0023     0.1306    815.316   78.83246    2.00480    34.9200    34.9203 0.0000e+00
    654.000     0.4885     0.4886   2.969485   2.969504    324.808    318.124     0.1146     0.0023     0.1305    816.290   78.83246    2.00480    34.9198    34.9198 0.0000e+00
    655.000     0.4824     0.4827   2.969001   2.969045    324.453    317.929     0.1145     0.0023     0.1305    817.268   78.83246    2.00480    34.9197    34.9199 0.0000e+00
    656.000     0.4899     0.4889   2.969787   2.969768    324.545    317.483     0.1144     0.0026     0.1305    818.255   78.83246    2.00480    34.9210    34.9218 0.0000e+00
    657.000     0.4892     0.4891   2.969808   2.969818    324.544    317.861     0.1144     0.0087     0.1304    819.239   78.83246    2.00480    34.9214    34.9216 0.0000e+00
    658.000     0.4884     0.4887   2.969775   2.969853    324.678    317.735     0.1143     0.0095     0.1304    820.209   78.83246    2.00480    34.9213    34.9219 0.0000e+00
    659.000     0.4875     0.4875   2.969725   2.969767    325.044    317.702     0.1142     0.0049     0.1304    821.168   78.83246    2.00482    34.9211    34.9216 0.0000e+00
    660.000     0.4836     0.4834   2.969440   2.969427    325.364    318.109     0.1142     0.0023     0.1308    822.128   78.83246    2.00482    34.9212    34.9212 0.0000e+00
    661.000     0.4788     0.4788   2.969052   2.969072    325.538    317.873     0.1142     0.0052     0.1312    823.095   78.83246    2.00482    34.9209    34.9212 0.0000e+00
    662.000     0.4689     0.4691   2.968203   2.968189    325.632    318.164     0.1142     0.0072     0.1305    824.069   78.83246    2.00480    34.9204    34.9200 0.0000e+00
    663.000     0.4548     0.4548   2.966967   2.966985    325.466    318.228     0.1142     0.0022     0.1308    825.047   78.83246    2.00480    34.9196    34.9199 0.0000e+00
    664.000     0.4505     0.4505   2.966610   2.966630    325.097    318.292     0.1142     0.0039     0.1306    826.023   78.83246    2.00480    34.9192    34.9194 0.0000e+00
    665.000     0.4395     0.4394   2.965662   2.965663    325.159    317.912     0.1142     0.0158     0.1313    826.998   78.83246    2.00480    34.9186    34.9188 0.0000e+00
    666.000     0.4349     0.4347   2.965289   2.965310    325.029    318.127     0.1142     0.0102     0.1339    827.965   78.83246    2.00480    34.9184    34.9189 0.0000e+00
    667.000     0.4317     0.4316   2.965053   2.965076    325.358    317.958     0.1142     0.0040     0.1310    828.938   78.83246    2.00480    34.9183    34.9187 0.0000e+00
    668.000     0.4305     0.4302   2.964995   2.965013    325.491    317.668     0.1142     0.0023     0.1308    829.915   78.83246    2.00481    34.9184    34.9189 0.0000e+00
    669.000     0.4293     0.4294   2.964940   2.964985    325.604    317.540     0.1142     0.0023     0.1312    830.895   78.83246    2.00482    34.9184    34.9189 0.0000e+00
    670.000     0.4272     0.4269   2.964809   2.964809    325.658    317.847     0.1142     0.0023     0.1307    831.869   78.83246    2.00482    34.9184    34.9188 0.0000e+00
    671.000     0.4269     0.4266   2.964819   2.964827    325.369    317.913     0.1141     0.0048     0.1304    832.847   78.83246    2.00482    34.9184    34.9188 0.0000e+00
    672.000     0.4267     0.4265   2.964839   2.964853    325.277    317.562     0.1141     0.0078     0.1305    833.829   78.83246    2.00482    34.9183    34.9187 0.0000e+00
    673.000     0.4265     0.4264   2.964884   2.964899    324.762    317.808     0.1140     0.0033     0.1304    834.803   78.83246    2.00482    34.9184    34.9188 0.0000e+00
    674.000     0.4260     0.4259   2.964886   2.964907    324.715    317.947     0.1140     0.0088     0.1304    835.774   78.83246    2.00482    34.9184    34.9189 0.0000e+00
    675.000     0.4257     0.4258   2.964908   2.964938    324.747    317.540     0.1140     0.0029     0.1304    836.742   78.83246    2.00482    34.9185    34.9188 0.0000e+00
    676.000     0.4283     0.4280   2.965192   2.965215    325.011    317.685     0.1140     0.0023     0.1308    837.717   78.83246    2.00482    34.9187    34.9193 0.0000e+00
    677.000     0.4255     0.4256   2.965003   2.965019    325.135    317.920     0.1140     0.0022     0.1306    838.699   78.83246    2.00482    34.9188    34.9189 0.0000e+00
    678.000     0.4099     0.4102   2.963680   2.963663    325.318    318.041     0.1140     0.0069     0.1305    839.674   78.83246    2.00482    34.9185    34.9180 0.0000e+00
    679.000     0.3933     0.3933   2.962246   2.962278    324.993    317.699     0.1140     0.0096     0.1309    840.652   78.83246    2.00482    34.9179    34.9183 0.0000e+00
    680.000     0.3922     0.3920   2.962175   2.962194    324.490    317.351     0.1140     0.0096     0.1307    841.626   78.83246    2.00482    34.9176    34.9181 0.0000e+00
    681.000     0.3882     0.3881   2.961862   2.961872    324.678    317.529     0.1140     0.0096     0.1309    842.602   78.83246    2.00482    34.9175    34.9177 0.0000e+00
    682.000     0.3760     0.3761   2.960823   2.960832    325.451    318.105     0.1140     0.0111     0.1303    843.583   78.83246    2.00482    34.9170    34.9170 0.0000e+00
    683.000     0.3678     0.3678   2.960147   2.960165    325.620    318.297     0.1139     0.0168     0.1309    844.565   78.83246    2.00482    34.9169    34.9172 0.0000e+00
    684.000     0.3658     0.3655   2.960006   2.960005    325.516    317.997     0.1139     0.0170     0.1309    845.541   78.83246    2.00482    34.9168    34.9170 0.0000e+00
    685.000     0.3644     0.3642   2.959922   2.959933    325.333    317.674     0.1139     0.0170     0.1305    846.518   78.83246    2.00482    34.9166    34.9170 0.0000e+00
    686.000     0.3512     0.3515   2.958783   2.958775    325.408    318.055     0.1138     0.0165     0.1309    847.489   78.83246    2.00484    34.9160    34.9155 0.0000e+00
    687.000     0.3388     0.3386   2.957712   2.957724    324.980    317.741     0.1138     0.0066     0.1305    848.462   78.83246    2.00484    34.9154    34.9157 0.0000e+00
    688.000     0.3358     0.3354   2.957474   2.957460    324.015    317.189     0.1138     0.0023     0.1304    849.436   78.83246    2.00484    34.9150    34.9154 0.0000e+00
    689.000     0.3304     0.3303   2.957038   2.957049    323.994    316.849     0.1138     0.0023     0.1301    850.423   78.83246    2.00482    34.9149    34.9152 0.0000e+00
    690.000     0.3273     0.3273   2.956817   2.956832    324.244    316.763     0.1138     0.0023     0.1307    851.409   78.83246    2.00482    34.9149    34.9151 0.0000e+00
    691.000     0.3259     0.3258   2.956738   2.956782    324.373    316.848     0.1138     0.0045     0.1327    852.393   78.83246    2.00482    34.9148    34.9156 0.0000e+00
    692.000     0.3252     0.3251   2.956730   2.956761    324.920    317.178     0.1138     0.0081     0.1305    853.371   78.83246    2.00482    34.9150    34.9155 0.0000e+00
    693.000     0.3246     0.3245   2.956719   2.956744    324.921    317.593     0.1139     0.0032     0.1305    854.349   78.83246    2.00484    34.9149    34.9154 0.0000e+00
    694.000     0.3237     0.3238   2.956683   2.956736    324.698    317.304     0.1139     0.0088     0.1302    855.327   78.83246    2.00484    34.9149    34.9155 0.0000e+00
    695.000     0.3191     0.3192   2.956326   2.956352    324.451    317.339     0.1140     0.0035     0.1298    856.302   78.83246    2.00484    34.9148    34.9151 0.0000e+00
    696.000     0.3184     0.3183   2.956320   2.956338    324.564    317.323     0.1140     0.0081     0.1295    857.276   78.83246    2.00484    34.9149    34.9154 0.0000e+00
    697.000     0.3190     0.3189   2.956427   2.956452    324.814    317.382     0.1140     0.0096     0.1299    858.240   78.83246    2.00484    34.9151    34.9155 0.0000e+00
    698.000     0.3199     0.3196   2.956567   2.956589    324.466    317.184     0.1141     0.0096     0.1299    859.198   78.83246    2.00484    34.9154    34.9160 0.0000e+00
    699.000     0.3186     0.3185   2.956507   2.956527    324.316    317.063     0.1141     0.0064     0.1295    860.167   78.83246    2.00484    34.9154    34.9158 0.0000e+00
    700.000     0.3142     0.3143   2.956160   2.956168    324.370    317.479     0.1141     0.0023     0.1299    861.153   78.83246    2.00484    34.9153    34.9153 0.0000e+00
    701.000     0.3058     0.3054   2.955467   2.955443    324.568    317.723     0.1142     0.0023     0.1301    862.157   78.83246    2.00484    34.9151    34.9152 0.0000e+00
    702.000     0.3032     0.3031   2.955284   2.955291    324.903    317.741     0.1142     0.0035     0.1303    863.160   78.83246    2.00484    34.9150    34.9153 0.0000e+00
    703.000     0.2990     0.2990   2.954942   2.954957    324.866    317.733     0.1143     0.0094     0.1305    864.150   78.83246    2.00484    34.9147    34.9149 0.0000e+00
    704.000     0.2925     0.2925   2.954411   2.954437    324.996    317.557     0.1144     0.0093     0.1302    865.125   78.83246    2.00484    34.9145    34.9149 0.0000e+00
    705.000     0.2916     0.2915   2.954370   2.954399    324.932    317.452     0.1144     0.0032     0.1295    866.085   78.83246    2.00484    34.9144    34.9149 0.0000e+00
    706.000     0.2876     0.2875   2.954069   2.954051    324.494    317.687     0.1145     0.0023     0.1298    867.037   78.83246    2.00484    34.9144    34.9143 0.0000e+00
    707.000     0.2833     0.2834   2.953720   2.953753    324.799    317.834     0.1145     0.0067     0.1302    867.997   78.83246    2.00484    34.9141    34.9144 0.0000e+00
    708.000     0.2807     0.2807   2.953526   2.953521    324.535    317.398     0.1146     0.0096     0.1303    868.971   78.83246    2.00484    34.9139    34.9139 0.0000e+00
    709.000     0.2711     0.2707   2.952690   2.952657    324.617    317.247     0.1146     0.0067     0.1300    869.949   78.83246    2.00484    34.9133    34.9132 0.0000e+00
    710.000     0.2627     0.2627   2.951986   2.952002    324.822    317.312     0.1147     0.0024     0.1296    870.933   78.83246    2.00484    34.9129    34.9130 0.0000e+00
    711.000     0.2607     0.2607   2.951854   2.951876    324.191    317.274     0.1148     0.0023     0.1300    871.917   78.83246    2.00484    34.9128    34.9131 0.0000e+00
    712.000     0.2580     0.2581   2.951645   2.951668    323.979    317.208     0.1150     0.0023     0.1293    872.897   78.83246    2.00484    34.9125    34.9128 0.0000e+00
    713.000     0.2445     0.2453   2.950453   2.950514    324.483    317.339     0.1151     0.0028     0.1289    873.890   78.83246    2.00484    34.9116    34.9114 0.0000e+00
    714.000     0.2345     0.2345   2.949605   2.949632    324.495    317.057     0.1152     0.0090     0.1291    874.885   78.83246    2.00484    34.9112    34.9115 0.0000e+00
    715.000     0.2314     0.2313   2.949379   2.949400    324.038    316.773     0.1154     0.0095     0.1286    875.865   78.83246    2.00484    34.9112    34.9115 0.0000e+00
    716.000     0.2313     0.2312   2.949431   2.949448    323.806    316.720     0.1155     0.0041     0.1292    876.832   78.83246    2.00484    34.9113    34.9117 0.0000e+00
    717.000     0.2321     0.2320   2.949563   2.949586    324.040    316.486     0.1157     0.0067     0.1287    877.786   78.83246    2.00484    34.9115    34.9119 0.0000e+00
    718.000     0.2309     0.2305   2.949510   2.949501    324.114    316.443     0.1158     0.0061     0.1282    878.741   78.83246    2.00484    34.9117    34.9120 0.0000e+00
    719.000     0.2269     0.2272   2.949228   2.949262    324.203    316.837     0.1159     0.0049     0.1283    879.690   78.83246    2.00484    34.9118    34.9120 0.0000e+00
    720.000     0.2262     0.2261   2.949218   2.949234    323.801    316.678     0.1159     0.0078     0.1286    880.649   78.83246    2.00484    34.9120    34.9123 0.0000e+00
    721.000     0.2257     0.2257   2.949227   2.949249    323.690    316.483     0.1159     0.0032     0.1291    881.622   78.83246    2.00484    34.9120    34.9123 0.0000e+00
    722.000     0.2253     0.2252   2.949227   2.949245    323.818    317.069     0.1159     0.0087     0.1284    882.608   78.83246    2.00484    34.9120    34.9123 0.0000e+00
    723.000     0.2235     0.2234   2.949119   2.949129    323.918    317.136     0.1159     0.0030     0.1289    883.590   78.83246    2.00484    34.9119    34.9122 0.0000e+00
    724.000     0.2177     0.2174   2.948629   2.948607    323.738    317.243     0.1159     0.0081     0.1285    884.564   78.83246    2.00484    34.9115    34.9115 0.0000e+00
    725.000     0.2083     0.2085   2.947834   2.947861    324.016    317.168     0.1158     0.0044     0.1283    885.525   78.83246    2.00484    34.9111    34.9112 0.0000e+00
    726.000     0.1998     0.1993   2.947077   2.947033    324.138    316.677     0.1157     0.0066     0.1286    886.473   78.83246    2.00484    34.9102    34.9101 0.0000e+00
