test_project/cnv_files/sta0239_bin.cnv
* Sea-Bird SBE 9 Data File:
* FileName = C:\Seabird\CTDDATA\Sta0239.hex
* Software Version Seasave V 7.26.7.107
* Temperature SN = 03-4535
* Conductivity SN = 2860
* Number of Bytes Per Scan = 44
* Number of Voltage Words = 5
* Number of Scans Averaged by the Deck Unit = 1
* NMEA Latitude = 78 48.99 N
* NMEA Longitude = 003 00.39 W
* NMEA UTC (Time) = Sep 13 2019 10:18:50
* NMEA baud rate = 9600
** Ship: "Kronprins Haakon"
** Station: 0239
** Echodepth: 2487
** Log: 6389.727
** Wind-Dir Force(m/s): 09 16
** Air-temp (dry): 1.2
** Weather Sky: 4 8
** Sea Ice: 4 5
# nquan = 16
# nvalues = 2525                        
# units = specified
# name 0 = prDM: Pressure, Digiquartz [db]
# name 1 = t090C: Temperature [ITS-90, deg C]
# name 2 = t190C: Temperature, 2 [ITS-90, deg C]
# name 3 = c0S/m: Conductivity [S/m]
# name 4 = c1S/m: Conductivity, 2 [S/m]
# name 5 = sbox0Mm/Kg: Oxygen, SBE 43 [umol/kg]
# name 6 = sbox1Mm/Kg: Oxygen, SBE 43, 2 [umol/kg]
# name 7 = wetCDOM: Fluorescence, WET Labs CDOM [mg/m^3]
# name 8 = flECO-AFL: Fluorescence, WET Labs ECO-AFL/FL [mg/m^3]
# name 9 = CStarAt0: Beam Attenuation, WET Labs C-Star [1/m]
# name 10 = timeS: Time, Elapsed [seconds]
# name 11 = latitude: Latitude [deg]
# name 12 = longitude: Longitude [deg]
# name 13 = sal00: Salinity, Practical [PSU]
# name 14 = sal11: Salinity, Practical, 2 [PSU]
# name 15 = flag: flag
# span 0 =      1.000,   2525.000       
# span 1 =    -1.6434,     1.4883       
# span 2 =    -1.6437,     1.4890       
# span 3 =   2.417939,   3.041334       
# span 4 =   2.417886,   3.041370       
# span 5 =    304.399,    414.265       
# span 6 =    299.187,    407.510       
# span 7 =     0.1086,     0.1920       
# span 8 =    -0.0051,     1.4114       
# span 9 =     0.1197,     0.4040       
# span 10 =    145.436,   2605.772      
# span 11 =   78.81630,   78.81666      
# span 12 =   -3.01438,   -3.00708      
# span 13 =    30.1984,    34.9227      
# span 14 =    30.1962,    34.9238      
# span 15 = 0.0000e+00, 0.0000e+00      
# interval = decibars: 1                
# start_time = Sep 13 2019 10:18:50 [NMEA time, header]
# bad_flag = -9.990e-29
*END*
[from data line 1899]
   1900.000    -0.6563    -0.6562   2.924201   2.924280    310.605    304.064     0.1167     0.0017     0.1250   1994.460   78.81640   -3.01252    34.9152    34.9163 0.0000e+00
   1901.000    -0.6565    -0.6564   2.924217   2.924306    309.927    303.978     0.1165     0.0036     0.1250   1995.428   78.81640   -3.01252    34.9152    34.9163 0.0000e+00
   1902.000    -0.6572    -0.6571   2.924209   2.924297    310.515    304.204     0.1162     0.0077     0.1250   1996.396   78.81640   -3.01252    34.9153    34.9163 0.0000e+00
   1903.000    -0.6574    -0.6573   2.924241   2.924320    310.629    304.444     0.1160     0.0014     0.1250   1997.366   78.81640   -3.01252    34.9154    34.9163 0.0000e+00
   1904.000    -0.6574    -0.6574   2.924277   2.924365    310.216    303.945     0.1158    -0.0008     0.1250   1998.332   78.81640   -3.01252    34.9154    34.9165 0.0000e+00
   1905.000    -0.6571    -0.6571   2.924343   2.924429    310.116    303.881     0.1156    -0.0003     0.1250   1999.296   78.81640   -3.01252    34.9154    34.9165 0.0000e+00
   1906.000    -0.6573    -0.6572   2.924378   2.924443    310.408    304.079     0.1154    -0.0002     0.1250   2000.257   78.81640   -3.01252    34.9155    34.9163 0.0000e+00
   1907.000    -0.6575    -0.6575   2.924405   2.924463    310.806    304.176     0.1152     0.0064     0.1254   2001.220   78.81640   -3.01252    34.9155    34.9163 0.0000e+00
   1908.000    -0.6573    -0.6573   2.924458   2.924535    310.466    304.182     0.1150     0.0096     0.1253   2002.186   78.81640   -3.01252    34.9155    34.9165 0.0000e+00
   1909.000    -0.6570    -0.6570   2.924534   2.924608    310.539    304.061     0.1148     0.0096     0.1251   2003.153   78.81640   -3.01254    34.9156    34.9166 0.0000e+00
   1910.000    -0.6568    -0.6574   2.924594   2.924596    310.029    303.914     0.1147     0.0096     0.1250   2004.119   78.81640   -3.01254    34.9156    34.9164 0.0000e+00
   1911.000    -0.6563    -0.6561   2.924685   2.924781    310.186    303.701     0.1145     0.0096     0.1250   2005.085   78.81640   -3.01252    34.9157    34.9167 0.0000e+00
   1912.000    -0.6560    -0.6560   2.924751   2.924824    310.292    304.086     0.1144     0.0087     0.1250   2006.046   78.81640   -3.01252    34.9158    34.9167 0.0000e+00
   1913.000    -0.6572    -0.6570   2.924691   2.924769    309.782    304.281     0.1143     0.0015     0.1250   2007.007   78.81640   -3.01252    34.9157    34.9166 0.0000e+00
   1914.000    -0.6570    -0.6568   2.924763   2.924849    310.512    304.278     0.1141     0.0008     0.1249   2007.974   78.81640   -3.01252    34.9159    34.9168 0.0000e+00
   1915.000    -0.6568    -0.6566   2.924821   2.924900    310.450    303.958     0.1140     0.0006     0.1249   2008.945   78.81640   -3.01253    34.9159    34.9168 0.0000e+00
   1916.000    -0.6566    -0.6566   2.924871   2.924950    310.374    303.911     0.1139     0.0054     0.1250   2009.917   78.81640   -3.01254    34.9159    34.9168 0.0000e+00
   1917.000    -0.6564    -0.6562   2.924932   2.925028    310.399    303.457     0.1138     0.0124     0.1249   2010.887   78.81640   -3.01254    34.9159    34.9169 0.0000e+00
   1918.000    -0.6565    -0.6565   2.924963   2.925040    309.990    303.888     0.1137     0.0133     0.1251   2011.856   78.81640   -3.01254    34.9159    34.9169 0.0000e+00
   1919.000    -0.6565    -0.6563   2.925018   2.925097    310.066    303.996     0.1135     0.0069     0.1253   2012.819   78.81640   -3.01254    34.9160    34.9169 0.0000e+00
   1920.000    -0.6564    -0.6564   2.925060   2.925136    310.232    303.573     0.1134     0.0020     0.1251   2013.777   78.81640   -3.01253    34.9160    34.9170 0.0000e+00
   1921.000    -0.6563    -0.6562   2.925114   2.925209    310.243    303.470     0.1133     0.0087     0.1249   2014.735   78.81640   -3.01252    34.9160    34.9171 0.0000e+00
   1922.000    -0.6562    -0.6561   2.925164   2.925261    309.864    303.718     0.1132     0.0092     0.1250   2015.700   78.81640   -3.01253    34.9160    34.9172 0.0000e+00
   1923.000    -0.6561    -0.6559   2.925211   2.925309    309.571    303.784     0.1130     0.0029     0.1250   2016.670   78.81640   -3.01254    34.9160    34.9170 0.0000e+00
   1924.000    -0.6560    -0.6560   2.925262   2.925341    309.916    303.417     0.1129     0.0065     0.1250   2017.642   78.81640   -3.01254    34.9160    34.9170 0.0000e+00
   1925.000    -0.6562    -0.6562   2.925274   2.925376    309.902    303.460     0.1128     0.0095     0.1248   2018.616   78.81640   -3.01254    34.9159    34.9172 0.0000e+00
   1926.000    -0.6570    -0.6570   2.925265   2.925333    309.974    303.822     0.1127     0.0093     0.1248   2019.584   78.81640   -3.01254    34.9161    34.9170 0.0000e+00
   1927.000    -0.6571    -0.6570   2.925299   2.925386    309.556    303.653     0.1125     0.0093     0.1247   2020.548   78.81640   -3.01254    34.9161    34.9171 0.0000e+00
   1928.000    -0.6578    -0.6575   2.925267   2.925362    309.915    303.965     0.1124     0.0074     0.1249   2021.510   78.81640   -3.01254    34.9160    34.9168 0.0000e+00
   1929.000    -0.6609    -0.6607   2.925029   2.925120    310.495    303.849     0.1123     0.0003     0.1250   2022.475   78.81640   -3.01254    34.9157    34.9168 0.0000e+00
   1930.000    -0.6614    -0.6613   2.925032   2.925115    310.085    303.557     0.1123     0.0082     0.1250   2023.440   78.81640   -3.01254    34.9158    34.9168 0.0000e+00
   1931.000    -0.6614    -0.6614   2.925066   2.925148    309.142    303.393     0.1122     0.0006     0.1250   2024.408   78.81640   -3.01254    34.9157    34.9168 0.0000e+00
   1932.000    -0.6616    -0.6616   2.925086   2.925166    309.572    303.543     0.1121    -0.0007     0.1250   2025.372   78.81640   -3.01256    34.9157    34.9167 0.0000e+00
   1933.000    -0.6618    -0.6617   2.925101   2.925198    309.993    303.884     0.1120     0.0002     0.1250   2026.338   78.81640   -3.01256    34.9156    34.9167 0.0000e+00
   1934.000    -0.6625    -0.6623   2.925080   2.925165    309.958    303.667     0.1120     0.0014     0.1250   2027.300   78.81640   -3.01256    34.9156    34.9164 0.0000e+00
   1935.000    -0.6635    -0.6634   2.925041   2.925109    310.353    303.494     0.1120     0.0043     0.1250   2028.261   78.81640   -3.01256    34.9156    34.9165 0.0000e+00
   1936.000    -0.6650    -0.6648   2.924950   2.925028    310.513    303.325     0.1120     0.0065     0.1250   2029.226   78.81640   -3.01254    34.9155    34.9163 0.0000e+00
   1937.000    -0.6653    -0.6652   2.924954   2.925030    310.409    303.482     0.1120     0.0023     0.1250   2030.196   78.81640   -3.01254    34.9154    34.9163 0.0000e+00
   1938.000    -0.6656    -0.6655   2.924961   2.925048    309.717    303.639     0.1121     0.0079     0.1250   2031.162   78.81640   -3.01256    34.9154    34.9164 0.0000e+00
   1939.000    -0.6657    -0.6656   2.924996   2.925084    309.486    303.227     0.1121     0.0002     0.1249   2032.127   78.81640   -3.01256    34.9154    34.9164 0.0000e+00
   1940.000    -0.6657    -0.6657   2.925036   2.925115    310.118    303.318     0.1122     0.0082     0.1249   2033.091   78.81640   -3.01256    34.9154    34.9163 0.0000e+00
   1941.000    -0.6657    -0.6656   2.925079   2.925169    310.127    303.355     0.1124     0.0012     0.1248   2034.057   78.81640   -3.01256    34.9153    34.9164 0.0000e+00
   1942.000    -0.6660    -0.6657   2.925094   2.925196    310.332    303.671     0.1125     0.0062     0.1249   2035.024   78.81638   -3.01256    34.9154    34.9164 0.0000e+00
   1943.000    -0.6674    -0.6672   2.925015   2.925106    309.771    303.730     0.1128     0.0123     0.1253   2035.986   78.81638   -3.01256    34.9153    34.9163 0.0000e+00
   1944.000    -0.6680    -0.6678   2.924999   2.925087    309.541    303.407     0.1130     0.0117     0.1252   2036.953   78.81638   -3.01256    34.9153    34.9163 0.0000e+00
   1945.000    -0.6682    -0.6681   2.925032   2.925111    309.498    303.055     0.1133     0.0092     0.1250   2037.918   78.81638   -3.01256    34.9154    34.9163 0.0000e+00
   1946.000    -0.6679    -0.6679   2.925097   2.925188    310.084    303.448     0.1136     0.0081     0.1250   2038.882   78.81638   -3.01256    34.9154    34.9165 0.0000e+00
   1947.000    -0.6675    -0.6674   2.925181   2.925267    310.291    303.802     0.1139     0.0015     0.1250   2039.848   78.81638   -3.01257    34.9155    34.9165 0.0000e+00
   1948.000    -0.6670    -0.6668   2.925270   2.925361    309.873    303.842     0.1142     0.0092     0.1250   2040.818   78.81638   -3.01258    34.9155    34.9166 0.0000e+00
   1949.000    -0.6663    -0.6664   2.925377   2.925441    309.623    303.594     0.1145     0.0149     0.1250   2041.787   78.81638   -3.01258    34.9156    34.9166 0.0000e+00
   1950.000    -0.6665    -0.6664   2.925399   2.925474    310.138    303.807     0.1149     0.0037     0.1250   2042.755   78.81638   -3.01258    34.9156    34.9166 0.0000e+00
   1951.000    -0.6673    -0.6672   2.925373   2.925445    309.879    303.686     0.1152     0.0003     0.1253   2043.724   78.81638   -3.01258    34.9156    34.9165 0.0000e+00
   1952.000    -0.6674    -0.6673   2.925399   2.925476    309.769    303.729     0.1156     0.0053     0.1254   2044.693   78.81638   -3.01257    34.9155    34.9165 0.0000e+00
   1953.000    -0.6673    -0.6672   2.925445   2.925530    309.543    303.696     0.1159     0.0093     0.1252   2045.658   78.81638   -3.01257    34.9155    34.9165 0.0000e+00
   1954.000    -0.6680    -0.6678   2.925425   2.925510    309.691    303.601     0.1163     0.0071     0.1254   2046.620   78.81638   -3.01258    34.9156    34.9165 0.0000e+00
   1955.000    -0.6686    -0.6687   2.925413   2.925480    309.696    303.084     0.1166     0.0007     0.1252   2047.581   78.81638   -3.01258    34.9155    34.9165 0.0000e+00
   1956.000    -0.6683    -0.6684   2.925473   2.925550    310.094    303.327     0.1170     0.0004     0.1254   2048.540   78.81638   -3.01258    34.9155    34.9165 0.0000e+00
   1957.000    -0.6686    -0.6685   2.925491   2.925573    309.857    303.683     0.1174     0.0091     0.1253   2049.498   78.81638   -3.01258    34.9155    34.9164 0.0000e+00
   1958.000    -0.6687    -0.6686   2.925525   2.925600    309.902    303.745     0.1178     0.0131     0.1250   2050.462   78.81638   -3.01258    34.9155    34.9164 0.0000e+00
   1959.000    -0.6685    -0.6685   2.925587   2.925667    309.428    303.420     0.1182     0.0033     0.1250   2051.429   78.81638   -3.01258    34.9156    34.9166 0.0000e+00
   1960.000    -0.6683    -0.6682   2.925646   2.925735    309.430    302.989     0.1186     0.0008     0.1249   2052.398   78.81638   -3.01258    34.9156    34.9166 0.0000e+00
   1961.000    -0.6683    -0.6682   2.925688   2.925783    309.360    303.374     0.1190     0.0013     0.1250   2053.366   78.81638   -3.01258    34.9156    34.9167 0.0000e+00
   1962.000    -0.6671    -0.6669   2.925845   2.925939    310.020    303.592     0.1194     0.0005     0.1250   2054.338   78.81638   -3.01258    34.9157    34.9167 0.0000e+00
   1963.000    -0.6670    -0.6669   2.925900   2.925982    310.099    303.584     0.1198     0.0029     0.1252   2055.308   78.81638   -3.01258    34.9159    34.9169 0.0000e+00
   1964.000    -0.6669    -0.6668   2.925963   2.926043    310.093    303.383     0.1202     0.0088     0.1252   2056.278   78.81638   -3.01258    34.9160    34.9170 0.0000e+00
   1965.000    -0.6666    -0.6664   2.926039   2.926128    309.385    303.389     0.1206     0.0090     0.1251   2057.249   78.81638   -3.01258    34.9161    34.9171 0.0000e+00
   1966.000    -0.6664    -0.6663   2.926098   2.926188    309.352    303.169     0.1210     0.0020     0.1251   2058.218   78.81638   -3.01258    34.9161    34.9172 0.0000e+00
   1967.000    -0.6659    -0.6658   2.926192   2.926277    310.123    303.094     0.1213     0.0075     0.1250   2059.184   78.81638   -3.01258    34.9163    34.9173 0.0000e+00
   1968.000    -0.6658    -0.6657   2.926242   2.926333    309.418    303.298     0.1216     0.0034     0.1250   2060.143   78.81638   -3.01258    34.9163    34.9174 0.0000e+00
   1969.000    -0.6656    -0.6656   2.926299   2.926379    309.664    303.251     0.1219     0.0004     0.1252   2061.101   78.81638   -3.01258    34.9163    34.9174 0.0000e+00
   1970.000    -0.6655    -0.6654   2.926345   2.926439    309.594    302.654     0.1222     0.0045     0.1249   2062.059   78.81638   -3.01258    34.9163    34.9174 0.0000e+00
   1971.000    -0.6657    -0.6655   2.926376   2.926464    308.700    303.028     0.1224     0.0093     0.1249   2063.019   78.81638   -3.01259    34.9163    34.9173 0.0000e+00
   1972.000    -0.6661    -0.6661   2.926383   2.926463    309.593    302.872     0.1225     0.0071     0.1250   2063.981   78.81638   -3.01260    34.9164    34.9174 0.0000e+00
   1973.000    -0.6661    -0.6661   2.926417   2.926497    309.482    302.743     0.1227    -0.0005     0.1250   2064.945   78.81638   -3.01260    34.9163    34.9173 0.0000e+00
   1974.000    -0.6662    -0.6662   2.926455   2.926528    309.006    303.218     0.1228    -0.0015     0.1250   2065.911   78.81638   -3.01260    34.9164    34.9173 0.0000e+00
   1975.000    -0.6673    -0.6671   2.926402   2.926487    309.264    302.785     0.1228    -0.0010     0.1251   2066.877   78.81638   -3.01259    34.9164    34.9173 0.0000e+00
   1976.000    -0.6671    -0.6671   2.926468   2.926540    309.590    303.173     0.1229    -0.0010     0.1253   2067.838   78.81638   -3.01258    34.9165    34.9174 0.0000e+00
   1977.000    -0.6671    -0.6669   2.926510   2.926593    309.327    303.251     0.1228     0.0064     0.1251   2068.805   78.81638   -3.01258    34.9165    34.9174 0.0000e+00
   1978.000    -0.6671    -0.6671   2.926536   2.926622    309.276    303.018     0.1228     0.0044     0.1250   2069.773   78.81638   -3.01259    34.9163    34.9174 0.0000e+00
   1979.000    -0.6669    -0.6668   2.926602   2.926682    309.361    302.623     0.1227     0.0040     0.1251   2070.742   78.81638   -3.01260    34.9164    34.9174 0.0000e+00
   1980.000    -0.6667    -0.6666   2.926659   2.926741    309.266    302.619     0.1225     0.0060     0.1250   2071.712   78.81637   -3.01260    34.9164    34.9174 0.0000e+00
   1981.000    -0.6666    -0.6665   2.926716   2.926799    309.308    303.019     0.1224    -0.0012     0.1249   2072.683   78.81636   -3.01260    34.9165    34.9174 0.0000e+00
   1982.000    -0.6667    -0.6666   2.926745   2.926829    309.497    302.774     0.1222     0.0001     0.1249   2073.646   78.81636   -3.01260    34.9165    34.9174 0.0000e+00
   1983.000    -0.6674    -0.6673   2.926720   2.926806    309.208    302.315     0.1219     0.0087     0.1249   2074.605   78.81636   -3.01260    34.9163    34.9174 0.0000e+00
   1984.000    -0.6674    -0.6673   2.926759   2.926843    308.640    302.534     0.1217     0.0129     0.1250   2075.564   78.81636   -3.01260    34.9164    34.9174 0.0000e+00
   1985.000    -0.6683    -0.6682   2.926725   2.926802    308.889    303.030     0.1214     0.0023     0.1249   2076.522   78.81636   -3.01260    34.9164    34.9173 0.0000e+00
   1986.000    -0.6688    -0.6687   2.926714   2.926804    309.145    303.119     0.1211    -0.0011     0.1248   2077.486   78.81636   -3.01260    34.9162    34.9173 0.0000e+00
   1987.000    -0.6694    -0.6692   2.926707   2.926777    309.427    302.981     0.1208    -0.0006     0.1252   2078.450   78.81636   -3.01260    34.9163    34.9171 0.0000e+00
   1988.000    -0.6702    -0.6700   2.926678   2.926755    309.613    302.435     0.1206     0.0032     0.1254   2079.420   78.81636   -3.01260    34.9163    34.9171 0.0000e+00
