test_project/cnv_files/sta0197_bin.cnv
* Sea-Bird SBE 9 Data File:
* FileName = C:\Seabird\CTDDATA\Sta0197.hex
* Software Version Seasave V 7.26.7.107
* Temperature SN = 03-4535
* Conductivity SN = 2860
* Number of Bytes Per Scan = 44
* Number of Voltage Words = 5
* Number of Scans Averaged by the Deck Unit = 1
* NMEA Latitude = 78 49.48 N
* NMEA Longitude = 002 30.32 W
* NMEA UTC (Time) = Sep 02 2019 22:27:21
* NMEA baud rate = 9600
** Ship: "Kronprins Haakon"
** Station: 197
** Echodepth: 2588
** Log: 5737.160
** Wind-Dir Force(m/s): 03 30
** Air-temp (dry): -1.3
** Weather Sky: 4 8
** Sea Ice: 5 0
# nquan = 16
# nvalues = 2622                        
# units = specified
# name 0 = prDM: Pressure, Digiquartz [db]
# name 1 = t090C: Temperature [ITS-90, deg C]
# name 2 = t190C: Temperature, 2 [ITS-90, deg C]
# name 3 = c0S/m: Conductivity [S/m]
# name 4 = c1S/m: Conductivity, 2 [S/m]
# name 5 = sbox0Mm/Kg: Oxygen, SBE 43 [umol/kg]
# name 6 = sbox1Mm/Kg: Oxygen, SBE 43, 2 [umol/kg]
# name 7 = wetCDOM: Fluorescence, WET Labs CDOM [mg/m^3]
# name 8 = flECO-AFL: Fluorescence, WET Labs ECO-AFL/FL [mg/m^3]
# name 9 = CStarAt0: Beam Attenuation, WET Labs C-Star [1/m]
# name 10 = timeS: Time, Elapsed [seconds]
# name 11 = latitude: Latitude [deg]
# name 12 = longitude: Longitude [deg]
# name 13 = sal00: Salinity, Practical [PSU]
# name 14 = sal11: Salinity, Practical, 2 [PSU]
# name 15 = flag: flag
# span 0 =      1.000,   2622.000       
# span 1 =    -1.7661,     3.5013       
# span 2 =    -1.7662,     3.5009       
# span 3 =   2.505170,   3.216688       
# span 4 =   2.504442,   3.216432       
# span 5 =    299.809,    421.687       
# span 6 =    297.548,    411.143       
# span 7 =     0.0994,     0.1739       
# span 8 =    -0.0068,     1.4568       
# span 9 =     0.1051,     0.3810       
# span 10 =    288.757,   3002.414      
# span 11 =   78.82466,   78.82472      
# span 12 =   -2.50577,   -2.50536      
# span 13 =    30.9828,    34.9942      
# span 14 =    30.9730,    34.9938      
# span 15 = 0.0000e+00, 0.0000e+00      
# interval = decibars: 1                
# start_time = Sep 02 2019 22:27:21 [NMEA time, header]
# bad_flag = -9.990e-29
*END*
[from data line 814]
    815.000     0.2616     0.2615   2.954226   2.954230    319.139    310.333     0.1175     0.0060     0.1079   1199.011   78.82470   -2.50538    34.8826    34.8828 0.0000e+00
    816.000     0.2594     0.2593   2.954089   2.954097    319.182    309.899     0.1175     0.0008     0.1078   1199.994   78.82470   -2.50538    34.8828    34.8829 0.0000e+00
    817.000     0.2588     0.2586   2.954085   2.954088    319.185    309.937     0.1174     0.0069     0.1079   1200.975   78.82470   -2.50538    34.8828    34.8831 0.0000e+00
    818.000     0.2572     0.2572   2.953997   2.953992    319.303    310.155     0.1173    -0.0002     0.1086   1201.968   78.82470   -2.50538    34.8828    34.8828 0.0000e+00
    819.000     0.2513     0.2514   2.953507   2.953530    319.637    310.189     0.1173    -0.0012     0.1080   1202.969   78.82470   -2.50538    34.8825    34.8827 0.0000e+00
    820.000     0.2500     0.2498   2.953427   2.953424    319.451    309.959     0.1172     0.0108     0.1078   1203.965   78.82470   -2.50537    34.8824    34.8825 0.0000e+00
    821.000     0.2486     0.2483   2.953351   2.953351    319.263    310.292     0.1171     0.0018     0.1076   1204.954   78.82470   -2.50536    34.8823    34.8827 0.0000e+00
    822.000     0.2527     0.2524   2.953796   2.953797    319.314    310.490     0.1170     0.0059     0.1082   1205.952   78.82470   -2.50536    34.8829    34.8834 0.0000e+00
    823.000     0.2512     0.2510   2.953717   2.953717    319.658    310.244     0.1169     0.0037     0.1081   1206.950   78.82470   -2.50536    34.8831    34.8834 0.0000e+00
    824.000     0.2491     0.2490   2.953580   2.953594    319.624    310.351     0.1168     0.0050     0.1080   1207.947   78.82470   -2.50536    34.8831    34.8833 0.0000e+00
    825.000     0.2470     0.2471   2.953427   2.953444    319.310    310.459     0.1167     0.0091     0.1080   1208.948   78.82470   -2.50536    34.8828    34.8830 0.0000e+00
    826.000     0.2453     0.2452   2.953349   2.953355    319.308    310.557     0.1167     0.0110     0.1080   1209.943   78.82470   -2.50536    34.8832    34.8834 0.0000e+00
    827.000     0.2435     0.2434   2.953253   2.953251    319.504    310.566     0.1166     0.0115     0.1080   1210.944   78.82470   -2.50537    34.8834    34.8835 0.0000e+00
    828.000     0.2394     0.2394   2.952925   2.952932    319.351    310.328     0.1166     0.0077     0.1080   1211.956   78.82470   -2.50538    34.8831    34.8832 0.0000e+00
    829.000     0.2368     0.2367   2.952738   2.952734    319.095    310.359     0.1166    -0.0000     0.1082   1212.956   78.82470   -2.50538    34.8829    34.8831 0.0000e+00
    830.000     0.2331     0.2334   2.952428   2.952475    319.201    310.327     0.1166     0.0010     0.1083   1213.947   78.82470   -2.50538    34.8826    34.8828 0.0000e+00
    831.000     0.2364     0.2356   2.952800   2.952786    318.855    310.452     0.1166     0.0078     0.1083   1214.931   78.82470   -2.50538    34.8831    34.8838 0.0000e+00
    832.000     0.2422     0.2420   2.953410   2.953404    319.170    310.523     0.1167     0.0095     0.1079   1215.917   78.82470   -2.50538    34.8839    34.8842 0.0000e+00
    833.000     0.2424     0.2422   2.953475   2.953477    319.342    310.067     0.1167     0.0127     0.1086   1216.910   78.82470   -2.50538    34.8841    34.8843 0.0000e+00
    834.000     0.2384     0.2385   2.953166   2.953180    319.326    310.241     0.1168     0.0052     0.1081   1217.913   78.82470   -2.50538    34.8840    34.8840 0.0000e+00
    835.000     0.2334     0.2335   2.952756   2.952772    319.287    311.040     0.1169    -0.0003     0.1082   1218.920   78.82470   -2.50539    34.8836    34.8837 0.0000e+00
    836.000     0.2289     0.2294   2.952397   2.952447    318.985    310.820     0.1170    -0.0013     0.1080   1219.920   78.82470   -2.50540    34.8834    34.8835 0.0000e+00
    837.000     0.2190     0.2202   2.951538   2.951645    318.666    310.533     0.1171     0.0024     0.1084   1220.901   78.82470   -2.50540    34.8828    34.8828 0.0000e+00
    838.000     0.2213     0.2204   2.951804   2.951786    318.940    310.628     0.1171     0.0057     0.1088   1221.866   78.82470   -2.50540    34.8831    34.8838 0.0000e+00
    839.000     0.2234     0.2231   2.952085   2.952068    319.395    310.653     0.1172     0.0006     0.1083   1222.839   78.82470   -2.50540    34.8838    34.8839 0.0000e+00
    840.000     0.2213     0.2212   2.951949   2.951952    320.412    310.412     0.1172     0.0081     0.1082   1223.850   78.82470   -2.50540    34.8838    34.8839 0.0000e+00
    841.000     0.2156     0.2156   2.951478   2.951484    319.994    310.123     0.1173     0.0093     0.1087   1224.888   78.82470   -2.50540    34.8835    34.8836 0.0000e+00
    842.000     0.2088     0.2088   2.950912   2.950900    319.713    310.534     0.1173     0.0087     0.1080   1225.911   78.82470   -2.50541    34.8831    34.8830 0.0000e+00
    843.000     0.1989     0.1988   2.950046   2.950038    319.340    310.223     0.1174     0.0007     0.1086   1226.899   78.82470   -2.50542    34.8824    34.8824 0.0000e+00
    844.000     0.1990     0.2010   2.950092   2.950301    319.468    310.253     0.1174     0.0002     0.1092   1227.857   78.82470   -2.50543    34.8822    34.8828 0.0000e+00
    845.000     0.1974     0.1981   2.950000   2.950078    319.201    310.256     0.1174    -0.0021     0.1134   1228.819   78.82470   -2.50544    34.8823    34.8825 0.0000e+00
    846.000     0.1966     0.1959   2.949967   2.949936    319.490    310.043     0.1175     0.0063     0.1106   1229.799   78.82470   -2.50543    34.8822    34.8825 0.0000e+00
    847.000     0.1963     0.1962   2.949981   2.949988    319.613    309.709     0.1175     0.0159     0.1087   1230.801   78.82470   -2.50542    34.8821    34.8823 0.0000e+00
    848.000     0.1942     0.1943   2.949832   2.949857    319.029    310.052     0.1175     0.0129     0.1087   1231.817   78.82470   -2.50542    34.8820    34.8822 0.0000e+00
    849.000     0.1908     0.1911   2.949583   2.949606    318.224    309.911     0.1175     0.0064     0.1087   1232.820   78.82470   -2.50542    34.8819    34.8819 0.0000e+00
    850.000     0.1884     0.1891   2.949416   2.949487    318.606    309.673     0.1176     0.0154     0.1089   1233.811   78.82470   -2.50543    34.8819    34.8820 0.0000e+00
    851.000     0.1866     0.1863   2.949340   2.949334    318.499    309.527     0.1176     0.0005     0.1089   1234.780   78.82470   -2.50544    34.8823    34.8827 0.0000e+00
    852.000     0.1925     0.1919   2.949956   2.949953    318.930    309.654     0.1176    -0.0004     0.1082   1235.745   78.82470   -2.50544    34.8832    34.8838 0.0000e+00
    853.000     0.2258     0.2249   2.953153   2.953171    318.780    309.529     0.1176    -0.0004     0.1090   1236.723   78.82470   -2.50544    34.8870    34.8882 0.0000e+00
    854.000     0.2205     0.2216   2.952757   2.952855    319.522    309.765     0.1177     0.0003     0.1097   1237.728   78.82469   -2.50545    34.8872    34.8873 0.0000e+00
    855.000     0.2081     0.2106   2.951658   2.951865    320.313    310.240     0.1177     0.0003     0.1087   1238.745   78.82468   -2.50546    34.8862    34.8861 0.0000e+00
    856.000     0.1952     0.1954   2.950521   2.950503    319.078    310.711     0.1177     0.0003     0.1088   1239.752   78.82468   -2.50546    34.8852    34.8848 0.0000e+00
    857.000     0.1888     0.1889   2.949934   2.949970    319.005    311.201     0.1178    -0.0006     0.1090   1240.744   78.82469   -2.50545    34.8842    34.8846 0.0000e+00
    858.000     0.1920     0.1932   2.950260   2.950419    319.479    310.705     0.1178     0.0040     0.1089   1241.735   78.82470   -2.50544    34.8843    34.8850 0.0000e+00
    859.000     0.2094     0.2044   2.951924   2.951579    319.815    310.571     0.1179     0.0058     0.1087   1242.725   78.82470   -2.50544    34.8859    34.8870 0.0000e+00
    860.000     0.2371     0.2359   2.954604   2.954589    320.009    310.592     0.1180     0.0029     0.1088   1243.710   78.82469   -2.50545    34.8892    34.8904 0.0000e+00
    861.000     0.2642     0.2624   2.957244   2.957127    320.377    310.589     0.1180     0.0068     0.1087   1244.696   78.82468   -2.50546    34.8927    34.8932 0.0000e+00
    862.000     0.2657     0.2654   2.957451   2.957444    320.373    310.744     0.1181    -0.0005     0.1081   1245.688   78.82468   -2.50547    34.8932    34.8934 0.0000e+00
    863.000     0.2634     0.2638   2.957286   2.957308    319.812    311.493     0.1181     0.0010     0.1088   1246.689   78.82468   -2.50548    34.8930    34.8929 0.0000e+00
    864.000     0.2543     0.2554   2.956492   2.956564    319.305    312.242     0.1181     0.0083     0.1084   1247.684   78.82468   -2.50548    34.8923    34.8920 0.0000e+00
    865.000     0.2439     0.2452   2.955559   2.955674    319.780    312.889     0.1181     0.0014     0.1084   1248.667   78.82468   -2.50548    34.8912    34.8913 0.0000e+00
    866.000     0.2269     0.2299   2.954009   2.954262    320.531    313.205     0.1181     0.0072     0.1088   1249.640   78.82468   -2.50547    34.8895    34.8894 0.0000e+00
    867.000     0.2039     0.2054   2.951944   2.952069    321.369    313.023     0.1181     0.0031     0.1089   1250.618   78.82468   -2.50546    34.8878    34.8877 0.0000e+00
    868.000     0.2209     0.2205   2.953608   2.953656    321.041    312.382     0.1180    -0.0018     0.1090   1251.627   78.82468   -2.50546    34.8898    34.8909 0.0000e+00
    869.000     0.2380     0.2352   2.955270   2.955091    321.291    312.156     0.1180     0.0001     0.1085   1252.649   78.82468   -2.50547    34.8918    34.8926 0.0000e+00
    870.000     0.2474     0.2474   2.956216   2.956274    321.883    311.653     0.1179    -0.0013     0.1090   1253.664   78.82468   -2.50548    34.8930    34.8937 0.0000e+00
    871.000     0.2529     0.2527   2.956803   2.956797    321.999    311.276     0.1178     0.0039     0.1090   1254.659   78.82468   -2.50549    34.8939    34.8941 0.0000e+00
    872.000     0.2560     0.2558   2.957163   2.957164    321.466    311.842     0.1177     0.0095     0.1085   1255.638   78.82468   -2.50550    34.8945    34.8947 0.0000e+00
    873.000     0.2569     0.2566   2.957291   2.957299    320.989    312.417     0.1176     0.0013     0.1090   1256.617   78.82468   -2.50550    34.8947    34.8951 0.0000e+00
    874.000     0.2575     0.2572   2.957397   2.957378    321.060    312.999     0.1175     0.0081     0.1093   1257.603   78.82468   -2.50550    34.8948    34.8948 0.0000e+00
    875.000     0.2571     0.2568   2.957416   2.957415    321.732    313.389     0.1173    -0.0003     0.1089   1258.598   78.82468   -2.50549    34.8949    34.8952 0.0000e+00
    876.000     0.2559     0.2558   2.957362   2.957368    322.100    313.508     0.1172     0.0082     0.1090   1259.594   78.82468   -2.50548    34.8950    34.8952 0.0000e+00
    877.000     0.2512     0.2507   2.956990   2.956890    322.562    313.412     0.1171     0.0094     0.1096   1260.595   78.82468   -2.50549    34.8948    34.8941 0.0000e+00
    878.000     0.2321     0.2324   2.955290   2.955272    322.618    313.795     0.1170     0.0095     0.1095   1261.592   78.82467   -2.50550    34.8935    34.8930 0.0000e+00
    879.000     0.2286     0.2281   2.955021   2.955009    321.945    313.592     0.1170     0.0096     0.1092   1262.576   78.82466   -2.50550    34.8934    34.8938 0.0000e+00
    880.000     0.2308     0.2297   2.955264   2.955181    321.778    312.858     0.1169     0.0095     0.1091   1263.557   78.82466   -2.50551    34.8935    34.8936 0.0000e+00
    881.000     0.2237     0.2238   2.954675   2.954682    322.624    313.127     0.1169     0.0119     0.1092   1264.548   78.82466   -2.50552    34.8932    34.8931 0.0000e+00
    882.000     0.2172     0.2178   2.954120   2.954176    323.086    313.144     0.1168     0.0103     0.1091   1265.545   78.82466   -2.50552    34.8926    34.8927 0.0000e+00
    883.000     0.2126     0.2132   2.953730   2.953799    322.436    312.877     0.1168     0.0011     0.1091   1266.544   78.82466   -2.50552    34.8922    34.8924 0.0000e+00
    884.000     0.2107     0.2100   2.953596   2.953551    321.857    312.980     0.1168     0.0001     0.1089   1267.543   78.82467   -2.50551    34.8920    34.8922 0.0000e+00
    885.000     0.2081     0.2074   2.953403   2.953322    322.238    312.876     0.1168     0.0001     0.1092   1268.548   78.82467   -2.50550    34.8918    34.8915 0.0000e+00
    886.000     0.1664     0.1694   2.949643   2.949840    322.601    312.967     0.1168     0.0008     0.1092   1269.562   78.82466   -2.50550    34.8889    34.8881 0.0000e+00
    887.000     0.1600     0.1601   2.949068   2.949093    322.010    313.218     0.1168     0.0089     0.1088   1270.572   78.82466   -2.50550    34.8881    34.8883 0.0000e+00
    888.000     0.1580     0.1579   2.948955   2.948960    321.351    312.808     0.1169     0.0093     0.1088   1271.575   78.82466   -2.50551    34.8883    34.8884 0.0000e+00
    889.000     0.1600     0.1598   2.949187   2.949192    322.106    312.553     0.1169     0.0015     0.1089   1272.563   78.82466   -2.50552    34.8885    34.8888 0.0000e+00
    890.000     0.1605     0.1602   2.949277   2.949274    322.630    312.134     0.1169     0.0006     0.1083   1273.555   78.82466   -2.50553    34.8885    34.8888 0.0000e+00
    891.000     0.1605     0.1600   2.949348   2.949312    322.713    311.830     0.1170     0.0001     0.1087   1274.547   78.82466   -2.50553    34.8888    34.8889 0.0000e+00
    892.000     0.1580     0.1579   2.949160   2.949168    322.373    311.782     0.1170     0.0000     0.1081   1275.520   78.82466   -2.50552    34.8886    34.8888 0.0000e+00
    893.000     0.1572     0.1571   2.949144   2.949159    321.331    311.768     0.1170     0.0059     0.1080   1276.491   78.82466   -2.50552    34.8887    34.8891 0.0000e+00
    894.000     0.1580     0.1580   2.949278   2.949297    320.975    311.827     0.1171     0.0131     0.1083   1277.482   78.82466   -2.50550    34.8890    34.8893 0.0000e+00
    895.000     0.1644     0.1640   2.949925   2.949949    320.945    312.047     0.1171     0.0067     0.1081   1278.496   78.82466   -2.50550    34.8897    34.8904 0.0000e+00
    896.000     0.1683     0.1680   2.950365   2.950360    320.937    311.872     0.1171     0.0016     0.1082   1279.527   78.82466   -2.50551    34.8905    34.8908 0.0000e+00
    897.000     0.1661     0.1662   2.950228   2.950234    321.714    311.894     0.1171     0.0091     0.1080   1280.547   78.82466   -2.50553    34.8906    34.8906 0.0000e+00
    898.000     0.1681     0.1667   2.950463   2.950375    321.196    312.041     0.1171     0.0086     0.1079   1281.549   78.82466   -2.50554    34.8909    34.8913 0.0000e+00
    899.000     0.1710     0.1715   2.950797   2.950868    320.967    312.255     0.1172     0.0008     0.1085   1282.535   78.82466   -2.50554    34.8914    34.8917 0.0000e+00
    900.000     0.1712     0.1710   2.950862   2.950861    321.589    312.507     0.1171 7.6121e-07     0.1083   1283.504   78.82466   -2.50554    34.8915    34.8917 0.0000e+00
    901.000     0.1695     0.1695   2.950760   2.950769    321.014    312.715     0.1171     0.0065     0.1081   1284.483   78.82466   -2.50554    34.8914    34.8916 0.0000e+00
    902.000     0.1646     0.1645   2.950359   2.950356    321.263    312.585     0.1171     0.0092     0.1081   1285.492   78.82466   -2.50552    34.8911    34.8912 0.0000e+00
    903.000     0.1557     0.1562   2.949599   2.949626    321.397    312.656     0.1171     0.0096     0.1080   1286.523   78.82466   -2.50552    34.8907    34.8905 0.0000e+00
