test_project/cnv_files/Sta0236_bin.cnv
* Sea-Bird SBE 9 Data File:
* FileName = C:\Seabird\CTDDATA\Sta0236.hex
* Software Version Seasave V 7.26.7.107
* Temperature SN = 03-4535
* Conductivity SN = 2860
* Number of Bytes Per Scan = 44
* Number of Voltage Words = 5
* Number of Scans Averaged by the Deck Unit = 1
* NMEA Latitude = 78 49.95 N
* NMEA Longitude = 005 12.96 W
* NMEA UTC (Time) = Sep 10 2019 22:45:55
* NMEA baud rate = 9600
** Ship: "Kronprins Haakon"
** Station: 0236
** Echodepth: 808
** Log: 6297.190
** Wind-Dir Force(m/s): 14 13
** Air-temp (dry): 0.1
** Weather Sky: 7 8
** Sea Ice: 4 4
# nquan = 17
# nvalues = 808                         
# units = specified
# name 0 = prDM: Pressure, Digiquartz [db]
# name 1 = t090C: Temperature [ITS-90, deg C]
# name 2 = t190C: Temperature, 2 [ITS-90, deg C]
# name 3 = c0S/m: Conductivity [S/m]
# name 4 = c1S/m: Conductivity, 2 [S/m]
# name 5 = sbox0Mm/Kg: Oxygen, SBE 43 [umol/kg]
# name 6 = sbox1Mm/Kg: Oxygen, SBE 43, 2 [umol/kg]
# name 7 = wetCDOM: Fluorescence, WET Labs CDOM [mg/m^3]
# name 8 = flECO-AFL: Fluorescence, WET Labs ECO-AFL/FL [mg/m^3]
# name 9 = CStarAt0: Beam Attenuation, WET Labs C-Star [1/m]
# name 10 = timeS: Time, Elapsed [seconds]
# name 11 = latitude: Latitude [deg]
# name 12 = longitude: Longitude [deg]
# name 13 = upoly0: Upoly 0, ISUS
# name 14 = sal00: Salinity, Practical [PSU]
# name 15 = sal11: Salinity, Practical, 2 [PSU]
# name 16 = flag: flag
# span 0 =      2.000,    809.000       
# span 1 =    -1.6603,     1.0795       
# span 2 =    -1.6602,     1.0794       
# span 3 =   2.389978,   3.000280       
# span 4 =   2.390162,   3.000246       
# span 5 =    304.994,    419.882       
# span 6 =    300.396,    414.697       
# span 7 =     0.1157,     0.1920       
# span 8 =    -0.0032,     0.8451       
# span 9 =     0.1238,     0.3064       
# span 10 =    316.418,   1094.775      
# span 11 =   78.83262,   78.83264      
# span 12 =   -5.21618,   -5.21612      
# span 13 =  11.044015,  24.490619      
# span 14 =    29.7138,    34.8814      
# span 15 =    29.7159,    34.8817      
# span 16 = 0.0000e+00, 0.0000e+00      
# interval = decibars: 1                
# start_time = Sep 10 2019 22:45:55 [NMEA time, header]
# bad_flag = -9.990e-29
*END*
[from data line 86]
     88.000    -1.1389    -1.1385   2.693255   2.693201    377.783    364.890     0.1799     0.0781     0.1791    403.699   78.83262   -5.21616  16.761417    33.3970    33.3958 0.0000e+00
     89.000    -1.1790    -1.1783   2.691766   2.691717    364.891    360.176     0.1792     0.0599     0.1793    404.720   78.83262   -5.21616  17.115845    33.4207    33.4192 0.0000e+00
     90.000    -1.1772    -1.1785   2.693701   2.693706    347.822    352.552     0.1783     0.0553     0.1796    405.796   78.83262   -5.21616  17.587765    33.4446    33.4460 0.0000e+00
     91.000    -1.1364    -1.1373   2.699615   2.699590    340.917    348.255     0.1775     0.0587     0.1812    406.857   78.83262   -5.21616  17.827024    33.4792    33.4798 0.0000e+00
     92.000    -1.1127    -1.1135   2.702923   2.702891    344.200    347.732     0.1766     0.0466     0.1824    407.851   78.83262   -5.21617  17.911635    33.4972    33.4977 0.0000e+00
     93.000    -1.0915    -1.0922   2.705555   2.705540    348.466    347.519     0.1757     0.0463     0.1818    408.776   78.83262   -5.21618  17.802176    33.5089    33.5095 0.0000e+00
     94.000    -1.0598    -1.0612   2.709363   2.709325    349.726    346.681     0.1748     0.0462     0.1820    409.660   78.83262   -5.21618  17.954577    33.5247    33.5258 0.0000e+00
     95.000    -0.9893    -0.9918   2.717878   2.717849    348.918    345.189     0.1739     0.0346     0.1802    410.532   78.83262   -5.21618  18.077459    33.5614    33.5637 0.0000e+00
     96.000    -0.9659    -0.9669   2.721077   2.721031    349.540    344.991     0.1730     0.0290     0.1799    411.429   78.83262   -5.21616  18.207930    33.5782    33.5787 0.0000e+00
     97.000    -0.9311    -0.9318   2.727116   2.727073    349.579    344.362     0.1720     0.0402     0.1799    412.371   78.83262   -5.21616  18.315074    33.6207    33.6210 0.0000e+00
     98.000    -0.9121    -0.9127   2.729996   2.729959    347.099    343.277     0.1711     0.0450     0.1801    413.368   78.83262   -5.21616  18.330945    33.6380    33.6381 0.0000e+00
     99.000    -0.8743    -0.8752   2.734658   2.734600    344.076    341.883     0.1702     0.0400     0.1807    414.402   78.83262   -5.21616  18.505949    33.6584    33.6587 0.0000e+00
    100.000    -0.8602    -0.8607   2.736712   2.736670    342.657    340.801     0.1692     0.0449     0.1810    415.440   78.83262   -5.21616  18.863475    33.6698    33.6699 0.0000e+00
    101.000    -0.8380    -0.8387   2.739783   2.739755    342.190    339.714     0.1683     0.0333     0.1808    416.450   78.83262   -5.21618  18.997670    33.6861    33.6865 0.0000e+00
    102.000    -0.8195    -0.8199   2.743573   2.743526    341.086    338.552     0.1673     0.0443     0.1803    417.415   78.83262   -5.21618  18.862818    33.7161    33.7159 0.0000e+00
    103.000    -0.8121    -0.8122   2.746067   2.746037    340.717    337.726     0.1664     0.0565     0.1800    418.347   78.83262   -5.21618  18.811043    33.7410    33.7407 0.0000e+00
    104.000    -0.8060    -0.8061   2.747379   2.747340    340.682    336.900     0.1654     0.0494     0.1800    419.260   78.83262   -5.21618  18.907849    33.7513    33.7509 0.0000e+00
    105.000    -0.7994    -0.7996   2.748865   2.748790    339.815    336.162     0.1645     0.0419     0.1795    420.172   78.83262   -5.21618  19.046279    33.7634    33.7626 0.0000e+00
    106.000    -0.7917    -0.7921   2.750627   2.750600    339.061    335.252     0.1636     0.0447     0.1795    421.100   78.83262   -5.21616  19.431631    33.7780    33.7781 0.0000e+00
    107.000    -0.7738    -0.7739   2.754357   2.754308    338.793    334.382     0.1628     0.0385     0.1791    422.056   78.83262   -5.21616  19.367661    33.8079    33.8074 0.0000e+00
    108.000    -0.7618    -0.7624   2.756448   2.756417    339.511    334.288     0.1619     0.0320     0.1788    423.038   78.83262   -5.21616  19.164014    33.8221    33.8223 0.0000e+00
    109.000    -0.7420    -0.7423   2.760062   2.760026    339.367    334.047     0.1611     0.0318     0.1778    424.042   78.83262   -5.21616  19.068501    33.8482    33.8481 0.0000e+00
    110.000    -0.7232    -0.7242   2.763442   2.763374    338.530    333.448     0.1604     0.0376     0.1773    425.050   78.83262   -5.21618  19.195890    33.8722    33.8723 0.0000e+00
    111.000    -0.7027    -0.7031   2.766560   2.766487    337.607    332.687     0.1596     0.0333     0.1767    426.044   78.83262   -5.21618  19.202227    33.8907    33.8902 0.0000e+00
    112.000    -0.6901    -0.6910   2.768218   2.768169    336.951    332.242     0.1590     0.0269     0.1763    427.004   78.83262   -5.21618  19.565068    33.8983    33.8987 0.0000e+00
    113.000    -0.6462    -0.6475   2.773930   2.773900    335.697    330.946     0.1583     0.0280     0.1759    427.934   78.83262   -5.21618  19.470464    33.9256    33.9266 0.0000e+00
    114.000    -0.6159    -0.6166   2.778372   2.778332    334.868    330.383     0.1577     0.0337     0.1754    428.850   78.83262   -5.21618  19.692082    33.9508    33.9510 0.0000e+00
    115.000    -0.5914    -0.5907   2.781601   2.781608    335.131    330.347     0.1571     0.0389     0.1738    429.772   78.83262   -5.21617  19.926572    33.9662    33.9656 0.0000e+00
    116.000    -0.6320    -0.6288   2.778643   2.778704    335.266    330.187     0.1565     0.0386     0.1732    430.715   78.83262   -5.21616  19.938817    33.9713    33.9685 0.0000e+00
    117.000    -0.6525    -0.6517   2.777295   2.777278    333.368    329.347     0.1560     0.0323     0.1723    431.697   78.83262   -5.21616  19.597639    33.9756    33.9744 0.0000e+00
    118.000    -0.6842    -0.6849   2.775074   2.774765    331.211    328.158     0.1554     0.0319     0.1713    432.713   78.83262   -5.21617  20.009584    33.9805    33.9772 0.0000e+00
    119.000    -0.7010    -0.7034   2.776015   2.775925    330.608    327.369     0.1549     0.0433     0.1705    433.741   78.83262   -5.21618  20.130250    34.0116    34.0131 0.0000e+00
    120.000    -0.6728    -0.6738   2.778857   2.778777    331.584    326.711     0.1544     0.0408     0.1701    434.747   78.83262   -5.21618  19.716586    34.0176    34.0176 0.0000e+00
    121.000    -0.6475    -0.6494   2.781530   2.781339    333.932    327.308     0.1539     0.0297     0.1693    435.717   78.83262   -5.21618  19.964335    34.0246    34.0242 0.0000e+00
    122.000    -0.5916    -0.5924   2.787331   2.787495    335.543    327.171     0.1534     0.0210     0.1683    436.647   78.83262   -5.21618  20.616843    34.0393    34.0424 0.0000e+00
    123.000    -0.4844    -0.4877   2.798217   2.798328    335.132    326.249     0.1529     0.0212     0.1676    437.560   78.83262   -5.21618  19.375886    34.0647    34.0698 0.0000e+00
    124.000    -0.3485    -0.3513   2.812622   2.812575    333.828    325.648     0.1524     0.0313     0.1705    438.470   78.83262   -5.21618  19.373840    34.1046    34.1071 0.0000e+00
    125.000    -0.3045    -0.3056   2.818522   2.818458    334.607    326.489     0.1519     0.0316     0.1793    439.388   78.83262   -5.21618  20.216762    34.1335    34.1339 0.0000e+00
    126.000    -0.2524    -0.2540   2.824671   2.824609    332.091    325.380     0.1514     0.0315     0.1662    440.326   78.83262   -5.21618  20.892783    34.1566    34.1575 0.0000e+00
    127.000    -0.1896    -0.1911   2.831334   2.831316    325.197    322.411     0.1510     0.0260     0.1658    441.296   78.83262   -5.21618  21.019008    34.1744    34.1759 0.0000e+00
    128.000    -0.1526    -0.1535   2.835356   2.835250    319.770    320.294     0.1505     0.0243     0.1658    442.303   78.83262   -5.21618  20.605059    34.1860    34.1855 0.0000e+00
    129.000    -0.1081    -0.1100   2.840510   2.840407    317.015    318.211     0.1500     0.0243     0.1658    443.339   78.83262   -5.21618  21.452030    34.2040    34.2048 0.0000e+00
    130.000    -0.0871    -0.0873   2.843030   2.842991    315.845    317.036     0.1495     0.0199     0.1655    444.385   78.83262   -5.21616  20.694795    34.2134    34.2131 0.0000e+00
    131.000    -0.0477    -0.0489   2.848072   2.848112    315.853    316.571     0.1490     0.0170     0.1658    445.411   78.83262   -5.21616  21.317979    34.2355    34.2374 0.0000e+00
    132.000    -0.0182    -0.0175   2.852873   2.852785    316.210    316.258     0.1485     0.0170     0.1658    446.388   78.83262   -5.21618  21.125610    34.2656    34.2637 0.0000e+00
    133.000    -0.0421    -0.0416   2.851590   2.851554    318.034    316.813     0.1480     0.0186     0.1654    447.306   78.83262   -5.21618  21.273889    34.2747    34.2737 0.0000e+00
    134.000    -0.0343    -0.0348   2.853163   2.853130    317.592    315.966     0.1475     0.0241     0.1657    448.167   78.83262   -5.21618  21.645249    34.2863    34.2864 0.0000e+00
    135.000    -0.0182    -0.0187   2.855266   2.855319    316.268    314.846     0.1470     0.0242     0.1665    449.022   78.83262   -5.21618  21.458275    34.2955    34.2968 0.0000e+00
    136.000    -0.0287    -0.0273   2.855686   2.855609    316.139    314.288     0.1465     0.0195     0.1655    449.891   78.83262   -5.21618  21.348331    34.3123    34.3097 0.0000e+00
    137.000    -0.0673    -0.0665   2.853283   2.853232    316.905    313.620     0.1460     0.0205     0.1655    450.809   78.83262   -5.21618  21.303418    34.3231    34.3215 0.0000e+00
    138.000    -0.0750    -0.0749   2.853080   2.853015    316.701    312.269     0.1454     0.0211     0.1649    451.816   78.83262   -5.21617  21.324651    34.3285    34.3274 0.0000e+00
    139.000    -0.0840    -0.0838   2.852511   2.852460    316.400    311.296     0.1449     0.0263     0.1648    452.923   78.83262   -5.21616  21.792760    34.3304    34.3295 0.0000e+00
    140.000    -0.0927    -0.0917   2.852332   2.852259    317.092    311.076     0.1443     0.0358     0.1642    454.058   78.83262   -5.21616  22.221220    34.3372    34.3351 0.0000e+00
    141.000    -0.1126    -0.1134   2.852090   2.852021    317.197    311.047     0.1438     0.0316     0.1637    455.110   78.83262   -5.21616  21.583535    34.3557    34.3557 0.0000e+00
    142.000    -0.0921    -0.0928   2.854394   2.854338    316.845    310.630     0.1432     0.0281     0.1630    456.046   78.83262   -5.21618  21.429200    34.3627    34.3628 0.0000e+00
    143.000    -0.0429    -0.0461   2.859155   2.859013    317.112    310.493     0.1426     0.0173     0.1634    456.900   78.83262   -5.21618  21.944966    34.3700    34.3717 0.0000e+00
    144.000    -0.0055    -0.0060   2.862867   2.862854    318.356    311.112     0.1421     0.0171     0.1624    457.726   78.83262   -5.21618  21.870835    34.3765    34.3769 0.0000e+00
    145.000     0.0149     0.0150   2.864998   2.865015    319.574    312.115     0.1415     0.0214     0.1616    458.569   78.83262   -5.21618  21.776265    34.3813    34.3814 0.0000e+00
    146.000     0.0685     0.0674   2.870359   2.870372    319.358    311.850     0.1410     0.0273     0.1612    459.476   78.83262   -5.21618  22.091215    34.3915    34.3928 0.0000e+00
    147.000     0.1141     0.1135   2.875010   2.875033    317.500    310.899     0.1405     0.0289     0.1605    460.492   78.83262   -5.21618  21.696753    34.4013    34.4022 0.0000e+00
    148.000     0.1605     0.1589   2.879729   2.879674    316.445    310.365     0.1401     0.0214     0.1605    461.614   78.83262   -5.21616  22.032855    34.4109    34.4120 0.0000e+00
    149.000     0.2180     0.2170   2.885583   2.885565    313.996    309.531     0.1396     0.0170     0.1607    462.751   78.83262   -5.21616  22.000085    34.4231    34.4240 0.0000e+00
    150.000     0.2533     0.2528   2.889769   2.889722    312.400    309.102     0.1392     0.0170     0.1616    463.787   78.83262   -5.21616  21.973258    34.4380    34.4379 0.0000e+00
    151.000     0.2673     0.2674   2.891843   2.891790    311.149    308.885     0.1388     0.0183     0.1622    464.708   78.83262   -5.21617  22.052438    34.4490    34.4482 0.0000e+00
    152.000     0.2644     0.2646   2.892015   2.891966    310.131    308.403     0.1384     0.0240     0.1615    465.560   78.83262   -5.21618  22.141340    34.4539    34.4531 0.0000e+00
    153.000     0.2673     0.2672   2.892591   2.892547    309.339    307.574     0.1380     0.0242     0.1619    466.392   78.83262   -5.21618  22.259732    34.4577    34.4572 0.0000e+00
    154.000     0.2867     0.2857   2.894868   2.894842    308.571    306.625     0.1377     0.0157     0.1620    467.248   78.83262   -5.21618  22.167311    34.4653    34.4660 0.0000e+00
    155.000     0.3146     0.3142   2.897973   2.897930    309.279    306.300     0.1373     0.0180     0.1622    468.164   78.83262   -5.21618  22.037463    34.4742    34.4741 0.0000e+00
    156.000     0.3409     0.3403   2.900927   2.900901    310.892    306.893     0.1370     0.0270     0.1622    469.166   78.83262   -5.21616  22.306407    34.4830    34.4834 0.0000e+00
    157.000     0.3683     0.3679   2.903983   2.903933    311.718    306.947     0.1367     0.0172     0.1618    470.243   78.83262   -5.21616  22.562715    34.4918    34.4916 0.0000e+00
    158.000     0.3836     0.3837   2.905612   2.905576    311.291    306.855     0.1363     0.0193     0.1620    471.342   78.83262   -5.21616  22.222241    34.4955    34.4948 0.0000e+00
    159.000     0.3707     0.3702   2.904758   2.904595    310.905    306.771     0.1360     0.0201     0.1610    472.386   78.83262   -5.21616  22.632004    34.4981    34.4965 0.0000e+00
    160.000     0.3655     0.3649   2.904370   2.904326    310.358    306.229     0.1357     0.0097     0.1604    473.360   78.83262   -5.21616  22.835211    34.4982    34.4983 0.0000e+00
    161.000     0.4056     0.4060   2.908628   2.908708    309.545    305.438     0.1355     0.0103     0.1598    474.272   78.83262   -5.21618  21.986905    34.5086    34.5092 0.0000e+00
    162.000     0.4231     0.4225   2.910680   2.910661    310.505    305.428     0.1352     0.0220     0.1597    475.156   78.83262   -5.21618  22.086452    34.5153    34.5157 0.0000e+00
    163.000     0.4428     0.4428   2.912731   2.912701    311.805    305.612     0.1350     0.0243     0.1595    476.036   78.83262   -5.21618  22.253126    34.5195    34.5191 0.0000e+00
    164.000     0.4520     0.4518   2.913953   2.913903    312.596    305.617     0.1347     0.0273     0.1593    476.938   78.83262   -5.21618  22.275692    34.5245    34.5242 0.0000e+00
    165.000     0.4652     0.4651   2.915380   2.915354    311.849    305.137     0.1345     0.0273     0.1594    477.880   78.83262   -5.21617  22.518532    34.5279    34.5277 0.0000e+00
    166.000     0.4902     0.4898   2.918049   2.918029    310.496    304.862     0.1344     0.0206     0.1594    478.873   78.83262   -5.21616  22.378509    34.5342    34.5344 0.0000e+00
    167.000     0.4963     0.4964   2.919174   2.919129    310.367    305.131     0.1342     0.0300     0.1593    479.910   78.83262   -5.21616  22.039072    34.5415    34.5409 0.0000e+00
    168.000     0.5150     0.5153   2.921165   2.921163    310.059    305.056     0.1341     0.0231     0.1595    480.959   78.83262   -5.21616  21.832875    34.5461    34.5457 0.0000e+00
    169.000     0.5096     0.5086   2.920813   2.920608    309.977    305.124     0.1340     0.0163     0.1592    481.972   78.83262   -5.21616  22.135215    34.5469    34.5453 0.0000e+00
    170.000     0.5213     0.5209   2.922298   2.922377    309.439    304.943     0.1339     0.0103     0.1587    482.929   78.83262   -5.21617  22.591633    34.5526    34.5541 0.0000e+00
    171.000     0.5761     0.5748   2.927922   2.927922    308.516    303.939     0.1338     0.0156     0.1592    483.838   78.83262   -5.21618  22.833671    34.5642    34.5656 0.0000e+00
