test_project/cnv_files/Sta0211_bin.cnv
* Sea-Bird SBE 9 Data File:
* FileName = C:\Seabird\CTDDATA\Sta0211.hex
* Software Version Seasave V 7.26.7.107
* Temperature SN = 03-4535
* Conductivity SN = 2860
* Number of Bytes Per Scan = 44
* Number of Voltage Words = 5
* Number of Scans Averaged by the Deck Unit = 1
* NMEA Latitude = 78 49.95 N
* NMEA Longitude = 009 30.15 W
* NMEA UTC (Time) = Sep 05 2019 17:23:53
* NMEA baud rate = 9600
** Ship: "Kronprins Haakon"
** Station: 0211
** Echodepth: 190
** Log: 5926.17
** Wind-Dir Force(m/s): 01 09
** Air-temp (dry): -1.4
** Weather Sky: 2 7
** Sea Ice: 0 5
# nquan = 17
# nvalues = 178                         
# units = specified
# name 0 = prDM: Pressure, Digiquartz [db]
# name 1 = t090C: Temperature [ITS-90, deg C]
# name 2 = t190C: Temperature, 2 [ITS-90, deg C]
# name 3 = c0S/m: Conductivity [S/m]
# name 4 = c1S/m: Conductivity, 2 [S/m]
# name 5 = sbox0Mm/Kg: Oxygen, SBE 43 [umol/kg]
# name 6 = sbox1Mm/Kg: Oxygen, SBE 43, 2 [umol/kg]
# name 7 = wetCDOM: Fluorescence, WET Labs CDOM [mg/m^3]
# name 8 = flECO-AFL: Fluorescence, WET Labs ECO-AFL/FL [mg/m^3]
# name 9 = CStarAt0: Beam Attenuation, WET Labs C-Star [1/m]
# name 10 = timeS: Time, Elapsed [seconds]
# name 11 = latitude: Latitude [deg]
# name 12 = longitude: Longitude [deg]
# name 13 = upoly0: Upoly 0, ISUS
# name 14 = sal00: Salinity, Practical [PSU]
# name 15 = sal11: Salinity, Practical, 2 [PSU]
# name 16 = flag: flag
# span 0 =      3.000,    180.000       
# span 1 =    -1.5886,     0.6338       
# span 2 =    -1.5884,     0.6341       
# span 3 =   1.961063,   2.937918       
# span 4 =   2.280011,   2.937903       
# span 5 =    306.628,    412.494       
# span 6 =    305.728,    741.271       
# span 7 =     0.1209,     0.1671       
# span 8 =     0.0112,     1.3647       
# span 9 =     0.1453,     0.3392       
# span 10 =    190.117,    515.748      
# span 11 =   78.83107,   78.83204      
# span 12 =   -9.50581,   -9.50384      
# span 13 =  13.808301,  24.907923      
# span 14 =    23.7903,    34.6258      
# span 15 =    27.9432,    34.6253      
# span 16 = 0.0000e+00, 0.0000e+00      
# interval = decibars: 1                
# start_time = Sep 05 2019 17:23:53 [NMEA time, header]
# bad_flag = -9.990e-29
*END*
      3.000    -1.4380    -1.4461   2.144000   2.415881    376.136    493.619     0.1353     0.5967     0.3234    190.117   78.83204   -9.50384  21.024464    26.3111    29.9908 0.0000e+00
      4.000    -1.4394    -1.4202   2.213273   2.328059    340.909    542.422     0.1350     0.6463     0.3216    192.380   78.83203   -9.50386  20.416375    27.2428    28.7739 0.0000e+00
      5.000    -1.4392    -1.3474   2.253859   2.297954    322.719    585.273     0.1376     0.7330     0.3205    194.610   78.83202   -9.50388  21.284477    27.7887    28.2968 0.0000e+00
      6.000    -1.4400    -1.2207   2.236910   2.280558    313.394    623.181     0.1440     0.7668     0.3209    196.796   78.83202   -9.50389  22.112669    27.5604    27.9432 0.0000e+00
      7.000    -1.4435    -1.2447   2.194781   2.280011    311.417    662.276     0.1505     0.8150     0.3214    198.936   78.83200   -9.50390  20.677851    26.9967    27.9578 0.0000e+00
      8.000    -1.3845    -1.1893   2.059567   2.293549    318.357    699.078     0.1488     0.8238     0.3202    201.041   78.83200   -9.50392  21.778112    25.1349    28.0874 0.0000e+00
      9.000    -1.3386    -1.3084   1.961063   2.304933    326.590    741.271     0.1512     0.8510     0.3262    203.167   78.83200   -9.50393  22.587625    23.7903    28.3518 0.0000e+00
     10.000    -1.4322    -1.3089   2.136849   2.362377    359.594    625.796     0.1531     0.7559     0.3198    254.397   78.83185   -9.50424  20.166789    26.2307    29.1318 0.0000e+00
     11.000    -1.4342    -1.4348   2.465035   2.461677    405.455    397.807     0.1542     0.6390     0.3231    340.639   78.83160   -9.50475  14.257259    30.6438    30.5993 0.0000e+00
     12.000    -1.4552    -1.4565   2.462171   2.462347    405.207    401.820     0.1546     0.6500     0.3197    340.409   78.83160   -9.50476  14.070886    30.6267    30.6304 0.0000e+00
     13.000    -1.4408    -1.4405   2.460713   2.460624    405.493    401.622     0.1542     0.7031     0.3215    341.418   78.83160   -9.50476  14.010349    30.5914    30.5899 0.0000e+00
     14.000    -1.4618    -1.4606   2.462351   2.462360    406.378    401.865     0.1535     0.7695     0.3227    342.441   78.83158   -9.50476  14.477700    30.6348    30.6336 0.0000e+00
     15.000    -1.4709    -1.4699   2.462784   2.462758    407.120    401.444     0.1525     0.8092     0.3217    343.474   78.83158   -9.50476  14.777212    30.6495    30.6481 0.0000e+00
     16.000    -1.4826    -1.4815   2.463006   2.462967    406.896    400.672     0.1513     0.8433     0.3232    344.497   78.83158   -9.50478  14.208583    30.6640    30.6623 0.0000e+00
     17.000    -1.4972    -1.4967   2.464394   2.464396    407.392    400.499     0.1502     0.8329     0.3252    345.515   78.83158   -9.50478  13.961032    30.6974    30.6969 0.0000e+00
     18.000    -1.4943    -1.4942   2.466689   2.466735    407.865    400.485     0.1499     0.8473     0.3255    346.542   78.83158   -9.50479  14.111703    30.7252    30.7257 0.0000e+00
     19.000    -1.4792    -1.4793   2.472459   2.472480    408.080    400.861     0.1503     0.8763     0.3258    347.567   78.83158   -9.50480  14.284662    30.7878    30.7882 0.0000e+00
     20.000    -1.4679    -1.4676   2.477883   2.477923    408.360    401.696     0.1516     0.9405     0.3245    348.586   78.83157   -9.50480  14.403230    30.8497    30.8499 0.0000e+00
     21.000    -1.4505    -1.4504   2.485240   2.485283    408.628    401.919     0.1535     0.9885     0.3243    349.599   78.83156   -9.50480  14.361666    30.9315    30.9320 0.0000e+00
     22.000    -1.4268    -1.4266   2.492895   2.492966    407.827    401.674     0.1559     0.9823     0.3241    350.594   78.83156   -9.50481  14.365414    31.0108    31.0117 0.0000e+00
     23.000    -1.4145    -1.4140   2.496626   2.496625    407.707    402.236     0.1582     0.9751     0.3215    351.591   78.83156   -9.50482  14.749325    31.0484    31.0479 0.0000e+00
     24.000    -1.4064    -1.4061   2.498844   2.498872    408.136    402.752     0.1603     0.9776     0.3196    352.615   78.83156   -9.50482  14.762182    31.0697    31.0697 0.0000e+00
     25.000    -1.3850    -1.3852   2.506524   2.506324    407.447    402.205     0.1620     1.0052     0.3165    353.643   78.83156   -9.50483  14.878557    31.1515    31.1491 0.0000e+00
     26.000    -1.3534    -1.3536   2.518264   2.518544    406.612    402.007     0.1632     1.0225     0.3164    354.672   78.83156   -9.50484  13.808301    31.2780    31.2821 0.0000e+00
     27.000    -1.2872    -1.2867   2.547391   2.547755    405.576    400.997     0.1640     1.1559     0.3209    355.693   78.83156   -9.50484  14.319949    31.6049    31.6093 0.0000e+00
     28.000    -1.2709    -1.2699   2.556064   2.556545    407.118    401.958     0.1643     1.1322     0.3263    356.711   78.83155   -9.50485  14.863694    31.7052    31.7107 0.0000e+00
     29.000    -1.2806    -1.2806   2.565783   2.566053    407.156    402.729     0.1645     1.1294     0.3298    357.738   78.83154   -9.50486  15.016151    31.8474    31.8512 0.0000e+00
     30.000    -1.2866    -1.2864   2.573354   2.573652    404.842    401.912     0.1644     1.1581     0.3324    358.758   78.83154   -9.50486  15.010893    31.9566    31.9604 0.0000e+00
     31.000    -1.2971    -1.2977   2.580219   2.580426    402.840    400.852     0.1644     1.0854     0.3325    359.769   78.83154   -9.50486  15.262933    32.0609    32.0644 0.0000e+00
     32.000    -1.3125    -1.3123   2.584281   2.584225    402.304    399.878     0.1644     1.2017     0.3276    360.780   78.83154   -9.50487  15.491623    32.1324    32.1314 0.0000e+00
     33.000    -1.3107    -1.3105   2.586023   2.586036    401.638    398.338     0.1646     1.3501     0.3254    361.793   78.83153   -9.50488  15.366517    32.1537    32.1536 0.0000e+00
     34.000    -1.3149    -1.3149   2.588795   2.589078    402.006    398.133     0.1650     1.3252     0.3311    362.804   78.83152   -9.50488  15.837185    32.1955    32.1994 0.0000e+00
     35.000    -1.3254    -1.3265   2.595989   2.595844    404.723    399.338     0.1654     1.0903     0.3308    363.813   78.83152   -9.50489  15.812806    32.3046    32.3038 0.0000e+00
     36.000    -1.5342    -1.5369   2.582076   2.581628    407.409    401.093     0.1657     0.7412     0.3154    364.824   78.83152   -9.50490  15.807156    32.3395    32.3363 0.0000e+00
     37.000    -1.5813    -1.5808   2.579779   2.579738    400.137    394.911     0.1660     0.4295     0.2920    365.841   78.83152   -9.50490  16.732928    32.3585    32.3574 0.0000e+00
     38.000    -1.5886    -1.5884   2.580808   2.580774    390.919    387.666     0.1662     0.2794     0.2696    366.864   78.83152   -9.50490  17.334284    32.3800    32.3793 0.0000e+00
     39.000    -1.5764    -1.5757   2.582876   2.583053    390.798    383.300     0.1664     0.2732     0.2455    367.886   78.83152   -9.50491  17.246030    32.3946    32.3963 0.0000e+00
     40.000    -1.4391    -1.4359   2.596005   2.596686    392.082    380.094     0.1666     0.2776     0.2232    368.906   78.83152   -9.50492  17.483948    32.4251    32.4310 0.0000e+00
     41.000    -1.3256    -1.3254   2.608819   2.609079    393.964    380.211     0.1668     0.5356     0.2091    369.923   78.83151   -9.50492  17.078169    32.4768    32.4800 0.0000e+00
     42.000    -1.2668    -1.2681   2.618920   2.618910    396.097    382.094     0.1669     1.0160     0.2193    370.942   78.83150   -9.50493  16.021704    32.5504    32.5516 0.0000e+00
     43.000    -1.2658    -1.2661   2.622061   2.622000    395.773    385.942     0.1670     1.2094     0.2542    371.961   78.83150   -9.50494  15.471530    32.5916    32.5910 0.0000e+00
     44.000    -1.2848    -1.2845   2.625249   2.625321    398.594    393.615     0.1671     1.2860     0.2834    372.967   78.83150   -9.50494  15.376894    32.6553    32.6559 0.0000e+00
     45.000    -1.3098    -1.3091   2.628566   2.628610    404.069    401.483     0.1671     1.2986     0.3020    373.976   78.83150   -9.50494  15.143927    32.7275    32.7273 0.0000e+00
     46.000    -1.3103    -1.3097   2.631723   2.631909    409.553    405.318     0.1671     1.3229     0.3123    374.991   78.83149   -9.50495  15.222982    32.7707    32.7726 0.0000e+00
     47.000    -1.2616    -1.2617   2.640972   2.640963    410.976    404.909     0.1670     1.3647     0.3216    376.000   78.83148   -9.50496  15.474933    32.8432    32.8432 0.0000e+00
     48.000    -1.2285    -1.2287   2.650569   2.650985    412.459    404.034     0.1670     1.3626     0.3331    377.016   78.83148   -9.50496  15.203644    32.9374    32.9433 0.0000e+00
     49.000    -1.1845    -1.1857   2.658880   2.658579    411.372    402.186     0.1669     1.2730     0.3392    378.038   78.83148   -9.50498  15.209223    33.0020    32.9991 0.0000e+00
     50.000    -1.4074    -1.4032   2.644784   2.644608    412.494    403.810     0.1667     1.1087     0.3382    379.048   78.83148   -9.50498  15.417197    33.0545    33.0475 0.0000e+00
     51.000    -1.4727    -1.4719   2.641134   2.641210    404.163    398.772     0.1666     0.8520     0.3266    380.056   78.83148   -9.50498  15.303222    33.0762    33.0763 0.0000e+00
     52.000    -1.3586    -1.3623   2.656350   2.657056    392.314    390.993     0.1665     0.5766     0.3005    381.075   78.83148   -9.50500  17.064946    33.1579    33.1717 0.0000e+00
     53.000    -1.0577    -1.0666   2.689050   2.688546    388.209    382.402     0.1664     0.5076     0.2660    382.096   78.83148   -9.50500  17.218635    33.2709    33.2738 0.0000e+00
     54.000    -0.9344    -0.9289   2.700780   2.701659    392.594    378.444     0.1662     0.5386     0.2431    383.118   78.83146   -9.50500  16.553437    33.2931    33.2989 0.0000e+00
     55.000    -0.9579    -0.9493   2.705625   2.705936    391.707    377.988     0.1661     0.5684     0.2394    384.127   78.83146   -9.50500  15.843102    33.3843    33.3790 0.0000e+00
     56.000    -1.1501    -1.1472   2.694761   2.694715    387.538    383.705     0.1659     0.5306     0.2431    385.135   78.83146   -9.50502  15.491732    33.4498    33.4459 0.0000e+00
     57.000    -1.1876    -1.1863   2.695107   2.695063    379.862    385.563     0.1657     0.4011     0.2404    386.164   78.83146   -9.50502  15.857660    33.4958    33.4937 0.0000e+00
     58.000    -1.2014    -1.2010   2.696838   2.696790    377.901    386.111     0.1655     0.3440     0.2331    387.189   78.83146   -9.50502  17.034632    33.5343    33.5332 0.0000e+00
     59.000    -1.2358    -1.2360   2.695140   2.694949    384.101    384.739     0.1653     0.2965     0.2245    388.208   78.83146   -9.50504  17.032682    33.5490    33.5466 0.0000e+00
     60.000    -1.2691    -1.2700   2.693906   2.693687    388.095    381.366     0.1651     0.2597     0.2137    389.224   78.83146   -9.50504  17.032682    33.5688    33.5668 0.0000e+00
     61.000    -1.3049    -1.3037   2.692840   2.692765    386.283    377.358     0.1649     0.2357     0.2060    390.250   78.83146   -9.50504  17.032682    33.5938    33.5914 0.0000e+00
     62.000    -1.3164    -1.3168   2.692542   2.692443    381.434    372.940     0.1646     0.2002     0.2013    391.282   78.83144   -9.50506  17.661044    33.6020    33.6010 0.0000e+00
     63.000    -1.3339    -1.3330   2.691871   2.691839    377.199    369.118     0.1644     0.1716     0.1960    392.302   78.83144   -9.50506  18.046370    33.6118    33.6103 0.0000e+00
     64.000    -1.3427    -1.3420   2.691402   2.691367    373.935    365.864     0.1641     0.1616     0.1889    393.322   78.83144   -9.50506  18.121098    33.6147    33.6134 0.0000e+00
     65.000    -1.3470    -1.3471   2.691203   2.691149    371.575    363.786     0.1638     0.1580     0.1859    394.337   78.83144   -9.50508  18.282779    33.6162    33.6155 0.0000e+00
     66.000    -1.3532    -1.3517   2.691031   2.691084    369.804    362.931     0.1635     0.1575     0.1851    395.360   78.83144   -9.50508  18.346966    33.6201    33.6192 0.0000e+00
     67.000    -1.3664    -1.3635   2.691408   2.691303    369.648    362.459     0.1632     0.1562     0.1827    396.378   78.83142   -9.50508  18.283068    33.6396    33.6348 0.0000e+00
     68.000    -1.3684    -1.3682   2.695570   2.695496    369.003    362.111     0.1629     0.1445     0.1800    397.396   78.83142   -9.50508  18.570509    33.6985    33.6972 0.0000e+00
     69.000    -1.3661    -1.3657   2.697814   2.697812    369.075    361.886     0.1626     0.1474     0.1785    398.414   78.83142   -9.50510  18.554164    33.7262    33.7257 0.0000e+00
     70.000    -1.3515    -1.3515   2.699363   2.699343    369.854    361.910     0.1623     0.1518     0.1771    399.431   78.83142   -9.50510  18.328568    33.7304    33.7301 0.0000e+00
     71.000    -1.3428    -1.3430   2.700608   2.700533    370.120    361.900     0.1620     0.1373     0.1753    400.457   78.83142   -9.50510  18.417069    33.7371    33.7363 0.0000e+00
     72.000    -1.3405    -1.3403   2.701282   2.701217    370.493    361.944     0.1616     0.1288     0.1743    401.482   78.83142   -9.50512  18.678258    33.7431    33.7420 0.0000e+00
     73.000    -1.3403    -1.3400   2.702021   2.701986    369.291    361.674     0.1613     0.1348     0.1736    402.501   78.83142   -9.50512  18.729913    33.7524    33.7516 0.0000e+00
     74.000    -1.3536    -1.3536   2.701223   2.701112    367.548    361.069     0.1610     0.1281     0.1727    403.514   78.83140   -9.50512  18.764279    33.7558    33.7543 0.0000e+00
     75.000    -1.3737    -1.3734   2.700064   2.699990    366.750    360.321     0.1608     0.1274     0.1729    404.533   78.83140   -9.50513  18.924938    33.7620    33.7606 0.0000e+00
     76.000    -1.3809    -1.3807   2.700541   2.700508    366.350    359.935     0.1605     0.1347     0.1723    405.558   78.83140   -9.50514  18.977390    33.7761    33.7754 0.0000e+00
     77.000    -1.3807    -1.3805   2.701188   2.701137    366.823    360.091     0.1602     0.1359     0.1714    406.578   78.83140   -9.50514  18.419232    33.7841    33.7832 0.0000e+00
     78.000    -1.3751    -1.3752   2.702375   2.702341    368.701    360.983     0.1599     0.1310     0.1712    407.592   78.83140   -9.50515  18.409543    33.7935    33.7932 0.0000e+00
     79.000    -1.3492    -1.3497   2.706886   2.706956    370.900    361.872     0.1596     0.1277     0.1713    408.608   78.83140   -9.50516  18.122993    33.8257    33.8272 0.0000e+00
     80.000    -1.2980    -1.2985   2.714044   2.714103    371.707    362.038     0.1593     0.1268     0.1713    409.628   78.83140   -9.50516  18.233769    33.8655    33.8668 0.0000e+00
     81.000    -1.2811    -1.2810   2.716437   2.716384    371.106    362.208     0.1590     0.1253     0.1699    410.647   78.83139   -9.50517  18.648700    33.8786    33.8777 0.0000e+00
     82.000    -1.2809    -1.2807   2.716775   2.716739    368.876    360.897     0.1586     0.1192     0.1682    411.665   78.83138   -9.50518  18.564475    33.8824    33.8817 0.0000e+00
     83.000    -1.2771    -1.2769   2.717428   2.717403    363.234    357.670     0.1581     0.1067     0.1685    412.680   78.83138   -9.50518  18.832137    33.8865    33.8858 0.0000e+00
     84.000    -1.2878    -1.2860   2.717057   2.717020    359.200    355.264     0.1576     0.1039     0.1661    413.698   78.83138   -9.50519  19.325339    33.8929    33.8902 0.0000e+00
     85.000    -1.3254    -1.3241   2.714865   2.714847    357.618    354.125     0.1570     0.1166     0.1657    414.718   78.83138   -9.50520  19.114467    33.9047    33.9029 0.0000e+00
     86.000    -1.3426    -1.3426   2.713694   2.713601    356.320    353.331     0.1564     0.1158     0.1649    415.741   78.83137   -9.50520  19.084911    33.9075    33.9063 0.0000e+00
     87.000    -1.3563    -1.3559   2.712726   2.712653    357.020    353.359     0.1557     0.1165     0.1648    416.751   78.83136   -9.50520  18.800022    33.9091    33.9077 0.0000e+00
