test_project/cnv_files/Sta0204_bin.cnv
* Sea-Bird SBE 9 Data File:
* FileName = C:\Seabird\CTDDATA\Sta0204.hex
* Software Version Seasave V 7.26.7.107
* Temperature SN = 03-4535
* Conductivity SN = 2860
* Number of Bytes Per Scan = 44
* Number of Voltage Words = 5
* Number of Scans Averaged by the Deck Unit = 1
* NMEA Latitude = 78 50.00 N
* NMEA Longitude = 006 29.99 W
* NMEA UTC (Time) = Sep 04 2019 23:49:48
* NMEA baud rate = 9600
** Ship: "Kronprins Haakon"
** Station: 0204
** Echodepth: 277
** Log: 5888.606
** Wind-Dir Force(m/s): 34 07
** Air-temp (dry): -1.2
** Weather Sky: 1 5
** Sea Ice: 1 4
** MP
# nquan = 17
# nvalues = 267                         
# units = specified
# name 0 = prDM: Pressure, Digiquartz [db]
# name 1 = t090C: Temperature [ITS-90, deg C]
# name 2 = t190C: Temperature, 2 [ITS-90, deg C]
# name 3 = c0S/m: Conductivity [S/m]
# name 4 = c1S/m: Conductivity, 2 [S/m]
# name 5 = sbox0Mm/Kg: Oxygen, SBE 43 [umol/kg]
# name 6 = sbox1Mm/Kg: Oxygen, SBE 43, 2 [umol/kg]
# name 7 = wetCDOM: Fluorescence, WET Labs CDOM [mg/m^3]
# name 8 = flECO-AFL: Fluorescence, WET Labs ECO-AFL/FL [mg/m^3]
# name 9 = CStarAt0: Beam Attenuation, WET Labs C-Star [1/m]
# name 10 = timeS: Time, Elapsed [seconds]
# name 11 = latitude: Latitude [deg]
# name 12 = longitude: Longitude [deg]
# name 13 = upoly0: Upoly 0, ISUS
# name 14 = sal00: Salinity, Practical [PSU]
# name 15 = sal11: Salinity, Practical, 2 [PSU]
# name 16 = flag: flag
# span 0 =      3.000,    269.000       
# span 1 =    -1.7026,     1.4577       
# span 2 =    -1.7024,     1.4568       
# span 3 =   2.424024,   3.029388       
# span 4 =   2.423858,   3.029219       
# span 5 =    308.599,    437.709       
# span 6 =    305.816,    424.926       
# span 7 =     0.1195,     0.1752       
# span 8 =     0.0038,     1.3784       
# span 9 =     0.1414,     0.3541       
# span 10 =    389.176,    725.439      
# span 11 =   78.83340,   78.83342      
# span 12 =   -6.50000,   -6.49996      
# span 13 =  9.3131706,  22.264940      
# span 14 =    29.9059,    34.8328      
# span 15 =    29.9041,    34.8316      
# span 16 = 0.0000e+00, 0.0000e+00      
# interval = decibars: 1                
# start_time = Sep 04 2019 23:49:48 [NMEA time, header]
# bad_flag = -9.990e-29
*END*
[from data line 171]
    174.000    -0.2901    -0.2912   2.839578   2.839445    321.436    322.113     0.1360     0.0463     0.1490    620.723   78.83342   -6.49998  19.358270    34.3689    34.3683 0.0000e+00
    175.000    -0.2630    -0.2628   2.842323   2.842247    323.016    321.505     0.1360     0.0463     0.1487    621.760   78.83342   -6.49998  19.412818    34.3743    34.3731 0.0000e+00
    176.000    -0.2466    -0.2469   2.844008   2.843900    323.974    321.478     0.1359     0.0463     0.1480    622.799   78.83342   -6.49998  19.599102    34.3776    34.3766 0.0000e+00
    177.000    -0.1939    -0.1960   2.849356   2.849188    322.880    320.824     0.1359     0.0442     0.1475    623.832   78.83342   -6.49998  20.009036    34.3889    34.3891 0.0000e+00
    178.000    -0.1691    -0.1694   2.851949   2.851832    323.062    320.444     0.1358     0.0372     0.1475    624.871   78.83342   -6.49998  19.831537    34.3950    34.3937 0.0000e+00
    179.000    -0.1349    -0.1367   2.855431   2.855306    323.335    320.007     0.1358     0.0329     0.1476    625.901   78.83342   -6.49998  19.747234    34.4022    34.4025 0.0000e+00
    180.000    -0.0584    -0.0596   2.863218   2.863089    321.337    318.793     0.1358     0.0397     0.1471    626.928   78.83342   -6.49998  19.721168    34.4189    34.4186 0.0000e+00
    181.000    -0.0225    -0.0235   2.866934   2.866793    321.226    318.879     0.1358     0.0453     0.1471    627.962   78.83342   -6.49998  20.057429    34.4273    34.4265 0.0000e+00
    182.000     0.0131     0.0122   2.870636   2.870504    320.883    318.368     0.1357     0.0390     0.1469    628.991   78.83342   -6.49998  20.492457    34.4356    34.4349 0.0000e+00
    183.000     0.0868     0.0839   2.878199   2.878022    318.510    317.525     0.1357     0.0331     0.1466    630.029   78.83342   -6.49998  20.290589    34.4522    34.4532 0.0000e+00
    184.000     0.1490     0.1487   2.884657   2.884516    317.597    317.423     0.1357     0.0448     0.1468    631.066   78.83342   -6.49998  19.802987    34.4672    34.4657 0.0000e+00
    185.000     0.1719     0.1720   2.887058   2.886968    318.901    317.426     0.1356     0.0520     0.1462    632.101   78.83342   -6.49998  19.699628    34.4725    34.4712 0.0000e+00
    186.000     0.1815     0.1811   2.888063   2.887885    318.264    317.317     0.1355     0.0359     0.1464    633.140   78.83342   -6.49998  19.823888    34.4744    34.4725 0.0000e+00
    187.000     0.2044     0.2033   2.890378   2.890212    316.598    317.050     0.1354     0.0317     0.1465    634.178   78.83342   -6.49998  19.524718    34.4786    34.4777 0.0000e+00
    188.000     0.2280     0.2281   2.892807   2.892714    316.298    316.806     0.1353     0.0418     0.1466    635.208   78.83342   -6.49998  19.695757    34.4835    34.4822 0.0000e+00
    189.000     0.3098     0.2946   2.901133   2.899748    317.198    316.238     0.1352     0.0463     0.1483    636.232   78.83342   -6.49998  19.544098    34.5007    34.4995 0.0000e+00
    190.000     0.3520     0.3532   2.905636   2.905588    318.803    316.323     0.1350     0.0422     0.1489    637.251   78.83342   -6.49998  19.422893    34.5119    34.5100 0.0000e+00
    191.000     0.3495     0.3513   2.905458   2.905492    320.912    317.589     0.1348     0.0426     0.1486    638.273   78.83342   -6.49998  19.720520    34.5119    34.5103 0.0000e+00
    192.000     0.4027     0.4026   2.910904   2.910839    318.972    316.937     0.1347     0.0431     0.1488    639.303   78.83342   -6.49998  20.066386    34.5231    34.5223 0.0000e+00
    193.000     0.4328     0.4312   2.914013   2.913769    317.276    316.476     0.1344     0.0360     0.1588    640.336   78.83342   -6.49998  19.387408    34.5295    34.5282 0.0000e+00
    194.000     0.4542     0.4539   2.916240   2.916059    318.097    316.248     0.1342     0.0367     0.1568    641.373   78.83342   -6.49998  19.395218    34.5341    34.5321 0.0000e+00
    195.000     0.4680     0.4677   2.917671   2.917559    318.269    316.061     0.1340     0.0459     0.1483    642.410   78.83342   -6.49998  19.404001    34.5369    34.5357 0.0000e+00
    196.000     0.5082     0.5084   2.921924   2.921856    317.164    315.224     0.1337     0.0445     0.1485    643.451   78.83342   -6.49998  19.967406    34.5468    34.5458 0.0000e+00
    197.000     0.5378     0.5345   2.925055   2.924654    317.623    315.499     0.1335     0.0407     0.1483    644.489   78.83342   -6.49998  19.580754    34.5541    34.5526 0.0000e+00
    198.000     0.5874     0.5852   2.930260   2.930001    318.108    315.244     0.1332     0.0462     0.1486    645.519   78.83342   -6.49998  19.206654    34.5660    34.5650 0.0000e+00
    199.000     0.6451     0.6441   2.936340   2.936167    317.849    315.286     0.1330     0.0454     0.1486    646.541   78.83342   -6.49998  19.438420    34.5801    34.5789 0.0000e+00
    200.000     0.6644     0.6641   2.938587   2.938432    318.302    315.608     0.1327     0.0394     0.1486    647.552   78.83342   -6.49998  19.871481    34.5872    34.5855 0.0000e+00
    201.000     0.6865     0.6872   2.941053   2.941007    317.221    315.085     0.1324     0.0392     0.1486    648.567   78.83342   -6.49998  19.996204    34.5941    34.5927 0.0000e+00
    202.000     0.6956     0.6954   2.942096   2.941891    315.601    314.549     0.1321     0.0449     0.1482    649.578   78.83342   -6.49998  19.789506    34.5968    34.5944 0.0000e+00
    203.000     0.7024     0.7022   2.942885   2.942714    315.154    314.253     0.1318     0.0344     0.1480    650.598   78.83342   -6.49998  20.208842    34.5989    34.5969 0.0000e+00
    204.000     0.7057     0.7058   2.943305   2.943149    314.610    313.355     0.1316     0.0316     0.1477    651.631   78.83342   -6.49998  19.890973    34.6001    34.5980 0.0000e+00
    205.000     0.7131     0.7134   2.944216   2.944085    315.157    312.937     0.1313     0.0316     0.1470    652.674   78.83342   -6.49998  20.543029    34.6030    34.6011 0.0000e+00
    206.000     0.7264     0.7269   2.945795   2.945730    315.195    312.708     0.1310     0.0316     0.1460    653.736   78.83342   -6.49998  20.399188    34.6082    34.6068 0.0000e+00
    207.000     0.7428     0.7426   2.947752   2.947632    316.170    312.670     0.1307     0.0316     0.1464    654.798   78.83342   -6.49998  20.330410    34.6147    34.6133 0.0000e+00
    208.000     0.7626     0.7624   2.950120   2.949993    316.444    312.344     0.1304     0.0316     0.1456    655.853   78.83342   -6.49998  20.329827    34.6227    34.6213 0.0000e+00
    209.000     0.7833     0.7831   2.952466   2.952342    315.880    311.929     0.1302     0.0271     0.1453    656.898   78.83342   -6.49998  20.275043    34.6295    34.6281 0.0000e+00
    210.000     0.8108     0.8099   2.955500   2.955305    315.298    311.422     0.1299     0.0282     0.1464    657.925   78.83342   -6.49998  20.398848    34.6375    34.6361 0.0000e+00
    211.000     0.8378     0.8373   2.958498   2.958333    314.698    310.702     0.1296     0.0316     0.1445    658.945   78.83342   -6.49998  20.686830    34.6457    34.6442 0.0000e+00
    212.000     0.8500     0.8502   2.959937   2.959820    314.005    310.514     0.1293     0.0316     0.1449    659.951   78.83342   -6.49998  20.834944    34.6501    34.6484 0.0000e+00
    213.000     0.8630     0.8633   2.961481   2.961376    313.538    310.530     0.1290     0.0292     0.1443    660.959   78.83342   -6.49998  20.278621    34.6550    34.6534 0.0000e+00
    214.000     0.8914     0.8906   2.964551   2.964405    313.243    310.188     0.1288     0.0225     0.1438    661.975   78.83342   -6.49997  20.958512    34.6625    34.6615 0.0000e+00
    215.000     0.9101     0.9107   2.966618   2.966553    313.087    310.167     0.1285     0.0155     0.1435    663.001   78.83342   -6.49996  20.486064    34.6678    34.6662 0.0000e+00
    216.000     0.9148     0.9149   2.967184   2.967060    313.046    309.553     0.1282     0.0135     0.1425    664.044   78.83340   -6.49996  21.129030    34.6693    34.6675 0.0000e+00
    217.000     0.9212     0.9218   2.967909   2.967832    312.451    309.180     0.1279     0.0292     0.1422    665.094   78.83340   -6.49996  21.373644    34.6710    34.6693 0.0000e+00
    218.000     0.9304     0.9304   2.968935   2.968820    311.838    309.102     0.1277     0.0175     0.1423    666.147   78.83340   -6.49996  21.232592    34.6733    34.6718 0.0000e+00
    219.000     0.9413     0.9419   2.970161   2.970090    311.805    308.856     0.1274     0.0170     0.1418    667.198   78.83340   -6.49996  21.134833    34.6765    34.6749 0.0000e+00
    220.000     0.9512     0.9513   2.971277   2.971164    312.701    309.047     0.1272     0.0175     0.1419    668.248   78.83340   -6.49996  21.308416    34.6792    34.6776 0.0000e+00
    221.000     0.9613     0.9615   2.972422   2.972314    313.032    309.234     0.1269     0.0237     0.1417    669.283   78.83340   -6.49996  21.441651    34.6822    34.6806 0.0000e+00
    222.000     0.9740     0.9740   2.973949   2.973827    313.270    309.153     0.1267     0.0243     0.1414    670.313   78.83340   -6.49996  21.066820    34.6871    34.6856 0.0000e+00
    223.000     0.9951     0.9952   2.976677   2.976572    313.351    308.989     0.1264     0.0240     0.1422    671.335   78.83340   -6.49996  21.370249    34.6982    34.6968 0.0000e+00
    224.000     1.0005     1.0013   2.977722   2.977636    314.008    309.143     0.1262     0.0243     0.1424    672.358   78.83340   -6.49996  21.488574    34.7051    34.7031 0.0000e+00
    225.000     0.9912     0.9918   2.977254   2.977145    314.092    309.749     0.1259     0.0242     0.1426    673.384   78.83340   -6.49996  21.680769    34.7089    34.7068 0.0000e+00
    226.000     0.9824     0.9831   2.976865   2.976752    313.169    308.903     0.1257     0.0192     0.1425    674.405   78.83340   -6.49996  21.180298    34.7130    34.7109 0.0000e+00
    227.000     0.9800     0.9798   2.977588   2.977462    312.565    308.284     0.1255     0.0170     0.1437    675.427   78.83340   -6.49996  21.125652    34.7245    34.7231 0.0000e+00
    228.000     1.0469     1.0447   2.984941   2.984813    311.389    307.278     0.1253     0.0208     0.1453    676.456   78.83340   -6.49996  21.055309    34.7441    34.7449 0.0000e+00
    229.000     1.1022     1.1024   2.990682   2.990625    312.142    307.012     0.1250     0.0240     0.1470    677.509   78.83340   -6.49996  21.057974    34.7558    34.7548 0.0000e+00
    230.000     1.1110     1.1117   2.991935   2.991846    312.797    306.809     0.1248     0.0170     0.1487    678.571   78.83340   -6.49996  21.674232    34.7615    34.7596 0.0000e+00
    231.000     1.1099     1.1103   2.991937   2.991856    311.451    306.180     0.1246     0.0163     0.1509    679.614   78.83340   -6.49996  22.096744    34.7622    34.7607 0.0000e+00
    232.000     1.1110     1.1116   2.992273   2.992208    308.987    306.099     0.1244     0.0240     0.1529    680.656   78.83340   -6.49996  22.060794    34.7647    34.7632 0.0000e+00
    233.000     1.1201     1.1202   2.993595   2.993525    308.599    306.089     0.1243     0.0214     0.1559    681.690   78.83340   -6.49996  21.732654    34.7710    34.7700 0.0000e+00
    234.000     1.1387     1.1405   2.995842   2.995919    309.770    305.963     0.1241     0.0170     0.1596    682.727   78.83340   -6.49996  22.209034    34.7786    34.7776 0.0000e+00
    235.000     1.1489     1.1516   2.996996   2.997191    310.380    305.816     0.1239     0.0151     0.1631    683.755   78.83340   -6.49996  21.716656    34.7815    34.7810 0.0000e+00
    236.000     1.1575     1.1589   2.997973   2.998014    311.133    306.088     0.1237     0.0111     0.1658    684.777   78.83340   -6.49996  22.181797    34.7838    34.7827 0.0000e+00
    237.000     1.1660     1.1682   2.998916   2.999041    310.860    306.378     0.1236     0.0177     0.1677    685.794   78.83340   -6.49996  21.840489    34.7859    34.7850 0.0000e+00
    238.000     1.1954     1.1953   3.002046   3.001955    310.516    306.211     0.1234     0.0232     0.1700    686.807   78.83340   -6.49996  21.884425    34.7927    34.7917 0.0000e+00
    239.000     1.2076     1.2083   3.003568   3.003469    311.203    306.538     0.1233     0.0169     0.1717    687.832   78.83340   -6.49996  22.218022    34.7981    34.7961 0.0000e+00
    240.000     1.2036     1.2040   3.003319   3.003225    311.536    307.018     0.1231     0.0105     0.1760    688.860   78.83340   -6.49996  21.398699    34.7988    34.7971 0.0000e+00
    241.000     1.2059     1.2066   3.003602   3.003523    311.305    307.040     0.1229     0.0215     0.1784    689.896   78.83340   -6.49996  22.264940    34.7993    34.7975 0.0000e+00
    242.000     1.2064     1.2070   3.003694   3.003624    311.247    306.887     0.1227     0.0121     0.1820    690.935   78.83340   -6.49996  21.238438    34.7993    34.7977 0.0000e+00
    243.000     1.2055     1.2060   3.003671   3.003587    311.547    306.812     0.1224     0.0155     0.1868    691.974   78.83340   -6.49996  21.692258    34.7995    34.7978 0.0000e+00
    244.000     1.2034     1.2045   3.003530   3.003515    311.960    306.979     0.1221     0.0169     0.1900    693.018   78.83340   -6.49996  21.748173    34.7993    34.7980 0.0000e+00
    245.000     1.2052     1.2058   3.003736   3.003685    311.883    306.670     0.1219     0.0068     0.1928    694.051   78.83340   -6.49996  21.578861    34.7995    34.7981 0.0000e+00
    246.000     1.2090     1.2091   3.004163   3.004047    312.112    306.581     0.1216     0.0068     0.1951    695.071   78.83340   -6.49996  21.522145    34.8001    34.7984 0.0000e+00
    247.000     1.2157     1.2159   3.004885   3.004791    312.356    306.669     0.1214     0.0056     0.1969    696.086   78.83340   -6.49998  21.567641    34.8012    34.7999 0.0000e+00
    248.000     1.2172     1.2188   3.005083   3.005107    312.415    306.710     0.1213     0.0096     0.1984    697.098   78.83340   -6.49998  21.427235    34.8016    34.8001 0.0000e+00
    249.000     1.2169     1.2181   3.005102   3.005089    312.238    306.762     0.1213     0.0201     0.1994    698.122   78.83340   -6.49998  21.125943    34.8016    34.8001 0.0000e+00
    250.000     1.2166     1.2172   3.005112   3.005046    312.312    306.741     0.1213     0.0215     0.2005    699.148   78.83340   -6.49998  21.714291    34.8015    34.8000 0.0000e+00
    251.000     1.2160     1.2168   3.005106   3.005059    312.583    306.660     0.1214     0.0170     0.2010    700.180   78.83340   -6.49998  21.834748    34.8014    34.7999 0.0000e+00
    252.000     1.2249     1.2280   3.006054   3.006239    312.535    306.740     0.1214     0.0148     0.2024    701.219   78.83340   -6.49998  21.386237    34.8031    34.8021 0.0000e+00
    253.000     1.2438     1.2447   3.007948   3.007994    312.694    306.774     0.1213     0.0112     0.2033    702.266   78.83340   -6.49998  21.569356    34.8058    34.8053 0.0000e+00
    254.000     1.2717     1.2720   3.010708   3.010619    312.632    306.719     0.1211     0.0156     0.2031    703.308   78.83340   -6.49998  21.669039    34.8095    34.8080 0.0000e+00
    255.000     1.2819     1.2817   3.011741   3.011638    313.441    307.377     0.1209     0.0097     0.2033    704.339   78.83340   -6.49998  21.553651    34.8108    34.8098 0.0000e+00
    256.000     1.3408     1.3318   3.017489   3.016688    312.637    307.132     0.1207     0.0091     0.2049    705.357   78.83340   -6.49998  21.449216    34.8183    34.8180 0.0000e+00
    257.000     1.3814     1.3807   3.021485   3.021302    312.434    307.055     0.1206     0.0038     0.2068    706.372   78.83340   -6.49998  21.504543    34.8236    34.8221 0.0000e+00
