test_project/cnv_files/Sta0214_bin.cnv
* Sea-Bird SBE 9 Data File:
* FileName = C:\Seabird\CTDDATA\Sta0214.hex
* Software Version Seasave V 7.26.7.107
* Temperature SN = 03-4535
* Conductivity SN = 2860
* Number of Bytes Per Scan = 44
* Number of Voltage Words = 5
* Number of Scans Averaged by the Deck Unit = 1
* NMEA Latitude = 78 50.00 N
* NMEA Longitude = 010 59.97 W
* NMEA UTC (Time) = Sep 05 2019 22:21:07
* NMEA baud rate = 9600
** Ship: "Kronprins Haakon"
** Station: 0214
** Echodepth: 327
** Log: 5943.854
** Wind-Dir Force(m/s): 01 12
** Air-temp (dry): -1.1
** Weather Sky: 1 6
** Sea Ice: 1 4
# nquan = 17
# nvalues = 315                         
# units = specified
# name 0 = prDM: Pressure, Digiquartz [db]
# name 1 = t090C: Temperature [ITS-90, deg C]
# name 2 = t190C: Temperature, 2 [ITS-90, deg C]
# name 3 = c0S/m: Conductivity [S/m]
# name 4 = c1S/m: Conductivity, 2 [S/m]
# name 5 = sbox0Mm/Kg: Oxygen, SBE 43 [umol/kg]
# name 6 = sbox1Mm/Kg: Oxygen, SBE 43, 2 [umol/kg]
# name 7 = wetCDOM: Fluorescence, WET Labs CDOM [mg/m^3]
# name 8 = flECO-AFL: Fluorescence, WET Labs ECO-AFL/FL [mg/m^3]
# name 9 = CStarAt0: Beam Attenuation, WET Labs C-Star [1/m]
# name 10 = timeS: Time, Elapsed [seconds]
# name 11 = latitude: Latitude [deg]
# name 12 = longitude: Longitude [deg]
# name 13 = upoly0: Upoly 0, ISUS
# name 14 = sal00: Salinity, Practical [PSU]
# name 15 = sal11: Salinity, Practical, 2 [PSU]
# name 16 = flag: flag
# span 0 =      2.000,    316.000       
# span 1 =    -1.7132,     1.2584       
# span 2 =    -1.7135,     1.2574       
# span 3 =   2.447466,   3.012457       
# span 4 =   2.447321,   3.012344       
# span 5 =    301.716,    428.998       
# span 6 =    297.753,    424.962       
# span 7 =     0.1177,     0.1793       
# span 8 =     0.0020,     0.8844       
# span 9 =     0.1501,     0.4336       
# span 10 =    234.001,    560.437      
# span 11 =   78.83334,   78.83336      
# span 12 =  -10.99966,  -10.99958      
# span 13 =  13.987288,  26.292937      
# span 14 =    30.0989,    34.8105      
# span 15 =    30.1012,    34.8102      
# span 16 = 0.0000e+00, 0.0000e+00      
# interval = decibars: 1                
# start_time = Sep 05 2019 22:21:07 [NMEA time, header]
# bad_flag = -9.990e-29
*END*
[from data line 171]
    173.000    -0.1928    -0.1941   2.848953   2.848764    319.488    318.974     0.1352     0.0119     0.1556    414.375   78.83334  -10.99960  24.079253    34.3848    34.3838 0.0000e+00
    174.000    -0.1741    -0.1749   2.850929   2.850786    318.114    318.327     0.1352     0.0237     0.1554    415.411   78.83334  -10.99960  24.088223    34.3894    34.3884 0.0000e+00
    175.000    -0.1695    -0.1703   2.851535   2.851357    315.954    316.994     0.1352     0.0276     0.1551    416.453   78.83334  -10.99960  24.312929    34.3917    34.3902 0.0000e+00
    176.000    -0.1547    -0.1549   2.853212   2.853140    314.385    315.668     0.1353     0.0220     0.1552    417.498   78.83334  -10.99958  24.315330    34.3967    34.3960 0.0000e+00
    177.000    -0.1396    -0.1415   2.854748   2.854502    314.440    315.155     0.1353     0.0227     0.1551    418.544   78.83334  -10.99958  24.312761    34.3995    34.3984 0.0000e+00
    178.000    -0.1081    -0.1123   2.857847   2.857428    315.195    314.843     0.1354     0.0232     0.1546    419.590   78.83334  -10.99958  24.333431    34.4047    34.4039 0.0000e+00
    179.000    -0.0800    -0.0821   2.860679   2.860462    315.841    314.825     0.1354     0.0229     0.1540    420.621   78.83334  -10.99958  24.241377    34.4101    34.4095 0.0000e+00
    180.000    -0.0646    -0.0649   2.862288   2.862150    316.676    314.864     0.1355     0.0219     0.1541    421.647   78.83334  -10.99958  24.078618    34.4135    34.4120 0.0000e+00
    181.000    -0.0644    -0.0639   2.862404   2.862331    316.613    314.761     0.1355     0.0232     0.1552    422.669   78.83334  -10.99958  24.378163    34.4142    34.4128 0.0000e+00
    182.000    -0.0674    -0.0668   2.862380   2.862312    315.134    314.513     0.1355     0.0232     0.1549    423.696   78.83334  -10.99958  24.424114    34.4167    34.4151 0.0000e+00
    183.000    -0.0431    -0.0463   2.864946   2.864779    314.135    313.617     0.1355     0.0232     0.1550    424.721   78.83334  -10.99958  24.266413    34.4228    34.4242 0.0000e+00
    184.000     0.0184     0.0163   2.870901   2.870718    314.274    312.786     0.1355     0.0148     0.1547    425.744   78.83334  -10.99958  24.480926    34.4320    34.4319 0.0000e+00
    185.000     0.0536     0.0526   2.874568   2.874427    315.870    313.512     0.1355     0.0263     0.1550    426.770   78.83334  -10.99958  24.227512    34.4404    34.4396 0.0000e+00
    186.000     0.0615     0.0607   2.875770   2.875621    317.005    313.847     0.1354     0.0231     0.1552    427.799   78.83334  -10.99958  24.022746    34.4468    34.4457 0.0000e+00
    187.000     0.1273     0.1232   2.882766   2.882513    314.440    312.561     0.1354     0.0094     0.1550    428.827   78.83334  -10.99958  24.441115    34.4647    34.4660 0.0000e+00
    188.000     0.1658     0.1655   2.886897   2.886780    312.431    311.712     0.1353     0.0096     0.1550    429.858   78.83334  -10.99958  24.862224    34.4754    34.4743 0.0000e+00
    189.000     0.1815     0.1810   2.888569   2.888460    312.710    311.860     0.1352     0.0096     0.1556    430.882   78.83334  -10.99958  24.671942    34.4793    34.4784 0.0000e+00
    190.000     0.2405     0.2368   2.894482   2.894305    311.248    310.780     0.1351     0.0125     0.1558    431.910   78.83334  -10.99958  24.434732    34.4903    34.4921 0.0000e+00
    191.000     0.3037     0.3010   2.901108   2.900817    309.586    309.654     0.1350     0.0200     0.1561    432.941   78.83334  -10.99958  24.312908    34.5060    34.5052 0.0000e+00
    192.000     0.3195     0.3190   2.902812   2.902692    310.512    309.886     0.1348     0.0159     0.1561    433.976   78.83334  -10.99958  24.646483    34.5101    34.5091 0.0000e+00
    193.000     0.3250     0.3247   2.903472   2.903326    309.615    309.233     0.1347     0.0203     0.1570    435.019   78.83334  -10.99958  24.615055    34.5120    34.5104 0.0000e+00
    194.000     0.3363     0.3345   2.905057   2.904891    307.028    307.973     0.1345     0.0114     0.1579    436.056   78.83334  -10.99958  25.112530    34.5195    34.5194 0.0000e+00
    195.000     0.3994     0.3969   2.911846   2.911644    305.948    306.418     0.1343     0.0217     0.1580    437.095   78.83334  -10.99958  25.263494    34.5374    34.5375 0.0000e+00
    196.000     0.4150     0.4147   2.913592   2.913467    307.128    306.597     0.1341     0.0164     0.1589    438.129   78.83334  -10.99958  25.116571    34.5422    34.5409 0.0000e+00
    197.000     0.4270     0.4271   2.914939   2.914849    308.437    306.570     0.1339     0.0230     0.1594    439.155   78.83334  -10.99958  24.977983    34.5457    34.5444 0.0000e+00
    198.000     0.4416     0.4397   2.916597   2.916407    307.038    305.808     0.1337     0.0169     0.1595    440.175   78.83334  -10.99958  24.888433    34.5505    34.5501 0.0000e+00
    199.000     0.4859     0.4845   2.921440   2.921242    305.410    304.923     0.1334     0.0148     0.1604    441.193   78.83334  -10.99958  24.884742    34.5637    34.5627 0.0000e+00
    200.000     0.5051     0.5042   2.923665   2.923509    305.817    305.004     0.1331     0.0149     0.1607    442.210   78.83334  -10.99958  24.850360    34.5706    34.5697 0.0000e+00
    201.000     0.5239     0.5234   2.925848   2.925724    306.229    304.828     0.1329     0.0245     0.1620    443.235   78.83334  -10.99958  25.579891    34.5776    34.5765 0.0000e+00
    202.000     0.5333     0.5315   2.926898   2.926640    305.340    304.127     0.1326     0.0207     0.1619    444.267   78.83334  -10.99958  25.461588    34.5801    34.5788 0.0000e+00
    203.000     0.5406     0.5404   2.927745   2.927616    304.833    303.325     0.1322     0.0150     0.1631    445.305   78.83334  -10.99958  25.638642    34.5825    34.5810 0.0000e+00
    204.000     0.5438     0.5435   2.928149   2.928030    304.294    303.177     0.1319     0.0158     0.1637    446.347   78.83334  -10.99958  24.999164    34.5835    34.5824 0.0000e+00
    205.000     0.5496     0.5493   2.928813   2.928690    304.311    302.911     0.1316     0.0197     0.1639    447.391   78.83334  -10.99958  25.025218    34.5852    34.5839 0.0000e+00
    206.000     0.5527     0.5526   2.929202   2.929078    304.128    302.716     0.1313     0.0231     0.1646    448.435   78.83334  -10.99958  25.344695    34.5862    34.5847 0.0000e+00
    207.000     0.5535     0.5535   2.929363   2.929242    304.700    302.722     0.1309     0.0174     0.1658    449.467   78.83334  -10.99958  25.127917    34.5868    34.5852 0.0000e+00
    208.000     0.5560     0.5560   2.929709   2.929604    304.668    302.770     0.1306     0.0113     0.1679    450.494   78.83334  -10.99958  25.178840    34.5879    34.5865 0.0000e+00
    209.000     0.5588     0.5594   2.930069   2.930066    305.202    302.963     0.1303     0.0194     0.1659    451.513   78.83334  -10.99958  24.957349    34.5889    34.5882 0.0000e+00
    210.000     0.5696     0.5691   2.931339   2.931205    305.706    302.450     0.1299     0.0277     0.1660    452.534   78.83334  -10.99958  25.201129    34.5928    34.5916 0.0000e+00
    211.000     0.5748     0.5745   2.932157   2.932034    305.837    302.280     0.1296     0.0233     0.1665    453.554   78.83334  -10.99958  25.213333    34.5970    34.5958 0.0000e+00
    212.000     0.5846     0.5842   2.933385   2.933282    305.514    302.417     0.1292     0.0215     0.1669    454.575   78.83334  -10.99958  25.585653    34.6015    34.6006 0.0000e+00
    213.000     0.5928     0.5928   2.934461   2.934395    305.537    302.604     0.1289     0.0105     0.1675    455.603   78.83334  -10.99958  25.252024    34.6057    34.6049 0.0000e+00
    214.000     0.6006     0.6002   2.935471   2.935338    305.791    302.640     0.1286     0.0146     0.1679    456.635   78.83334  -10.99958  24.691949    34.6096    34.6083 0.0000e+00
    215.000     0.6090     0.6087   2.936458   2.936416    306.064    302.815     0.1283     0.0217     0.1687    457.673   78.83334  -10.99958  24.767796    34.6125    34.6123 0.0000e+00
    216.000     0.6376     0.6368   2.939574   2.939456    306.027    303.233     0.1280     0.0118     0.1693    458.709   78.83334  -10.99958  25.551948    34.6205    34.6198 0.0000e+00
    217.000     0.6448     0.6445   2.940376   2.940244    306.621    303.457     0.1278     0.0156     0.1702    459.741   78.83334  -10.99958  26.008669    34.6222    34.6210 0.0000e+00
    218.000     0.6536     0.6527   2.941332   2.941178    306.798    303.488     0.1275     0.0214     0.1711    460.776   78.83334  -10.99958  25.656196    34.6243    34.6233 0.0000e+00
    219.000     0.6711     0.6703   2.943213   2.943089    306.162    302.859     0.1273     0.0131     0.1730    461.829   78.83334  -10.99958  25.818713    34.6286    34.6279 0.0000e+00
    220.000     0.6820     0.6816   2.944413   2.944287    305.321    302.160     0.1271     0.0192     0.1739    462.882   78.83334  -10.99958  25.386182    34.6315    34.6302 0.0000e+00
    221.000     0.6855     0.6855   2.944829   2.944736    304.752    301.708     0.1270     0.0088     0.1747    463.919   78.83334  -10.99958  25.408276    34.6323    34.6311 0.0000e+00
    222.000     0.6893     0.6889   2.945265   2.945134    303.806    300.959     0.1268     0.0148     0.1762    464.951   78.83334  -10.99958  25.585786    34.6332    34.6319 0.0000e+00
    223.000     0.6955     0.6951   2.945966   2.945848    302.617    300.103     0.1267     0.0152     0.1795    465.982   78.83334  -10.99958  25.659931    34.6348    34.6337 0.0000e+00
    224.000     0.7020     0.7020   2.946719   2.946629    302.260    299.576     0.1266     0.0095     0.1795    467.016   78.83334  -10.99958  25.659759    34.6367    34.6356 0.0000e+00
    225.000     0.7038     0.7039   2.946970   2.946883    302.504    299.686     0.1265     0.0096     0.1795    468.045   78.83334  -10.99958  25.906484    34.6373    34.6361 0.0000e+00
    226.000     0.7042     0.7042   2.947049   2.946956    302.741    299.584     0.1264     0.0121     0.1810    469.068   78.83334  -10.99958  25.947522    34.6373    34.6362 0.0000e+00
    227.000     0.7038     0.7036   2.947053   2.946929    303.086    299.505     0.1264     0.0161     0.1816    470.087   78.83334  -10.99958  25.196720    34.6373    34.6359 0.0000e+00
    228.000     0.7036     0.7035   2.947060   2.946959    303.010    299.527     0.1264     0.0129     0.1835    471.103   78.83334  -10.99958  25.543103    34.6370    34.6358 0.0000e+00
    229.000     0.7053     0.7050   2.947296   2.947184    302.826    299.510     0.1264     0.0096     0.1859    472.124   78.83334  -10.99958  25.346790    34.6376    34.6364 0.0000e+00
    230.000     0.7070     0.7066   2.947532   2.947401    302.759    299.262     0.1264     0.0105     0.1852    473.146   78.83334  -10.99958  25.924510    34.6381    34.6368 0.0000e+00
    231.000     0.7085     0.7084   2.947756   2.947657    302.755    299.249     0.1264     0.0156     0.1855    474.182   78.83334  -10.99958  26.024240    34.6388    34.6377 0.0000e+00
    232.000     0.7093     0.7094   2.947900   2.947831    302.970    299.149     0.1265     0.0109     0.1854    475.216   78.83334  -10.99958  25.760405    34.6391    34.6382 0.0000e+00
    233.000     0.7085     0.7085   2.947865   2.947768    303.503    299.585     0.1266     0.0225     0.1900    476.257   78.83334  -10.99958  25.653843    34.6390    34.6377 0.0000e+00
    234.000     0.7085     0.7083   2.947910   2.947790    303.419    299.624     0.1267     0.0170     0.2583    477.303   78.83334  -10.99958  25.550895    34.6390    34.6377 0.0000e+00
    235.000     0.7090     0.7088   2.948006   2.947901    302.986    299.446     0.1268     0.0102     0.1992    478.339   78.83334  -10.99958  25.207735    34.6391    34.6380 0.0000e+00
    236.000     0.7087     0.7086   2.948051   2.947953    302.975    299.266     0.1269     0.0097     0.1868    479.366   78.83334  -10.99958  25.216176    34.6394    34.6383 0.0000e+00
    237.000     0.7078     0.7080   2.948022   2.947957    303.108    299.464     0.1271     0.0148     0.1874    480.380   78.83334  -10.99958  25.245930    34.6394    34.6384 0.0000e+00
    238.000     0.7060     0.7068   2.947928   2.947912    303.272    299.266     0.1272     0.0167     0.1875    481.398   78.83334  -10.99958  25.275944    34.6397    34.6385 0.0000e+00
    239.000     0.7078     0.7077   2.948245   2.948172    303.283    299.119     0.1273     0.0120     0.1875    482.418   78.83334  -10.99958  25.559996    34.6412    34.6403 0.0000e+00
    240.000     0.7182     0.7174   2.949396   2.949276    303.841    299.386     0.1274     0.0096     0.1874    483.441   78.83336  -10.99958  25.772700    34.6439    34.6433 0.0000e+00
    241.000     0.7250     0.7248   2.950145   2.950073    304.342    299.426     0.1276     0.0096     0.1881    484.470   78.83336  -10.99958  25.780424    34.6454    34.6448 0.0000e+00
    242.000     0.7293     0.7292   2.950695   2.950613    304.698    299.954     0.1277     0.0096     0.1887    485.504   78.83336  -10.99958  25.518870    34.6472    34.6463 0.0000e+00
    243.000     0.7295     0.7296   2.950867   2.950785    304.320    299.937     0.1278     0.0126     0.1904    486.546   78.83336  -10.99958  25.215906    34.6487    34.6474 0.0000e+00
    244.000     0.7302     0.7302   2.951005   2.950925    303.932    299.348     0.1278     0.0194     0.1903    487.588   78.83336  -10.99958  25.195642    34.6490    34.6480 0.0000e+00
    245.000     0.7316     0.7315   2.951187   2.951108    303.228    299.248     0.1279     0.0242     0.1904    488.618   78.83336  -10.99958  25.393851    34.6493    34.6483 0.0000e+00
    246.000     0.7353     0.7351   2.951613   2.951540    302.914    299.614     0.1279     0.0201     0.1922    489.644   78.83336  -10.99958  25.686367    34.6501    34.6493 0.0000e+00
    247.000     0.7395     0.7393   2.952127   2.952047    303.174    299.340     0.1279     0.0097     0.1930    490.652   78.83336  -10.99958  25.007005    34.6515    34.6506 0.0000e+00
    248.000     0.7422     0.7420   2.952516   2.952437    303.076    299.384     0.1279     0.0105     0.1946    491.665   78.83336  -10.99958  24.986297    34.6529    34.6521 0.0000e+00
    249.000     0.7432     0.7431   2.952683   2.952629    302.840    299.478     0.1278     0.0164     0.1967    492.683   78.83336  -10.99958  25.136634    34.6533    34.6527 0.0000e+00
    250.000     0.7460     0.7461   2.953043   2.953008    302.738    299.411     0.1277     0.0167     0.1951    493.700   78.83336  -10.99958  25.175428    34.6543    34.6538 0.0000e+00
    251.000     0.7511     0.7514   2.953655   2.953649    303.137    299.142     0.1276     0.0157     0.1955    494.729   78.83336  -10.99958  25.455531    34.6560    34.6555 0.0000e+00
    252.000     0.7643     0.7637   2.955187   2.955091    303.557    298.962     0.1275     0.0163     0.1969    495.757   78.83336  -10.99958  25.715347    34.6605    34.6600 0.0000e+00
    253.000     0.7695     0.7693   2.955834   2.955775    303.887    299.260     0.1274     0.0161     0.1966    496.785   78.83336  -10.99958  25.607871    34.6625    34.6619 0.0000e+00
    254.000     0.7704     0.7704   2.955986   2.955938    303.522    299.728     0.1273     0.0113     0.1979    497.820   78.83336  -10.99958  25.528519    34.6628    34.6623 0.0000e+00
    255.000     0.7707     0.7711   2.956073   2.956062    303.069    299.373     0.1271     0.0144     0.1979    498.847   78.83336  -10.99958  26.292937    34.6630    34.6625 0.0000e+00
    256.000     0.7723     0.7724   2.956305   2.956237    302.946    298.879     0.1269     0.0118     0.1979    499.861   78.83336  -10.99958  25.982715    34.6637    34.6627 0.0000e+00
