test_project/cnv_files/Sta0213_bin.cnv
* Sea-Bird SBE 9 Data File:
* FileName = C:\Seabird\CTDDATA\Sta0213.hex
* Software Version Seasave V 7.26.7.107
* Temperature SN = 03-4535
* Conductivity SN = 2860
* Number of Bytes Per Scan = 44
* Number of Voltage Words = 5
* Number of Scans Averaged by the Deck Unit = 1
* NMEA Latitude = 78 49.98 N
* NMEA Longitude = 010 30.02 W
* NMEA UTC (Time) = Sep 05 2019 20:53:02
* NMEA baud rate = 9600
** Ship: "Kronprins Haakon"
** Station: 0213
** Echodepth: 371
** Log: 5937.892
** Wind-Dir Force(m/s): 01 09
** Air-temp (dry): -1.2
** Weather Sky: 2 5
** Sea Ice: 1 4
# nquan = 17
# nvalues = 363                         
# units = specified
# name 0 = prDM: Pressure, Digiquartz [db]
# name 1 = t090C: Temperature [ITS-90, deg C]
# name 2 = t190C: Temperature, 2 [ITS-90, deg C]
# name 3 = c0S/m: Conductivity [S/m]
# name 4 = c1S/m: Conductivity, 2 [S/m]
# name 5 = sbox0Mm/Kg: Oxygen, SBE 43 [umol/kg]
# name 6 = sbox1Mm/Kg: Oxygen, SBE 43, 2 [umol/kg]
# name 7 = wetCDOM: Fluorescence, WET Labs CDOM [mg/m^3]
# name 8 = flECO-AFL: Fluorescence, WET Labs ECO-AFL/FL [mg/m^3]
# name 9 = CStarAt0: Beam Attenuation, WET Labs C-Star [1/m]
# name 10 = timeS: Time, Elapsed [seconds]
# name 11 = latitude: Latitude [deg]
# name 12 = longitude: Longitude [deg]
# name 13 = upoly0: Upoly 0, ISUS
# name 14 = sal00: Salinity, Practical [PSU]
# name 15 = sal11: Salinity, Practical, 2 [PSU]
# name 16 = flag: flag
# span 0 =      2.000,    364.000       
# span 1 =    -1.7008,     1.2369       
# span 2 =    -1.7005,     1.2363       
# span 3 =   2.440420,   3.013259       
# span 4 =   2.440765,   3.013183       
# span 5 =    304.040,    419.914       
# span 6 =    298.469,    416.174       
# span 7 =     0.1170,     0.1784       
# span 8 =     0.0011,     0.9087       
# span 9 =     0.1498,     0.3319       
# span 10 =    380.169,    758.587      
# span 11 =   78.83234,   78.83264      
# span 12 =  -10.49946,  -10.49818      
# span 13 =  12.534783,  25.258103      
# span 14 =    30.1259,    34.8168      
# span 15 =    30.1320,    34.8165      
# span 16 = 0.0000e+00, 0.0000e+00      
# interval = decibars: 1                
# start_time = Sep 05 2019 20:53:02 [NMEA time, header]
# bad_flag = -9.990e-29
*END*
      2.000    -1.2534    -1.2529   2.442739   2.442524    396.784    396.626     0.1566     0.5936     0.3170    380.169   78.83264  -10.49946  12.534783    30.1626    30.1592 0.0000e+00
      3.000    -1.2558    -1.2542   2.443886   2.443698    397.636    396.687     0.1567     0.5172     0.3319    381.861   78.83264  -10.49946  13.204973    30.1800    30.1759 0.0000e+00
      4.000    -1.2334    -1.2350   2.443508   2.443458    397.867    396.153     0.1565     0.4862     0.2939    382.938   78.83264  -10.49946  13.478333    30.1517    30.1526 0.0000e+00
      5.000    -1.2470    -1.2446   2.441560   2.441365    399.251    395.201     0.1563     0.4625     0.2898    383.929   78.83264  -10.49946  13.078249    30.1385    30.1334 0.0000e+00
      6.000    -1.2504    -1.2518   2.440420   2.440765    400.658    394.457     0.1560     0.4541     0.2892    384.972   78.83264  -10.49946  13.072438    30.1259    30.1320 0.0000e+00
      7.000    -1.2675    -1.2668   2.443025   2.442579    401.419    394.108     0.1560     0.4439     0.2880    386.016   78.83264  -10.49946  13.387462    30.1779    30.1712 0.0000e+00
      8.000    -1.2740    -1.2760   2.446780   2.446918    401.040    394.191     0.1561     0.4691     0.2921    387.065   78.83264  -10.49946  13.337409    30.2348    30.2386 0.0000e+00
      9.000    -1.2775    -1.2787   2.448224   2.448051    401.549    395.203     0.1562     0.5071     0.2929    388.128   78.83264  -10.49946  13.185471    30.2573    30.2562 0.0000e+00
     10.000    -1.3092    -1.2948   2.455841   2.452512    402.356    395.859     0.1563     0.5308     0.2944    389.194   78.83264  -10.49946  13.437392    30.3923    30.3324 0.0000e+00
     11.000    -1.3276    -1.3263   2.459168   2.458807    403.232    396.911     0.1566     0.5833     0.2947    390.258   78.83264  -10.49946  13.479737    30.4556    30.4494 0.0000e+00
     12.000    -1.3257    -1.3271   2.458115   2.458221    403.079    397.188     0.1568     0.6667     0.2957    391.340   78.83264  -10.49946  13.063985    30.4388    30.4417 0.0000e+00
     13.000    -1.3326    -1.3326   2.458895   2.459010    405.031    398.366     0.1571     0.7009     0.2997    392.424   78.83264  -10.49946  13.200854    30.4559    30.4574 0.0000e+00
     14.000    -1.3309    -1.3305   2.459228   2.459135    407.150    399.497     0.1573     0.7062     0.3023    393.490   78.83264  -10.49946  13.377499    30.4580    30.4564 0.0000e+00
     15.000    -1.3330    -1.3327   2.458970   2.458886    407.994    400.547     0.1574     0.7270     0.3076    394.529   78.83264  -10.49946  13.411458    30.4561    30.4547 0.0000e+00
     16.000    -1.3455    -1.3396   2.459319   2.459569    408.121    401.097     0.1574     0.7360     0.3078    395.561   78.83264  -10.49946  13.493475    30.4730    30.4705 0.0000e+00
     17.000    -1.4008    -1.3938   2.457331   2.457631    408.282    401.604     0.1574     0.7413     0.3088    396.579   78.83264  -10.49946  13.362928    30.5020    30.4989 0.0000e+00
     18.000    -1.4218    -1.4215   2.456466   2.456431    406.414    400.991     0.1573     0.7771     0.3101    397.599   78.83264  -10.49946  13.203747    30.5111    30.5103 0.0000e+00
     19.000    -1.4145    -1.4148   2.457332   2.457257    405.303    400.016     0.1572     0.8176     0.3106    398.609   78.83264  -10.49946  13.275411    30.5149    30.5142 0.0000e+00
     20.000    -1.4244    -1.4246   2.457747   2.457838    407.832    400.487     0.1571     0.8524     0.3140    399.626   78.83264  -10.49946  13.349768    30.5301    30.5315 0.0000e+00
     21.000    -1.3169    -1.3120   2.475436   2.477467    408.201    399.119     0.1570     0.8501     0.3115    400.673   78.83264  -10.49946  13.312232    30.6598    30.6823 0.0000e+00
     22.000    -1.0389    -1.0410   2.558443   2.559843    404.448    395.212     0.1569     0.8282     0.3121    401.747   78.83263  -10.49946  13.269827    31.4962    31.5173 0.0000e+00
     23.000    -1.0593    -1.0573   2.580677   2.580571    411.625    399.850     0.1569     0.7695     0.3123    402.829   78.83262  -10.49946  13.221696    31.8182    31.8147 0.0000e+00
     24.000    -1.1207    -1.1191   2.579100   2.579054    412.999    403.571     0.1569     0.8457     0.3225    403.900   78.83262  -10.49946  13.356176    31.8614    31.8591 0.0000e+00
     25.000    -1.1383    -1.1379   2.578292   2.578248    408.772    408.710     0.1570     0.8837     0.3253    404.970   78.83262  -10.49946  13.451071    31.8685    31.8675 0.0000e+00
     26.000    -1.1691    -1.1681   2.576928   2.576851    412.126    414.604     0.1572     0.9087     0.3179    406.046   78.83262  -10.49946  13.569048    31.8823    31.8801 0.0000e+00
     27.000    -1.2347    -1.2337   2.574032   2.573984    417.999    416.174     0.1574     0.8900     0.3171    407.109   78.83262  -10.49946  13.353864    31.9121    31.9104 0.0000e+00
     28.000    -1.2682    -1.2672   2.572406   2.572386    419.352    414.111     0.1577     0.8031     0.3104    408.162   78.83262  -10.49946  13.662472    31.9252    31.9238 0.0000e+00
     29.000    -1.2717    -1.2714   2.572663   2.572663    419.628    412.029     0.1580     0.7198     0.3037    409.213   78.83262  -10.49946  14.145701    31.9318    31.9315 0.0000e+00
     30.000    -1.2781    -1.2769   2.572790   2.572788    419.654    410.466     0.1584     0.6865     0.2996    410.256   78.83262  -10.49946  14.147623    31.9398    31.9385 0.0000e+00
     31.000    -1.3158    -1.3148   2.570907   2.570880    419.914    409.776     0.1588     0.6641     0.2996    411.305   78.83262  -10.49944  13.685159    31.9537    31.9524 0.0000e+00
     32.000    -1.3470    -1.3454   2.569280   2.569263    418.300    408.619     0.1592     0.6261     0.3106    412.351   78.83262  -10.49944  13.776405    31.9644    31.9624 0.0000e+00
     33.000    -1.4096    -1.4078   2.565513   2.565502    417.163    409.029     0.1595     0.5885     0.2783    413.397   78.83262  -10.49944  14.287096    31.9793    31.9772 0.0000e+00
     34.000    -1.4394    -1.4379   2.563735   2.563737    416.500    408.267     0.1599     0.5286     0.2708    414.440   78.83262  -10.49944  14.459309    31.9863    31.9847 0.0000e+00
     35.000    -1.4786    -1.4773   2.561256   2.561250    415.760    407.125     0.1603     0.4945     0.2634    415.493   78.83262  -10.49944  14.644042    31.9939    31.9923 0.0000e+00
     36.000    -1.5109    -1.5096   2.559290   2.559279    414.966    405.360     0.1607     0.4486     0.2571    416.557   78.83262  -10.49944  14.298669    32.0009    31.9994 0.0000e+00
     37.000    -1.5442    -1.5434   2.557628   2.557615    413.437    403.218     0.1611     0.4210     0.2540    417.627   78.83262  -10.49944  14.938271    32.0134    32.0123 0.0000e+00
     38.000    -1.5581    -1.5583   2.557187   2.557150    410.651    400.626     0.1615     0.4000     0.2478    418.702   78.83262  -10.49944  14.537698    32.0217    32.0214 0.0000e+00
     39.000    -1.5371    -1.5372   2.559690   2.559645    408.206    398.225     0.1620     0.3862     0.2402    419.781   78.83262  -10.49944  14.797401    32.0328    32.0323 0.0000e+00
     40.000    -1.5571    -1.5562   2.558692   2.558663    407.654    397.389     0.1624     0.3976     0.2346    420.848   78.83262  -10.49944  15.374995    32.0400    32.0387 0.0000e+00
     41.000    -1.5750    -1.5743   2.557908   2.557882    406.636    396.668     0.1629     0.3882     0.2315    421.907   78.83262  -10.49944  15.240584    32.0479    32.0469 0.0000e+00
     42.000    -1.5988    -1.5973   2.556682   2.556691    404.610    396.962     0.1634     0.3609     0.2274    422.939   78.83262  -10.49943  15.916672    32.0561    32.0546 0.0000e+00
     43.000    -1.5970    -1.5978   2.557806   2.557760    403.889    396.599     0.1639     0.3294     0.2228    423.966   78.83262  -10.49942  15.943701    32.0691    32.0693 0.0000e+00
     44.000    -1.5897    -1.5892   2.559331   2.559300    402.832    395.172     0.1645     0.3225     0.2178    424.991   78.83262  -10.49942  15.519922    32.0816    32.0806 0.0000e+00
     45.000    -1.6048    -1.6038   2.558518   2.558502    402.956    394.376     0.1650     0.3390     0.2128    426.029   78.83262  -10.49942  15.426359    32.0861    32.0848 0.0000e+00
     46.000    -1.6269    -1.6262   2.557440   2.557423    401.646    393.494     0.1655     0.3297     0.2083    427.081   78.83262  -10.49942  15.592928    32.0945    32.0935 0.0000e+00
     47.000    -1.6332    -1.6296   2.557400   2.557500    399.664    392.140     0.1661     0.3299     0.2012    428.719   78.83260  -10.49941  15.993631    32.1001    32.0976 0.0000e+00
     48.000    -1.6412    -1.6373   2.557342   2.557404    397.420    390.671     0.1666     0.3533     0.1875    431.355   78.83260  -10.49940  16.303451    32.1074    32.1040 0.0000e+00
     49.000    -1.6552    -1.6550   2.557372   2.557353    395.011    390.470     0.1672     0.2805     0.1892    432.654   78.83260  -10.49940  16.006376    32.1223    32.1218 0.0000e+00
     50.000    -1.6656    -1.6652   2.557356   2.557342    395.090    390.218     0.1678     0.2380     0.1851    433.690   78.83260  -10.49939  16.167588    32.1328    32.1321 0.0000e+00
     51.000    -1.6742    -1.6740   2.558034   2.558012    395.315    390.004     0.1683     0.2188     0.1826    434.722   78.83260  -10.49938  16.750428    32.1508    32.1503 0.0000e+00
     52.000    -1.6738    -1.6736   2.558903   2.558901    395.805    389.007     0.1689     0.1969     0.1800    435.757   78.83260  -10.49938  16.547773    32.1618    32.1616 0.0000e+00
     53.000    -1.6738    -1.6736   2.559447   2.559439    396.005    388.045     0.1694     0.1917     0.1789    436.791   78.83260  -10.49938  16.317100    32.1687    32.1684 0.0000e+00
     54.000    -1.6743    -1.6740   2.560013   2.559992    395.167    387.238     0.1700     0.1856     0.1780    437.828   78.83260  -10.49938  16.371762    32.1764    32.1759 0.0000e+00
     55.000    -1.6763    -1.6760   2.561180   2.561163    394.326    386.857     0.1705     0.1616     0.1784    438.862   78.83260  -10.49938  16.488553    32.1941    32.1936 0.0000e+00
     56.000    -1.6799    -1.6796   2.562051   2.562040    393.898    386.491     0.1710     0.1584     0.1766    439.893   78.83260  -10.49937  16.567334    32.2094    32.2089 0.0000e+00
     57.000    -1.6806    -1.6803   2.562255   2.562237    393.256    386.381     0.1715     0.1367     0.1763    440.929   78.83260  -10.49936  16.694324    32.2124    32.2119 0.0000e+00
     58.000    -1.6806    -1.6804   2.563163   2.563164    393.140    386.130     0.1721     0.1260     0.1770    441.963   78.83260  -10.49936  16.719819    32.2244    32.2242 0.0000e+00
     59.000    -1.6813    -1.6810   2.564318   2.564316    392.946    385.814     0.1725     0.1168     0.1747    442.994   78.83260  -10.49936  16.986997    32.2404    32.2402 0.0000e+00
     60.000    -1.6826    -1.6823   2.564982   2.564976    393.108    385.770     0.1730     0.1000     0.1743    444.025   78.83260  -10.49936  16.265137    32.2504    32.2501 0.0000e+00
     61.000    -1.6827    -1.6823   2.565638   2.565619    392.959    385.227     0.1735     0.0975     0.1734    445.066   78.83260  -10.49934  17.091820    32.2590    32.2583 0.0000e+00
     62.000    -1.6848    -1.6842   2.566421   2.566404    392.379    385.132     0.1739     0.0916     0.1724    446.107   78.83260  -10.49934  16.904996    32.2715    32.2706 0.0000e+00
     63.000    -1.6922    -1.6923   2.566721   2.566705    391.830    384.862     0.1743     0.0902     0.1709    447.150   78.83260  -10.49934  16.516811    32.2831    32.2830 0.0000e+00
     64.000    -1.6777    -1.6775   2.568688   2.568670    390.870    384.455     0.1747     0.0901     0.1733    448.204   78.83258  -10.49934  16.677912    32.2939    32.2934 0.0000e+00
     65.000    -1.6842    -1.6835   2.569104   2.569103    391.051    384.705     0.1751     0.0849     0.1696    449.252   78.83258  -10.49934  16.967906    32.3061    32.3053 0.0000e+00
     66.000    -1.6927    -1.6923   2.569124   2.569121    391.622    384.508     0.1754     0.0732     0.1698    450.302   78.83258  -10.49932  16.959487    32.3150    32.3145 0.0000e+00
     67.000    -1.6983    -1.6981   2.569155   2.569146    390.979    384.134     0.1757     0.0638     0.1684    451.341   78.83258  -10.49932  16.936302    32.3210    32.3206 0.0000e+00
     68.000    -1.7008    -1.7005   2.569864   2.569873    390.460    383.999     0.1760     0.0647     0.1672    452.366   78.83258  -10.49932  16.894558    32.3328    32.3327 0.0000e+00
     69.000    -1.6974    -1.6974   2.571041   2.571024    390.420    383.715     0.1763     0.0640     0.1669    453.389   78.83258  -10.49932  16.711270    32.3448    32.3446 0.0000e+00
     70.000    -1.6958    -1.6955   2.572938   2.572917    390.004    383.539     0.1766     0.0631     0.1665    454.407   78.83258  -10.49932  17.119023    32.3687    32.3680 0.0000e+00
     71.000    -1.6922    -1.6921   2.573973   2.573970    390.244    383.366     0.1768     0.0682     0.1660    455.425   78.83258  -10.49930  17.045712    32.3784    32.3783 0.0000e+00
     72.000    -1.6887    -1.6885   2.575171   2.575156    389.999    383.079     0.1771     0.0659     0.1652    456.447   78.83258  -10.49930  16.214359    32.3906    32.3902 0.0000e+00
     73.000    -1.6902    -1.6899   2.576332   2.576322    388.713    382.700     0.1773     0.0621     0.1649    457.477   78.83258  -10.49930  16.451161    32.4077    32.4072 0.0000e+00
     74.000    -1.6914    -1.6912   2.577051   2.577027    387.944    382.279     0.1775     0.0681     0.1649    458.521   78.83258  -10.49930  16.884846    32.4183    32.4178 0.0000e+00
     75.000    -1.6868    -1.6867   2.578046   2.578040    387.131    381.547     0.1777     0.0655     0.1648    459.569   78.83258  -10.49929  16.887680    32.4264    32.4262 0.0000e+00
     76.000    -1.6784    -1.6784   2.580406   2.580398    387.024    380.865     0.1779     0.0542     0.1643    460.617   78.83258  -10.49928  16.722182    32.4493    32.4492 0.0000e+00
     77.000    -1.6697    -1.6696   2.583402   2.583402    386.976    380.715     0.1780     0.0595     0.1669    461.667   78.83258  -10.49928  16.577221    32.4806    32.4804 0.0000e+00
     78.000    -1.6643    -1.6642   2.585204   2.585193    386.765    380.576     0.1781     0.0605     0.1647    462.711   78.83258  -10.49928  17.211673    32.4989    32.4987 0.0000e+00
     79.000    -1.6582    -1.6580   2.587309   2.587304    386.256    379.970     0.1782     0.0678     0.1634    463.748   78.83258  -10.49927  16.840574    32.5208    32.5205 0.0000e+00
     80.000    -1.6503    -1.6504   2.589524   2.589509    384.859    379.298     0.1783     0.0680     0.1628    464.777   78.83258  -10.49926  16.840261    32.5421    32.5420 0.0000e+00
     81.000    -1.6407    -1.6406   2.592209   2.592187    383.621    378.398     0.1784     0.0610     0.1628    465.794   78.83258  -10.49926  16.927303    32.5680    32.5677 0.0000e+00
     82.000    -1.6354    -1.6353   2.593811   2.593805    383.131    377.770     0.1784     0.0551     0.1627    466.808   78.83258  -10.49926  17.236051    32.5838    32.5835 0.0000e+00
     83.000    -1.6286    -1.6286   2.595484   2.595481    382.360    377.018     0.1784     0.0587     0.1626    467.823   78.83258  -10.49926  17.354527    32.5987    32.5988 0.0000e+00
     84.000    -1.6026    -1.6029   2.601610   2.601584    381.728    375.774     0.1784     0.0605     0.1631    468.850   78.83258  -10.49925  17.235646    32.6542    32.6542 0.0000e+00
     85.000    -1.5854    -1.5855   2.605378   2.605370    381.400    375.159     0.1783     0.0551     0.1630    469.883   78.83258  -10.49924  17.114803    32.6867    32.6867 0.0000e+00
     86.000    -1.5653    -1.5656   2.609364   2.609337    380.458    374.903     0.1782     0.0533     0.1641    470.913   78.83258  -10.49924  17.177333    32.7189    32.7190 0.0000e+00
