test_project/cnv_files/Sta0209_bin.cnv
* Sea-Bird SBE 9 Data File:
* FileName = C:\Seabird\CTDDATA\Sta0209.hex
* Software Version Seasave V 7.26.7.107
* Temperature SN = 03-4535
* Conductivity SN = 2860
* Number of Bytes Per Scan = 44
* Number of Voltage Words = 5
* Number of Scans Averaged by the Deck Unit = 1
* NMEA Latitude = 78 49.99 N
* NMEA Longitude = 008 30.06 W
* NMEA UTC (Time) = Sep 05 2019 10:54:00
* NMEA baud rate = 9600
** Ship: "Kronprins Haakon"
** Station: 0209
** Echodepth: 277
** Log: 5915.343
** Wind-Dir Force(m/s): 20 13
** Air-temp (dry): -1.2
** Weather Sky: 2 6
** Sea Ice: 1 4
# nquan = 17
# nvalues = 266                         
# units = specified
# name 0 = prDM: Pressure, Digiquartz [db]
# name 1 = t090C: Temperature [ITS-90, deg C]
# name 2 = t190C: Temperature, 2 [ITS-90, deg C]
# name 3 = c0S/m: Conductivity [S/m]
# name 4 = c1S/m: Conductivity, 2 [S/m]
# name 5 = sbox0Mm/Kg: Oxygen, SBE 43 [umol/kg]
# name 6 = sbox1Mm/Kg: Oxygen, SBE 43, 2 [umol/kg]
# name 7 = wetCDOM: Fluorescence, WET Labs CDOM [mg/m^3]
# name 8 = flECO-AFL: Fluorescence, WET Labs ECO-AFL/FL [mg/m^3]
# name 9 = CStarAt0: Beam Attenuation, WET Labs C-Star [1/m]
# name 10 = timeS: Time, Elapsed [seconds]
# name 11 = latitude: Latitude [deg]
# name 12 = longitude: Longitude [deg]
# name 13 = upoly0: Upoly 0, ISUS
# name 14 = sal00: Salinity, Practical [PSU]
# name 15 = sal11: Salinity, Practical, 2 [PSU]
# name 16 = flag: flag
# span 0 =      2.000,    267.000       
# span 1 =    -1.5652,     1.4782       
# span 2 =    -1.5647,     1.4767       
# span 3 =   2.455666,   3.031398       
# span 4 =   2.455657,   3.031307       
# span 5 =    311.543,    405.325       
# span 6 =    307.226,    402.573       
# span 7 =     0.1115,     0.1769       
# span 8 =     0.0095,     1.0257       
# span 9 =     0.1446,     0.3550       
# span 10 =    270.707,    565.953      
# span 11 =   78.83322,   78.83322      
# span 12 =   -8.50106,   -8.50102      
# span 13 =  13.166560,  25.061674      
# span 14 =    30.5820,    34.8368      
# span 15 =    30.5810,    34.8373      
# span 16 = 0.0000e+00, 0.0000e+00      
# interval = decibars: 1                
# start_time = Sep 05 2019 10:54:00 [NMEA time, header]
# bad_flag = -9.990e-29
*END*
[from data line 171]
    173.000     0.8820     0.8822   2.963477   2.963376    313.405    309.147     0.1210     0.0235     0.1714    454.443   78.83322   -8.50104  24.016430    34.6834    34.6818 0.0000e+00
    174.000     0.8928     0.8935   2.964692   2.964647    313.666    309.338     0.1209     0.0227     0.1715    455.511   78.83322   -8.50104  24.311499    34.6865    34.6851 0.0000e+00
    175.000     0.8960     0.8965   2.965161   2.965062    313.356    308.997     0.1208     0.0232     0.1732    456.534   78.83322   -8.50104  23.914928    34.6884    34.6865 0.0000e+00
    176.000     0.9031     0.9030   2.965974   2.965849    312.860    308.952     0.1208     0.0176     0.1736    457.516   78.83322   -8.50104  23.706389    34.6904    34.6888 0.0000e+00
    177.000     0.9109     0.9116   2.966843   2.966795    312.891    308.901     0.1207     0.0218     0.1749    458.489   78.83322   -8.50104  24.113958    34.6922    34.6909 0.0000e+00
    178.000     0.9226     0.9228   2.968090   2.967973    313.119    308.987     0.1206     0.0127     0.1762    459.474   78.83322   -8.50104  24.424752    34.6948    34.6930 0.0000e+00
    179.000     0.9222     0.9232   2.968126   2.968086    313.243    309.098     0.1206     0.0189     0.1763    460.479   78.83322   -8.50104  24.306091    34.6951    34.6935 0.0000e+00
    180.000     0.9236     0.9243   2.968357   2.968283    313.138    309.013     0.1205     0.0236     0.1774    461.511   78.83322   -8.50104  24.205263    34.6959    34.6942 0.0000e+00
    181.000     0.9238     0.9243   2.968466   2.968361    313.053    308.513     0.1205     0.0192     0.1776    462.560   78.83322   -8.50104  24.257119    34.6965    34.6946 0.0000e+00
    182.000     0.9248     0.9246   2.968708   2.968547    313.189    308.737     0.1204     0.0210     0.1786    463.615   78.83322   -8.50104  24.216951    34.6980    34.6960 0.0000e+00
    183.000     0.9265     0.9265   2.969039   2.968902    313.690    309.043     0.1204     0.0199     0.1795    464.664   78.83322   -8.50104  24.404628    34.6998    34.6980 0.0000e+00
    184.000     0.9297     0.9312   2.969368   2.969371    313.295    308.875     0.1204     0.0195     0.1802    465.693   78.83322   -8.50104  24.948393    34.6998    34.6982 0.0000e+00
    185.000     0.9308     0.9317   2.969564   2.969485    313.239    308.851     0.1203     0.0231     0.1810    466.709   78.83322   -8.50104  24.343147    34.7005    34.6985 0.0000e+00
    186.000     0.9141     0.9142   2.968267   2.968132    313.569    308.840     0.1203     0.0209     0.1816    467.720   78.83322   -8.50104  23.546022    34.7018    34.6999 0.0000e+00
    187.000     0.9112     0.9118   2.968065   2.967974    313.475    308.503     0.1203     0.0181     0.1829    468.739   78.83322   -8.50104  24.212965    34.7018    34.6999 0.0000e+00
    188.000     0.9108     0.9123   2.968055   2.968058    313.325    308.191     0.1203     0.0238     0.1842    469.775   78.83322   -8.50104  24.273427    34.7016    34.7000 0.0000e+00
    189.000     0.9061     0.9067   2.967702   2.967624    313.853    307.880     0.1203     0.0227     0.1862    470.827   78.83322   -8.50104  24.628764    34.7016    34.7000 0.0000e+00
    190.000     0.9050     0.9056   2.967654   2.967586    313.912    307.856     0.1203     0.0172     0.1868    471.886   78.83322   -8.50104  25.024611    34.7017    34.7001 0.0000e+00
    191.000     0.9038     0.9047   2.967606   2.967567    313.590    307.806     0.1203     0.0178     0.1882    472.948   78.83322   -8.50104  24.858370    34.7018    34.7003 0.0000e+00
    192.000     0.9017     0.9023   2.967472   2.967409    313.159    307.530     0.1203     0.0243     0.1895    473.990   78.83322   -8.50104  24.394159    34.7018    34.7003 0.0000e+00
    193.000     0.9021     0.9025   2.967582   2.967318    313.381    307.688     0.1203     0.0297     0.1909    475.018   78.83322   -8.50104  24.274087    34.7022    34.6983 0.0000e+00
    194.000     0.9179     0.9181   2.969252   2.969176    313.570    307.500     0.1202     0.0172     0.1914    476.020   78.83322   -8.50104  23.798966    34.7055    34.7043 0.0000e+00
    195.000     0.9299     0.9304   2.970612   2.970552    313.433    307.277     0.1202     0.0105     0.1930    477.002   78.83322   -8.50104  23.798240    34.7091    34.7078 0.0000e+00
    196.000     0.9389     0.9393   2.971679   2.971624    313.758    307.826     0.1202     0.0148     0.1939    477.983   78.83322   -8.50104  23.853322    34.7122    34.7112 0.0000e+00
    197.000     0.9574     0.9576   2.973579   2.973527    313.602    307.600     0.1202     0.0212     0.1952    478.980   78.83322   -8.50104  24.063028    34.7156    34.7148 0.0000e+00
    198.000     0.9708     0.9711   2.974958   2.974908    312.928    307.776     0.1202     0.0152     0.1949    480.004   78.83322   -8.50104  24.361413    34.7179    34.7169 0.0000e+00
    199.000     0.9887     0.9888   2.976802   2.976753    312.901    307.857     0.1202     0.0096     0.1964    481.071   78.83322   -8.50104  24.571085    34.7211    34.7204 0.0000e+00
    200.000     1.0204     1.0211   2.979970   2.979983    312.335    307.449     0.1202     0.0135     0.1979    482.170   78.83322   -8.50104  24.439840    34.7261    34.7254 0.0000e+00
    201.000     1.0417     1.0424   2.982202   2.982176    312.103    307.940     0.1202     0.0118     0.1992    483.283   78.83322   -8.50104  24.101101    34.7306    34.7294 0.0000e+00
    202.000     1.0475     1.0480   2.982912   2.982852    312.522    308.234     0.1202     0.0096     0.1998    484.368   78.83322   -8.50104  23.850013    34.7326    34.7313 0.0000e+00
    203.000     1.0532     1.0539   2.983593   2.983556    312.689    308.319     0.1203     0.0096     0.2011    485.409   78.83322   -8.50104  23.697593    34.7345    34.7333 0.0000e+00
    204.000     1.0573     1.0578   2.984054   2.983991    311.995    308.328     0.1203     0.0164     0.2011    486.400   78.83322   -8.50104  23.896724    34.7353    34.7338 0.0000e+00
    205.000     1.0603     1.0612   2.984413   2.984406    311.815    308.375     0.1203     0.0210     0.2025    487.363   78.83322   -8.50104  24.037633    34.7360    34.7348 0.0000e+00
    206.000     1.0671     1.0680   2.985207   2.985200    312.198    308.205     0.1204     0.0188     0.2045    488.323   78.83322   -8.50104  24.240866    34.7381    34.7369 0.0000e+00
    207.000     1.0683     1.0691   2.985481   2.985419    312.899    308.115     0.1204     0.0227     0.2049    489.298   78.83322   -8.50104  24.313086    34.7396    34.7379 0.0000e+00
    208.000     1.0633     1.0640   2.985152   2.985094    313.247    308.151     0.1205     0.0173     0.2057    490.318   78.83322   -8.50104  24.623175    34.7403    34.7388 0.0000e+00
    209.000     1.0595     1.0604   2.984899   2.984860    312.626    308.469     0.1205     0.0159     0.2068    491.380   78.83322   -8.50104  24.746724    34.7407    34.7392 0.0000e+00
    210.000     1.0573     1.0583   2.984769   2.984763    312.698    308.148     0.1206     0.0098     0.2075    492.478   78.83322   -8.50104  24.318497    34.7409    34.7397 0.0000e+00
    211.000     1.0734     1.0739   2.986599   2.986590    312.417    307.950     0.1206     0.0111     0.2093    493.580   78.83322   -8.50104  24.197298    34.7459    34.7453 0.0000e+00
    212.000     1.0791     1.0796   2.987267   2.987204    312.684    308.091     0.1206     0.0223     0.2118    494.639   78.83322   -8.50104  24.271639    34.7476    34.7463 0.0000e+00
    213.000     1.0814     1.0820   2.987559   2.987489    312.949    307.803     0.1207     0.0167     0.2164    495.669   78.83322   -8.50104  24.711609    34.7482    34.7467 0.0000e+00
    214.000     1.0833     1.0838   2.987780   2.987719    312.301    307.554     0.1207     0.0102     0.2217    496.671   78.83322   -8.50104  24.481853    34.7484    34.7470 0.0000e+00
    215.000     1.0843     1.0847   2.987945   2.987851    312.290    307.784     0.1207     0.0096     0.2224    497.683   78.83322   -8.50104  24.032647    34.7487    34.7471 0.0000e+00
    216.000     1.0845     1.0851   2.987990   2.987948    312.663    307.942     0.1207     0.0098     0.2253    498.717   78.83322   -8.50104  24.250862    34.7486    34.7474 0.0000e+00
    217.000     1.0848     1.0855   2.988061   2.988033    312.073    307.864     0.1206     0.0204     0.2277    499.754   78.83322   -8.50104  24.383420    34.7486    34.7474 0.0000e+00
    218.000     1.0864     1.0870   2.988301   2.988250    312.779    307.533     0.1206     0.0240     0.2299    500.812   78.83322   -8.50104  24.206755    34.7492    34.7479 0.0000e+00
    219.000     1.0867     1.0872   2.988396   2.988351    313.186    307.604     0.1206     0.0192     0.2319    501.867   78.83322   -8.50104  24.025479    34.7496    34.7484 0.0000e+00
    220.000     1.0866     1.0870   2.988446   2.988377    312.899    307.817     0.1205     0.0490     0.2326    502.900   78.83322   -8.50104  24.238890    34.7497    34.7484 0.0000e+00
    221.000     1.0869     1.0874   2.988523   2.988463    313.162    307.757     0.1205     0.0361     0.2348    503.909   78.83322   -8.50104  24.611328    34.7498    34.7485 0.0000e+00
    222.000     1.0889     1.0894   2.988785   2.988725    312.854    307.424     0.1204     0.0161     0.2350    504.897   78.83322   -8.50104  24.322957    34.7503    34.7490 0.0000e+00
    223.000     1.0902     1.0906   2.988962   2.988896    312.720    307.411     0.1204     0.0186     0.2348    505.886   78.83322   -8.50104  24.312959    34.7506    34.7493 0.0000e+00
    224.000     1.0906     1.0911   2.989064   2.989006    312.711    307.231     0.1203     0.0138     0.2361    506.894   78.83322   -8.50104  24.572913    34.7509    34.7495 0.0000e+00
    225.000     1.0908     1.0913   2.989121   2.989066    312.788    307.270     0.1202     0.0219     0.2534    507.958   78.83322   -8.50104  24.204481    34.7507    34.7495 0.0000e+00
    226.000     1.0912     1.0919   2.989206   2.989172    313.183    307.518     0.1201     0.0168     0.2651    509.063   78.83322   -8.50104  24.825400    34.7509    34.7496 0.0000e+00
    227.000     1.0915     1.0920   2.989297   2.989219    313.163    307.574     0.1200     0.0192     0.2392    510.169   78.83322   -8.50104  25.061674    34.7511    34.7496 0.0000e+00
    228.000     1.0925     1.0932   2.989433   2.989401    313.116    307.688     0.1199     0.0221     0.2398    511.238   78.83322   -8.50104  24.391499    34.7512    34.7500 0.0000e+00
    229.000     1.0948     1.0953   2.989724   2.989652    312.775    307.226     0.1198     0.0153     0.2399    512.249   78.83322   -8.50104  23.971880    34.7517    34.7503 0.0000e+00
    230.000     1.0961     1.0965   2.989908   2.989864    312.620    307.259     0.1197     0.0097     0.2403    513.219   78.83322   -8.50104  24.208922    34.7521    34.7510 0.0000e+00
    231.000     1.1003     1.1008   2.990376   2.990371    312.851    307.809     0.1197     0.0102     0.2411    514.168   78.83322   -8.50104  24.482684    34.7528    34.7521 0.0000e+00
    232.000     1.1098     1.1102   2.991343   2.991290    313.041    307.865     0.1196     0.0220     0.2429    515.121   78.83322   -8.50106  24.490347    34.7541    34.7530 0.0000e+00
    233.000     1.1108     1.1113   2.991494   2.991432    313.335    307.527     0.1195     0.0185     0.2418    516.112   78.83322   -8.50104  24.797893    34.7544    34.7530 0.0000e+00
    234.000     1.1134     1.1138   2.991800   2.991743    313.261    307.453     0.1195     0.0113     0.2404    517.167   78.83322   -8.50104  24.187649    34.7548    34.7536 0.0000e+00
    235.000     1.1180     1.1181   2.992329   2.992248    312.872    307.507     0.1194     0.0151     0.2411    518.287   78.83322   -8.50104  23.995132    34.7558    34.7547 0.0000e+00
    236.000     1.1270     1.1275   2.993282   2.993225    312.378    307.603     0.1194     0.0223     0.2425    519.434   78.83322   -8.50104  24.066799    34.7575    34.7563 0.0000e+00
    237.000     1.1276     1.1281   2.993440   2.993412    312.256    307.895     0.1193     0.0186     0.2427    520.536   78.83322   -8.50104  24.222788    34.7583    34.7574 0.0000e+00
    238.000     1.1379     1.1382   2.994496   2.994447    312.111    307.565     0.1193     0.0222     0.2425    521.573   78.83322   -8.50104  24.471745    34.7598    34.7588 0.0000e+00
    239.000     1.1512     1.1524   2.995947   2.996030    312.293    307.613     0.1193     0.0142     0.2430    522.558   78.83322   -8.50104  24.676948    34.7631    34.7628 0.0000e+00
    240.000     1.1599     1.1607   2.996882   2.996841    312.450    307.580     0.1193     0.0135     0.2430    523.510   78.83322   -8.50104  24.671736    34.7648    34.7634 0.0000e+00
    241.000     1.1659     1.1661   2.997578   2.997533    312.896    307.596     0.1192     0.0170     0.2425    524.460   78.83322   -8.50104  24.114864    34.7665    34.7657 0.0000e+00
    242.000     1.1773     1.1775   2.998789   2.998727    313.336    307.851     0.1191     0.0170     0.2439    525.431   78.83322   -8.50106  24.148172    34.7688    34.7677 0.0000e+00
    243.000     1.1806     1.1818   2.999217   2.999247    313.473    308.002     0.1189     0.0149     0.2439    526.447   78.83322   -8.50104  24.392120    34.7700    34.7690 0.0000e+00
    244.000     1.1837     1.1843   2.999601   2.999552    313.087    308.038     0.1187     0.0130     0.2448    527.527   78.83322   -8.50104  24.505831    34.7708    34.7696 0.0000e+00
    245.000     1.1844     1.1853   2.999714   2.999689    313.007    308.325     0.1185     0.0222     0.2496    528.637   78.83322   -8.50104  24.603692    34.7710    34.7697 0.0000e+00
    246.000     1.1857     1.1863   2.999886   2.999841    312.890    308.033     0.1184     0.0170     0.2475    529.736   78.83322   -8.50104  24.374199    34.7711    34.7699 0.0000e+00
    247.000     1.1872     1.1878   3.000085   3.000046    312.839    308.045     0.1183     0.0170     0.2488    530.790   78.83322   -8.50104  24.077070    34.7714    34.7702 0.0000e+00
    248.000     1.1905     1.1917   3.000476   3.000501    312.600    308.011     0.1183     0.0158     0.2490    531.795   78.83322   -8.50104  24.281703    34.7722    34.7712 0.0000e+00
    249.000     1.2032     1.2031   3.001845   3.001782    313.115    308.058     0.1185     0.0098     0.2484    532.780   78.83322   -8.50104  25.056646    34.7750    34.7744 0.0000e+00
    250.000     1.2301     1.2288   3.004795   3.004583    313.001    308.102     0.1187     0.0098     0.2479    533.754   78.83322   -8.50104  24.836856    34.7824    34.7812 0.0000e+00
    251.000     1.2366     1.2374   3.005587   3.005556    313.184    308.211     0.1190     0.0158     0.2482    534.739   78.83322   -8.50104  24.116084    34.7847    34.7834 0.0000e+00
    252.000     1.2417     1.2415   3.006196   3.006050    313.568    308.289     0.1193     0.0112     0.2511    535.757   78.83322   -8.50104  24.651075    34.7863    34.7846 0.0000e+00
    253.000     1.2428     1.2444   3.006342   3.006431    313.107    308.406     0.1196     0.0149     0.2553    536.796   78.83322   -8.50104  24.642424    34.7864    34.7857 0.0000e+00
    254.000     1.2774     1.2702   3.010108   3.009346    312.220    307.608     0.1197     0.0170     0.2567    537.864   78.83322   -8.50104  24.633406    34.7955    34.7937 0.0000e+00
    255.000     1.2980     1.2995   3.012344   3.012382    312.037    307.811     0.1197     0.0120     0.2571    538.923   78.83322   -8.50104  24.650249    34.8006    34.7994 0.0000e+00
    256.000     1.2998     1.2976   3.012601   3.012236    312.968    308.439     0.1196     0.0096     0.2599    539.954   78.83322   -8.50105  24.600604    34.8013    34.7991 0.0000e+00
