test_project/cnv_files/Sta0213_bin.cnv
* Sea-Bird SBE 9 Data File:
* FileName = C:\Seabird\CTDDATA\Sta0213.hex
* Software Version Seasave V 7.26.7.107
* Temperature SN = 03-4535
* Conductivity SN = 2860
* Number of Bytes Per Scan = 44
* Number of Voltage Words = 5
* Number of Scans Averaged by the Deck Unit = 1
* NMEA Latitude = 78 49.98 N
* NMEA Longitude = 010 30.02 W
* NMEA UTC (Time) = Sep 05 2019 20:53:02
* NMEA baud rate = 9600
** Ship: "Kronprins Haakon"
** Station: 0213
** Echodepth: 371
** Log: 5937.892
** Wind-Dir Force(m/s): 01 09
** Air-temp (dry): -1.2
** Weather Sky: 2 5
** Sea Ice: 1 4
# nquan = 17
# nvalues = 363                         
# units = specified
# name 0 = prDM: Pressure, Digiquartz [db]
# name 1 = t090C: Temperature [ITS-90, deg C]
# name 2 = t190C: Temperature, 2 [ITS-90, deg C]
# name 3 = c0S/m: Conductivity [S/m]
# name 4 = c1S/m: Conductivity, 2 [S/m]
# name 5 = sbox0Mm/Kg: Oxygen, SBE 43 [umol/kg]
# name 6 = sbox1Mm/Kg: Oxygen, SBE 43, 2 [umol/kg]
# name 7 = wetCDOM: Fluorescence, WET Labs CDOM [mg/m^3]
# name 8 = flECO-AFL: Fluorescence, WET Labs ECO-AFL/FL [mg/m^3]
# name 9 = CStarAt0: Beam Attenuation, WET Labs C-Star [1/m]
# name 10 = timeS: Time, Elapsed [seconds]
# name 11 = latitude: Latitude [deg]
# name 12 = longitude: Longitude [deg]
# name 13 = upoly0: Upoly 0, ISUS
# name 14 = sal00: Salinity, Practical [PSU]
# name 15 = sal11: Salinity, Practical, 2 [PSU]
# name 16 = flag: flag
# span 0 =      2.000,    364.000       
# span 1 =    -1.7008,     1.2369       
# span 2 =    -1.7005,     1.2363       
# span 3 =   2.440420,   3.013259       
# span 4 =   2.440765,   3.013183       
# span 5 =    304.040,    419.914       
# span 6 =    298.469,    416.174       
# span 7 =     0.1170,     0.1784       
# span 8 =     0.0011,     0.9087       
# span 9 =     0.1498,     0.3319       
# span 10 =    380.169,    758.587      
# span 11 =   78.83234,   78.83264      
# span 12 =  -10.49946,  -10.49818      
# span 13 =  12.534783,  25.258103      
# span 14 =    30.1259,    34.8168      
# span 15 =    30.1320,    34.8165      
# span 16 = 0.0000e+00, 0.0000e+00      
# interval = decibars: 1                
# start_time = Sep 05 2019 20:53:02 [NMEA time, header]
# bad_flag = -9.990e-29
*END*
[from data line 171]
    173.000    -0.2354    -0.2377   2.843144   2.843018    323.211    319.054     0.1379     0.0242     0.1607    560.795   78.83252  -10.49877  22.703563    34.3553    34.3562 0.0000e+00
    174.000    -0.2070    -0.2070   2.846364   2.846270    324.570    319.698     0.1377     0.0229     0.1619    561.840   78.83251  -10.49876  23.303042    34.3657    34.3644 0.0000e+00
    175.000    -0.1909    -0.1913   2.848798   2.848697    322.346    318.996     0.1374     0.0168     0.1626    562.896   78.83250  -10.49876  22.895275    34.3794    34.3785 0.0000e+00
    176.000    -0.1410    -0.1421   2.853805   2.853716    316.430    316.450     0.1372     0.0231     0.1620    563.952   78.83250  -10.49876  23.129464    34.3892    34.3893 0.0000e+00
    177.000    -0.0257    -0.0273   2.864645   2.864678    313.310    314.359     0.1370     0.0299     0.1619    565.008   78.83250  -10.49875  23.032552    34.4029    34.4051 0.0000e+00
    178.000     0.1016     0.1002   2.876795   2.876718    315.029    314.393     0.1367     0.0306     0.1615    566.051   78.83250  -10.49874  22.948843    34.4201    34.4207 0.0000e+00
    179.000     0.1338     0.1314   2.880143   2.879874    317.994    315.779     0.1365     0.0254     0.1604    567.080   78.83250  -10.49874  23.093116    34.4276    34.4267 0.0000e+00
    180.000     0.1927     0.1920   2.886171   2.886065    315.134    313.769     0.1362     0.0236     0.1603    568.095   78.83250  -10.49874  23.560085    34.4405    34.4399 0.0000e+00
    181.000     0.2022     0.2027   2.887630   2.887551    309.626    311.549     0.1359     0.0235     0.1596    569.107   78.83250  -10.49874  23.841901    34.4485    34.4468 0.0000e+00
    182.000     0.2080     0.2087   2.888797   2.888730    306.222    309.865     0.1357     0.0277     0.1602    570.121   78.83250  -10.49874  23.180043    34.4567    34.4551 0.0000e+00
    183.000     0.2037     0.2045   2.888781   2.888709    304.628    308.433     0.1354     0.0234     0.1626    571.141   78.83250  -10.49872  24.145019    34.4608    34.4589 0.0000e+00
    184.000     0.1649     0.1657   2.885768   2.885676    304.680    307.562     0.1351     0.0162     0.1607    572.168   78.83250  -10.49872  23.995954    34.4640    34.4619 0.0000e+00
    185.000     0.1851     0.1852   2.887835   2.887734    305.675    306.815     0.1349     0.0194     0.1613    573.203   78.83250  -10.49872  24.202563    34.4679    34.4665 0.0000e+00
    186.000     0.1804     0.1811   2.887576   2.887498    308.272    307.193     0.1346     0.0266     0.1927    574.248   78.83250  -10.49872  23.504858    34.4692    34.4674 0.0000e+00
    187.000     0.1818     0.1822   2.887941   2.887860    311.526    307.951     0.1343     0.0262     0.1728    575.300   78.83250  -10.49872  23.722816    34.4718    34.4703 0.0000e+00
    188.000     0.1841     0.1844   2.888441   2.888374    312.955    308.326     0.1340     0.0185     0.1629    576.353   78.83250  -10.49870  23.775332    34.4753    34.4740 0.0000e+00
    189.000     0.2037     0.2033   2.890451   2.890361    312.958    308.519     0.1338     0.0234     0.1638    577.396   78.83250  -10.49870  23.420603    34.4792    34.4784 0.0000e+00
    190.000     0.2329     0.2327   2.893489   2.893420    313.343    308.441     0.1335     0.0226     0.1650    578.434   78.83250  -10.49870  23.285462    34.4858    34.4851 0.0000e+00
    191.000     0.2548     0.2562   2.895801   2.895854    313.706    308.569     0.1333     0.0236     0.1667    579.469   78.83250  -10.49870  23.466240    34.4910    34.4902 0.0000e+00
    192.000     0.2788     0.2790   2.898272   2.898223    313.384    308.725     0.1330     0.0290     0.1679    580.497   78.83248  -10.49870  23.991116    34.4961    34.4951 0.0000e+00
    193.000     0.3013     0.3011   2.900717   2.900652    312.664    308.461     0.1328     0.0223     0.1683    581.525   78.83248  -10.49868  23.734009    34.5024    34.5017 0.0000e+00
    194.000     0.3605     0.3595   2.906917   2.906787    310.964    307.659     0.1325     0.0106     0.1676    582.548   78.83248  -10.49868  23.906292    34.5169    34.5162 0.0000e+00
    195.000     0.3665     0.3667   2.907623   2.907518    311.130    307.672     0.1323     0.0142     0.1669    583.572   78.83248  -10.49868  23.845718    34.5187    34.5172 0.0000e+00
    196.000     0.3732     0.3732   2.908476   2.908374    310.992    307.526     0.1321     0.0106     0.1669    584.607   78.83248  -10.49868  24.168271    34.5219    34.5205 0.0000e+00
    197.000     0.3896     0.3892   2.910335   2.910228    309.178    306.351     0.1319     0.0207     0.1653    585.645   78.83248  -10.49868  23.802439    34.5272    34.5263 0.0000e+00
    198.000     0.4200     0.4194   2.913706   2.913578    308.106    305.477     0.1318     0.0123     0.1658    586.688   78.83248  -10.49867  23.444964    34.5368    34.5358 0.0000e+00
    199.000     0.4260     0.4262   2.914444   2.914318    308.481    305.746     0.1316     0.0096     0.1652    587.729   78.83248  -10.49866  23.778268    34.5391    34.5373 0.0000e+00
    200.000     0.4270     0.4275   2.914581   2.914521    308.892    305.713     0.1314     0.0142     0.1641    588.769   78.83248  -10.49866  24.182826    34.5393    34.5379 0.0000e+00
    201.000     0.4293     0.4297   2.914899   2.914814    308.320    305.472     0.1313     0.0211     0.1637    589.809   78.83248  -10.49866  23.735238    34.5402    34.5387 0.0000e+00
    202.000     0.4312     0.4313   2.915133   2.915037    307.669    305.131     0.1312     0.0190     0.1632    590.841   78.83248  -10.49866  23.885032    34.5406    34.5392 0.0000e+00
    203.000     0.4358     0.4359   2.915662   2.915565    307.485    304.583     0.1311     0.0189     0.1633    591.870   78.83248  -10.49866  23.878865    34.5418    34.5404 0.0000e+00
    204.000     0.4389     0.4394   2.916056   2.915987    308.277    304.409     0.1310     0.0188     0.1628    592.901   78.83248  -10.49865  24.010516    34.5428    34.5414 0.0000e+00
    205.000     0.4505     0.4502   2.917323   2.917207    308.682    304.340     0.1309     0.0191     0.1626    593.936   78.83248  -10.49864  23.810594    34.5458    34.5446 0.0000e+00
    206.000     0.4692     0.4690   2.919348   2.919247    308.730    304.216     0.1308     0.0231     0.1634    594.974   78.83248  -10.49864  23.852871    34.5508    34.5497 0.0000e+00
    207.000     0.4789     0.4791   2.920458   2.920367    309.562    304.145     0.1307     0.0225     0.1635    596.007   78.83248  -10.49864  23.774660    34.5539    34.5525 0.0000e+00
    208.000     0.4827     0.4834   2.920938   2.920910    309.800    304.033     0.1307     0.0236     0.1630    597.045   78.83248  -10.49864  24.014661    34.5553    34.5542 0.0000e+00
    209.000     0.4881     0.4880   2.921598   2.921491    308.682    303.776     0.1306     0.0222     0.1636    598.081   78.83248  -10.49862  24.493835    34.5574    34.5560 0.0000e+00
    210.000     0.5053     0.5043   2.923568   2.923384    308.002    303.623     0.1306     0.0163     0.1636    599.114   78.83248  -10.49862  24.320913    34.5632    34.5619 0.0000e+00
    211.000     0.5298     0.5301   2.926468   2.926428    307.814    303.452     0.1305     0.0149     0.1635    600.148   78.83248  -10.49862  23.803726    34.5731    34.5723 0.0000e+00
    212.000     0.5748     0.5739   2.931655   2.931534    307.473    303.257     0.1305     0.0102     0.1635    601.178   78.83248  -10.49862  24.148658    34.5899    34.5893 0.0000e+00
    213.000     0.5939     0.5942   2.933771   2.933685    308.264    303.417     0.1305     0.0165     0.1651    602.218   78.83248  -10.49862  24.270321    34.5955    34.5940 0.0000e+00
    214.000     0.6075     0.6078   2.935268   2.935225    307.839    303.211     0.1304     0.0229     0.1649    603.282   78.83248  -10.49862  24.133627    34.5992    34.5984 0.0000e+00
    215.000     0.6190     0.6195   2.936649   2.936593    306.167    302.540     0.1304     0.0231     0.1663    604.358   78.83248  -10.49860  24.088105    34.6038    34.6024 0.0000e+00
    216.000     0.6208     0.6213   2.936888   2.936831    304.657    301.983     0.1304     0.0161     0.1678    605.412   78.83248  -10.49860  24.200646    34.6043    34.6030 0.0000e+00
    217.000     0.6280     0.6285   2.937723   2.937688    304.185    301.291     0.1304     0.0165     0.1720    606.457   78.83246  -10.49860  24.500176    34.6066    34.6055 0.0000e+00
    218.000     0.6370     0.6371   2.938806   2.938740    304.413    300.880     0.1304     0.0285     0.1736    607.499   78.83246  -10.49860  24.439422    34.6100    34.6090 0.0000e+00
    219.000     0.6429     0.6434   2.939603   2.939537    304.570    300.848     0.1304     0.0189     0.1754    608.530   78.83246  -10.49860  24.419463    34.6131    34.6118 0.0000e+00
    220.000     0.6444     0.6448   2.939949   2.939881    305.021    300.440     0.1303     0.0163     0.1783    609.557   78.83246  -10.49860  24.642927    34.6154    34.6141 0.0000e+00
    221.000     0.6454     0.6458   2.940141   2.940077    304.897    300.474     0.1303     0.0211     0.1799    610.575   78.83246  -10.49859  24.351044    34.6161    34.6149 0.0000e+00
    222.000     0.6513     0.6518   2.940885   2.940847    305.008    300.489     0.1302     0.0142     0.1809    611.592   78.83246  -10.49858  24.380970    34.6187    34.6176 0.0000e+00
    223.000     0.6540     0.6544   2.941226   2.941174    305.104    300.375     0.1302     0.0134     0.1814    612.614   78.83246  -10.49858  24.703796    34.6195    34.6184 0.0000e+00
    224.000     0.6587     0.6591   2.941785   2.941729    305.783    300.338     0.1301     0.0126     0.1812    613.650   78.83246  -10.49858  24.579092    34.6209    34.6198 0.0000e+00
    225.000     0.6635     0.6638   2.942343   2.942287    305.661    300.057     0.1300     0.0132     0.1809    614.702   78.83246  -10.49858  24.446928    34.6222    34.6212 0.0000e+00
    226.000     0.6671     0.6675   2.942797   2.942728    305.685    300.237     0.1300     0.0200     0.1816    615.761   78.83246  -10.49858  24.364107    34.6235    34.6222 0.0000e+00
    227.000     0.6724     0.6726   2.943420   2.943355    305.500    300.344     0.1299     0.0203     0.1800    616.820   78.83246  -10.49857  24.327322    34.6251    34.6240 0.0000e+00
    228.000     0.6790     0.6794   2.944213   2.944170    305.548    300.166     0.1298     0.0161     0.1804    617.875   78.83246  -10.49856  24.235329    34.6275    34.6265 0.0000e+00
    229.000     0.6911     0.6914   2.945658   2.945612    305.080    299.883     0.1298     0.0217     0.1791    618.921   78.83246  -10.49856  24.481944    34.6322    34.6312 0.0000e+00
    230.000     0.7018     0.7020   2.946986   2.946943    305.105    299.993     0.1297     0.0288     0.1781    619.953   78.83246  -10.49856  25.027550    34.6369    34.6360 0.0000e+00
    231.000     0.7083     0.7086   2.947835   2.947790    304.861    299.757     0.1296     0.0204     0.1786    620.982   78.83246  -10.49856  24.990158    34.6401    34.6391 0.0000e+00
    232.000     0.7147     0.7151   2.948703   2.948660    304.990    299.352     0.1296     0.0108     0.1778    621.993   78.83246  -10.49856  25.018240    34.6436    34.6425 0.0000e+00
    233.000     0.7180     0.7184   2.949161   2.949111    304.525    298.985     0.1295     0.0168     0.1778    623.007   78.83246  -10.49856  24.628856    34.6453    34.6441 0.0000e+00
    234.000     0.7239     0.7240   2.949909   2.949826    304.515    298.731     0.1294     0.0159     0.1781    624.031   78.83246  -10.49854  24.333751    34.6477    34.6466 0.0000e+00
    235.000     0.7259     0.7262   2.950186   2.950109    304.419    298.841     0.1293     0.0099     0.1789    625.060   78.83246  -10.49854  24.608791    34.6486    34.6472 0.0000e+00
    236.000     0.7265     0.7270   2.950294   2.950234    304.235    299.194     0.1292     0.0100     0.1799    626.104   78.83246  -10.49854  24.323892    34.6487    34.6474 0.0000e+00
    237.000     0.7267     0.7271   2.950346   2.950299    304.372    298.990     0.1291     0.0162     0.1806    627.149   78.83246  -10.49854  24.208271    34.6486    34.6475 0.0000e+00
    238.000     0.7277     0.7280   2.950515   2.950448    304.040    298.999     0.1290     0.0172     0.1820    628.207   78.83246  -10.49854  24.544463    34.6490    34.6478 0.0000e+00
    239.000     0.7309     0.7314   2.950932   2.950895    304.155    299.224     0.1289     0.0225     0.1830    629.264   78.83246  -10.49854  24.762054    34.6503    34.6492 0.0000e+00
    240.000     0.7342     0.7346   2.951350   2.951308    304.909    299.246     0.1288     0.0123     0.1840    630.317   78.83244  -10.49854  24.651517    34.6514    34.6504 0.0000e+00
    241.000     0.7378     0.7382   2.951790   2.951765    304.929    299.191     0.1287     0.0094     0.1853    631.356   78.83244  -10.49852  24.385944    34.6525    34.6517 0.0000e+00
    242.000     0.7422     0.7426   2.952349   2.952308    304.752    298.605     0.1285     0.0147     0.1864    632.384   78.83244  -10.49852  24.473441    34.6543    34.6534 0.0000e+00
    243.000     0.7447     0.7451   2.952697   2.952648    304.788    298.469     0.1284     0.0170     0.1874    633.414   78.83244  -10.49852  24.451702    34.6554    34.6543 0.0000e+00
    244.000     0.7467     0.7471   2.952960   2.952908    304.549    298.502     0.1282     0.0211     0.1883    634.441   78.83244  -10.49852  24.609965    34.6560    34.6549 0.0000e+00
    245.000     0.7515     0.7518   2.953556   2.953512    304.858    298.644     0.1281     0.0238     0.1887    635.459   78.83244  -10.49852  25.077467    34.6578    34.6568 0.0000e+00
    246.000     0.7547     0.7551   2.953980   2.953935    304.461    298.640     0.1279     0.0174     0.1896    636.463   78.83244  -10.49852  24.475861    34.6591    34.6581 0.0000e+00
    247.000     0.7568     0.7573   2.954273   2.954229    304.616    298.598     0.1277     0.0152     0.1895    637.451   78.83244  -10.49852  24.243329    34.6600    34.6589 0.0000e+00
    248.000     0.7581     0.7584   2.954460   2.954421    304.591    298.519     0.1275     0.0201     0.1897    638.445   78.83244  -10.49850  24.704946    34.6604    34.6595 0.0000e+00
    249.000     0.7598     0.7601   2.954708   2.954677    304.804    298.619     0.1273     0.0128     0.1909    639.450   78.83244  -10.49850  24.250431    34.6611    34.6604 0.0000e+00
    250.000     0.7634     0.7637   2.955187   2.955140    305.154    298.814     0.1270     0.0214     0.1905    640.475   78.83244  -10.49850  23.803099    34.6627    34.6618 0.0000e+00
    251.000     0.7698     0.7700   2.955990   2.955950    305.518    298.857     0.1268     0.0107     0.1907    641.517   78.83244  -10.49850  24.311078    34.6654    34.6647 0.0000e+00
    252.000     0.7749     0.7752   2.956678   2.956612    305.692    298.943     0.1266     0.0161     0.1908    642.546   78.83244  -10.49850  24.332896    34.6680    34.6668 0.0000e+00
    253.000     0.7804     0.7809   2.957396   2.957357    305.722    298.948     0.1263     0.0170     0.1913    643.578   78.83244  -10.49849  24.238424    34.6705    34.6696 0.0000e+00
    254.000     0.7828     0.7831   2.957693   2.957657    305.478    298.985     0.1261     0.0227     0.1936    644.618   78.83244  -10.49848  24.246003    34.6712    34.6703 0.0000e+00
    255.000     0.8022     0.8023   2.959746   2.959727    305.455    299.250     0.1258     0.0174     0.1945    645.656   78.83243  -10.49848  24.628955    34.6755    34.6751 0.0000e+00
    256.000     0.8196     0.8192   2.961547   2.961473    305.494    299.107     0.1256     0.0105     0.1946    646.684   78.83242  -10.49848  24.679203    34.6789    34.6784 0.0000e+00
