test_project/cnv_files/sta0198_bin.cnv
* Sea-Bird SBE 9 Data File:
* FileName = C:\Seabird\CTDDATA\Sta0198.hex
* Software Version Seasave V 7.26.7.107
* Temperature SN = 03-4535
* Conductivity SN = 2860
* Number of Bytes Per Scan = 44
* Number of Voltage Words = 5
* Number of Scans Averaged by the Deck Unit = 1
* NMEA Latitude = 78 49.87 N
* NMEA Longitude = 003 30.40 W
* NMEA UTC (Time) = Sep 03 2019 02:21:04
* NMEA baud rate = 9600
** Ship: "Kronprins Haakon"
** Station: 198
** Echodepth: 2247
** Log: 5749.70
** Wind-Dir Force(m/s): 03 35
** Air-temp (dry): -2.0
** Weather Sky: 7 8
** Sea Ice: 5 0
# nquan = 16
# nvalues = 2267                        
# units = specified
# name 0 = prDM: Pressure, Digiquartz [db]
# name 1 = t090C: Temperature [ITS-90, deg C]
# name 2 = t190C: Temperature, 2 [ITS-90, deg C]
# name 3 = c0S/m: Conductivity [S/m]
# name 4 = c1S/m: Conductivity, 2 [S/m]
# name 5 = sbox0Mm/Kg: Oxygen, SBE 43 [umol/kg]
# name 6 = sbox1Mm/Kg: Oxygen, SBE 43, 2 [umol/kg]
# name 7 = wetCDOM: Fluorescence, WET Labs CDOM [mg/m^3]
# name 8 = flECO-AFL: Fluorescence, WET Labs ECO-AFL/FL [mg/m^3]
# name 9 = CStarAt0: Beam Attenuation, WET Labs C-Star [1/m]
# name 10 = timeS: Time, Elapsed [seconds]
# name 11 = latitude: Latitude [deg]
# name 12 = longitude: Longitude [deg]
# name 13 = sal00: Salinity, Practical [PSU]
# name 14 = sal11: Salinity, Practical, 2 [PSU]
# name 15 = flag: flag
# span 0 =      4.000,   2270.000       
# span 1 =    -1.7341,     2.9943       
# span 2 =    -1.7342,     2.9946       
# span 3 =   2.495999,   3.172396       
# span 4 =   2.495882,   3.172362       
# span 5 =    306.547,    418.446       
# span 6 =    301.764,    407.041       
# span 7 =     0.1036,     0.1568       
# span 8 =    -0.0073,     1.4081       
# span 9 =     0.1045,     0.3678       
# span 10 =     10.956,   2333.958      
# span 11 =   78.83130,   78.83134      
# span 12 =   -3.50708,   -3.50672      
# span 13 =    31.0351,    34.9687      
# span 14 =    31.0347,    34.9683      
# span 15 = 0.0000e+00, 0.0000e+00      
# interval = decibars: 1                
# start_time = Sep 03 2019 02:21:04 [NMEA time, header]
# bad_flag = -9.990e-29
*END*
[from data line 452]
    456.000     1.4398     1.4397   3.041341   3.041356    322.703    313.225     0.1147    -0.0001     0.1189    485.891   78.83134   -3.50684    34.8967    34.8970 0.0000e+00
    457.000     1.4445     1.4441   3.041840   3.041826    323.083    313.124     0.1148    -0.0015     0.1186    486.894   78.83134   -3.50684    34.8974    34.8976 0.0000e+00
    458.000     1.4379     1.4379   3.041286   3.041283    322.979    313.038     0.1149     0.0061     0.1184    487.909   78.83134   -3.50684    34.8971    34.8970 0.0000e+00
    459.000     1.4311     1.4313   3.040713   3.040720    322.351    312.990     0.1150     0.0094     0.1193    488.926   78.83134   -3.50683    34.8967    34.8966 0.0000e+00
    460.000     1.4342     1.4362   3.041084   3.041328    321.457    312.763     0.1150     0.0034     0.1181    489.938   78.83134   -3.50682    34.8974    34.8983 0.0000e+00
    461.000     1.4540     1.4517   3.043055   3.042860    320.546    312.519     0.1151    -0.0003     0.1179    490.945   78.83134   -3.50682    34.9000    34.9000 0.0000e+00
    462.000     1.4350     1.4358   3.041400   3.041439    321.435    312.914     0.1152     0.0010     0.1179    491.954   78.83134   -3.50682    34.8993    34.8990 0.0000e+00
    463.000     1.4214     1.4218   3.040174   3.040177    321.707    312.956     0.1152     0.0007     0.1176    492.962   78.83134   -3.50682    34.8983    34.8979 0.0000e+00
    464.000     1.4077     1.4070   3.038932   3.038861    320.996    313.424     0.1153     0.0001     0.1176    493.972   78.83134   -3.50682    34.8971    34.8970 0.0000e+00
    465.000     1.4091     1.4091   3.039123   3.039117    320.783    313.565     0.1153    -0.0000     0.1176    494.978   78.83134   -3.50681    34.8974    34.8973 0.0000e+00
    466.000     1.3979     1.3976   3.038150   3.038109    321.043    313.435     0.1153    -0.0002     0.1177    495.975   78.83134   -3.50680    34.8968    34.8967 0.0000e+00
    467.000     1.3918     1.3921   3.037645   3.037659    321.642    313.028     0.1153     0.0010     0.1177    496.963   78.83134   -3.50680    34.8967    34.8964 0.0000e+00
    468.000     1.3849     1.3839   3.037077   3.037044    321.806    312.891     0.1154     0.0082     0.1168    497.945   78.83134   -3.50680    34.8965    34.8972 0.0000e+00
    469.000     1.4022     1.4018   3.038804   3.038794    321.736    312.471     0.1154     0.0089     0.1167    498.940   78.83134   -3.50680    34.8987    34.8990 0.0000e+00
    470.000     1.4038     1.4026   3.039040   3.038949    321.552    312.705     0.1154     0.0089     0.1166    499.949   78.83134   -3.50680    34.8994    34.8996 0.0000e+00
    471.000     1.4195     1.4185   3.040610   3.040558    321.186    312.890     0.1154     0.0088     0.1170    500.963   78.83134   -3.50680    34.9013    34.9018 0.0000e+00
    472.000     1.4197     1.4198   3.040696   3.040707    320.952    313.134     0.1154     0.0092     0.1169    501.968   78.83134   -3.50680    34.9017    34.9017 0.0000e+00
    473.000     1.3869     1.3866   3.037706   3.037552    321.201    313.546     0.1154     0.0004     0.1170    502.974   78.83134   -3.50680    34.8994    34.8978 0.0000e+00
    474.000     1.3585     1.3598   3.035068   3.035178    320.871    313.663     0.1155    -0.0046     0.1166    503.994   78.83134   -3.50680    34.8968    34.8967 0.0000e+00
    475.000     1.3500     1.3504   3.034296   3.034343    320.178    313.242     0.1156    -0.0012     0.1167    505.025   78.83134   -3.50680    34.8958    34.8959 0.0000e+00
    476.000     1.3482     1.3481   3.034164   3.034171    320.812    313.161     0.1157    -0.0021     0.1171    506.050   78.83134   -3.50680    34.8956    34.8957 0.0000e+00
    477.000     1.3483     1.3479   3.034228   3.034206    321.755    312.715     0.1158     0.0016     0.1169    507.061   78.83134   -3.50678    34.8957    34.8958 0.0000e+00
    478.000     1.3784     1.3768   3.037211   3.037196    321.491    312.143     0.1159     0.0075     0.1165    508.060   78.83134   -3.50678    34.8997    34.9012 0.0000e+00
    479.000     1.3860     1.3845   3.038019   3.037886    321.892    312.143     0.1160    -0.0006     0.1165    509.060   78.83132   -3.50678    34.9009    34.9009 0.0000e+00
    480.000     1.3864     1.3861   3.038123   3.038102    321.335    312.530     0.1161    -0.0011     0.1165    510.055   78.83132   -3.50678    34.9013    34.9013 0.0000e+00
    481.000     1.3955     1.3956   3.039051   3.039129    320.394    312.664     0.1162     0.0078     0.1165    511.032   78.83132   -3.50678    34.9024    34.9032 0.0000e+00
    482.000     1.4033     1.4031   3.039877   3.039857    319.871    312.927     0.1162    -0.0005     0.1165    511.999   78.83132   -3.50678    34.9037    34.9037 0.0000e+00
    483.000     1.3966     1.3964   3.039312   3.039288    320.286    313.357     0.1163    -0.0012     0.1165    512.983   78.83133   -3.50678    34.9034    34.9033 0.0000e+00
    484.000     1.3967     1.3967   3.039367   3.039378    320.453    313.309     0.1164     0.0055     0.1170    513.987   78.83134   -3.50678    34.9034    34.9035 0.0000e+00
    485.000     1.3937     1.3940   3.039143   3.039177    320.398    313.471     0.1164     0.0091     0.1165    515.014   78.83134   -3.50678    34.9033    34.9034 0.0000e+00
    486.000     1.3855     1.3855   3.038441   3.038459    320.804    313.707     0.1164     0.0035     0.1167    516.046   78.83134   -3.50678    34.9029    34.9031 0.0000e+00
    487.000     1.3924     1.3922   3.039187   3.039196    320.300    313.040     0.1165    -0.0019     0.1167    517.079   78.83134   -3.50678    34.9042    34.9045 0.0000e+00
    488.000     1.3849     1.3856   3.038582   3.038617    320.833    313.205     0.1165    -0.0040     0.1165    518.102   78.83134   -3.50678    34.9041    34.9039 0.0000e+00
    489.000     1.3654     1.3664   3.036834   3.036877    321.205    313.528     0.1165    -0.0020     0.1174    519.122   78.83132   -3.50678    34.9029    34.9024 0.0000e+00
    490.000     1.3427     1.3432   3.034758   3.034810    321.156    313.751     0.1165     0.0004     0.1180    520.134   78.83132   -3.50678    34.9012    34.9012 0.0000e+00
    491.000     1.3376     1.3378   3.034319   3.034341    320.732    313.480     0.1165     0.0076     0.1166    521.131   78.83132   -3.50676    34.9006    34.9007 0.0000e+00
    492.000     1.3379     1.3377   3.034401   3.034394    321.002    313.284     0.1165    -0.0003     0.1165    522.124   78.83132   -3.50676    34.9007    34.9009 0.0000e+00
    493.000     1.3334     1.3334   3.034036   3.034024    322.006    313.164     0.1166    -0.0008     0.1165    523.116   78.83132   -3.50676    34.9005    34.9004 0.0000e+00
    494.000     1.3234     1.3237   3.033159   3.033196    321.789    312.985     0.1165     0.0004     0.1162    524.104   78.83132   -3.50676    34.8999    34.9000 0.0000e+00
    495.000     1.3096     1.3102   3.031941   3.031972    321.081    312.967     0.1165     0.0070     0.1155    525.093   78.83132   -3.50676    34.8992    34.8989 0.0000e+00
    496.000     1.3016     1.3016   3.031242   3.031247    320.729    312.761     0.1165     0.0028     0.1156    526.079   78.83132   -3.50676    34.8985    34.8985 0.0000e+00
    497.000     1.2961     1.2961   3.030781   3.030784    320.634    312.356     0.1165    -0.0009     0.1156    527.083   78.83132   -3.50676    34.8982    34.8982 0.0000e+00
    498.000     1.2858     1.2871   3.029906   3.030020    320.774    312.545     0.1165    -0.0013     0.1156    528.095   78.83132   -3.50676    34.8978    34.8979 0.0000e+00
    499.000     1.2730     1.2734   3.028766   3.028756    321.118    312.466     0.1164    -0.0033     0.1156    529.118   78.83132   -3.50676    34.8969    34.8964 0.0000e+00
    500.000     1.2592     1.2588   3.027542   3.027485    320.564    312.204     0.1164    -0.0059     0.1145    530.137   78.83132   -3.50676    34.8961    34.8958 0.0000e+00
    501.000     1.2490     1.2489   3.026641   3.026632    320.279    312.181     0.1163    -0.0047     0.1147    531.163   78.83132   -3.50676    34.8954    34.8953 0.0000e+00
    502.000     1.2422     1.2423   3.026059   3.026061    320.124    311.894     0.1163    -0.0011     0.1144    532.193   78.83132   -3.50676    34.8948    34.8948 0.0000e+00
    503.000     1.2342     1.2342   3.025371   3.025387    320.199    311.657     0.1162    -0.0009     0.1142    533.214   78.83132   -3.50676    34.8944    34.8946 0.0000e+00
    504.000     1.2344     1.2340   3.025426   3.025410    320.267    311.595     0.1162     0.0011     0.1140    534.216   78.83132   -3.50676    34.8943    34.8946 0.0000e+00
    505.000     1.2352     1.2348   3.025554   3.025540    320.484    311.550     0.1161     0.0117     0.1141    535.213   78.83132   -3.50676    34.8945    34.8948 0.0000e+00
    506.000     1.2376     1.2375   3.025845   3.025847    319.649    311.314     0.1160     0.0015     0.1134    536.206   78.83132   -3.50674    34.8950    34.8951 0.0000e+00
    507.000     1.2335     1.2336   3.025529   3.025535    319.935    311.076     0.1160     0.0076     0.1129    537.206   78.83132   -3.50674    34.8949    34.8948 0.0000e+00
    508.000     1.2253     1.2254   3.024822   3.024825    319.781    311.138     0.1159     0.0088     0.1129    538.199   78.83132   -3.50674    34.8944    34.8943 0.0000e+00
    509.000     1.2167     1.2167   3.024096   3.024094    319.016    311.169     0.1158     0.0021     0.1126    539.186   78.83132   -3.50674    34.8941    34.8940 0.0000e+00
    510.000     1.2070     1.2071   3.023256   3.023243    318.879    311.177     0.1157    -0.0002     0.1132    540.178   78.83132   -3.50674    34.8936    34.8933 0.0000e+00
    511.000     1.1936     1.1938   3.022071   3.022076    319.036    311.085     0.1156    -0.0010     0.1134    541.178   78.83132   -3.50676    34.8928    34.8926 0.0000e+00
    512.000     1.1884     1.1885   3.021646   3.021661    318.988    310.902     0.1155     0.0041     0.1126    542.184   78.83132   -3.50676    34.8925    34.8926 0.0000e+00
    513.000     1.1848     1.1851   3.021353   3.021404    318.751    310.671     0.1154     0.0049     0.1120    543.195   78.83132   -3.50676    34.8923    34.8925 0.0000e+00
    514.000     1.1842     1.1842   3.021390   3.021403    318.981    310.498     0.1152    -0.0011     0.1114    544.231   78.83132   -3.50676    34.8928    34.8930 0.0000e+00
    515.000     1.1817     1.1816   3.021216   3.021227    319.023    310.593     0.1151    -0.0008     0.1112    545.282   78.83132   -3.50674    34.8928    34.8930 0.0000e+00
    516.000     1.1737     1.1738   3.020562   3.020565    318.672    310.922     0.1149    -0.0026     0.1116    546.320   78.83132   -3.50674    34.8926    34.8926 0.0000e+00
    517.000     1.1681     1.1683   3.020098   3.020129    318.696    310.872     0.1148    -0.0016     0.1113    547.325   78.83132   -3.50674    34.8924    34.8926 0.0000e+00
    518.000     1.1594     1.1597   3.019365   3.019393    318.324    310.627     0.1146    -0.0014     0.1104    548.304   78.83132   -3.50674    34.8922    34.8922 0.0000e+00
    519.000     1.1576     1.1576   3.019246   3.019275    318.685    310.435     0.1144    -0.0022     0.1103    549.270   78.83132   -3.50676    34.8920    34.8924 0.0000e+00
    520.000     1.1603     1.1596   3.019550   3.019521    318.332    310.317     0.1142    -0.0018     0.1101    550.244   78.83132   -3.50678    34.8924    34.8928 0.0000e+00
    521.000     1.1630     1.1626   3.019879   3.019857    319.011    310.246     0.1141    -0.0012     0.1101    551.225   78.83132   -3.50678    34.8930    34.8931 0.0000e+00
    522.000     1.1650     1.1650   3.020111   3.020145    319.319    310.694     0.1139    -0.0010     0.1101    552.241   78.83132   -3.50678    34.8932    34.8936 0.0000e+00
    523.000     1.1660     1.1658   3.020271   3.020272    318.661    310.931     0.1138    -0.0022     0.1108    553.288   78.83132   -3.50676    34.8935    34.8937 0.0000e+00
    524.000     1.1671     1.1665   3.020423   3.020387    318.576    311.029     0.1137    -0.0009     0.1108    554.335   78.83132   -3.50674    34.8936    34.8938 0.0000e+00
    525.000     1.1714     1.1719   3.020879   3.020997    318.400    311.225     0.1136    -0.0003     0.1100    555.362   78.83132   -3.50674    34.8942    34.8951 0.0000e+00
    526.000     1.1921     1.1916   3.022948   3.022958    318.231    311.370     0.1135     0.0045     0.1102    556.366   78.83132   -3.50674    34.8970    34.8977 0.0000e+00
    527.000     1.1976     1.1970   3.023537   3.023502    318.814    311.129     0.1135     0.0049     0.1103    557.340   78.83132   -3.50674    34.8979    34.8980 0.0000e+00
    528.000     1.1989     1.1989   3.023735   3.023737    319.378    311.333     0.1134    -0.0018     0.1104    558.307   78.83132   -3.50676    34.8983    34.8984 0.0000e+00
    529.000     1.1983     1.1982   3.023720   3.023724    319.222    311.956     0.1134    -0.0011     0.1106    559.298   78.83132   -3.50678    34.8983    34.8985 0.0000e+00
    530.000     1.1970     1.1973   3.023649   3.023693    319.479    312.297     0.1134    -0.0003     0.1111    560.300   78.83132   -3.50678    34.8982    34.8985 0.0000e+00
    531.000     1.1956     1.1957   3.023590   3.023596    319.618    312.573     0.1134     0.0088     0.1116    561.311   78.83132   -3.50678    34.8984    34.8985 0.0000e+00
    532.000     1.1963     1.1962   3.023692   3.023717    320.211    312.643     0.1133     0.0128     0.1121    562.337   78.83132   -3.50676    34.8984    34.8988 0.0000e+00
    533.000     1.2005     1.2004   3.024163   3.024169    320.008    312.629     0.1133     0.0093     0.1128    563.365   78.83132   -3.50676    34.8992    34.8994 0.0000e+00
    534.000     1.1991     1.2005   3.024133   3.024296    320.189    312.687     0.1133     0.0012     0.1130    564.404   78.83132   -3.50674    34.8998    34.9003 0.0000e+00
    535.000     1.1976     1.1982   3.024050   3.024090    320.418    312.873     0.1133    -0.0013     0.1125    565.429   78.83132   -3.50674    34.8998    34.8997 0.0000e+00
    536.000     1.1954     1.1958   3.023897   3.023942    320.182    312.768     0.1132    -0.0014     0.1133    566.422   78.83132   -3.50674    34.8997    34.8998 0.0000e+00
    537.000     1.1768     1.1766   3.022239   3.022165    320.183    312.789     0.1132     0.0000     0.1139    567.398   78.83132   -3.50676    34.8986    34.8979 0.0000e+00
    538.000     1.1634     1.1644   3.021035   3.021106    319.991    312.812     0.1132    -0.0008     0.1144    568.369   78.83132   -3.50676    34.8976    34.8974 0.0000e+00
    539.000     1.1437     1.1452   3.019251   3.019349    319.538    312.678     0.1131     0.0032     0.1143    569.346   78.83132   -3.50678    34.8960    34.8957 0.0000e+00
    540.000     1.1266     1.1272   3.017703   3.017737    320.119    312.583     0.1131     0.0094     0.1142    570.337   78.83132   -3.50678    34.8947    34.8945 0.0000e+00
    541.000     1.1182     1.1183   3.016953   3.016991    320.381    312.330     0.1130     0.0090     0.1145    571.345   78.83132   -3.50676    34.8939    34.8942 0.0000e+00
    542.000     1.1155     1.1151   3.016755   3.016722    320.749    311.915     0.1130     0.0093     0.1144    572.374   78.83132   -3.50676    34.8937    34.8938 0.0000e+00
    543.000     1.1045     1.1053   3.015776   3.015813    321.331    312.013     0.1129     0.0093     0.1142    573.423   78.83132   -3.50676    34.8929    34.8924 0.0000e+00
    544.000     1.0929     1.0927   3.014731   3.014712    321.282    312.097     0.1129     0.0077     0.1141    574.465   78.83132   -3.50674    34.8918    34.8918 0.0000e+00
    545.000     1.0923     1.0923   3.014705   3.014724    320.756    311.899     0.1129     0.0000     0.1138    575.478   78.83132   -3.50674    34.8916    34.8919 0.0000e+00
