test_project/cnv_files/sta0247_bin.cnv
* Sea-Bird SBE 9 Data File:
* FileName = C:\Seabird\CTDDATA\Sta0247.hex
* Software Version Seasave V 7.26.7.107
* Temperature SN = 03-4535
* Conductivity SN = 2860
* Number of Bytes Per Scan = 44
* Number of Voltage Words = 5
* Number of Scans Averaged by the Deck Unit = 1
* NMEA Latitude = 78 50.01 N
* NMEA Longitude = 007 29.79 E
* NMEA UTC (Time) = Sep 14 2019 19:26:11
* NMEA baud rate = 9600
** Ship: "Kronprins Haakon"
** Station: 0247
** Echodepth: 1144
** Log: 6515.467
** Wind-Dir Force(m/s): 03 01
** Air-temp (dry): 6.9
** Weather Sky: 1 3
** Sea Ice: 3 0
# nquan = 16
# nvalues = 1150                        
# units = specified
# name 0 = prDM: Pressure, Digiquartz [db]
# name 1 = t090C: Temperature [ITS-90, deg C]
# name 2 = t190C: Temperature, 2 [ITS-90, deg C]
# name 3 = c0S/m: Conductivity [S/m]
# name 4 = c1S/m: Conductivity, 2 [S/m]
# name 5 = sbox0Mm/Kg: Oxygen, SBE 43 [umol/kg]
# name 6 = sbox1Mm/Kg: Oxygen, SBE 43, 2 [umol/kg]
# name 7 = wetCDOM: Fluorescence, WET Labs CDOM [mg/m^3]
# name 8 = flECO-AFL: Fluorescence, WET Labs ECO-AFL/FL [mg/m^3]
# name 9 = CStarAt0: Beam Attenuation, WET Labs C-Star [1/m]
# name 10 = timeS: Time, Elapsed [seconds]
# name 11 = latitude: Latitude [deg]
# name 12 = longitude: Longitude [deg]
# name 13 = sal00: Salinity, Practical [PSU]
# name 14 = sal11: Salinity, Practical, 2 [PSU]
# name 15 = flag: flag
# span 0 =      1.000,   1150.000       
# span 1 =    -0.8117,     6.7123       
# span 2 =    -0.8115,     6.7115       
# span 3 =   2.877076,   3.496595       
# span 4 =   2.877115,   3.496545       
# span 5 =    300.508,    329.679       
# span 6 =    291.945,    320.972       
# span 7 =     0.0929,     0.1303       
# span 8 =    -0.0126,     2.3990       
# span 9 =     0.1347,     0.7199       
# span 10 =    135.642,   1250.343      
# span 11 =   78.83358,   78.83362      
# span 12 =    7.49650,    7.49658      
# span 13 =    34.7396,    35.0507      
# span 14 =    34.7411,    35.0508      
# span 15 = 0.0000e+00, 0.0000e+00      
# interval = decibars: 1                
# start_time = Sep 14 2019 19:26:11 [NMEA time, header]
# bad_flag = -9.990e-29
*END*
[from data line 272]
    273.000     4.6687     4.6685   3.331848   3.331815    313.438    305.706     0.1082     0.0079     0.1455    406.873   78.83362    7.49656    35.0441    35.0439 0.0000e+00
    274.000     4.6585     4.6580   3.330947   3.330905    313.638    305.667     0.1079     0.0051     0.1460    407.802   78.83362    7.49656    35.0439    35.0438 0.0000e+00
    275.000     4.6525     4.6519   3.330438   3.330394    313.377    305.809     0.1076     0.0023     0.1458    408.820   78.83362    7.49656    35.0437    35.0438 0.0000e+00
    276.000     4.6460     4.6449   3.329886   3.329768    312.837    305.842     0.1074    -0.0015     0.1462    409.876   78.83362    7.49656    35.0436    35.0434 0.0000e+00
    277.000     4.6417     4.6407   3.329519   3.329445    312.972    306.010     0.1071    -0.0016     0.1462    410.891   78.83362    7.49656    35.0432    35.0434 0.0000e+00
    278.000     4.6392     4.6386   3.329333   3.329294    312.820    305.953     0.1068     0.0022     0.1464    411.842   78.83362    7.49656    35.0432    35.0433 0.0000e+00
    279.000     4.6330     4.6323   3.328836   3.328792    312.993    305.941     0.1066     0.0023     0.1465    412.751   78.83362    7.49655    35.0434    35.0436 0.0000e+00
    280.000     4.6318     4.6312   3.328772   3.328751    313.115    305.719     0.1064     0.0023     0.1466    413.652   78.83362    7.49654    35.0434    35.0438 0.0000e+00
    281.000     4.6312     4.6304   3.328779   3.328732    312.889    306.007     0.1062     0.0023     0.1464    414.553   78.83362    7.49654    35.0436    35.0439 0.0000e+00
    282.000     4.6270     4.6263   3.328486   3.328451    313.200    306.305     0.1060     0.0023     0.1465    415.473   78.83362    7.49654    35.0441    35.0443 0.0000e+00
    283.000     4.6247     4.6241   3.328338   3.328306    313.145    306.244     0.1058     0.0023     0.1464    416.451   78.83362    7.49654    35.0443    35.0445 0.0000e+00
    284.000     4.6254     4.6248   3.328496   3.328466    313.256    306.178     0.1057     0.0023     0.1460    417.516   78.83362    7.49654    35.0448    35.0451 0.0000e+00
    285.000     4.6241     4.6237   3.328458   3.328421    313.398    306.338     0.1056    -0.0015     0.1460    418.596   78.83362    7.49654    35.0452    35.0452 0.0000e+00
    286.000     4.6184     4.6181   3.327991   3.327973    313.574    306.631     0.1055     0.0011     0.1454    419.599   78.83362    7.49654    35.0452    35.0453 0.0000e+00
    287.000     4.6139     4.6135   3.327623   3.327611    313.147    306.605     0.1054     0.0080     0.1455    420.512   78.83362    7.49654    35.0452    35.0454 0.0000e+00
    288.000     4.6114     4.6111   3.327450   3.327427    312.960    306.356     0.1054     0.0025     0.1454    421.373   78.83362    7.49654    35.0452    35.0453 0.0000e+00
    289.000     4.6084     4.6078   3.327216   3.327177    312.990    306.462     0.1054     0.0020     0.1454    422.217   78.83362    7.49654    35.0451    35.0453 0.0000e+00
    290.000     4.6066     4.6062   3.327101   3.327072    313.370    306.242     0.1054    -0.0126     0.1460    423.117   78.83362    7.49654    35.0452    35.0452 0.0000e+00
    291.000     4.6046     4.6039   3.326950   3.326896    313.851    306.099     0.1055    -0.0101     0.1445    424.211   78.83362    7.49654    35.0450    35.0451 0.0000e+00
    292.000     4.5926     4.5924   3.325903   3.325867    313.544    306.483     0.1056     0.0009     0.1449    425.538   78.83362    7.49654    35.0448    35.0447 0.0000e+00
    293.000     4.5862     4.5857   3.325336   3.325311    313.352    306.877     0.1057     0.0024     0.1541    426.662   78.83362    7.49654    35.0445    35.0448 0.0000e+00
    294.000     4.5829     4.5825   3.325095   3.325053    313.097    306.646     0.1058     0.0023     0.1607    427.480   78.83362    7.49654    35.0446    35.0446 0.0000e+00
    295.000     4.5786     4.5781   3.324737   3.324711    313.016    306.464     0.1059     0.0023     0.1453    428.172   78.83362    7.49654    35.0444    35.0446 0.0000e+00
    296.000     4.5774     4.5768   3.324687   3.324622    313.088    306.465     0.1061     0.0022     0.1435    428.853   78.83362    7.49654    35.0446    35.0445 0.0000e+00
    297.000     4.5728     4.5721   3.324265   3.324216    312.982    306.595     0.1062    -0.0024     0.1433    429.610   78.83362    7.49654    35.0440    35.0441 0.0000e+00
    298.000     4.5605     4.5600   3.323130   3.323071    312.921    306.423     0.1063    -0.0009     0.1432    430.609   78.83362    7.49654    35.0431    35.0430 0.0000e+00
    299.000     4.5538     4.5535   3.322516   3.322499    313.118    306.323     0.1064     0.0023     0.1432    431.991   78.83362    7.49654    35.0425    35.0427 0.0000e+00
    300.000     4.5519     4.5513   3.322385   3.322356    313.750    306.484     0.1064     0.0015     0.1432    433.351   78.83362    7.49654    35.0425    35.0427 0.0000e+00
    301.000     4.5518     4.5512   3.322499   3.322461    313.253    306.747     0.1065    -0.0045     0.1435    434.322   78.83362    7.49654    35.0434    35.0436 0.0000e+00
    302.000     4.5490     4.5485   3.322306   3.322257    313.215    306.760     0.1065     0.0000     0.1439    435.092   78.83362    7.49654    35.0435    35.0435 0.0000e+00
    303.000     4.5440     4.5433   3.321871   3.321805    313.477    306.428     0.1065     0.0023     0.1440    435.809   78.83362    7.49654    35.0432    35.0432 0.0000e+00
    304.000     4.5354     4.5346   3.321116   3.321045    313.600    306.409     0.1064     0.0023     0.1435    436.553   78.83362    7.49654    35.0429    35.0430 0.0000e+00
    305.000     4.5264     4.5259   3.320303   3.320258    313.418    306.717     0.1063     0.0023     0.1436    437.403   78.83362    7.49654    35.0424    35.0424 0.0000e+00
    306.000     4.5217     4.5211   3.319904   3.319869    313.357    306.519     0.1063     0.0023     0.1434    438.448   78.83362    7.49654    35.0422    35.0424 0.0000e+00
    307.000     4.5188     4.5186   3.319686   3.319681    313.695    306.459     0.1062     0.0014     0.1435    439.706   78.83362    7.49652    35.0421    35.0423 0.0000e+00
    308.000     4.5170     4.5163   3.319570   3.319533    313.915    306.367     0.1061    -0.0096     0.1434    441.028   78.83362    7.49652    35.0421    35.0425 0.0000e+00
    309.000     4.5171     4.5168   3.319669   3.319636    313.491    306.640     0.1059     0.0013     0.1437    442.141   78.83362    7.49652    35.0427    35.0426 0.0000e+00
    310.000     4.5086     4.5083   3.318900   3.318873    313.086    306.864     0.1058    -0.0045     0.1434    443.026   78.83362    7.49654    35.0421    35.0421 0.0000e+00
    311.000     4.5032     4.5028   3.318412   3.318367    312.781    306.904     0.1056    -0.0001     0.1433    443.782   78.83362    7.49654    35.0416    35.0415 0.0000e+00
    312.000     4.4919     4.4915   3.317384   3.317325    312.866    306.711     0.1054     0.0023     0.1433    444.463   78.83362    7.49654    35.0409    35.0406 0.0000e+00
    313.000     4.4791     4.4788   3.316214   3.316186    313.136    306.491     0.1053     0.0023     0.1434    445.119   78.83362    7.49654    35.0402    35.0402 0.0000e+00
    314.000     4.4718     4.4714   3.315580   3.315525    313.254    306.284     0.1050     0.0023     0.1435    445.814   78.83362    7.49654    35.0400    35.0398 0.0000e+00
    315.000     4.4668     4.4662   3.315159   3.315132    313.365    306.526     0.1048     0.0023     0.1435    446.682   78.83362    7.49653    35.0398    35.0401 0.0000e+00
    316.000     4.4661     4.4656   3.315140   3.315111    313.814    306.795     0.1046     0.0023     0.1438    448.118   78.83362    7.49652    35.0398    35.0400 0.0000e+00
    317.000     4.4647     4.4643   3.315104   3.315067    314.203    306.940     0.1044     0.0023     0.1443    449.892   78.83360    7.49652    35.0403    35.0403 0.0000e+00
    318.000     4.4588     4.4585   3.314635   3.314605    313.753    307.300     0.1041     0.0020     0.1440    450.933   78.83360    7.49652    35.0406    35.0406 0.0000e+00
    319.000     4.4554     4.4547   3.314372   3.314321    313.074    307.071     0.1039     0.0022     0.1442    451.702   78.83361    7.49652    35.0405    35.0407 0.0000e+00
    320.000     4.4535     4.4532   3.314227   3.314234    313.227    306.881     0.1037     0.0023     0.1435    452.417   78.83362    7.49652    35.0403    35.0406 0.0000e+00
    321.000     4.4496     4.4492   3.313913   3.313895    313.279    306.811     0.1035     0.0023     0.1441    453.185   78.83362    7.49652    35.0402    35.0404 0.0000e+00
    322.000     4.4455     4.4449   3.313583   3.313522    312.879    306.962     0.1033     0.0023     0.1443    454.087   78.83362    7.49652    35.0402    35.0401 0.0000e+00
    323.000     4.4341     4.4335   3.312577   3.312544    313.243    306.750     0.1031     0.0023     0.1444    455.113   78.83362    7.49652    35.0398    35.0401 0.0000e+00
    324.000     4.4302     4.4300   3.312284   3.312249    313.746    306.724     0.1030     0.0023     0.1445    456.108   78.83362    7.49652    35.0400    35.0398 0.0000e+00
    325.000     4.4197     4.4192   3.311339   3.311300    313.914    306.907     0.1028     0.0023     0.1448    456.999   78.83362    7.49652    35.0395    35.0395 0.0000e+00
    326.000     4.4163     4.4158   3.311044   3.311026    313.451    307.040     0.1028     0.0023     0.1444    457.821   78.83361    7.49652    35.0391    35.0395 0.0000e+00
    327.000     4.4144     4.4138   3.310898   3.310862    313.521    307.100     0.1028     0.0023     0.1444    458.687   78.83360    7.49652    35.0389    35.0391 0.0000e+00
    328.000     4.4118     4.4115   3.310717   3.310706    313.997    307.144     0.1028     0.0046     0.1444    459.734   78.83360    7.49652    35.0390    35.0391 0.0000e+00
    329.000     4.4084     4.4079   3.310480   3.310443    314.112    307.045     0.1028     0.0065     0.1446    461.007   78.83360    7.49652    35.0392    35.0393 0.0000e+00
    330.000     4.3966     4.3963   3.309429   3.309407    314.249    307.237     0.1029     0.0022     0.1443    462.213   78.83362    7.49652    35.0389    35.0389 0.0000e+00
    331.000     4.3875     4.3873   3.308595   3.308572    314.111    307.253     0.1031     0.0051     0.1444    463.176   78.83362    7.49652    35.0382    35.0381 0.0000e+00
    332.000     4.3760     4.3755   3.307610   3.307582    313.719    307.292     0.1032     0.0086     0.1446    463.995   78.83362    7.49652    35.0383    35.0384 0.0000e+00
    333.000     4.3692     4.3687   3.307028   3.306992    313.595    307.089     0.1034     0.0029     0.1450    464.769   78.83362    7.49652    35.0381    35.0382 0.0000e+00
    334.000     4.3630     4.3623   3.306514   3.306467    314.037    307.198     0.1037     0.0023     0.1454    465.551   78.83362    7.49652    35.0381    35.0382 0.0000e+00
    335.000     4.3547     4.3537   3.305773   3.305683    314.363    307.275     0.1040    -0.0005     0.1454    466.395   78.83362    7.49652    35.0376    35.0376 0.0000e+00
    336.000     4.3438     4.3431   3.304795   3.304729    314.652    306.961     0.1043    -0.0030     0.1454    467.354   78.83362    7.49652    35.0372    35.0371 0.0000e+00
    337.000     4.3333     4.3322   3.303875   3.303780    315.007    306.850     0.1047     0.0021     0.1457    468.472   78.83361    7.49652    35.0369    35.0369 0.0000e+00
    338.000     4.3288     4.3283   3.303484   3.303459    314.729    306.958     0.1051     0.0023     0.1454    469.747   78.83360    7.49652    35.0365    35.0367 0.0000e+00
    339.000     4.3277     4.3271   3.303423   3.303402    314.535    307.302     0.1056     0.0023     0.1454    470.966   78.83360    7.49652    35.0364    35.0368 0.0000e+00
    340.000     4.3256     4.3252   3.303278   3.303253    314.389    307.421     0.1061     0.0023     0.1447    471.975   78.83361    7.49652    35.0364    35.0366 0.0000e+00
    341.000     4.3241     4.3231   3.303199   3.303128    314.550    307.368     0.1067     0.0023     0.1451    472.848   78.83362    7.49652    35.0366    35.0368 0.0000e+00
    342.000     4.3226     4.3213   3.303109   3.302992    314.589    307.335     0.1074     0.0023     0.1445    473.666   78.83362    7.49652    35.0365    35.0366 0.0000e+00
    343.000     4.3201     4.3196   3.302920   3.302897    314.097    307.167     0.1081     0.0023     0.1444    474.462   78.83362    7.49652    35.0365    35.0367 0.0000e+00
    344.000     4.3194     4.3189   3.302895   3.302878    313.657    307.133     0.1089     0.0023     0.1441    475.247   78.83362    7.49652    35.0364    35.0367 0.0000e+00
    345.000     4.3175     4.3171   3.302756   3.302754    313.639    307.310     0.1096     0.0023     0.1443    476.040   78.83362    7.49652    35.0363    35.0367 0.0000e+00
    346.000     4.3179     4.3173   3.302873   3.302848    313.714    307.088     0.1104     0.0023     0.1449    476.858   78.83362    7.49652    35.0366    35.0370 0.0000e+00
    347.000     4.3148     4.3143   3.302628   3.302606    314.140    307.090     0.1112     0.0023     0.1454    477.767   78.83362    7.49652    35.0365    35.0368 0.0000e+00
    348.000     4.3061     4.3055   3.301862   3.301806    314.221    307.538     0.1120     0.0023     0.1459    478.875   78.83362    7.49652    35.0362    35.0361 0.0000e+00
    349.000     4.3016     4.3010   3.301483   3.301479    313.877    307.486     0.1128     0.0023     0.1464    480.250   78.83362    7.49652    35.0360    35.0365 0.0000e+00
    350.000     4.2991     4.2986   3.301301   3.301295    313.883    307.365     0.1136     0.0023     0.1464    481.549   78.83361    7.49652    35.0360    35.0364 0.0000e+00
    351.000     4.2978     4.2972   3.301230   3.301207    314.203    307.135     0.1143     0.0023     0.1464    482.548   78.83360    7.49652    35.0359    35.0363 0.0000e+00
    352.000     4.2931     4.2926   3.300830   3.300813    313.936    307.360     0.1150     0.0027     0.1464    483.382   78.83360    7.49652    35.0357    35.0360 0.0000e+00
    353.000     4.2870     4.2866   3.300322   3.300275    313.556    307.494     0.1157     0.0023     0.1460    484.160   78.83362    7.49652    35.0357    35.0355 0.0000e+00
    354.000     4.2798     4.2793   3.299703   3.299661    313.566    307.220     0.1163    -0.0006     0.1459    484.962   78.83362    7.49652    35.0354    35.0354 0.0000e+00
    355.000     4.2695     4.2690   3.298801   3.298754    313.843    307.391     0.1169    -0.0049     0.1458    485.829   78.83362    7.49652    35.0352    35.0352 0.0000e+00
    356.000     4.2583     4.2578   3.297794   3.297761    314.389    307.513     0.1174    -0.0046     0.1460    486.763   78.83361    7.49652    35.0347    35.0348 0.0000e+00
    357.000     4.2515     4.2510   3.297203   3.297166    314.316    306.939     0.1179     0.0015     0.1457    487.704   78.83360    7.49652    35.0344    35.0345 0.0000e+00
    358.000     4.2504     4.2498   3.297160   3.297133    314.514    306.947     0.1184     0.0023     0.1463    488.658   78.83360    7.49652    35.0345    35.0348 0.0000e+00
    359.000     4.2477     4.2474   3.296935   3.296926    315.032    307.591     0.1189     0.0023     0.1467    489.648   78.83360    7.49652    35.0342    35.0344 0.0000e+00
    360.000     4.2379     4.2375   3.296085   3.296052    315.193    307.730     0.1193     0.0023     0.1465    490.653   78.83360    7.49652    35.0340    35.0341 0.0000e+00
    361.000     4.2305     4.2302   3.295430   3.295402    314.922    307.695     0.1197    -0.0014     0.1465    491.611   78.83361    7.49652    35.0336    35.0336 0.0000e+00
