test_project/cnv_files/Sta0229_bin.cnv
* Sea-Bird SBE 9 Data File:
* FileName = C:\Seabird\CTDDATA\Sta0229.hex
* Software Version Seasave V 7.26.7.107
* Temperature SN = 03-4535
* Conductivity SN = 2860
* Number of Bytes Per Scan = 44
* Number of Voltage Words = 5
* Number of Scans Averaged by the Deck Unit = 1
* NMEA Latitude = 77 54.54 N
* NMEA Longitude = 017 07.95 W
* NMEA UTC (Time) = Sep 08 2019 13:06:02
* NMEA baud rate = 9600
** Ship: "Kronprins Haakon"
** Station: 0229
** Echodepth: 336
** Log: 6087.692
** Wind-Dir Force(m/s): 35 09
** Air-temp (dry): -2.9
** Weather Sky: 0 1
** Sea Ice: 0 5
# nquan = 17
# nvalues = 318                         
# units = specified
# name 0 = prDM: Pressure, Digiquartz [db]
# name 1 = t090C: Temperature [ITS-90, deg C]
# name 2 = t190C: Temperature, 2 [ITS-90, deg C]
# name 3 = c0S/m: Conductivity [S/m]
# name 4 = c1S/m: Conductivity, 2 [S/m]
# name 5 = sbox0Mm/Kg: Oxygen, SBE 43 [umol/kg]
# name 6 = sbox1Mm/Kg: Oxygen, SBE 43, 2 [umol/kg]
# name 7 = wetCDOM: Fluorescence, WET Labs CDOM [mg/m^3]
# name 8 = flECO-AFL: Fluorescence, WET Labs ECO-AFL/FL [mg/m^3]
# name 9 = CStarAt0: Beam Attenuation, WET Labs C-Star [1/m]
# name 10 = timeS: Time, Elapsed [seconds]
# name 11 = latitude: Latitude [deg]
# name 12 = longitude: Longitude [deg]
# name 13 = upoly0: Upoly 0, ISUS
# name 14 = sal00: Salinity, Practical [PSU]
# name 15 = sal11: Salinity, Practical, 2 [PSU]
# name 16 = flag: flag
# span 0 =      8.000,    325.000       
# span 1 =    -1.6704,     1.7260       
# span 2 =    -1.6703,     1.7261       
# span 3 =   2.345876,   3.056601       
# span 4 =   2.345849,   3.056581       
# span 5 =    305.157,    424.723       
# span 6 =    300.027,    414.028       
# span 7 =     0.1155,     0.1819       
# span 8 =     0.0011,     1.6636       
# span 9 =     0.1345,     0.3392       
# span 10 =     43.326,    401.762      
# span 11 =   77.90839,   77.90895      
# span 12 =  -17.13256,  -17.13199      
# span 13 =  12.544102,  25.257051      
# span 14 =    29.1133,    34.8951      
# span 15 =    29.1131,    34.8945      
# span 16 = 0.0000e+00, 0.0000e+00      
# interval = decibars: 1                
# start_time = Sep 08 2019 13:06:02 [NMEA time, header]
# bad_flag = -9.990e-29
*END*
      8.000    -1.5233    -1.5225   2.345876   2.346061    402.982    397.917     0.1219     0.2685     0.2229     43.326   77.90895  -17.13256  13.269025    29.1133    29.1150 0.0000e+00
      9.000    -1.5240    -1.5240   2.345883   2.345849    404.904    397.962     0.1224     0.2744     0.2224     47.210   77.90892  -17.13256  12.935532    29.1136    29.1131 0.0000e+00
     10.000    -1.5237    -1.5238   2.346541   2.346516    405.402    397.225     0.1263     0.2782     0.2222     50.552   77.90892  -17.13256  13.393299    29.1216    29.1214 0.0000e+00
     11.000    -1.5219    -1.5219   2.348273   2.348349    404.898    397.412     0.1307     0.2594     0.2241     52.824   77.90892  -17.13256  13.150691    29.1429    29.1439 0.0000e+00
     12.000    -1.5171    -1.5170   2.349826   2.349872    405.014    397.704     0.1331     0.2686     0.2225     54.399   77.90892  -17.13254  13.222988    29.1587    29.1592 0.0000e+00
     13.000    -1.5143    -1.5139   2.350945   2.351094    405.343    398.743     0.1291     0.2742     0.2206     56.627   77.90892  -17.13254  12.939257    29.1707    29.1722 0.0000e+00
     14.000    -1.4896    -1.4899   2.355324   2.355493    404.754    399.951     0.1304     0.3032     0.2198     59.872   77.90892  -17.13254  12.544102    29.2053    29.2079 0.0000e+00
     15.000    -1.4278    -1.4319   2.365426   2.365039    404.854    399.166     0.1318     0.3073     0.2215     61.055   77.90891  -17.13254  12.877160    29.2811    29.2799 0.0000e+00
     16.000    -1.3880    -1.3894   2.372421   2.372208    405.760    399.145     0.1336     0.3581     0.2269     62.079   77.90890  -17.13254  13.105004    29.3363    29.3349 0.0000e+00
     17.000    -1.3619    -1.3612   2.376053   2.376259    407.796    400.119     0.1356     0.4094     0.2357     63.113   77.90890  -17.13254  12.626455    29.3593    29.3613 0.0000e+00
     18.000    -1.3306    -1.3310   2.383476   2.383462    407.486    400.749     0.1381     0.4356     0.2438     64.161   77.90890  -17.13252  12.982276    29.4284    29.4286 0.0000e+00
     19.000    -1.3153    -1.3153   2.393254   2.393364    406.657    401.675     0.1407     0.4455     0.2508     65.198   77.90890  -17.13252  13.390495    29.5449    29.5465 0.0000e+00
     20.000    -1.2573    -1.2584   2.404086   2.404227    405.987    401.358     0.1432     0.4492     0.2567     66.230   77.90890  -17.13252  13.222657    29.6335    29.6364 0.0000e+00
     21.000    -1.1939    -1.1952   2.414334   2.414510    406.202    401.484     0.1452     0.4455     0.2573     67.250   77.90890  -17.13252  13.101955    29.7083    29.7120 0.0000e+00
     22.000    -1.0878    -1.0888   2.432698   2.432941    406.671    401.383     0.1464     0.4625     0.2570     68.290   77.90890  -17.13252  13.243026    29.8497    29.8539 0.0000e+00
     23.000    -1.0406    -1.0415   2.443718   2.443753    408.661    403.330     0.1469     0.5009     0.2601     69.331   77.90890  -17.13252  13.312335    29.9503    29.9517 0.0000e+00
     24.000    -0.9639    -0.9649   2.457559   2.457720    408.541    403.767     0.1469     0.5172     0.2683     70.362   77.90890  -17.13252  13.124839    30.0590    30.0621 0.0000e+00
     25.000    -0.9525    -0.9522   2.474947   2.475097    408.070    405.052     0.1466     0.5186     0.2770     71.391   77.90890  -17.13252  12.877965    30.2804    30.2821 0.0000e+00
     26.000    -1.0230    -1.0214   2.491887   2.492221    408.652    406.577     0.1465     0.5109     0.2812     72.426   77.90888  -17.13252  12.907054    30.5791    30.5820 0.0000e+00
     27.000    -1.0244    -1.0240   2.520463   2.520821    405.482    405.085     0.1467     0.5135     0.2838     73.459   77.90888  -17.13252  13.307781    30.9652    30.9696 0.0000e+00
     28.000    -1.0669    -1.0660   2.534621   2.534687    405.515    405.241     0.1473     0.4728     0.2845     74.493   77.90888  -17.13250  13.077915    31.1998    31.1998 0.0000e+00
     29.000    -1.0924    -1.0912   2.539338   2.539322    409.657    406.292     0.1482     0.4676     0.2761     75.534   77.90888  -17.13250  12.688103    31.2896    31.2882 0.0000e+00
     30.000    -1.1614    -1.1605   2.547466   2.547576    414.447    408.598     0.1495     0.4386     0.2591     76.579   77.90888  -17.13250  13.323008    31.4715    31.4720 0.0000e+00
     31.000    -1.2225    -1.2216   2.549860   2.549925    418.910    410.854     0.1511     0.4615     0.2453     77.619   77.90888  -17.13250  12.976816    31.5678    31.5677 0.0000e+00
     32.000    -1.2318    -1.2313   2.550414   2.550465    419.308    410.433     0.1527     0.4623     0.2371     78.650   77.90888  -17.13250  12.563111    31.5845    31.5847 0.0000e+00
     33.000    -1.2456    -1.2452   2.551386   2.551459    419.894    410.439     0.1542     0.4433     0.2299     79.682   77.90888  -17.13250  13.221114    31.6117    31.6123 0.0000e+00
     34.000    -1.2691    -1.2686   2.553796   2.553932    421.279    409.901     0.1556     0.4615     0.2240     80.719   77.90888  -17.13250  13.404239    31.6688    31.6701 0.0000e+00
     35.000    -1.2720    -1.2718   2.559263   2.559364    419.657    407.992     0.1566     0.4130     0.2192     81.753   77.90888  -17.13249  12.893971    31.7458    31.7470 0.0000e+00
     36.000    -1.2458    -1.2458   2.564606   2.564783    416.704    406.440     0.1574     0.4003     0.2161     82.788   77.90888  -17.13248  13.274186    31.7902    31.7926 0.0000e+00
     37.000    -1.2183    -1.2182   2.570854   2.570885    414.980    405.269     0.1582     0.4063     0.2131     83.827   77.90888  -17.13248  14.026837    31.8454    31.8457 0.0000e+00
     38.000    -1.3040    -1.3022   2.568119   2.568096    415.757    406.054     0.1590     0.4769     0.2113     84.864   77.90888  -17.13248  13.591475    31.8990    31.8967 0.0000e+00
     39.000    -1.3410    -1.3404   2.570147   2.570504    412.374    405.130     0.1600     0.5358     0.2108     85.890   77.90887  -17.13248  14.216250    31.9655    31.9698 0.0000e+00
     40.000    -1.2805    -1.2803   2.581063   2.581155    409.127    404.080     0.1609     0.5192     0.2117     86.921   77.90886  -17.13248  14.237399    32.0492    32.0503 0.0000e+00
     41.000    -1.2894    -1.2888   2.583559   2.583584    414.216    406.075     0.1619     0.6189     0.2134     87.957   77.90886  -17.13248  14.931584    32.0923    32.0920 0.0000e+00
     42.000    -1.3429    -1.3416   2.581017   2.581029    416.609    405.893     0.1628     1.1615     0.2200     88.994   77.90886  -17.13248  13.634610    32.1144    32.1132 0.0000e+00
     43.000    -1.4142    -1.4129   2.577355   2.577307    416.426    407.625     0.1637     1.6636     0.2425     90.033   77.90886  -17.13248  13.160951    32.1405    32.1385 0.0000e+00
     44.000    -1.4764    -1.4757   2.573940   2.573956    419.779    412.187     0.1646     1.5666     0.2768     91.068   77.90886  -17.13248  13.454251    32.1602    32.1597 0.0000e+00
     45.000    -1.5162    -1.5154   2.571661   2.571701    422.600    414.028     0.1655     1.5805     0.3069     92.106   77.90886  -17.13246  13.487555    32.1712    32.1710 0.0000e+00
     46.000    -1.5360    -1.5357   2.570705   2.570742    424.723    413.741     0.1664     1.4717     0.3297     93.141   77.90886  -17.13246  13.528489    32.1789    32.1791 0.0000e+00
     47.000    -1.5500    -1.5494   2.569950   2.569974    423.139    410.352     0.1673     1.3981     0.3392     94.177   77.90886  -17.13246  14.665354    32.1830    32.1827 0.0000e+00
     48.000    -1.5603    -1.5600   2.569644   2.569676    417.820    405.131     0.1681     1.1497     0.3306     95.213   77.90886  -17.13246  14.679798    32.1894    32.1895 0.0000e+00
     49.000    -1.5699    -1.5697   2.569433   2.569467    411.915    400.210     0.1690     0.8658     0.3222     96.248   77.90886  -17.13246  15.307807    32.1963    32.1965 0.0000e+00
     50.000    -1.5838    -1.5833   2.568973   2.568992    406.156    396.307     0.1698     0.7361     0.2981     97.288   77.90886  -17.13246  15.301799    32.2044    32.2042 0.0000e+00
     51.000    -1.5981    -1.5976   2.568683   2.568713    401.780    393.550     0.1706     0.5370     0.2726     98.326   77.90886  -17.13246  15.618048    32.2152    32.2151 0.0000e+00
     52.000    -1.6273    -1.6264   2.567722   2.567752    399.531    391.963     0.1714     0.4338     0.2512     99.365   77.90886  -17.13246  15.827217    32.2331    32.2325 0.0000e+00
     53.000    -1.6379    -1.6381   2.567683   2.567764    396.955    389.558     0.1722     0.3297     0.2323    100.405   77.90886  -17.13246  16.045988    32.2434    32.2448 0.0000e+00
     54.000    -1.6410    -1.6403   2.568258   2.568300    394.728    387.367     0.1730     0.2403     0.2141    101.440   77.90886  -17.13246  16.298966    32.2541    32.2540 0.0000e+00
     55.000    -1.6443    -1.6442   2.569019   2.569087    393.873    385.722     0.1737     0.2111     0.2081    102.481   77.90884  -17.13246  16.539514    32.2676    32.2685 0.0000e+00
     56.000    -1.6453    -1.6453   2.570148   2.570215    392.896    384.268     0.1744     0.1860     0.1996    103.521   77.90884  -17.13246  16.785091    32.2837    32.2846 0.0000e+00
     57.000    -1.6471    -1.6468   2.571561   2.571623    391.903    383.360     0.1751     0.1681     0.1911    104.557   77.90884  -17.13246  17.175578    32.3045    32.3051 0.0000e+00
     58.000    -1.6522    -1.6519   2.572408   2.572457    391.742    383.155     0.1758     0.1440     0.1847    105.591   77.90884  -17.13246  16.424733    32.3212    32.3215 0.0000e+00
     59.000    -1.6614    -1.6613   2.572863   2.572939    390.808    382.804     0.1765     0.1500     0.1787    106.621   77.90884  -17.13246  16.484641    32.3369    32.3378 0.0000e+00
     60.000    -1.6644    -1.6643   2.573676   2.573722    390.416    382.321     0.1771     0.1366     0.1713    107.661   77.90884  -17.13246  16.487462    32.3507    32.3513 0.0000e+00
     61.000    -1.6661    -1.6659   2.574697   2.574772    389.564    382.028     0.1778     0.1194     0.1703    108.702   77.90884  -17.13246  16.561432    32.3661    32.3669 0.0000e+00
     62.000    -1.6681    -1.6680   2.575795   2.575884    389.883    382.118     0.1784     0.1173     0.1669    109.739   77.90884  -17.13246  16.525527    32.3829    32.3839 0.0000e+00
     63.000    -1.6703    -1.6703   2.576701   2.576774    390.425    381.818     0.1789     0.1015     0.1653    110.774   77.90884  -17.13246  16.724431    32.3972    32.3982 0.0000e+00
     64.000    -1.6657    -1.6657   2.577959   2.578065    388.706    380.273     0.1795     0.0976     0.1645    111.810   77.90883  -17.13246  16.884291    32.4089    32.4103 0.0000e+00
     65.000    -1.6629    -1.6626   2.580068   2.580148    386.470    378.134     0.1799     0.1034     0.1636    112.848   77.90882  -17.13246  16.747240    32.4344    32.4352 0.0000e+00
     66.000    -1.6665    -1.6664   2.581394   2.581482    384.720    376.554     0.1804     0.1119     0.1631    113.888   77.90882  -17.13245  16.617961    32.4560    32.4571 0.0000e+00
     67.000    -1.6608    -1.6607   2.584056   2.584114    382.640    375.184     0.1808     0.0905     0.1627    114.927   77.90882  -17.13244  17.222023    32.4860    32.4867 0.0000e+00
     68.000    -1.6611    -1.6610   2.585455   2.585529    381.717    374.253     0.1811     0.0913     0.1625    115.965   77.90882  -17.13244  16.676484    32.5050    32.5059 0.0000e+00
     69.000    -1.6607    -1.6605   2.586499   2.586591    380.664    373.232     0.1813     0.0974     0.1624    116.998   77.90882  -17.13244  16.450083    32.5184    32.5195 0.0000e+00
     70.000    -1.6637    -1.6635   2.587447   2.587508    380.335    372.887     0.1815     0.0969     0.1619    118.035   77.90882  -17.13244  17.799493    32.5342    32.5348 0.0000e+00
     71.000    -1.6697    -1.6695   2.588341   2.588402    380.485    372.984     0.1817     0.0911     0.1615    119.067   77.90882  -17.13244  17.495664    32.5525    32.5531 0.0000e+00
     72.000    -1.6704    -1.6703   2.589327   2.589400    380.394    372.581     0.1818     0.0961     0.1616    120.102   77.90882  -17.13244  17.225735    32.5663    32.5672 0.0000e+00
     73.000    -1.6672    -1.6671   2.591290   2.591361    380.251    372.085     0.1819     0.0786     0.1626    121.139   77.90882  -17.13244  17.359022    32.5893    32.5902 0.0000e+00
     74.000    -1.6664    -1.6663   2.593017   2.593084    379.994    371.564     0.1819     0.0815     0.1633    122.179   77.90882  -17.13244  17.372808    32.6117    32.6126 0.0000e+00
     75.000    -1.6651    -1.6650   2.594449   2.594538    379.516    370.762     0.1818     0.0772     0.1635    123.221   77.90882  -17.13244  17.202426    32.6295    32.6306 0.0000e+00
     76.000    -1.6644    -1.6643   2.596334   2.596446    378.143    369.909     0.1818     0.0810     0.1636    124.259   77.90882  -17.13244  17.477471    32.6541    32.6556 0.0000e+00
     77.000    -1.6636    -1.6636   2.599563   2.599682    377.594    369.224     0.1817     0.0777     0.1638    125.295   77.90882  -17.13244  18.725214    32.6973    32.6990 0.0000e+00
     78.000    -1.6471    -1.6474   2.604310   2.604404    376.903    368.681     0.1815     0.0756     0.1637    126.336   77.90882  -17.13244  17.894948    32.7442    32.7458 0.0000e+00
     79.000    -1.6424    -1.6423   2.605984   2.606077    376.717    368.719     0.1814     0.0756     0.1637    127.374   77.90882  -17.13242  17.361282    32.7615    32.7627 0.0000e+00
     80.000    -1.6510    -1.6507   2.608323   2.608422    376.806    368.339     0.1811     0.0756     0.1637    128.413   77.90880  -17.13242  17.761967    32.8027    32.8038 0.0000e+00
     81.000    -1.6431    -1.6431   2.613499   2.613569    375.572    367.006     0.1809     0.0719     0.1634    129.450   77.90880  -17.13242  17.948774    32.8650    32.8660 0.0000e+00
     82.000    -1.6402    -1.6400   2.616835   2.616916    374.072    366.516     0.1806     0.0749     0.1627    130.483   77.90880  -17.13242  17.765352    32.9073    32.9081 0.0000e+00
     83.000    -1.6391    -1.6391   2.620389   2.620487    374.813    366.954     0.1803     0.0711     0.1632    131.521   77.90880  -17.13242  17.501652    32.9546    32.9560 0.0000e+00
     84.000    -1.6360    -1.6359   2.623839   2.623906    375.424    367.275     0.1799     0.0559     0.1637    132.557   77.90880  -17.13242  17.383677    32.9983    32.9991 0.0000e+00
     85.000    -1.6296    -1.6296   2.626636   2.626714    375.410    367.179     0.1795     0.0609     0.1637    133.592   77.90880  -17.13242  17.525219    33.0292    33.0304 0.0000e+00
     86.000    -1.6161    -1.6164   2.630268   2.630339    374.713    366.409     0.1791     0.0628     0.1638    134.629   77.90880  -17.13242  17.670829    33.0638    33.0651 0.0000e+00
     87.000    -1.6044    -1.6043   2.634252   2.634354    374.156    365.850     0.1786     0.0647     0.1635    135.665   77.90880  -17.13242  17.228111    33.1053    33.1067 0.0000e+00
     88.000    -1.6067    -1.6065   2.637680   2.637779    373.627    365.105     0.1781     0.0525     0.1633    136.706   77.90880  -17.13242  18.061047    33.1547    33.1558 0.0000e+00
     89.000    -1.5995    -1.5995   2.640845   2.640938    371.749    363.775     0.1776     0.0465     0.1635    137.744   77.90880  -17.13242  18.057696    33.1897    33.1911 0.0000e+00
     90.000    -1.5943    -1.5942   2.644560   2.644688    370.448    362.855     0.1771     0.0454     0.1630    138.780   77.90880  -17.13242  17.753726    33.2347    33.2363 0.0000e+00
     91.000    -1.5905    -1.5900   2.648239   2.648360    368.962    362.203     0.1765     0.0397     0.1626    139.815   77.90880  -17.13241  17.660413    33.2807    33.2819 0.0000e+00
     92.000    -1.5634    -1.5642   2.652922   2.653055    367.916    360.922     0.1760     0.0464     0.1624    140.854   77.90880  -17.13240  17.776138    33.3145    33.3172 0.0000e+00
