test_project/cnv_files/sta0250_bin.cnv
* Sea-Bird SBE 9 Data File:
* FileName = C:\Seabird\CTDDATA\Sta0250.hex
* Software Version Seasave V 7.26.7.107
* Temperature SN = 03-4535
* Conductivity SN = 2860
* Number of Bytes Per Scan = 44
* Number of Voltage Words = 5
* Number of Scans Averaged by the Deck Unit = 1
* NMEA Latitude = 78 49.96 N
* NMEA Longitude = 008 29.97 E
* NMEA UTC (Time) = Sep 15 2019 00:38:19
* NMEA baud rate = 9600
** Ship: "Kronprins Haakon"
** Station: 0250
** Echodepth: 568
** Log: 6527.361
** Wind-Dir Force(m/s): 07 21
** Air-temp (dry): 7.0
** Weather Sky: 2 5
** Sea Ice: 4 0
# nquan = 16
# nvalues = 568                         
# units = specified
# name 0 = prDM: Pressure, Digiquartz [db]
# name 1 = t090C: Temperature [ITS-90, deg C]
# name 2 = t190C: Temperature, 2 [ITS-90, deg C]
# name 3 = c0S/m: Conductivity [S/m]
# name 4 = c1S/m: Conductivity, 2 [S/m]
# name 5 = sbox0Mm/Kg: Oxygen, SBE 43 [umol/kg]
# name 6 = sbox1Mm/Kg: Oxygen, SBE 43, 2 [umol/kg]
# name 7 = wetCDOM: Fluorescence, WET Labs CDOM [mg/m^3]
# name 8 = flECO-AFL: Fluorescence, WET Labs ECO-AFL/FL [mg/m^3]
# name 9 = CStarAt0: Beam Attenuation, WET Labs C-Star [1/m]
# name 10 = timeS: Time, Elapsed [seconds]
# name 11 = latitude: Latitude [deg]
# name 12 = longitude: Longitude [deg]
# name 13 = sal00: Salinity, Practical [PSU]
# name 14 = sal11: Salinity, Practical, 2 [PSU]
# name 15 = flag: flag
# span 0 =      2.000,    569.000       
# span 1 =     2.8078,     6.5710       
# span 2 =     2.8071,     6.5656       
# span 3 =   3.170698,   3.475498       
# span 4 =   3.170668,   3.474947       
# span 5 =    301.975,    320.685       
# span 6 =    294.843,    313.040       
# span 7 =     0.0932,     0.1334       
# span 8 =    -0.0032,     1.7224       
# span 9 =     0.1557,     0.4084       
# span 10 =    178.731,    743.074      
# span 11 =   78.83280,   78.83284      
# span 12 =    8.49944,    8.49952      
# span 13 =    34.6202,    35.0407      
# span 14 =    34.6047,    35.0409      
# span 15 = 0.0000e+00, 0.0000e+00      
# interval = decibars: 1                
# start_time = Sep 15 2019 00:38:19 [NMEA time, header]
# bad_flag = -9.990e-29
*END*
[from data line 91]
     93.000     5.5328     5.5306   3.398380   3.398224    309.101    298.945     0.1009     0.1102     0.1765    275.338   78.83282    8.49950    35.0019    35.0024 0.0000e+00
     94.000     5.5199     5.5203   3.397312   3.397365    308.407    298.782     0.1009     0.1023     0.1753    276.299   78.83282    8.49950    35.0026    35.0028 0.0000e+00
     95.000     5.5111     5.5102   3.396762   3.396745    309.427    299.607     0.1010     0.0915     0.1745    277.254   78.83282    8.49950    35.0050    35.0057 0.0000e+00
     96.000     5.5106     5.5096   3.396794   3.396778    310.874    300.128     0.1011     0.0972     0.1737    278.208   78.83280    8.49948    35.0054    35.0062 0.0000e+00
     97.000     5.5132     5.5114   3.397488   3.397389    311.346    300.474     0.1012     0.1033     0.1727    279.171   78.83280    8.49948    35.0101    35.0108 0.0000e+00
     98.000     5.5210     5.5217   3.398497   3.398676    310.720    300.183     0.1013     0.0943     0.1736    280.145   78.83280    8.49948    35.0130    35.0143 0.0000e+00
     99.000     5.5292     5.5292   3.399535   3.399665    309.696    300.117     0.1014     0.0858     0.1734    281.136   78.83280    8.49948    35.0157    35.0173 0.0000e+00
    100.000     5.5387     5.5380   3.401017   3.400994    308.132    299.853     0.1015     0.0868     0.1728    282.128   78.83282    8.49948    35.0223    35.0228 0.0000e+00
    101.000     5.5325     5.5320   3.400763   3.400756    306.991    299.582     0.1015     0.0868     0.1716    283.125   78.83282    8.49948    35.0253    35.0258 0.0000e+00
    102.000     5.5292     5.5281   3.400581   3.400522    306.232    299.415     0.1016     0.0778     0.1705    284.123   78.83282    8.49950    35.0261    35.0266 0.0000e+00
    103.000     5.5256     5.5246   3.400358   3.400295    305.408    298.931     0.1015     0.0683     0.1694    285.116   78.83282    8.49950    35.0268    35.0272 0.0000e+00
    104.000     5.5097     5.5092   3.399096   3.399070    304.925    298.796     0.1015     0.0657     0.1688    286.106   78.83282    8.49950    35.0285    35.0287 0.0000e+00
    105.000     5.5070     5.5060   3.398953   3.398922    304.306    298.291     0.1014     0.0546     0.1679    287.082   78.83282    8.49950    35.0291    35.0298 0.0000e+00
    106.000     5.5067     5.5062   3.398993   3.399007    304.372    298.219     0.1013     0.0600     0.1672    288.049   78.83280    8.49950    35.0294    35.0300 0.0000e+00
    107.000     5.4677     5.4719   3.395359   3.395609    305.196    298.367     0.1012     0.0544     0.1661    289.015   78.83280    8.49948    35.0278    35.0264 0.0000e+00
    108.000     5.4264     5.4254   3.391391   3.391228    305.720    298.412     0.1011     0.0483     0.1651    289.980   78.83280    8.49948    35.0250    35.0241 0.0000e+00
    109.000     5.4098     5.4089   3.389839   3.389798    304.723    298.041     0.1010     0.0551     0.1660    290.941   78.83280    8.49948    35.0239    35.0244 0.0000e+00
    110.000     5.4086     5.4078   3.389904   3.389854    305.234    298.277     0.1009     0.0573     0.1651    291.912   78.83280    8.49948    35.0254    35.0257 0.0000e+00
    111.000     5.3706     5.3710   3.386430   3.386381    307.432    299.327     0.1008     0.0536     0.1655    292.886   78.83280    8.49948    35.0247    35.0238 0.0000e+00
    112.000     5.3286     5.3279   3.382614   3.382486    308.194    300.118     0.1007     0.0493     0.1661    293.866   78.83280    8.49948    35.0242    35.0235 0.0000e+00
    113.000     5.2602     5.2609   3.376233   3.376124    308.443    300.279     0.1005     0.0392     0.1652    294.854   78.83281    8.49949    35.0218    35.0198 0.0000e+00
    114.000     5.2148     5.2147   3.371863   3.371895    308.603    300.135     0.1004     0.0381     0.1640    295.860   78.83282    8.49950    35.0185    35.0190 0.0000e+00
    115.000     5.1833     5.1830   3.368982   3.368884    309.425    300.540     0.1002     0.0324     0.1645    296.865   78.83282    8.49950    35.0176    35.0168 0.0000e+00
    116.000     5.1648     5.1637   3.367404   3.367360    311.900    301.485     0.1000     0.0379     0.1641    297.856   78.83282    8.49949    35.0183    35.0189 0.0000e+00
    117.000     5.1659     5.1654   3.367714   3.367723    313.467    302.078     0.0998     0.0264     0.1654    298.838   78.83282    8.49948    35.0202    35.0209 0.0000e+00
    118.000     5.1442     5.1446   3.365741   3.365782    314.474    302.809     0.0996     0.0243     0.1659    299.816   78.83281    8.49948    35.0197    35.0197 0.0000e+00
    119.000     5.1394     5.1385   3.365339   3.365328    314.474    302.903     0.0994     0.0290     0.1647    300.787   78.83280    8.49948    35.0196    35.0204 0.0000e+00
    120.000     5.1342     5.1333   3.364911   3.364872    313.891    302.822     0.0991     0.0355     0.1652    301.754   78.83280    8.49948    35.0195    35.0200 0.0000e+00
    121.000     5.1291     5.1272   3.364471   3.364331    313.205    303.248     0.0988     0.0360     0.1651    302.721   78.83280    8.49948    35.0192    35.0196 0.0000e+00
    122.000     5.1066     5.1039   3.362506   3.362232    312.501    303.347     0.0985     0.0294     0.1648    303.690   78.83280    8.49948    35.0196    35.0193 0.0000e+00
    123.000     5.0943     5.0933   3.361391   3.361365    311.941    303.136     0.0982     0.0258     0.1640    304.665   78.83280    8.49948    35.0191    35.0198 0.0000e+00
    124.000     5.0948     5.0943   3.361496   3.361535    311.215    303.128     0.0979     0.0305     0.1640    305.641   78.83280    8.49948    35.0193    35.0202 0.0000e+00
    125.000     5.1028     5.1016   3.362459   3.362449    311.461    303.359     0.0976     0.0250     0.1641    306.619   78.83280    8.49948    35.0215    35.0226 0.0000e+00
    126.000     5.0902     5.0898   3.361366   3.361281    312.568    303.702     0.0973     0.0305     0.1639    307.607   78.83280    8.49948    35.0215    35.0209 0.0000e+00
    127.000     5.0621     5.0611   3.358948   3.358869    312.087    303.769     0.0971     0.0255     0.1647    308.596   78.83281    8.49948    35.0224    35.0226 0.0000e+00
    128.000     5.0655     5.0646   3.359356   3.359352    310.484    303.248     0.0968     0.0243     0.1643    309.582   78.83282    8.49948    35.0231    35.0240 0.0000e+00
    129.000     5.0742     5.0731   3.360385   3.360375    310.044    303.446     0.0965     0.0288     0.1639    310.567   78.83282    8.49948    35.0253    35.0264 0.0000e+00
    130.000     5.0822     5.0815   3.361320   3.361348    310.417    303.716     0.0962     0.0277     0.1642    311.555   78.83281    8.49948    35.0272    35.0282 0.0000e+00
    131.000     5.0837     5.0828   3.361719   3.361665    311.510    303.849     0.0960     0.0272     0.1638    312.537   78.83280    8.49948    35.0298    35.0301 0.0000e+00
    132.000     5.0839     5.0826   3.361787   3.361731    311.241    303.753     0.0958     0.0291     0.1629    313.514   78.83280    8.49948    35.0298    35.0305 0.0000e+00
    133.000     5.0807     5.0794   3.361529   3.361417    310.246    303.553     0.0956     0.0227     0.1640    314.486   78.83280    8.49948    35.0296    35.0297 0.0000e+00
    134.000     5.0721     5.0729   3.360675   3.360861    309.286    303.109     0.0954     0.0179     0.1631    315.458   78.83280    8.49948    35.0283    35.0295 0.0000e+00
    135.000     5.0750     5.0734   3.361044   3.360908    308.971    302.680     0.0952     0.0240     0.1621    316.429   78.83280    8.49948    35.0289    35.0290 0.0000e+00
    136.000     5.0706     5.0685   3.360642   3.360469    309.581    302.972     0.0950     0.0243     0.1618    317.403   78.83280    8.49948    35.0283    35.0286 0.0000e+00
    137.000     5.0610     5.0596   3.359748   3.359642    310.370    303.177     0.0948     0.0242     0.1620    318.383   78.83280    8.49948    35.0276    35.0278 0.0000e+00
    138.000     5.0526     5.0522   3.359125   3.359147    310.532    303.293     0.0947     0.0192     0.1619    319.363   78.83280    8.49948    35.0287    35.0293 0.0000e+00
    139.000     5.0538     5.0526   3.359290   3.359236    310.624    303.536     0.0945     0.0215     0.1625    320.348   78.83282    8.49948    35.0288    35.0295 0.0000e+00
    140.000     5.0459     5.0458   3.358812   3.358807    310.795    303.915     0.0944     0.0243     0.1634    321.330   78.83282    8.49948    35.0310    35.0310 0.0000e+00
    141.000     5.0444     5.0435   3.358829   3.358785    310.733    303.784     0.0943     0.0243     0.1616    322.319   78.83280    8.49948    35.0323    35.0327 0.0000e+00
    142.000     5.0437     5.0426   3.358848   3.358803    310.719    303.652     0.0942     0.0221     0.1615    323.308   78.83280    8.49948    35.0327    35.0333 0.0000e+00
    143.000     5.0434     5.0424   3.358855   3.358808    310.651    303.785     0.0940     0.0171     0.1612    324.290   78.83280    8.49948    35.0326    35.0330 0.0000e+00
    144.000     5.0436     5.0427   3.358894   3.358865    310.101    303.387     0.0939     0.0179     0.1613    325.270   78.83280    8.49948    35.0322    35.0328 0.0000e+00
    145.000     5.0428     5.0421   3.358893   3.358855    309.927    303.083     0.0938     0.0235     0.1616    326.244   78.83280    8.49948    35.0325    35.0329 0.0000e+00
    146.000     5.0409     5.0403   3.358830   3.358802    309.712    303.010     0.0937     0.0178     0.1600    327.220   78.83280    8.49948    35.0333    35.0336 0.0000e+00
    147.000     5.0396     5.0388   3.358813   3.358790    309.680    303.298     0.0936     0.0172     0.1605    328.197   78.83280    8.49948    35.0340    35.0345 0.0000e+00
    148.000     5.0384     5.0376   3.358849   3.358798    309.762    303.534     0.0936     0.0272     0.1603    329.177   78.83280    8.49948    35.0351    35.0353 0.0000e+00
    149.000     5.0387     5.0377   3.358965   3.358917    309.440    303.586     0.0935     0.0225     0.1594    330.160   78.83280    8.49948    35.0356    35.0360 0.0000e+00
    150.000     5.0400     5.0391   3.359320   3.359274    309.442    303.597     0.0934     0.0205     0.1593    331.139   78.83280    8.49948    35.0378    35.0382 0.0000e+00
    151.000     5.0413     5.0406   3.359604   3.359587    309.697    303.589     0.0934     0.0243     0.1597    332.113   78.83280    8.49948    35.0392    35.0397 0.0000e+00
    152.000     5.0417     5.0408   3.359811   3.359745    309.982    303.607     0.0934     0.0199     0.1595    333.095   78.83280    8.49948    35.0406    35.0409 0.0000e+00
    153.000     5.0269     5.0261   3.358475   3.358373    310.224    303.700     0.0933     0.0098     0.1598    334.079   78.83280    8.49948    35.0402    35.0399 0.0000e+00
    154.000     5.0145     5.0140   3.357364   3.357332    309.915    303.309     0.0933     0.0096     0.1592    335.063   78.83280    8.49948    35.0399    35.0400 0.0000e+00
    155.000     5.0030     5.0021   3.356376   3.356307    309.736    302.992     0.0932     0.0096     0.1587    336.044   78.83280    8.49948    35.0400    35.0401 0.0000e+00
    156.000     4.9982     4.9973   3.355995   3.355941    309.344    302.808     0.0932     0.0094     0.1582    337.024   78.83280    8.49948    35.0400    35.0403 0.0000e+00
    157.000     4.9945     4.9936   3.355727   3.355664    309.693    302.926     0.0932     0.0038     0.1574    338.009   78.83280    8.49948    35.0403    35.0405 0.0000e+00
    158.000     4.9922     4.9913   3.355562   3.355512    310.218    303.384     0.0932     0.0024     0.1569    338.991   78.83280    8.49948    35.0403    35.0406 0.0000e+00
    159.000     4.9896     4.9886   3.355419   3.355321    310.339    303.582     0.0932     0.0068     0.1564    339.977   78.83280    8.49948    35.0407    35.0407 0.0000e+00
    160.000     4.9846     4.9843   3.354969   3.354933    310.239    303.771     0.0932     0.0096     0.1567    340.962   78.83280    8.49948    35.0403    35.0402 0.0000e+00
    161.000     4.9747     4.9763   3.354057   3.354225    310.295    303.644     0.0932     0.0127     0.1561    341.946   78.83280    8.49948    35.0396    35.0398 0.0000e+00
    162.000     4.9665     4.9678   3.353293   3.353389    310.587    303.712     0.0932     0.0126     0.1561    342.924   78.83280    8.49948    35.0388    35.0386 0.0000e+00
    163.000     4.9500     4.9494   3.351741   3.351647    310.490    303.693     0.0933     0.0024     0.1561    343.902   78.83280    8.49948    35.0376    35.0372 0.0000e+00
    164.000     4.9183     4.9186   3.348752   3.348722    310.339    303.821     0.0934     0.0044     0.1567    344.885   78.83280    8.49948    35.0358    35.0351 0.0000e+00
    165.000     4.8896     4.8893   3.346067   3.345988    310.764    304.206     0.0935     0.0163     0.1562    345.868   78.83280    8.49948    35.0342    35.0336 0.0000e+00
    166.000     4.8611     4.8601   3.343416   3.343244    311.015    304.209     0.0936     0.0168     0.1560    346.846   78.83281    8.49948    35.0328    35.0320 0.0000e+00
    167.000     4.8459     4.8455   3.341986   3.341970    311.455    304.443     0.0938     0.0109     0.1557    347.820   78.83281    8.49948    35.0317    35.0319 0.0000e+00
    168.000     4.8390     4.8389   3.341338   3.341319    312.178    304.472     0.0939     0.0097     0.1565    348.799   78.83280    8.49947    35.0309    35.0309 0.0000e+00
    169.000     4.8187     4.8180   3.339403   3.339305    313.230    304.427     0.0941     0.0140     0.1571    349.786   78.83280    8.49946    35.0293    35.0288 0.0000e+00
    170.000     4.8104     4.8109   3.338644   3.338724    313.912    304.513     0.0943     0.0130     0.1571    350.764   78.83280    8.49946    35.0287    35.0291 0.0000e+00
    171.000     4.8080     4.8068   3.338464   3.338330    313.426    304.567     0.0945     0.0096     0.1568    351.743   78.83280    8.49946    35.0285    35.0283 0.0000e+00
    172.000     4.7975     4.7950   3.337475   3.337255    313.620    305.116     0.0947     0.0096     0.1574    352.722   78.83280    8.49946    35.0276    35.0276 0.0000e+00
    173.000     4.7925     4.7914   3.337042   3.336964    313.351    305.758     0.0949     0.0122     0.1576    353.698   78.83280    8.49946    35.0273    35.0275 0.0000e+00
    174.000     4.7974     4.7957   3.337573   3.337457    313.223    305.790     0.0951     0.0229     0.1581    354.677   78.83280    8.49947    35.0277    35.0282 0.0000e+00
    175.000     4.8023     4.8010   3.338092   3.338020    313.382    305.788     0.0953     0.0169     0.1582    355.663   78.83281    8.49948    35.0281    35.0287 0.0000e+00
    176.000     4.8030     4.8014   3.338203   3.338054    313.574    305.732     0.0956     0.0101     0.1581    356.649   78.83282    8.49947    35.0281    35.0281 0.0000e+00
    177.000     4.8031     4.8009   3.338275   3.338101    313.473    305.557     0.0958     0.0037     0.1583    357.638   78.83282    8.49946    35.0283    35.0286 0.0000e+00
    178.000     4.8020     4.8015   3.338211   3.338180    312.624    305.324     0.0961     0.0023     0.1583    358.623   78.83282    8.49946    35.0282    35.0284 0.0000e+00
    179.000     4.7967     4.7946   3.337726   3.337537    312.356    305.267     0.0963     0.0023     0.1583    359.599   78.83282    8.49946    35.0276    35.0276 0.0000e+00
    180.000     4.7786     4.7806   3.335972   3.336089    312.254    305.506     0.0965     0.0061     0.1584    360.576   78.83281    8.49946    35.0257    35.0249 0.0000e+00
    181.000     4.7428     4.7419   3.332521   3.332392    312.095    306.013     0.0968     0.0154     0.1584    361.555   78.83280    8.49946    35.0227    35.0221 0.0000e+00
