test_project/cnv_files/Sta0222_bin.cnv
* Sea-Bird SBE 9 Data File:
* FileName = C:\Seabird\CTDDATA\Sta0222.hex
* Software Version Seasave V 7.26.7.107
* Temperature SN = 03-4535
* Conductivity SN = 2860
* Number of Bytes Per Scan = 44
* Number of Voltage Words = 5
* Number of Scans Averaged by the Deck Unit = 1
* NMEA Latitude = 78 13.52 N
* NMEA Longitude = 015 27.38 W
* NMEA UTC (Time) = Sep 07 2019 23:00:02
* NMEA baud rate = 9600
** Ship: "Kronprins Haakon"
** Station: 0222
** Echodepth: 228
** Log: 6058.490
** Wind-Dir Force(m/s): 25 06
** Air-temp (dry): -1.7
** Weather Sky: 0 1
** Sea Ice: 0 4
# nquan = 17
# nvalues = 213                         
# units = specified
# name 0 = prDM: Pressure, Digiquartz [db]
# name 1 = t090C: Temperature [ITS-90, deg C]
# name 2 = t190C: Temperature, 2 [ITS-90, deg C]
# name 3 = c0S/m: Conductivity [S/m]
# name 4 = c1S/m: Conductivity, 2 [S/m]
# name 5 = sbox0Mm/Kg: Oxygen, SBE 43 [umol/kg]
# name 6 = sbox1Mm/Kg: Oxygen, SBE 43, 2 [umol/kg]
# name 7 = wetCDOM: Fluorescence, WET Labs CDOM [mg/m^3]
# name 8 = flECO-AFL: Fluorescence, WET Labs ECO-AFL/FL [mg/m^3]
# name 9 = CStarAt0: Beam Attenuation, WET Labs C-Star [1/m]
# name 10 = timeS: Time, Elapsed [seconds]
# name 11 = latitude: Latitude [deg]
# name 12 = longitude: Longitude [deg]
# name 13 = upoly0: Upoly 0, ISUS
# name 14 = sal00: Salinity, Practical [PSU]
# name 15 = sal11: Salinity, Practical, 2 [PSU]
# name 16 = flag: flag
# span 0 =      2.000,    214.000       
# span 1 =    -1.6639,     1.0359       
# span 2 =    -1.6635,     1.0345       
# span 3 =   2.409684,   2.980865       
# span 4 =   2.409652,   2.980760       
# span 5 =    307.298,    425.799       
# span 6 =    304.596,    417.337       
# span 7 =     0.1200,     0.1834       
# span 8 =     0.0034,     1.8835       
# span 9 =     0.1358,     0.3498       
# span 10 =    544.988,    792.065      
# span 11 =   78.22544,   78.22544      
# span 12 =  -15.45643,  -15.45640      
# span 13 =  12.621271,  24.475715      
# span 14 =    29.4319,    34.7128      
# span 15 =    29.4315,    34.7125      
# span 16 = 0.0000e+00, 0.0000e+00      
# interval = decibars: 1                
# start_time = Sep 07 2019 23:00:02 [NMEA time, header]
# bad_flag = -9.990e-29
*END*
[from data line 86]
     88.000    -1.6325    -1.6324   2.638958   2.638949    371.004    364.265     0.1806     0.0559     0.1509    637.554   78.22544  -15.45640  17.926320    33.2011    33.2009 0.0000e+00
     89.000    -1.6213    -1.6219   2.641287   2.641284    369.916    363.883     0.1802     0.0406     0.1504    638.649   78.22544  -15.45640  18.085251    33.2203    33.2209 0.0000e+00
     90.000    -1.6036    -1.6032   2.644597   2.644577    369.806    363.780     0.1798     0.0446     0.1506    639.728   78.22544  -15.45640  18.087303    33.2457    33.2450 0.0000e+00
     91.000    -1.6274    -1.6270   2.644289   2.644279    369.968    363.920     0.1793     0.0400     0.1500    640.773   78.22544  -15.45640  18.109397    33.2674    33.2668 0.0000e+00
     92.000    -1.5919    -1.5927   2.649571   2.649572    367.946    362.513     0.1788     0.0461     0.1502    641.786   78.22544  -15.45640  18.063519    33.3001    33.3010 0.0000e+00
     93.000    -1.5910    -1.5909   2.650638   2.650626    367.511    361.980     0.1783     0.0459     0.1503    642.775   78.22544  -15.45640  18.016450    33.3133    33.3130 0.0000e+00
     94.000    -1.5963    -1.5953   2.651058   2.651066    368.045    361.807     0.1777     0.0462     0.1499    643.757   78.22544  -15.45640  18.115346    33.3243    33.3233 0.0000e+00
     95.000    -1.6201    -1.6194   2.650641   2.650660    367.732    361.672     0.1772     0.0520     0.1506    644.739   78.22544  -15.45640  18.575497    33.3446    33.3441 0.0000e+00
     96.000    -1.6222    -1.6217   2.652156   2.652157    365.764    360.637     0.1766     0.0532     0.1509    645.746   78.22544  -15.45640  18.282878    33.3673    33.3668 0.0000e+00
     97.000    -1.6254    -1.6252   2.653451   2.653445    364.740    359.637     0.1761     0.0439     0.1507    646.781   78.22544  -15.45640  17.776831    33.3883    33.3879 0.0000e+00
     98.000    -1.6471    -1.6457   2.653084   2.653108    365.250    359.712     0.1755     0.0391     0.1513    647.841   78.22544  -15.45640  18.445836    33.4070    33.4057 0.0000e+00
     99.000    -1.6565    -1.6563   2.653238   2.653236    365.525    359.820     0.1749     0.0432     0.1518    648.923   78.22544  -15.45640  18.357192    33.4191    33.4188 0.0000e+00
    100.000    -1.6528    -1.6525   2.654058   2.654069    365.382    359.305     0.1743     0.0503     0.1519    650.010   78.22544  -15.45640  18.408773    33.4256    33.4255 0.0000e+00
    101.000    -1.6574    -1.6568   2.654286   2.654303    365.687    359.500     0.1737     0.0446     0.1516    651.087   78.22544  -15.45640  18.259751    33.4333    33.4329 0.0000e+00
    102.000    -1.6383    -1.6408   2.656683   2.656653    366.194    359.778     0.1731     0.0389     0.1512    652.141   78.22544  -15.45640  17.991986    33.4444    33.4468 0.0000e+00
    103.000    -1.5784    -1.5790   2.662825   2.662815    365.547    359.037     0.1725     0.0463     0.1511    653.175   78.22544  -15.45640  18.305997    33.4614    33.4619 0.0000e+00
    104.000    -1.5792    -1.5786   2.663267   2.663268    366.959    359.854     0.1718     0.0499     0.1511    654.180   78.22544  -15.45640  18.908788    33.4678    33.4671 0.0000e+00
    105.000    -1.5817    -1.5821   2.664005   2.663995    366.884    359.812     0.1712     0.0436     0.1515    655.177   78.22544  -15.45640  19.309286    33.4802    33.4806 0.0000e+00
    106.000    -1.5655    -1.5653   2.666804   2.666778    363.837    358.103     0.1706     0.0508     0.1518    656.171   78.22544  -15.45640  18.405948    33.5000    33.4995 0.0000e+00
    107.000    -1.5642    -1.5643   2.667852   2.667820    362.228    357.477     0.1700     0.0743     0.1527    657.175   78.22544  -15.45640  18.635747    33.5125    33.5121 0.0000e+00
    108.000    -1.6091    -1.6063   2.664884   2.664903    362.674    357.686     0.1695     0.0481     0.1531    658.195   78.22544  -15.45640  19.056677    33.5213    33.5184 0.0000e+00
    109.000    -1.6196    -1.6201   2.664496   2.664483    361.149    356.613     0.1689     0.0517     0.1529    659.234   78.22544  -15.45640  18.689324    33.5273    33.5276 0.0000e+00
    110.000    -1.6163    -1.6162   2.665503   2.665512    359.277    355.388     0.1683     0.0453     0.1534    660.301   78.22544  -15.45640  18.625761    33.5368    33.5369 0.0000e+00
    111.000    -1.5997    -1.6006   2.667556   2.667539    360.571    355.783     0.1677     0.0399     0.1546    661.382   78.22544  -15.45640  19.016461    33.5459    33.5466 0.0000e+00
    112.000    -1.5511    -1.5525   2.672889   2.672855    361.967    355.809     0.1672     0.0461     0.1529    662.457   78.22544  -15.45640  19.022946    33.5642    33.5653 0.0000e+00
    113.000    -1.5271    -1.5275   2.676051   2.676054    363.629    356.650     0.1666     0.0532     0.1535    663.515   78.22544  -15.45640  18.693391    33.5803    33.5808 0.0000e+00
    114.000    -1.5090    -1.5088   2.678512   2.678515    363.588    356.565     0.1661     0.0532     0.1518    664.547   78.22544  -15.45640  18.768316    33.5933    33.5930 0.0000e+00
    115.000    -1.5394    -1.5375   2.677067   2.677092    361.347    356.200     0.1656     0.0466     0.1521    665.560   78.22544  -15.45640  18.853773    33.6070    33.6051 0.0000e+00
    116.000    -1.5644    -1.5635   2.675792   2.675816    358.886    354.869     0.1650     0.0340     0.1523    666.566   78.22544  -15.45640  19.794347    33.6169    33.6162 0.0000e+00
    117.000    -1.5562    -1.5568   2.677843   2.677821    355.941    353.254     0.1645     0.0419     0.1525    667.562   78.22544  -15.45640  19.468262    33.6353    33.6358 0.0000e+00
    118.000    -1.5156    -1.5172   2.682559   2.682523    355.843    352.702     0.1640     0.0463     0.1519    668.569   78.22544  -15.45640  19.460201    33.6540    33.6554 0.0000e+00
    119.000    -1.4915    -1.4921   2.685337   2.685318    358.959    353.142     0.1635     0.0460     0.1519    669.594   78.22544  -15.45640  19.274362    33.6646    33.6650 0.0000e+00
    120.000    -1.5177    -1.5147   2.684624   2.684650    360.865    353.810     0.1630     0.0379     0.1520    670.644   78.22544  -15.45640  19.181572    33.6837    33.6807 0.0000e+00
    121.000    -1.5619    -1.5605   2.681614   2.681670    359.293    353.160     0.1626     0.0394     0.1533    671.715   78.22544  -15.45640  19.330709    33.6914    33.6906 0.0000e+00
    122.000    -1.5861    -1.5886   2.680215   2.680035    355.396    351.291     0.1621     0.0459     0.1516    672.786   78.22544  -15.45640  19.477523    33.6989    33.6992 0.0000e+00
    123.000    -1.5176    -1.5177   2.686712   2.686695    354.327    350.155     0.1616     0.0387     0.1499    673.847   78.22544  -15.45640  19.351692    33.7106    33.7104 0.0000e+00
    124.000    -1.4922    -1.4945   2.689457   2.689403    357.994    351.470     0.1612     0.0348     0.1497    674.891   78.22544  -15.45640  18.943955    33.7191    33.7209 0.0000e+00
    125.000    -1.4719    -1.4708   2.692134   2.692133    360.352    352.333     0.1608     0.0360     0.1485    675.916   78.22544  -15.45640  19.329881    33.7325    33.7312 0.0000e+00
    126.000    -1.4078    -1.4141   2.698929   2.698827    359.131    351.483     0.1603     0.0314     0.1474    676.930   78.22544  -15.45640  19.527953    33.7530    33.7588 0.0000e+00
    127.000    -1.2669    -1.2674   2.712415   2.712397    354.633    349.275     0.1599     0.0332     0.1469    677.932   78.22544  -15.45640  19.534185    33.7786    33.7789 0.0000e+00
    128.000    -1.3012    -1.3005   2.710341   2.710353    356.229    350.956     0.1595     0.0374     0.1465    678.934   78.22544  -15.45640  19.769942    33.7883    33.7876 0.0000e+00
    129.000    -1.2408    -1.2430   2.716426   2.716443    352.664    348.404     0.1591     0.0311     0.1458    679.948   78.22544  -15.45640  19.794382    33.8029    33.8056 0.0000e+00
    130.000    -1.1770    -1.1795   2.722982   2.722937    345.419    344.890     0.1587     0.0303     0.1457    680.975   78.22544  -15.45640  19.848041    33.8200    33.8223 0.0000e+00
    131.000    -1.1570    -1.1552   2.725561   2.725616    343.239    343.377     0.1583     0.0244     0.1456    682.022   78.22544  -15.45640  20.189522    33.8322    33.8309 0.0000e+00
    132.000    -1.1320    -1.1354   2.728777   2.728679    342.204    341.918     0.1579     0.0302     0.1460    683.078   78.22544  -15.45640  20.596796    33.8473    33.8499 0.0000e+00
    133.000    -1.0883    -1.0872   2.733914   2.733916    339.264    339.949     0.1575     0.0308     0.1451    684.139   78.22544  -15.45640  20.468809    33.8676    33.8663 0.0000e+00
    134.000    -1.0637    -1.0664   2.737510   2.737399    339.375    339.238     0.1571     0.0305     0.1446    685.200   78.22544  -15.45640  20.663547    33.8883    33.8898 0.0000e+00
    135.000    -0.9906    -0.9919   2.745248   2.745393    338.673    337.146     0.1566     0.0253     0.1445    686.252   78.22544  -15.45640  21.227717    33.9107    33.9141 0.0000e+00
    136.000    -0.8097    -0.8156   2.761875   2.761697    337.577    335.476     0.1562     0.0295     0.1452    687.291   78.22544  -15.45640  21.144706    33.9321    33.9363 0.0000e+00
    137.000    -0.7161    -0.7153   2.770738   2.770738    339.119    336.245     0.1558     0.0299     0.1448    688.312   78.22544  -15.45640  21.299300    33.9462    33.9453 0.0000e+00
    138.000    -0.6403    -0.6455   2.778303   2.778203    338.677    335.437     0.1553     0.0259     0.1442    689.325   78.22544  -15.45640  21.940786    33.9626    33.9670 0.0000e+00
    139.000    -0.5707    -0.5712   2.784798   2.784754    331.195    331.515     0.1549     0.0225     0.1447    690.332   78.22544  -15.45640  22.259699    33.9714    33.9713 0.0000e+00
    140.000    -0.6013    -0.5986   2.782922   2.782939    325.693    329.021     0.1545     0.0267     0.1465    691.335   78.22544  -15.45640  22.083429    33.9798    33.9770 0.0000e+00
    141.000    -0.6662    -0.6629   2.778187   2.778213    320.623    325.878     0.1540     0.0268     0.1478    692.346   78.22544  -15.45640  21.825673    33.9882    33.9849 0.0000e+00
    142.000    -0.6982    -0.6983   2.776500   2.776474    315.857    322.393     0.1536     0.0258     0.1497    693.371   78.22544  -15.45640  21.623106    34.0008    34.0006 0.0000e+00
    143.000    -0.6977    -0.6960   2.777455   2.777400    316.353    320.962     0.1531     0.0303     0.1523    694.421   78.22544  -15.45640  21.288069    34.0126    34.0099 0.0000e+00
    144.000    -0.7086    -0.7095   2.777433   2.777372    322.897    322.317     0.1527     0.0230     0.1566    695.488   78.22544  -15.45640  21.932364    34.0239    34.0241 0.0000e+00
    145.000    -0.6991    -0.6988   2.778679   2.778637    327.188    323.612     0.1522     0.0141     0.1576    696.556   78.22544  -15.45640  20.966796    34.0294    34.0285 0.0000e+00
    146.000    -0.6637    -0.6655   2.782319   2.782260    329.887    324.791     0.1517     0.0227     0.1576    697.620   78.22544  -15.45640  21.447449    34.0381    34.0394 0.0000e+00
    147.000    -0.6206    -0.6210   2.786750   2.786676    331.437    325.202     0.1512     0.0227     0.1577    698.663   78.22544  -15.45640  21.850706    34.0488    34.0483 0.0000e+00
    148.000    -0.6170    -0.6165   2.787576   2.787542    332.297    325.939     0.1508     0.0232     0.1563    699.695   78.22544  -15.45640  22.084051    34.0553    34.0542 0.0000e+00
    149.000    -0.6060    -0.6072   2.789065   2.788928    330.180    325.407     0.1503     0.0234     0.1552    700.713   78.22544  -15.45640  22.297375    34.0624    34.0618 0.0000e+00
    150.000    -0.5935    -0.5934   2.790711   2.790607    327.250    323.666     0.1498     0.0237     0.1551    701.700   78.22544  -15.45640  22.530876    34.0698    34.0683 0.0000e+00
    151.000    -0.5957    -0.5940   2.791556   2.791559    325.993    322.784     0.1493     0.0233     0.1547    702.710   78.22544  -15.45640  22.786554    34.0831    34.0812 0.0000e+00
    152.000    -0.5753    -0.5782   2.794875   2.794713    325.230    322.174     0.1488     0.0280     0.1539    703.733   78.22544  -15.45640  22.545975    34.1041    34.1053 0.0000e+00
    153.000    -0.5500    -0.5498   2.798428   2.798359    324.854    321.509     0.1483     0.0234     0.1530    704.775   78.22544  -15.45640  21.451142    34.1229    34.1218 0.0000e+00
    154.000    -0.5331    -0.5341   2.801332   2.801218    326.543    322.151     0.1478     0.0230     0.1530    705.829   78.22544  -15.45640  22.545196    34.1424    34.1419 0.0000e+00
    155.000    -0.4799    -0.4823   2.806957   2.806828    327.341    322.460     0.1473     0.0236     0.1522    706.886   78.22544  -15.45640  22.273165    34.1574    34.1584 0.0000e+00
    156.000    -0.4465    -0.4469   2.810684   2.810623    327.309    322.681     0.1468     0.0239     0.1510    707.935   78.22544  -15.45641  22.203858    34.1692    34.1689 0.0000e+00
    157.000    -0.4530    -0.4514   2.811220   2.811181    327.295    322.398     0.1464     0.0280     0.1509    708.966   78.22544  -15.45642  22.127521    34.1831    34.1808 0.0000e+00
    158.000    -0.4329    -0.4356   2.814807   2.814744    325.882    321.773     0.1459     0.0252     0.1508    709.983   78.22544  -15.45642  22.066235    34.2080    34.2101 0.0000e+00
    159.000    -0.3718    -0.3721   2.821612   2.821571    323.611    320.844     0.1454     0.0151     0.1504    710.992   78.22544  -15.45642  21.998758    34.2298    34.2296 0.0000e+00
    160.000    -0.3348    -0.3379   2.825641   2.825513    325.242    321.885     0.1450     0.0126     0.1498    712.007   78.22544  -15.45642  22.073458    34.2414    34.2432 0.0000e+00
    161.000    -0.2427    -0.2447   2.835884   2.835749    326.386    321.719     0.1445     0.0193     0.1494    713.033   78.22544  -15.45642  22.460798    34.2741    34.2745 0.0000e+00
    162.000    -0.2261    -0.2262   2.838134   2.838052    326.693    322.036     0.1440     0.0237     0.1477    714.083   78.22544  -15.45642  22.521811    34.2848    34.2838 0.0000e+00
    163.000    -0.2231    -0.2229   2.838585   2.838537    325.268    321.656     0.1435     0.0227     0.1471    715.156   78.22544  -15.45642  22.677510    34.2868    34.2859 0.0000e+00
    164.000    -0.2114    -0.2129   2.840044   2.839894    320.846    319.758     0.1430     0.0198     0.1452    716.232   78.22544  -15.45642  22.675040    34.2925    34.2921 0.0000e+00
    165.000    -0.1760    -0.1766   2.844873   2.844757    318.896    318.574     0.1426     0.0205     0.1443    717.289   78.22544  -15.45642  22.418653    34.3163    34.3156 0.0000e+00
    166.000    -0.1425    -0.1438   2.848744   2.848626    319.847    318.366     0.1420     0.0237     0.1416    718.325   78.22544  -15.45642  22.658256    34.3296    34.3296 0.0000e+00
    167.000    -0.1238    -0.1238   2.850753   2.850709    321.253    318.321     0.1415     0.0160     0.1407    719.333   78.22544  -15.45642  22.582672    34.3348    34.3341 0.0000e+00
    168.000    -0.1179    -0.1183   2.851565   2.851512    321.919    318.710     0.1410     0.0230     0.1396    720.324   78.22544  -15.45642  22.765808    34.3383    34.3381 0.0000e+00
    169.000    -0.0502    -0.0521   2.858542   2.858479    320.810    317.769     0.1405     0.0213     0.1389    721.305   78.22544  -15.45642  23.119339    34.3543    34.3555 0.0000e+00
    170.000    -0.0164    -0.0173   2.862282   2.862255    320.824    317.684     0.1399     0.0102     0.1387    722.287   78.22544  -15.45642  23.299553    34.3653    34.3659 0.0000e+00
    171.000     0.0135     0.0134   2.865876   2.865770    321.623    317.979     0.1394     0.0097     0.1380    723.290   78.22544  -15.45642  23.021225    34.3788    34.3775 0.0000e+00
