test_project/cnv_files/Sta0223_bin.cnv
* Sea-Bird SBE 9 Data File:
* FileName = C:\Seabird\CTDDATA\Sta0223.hex
* Software Version Seasave V 7.26.7.107
* Temperature SN = 03-4535
* Conductivity SN = 2860
* Number of Bytes Per Scan = 44
* Number of Voltage Words = 5
* Number of Scans Averaged by the Deck Unit = 1
* NMEA Latitude = 78 10.74 N
* NMEA Longitude = 015 42.49 W
* NMEA UTC (Time) = Sep 08 2019 00:25:10
* NMEA baud rate = 9600
** Ship: "Kronprins Haakon"
** Station: 0223
** Echodepth: 362
** Log: 6062.798
** Wind-Dir Force(m/s): 24 07
** Air-temp (dry): -2.1
** Weather Sky: 0 1
** Sea Ice: 1 4
# nquan = 17
# nvalues = 352                         
# units = specified
# name 0 = prDM: Pressure, Digiquartz [db]
# name 1 = t090C: Temperature [ITS-90, deg C]
# name 2 = t190C: Temperature, 2 [ITS-90, deg C]
# name 3 = c0S/m: Conductivity [S/m]
# name 4 = c1S/m: Conductivity, 2 [S/m]
# name 5 = sbox0Mm/Kg: Oxygen, SBE 43 [umol/kg]
# name 6 = sbox1Mm/Kg: Oxygen, SBE 43, 2 [umol/kg]
# name 7 = wetCDOM: Fluorescence, WET Labs CDOM [mg/m^3]
# name 8 = flECO-AFL: Fluorescence, WET Labs ECO-AFL/FL [mg/m^3]
# name 9 = CStarAt0: Beam Attenuation, WET Labs C-Star [1/m]
# name 10 = timeS: Time, Elapsed [seconds]
# name 11 = latitude: Latitude [deg]
# name 12 = longitude: Longitude [deg]
# name 13 = upoly0: Upoly 0, ISUS
# name 14 = sal00: Salinity, Practical [PSU]
# name 15 = sal11: Salinity, Practical, 2 [PSU]
# name 16 = flag: flag
# span 0 =      2.000,    353.000       
# span 1 =    -1.6599,     1.8737       
# span 2 =    -1.6600,     1.8740       
# span 3 =   2.415697,   3.071673       
# span 4 =   2.414705,   3.071638       
# span 5 =    306.903,    425.420       
# span 6 =    302.363,    417.935       
# span 7 =     0.1142,     0.1791       
# span 8 =    -0.0007,     2.5376       
# span 9 =     0.1358,     0.3597       
# span 10 =     66.902,    433.839      
# span 11 =   78.17900,   78.17900      
# span 12 =  -15.70822,  -15.70818      
# span 13 =  12.959657,  25.467039      
# span 14 =    29.5011,    34.9012      
# span 15 =    29.4876,    34.9007      
# span 16 = 0.0000e+00, 0.0000e+00      
# interval = decibars: 1                
# start_time = Sep 08 2019 00:25:10 [NMEA time, header]
# bad_flag = -9.990e-29
*END*
[from data line 86]
     88.000    -1.5578    -1.5593   2.652228   2.652184    368.313    361.179     0.1757     0.0559     0.1596    161.306   78.17900  -15.70820  18.299916    33.3012    33.3022 0.0000e+00
     89.000    -1.5527    -1.5529   2.653730   2.653683    368.717    361.516     0.1754     0.0601     0.1602    162.327   78.17900  -15.70820  18.899046    33.3155    33.3151 0.0000e+00
     90.000    -1.5513    -1.5517   2.655534   2.655495    368.987    361.587     0.1750     0.0583     0.1604    163.356   78.17900  -15.70820  18.399521    33.3383    33.3382 0.0000e+00
     91.000    -1.5435    -1.5434   2.658254   2.658214    367.577    360.478     0.1747     0.0509     0.1606    164.400   78.17900  -15.70820  18.495844    33.3665    33.3659 0.0000e+00
     92.000    -1.5816    -1.5798   2.656255   2.656253    366.671    360.193     0.1744     0.0503     0.1604    165.455   78.17900  -15.70820  18.453821    33.3810    33.3789 0.0000e+00
     93.000    -1.6255    -1.6243   2.653599   2.653600    365.601    359.706     0.1741     0.0633     0.1604    166.510   78.17900  -15.70820  18.636741    33.3929    33.3915 0.0000e+00
     94.000    -1.6261    -1.6272   2.654895   2.654858    363.867    358.305     0.1737     0.0464     0.1602    167.560   78.17900  -15.70820  18.616531    33.4109    33.4116 0.0000e+00
     95.000    -1.6237    -1.6236   2.656419   2.656384    364.891    358.083     0.1734     0.0460     0.1610    168.598   78.17900  -15.70820  18.351851    33.4287    33.4281 0.0000e+00
     96.000    -1.6299    -1.6298   2.656508   2.656489    368.392    358.883     0.1730     0.0463     0.1591    169.637   78.17900  -15.70820  18.098435    33.4363    33.4359 0.0000e+00
     97.000    -1.6314    -1.6316   2.656633   2.656608    369.755    359.253     0.1726     0.0460     0.1571    170.668   78.17900  -15.70820  18.058910    33.4391    33.4390 0.0000e+00
     98.000    -1.6336    -1.6336   2.657070   2.657041    369.449    359.401     0.1723     0.0522     0.1563    171.700   78.17900  -15.70820  18.098389    33.4470    33.4466 0.0000e+00
     99.000    -1.6308    -1.6317   2.658518   2.658459    369.044    359.391     0.1719     0.0458     0.1547    172.732   78.17900  -15.70820  18.257024    33.4632    33.4634 0.0000e+00
    100.000    -1.5999    -1.6011   2.662255   2.662198    368.177    359.337     0.1715     0.0391     0.1556    173.758   78.17900  -15.70820  18.398920    33.4796    33.4801 0.0000e+00
    101.000    -1.6224    -1.6212   2.661237   2.661239    368.900    360.202     0.1711     0.0389     0.1561    174.790   78.17900  -15.70820  18.524357    33.4902    33.4889 0.0000e+00
    102.000    -1.6330    -1.6329   2.660820   2.660794    368.242    360.209     0.1707     0.0328     0.1513    175.817   78.17900  -15.70820  18.240467    33.4957    33.4953 0.0000e+00
    103.000    -1.6256    -1.6265   2.662297   2.662235    366.003    358.589     0.1703     0.0364     0.1511    176.844   78.17900  -15.70820  18.420403    33.5073    33.5074 0.0000e+00
    104.000    -1.5950    -1.5989   2.665994   2.665865    364.759    357.586     0.1699     0.0524     0.1500    177.874   78.17900  -15.70820  18.624525    33.5233    33.5260 0.0000e+00
    105.000    -1.5371    -1.5357   2.672142   2.672127    365.025    357.190     0.1695     0.0417     0.1496    178.910   78.17900  -15.70820  18.717693    33.5425    33.5408 0.0000e+00
    106.000    -1.5542    -1.5550   2.671622   2.671580    367.676    358.107     0.1690     0.0347     0.1493    179.951   78.17900  -15.70820  18.988275    33.5540    33.5542 0.0000e+00
    107.000    -1.5676    -1.5671   2.671213   2.671209    365.525    357.210     0.1686     0.0343     0.1487    180.996   78.17900  -15.70820  19.282979    33.5629    33.5621 0.0000e+00
    108.000    -1.5673    -1.5667   2.672100   2.672096    362.144    355.645     0.1681     0.0345     0.1479    182.045   78.17900  -15.70820  18.507974    33.5741    33.5734 0.0000e+00
    109.000    -1.5960    -1.5949   2.670490   2.670507    361.338    355.098     0.1677     0.0352     0.1473    183.088   78.17900  -15.70820  18.540121    33.5836    33.5826 0.0000e+00
    110.000    -1.6196    -1.6189   2.669935   2.669902    360.674    354.833     0.1672     0.0327     0.1470    184.122   78.17900  -15.70820  18.540291    33.6019    33.6006 0.0000e+00
    111.000    -1.6306    -1.6313   2.670429   2.670386    360.876    354.656     0.1667     0.0354     0.1472    185.159   78.17900  -15.70820  18.691276    33.6205    33.6208 0.0000e+00
    112.000    -1.6136    -1.6141   2.673196   2.673147    362.058    354.423     0.1663     0.0321     0.1471    186.186   78.17900  -15.70820  18.796393    33.6391    33.6390 0.0000e+00
    113.000    -1.6035    -1.6038   2.674715   2.674687    364.061    355.197     0.1658     0.0386     0.1465    187.213   78.17900  -15.70820  18.414012    33.6480    33.6480 0.0000e+00
    114.000    -1.6105    -1.6091   2.674754   2.674761    365.163    355.502     0.1653     0.0385     0.1464    188.240   78.17900  -15.70820  18.394866    33.6559    33.6544 0.0000e+00
    115.000    -1.6324    -1.6324   2.673688   2.673691    364.808    355.533     0.1649     0.0396     0.1461    189.268   78.17900  -15.70820  18.645340    33.6653    33.6653 0.0000e+00
    116.000    -1.6301    -1.6303   2.674291   2.674259    362.357    354.604     0.1644     0.0441     0.1456    190.308   78.17900  -15.70820  18.768988    33.6705    33.6701 0.0000e+00
    117.000    -1.6332    -1.6332   2.674631   2.674603    361.711    354.323     0.1639     0.0318     0.1453    191.345   78.17900  -15.70820  18.821573    33.6780    33.6776 0.0000e+00
    118.000    -1.6303    -1.6306   2.675075   2.675055    362.900    354.665     0.1635     0.0374     0.1452    192.383   78.17900  -15.70820  19.082074    33.6803    33.6804 0.0000e+00
    119.000    -1.6175    -1.6184   2.676526   2.676480    362.926    354.771     0.1630     0.0443     0.1443    193.414   78.17900  -15.70820  18.706028    33.6852    33.6856 0.0000e+00
    120.000    -1.6075    -1.6079   2.677917   2.677888    362.821    354.380     0.1626     0.0328     0.1441    194.437   78.17900  -15.70820  18.373674    33.6926    33.6926 0.0000e+00
    121.000    -1.6001    -1.6010   2.679171   2.679075    363.633    354.620     0.1621     0.0307     0.1443    195.461   78.17900  -15.70820  19.286757    33.7009    33.7006 0.0000e+00
    122.000    -1.6126    -1.6124   2.678783   2.678751    363.119    354.910     0.1617     0.0304     0.1443    196.487   78.17900  -15.70820  19.577893    33.7091    33.7084 0.0000e+00
    123.000    -1.5250    -1.5317   2.687145   2.686876    361.021    353.547     0.1612     0.0295     0.1441    197.515   78.17900  -15.70820  19.448816    33.7249    33.7288 0.0000e+00
    124.000    -1.5147    -1.5133   2.688503   2.688417    361.344    353.841     0.1607     0.0344     0.1437    198.559   78.17900  -15.70820  19.099889    33.7314    33.7286 0.0000e+00
    125.000    -1.5633    -1.5630   2.685064   2.685023    363.070    354.647     0.1603     0.0339     0.1436    199.612   78.17900  -15.70820  19.172782    33.7383    33.7374 0.0000e+00
    126.000    -1.5286    -1.5303   2.688472   2.688423    357.299    351.688     0.1598     0.0303     0.1440    200.670   78.17900  -15.70820  19.765852    33.7455    33.7467 0.0000e+00
    127.000    -1.4889    -1.4905   2.692489   2.692409    354.747    350.579     0.1593     0.0345     0.1430    201.728   78.17900  -15.70820  19.588779    33.7553    33.7561 0.0000e+00
    128.000    -1.4959    -1.4951   2.692966   2.692950    357.531    351.093     0.1588     0.0347     0.1428    202.767   78.17900  -15.70820  18.788216    33.7693    33.7682 0.0000e+00
    129.000    -1.5150    -1.5143   2.692463   2.692464    358.049    350.734     0.1584     0.0302     0.1431    203.792   78.17900  -15.70820  19.454583    33.7833    33.7826 0.0000e+00
    130.000    -1.5172    -1.5184   2.692771   2.692688    355.683    349.817     0.1579     0.0364     0.1432    204.804   78.17900  -15.70820  20.299355    33.7895    33.7896 0.0000e+00
    131.000    -1.3149    -1.3258   2.710905   2.710670    352.181    346.856     0.1575     0.0446     0.1440    205.807   78.17900  -15.70820  20.628205    33.8096    33.8187 0.0000e+00
    132.000    -1.1768    -1.1822   2.724996   2.724768    354.646    347.683     0.1571     0.0432     0.1450    206.809   78.17900  -15.70820  20.263230    33.8462    33.8491 0.0000e+00
    133.000    -1.1254    -1.1258   2.731181   2.731075    360.746    350.446     0.1566     0.0385     0.1445    207.818   78.17900  -15.70820  20.002269    33.8721    33.8711 0.0000e+00
    134.000    -1.1978    -1.1903   2.725834   2.726081    357.102    349.723     0.1563     0.0362     0.1444    208.847   78.17900  -15.70820  20.047946    33.8802    33.8750 0.0000e+00
    135.000    -1.2069    -1.2093   2.725920   2.725866    344.274    344.861     0.1559     0.0233     0.1454    209.896   78.17900  -15.70820  20.237417    33.8910    33.8929 0.0000e+00
    136.000    -1.1409    -1.1430   2.731971   2.731873    335.007    339.817     0.1555     0.0357     0.1454    210.965   78.17900  -15.70820  20.751101    33.8985    33.8996 0.0000e+00
    137.000    -1.0953    -1.0972   2.736347   2.736226    338.645    339.678     0.1551     0.0161     0.1454    212.033   78.17900  -15.70820  21.074479    33.9062    33.9067 0.0000e+00
    138.000    -1.0766    -1.0773   2.738325   2.738222    344.161    340.161     0.1548     0.0157     0.1454    213.098   78.17900  -15.70820  21.335357    33.9114    33.9109 0.0000e+00
    139.000    -1.0864    -1.0856   2.738441   2.738400    344.392    339.814     0.1544     0.0281     0.1454    214.145   78.17900  -15.70820  21.330108    33.9235    33.9221 0.0000e+00
    140.000    -1.1072    -1.1065   2.737700   2.737668    341.918    338.850     0.1540     0.0173     0.1454    215.171   78.17900  -15.70820  21.161516    33.9364    33.9350 0.0000e+00
    141.000    -1.1528    -1.1522   2.735326   2.735261    340.267    338.243     0.1536     0.0266     0.1453    216.183   78.17900  -15.70820  21.288224    33.9548    33.9532 0.0000e+00
    142.000    -1.1248    -1.1260   2.739098   2.739017    339.576    336.867     0.1533     0.0358     0.1450    217.185   78.17900  -15.70820  20.878275    33.9741    33.9744 0.0000e+00
    143.000    -1.0704    -1.0758   2.744514   2.744349    340.639    336.548     0.1529     0.0320     0.1445    218.188   78.17900  -15.70820  20.822457    33.9859    33.9897 0.0000e+00
    144.000    -0.9987    -1.0002   2.751837   2.751559    343.999    337.307     0.1525     0.0217     0.1444    219.205   78.17900  -15.70820  21.210882    34.0040    34.0019 0.0000e+00
    145.000    -0.9385    -0.9470   2.758330   2.758099    346.796    338.065     0.1520     0.0187     0.1452    220.233   78.17900  -15.70820  21.397718    34.0236    34.0300 0.0000e+00
    146.000    -0.8041    -0.8062   2.770847   2.770744    343.388    336.335     0.1516     0.0220     0.1440    221.279   78.17900  -15.70820  21.901365    34.0412    34.0422 0.0000e+00
    147.000    -0.7592    -0.7615   2.775357   2.775143    342.218    336.381     0.1512     0.0190     0.1434    222.333   78.17900  -15.70820  21.873040    34.0510    34.0507 0.0000e+00
    148.000    -0.7277    -0.7299   2.778442   2.778304    338.293    334.605     0.1508     0.0212     0.1455    223.390   78.17900  -15.70820  20.965608    34.0566    34.0573 0.0000e+00
    149.000    -0.6705    -0.6730   2.783979   2.783808    331.354    331.262     0.1504     0.0288     0.1441    224.448   78.17900  -15.70820  21.069355    34.0664    34.0668 0.0000e+00
    150.000    -0.6062    -0.6096   2.790403   2.790173    327.345    328.483     0.1499     0.0288     0.1445    225.491   78.17900  -15.70820  22.086168    34.0800    34.0806 0.0000e+00
    151.000    -0.6156    -0.6144   2.790198   2.790151    326.235    327.407     0.1495     0.0277     0.1443    226.528   78.17900  -15.70820  21.913743    34.0872    34.0852 0.0000e+00
    152.000    -0.6174    -0.6178   2.790765   2.790691    325.759    326.493     0.1491     0.0227     0.1453    227.555   78.17900  -15.70820  22.314648    34.0962    34.0957 0.0000e+00
    153.000    -0.6085    -0.6088   2.791841   2.791747    323.360    324.634     0.1486     0.0198     0.1462    228.576   78.17900  -15.70820  22.535772    34.1001    34.0992 0.0000e+00
    154.000    -0.6100    -0.6102   2.792561   2.792465    323.541    323.716     0.1482     0.0102     0.1458    229.604   78.17900  -15.70820  22.430361    34.1108    34.1098 0.0000e+00
    155.000    -0.6034    -0.6039   2.793568   2.793467    325.029    323.559     0.1477     0.0143     0.1470    230.629   78.17900  -15.70820  22.672616    34.1164    34.1156 0.0000e+00
    156.000    -0.5854    -0.5869   2.795802   2.795631    326.816    323.760     0.1472     0.0214     0.1476    231.654   78.17900  -15.70820  22.693598    34.1256    34.1249 0.0000e+00
    157.000    -0.5658    -0.5672   2.798213   2.798079    328.479    324.080     0.1468     0.0159     0.1483    232.678   78.17900  -15.70820  22.378387    34.1353    34.1352 0.0000e+00
    158.000    -0.5448    -0.5450   2.800682   2.800580    329.721    324.843     0.1462     0.0226     0.1478    233.707   78.17900  -15.70820  22.302699    34.1443    34.1432 0.0000e+00
    159.000    -0.5156    -0.5185   2.803926   2.803765    330.030    325.270     0.1457     0.0282     0.1467    234.743   78.17900  -15.70821  22.292371    34.1544    34.1555 0.0000e+00
    160.000    -0.4533    -0.4566   2.810059   2.809888    329.437    324.793     0.1452     0.0182     0.1461    235.780   78.17900  -15.70822  22.142949    34.1660    34.1674 0.0000e+00
    161.000    -0.3461    -0.3508   2.820294   2.820074    328.955    324.215     0.1446     0.0110     0.1457    236.820   78.17900  -15.70822  22.226692    34.1820    34.1844 0.0000e+00
    162.000    -0.3075    -0.3087   2.824759   2.824617    329.221    324.445     0.1441     0.0126     0.1464    237.866   78.17900  -15.70822  22.340114    34.1978    34.1971 0.0000e+00
    163.000    -0.2897    -0.2908   2.827057   2.826945    327.439    323.198     0.1436     0.0145     0.1467    238.915   78.17900  -15.70822  22.458858    34.2078    34.2075 0.0000e+00
    164.000    -0.2505    -0.2524   2.832002   2.831849    321.407    320.293     0.1430     0.0114     0.1473    239.958   78.17900  -15.70822  22.520623    34.2292    34.2293 0.0000e+00
    165.000    -0.2187    -0.2205   2.836036   2.835876    317.860    318.342     0.1425     0.0171     0.1485    240.991   78.17900  -15.70822  22.530776    34.2467    34.2466 0.0000e+00
    166.000    -0.1767    -0.1785   2.840879   2.840707    317.501    317.519     0.1419     0.0231     0.1499    242.020   78.17900  -15.70822  22.977612    34.2634    34.2631 0.0000e+00
    167.000    -0.1359    -0.1386   2.846058   2.845865    318.319    317.097     0.1414     0.0167     0.1515    243.048   78.17900  -15.70822  23.322137    34.2859    34.2864 0.0000e+00
    168.000    -0.0915    -0.0937   2.851789   2.851605    318.871    316.918     0.1409     0.0113     0.1535    244.072   78.17900  -15.70822  23.290660    34.3116    34.3116 0.0000e+00
    169.000    -0.0319    -0.0354   2.859166   2.858924    318.528    316.316     0.1403     0.0171     0.1540    245.097   78.17900  -15.70822  23.360853    34.3420    34.3427 0.0000e+00
    170.000     0.0200     0.0172   2.865828   2.865599    318.489    315.757     0.1398     0.0157     0.1542    246.121   78.17900  -15.70822  23.087502    34.3715    34.3715 0.0000e+00
    171.000     0.0746     0.0713   2.872891   2.872642    317.610    315.179     0.1393     0.0038     0.1547    247.148   78.17900  -15.70822  22.901285    34.4030    34.4035 0.0000e+00
