test_project/cnv_files/sta0248_bin.cnv
* Sea-Bird SBE 9 Data File:
* FileName = C:\Seabird\CTDDATA\Sta0248.hex
* Software Version Seasave V 7.26.7.107
* Temperature SN = 03-4535
* Conductivity SN = 2860
* Number of Bytes Per Scan = 44
* Number of Voltage Words = 5
* Number of Scans Averaged by the Deck Unit = 1
* NMEA Latitude = 78 50.00 N
* NMEA Longitude = 007 59.97 E
* NMEA UTC (Time) = Sep 14 2019 21:10:53
* NMEA baud rate = 9600
** Ship: "Kronprins Haakon"
** Station: 0248
** Echodepth: 1007
** Log: 6521.449
** Wind-Dir Force(m/s): 01 09
** Air-temp (dry): 7.4
** Weather Sky: 2 8
** Sea Ice: 4 0
# nquan = 16
# nvalues = 1011                        
# units = specified
# name 0 = prDM: Pressure, Digiquartz [db]
# name 1 = t090C: Temperature [ITS-90, deg C]
# name 2 = t190C: Temperature, 2 [ITS-90, deg C]
# name 3 = c0S/m: Conductivity [S/m]
# name 4 = c1S/m: Conductivity, 2 [S/m]
# name 5 = sbox0Mm/Kg: Oxygen, SBE 43 [umol/kg]
# name 6 = sbox1Mm/Kg: Oxygen, SBE 43, 2 [umol/kg]
# name 7 = wetCDOM: Fluorescence, WET Labs CDOM [mg/m^3]
# name 8 = flECO-AFL: Fluorescence, WET Labs ECO-AFL/FL [mg/m^3]
# name 9 = CStarAt0: Beam Attenuation, WET Labs C-Star [1/m]
# name 10 = timeS: Time, Elapsed [seconds]
# name 11 = latitude: Latitude [deg]
# name 12 = longitude: Longitude [deg]
# name 13 = sal00: Salinity, Practical [PSU]
# name 14 = sal11: Salinity, Practical, 2 [PSU]
# name 15 = flag: flag
# span 0 =      2.000,   1012.000       
# span 1 =    -0.6377,     6.7052       
# span 2 =    -0.6321,     6.7059       
# span 3 =   2.888208,   3.491949       
# span 4 =   2.888749,   3.491826       
# span 5 =    299.515,    328.535       
# span 6 =    290.154,    321.247       
# span 7 =     0.0914,     0.1245       
# span 8 =    -0.0050,     2.2885       
# span 9 =     0.1381,     0.4900       
# span 10 =    206.189,   1196.576      
# span 11 =   78.83336,   78.83338      
# span 12 =    7.99946,    7.99955      
# span 13 =    34.8698,    35.0504      
# span 14 =    34.8693,    35.0504      
# span 15 = 0.0000e+00, 0.0000e+00      
# interval = decibars: 1                
# start_time = Sep 14 2019 21:10:53 [NMEA time, header]
# bad_flag = -9.990e-29
*END*
[from data line 362]
    364.000     3.9566     3.9558   3.269744   3.269687    315.635    308.315     0.1064     0.0021     0.1584    562.713   78.83338    7.99946    35.0193    35.0194 0.0000e+00
    365.000     3.9551     3.9545   3.269652   3.269624    315.532    308.514     0.1066     0.0023     0.1586    563.660   78.83338    7.99946    35.0193    35.0195 0.0000e+00
    366.000     3.9533     3.9526   3.269532   3.269477    315.528    308.458     0.1069     0.0023     0.1594    564.618   78.83338    7.99946    35.0192    35.0193 0.0000e+00
    367.000     3.9499     3.9492   3.269259   3.269209    315.617    308.392     0.1072     0.0023     0.1594    565.589   78.83338    7.99946    35.0190    35.0192 0.0000e+00
    368.000     3.9489     3.9483   3.269223   3.269196    315.703    308.381     0.1075     0.0024     0.1598    566.561   78.83338    7.99947    35.0191    35.0194 0.0000e+00
    369.000     3.9479     3.9473   3.269192   3.269152    315.679    308.212     0.1078     0.0072     0.1598    567.529   78.83338    7.99948    35.0193    35.0194 0.0000e+00
    370.000     3.9474     3.9468   3.269266   3.269229    315.559    308.205     0.1081     0.0055     0.1600    568.487   78.83338    7.99948    35.0201    35.0203 0.0000e+00
    371.000     3.9431     3.9428   3.269014   3.269001    315.457    308.331     0.1084    -0.0008     0.1596    569.448   78.83338    7.99948    35.0213    35.0213 0.0000e+00
    372.000     3.9330     3.9327   3.268199   3.268170    315.565    308.558     0.1087    -0.0007     0.1603    570.420   78.83338    7.99948    35.0218    35.0217 0.0000e+00
    373.000     3.9255     3.9250   3.267544   3.267503    315.297    308.363     0.1090     0.0081     0.1604    571.401   78.83338    7.99946    35.0214    35.0215 0.0000e+00
    374.000     3.9196     3.9194   3.267052   3.267010    315.201    308.294     0.1092     0.0025     0.1603    572.373   78.83338    7.99946    35.0213    35.0210 0.0000e+00
    375.000     3.9044     3.9040   3.265672   3.265571    315.551    308.555     0.1095     0.0023     0.1598    573.338   78.83338    7.99946    35.0205    35.0198 0.0000e+00
    376.000     3.8669     3.8665   3.262136   3.262007    315.541    308.704     0.1097     0.0023     0.1599    574.294   78.83338    7.99946    35.0179    35.0169 0.0000e+00
    377.000     3.8465     3.8462   3.260214   3.260157    315.152    308.760     0.1099     0.0023     0.1594    575.264   78.83338    7.99946    35.0162    35.0160 0.0000e+00
    378.000     3.8462     3.8454   3.260270   3.260222    315.366    308.549     0.1101     0.0023     0.1594    576.237   78.83338    7.99946    35.0168    35.0170 0.0000e+00
    379.000     3.8451     3.8447   3.260236   3.260222    316.613    308.937     0.1102     0.0026     0.1594    577.214   78.83338    7.99946    35.0170    35.0172 0.0000e+00
    380.000     3.8388     3.8388   3.259700   3.259708    317.832    309.672     0.1103     0.0023     0.1594    578.184   78.83338    7.99948    35.0167    35.0169 0.0000e+00
    381.000     3.8383     3.8375   3.259755   3.259708    317.567    309.612     0.1104     0.0023     0.1594    579.149   78.83338    7.99948    35.0175    35.0177 0.0000e+00
    382.000     3.8335     3.8331   3.259387   3.259335    316.656    309.486     0.1104     0.0023     0.1594    580.111   78.83338    7.99946    35.0176    35.0174 0.0000e+00
    383.000     3.8225     3.8221   3.258452   3.258412    317.042    310.024     0.1104     0.0023     0.1596    581.063   78.83338    7.99946    35.0177    35.0176 0.0000e+00
    384.000     3.8172     3.8174   3.258012   3.258034    317.315    310.051     0.1104     0.0020     0.1595    582.026   78.83338    7.99946    35.0176    35.0176 0.0000e+00
    385.000     3.8065     3.8064   3.257046   3.257025    316.988    309.615     0.1104    -0.0039     0.1594    582.995   78.83338    7.99946    35.0169    35.0167 0.0000e+00
    386.000     3.8048     3.8042   3.256926   3.256887    317.011    309.779     0.1103     0.0003     0.1595    583.971   78.83338    7.99946    35.0168    35.0169 0.0000e+00
    387.000     3.8049     3.8043   3.257002   3.256965    317.454    309.900     0.1103    -0.0026     0.1594    584.940   78.83338    7.99946    35.0171    35.0173 0.0000e+00
    388.000     3.8027     3.8016   3.256873   3.256760    317.867    309.989     0.1102    -0.0012     0.1589    585.904   78.83338    7.99946    35.0173    35.0171 0.0000e+00
    389.000     3.7909     3.7908   3.255808   3.255784    317.887    310.192     0.1101     0.0023     0.1583    586.874   78.83338    7.99946    35.0166    35.0164 0.0000e+00
    390.000     3.7878     3.7874   3.255547   3.255522    318.028    310.133     0.1100     0.0023     0.1583    587.845   78.83338    7.99946    35.0164    35.0165 0.0000e+00
    391.000     3.7875     3.7858   3.255557   3.255409    317.447    310.175     0.1099     0.0023     0.1585    588.813   78.83338    7.99946    35.0162    35.0163 0.0000e+00
    392.000     3.7838     3.7819   3.255249   3.255083    316.815    309.916     0.1098     0.0023     0.1590    589.773   78.83338    7.99946    35.0160    35.0160 0.0000e+00
    393.000     3.7817     3.7807   3.255096   3.255021    316.768    309.806     0.1096     0.0023     0.1583    590.738   78.83338    7.99947    35.0159    35.0160 0.0000e+00
    394.000     3.7712     3.7732   3.254138   3.254302    317.018    309.853     0.1094     0.0023     0.1585    591.707   78.83338    7.99948    35.0151    35.0149 0.0000e+00
    395.000     3.7544     3.7547   3.252573   3.252565    317.084    309.875     0.1091     0.0023     0.1583    592.682   78.83338    7.99948    35.0138    35.0134 0.0000e+00
    396.000     3.7375     3.7368   3.250962   3.250845    316.820    310.346     0.1088     0.0023     0.1584    593.656   78.83338    7.99948    35.0121    35.0114 0.0000e+00
    397.000     3.7214     3.7212   3.249431   3.249408    316.858    310.247     0.1085     0.0026     0.1592    594.626   78.83338    7.99947    35.0105    35.0104 0.0000e+00
    398.000     3.7115     3.7113   3.248513   3.248463    316.772    310.008     0.1081     0.0023     0.1591    595.587   78.83338    7.99946    35.0096    35.0092 0.0000e+00
    399.000     3.6877     3.6883   3.246292   3.246293    317.224    309.964     0.1076     0.0023     0.1591    596.544   78.83338    7.99946    35.0079    35.0073 0.0000e+00
    400.000     3.6756     3.6750   3.245209   3.245169    317.424    309.731     0.1072     0.0023     0.1594    597.506   78.83338    7.99946    35.0074    35.0075 0.0000e+00
    401.000     3.6740     3.6734   3.245102   3.245064    316.947    309.529     0.1067     0.0028     0.1599    598.475   78.83338    7.99946    35.0073    35.0074 0.0000e+00
    402.000     3.6701     3.6696   3.244806   3.244774    317.061    309.417     0.1061     0.0087     0.1616    599.447   78.83338    7.99946    35.0074    35.0075 0.0000e+00
    403.000     3.6695     3.6698   3.244807   3.244855    317.629    308.957     0.1056     0.0035     0.1616    600.418   78.83338    7.99948    35.0075    35.0078 0.0000e+00
    404.000     3.6687     3.6680   3.244780   3.244741    317.612    308.863     0.1051     0.0023     0.1617    601.392   78.83338    7.99948    35.0075    35.0077 0.0000e+00
    405.000     3.6652     3.6645   3.244508   3.244451    317.323    309.306     0.1046     0.0023     0.1625    602.359   78.83338    7.99948    35.0074    35.0075 0.0000e+00
    406.000     3.6624     3.6617   3.244301   3.244261    317.347    309.614     0.1041     0.0023     0.1624    603.333   78.83338    7.99948    35.0075    35.0076 0.0000e+00
    407.000     3.6656     3.6646   3.244693   3.244645    316.883    309.309     0.1037     0.0023     0.1626    604.304   78.83338    7.99948    35.0082    35.0086 0.0000e+00
    408.000     3.6736     3.6720   3.245567   3.245430    316.440    309.070     0.1033     0.0023     0.1631    605.274   78.83338    7.99948    35.0095    35.0096 0.0000e+00
    409.000     3.6710     3.6706   3.245362   3.245355    316.831    309.352     0.1030     0.0035     0.1635    606.231   78.83338    7.99946    35.0093    35.0096 0.0000e+00
    410.000     3.6660     3.6658   3.244944   3.244927    316.598    309.660     0.1028     0.0090     0.1629    607.178   78.83338    7.99946    35.0091    35.0091 0.0000e+00
    411.000     3.6619     3.6616   3.244597   3.244576    316.252    309.711     0.1027     0.0030     0.1626    608.130   78.83338    7.99946    35.0088    35.0089 0.0000e+00
    412.000     3.6592     3.6583   3.244374   3.244298    316.586    309.658     0.1026     0.0023     0.1626    609.094   78.83338    7.99946    35.0084    35.0085 0.0000e+00
    413.000     3.6482     3.6483   3.243344   3.243320    316.756    309.778     0.1026     0.0023     0.1622    610.071   78.83338    7.99948    35.0073    35.0070 0.0000e+00
    414.000     3.6340     3.6339   3.242094   3.242063    316.821    309.759     0.1026     0.0023     0.1615    611.048   78.83338    7.99948    35.0070    35.0068 0.0000e+00
    415.000     3.6215     3.6209   3.240937   3.240868    316.586    309.744     0.1028     0.0023     0.1618    612.025   78.83338    7.99948    35.0060    35.0058 0.0000e+00
    416.000     3.6155     3.6144   3.240410   3.240303    316.273    309.703     0.1029     0.0052     0.1623    613.000   78.83338    7.99948    35.0056    35.0055 0.0000e+00
    417.000     3.6065     3.6065   3.239584   3.239562    316.595    309.765     0.1032     0.0079     0.1626    613.966   78.83338    7.99948    35.0048    35.0046 0.0000e+00
    418.000     3.5996     3.5994   3.238944   3.238939    317.510    309.738     0.1034     0.0034     0.1626    614.922   78.83338    7.99947    35.0040    35.0042 0.0000e+00
    419.000     3.6004     3.5998   3.239112   3.239119    317.740    309.748     0.1038     0.0089     0.1635    615.876   78.83338    7.99946    35.0046    35.0053 0.0000e+00
    420.000     3.6108     3.6107   3.240237   3.240260    317.129    309.740     0.1041     0.0033     0.1634    616.835   78.83338    7.99946    35.0065    35.0068 0.0000e+00
    421.000     3.6112     3.6106   3.240344   3.240303    316.913    309.761     0.1045     0.0023     0.1635    617.795   78.83338    7.99946    35.0067    35.0069 0.0000e+00
    422.000     3.6134     3.6129   3.240609   3.240576    317.020    309.777     0.1049     0.0023     0.1640    618.757   78.83338    7.99947    35.0071    35.0072 0.0000e+00
    423.000     3.6095     3.6088   3.240302   3.240251    316.978    310.109     0.1053     0.0065     0.1642    619.730   78.83338    7.99948    35.0070    35.0071 0.0000e+00
    424.000     3.6106     3.6098   3.240477   3.240429    316.304    310.032     0.1058     0.0064     0.1643    620.701   78.83338    7.99948    35.0073    35.0076 0.0000e+00
    425.000     3.6094     3.6091   3.240440   3.240405    316.403    309.529     0.1062     0.0023     0.1638    621.672   78.83338    7.99948    35.0077    35.0076 0.0000e+00
    426.000     3.6064     3.6060   3.240192   3.240177    316.706    309.631     0.1066     0.0054     0.1634    622.652   78.83338    7.99948    35.0073    35.0076 0.0000e+00
    427.000     3.6142     3.6136   3.241096   3.241087    316.499    309.736     0.1069     0.0150     0.1633    623.625   78.83338    7.99948    35.0092    35.0098 0.0000e+00
    428.000     3.6178     3.6171   3.241548   3.241505    316.392    309.623     0.1073     0.0034     0.1637    624.588   78.83338    7.99947    35.0103    35.0105 0.0000e+00
    429.000     3.6055     3.6054   3.240534   3.240486    316.506    309.682     0.1076     0.0088     0.1632    625.535   78.83338    7.99946    35.0107    35.0103 0.0000e+00
    430.000     3.5976     3.5967   3.239848   3.239789    316.121    309.787     0.1079     0.0095     0.1627    626.481   78.83338    7.99946    35.0104    35.0107 0.0000e+00
    431.000     3.5902     3.5899   3.239217   3.239186    315.794    309.887     0.1081     0.0002     0.1618    627.440   78.83338    7.99946    35.0103    35.0103 0.0000e+00
    432.000     3.5690     3.5689   3.237347   3.237307    316.017    310.112     0.1083    -0.0050     0.1614    628.417   78.83338    7.99946    35.0101    35.0096 0.0000e+00
    433.000     3.5478     3.5481   3.235449   3.235428    316.116    310.030     0.1084    -0.0050     0.1605    629.403   78.83338    7.99948    35.0095    35.0089 0.0000e+00
    434.000     3.5311     3.5307   3.233953   3.233921    315.817    310.108     0.1085    -0.0028     0.1597    630.391   78.83338    7.99948    35.0089    35.0090 0.0000e+00
    435.000     3.5270     3.5265   3.233627   3.233595    315.785    309.904     0.1085     0.0022     0.1593    631.366   78.83338    7.99948    35.0088    35.0089 0.0000e+00
    436.000     3.5240     3.5235   3.233434   3.233403    316.998    309.807     0.1085     0.0023     0.1594    632.341   78.83338    7.99948    35.0092    35.0093 0.0000e+00
    437.000     3.5185     3.5178   3.232985   3.232925    318.814    309.895     0.1085     0.0023     0.1594    633.320   78.83338    7.99948    35.0092    35.0091 0.0000e+00
    438.000     3.5151     3.5146   3.232725   3.232686    318.965    310.270     0.1085     0.0023     0.1590    634.300   78.83338    7.99948    35.0091    35.0092 0.0000e+00
    439.000     3.5130     3.5124   3.232573   3.232535    318.354    310.397     0.1084     0.0023     0.1583    635.281   78.83338    7.99948    35.0090    35.0092 0.0000e+00
    440.000     3.5113     3.5107   3.232469   3.232428    317.613    310.798     0.1083     0.0023     0.1578    636.250   78.83338    7.99946    35.0090    35.0091 0.0000e+00
    441.000     3.5075     3.5071   3.232158   3.232110    318.023    311.167     0.1082     0.0067     0.1578    637.210   78.83338    7.99946    35.0088    35.0086 0.0000e+00
    442.000     3.4848     3.4840   3.230014   3.229886    318.598    311.083     0.1081     0.0064     0.1581    638.171   78.83338    7.99946    35.0068    35.0062 0.0000e+00
    443.000     3.4583     3.4581   3.227505   3.227430    318.613    311.016     0.1080     0.0051     0.1579    639.143   78.83336    7.99946    35.0046    35.0039 0.0000e+00
    444.000     3.4444     3.4438   3.226182   3.226126    318.001    310.632     0.1079     0.0078     0.1574    640.124   78.83338    7.99946    35.0031    35.0030 0.0000e+00
    445.000     3.4365     3.4355   3.225455   3.225348    317.057    310.551     0.1078     0.0038     0.1581    641.108   78.83338    7.99948    35.0022    35.0020 0.0000e+00
    446.000     3.4268     3.4261   3.224542   3.224472    317.704    310.668     0.1077     0.0086     0.1582    642.092   78.83338    7.99948    35.0011    35.0010 0.0000e+00
    447.000     3.4188     3.4178   3.223874   3.223783    318.569    310.489     0.1076     0.0028     0.1594    643.072   78.83338    7.99948    35.0011    35.0011 0.0000e+00
    448.000     3.4152     3.4147   3.223685   3.223670    318.724    310.452     0.1074     0.0023     0.1596    644.048   78.83338    7.99948    35.0021    35.0025 0.0000e+00
    449.000     3.4233     3.4225   3.224678   3.224655    318.409    310.431     0.1073     0.0023     0.1603    645.026   78.83338    7.99948    35.0049    35.0054 0.0000e+00
    450.000     3.4261     3.4255   3.225048   3.225019    318.540    310.567     0.1071     0.0023     0.1620    645.997   78.83338    7.99948    35.0058    35.0061 0.0000e+00
    451.000     3.4239     3.4233   3.224935   3.224894    318.915    310.700     0.1069     0.0023     0.1616    646.970   78.83338    7.99948    35.0063    35.0064 0.0000e+00
    452.000     3.4176     3.4172   3.224416   3.224374    318.313    310.875     0.1067     0.0057     0.1613    647.940   78.83337    7.99948    35.0063    35.0062 0.0000e+00
