test_project/cnv_files/sta0240_bin.cnv
* Sea-Bird SBE 9 Data File:
* FileName = C:\Seabird\CTDDATA\Sta0240.hex
* Software Version Seasave V 7.26.7.107
* Temperature SN = 03-4535
* Conductivity SN = 2860
* Number of Bytes Per Scan = 44
* Number of Voltage Words = 5
* Number of Scans Averaged by the Deck Unit = 1
* NMEA Latitude = 78 49.99 N
* NMEA Longitude = 000 59.93 E
* NMEA UTC (Time) = Sep 13 2019 23:28:06
* NMEA baud rate = 9600
** Ship: "Kronprins Haakon"
** Station: 0240
** Echodepth: 2434
** Log: 6439.402
** Wind-Dir Force(m/s): 13 12
** Air-temp (dry): 4.8
** Weather Sky: 4 9
** Sea Ice: 4 0
# nquan = 16
# nvalues = 2464                        
# units = specified
# name 0 = prDM: Pressure, Digiquartz [db]
# name 1 = t090C: Temperature [ITS-90, deg C]
# name 2 = t190C: Temperature, 2 [ITS-90, deg C]
# name 3 = c0S/m: Conductivity [S/m]
# name 4 = c1S/m: Conductivity, 2 [S/m]
# name 5 = sbox0Mm/Kg: Oxygen, SBE 43 [umol/kg]
# name 6 = sbox1Mm/Kg: Oxygen, SBE 43, 2 [umol/kg]
# name 7 = wetCDOM: Fluorescence, WET Labs CDOM [mg/m^3]
# name 8 = flECO-AFL: Fluorescence, WET Labs ECO-AFL/FL [mg/m^3]
# name 9 = CStarAt0: Beam Attenuation, WET Labs C-Star [1/m]
# name 10 = timeS: Time, Elapsed [seconds]
# name 11 = latitude: Latitude [deg]
# name 12 = longitude: Longitude [deg]
# name 13 = sal00: Salinity, Practical [PSU]
# name 14 = sal11: Salinity, Practical, 2 [PSU]
# name 15 = flag: flag
# span 0 =      2.000,   2465.000       
# span 1 =    -0.7424,     5.3237       
# span 2 =    -0.7421,     5.3232       
# span 3 =   2.910989,   3.368689       
# span 4 =   2.911033,   3.368609       
# span 5 =    304.014,    336.702       
# span 6 =    299.181,    326.243       
# span 7 =     0.0981,     0.1334       
# span 8 =    -0.0052,     2.3774       
# span 9 =     0.1221,     0.5041       
# span 10 =    152.110,   2558.327      
# span 11 =   78.83328,   78.83332      
# span 12 =    0.99898,    0.99912      
# span 13 =    34.1359,    35.0296      
# span 14 =    34.1338,    35.0294      
# span 15 = 0.0000e+00, 0.0000e+00      
# interval = decibars: 1                
# start_time = Sep 13 2019 23:28:06 [NMEA time, header]
# bad_flag = -9.990e-29
*END*
[from data line 272]
    274.000     2.2348     2.2351   3.108590   3.108584    328.078    319.890     0.1046     0.0073     0.1470    427.960   78.83330    0.99907    34.9703    34.9700 0.0000e+00
    275.000     2.2239     2.2231   3.107626   3.107585    328.128    319.882     0.1044     0.0096     0.1467    428.948   78.83330    0.99906    34.9698    34.9701 0.0000e+00
    276.000     2.2208     2.2202   3.107391   3.107364    328.390    319.896     0.1043     0.0061     0.1468    429.915   78.83330    0.99906    34.9697    34.9700 0.0000e+00
    277.000     2.2158     2.2149   3.106989   3.106910    329.345    320.251     0.1041     0.0023     0.1460    430.875   78.83330    0.99906    34.9696    34.9696 0.0000e+00
    278.000     2.2018     2.2008   3.105760   3.105673    329.707    320.246     0.1039     0.0038     0.1460    431.842   78.83330    0.99906    34.9691    34.9690 0.0000e+00
    279.000     2.1964     2.1961   3.105314   3.105315    328.989    320.080     0.1038     0.0085     0.1461    432.817   78.83330    0.99906    34.9688    34.9692 0.0000e+00
    280.000     2.1923     2.1916   3.104995   3.104914    328.457    319.958     0.1037     0.0030     0.1468    433.798   78.83330    0.99907    34.9688    34.9685 0.0000e+00
    281.000     2.1766     2.1763   3.103584   3.103560    328.598    320.127     0.1036     0.0086     0.1461    434.771   78.83330    0.99908    34.9678    34.9678 0.0000e+00
    282.000     2.1647     2.1641   3.102558   3.102493    327.793    320.403     0.1035     0.0036     0.1458    435.739   78.83330    0.99907    34.9676    34.9674 0.0000e+00
    283.000     2.1547     2.1542   3.101703   3.101681    327.572    320.279     0.1034     0.0023     0.1458    436.703   78.83330    0.99906    34.9673    34.9676 0.0000e+00
    284.000     2.1508     2.1505   3.101383   3.101385    327.359    320.302     0.1034     0.0067     0.1452    437.672   78.83330    0.99906    34.9671    34.9674 0.0000e+00
    285.000     2.1426     2.1422   3.100683   3.100675    327.968    320.003     0.1033     0.0061     0.1454    438.639   78.83330    0.99906    34.9667    34.9670 0.0000e+00
    286.000     2.1301     2.1297   3.099611   3.099570    328.137    319.841     0.1033     0.0051     0.1458    439.609   78.83330    0.99906    34.9665    34.9664 0.0000e+00
    287.000     2.1236     2.1234   3.099062   3.099052    327.903    319.788     0.1033     0.0096     0.1454    440.590   78.83330    0.99906    34.9662    34.9664 0.0000e+00
    288.000     2.1149     2.1144   3.098335   3.098320    327.401    319.817     0.1033     0.0085     0.1452    441.573   78.83330    0.99906    34.9661    34.9665 0.0000e+00
    289.000     2.1192     2.1192   3.098812   3.098876    326.973    319.731     0.1034     0.0032     0.1451    442.563   78.83330    0.99906    34.9668    34.9676 0.0000e+00
    290.000     2.1254     2.1244   3.099530   3.099485    327.195    319.606     0.1034     0.0088     0.1453    443.542   78.83330    0.99906    34.9684    34.9689 0.0000e+00
    291.000     2.1316     2.1308   3.100214   3.100190    327.515    319.888     0.1035     0.0032     0.1455    444.503   78.83330    0.99906    34.9695    34.9701 0.0000e+00
    292.000     2.1386     2.1381   3.101003   3.100992    327.876    320.007     0.1035     0.0024     0.1473    445.460   78.83330    0.99906    34.9711    34.9715 0.0000e+00
    293.000     2.1248     2.1244   3.099841   3.099794    328.511    320.263     0.1035     0.0115     0.1465    446.413   78.83330    0.99904    34.9713    34.9711 0.0000e+00
    294.000     2.1172     2.1166   3.099190   3.099141    328.558    320.663     0.1036     0.0170     0.1465    447.379   78.83330    0.99904    34.9708    34.9709 0.0000e+00
    295.000     2.1128     2.1120   3.098815   3.098782    328.325    321.219     0.1036     0.0142     0.1477    448.357   78.83330    0.99904    34.9705    34.9709 0.0000e+00
    296.000     2.1078     2.1084   3.098414   3.098485    328.948    321.704     0.1036     0.0097     0.1482    449.341   78.83330    0.99904    34.9704    34.9706 0.0000e+00
    297.000     2.0937     2.0948   3.097173   3.097205    329.226    321.993     0.1036     0.0096     0.1489    450.326   78.83330    0.99906    34.9698    34.9690 0.0000e+00
    298.000     2.0513     2.0510   3.093361   3.093299    329.674    322.376     0.1035     0.0089     0.1487    451.308   78.83330    0.99906    34.9682    34.9677 0.0000e+00
    299.000     2.0444     2.0441   3.092731   3.092714    328.478    321.938     0.1035     0.0035     0.1487    452.294   78.83330    0.99906    34.9673    34.9674 0.0000e+00
    300.000     2.0397     2.0393   3.092328   3.092317    328.092    321.743     0.1035     0.0154     0.1484    453.277   78.83330    0.99904    34.9669    34.9671 0.0000e+00
    301.000     2.0330     2.0326   3.091759   3.091735    329.334    322.093     0.1034     0.0169     0.1483    454.238   78.83330    0.99904    34.9665    34.9666 0.0000e+00
    302.000     2.0237     2.0234   3.090966   3.090941    330.159    321.822     0.1034     0.0117     0.1478    455.187   78.83330    0.99904    34.9662    34.9663 0.0000e+00
    303.000     2.0172     2.0173   3.090414   3.090440    330.045    321.677     0.1034     0.0096     0.1475    456.129   78.83330    0.99904    34.9659    34.9661 0.0000e+00
    304.000     2.0123     2.0121   3.090009   3.089998    329.598    321.937     0.1034     0.0125     0.1477    457.083   78.83330    0.99904    34.9656    34.9658 0.0000e+00
    305.000     2.0069     2.0070   3.089550   3.089578    329.326    321.636     0.1035     0.0125     0.1481    458.058   78.83330    0.99904    34.9653    34.9655 0.0000e+00
    306.000     1.9904     1.9900   3.088088   3.088006    329.882    321.644     0.1035     0.0057     0.1477    459.042   78.83330    0.99904    34.9646    34.9640 0.0000e+00
    307.000     1.9649     1.9645   3.085781   3.085721    329.710    321.702     0.1036     0.0150     0.1480    460.042   78.83330    0.99904    34.9632    34.9628 0.0000e+00
    308.000     1.9515     1.9516   3.084565   3.084583    328.822    321.645     0.1037     0.0046     0.1478    461.033   78.83330    0.99904    34.9620    34.9622 0.0000e+00
    309.000     1.9467     1.9466   3.084164   3.084174    328.612    321.452     0.1037     0.0214     0.1476    462.014   78.83330    0.99904    34.9618    34.9619 0.0000e+00
    310.000     1.9434     1.9430   3.083920   3.083893    329.129    321.224     0.1038     0.0060     0.1475    462.994   78.83330    0.99904    34.9617    34.9619 0.0000e+00
    311.000     1.9415     1.9413   3.083784   3.083794    329.420    321.074     0.1039     0.0130     0.1474    463.969   78.83330    0.99904    34.9616    34.9619 0.0000e+00
    312.000     1.9394     1.9391   3.083651   3.083631    329.178    320.905     0.1040     0.0170     0.1467    464.927   78.83330    0.99904    34.9617    34.9618 0.0000e+00
    313.000     1.9395     1.9390   3.083719   3.083708    328.969    320.938     0.1042     0.0099     0.1470    465.881   78.83330    0.99904    34.9619    34.9623 0.0000e+00
    314.000     1.9391     1.9386   3.083769   3.083744    328.533    320.948     0.1043     0.0072     0.1461    466.841   78.83330    0.99904    34.9623    34.9626 0.0000e+00
    315.000     1.9377     1.9375   3.083722   3.083724    328.235    320.750     0.1045     0.0149     0.1460    467.811   78.83330    0.99904    34.9627    34.9629 0.0000e+00
    316.000     1.9352     1.9354   3.083585   3.083611    328.005    320.693     0.1046     0.0088     0.1462    468.788   78.83330    0.99904    34.9631    34.9633 0.0000e+00
    317.000     1.9328     1.9322   3.083455   3.083422    327.879    320.617     0.1048     0.0032     0.1457    469.764   78.83330    0.99904    34.9636    34.9638 0.0000e+00
    318.000     1.9292     1.9290   3.083213   3.083207    327.720    320.783     0.1050     0.0090     0.1454    470.741   78.83330    0.99904    34.9639    34.9641 0.0000e+00
    319.000     1.9228     1.9218   3.082686   3.082627    327.831    320.921     0.1052     0.0095     0.1455    471.723   78.83330    0.99904    34.9639    34.9641 0.0000e+00
    320.000     1.9137     1.9123   3.081944   3.081822    327.470    320.734     0.1053     0.0041     0.1457    472.702   78.83330    0.99903    34.9640    34.9640 0.0000e+00
    321.000     1.9086     1.9086   3.081534   3.081568    327.039    320.319     0.1054     0.0071     0.1450    473.684   78.83330    0.99902    34.9639    34.9643 0.0000e+00
    322.000     1.9040     1.9053   3.081169   3.081290    327.257    320.596     0.1055     0.0096     0.1446    474.669   78.83330    0.99902    34.9638    34.9638 0.0000e+00
    323.000     1.8944     1.8950   3.080348   3.080396    327.486    320.616     0.1056     0.0062     0.1443    475.655   78.83330    0.99902    34.9635    34.9634 0.0000e+00
    324.000     1.8843     1.8831   3.079501   3.079392    327.630    320.577     0.1056     0.0046     0.1444    476.629   78.83330    0.99903    34.9634    34.9634 0.0000e+00
    325.000     1.8778     1.8772   3.078975   3.078942    327.924    320.452     0.1056     0.0081     0.1444    477.590   78.83330    0.99904    34.9634    34.9636 0.0000e+00
    326.000     1.8763     1.8759   3.078925   3.078899    327.615    320.440     0.1055     0.0024     0.1441    478.552   78.83330    0.99904    34.9639    34.9640 0.0000e+00
    327.000     1.8757     1.8753   3.078923   3.078912    328.262    320.710     0.1055     0.0023     0.1439    479.514   78.83330    0.99904    34.9639    34.9642 0.0000e+00
    328.000     1.8715     1.8710   3.078624   3.078593    328.657    321.031     0.1054     0.0023     0.1443    480.485   78.83330    0.99904    34.9642    34.9643 0.0000e+00
    329.000     1.8680     1.8674   3.078363   3.078328    328.804    321.440     0.1054     0.0024     0.1437    481.464   78.83330    0.99904    34.9642    34.9644 0.0000e+00
    330.000     1.8568     1.8564   3.077418   3.077326    329.134    321.491     0.1053     0.0075     0.1437    482.460   78.83330    0.99902    34.9640    34.9634 0.0000e+00
    331.000     1.8299     1.8298   3.075005   3.075003    329.313    321.656     0.1053     0.0052     0.1441    483.456   78.83330    0.99902    34.9629    34.9629 0.0000e+00
    332.000     1.8216     1.8217   3.074274   3.074294    328.987    321.750     0.1053     0.0023     0.1441    484.443   78.83330    0.99902    34.9622    34.9623 0.0000e+00
    333.000     1.8122     1.8121   3.073443   3.073420    328.961    321.821     0.1053     0.0052     0.1445    485.422   78.83330    0.99902    34.9616    34.9614 0.0000e+00
    334.000     1.7908     1.7908   3.071522   3.071482    329.329    321.899     0.1053     0.0095     0.1439    486.392   78.83330    0.99902    34.9604    34.9599 0.0000e+00
    335.000     1.7836     1.7828   3.070887   3.070836    329.500    321.463     0.1053     0.0082     0.1433    487.374   78.83330    0.99904    34.9598    34.9600 0.0000e+00
    336.000     1.7793     1.7792   3.070534   3.070539    328.764    321.029     0.1053     0.0025     0.1427    488.353   78.83330    0.99904    34.9595    34.9597 0.0000e+00
    337.000     1.7742     1.7740   3.070116   3.070099    328.718    320.653     0.1053     0.0034     0.1428    489.323   78.83330    0.99904    34.9593    34.9593 0.0000e+00
    338.000     1.7672     1.7674   3.069495   3.069528    328.529    320.474     0.1053     0.0210     0.1444    490.278   78.83330    0.99904    34.9586    34.9588 0.0000e+00
    339.000     1.7593     1.7589   3.068815   3.068768    328.077    320.260     0.1053     0.0128     0.1424    491.239   78.83330    0.99904    34.9582    34.9581 0.0000e+00
    340.000     1.7442     1.7432   3.067445   3.067357    327.762    320.309     0.1053     0.0049     0.1422    492.211   78.83330    0.99904    34.9571    34.9571 0.0000e+00
    341.000     1.7392     1.7393   3.067039   3.067087    327.381    320.230     0.1053     0.0023     0.1420    493.199   78.83330    0.99902    34.9569    34.9573 0.0000e+00
    342.000     1.6830     1.6877   3.061925   3.062144    327.446    320.305     0.1054     0.0023     0.1416    494.200   78.83330    0.99902    34.9539    34.9514 0.0000e+00
    343.000     1.6241     1.6240   3.056453   3.056380    327.459    320.359     0.1054     0.0023     0.1419    495.199   78.83330    0.99902    34.9493    34.9484 0.0000e+00
    344.000     1.5980     1.5985   3.054017   3.054057    326.254    319.559     0.1055     0.0042     0.1420    496.182   78.83330    0.99902    34.9467    34.9467 0.0000e+00
    345.000     1.5749     1.5753   3.051903   3.051905    326.094    318.706     0.1056     0.0094     0.1416    497.146   78.83330    0.99904    34.9449    34.9446 0.0000e+00
    346.000     1.5447     1.5447   3.049176   3.049157    326.873    318.156     0.1057     0.0096     0.1411    498.105   78.83330    0.99904    34.9433    34.9430 0.0000e+00
    347.000     1.5427     1.5422   3.049026   3.049022    327.467    317.379     0.1058     0.0094     0.1404    499.062   78.83330    0.99904    34.9430    34.9435 0.0000e+00
    348.000     1.5396     1.5393   3.048788   3.048780    327.282    316.987     0.1060     0.0037     0.1398    500.011   78.83330    0.99904    34.9429    34.9431 0.0000e+00
    349.000     1.5322     1.5320   3.048190   3.048185    327.306    316.731     0.1061     0.0023     0.1392    500.962   78.83330    0.99904    34.9429    34.9431 0.0000e+00
    350.000     1.5299     1.5293   3.048105   3.048092    326.634    316.560     0.1063     0.0064     0.1391    501.919   78.83330    0.99904    34.9438    34.9442 0.0000e+00
    351.000     1.5347     1.5338   3.048690   3.048659    325.402    316.334     0.1065     0.0126     0.1391    502.886   78.83330    0.99904    34.9453    34.9459 0.0000e+00
    352.000     1.5465     1.5456   3.049944   3.049928    324.688    316.601     0.1067     0.0123     0.1393    503.862   78.83330    0.99904    34.9475    34.9483 0.0000e+00
    353.000     1.5550     1.5542   3.050892   3.050897    324.558    316.843     0.1069     0.0039     0.1383    504.838   78.83330    0.99903    34.9495    34.9505 0.0000e+00
    354.000     1.5558     1.5559   3.051137   3.051137    324.915    317.468     0.1071     0.0095     0.1379    505.818   78.83330    0.99902    34.9512    34.9511 0.0000e+00
    355.000     1.5315     1.5320   3.048982   3.048974    325.567    318.191     0.1072     0.0096     0.1388    506.790   78.83330    0.99902    34.9502    34.9495 0.0000e+00
    356.000     1.5134     1.5136   3.047356   3.047373    325.558    318.768     0.1074     0.0094     0.1389    507.763   78.83330    0.99903    34.9491    34.9491 0.0000e+00
    357.000     1.4948     1.4952   3.045657   3.045651    325.511    318.837     0.1076     0.0036     0.1387    508.736   78.83330    0.99904    34.9476    34.9471 0.0000e+00
    358.000     1.4691     1.4697   3.043316   3.043318    326.028    318.871     0.1078     0.0023     0.1389    509.704   78.83330    0.99904    34.9458    34.9451 0.0000e+00
    359.000     1.4339     1.4346   3.040099   3.040098    326.896    319.145     0.1079     0.0023     0.1384    510.663   78.83330    0.99904    34.9433    34.9426 0.0000e+00
    360.000     1.4184     1.4180   3.038658   3.038646    326.766    318.716     0.1080     0.0053     0.1383    511.604   78.83330    0.99904    34.9417    34.9420 0.0000e+00
    361.000     1.4138     1.4139   3.038270   3.038297    326.241    318.222     0.1080     0.0117     0.1381    512.553   78.83330    0.99904    34.9412    34.9415 0.0000e+00
    362.000     1.3957     1.3959   3.036651   3.036649    326.499    318.063     0.1080     0.0155     0.1378    513.521   78.83330    0.99904    34.9402    34.9400 0.0000e+00
