test_project/cnv_files/Sta0236_bin.cnv
* Sea-Bird SBE 9 Data File:
* FileName = C:\Seabird\CTDDATA\Sta0236.hex
* Software Version Seasave V 7.26.7.107
* Temperature SN = 03-4535
* Conductivity SN = 2860
* Number of Bytes Per Scan = 44
* Number of Voltage Words = 5
* Number of Scans Averaged by the Deck Unit = 1
* NMEA Latitude = 78 49.95 N
* NMEA Longitude = 005 12.96 W
* NMEA UTC (Time) = Sep 10 2019 22:45:55
* NMEA baud rate = 9600
** Ship: "Kronprins Haakon"
** Station: 0236
** Echodepth: 808
** Log: 6297.190
** Wind-Dir Force(m/s): 14 13
** Air-temp (dry): 0.1
** Weather Sky: 7 8
** Sea Ice: 4 4
# nquan = 17
# nvalues = 808                         
# units = specified
# name 0 = prDM: Pressure, Digiquartz [db]
# name 1 = t090C: Temperature [ITS-90, deg C]
# name 2 = t190C: Temperature, 2 [ITS-90, deg C]
# name 3 = c0S/m: Conductivity [S/m]
# name 4 = c1S/m: Conductivity, 2 [S/m]
# name 5 = sbox0Mm/Kg: Oxygen, SBE 43 [umol/kg]
# name 6 = sbox1Mm/Kg: Oxygen, SBE 43, 2 [umol/kg]
# name 7 = wetCDOM: Fluorescence, WET Labs CDOM [mg/m^3]
# name 8 = flECO-AFL: Fluorescence, WET Labs ECO-AFL/FL [mg/m^3]
# name 9 = CStarAt0: Beam Attenuation, WET Labs C-Star [1/m]
# name 10 = timeS: Time, Elapsed [seconds]
# name 11 = latitude: Latitude [deg]
# name 12 = longitude: Longitude [deg]
# name 13 = upoly0: Upoly 0, ISUS
# name 14 = sal00: Salinity, Practical [PSU]
# name 15 = sal11: Salinity, Practical, 2 [PSU]
# name 16 = flag: flag
# span 0 =      2.000,    809.000       
# span 1 =    -1.6603,     1.0795       
# span 2 =    -1.6602,     1.0794       
# span 3 =   2.389978,   3.000280       
# span 4 =   2.390162,   3.000246       
# span 5 =    304.994,    419.882       
# span 6 =    300.396,    414.697       
# span 7 =     0.1157,     0.1920       
# span 8 =    -0.0032,     0.8451       
# span 9 =     0.1238,     0.3064       
# span 10 =    316.418,   1094.775      
# span 11 =   78.83262,   78.83264      
# span 12 =   -5.21618,   -5.21612      
# span 13 =  11.044015,  24.490619      
# span 14 =    29.7138,    34.8814      
# span 15 =    29.7159,    34.8817      
# span 16 = 0.0000e+00, 0.0000e+00      
# interval = decibars: 1                
# start_time = Sep 10 2019 22:45:55 [NMEA time, header]
# bad_flag = -9.990e-29
*END*
[from data line 256]
    258.000     0.9191     0.9187   2.981082   2.981010    310.799    303.821     0.1204     0.0096     0.1296    567.692   78.83262   -5.21614  23.486013    34.8193    34.8188 0.0000e+00
    259.000     0.9133     0.9140   2.980597   2.980608    311.229    304.064     0.1204     0.0096     0.1294    568.740   78.83262   -5.21614  22.908137    34.8189    34.8183 0.0000e+00
    260.000     0.9058     0.9053   2.979969   2.979887    311.466    303.909     0.1205     0.0096     0.1287    569.738   78.83262   -5.21614  22.459890    34.8186    34.8181 0.0000e+00
    261.000     0.8838     0.8845   2.978057   2.978026    311.428    303.901     0.1205     0.0096     0.1286    570.680   78.83262   -5.21614  22.541813    34.8178    34.8167 0.0000e+00
    262.000     0.8742     0.8760   2.977248   2.977401    311.154    303.821     0.1205     0.0096     0.1282    571.578   78.83262   -5.21614  22.949167    34.8175    34.8175 0.0000e+00
    263.000     0.9186     0.9154   2.981481   2.981325    310.248    303.618     0.1204     0.0096     0.1283    572.460   78.83262   -5.21614  23.425978    34.8220    34.8235 0.0000e+00
    264.000     0.9196     0.9205   2.981648   2.981674    311.093    303.876     0.1204     0.0097     0.1283    573.353   78.83262   -5.21614  22.963295    34.8225    34.8218 0.0000e+00
    265.000     0.9050     0.9054   2.980384   2.980383    312.503    304.264     0.1204     0.0150     0.1283    574.280   78.83262   -5.21614  22.738568    34.8219    34.8214 0.0000e+00
    266.000     0.8979     0.8975   2.979789   2.979704    311.446    304.324     0.1204     0.0066     0.1282    575.256   78.83262   -5.21614  22.916589    34.8216    34.8209 0.0000e+00
    267.000     0.8854     0.8860   2.978712   2.978722    310.644    304.443     0.1204     0.0064     0.1290    576.276   78.83262   -5.21614  23.010642    34.8210    34.8205 0.0000e+00
    268.000     0.8750     0.8749   2.977809   2.977756    310.794    304.578     0.1203     0.0051     0.1283    577.308   78.83262   -5.21614  23.505922    34.8204    34.8197 0.0000e+00
    269.000     0.8612     0.8612   2.976613   2.976571    311.394    304.267     0.1203     0.0057     0.1283    578.319   78.83262   -5.21614  23.509653    34.8197    34.8192 0.0000e+00
    270.000     0.8556     0.8559   2.976138   2.976145    311.654    303.887     0.1203     0.0096     0.1282    579.292   78.83262   -5.21614  22.899854    34.8193    34.8191 0.0000e+00
    271.000     0.8531     0.8532   2.975974   2.975957    311.542    303.940     0.1203     0.0128     0.1288    580.242   78.83262   -5.21614  22.990126    34.8194    34.8190 0.0000e+00
    272.000     0.8499     0.8495   2.975720   2.975647    311.076    303.700     0.1204     0.0221     0.1287    581.182   78.83262   -5.21614  22.997807    34.8191    34.8185 0.0000e+00
    273.000     0.8441     0.8445   2.975246   2.975239    310.970    303.479     0.1204     0.0105     0.1282    582.130   78.83262   -5.21614  22.900705    34.8188    34.8183 0.0000e+00
    274.000     0.8400     0.8394   2.974904   2.974854    311.220    303.639     0.1204     0.0156     0.1282    583.088   78.83262   -5.21614  23.836518    34.8184    34.8184 0.0000e+00
    275.000     0.8374     0.8371   2.974722   2.974676    311.191    303.576     0.1205     0.0110     0.1276    584.049   78.83262   -5.21614  22.815151    34.8183    34.8181 0.0000e+00
    276.000     0.8342     0.8341   2.974473   2.974483    311.059    303.719     0.1205     0.0096     0.1281    584.999   78.83262   -5.21614  23.047914    34.8182    34.8184 0.0000e+00
    277.000     0.8416     0.8409   2.975234   2.975179    311.094    303.604     0.1205     0.0060     0.1282    585.938   78.83262   -5.21614  23.070737    34.8191    34.8192 0.0000e+00
    278.000     0.8321     0.8328   2.974437   2.974453    310.949    303.771     0.1205     0.0044     0.1282    586.867   78.83262   -5.21614  22.997910    34.8188    34.8182 0.0000e+00
    279.000     0.8272     0.8272   2.974052   2.974036    310.884    303.873     0.1206     0.0118     0.1284    587.807   78.83262   -5.21614  23.179387    34.8188    34.8186 0.0000e+00
    280.000     0.8223     0.8223   2.973644   2.973637    311.126    303.731     0.1206     0.0225     0.1286    588.786   78.83262   -5.21614  23.654543    34.8184    34.8183 0.0000e+00
    281.000     0.8111     0.8113   2.972664   2.972639    310.762    303.634     0.1206     0.0167     0.1283    589.815   78.83262   -5.21614  23.335853    34.8176    34.8170 0.0000e+00
    282.000     0.7982     0.7984   2.971532   2.971523    311.389    303.630     0.1206     0.0104     0.1282    590.878   78.83262   -5.21614  23.286364    34.8168    34.8165 0.0000e+00
    283.000     0.7865     0.7867   2.970535   2.970538    311.044    303.632     0.1206     0.0158     0.1282    591.924   78.83262   -5.21614  22.964875    34.8163    34.8162 0.0000e+00
    284.000     0.7850     0.7850   2.970454   2.970472    310.879    303.485     0.1206     0.0102     0.1282    592.898   78.83262   -5.21614  23.182174    34.8164    34.8166 0.0000e+00
    285.000     0.7984     0.7978   2.971811   2.971867    310.489    303.434     0.1206     0.0096     0.1280    593.802   78.83262   -5.21614  23.014347    34.8184    34.8198 0.0000e+00
    286.000     0.8546     0.8544   2.977211   2.977335    309.856    302.722     0.1207     0.0056     0.1281    594.657   78.83262   -5.21614  21.936189    34.8248    34.8267 0.0000e+00
    287.000     0.8618     0.8615   2.977989   2.977947    311.058    303.111     0.1208     0.0023     0.1283    595.496   78.83262   -5.21614  23.033727    34.8263    34.8261 0.0000e+00
    288.000     0.8559     0.8561   2.977532   2.977536    312.418    303.851     0.1208     0.0028     0.1282    596.362   78.83262   -5.21614  22.798481    34.8264    34.8262 0.0000e+00
    289.000     0.8471     0.8473   2.976816   2.976806    311.680    303.673     0.1210     0.0087     0.1282    597.291   78.83262   -5.21614  22.780404    34.8264    34.8260 0.0000e+00
    290.000     0.8321     0.8326   2.975542   2.975573    310.404    303.726     0.1211     0.0033     0.1282    598.326   78.83262   -5.21614  23.305159    34.8260    34.8259 0.0000e+00
    291.000     0.8273     0.8272   2.975162   2.975153    309.420    303.647     0.1212     0.0028     0.1282    599.459   78.83262   -5.21614  22.960684    34.8260    34.8260 0.0000e+00
    292.000     0.8303     0.8301   2.975510   2.975512    309.436    303.287     0.1213     0.0207     0.1282    600.601   78.83262   -5.21614  23.592092    34.8265    34.8267 0.0000e+00
    293.000     0.8345     0.8353   2.976022   2.976111    310.201    303.850     0.1215     0.0050     0.1282    601.656   78.83262   -5.21614  23.024209    34.8278    34.8281 0.0000e+00
    294.000     0.8458     0.8446   2.977186   2.977172    310.599    304.130     0.1216     0.0134     0.1279    602.602   78.83262   -5.21614  22.981050    34.8297    34.8308 0.0000e+00
    295.000     0.8547     0.8547   2.978158   2.978184    310.599    303.806     0.1217     0.0213     0.1275    603.479   78.83262   -5.21614  22.973399    34.8316    34.8320 0.0000e+00
    296.000     0.8748     0.8743   2.980114   2.980161    310.355    303.560     0.1219     0.0200     0.1282    604.321   78.83262   -5.21614  22.846368    34.8339    34.8351 0.0000e+00
    297.000     0.8844     0.8863   2.981084   2.981300    310.183    303.743     0.1220     0.0105     0.1282    605.168   78.83262   -5.21614  22.719649    34.8351    34.8358 0.0000e+00
    298.000     0.8927     0.8962   2.981922   2.982284    310.372    304.170     0.1221     0.0160     0.1282    606.045   78.83262   -5.21614  23.338472    34.8360    34.8369 0.0000e+00
    299.000     0.9039     0.9075   2.983038   2.983439    310.195    303.810     0.1221     0.0108     0.1278    606.977   78.83262   -5.21614  22.847335    34.8374    34.8385 0.0000e+00
    300.000     0.9259     0.9283   2.985176   2.985399    309.754    303.573     0.1222     0.0046     0.1273    607.965   78.83262   -5.21614  22.789667    34.8397    34.8399 0.0000e+00
    301.000     0.9544     0.9512   2.987898   2.987681    309.949    304.066     0.1224     0.0069     0.1275    608.997   78.83262   -5.21614  22.961824    34.8425    34.8432 0.0000e+00
    302.000     0.9772     0.9671   2.990208   2.989392    310.028    304.322     0.1225     0.0096     0.1281    610.040   78.83262   -5.21614  22.980315    34.8462    34.8469 0.0000e+00
    303.000     1.0553     1.0578   2.997660   2.997972    309.528    303.586     0.1226     0.0096     0.1278    611.075   78.83262   -5.21614  22.786042    34.8544    34.8556 0.0000e+00
    304.000     1.0623     1.0636   2.998454   2.998576    310.566    304.532     0.1228     0.0127     0.1281    612.095   78.83262   -5.21614  22.919816    34.8562    34.8563 0.0000e+00
    305.000     1.0674     1.0679   2.998987   2.999011    310.432    304.911     0.1229     0.0169     0.1283    613.098   78.83262   -5.21614  23.503720    34.8568    34.8565 0.0000e+00
    306.000     1.0680     1.0696   2.999078   2.999202    309.296    305.350     0.1230     0.0167     0.1281    614.079   78.83262   -5.21614  23.221059    34.8568    34.8565 0.0000e+00
    307.000     1.0715     1.0721   2.999449   2.999536    308.882    305.640     0.1232     0.0170     0.1282    615.033   78.83262   -5.21614  22.735266    34.8570    34.8574 0.0000e+00
    308.000     1.0790     1.0785   3.000187   3.000136    309.032    305.622     0.1233     0.0164     0.1280    615.955   78.83262   -5.21614  22.545288    34.8576    34.8574 0.0000e+00
    309.000     1.0795     1.0794   3.000280   3.000246    310.016    305.278     0.1234     0.0105     0.1279    616.847   78.83262   -5.21614  22.613558    34.8575    34.8573 0.0000e+00
    310.000     1.0756     1.0752   2.999971   2.999883    310.484    305.289     0.1235     0.0096     0.1278    617.721   78.83262   -5.21614  22.839619    34.8574    34.8567 0.0000e+00
    311.000     1.0571     1.0568   2.998296   2.998099    311.183    305.695     0.1236     0.0126     0.1285    618.597   78.83262   -5.21614  23.087675    34.8558    34.8537 0.0000e+00
    312.000     1.0145     1.0063   2.994286   2.993388    311.643    305.863     0.1236     0.0166     0.1281    619.504   78.83262   -5.21614  22.780475    34.8513    34.8488 0.0000e+00
    313.000     0.9307     0.9342   2.986556   2.986662    311.821    305.822     0.1237     0.0179     0.1281    620.467   78.83262   -5.21614  22.867097    34.8446    34.8420 0.0000e+00
    314.000     0.9079     0.9071   2.984429   2.984340    310.526    304.935     0.1237     0.0220     0.1281    621.501   78.83262   -5.21614  23.284208    34.8420    34.8417 0.0000e+00
    315.000     0.8972     0.8976   2.983464   2.983487    310.572    304.057     0.1237     0.0120     0.1275    622.596   78.83262   -5.21614  23.151908    34.8409    34.8408 0.0000e+00
    316.000     0.8875     0.8878   2.982633   2.982636    312.699    303.968     0.1238     0.0216     0.1280    623.693   78.83262   -5.21614  23.027774    34.8405    34.8401 0.0000e+00
    317.000     0.8752     0.8756   2.981570   2.981574    313.958    304.096     0.1238     0.0106     0.1279    624.729   78.83262   -5.21614  23.070211    34.8399    34.8395 0.0000e+00
    318.000     0.8660     0.8662   2.980791   2.980793    313.471    304.165     0.1239     0.0164     0.1279    625.683   78.83262   -5.21614  22.718395    34.8395    34.8393 0.0000e+00
    319.000     0.8668     0.8667   2.980941   2.980952    312.373    304.017     0.1239     0.0169     0.1277    626.575   78.83262   -5.21614  22.641184    34.8400    34.8402 0.0000e+00
    320.000     0.8776     0.8773   2.982077   2.982073    311.617    304.031     0.1239     0.0125     0.1279    627.446   78.83262   -5.21614  22.605810    34.8420    34.8423 0.0000e+00
    321.000     0.8794     0.8793   2.982305   2.982303    311.906    304.410     0.1240     0.0097     0.1275    628.320   78.83262   -5.21614  22.601895    34.8424    34.8424 0.0000e+00
    322.000     0.8787     0.8788   2.982307   2.982307    312.338    304.622     0.1240     0.0096     0.1276    629.224   78.83262   -5.21614  22.595254    34.8425    34.8425 0.0000e+00
    323.000     0.8769     0.8769   2.982209   2.982215    312.093    304.156     0.1240     0.0096     0.1281    630.176   78.83262   -5.21614  23.478633    34.8427    34.8428 0.0000e+00
    324.000     0.8770     0.8771   2.982336   2.982340    311.490    303.984     0.1240     0.0096     0.1281    631.182   78.83262   -5.21614  23.468368    34.8437    34.8437 0.0000e+00
    325.000     0.8807     0.8810   2.982764   2.982807    311.243    304.264     0.1240     0.0093     0.1277    632.218   78.83262   -5.21614  23.236776    34.8444    34.8447 0.0000e+00
    326.000     0.8841     0.8841   2.983147   2.983164    311.140    304.447     0.1240     0.0032     0.1277    633.248   78.83262   -5.21614  22.943179    34.8450    34.8452 0.0000e+00
    327.000     0.8863     0.8862   2.983434   2.983432    311.280    304.526     0.1240     0.0023     0.1273    634.243   78.83262   -5.21614  22.863174    34.8458    34.8457 0.0000e+00
    328.000     0.8843     0.8844   2.983351   2.983346    311.234    304.315     0.1240     0.0023     0.1273    635.206   78.83262   -5.21614  23.098601    34.8462    34.8461 0.0000e+00
    329.000     0.8831     0.8831   2.983313   2.983312    311.389    304.516     0.1239     0.0063     0.1273    636.143   78.83262   -5.21614  22.834202    34.8465    34.8465 0.0000e+00
    330.000     0.8820     0.8820   2.983313   2.983314    311.225    304.483     0.1239     0.0096     0.1275    637.073   78.83262   -5.21614  23.217847    34.8472    34.8472 0.0000e+00
    331.000     0.8818     0.8817   2.983347   2.983347    311.065    304.562     0.1238     0.0096     0.1290    637.996   78.83262   -5.21614  23.065398    34.8473    34.8474 0.0000e+00
    332.000     0.8812     0.8810   2.983339   2.983325    310.845    304.606     0.1236     0.0102     0.1275    638.928   78.83262   -5.21614  23.000074    34.8473    34.8472 0.0000e+00
    333.000     0.8799     0.8800   2.983280   2.983281    310.799    304.350     0.1235     0.0160     0.1272    639.874   78.83262   -5.21614  23.284462    34.8473    34.8473 0.0000e+00
    334.000     0.8777     0.8780   2.983124   2.983142    310.828    304.269     0.1233     0.0107     0.1272    640.843   78.83262   -5.21614  23.000062    34.8472    34.8471 0.0000e+00
    335.000     0.8736     0.8736   2.982798   2.982804    311.235    304.530     0.1231     0.0205     0.1280    641.837   78.83262   -5.21614  22.995172    34.8470    34.8471 0.0000e+00
    336.000     0.8730     0.8731   2.982799   2.982807    311.269    304.733     0.1229     0.0084     0.1290    642.856   78.83262   -5.21614  22.771751    34.8471    34.8471 0.0000e+00
    337.000     0.8698     0.8691   2.982557   2.982478    311.687    304.690     0.1226     0.0113     0.1274    643.879   78.83262   -5.21614  22.822395    34.8470    34.8467 0.0000e+00
    338.000     0.8625     0.8623   2.981961   2.981937    311.970    304.822     0.1224     0.0124     0.1272    644.886   78.83262   -5.21614  23.299089    34.8468    34.8467 0.0000e+00
    339.000     0.8557     0.8558   2.981393   2.981391    311.714    304.988     0.1221     0.0127     0.1270    645.848   78.83262   -5.21614  23.470922    34.8466    34.8463 0.0000e+00
    340.000     0.8497     0.8499   2.980910   2.980919    311.482    305.059     0.1219     0.0135     0.1271    646.762   78.83262   -5.21614  23.136187    34.8464    34.8463 0.0000e+00
    341.000     0.8478     0.8478   2.980783   2.980791    311.309    305.064     0.1216     0.0032     0.1296    647.646   78.83262   -5.21614  22.164083    34.8462    34.8463 0.0000e+00
