test_project/cnv_files/Sta0208_bin.cnv
* Sea-Bird SBE 9 Data File:
* FileName = C:\Seabird\CTDDATA\Sta0208.hex
* Software Version Seasave V 7.26.7.107
* Temperature SN = 03-4535
* Conductivity SN = 2860
* Number of Bytes Per Scan = 44
* Number of Voltage Words = 5
* Number of Scans Averaged by the Deck Unit = 1
* NMEA Latitude = 78 50.17 N
* NMEA Longitude = 008 09.17 W
* NMEA UTC (Time) = Sep 05 2019 09:21:07
* NMEA baud rate = 9600
** Ship: "Kronprins Haakon"
** Station: 0208
** Echodepth: 235
** Log: 5911.27
** Wind-Dir Force(m/s): 20 14
** Air-temp (dry): -1.3
** Weather Sky: 0 2
** Sea Ice: 0 4
# nquan = 17
# nvalues = 222                         
# units = specified
# name 0 = prDM: Pressure, Digiquartz [db]
# name 1 = t090C: Temperature [ITS-90, deg C]
# name 2 = t190C: Temperature, 2 [ITS-90, deg C]
# name 3 = c0S/m: Conductivity [S/m]
# name 4 = c1S/m: Conductivity, 2 [S/m]
# name 5 = sbox0Mm/Kg: Oxygen, SBE 43 [umol/kg]
# name 6 = sbox1Mm/Kg: Oxygen, SBE 43, 2 [umol/kg]
# name 7 = wetCDOM: Fluorescence, WET Labs CDOM [mg/m^3]
# name 8 = flECO-AFL: Fluorescence, WET Labs ECO-AFL/FL [mg/m^3]
# name 9 = CStarAt0: Beam Attenuation, WET Labs C-Star [1/m]
# name 10 = timeS: Time, Elapsed [seconds]
# name 11 = latitude: Latitude [deg]
# name 12 = longitude: Longitude [deg]
# name 13 = upoly0: Upoly 0, ISUS
# name 14 = sal00: Salinity, Practical [PSU]
# name 15 = sal11: Salinity, Practical, 2 [PSU]
# name 16 = flag: flag
# span 0 =      3.000,    224.000       
# span 1 =    -1.5588,     1.0818       
# span 2 =    -1.5580,     1.0823       
# span 3 =   2.462913,   2.988058       
# span 4 =   2.462781,   2.987947       
# span 5 =    305.044,    418.604       
# span 6 =    303.874,    406.526       
# span 7 =     0.1145,     0.1764       
# span 8 =     0.0031,     1.1465       
# span 9 =     0.1506,     0.3427       
# span 10 =    151.954,    390.644      
# span 11 =   78.83628,   78.83628      
# span 12 =   -8.15290,   -8.15288      
# span 13 =  12.797913,  24.761743      
# span 14 =    30.6413,    34.7479      
# span 15 =    30.6378,    34.7463      
# span 16 = 0.0000e+00, 0.0000e+00      
# interval = decibars: 1                
# start_time = Sep 05 2019 09:21:07 [NMEA time, header]
# bad_flag = -9.990e-29
*END*
      3.000    -1.4664    -1.4662   2.466961   2.466913    401.181    398.919     0.1477     0.6945     0.3427    151.954   78.83628   -8.15290  13.371912    30.7089    30.7080 0.0000e+00
      4.000    -1.4673    -1.4671   2.466983   2.466899    402.683    398.617     0.1505     0.6738     0.3422    155.303   78.83628   -8.15290  13.186600    30.7095    30.7081 0.0000e+00
      5.000    -1.4678    -1.4671   2.467025   2.466946    402.853    398.278     0.1495     0.7379     0.3417    158.364   78.83628   -8.15290  13.257582    30.7100    30.7082 0.0000e+00
      6.000    -1.4670    -1.4653   2.467048   2.467115    401.873    399.387     0.1441     0.7467     0.3425    161.146   78.83628   -8.15290  13.129699    30.7089    30.7080 0.0000e+00
      7.000    -1.4601    -1.4637   2.467348   2.467192    402.579    400.457     0.1403     0.7391     0.3407    163.318   78.83628   -8.15290  13.084568    30.7053    30.7069 0.0000e+00
      8.000    -1.4268    -1.4258   2.466575   2.467110    403.567    400.565     0.1456     0.7643     0.3422    165.140   78.83628   -8.15290  13.229065    30.6599    30.6662 0.0000e+00
      9.000    -1.4579    -1.4562   2.462913   2.462781    404.914    402.917     0.1459     0.5976     0.3405    166.782   78.83628   -8.15290  13.132078    30.6413    30.6378 0.0000e+00
     10.000    -1.4943    -1.4958   2.471776   2.472863    401.507    400.538     0.1464     0.5360     0.3386    168.332   78.83628   -8.15290  13.223601    30.7994    30.8158 0.0000e+00
     11.000    -1.5055    -1.5042   2.480192   2.479977    400.187    398.280     0.1470     0.6832     0.3366    169.768   78.83628   -8.15288  12.964883    30.9256    30.9213 0.0000e+00
     12.000    -1.5100    -1.5095   2.480757   2.480719    404.710    399.767     0.1477     0.8163     0.3379    171.138   78.83628   -8.15288  12.946411    30.9373    30.9363 0.0000e+00
     13.000    -1.5130    -1.5120   2.480815   2.480791    408.719    401.570     0.1483     0.8805     0.3362    172.423   78.83628   -8.15288  13.262341    30.9406    30.9393 0.0000e+00
     14.000    -1.5149    -1.5147   2.480948   2.480883    409.665    402.179     0.1488     0.8851     0.3367    173.676   78.83628   -8.15288  12.797913    30.9439    30.9428 0.0000e+00
     15.000    -1.5336    -1.5329   2.482589   2.482548    409.407    402.203     0.1493     0.9084     0.3370    174.888   78.83628   -8.15288  12.823256    30.9852    30.9839 0.0000e+00
     16.000    -1.5357    -1.5351   2.485313   2.485275    408.209    401.938     0.1498     0.8955     0.3375    176.057   78.83628   -8.15288  13.131399    31.0242    31.0231 0.0000e+00
     17.000    -1.5325    -1.5321   2.487779   2.487733    407.441    401.487     0.1507     0.8779     0.3373    177.197   78.83628   -8.15288  13.493965    31.0541    31.0530 0.0000e+00
     18.000    -1.5310    -1.5302   2.490399   2.490308    407.978    401.325     0.1518     0.8835     0.3335    178.316   78.83628   -8.15288  13.391132    31.0878    31.0857 0.0000e+00
     19.000    -1.5320    -1.5315   2.490569   2.490519    407.844    401.357     0.1532     0.9675     0.3345    179.394   78.83628   -8.15288  13.588413    31.0906    31.0893 0.0000e+00
     20.000    -1.5323    -1.5318   2.490729   2.490676    407.117    400.994     0.1548     1.0086     0.3340    180.444   78.83628   -8.15288  13.375939    31.0924    31.0913 0.0000e+00
     21.000    -1.5285    -1.5278   2.491414   2.491403    407.555    401.446     0.1561     1.0405     0.3328    181.487   78.83628   -8.15288  13.648952    31.0973    31.0964 0.0000e+00
     22.000    -1.5249    -1.5245   2.491924   2.491867    408.258    401.726     0.1569     1.0840     0.3306    182.527   78.83628   -8.15288  13.515701    31.0999    31.0987 0.0000e+00
     23.000    -1.5149    -1.5146   2.492997   2.492951    408.574    401.938     0.1574     1.0769     0.3323    183.562   78.83628   -8.15288  13.505065    31.1036    31.1026 0.0000e+00
     24.000    -1.5050    -1.5045   2.494049   2.494018    408.665    401.905     0.1578     1.0442     0.3299    184.597   78.83628   -8.15288  13.328357    31.1070    31.1060 0.0000e+00
     25.000    -1.4982    -1.4978   2.495083   2.495043    408.994    401.765     0.1580     1.0104     0.3305    185.632   78.83628   -8.15288  13.515220    31.1134    31.1125 0.0000e+00
     26.000    -1.3870    -1.3885   2.520562   2.521161    406.818    399.724     0.1582     0.9730     0.3291    186.730   78.83628   -8.15288  13.694036    31.3442    31.3539 0.0000e+00
     27.000    -1.1036    -1.0934   2.567887   2.569402    400.023    401.119     0.1587     1.1465     0.3180    190.383   78.83628   -8.15288  13.883266    31.6893    31.6992 0.0000e+00
     28.000    -1.0563    -1.0557   2.579211   2.579158    405.561    405.492     0.1593     0.9907     0.3040    192.437   78.83628   -8.15288  13.426509    31.7922    31.7908 0.0000e+00
     29.000    -1.2952    -1.2916   2.566845   2.566677    406.605    406.526     0.1603     0.7671     0.2907    193.527   78.83628   -8.15288  14.058748    31.8776    31.8714 0.0000e+00
     30.000    -1.3779    -1.3767   2.564936   2.564905    399.379    402.024     0.1615     0.8652     0.2848    194.547   78.83628   -8.15288  14.060378    31.9392    31.9375 0.0000e+00
     31.000    -1.4008    -1.4004   2.564531   2.564487    392.169    396.691     0.1629     0.7791     0.2846    195.595   78.83628   -8.15288  14.166727    31.9576    31.9566 0.0000e+00
     32.000    -1.3767    -1.3768   2.568979   2.569120    400.699    398.413     0.1643     0.6571     0.2705    196.621   78.83628   -8.15288  14.133847    31.9921    31.9942 0.0000e+00
     33.000    -1.3653    -1.3643   2.575421   2.575388    413.171    401.241     0.1656     0.6377     0.2606    197.645   78.83628   -8.15288  14.462793    32.0674    32.0659 0.0000e+00
     34.000    -1.3933    -1.3922   2.578268   2.578289    418.604    402.932     0.1664     0.7395     0.2558    198.671   78.83628   -8.15288  14.909907    32.1359    32.1351 0.0000e+00
     35.000    -1.4208    -1.4198   2.582560   2.582647    415.418    402.168     0.1672     0.8437     0.2596    199.694   78.83628   -8.15288  14.948340    32.2238    32.2240 0.0000e+00
     36.000    -1.4048    -1.4046   2.588209   2.588185    411.412    400.990     0.1680     0.9044     0.2661    200.713   78.83628   -8.15288  14.588465    32.2834    32.2829 0.0000e+00
     37.000    -1.3926    -1.3915   2.592539   2.592753    410.847    401.675     0.1688     0.9972     0.2706    201.724   78.83628   -8.15288  14.349727    32.3289    32.3307 0.0000e+00
     38.000    -1.3799    -1.3794   2.599809   2.599906    412.455    402.642     0.1695     0.9741     0.2712    202.737   78.83628   -8.15288  14.210255    32.4142    32.4149 0.0000e+00
     39.000    -1.4740    -1.4723   2.599639   2.599588    413.332    402.997     0.1702     0.8595     0.2687    203.745   78.83628   -8.15288  14.258434    32.5137    32.5112 0.0000e+00
     40.000    -1.5129    -1.5121   2.600535   2.600497    407.402    399.611     0.1709     0.6965     0.2604    204.750   78.83628   -8.15288  14.662680    32.5680    32.5666 0.0000e+00
     41.000    -1.5452    -1.5442   2.599379   2.599289    400.378    395.406     0.1715     0.4844     0.2403    205.754   78.83628   -8.15288  15.507543    32.5868    32.5845 0.0000e+00
     42.000    -1.5588    -1.5580   2.601502   2.601627    397.119    390.714     0.1722     0.3418     0.2163    206.760   78.83628   -8.15288  15.508599    32.6303    32.6313 0.0000e+00
     43.000    -1.5430    -1.5426   2.605671   2.605754    392.408    384.431     0.1727     0.1639     0.1988    207.765   78.83628   -8.15288  16.107753    32.6699    32.6706 0.0000e+00
     44.000    -1.5265    -1.5260   2.609501   2.609551    388.276    379.785     0.1732     0.1064     0.1889    208.764   78.83628   -8.15288  15.940782    32.7040    32.7041 0.0000e+00
     45.000    -1.4837    -1.4835   2.615958   2.616136    383.881    375.395     0.1737     0.1063     0.1816    209.763   78.83628   -8.15288  16.260758    32.7452    32.7475 0.0000e+00
     46.000    -1.4679    -1.4674   2.620096   2.620117    379.579    372.408     0.1742     0.1052     0.1754    210.759   78.83628   -8.15288  16.916488    32.7842    32.7840 0.0000e+00
     47.000    -1.4618    -1.4613   2.622502   2.622490    376.879    370.975     0.1745     0.1192     0.1757    211.753   78.83628   -8.15288  17.097380    32.8100    32.8092 0.0000e+00
     48.000    -1.4646    -1.4641   2.623264   2.623249    374.868    370.838     0.1749     0.1369     0.1782    212.742   78.83628   -8.15288  17.118931    32.8229    32.8221 0.0000e+00
     49.000    -1.4674    -1.4669   2.624568   2.624557    374.788    371.570     0.1752     0.1430     0.1791    213.741   78.83628   -8.15288  17.419181    32.8434    32.8426 0.0000e+00
     50.000    -1.4751    -1.4746   2.625291   2.625277    375.325    371.875     0.1755     0.1561     0.1788    214.737   78.83628   -8.15288  17.558938    32.8612    32.8604 0.0000e+00
     51.000    -1.4792    -1.4788   2.625942   2.625909    376.526    371.814     0.1757     0.1599     0.1798    215.736   78.83628   -8.15288  17.613342    32.8741    32.8732 0.0000e+00
     52.000    -1.4766    -1.4763   2.626775   2.626718    377.338    371.292     0.1759     0.1601     0.1792    216.740   78.83628   -8.15288  17.266180    32.8820    32.8809 0.0000e+00
     53.000    -1.4653    -1.4647   2.628526   2.628519    378.165    371.278     0.1761     0.1581     0.1789    217.756   78.83628   -8.15288  16.653675    32.8930    32.8923 0.0000e+00
     54.000    -1.4568    -1.4564   2.630855   2.630897    378.820    371.224     0.1762     0.1461     0.1790    218.768   78.83628   -8.15288  16.494708    32.9151    32.9152 0.0000e+00
     55.000    -1.4567    -1.4561   2.632437   2.632438    378.716    371.056     0.1763     0.1377     0.1801    219.767   78.83628   -8.15288  17.104946    32.9362    32.9355 0.0000e+00
     56.000    -1.4525    -1.4519   2.633645   2.633653    377.917    370.619     0.1764     0.1287     0.1796    220.769   78.83628   -8.15288  16.983398    32.9475    32.9469 0.0000e+00
     57.000    -1.4489    -1.4484   2.635015   2.635032    376.730    369.550     0.1764     0.1203     0.1780    221.771   78.83628   -8.15288  17.818584    32.9618    32.9615 0.0000e+00
     58.000    -1.4476    -1.4471   2.636404   2.636412    375.584    368.595     0.1764     0.1132     0.1773    222.773   78.83628   -8.15288  17.610911    32.9789    32.9784 0.0000e+00
     59.000    -1.4442    -1.4436   2.639406   2.639441    374.726    367.711     0.1763     0.1052     0.1769    223.775   78.83628   -8.15288  17.871595    33.0158    33.0156 0.0000e+00
     60.000    -1.4453    -1.4447   2.640676   2.640651    373.788    366.845     0.1762     0.0967     0.1771    224.776   78.83628   -8.15288  18.083910    33.0338    33.0329 0.0000e+00
     61.000    -1.4446    -1.4440   2.642145   2.642169    372.451    365.915     0.1761     0.0902     0.1770    225.775   78.83628   -8.15288  18.156901    33.0527    33.0524 0.0000e+00
     62.000    -1.4343    -1.4336   2.645088   2.645160    371.292    364.929     0.1760     0.0881     0.1759    226.787   78.83628   -8.15288  18.182060    33.0812    33.0813 0.0000e+00
     63.000    -1.4210    -1.4204   2.647909   2.647919    370.425    364.155     0.1758     0.0844     0.1742    227.799   78.83628   -8.15288  17.907679    33.1046    33.1040 0.0000e+00
     64.000    -1.4165    -1.4160   2.649058   2.649026    370.543    363.866     0.1755     0.0880     0.1732    228.815   78.83628   -8.15288  18.030548    33.1148    33.1138 0.0000e+00
     65.000    -1.4127    -1.4121   2.650289   2.650302    369.357    363.134     0.1753     0.0753     0.1724    229.822   78.83628   -8.15288  17.756007    33.1269    33.1263 0.0000e+00
     66.000    -1.4035    -1.4028   2.653347   2.653408    367.827    361.812     0.1749     0.0687     0.1725    230.832   78.83628   -8.15288  18.003525    33.1581    33.1581 0.0000e+00
     67.000    -1.3960    -1.3953   2.656293   2.656385    367.541    360.969     0.1746     0.0683     0.1716    231.846   78.83628   -8.15288  18.172442    33.1897    33.1901 0.0000e+00
     68.000    -1.3822    -1.3815   2.661097   2.661222    367.183    360.260     0.1742     0.0683     0.1703    232.855   78.83628   -8.15288  18.427861    33.2398    33.2406 0.0000e+00
     69.000    -1.3640    -1.3634   2.665464   2.665569    366.513    359.597     0.1738     0.0682     0.1699    233.863   78.83628   -8.15288  18.485718    33.2788    33.2796 0.0000e+00
     70.000    -1.3505    -1.3500   2.669352   2.669353    365.843    358.911     0.1733     0.0631     0.1686    234.867   78.83628   -8.15288  18.125347    33.3166    33.3161 0.0000e+00
     71.000    -1.3436    -1.3431   2.670910   2.670921    364.585    358.306     0.1728     0.0656     0.1680    235.881   78.83628   -8.15288  18.177570    33.3297    33.3292 0.0000e+00
     72.000    -1.3326    -1.3321   2.672868   2.672897    363.470    357.310     0.1723     0.0683     0.1671    236.898   78.83628   -8.15288  18.285897    33.3437    33.3435 0.0000e+00
     73.000    -1.3187    -1.3182   2.675674   2.675706    361.543    356.259     0.1718     0.0683     0.1661    237.916   78.83628   -8.15288  18.284856    33.3660    33.3660 0.0000e+00
     74.000    -1.3239    -1.3236   2.680634   2.680707    360.756    355.464     0.1712     0.0647     0.1665    238.931   78.83628   -8.15288  18.174548    33.4393    33.4400 0.0000e+00
     75.000    -1.2954    -1.2950   2.686036   2.686123    359.902    354.491     0.1706     0.0608     0.1658    239.931   78.83628   -8.15288  18.415502    33.4810    33.4817 0.0000e+00
     76.000    -1.2714    -1.2709   2.689961   2.689977    358.797    353.891     0.1700     0.0578     0.1653    240.943   78.83628   -8.15288  18.607786    33.5074    33.5070 0.0000e+00
     77.000    -1.2560    -1.2558   2.692193   2.692161    359.286    353.537     0.1694     0.0564     0.1656    241.958   78.83628   -8.15288  18.883352    33.5201    33.5194 0.0000e+00
     78.000    -1.2436    -1.2431   2.694014   2.694030    358.321    352.945     0.1688     0.0678     0.1663    242.964   78.83628   -8.15288  19.141811    33.5305    33.5302 0.0000e+00
     79.000    -1.2172    -1.2174   2.697140   2.697198    356.602    351.686     0.1681     0.0676     0.1652    243.963   78.83628   -8.15288  18.892370    33.5431    33.5442 0.0000e+00
     80.000    -1.1380    -1.1402   2.706365   2.706255    355.477    350.203     0.1674     0.0614     0.1651    244.966   78.83628   -8.15288  18.517051    33.5800    33.5809 0.0000e+00
     81.000    -1.0894    -1.0899   2.712477   2.712478    354.911    350.073     0.1667     0.0606     0.1646    245.981   78.83628   -8.15288  19.867823    33.6084    33.6089 0.0000e+00
     82.000    -1.0494    -1.0498   2.717997   2.718023    354.813    349.673     0.1660     0.0667     0.1643    246.987   78.83628   -8.15288  19.637934    33.6383    33.6390 0.0000e+00
     83.000    -1.0336    -1.0330   2.721505   2.721441    352.646    348.419     0.1653     0.0627     0.1635    247.997   78.83628   -8.15288  19.998668    33.6677    33.6662 0.0000e+00
     84.000    -1.0693    -1.0681   2.719766   2.719697    349.934    347.526     0.1645     0.0655     0.1640    249.011   78.83628   -8.15288  20.091888    33.6835    33.6812 0.0000e+00
     85.000    -1.1085    -1.1066   2.717623   2.717559    346.675    345.639     0.1637     0.0683     0.1645    250.016   78.83628   -8.15288  19.889215    33.6976    33.6946 0.0000e+00
     86.000    -1.1531    -1.1518   2.715185   2.715115    344.738    344.302     0.1628     0.0718     0.1629    251.033   78.83628   -8.15288  19.845008    33.7138    33.7114 0.0000e+00
     87.000    -1.1807    -1.1795   2.713574   2.713553    346.186    344.183     0.1620     0.0857     0.1634    252.043   78.83628   -8.15288  19.761749    33.7222    33.7206 0.0000e+00
