test_project/cnv_files/sta0243_bin.cnv
* Sea-Bird SBE 9 Data File:
* FileName = C:\Seabird\CTDDATA\Sta0243.hex
* Software Version Seasave V 7.26.7.107
* Temperature SN = 03-4535
* Conductivity SN = 2860
* Number of Bytes Per Scan = 44
* Number of Voltage Words = 5
* Number of Scans Averaged by the Deck Unit = 1
* NMEA Latitude = 78 49.97 N
* NMEA Longitude = 004 00.22 E
* NMEA UTC (Time) = Sep 14 2019 08:33:40
* NMEA baud rate = 9600
** Ship: "Kronprins Haakon"
** Station: 0243
** Echodepth: 2290
** Log: 6474.55
** Wind-Dir Force(m/s): 08 09
** Air-temp (dry): 5.6
** Weather Sky: 5 8
** Sea Ice: 4 0
# nquan = 16
# nvalues = 2319                        
# units = specified
# name 0 = prDM: Pressure, Digiquartz [db]
# name 1 = t090C: Temperature [ITS-90, deg C]
# name 2 = t190C: Temperature, 2 [ITS-90, deg C]
# name 3 = c0S/m: Conductivity [S/m]
# name 4 = c1S/m: Conductivity, 2 [S/m]
# name 5 = sbox0Mm/Kg: Oxygen, SBE 43 [umol/kg]
# name 6 = sbox1Mm/Kg: Oxygen, SBE 43, 2 [umol/kg]
# name 7 = wetCDOM: Fluorescence, WET Labs CDOM [mg/m^3]
# name 8 = flECO-AFL: Fluorescence, WET Labs ECO-AFL/FL [mg/m^3]
# name 9 = CStarAt0: Beam Attenuation, WET Labs C-Star [1/m]
# name 10 = timeS: Time, Elapsed [seconds]
# name 11 = latitude: Latitude [deg]
# name 12 = longitude: Longitude [deg]
# name 13 = sal00: Salinity, Practical [PSU]
# name 14 = sal11: Salinity, Practical, 2 [PSU]
# name 15 = flag: flag
# span 0 =      2.000,   2320.000       
# span 1 =    -0.7366,     5.8603       
# span 2 =    -0.7363,     5.8598       
# span 3 =   2.913616,   3.416752       
# span 4 =   2.913680,   3.416682       
# span 5 =    303.527,    329.506       
# span 6 =    298.748,    321.645       
# span 7 =     0.1058,     0.1278       
# span 8 =    -0.0113,     1.8403       
# span 9 =     0.1325,     0.4316       
# span 10 =    123.851,   2436.796      
# span 11 =   78.83298,   78.83302      
# span 12 =    4.00364,    4.00378      
# span 13 =    34.8922,    35.0400      
# span 14 =    34.8917,    35.0403      
# span 15 = 0.0000e+00, 0.0000e+00      
# interval = decibars: 1                
# start_time = Sep 14 2019 08:33:40 [NMEA time, header]
# bad_flag = -9.990e-29
*END*
[from data line 904]
    906.000    -0.0491    -0.0491   2.933569   2.933598    324.064    317.098     0.1143     0.0096     0.1352   1029.487   78.83300    4.00366    34.9093    34.9097 0.0000e+00
    907.000    -0.0520    -0.0522   2.933365   2.933380    323.637    317.181     0.1141     0.0095     0.1349   1030.477   78.83300    4.00366    34.9093    34.9097 0.0000e+00
    908.000    -0.0532    -0.0533   2.933301   2.933328    323.530    316.551     0.1140     0.0044     0.1347   1031.444   78.83300    4.00366    34.9093    34.9098 0.0000e+00
    909.000    -0.0543    -0.0543   2.933260   2.933281    323.809    316.718     0.1139     0.0023     0.1344   1032.389   78.83300    4.00366    34.9094    34.9097 0.0000e+00
    910.000    -0.0551    -0.0553   2.933235   2.933237    324.316    316.546     0.1138     0.0023     0.1343   1033.323   78.83300    4.00366    34.9093    34.9096 0.0000e+00
    911.000    -0.0564    -0.0565   2.933162   2.933176    324.408    316.471     0.1138     0.0044     0.1345   1034.269   78.83300    4.00366    34.9093    34.9096 0.0000e+00
    912.000    -0.0570    -0.0571   2.933158   2.933194    324.483    316.980     0.1137     0.0095     0.1346   1035.234   78.83300    4.00366    34.9094    34.9099 0.0000e+00
    913.000    -0.0586    -0.0587   2.933072   2.933086    323.519    316.364     0.1138     0.0089     0.1338   1036.230   78.83300    4.00368    34.9095    34.9097 0.0000e+00
    914.000    -0.0621    -0.0622   2.932802   2.932833    323.733    316.456     0.1138     0.0025     0.1343   1037.236   78.83300    4.00368    34.9093    34.9098 0.0000e+00
    915.000    -0.0615    -0.0617   2.932930   2.932942    323.202    316.222     0.1139     0.0024     0.1344   1038.235   78.83300    4.00368    34.9097    34.9101 0.0000e+00
    916.000    -0.0646    -0.0642   2.932720   2.932778    323.265    316.313     0.1139     0.0084     0.1347   1039.227   78.83302    4.00368    34.9098    34.9102 0.0000e+00
    917.000    -0.0661    -0.0665   2.932629   2.932633    323.166    316.781     0.1140     0.0095     0.1346   1040.208   78.83302    4.00368    34.9098    34.9102 0.0000e+00
    918.000    -0.0691    -0.0690   2.932401   2.932445    323.706    316.873     0.1141     0.0048     0.1343   1041.184   78.83302    4.00368    34.9096    34.9101 0.0000e+00
    919.000    -0.0713    -0.0714   2.932257   2.932284    323.287    316.643     0.1142     0.0021     0.1341   1042.153   78.83300    4.00366    34.9096    34.9101 0.0000e+00
    920.000    -0.0716    -0.0718   2.932270   2.932290    323.277    316.426     0.1144     0.0050     0.1346   1043.104   78.83300    4.00368    34.9096    34.9101 0.0000e+00
    921.000    -0.0722    -0.0721   2.932271   2.932321    323.455    316.558     0.1145     0.0076     0.1353   1044.043   78.83300    4.00368    34.9096    34.9102 0.0000e+00
    922.000    -0.0729    -0.0729   2.932258   2.932296    323.397    316.721     0.1146     0.0021     0.1346   1044.992   78.83300    4.00368    34.9097    34.9102 0.0000e+00
    923.000    -0.0733    -0.0734   2.932258   2.932292    323.361    316.643     0.1148     0.0027     0.1346   1045.954   78.83300    4.00368    34.9096    34.9101 0.0000e+00
    924.000    -0.0746    -0.0745   2.932207   2.932246    323.654    316.472     0.1149     0.0088     0.1347   1046.930   78.83300    4.00368    34.9097    34.9102 0.0000e+00
    925.000    -0.0755    -0.0756   2.932168   2.932201    323.677    316.407     0.1151     0.0095     0.1348   1047.923   78.83300    4.00368    34.9098    34.9103 0.0000e+00
    926.000    -0.0755    -0.0750   2.932210   2.932287    323.237    316.672     0.1153     0.0040     0.1346   1048.922   78.83300    4.00368    34.9097    34.9102 0.0000e+00
    927.000    -0.0749    -0.0748   2.932302   2.932338    323.673    316.667     0.1154     0.0024     0.1345   1049.911   78.83300    4.00368    34.9096    34.9100 0.0000e+00
    928.000    -0.0754    -0.0756   2.932307   2.932319    323.411    316.371     0.1156     0.0103     0.1346   1050.881   78.83301    4.00368    34.9097    34.9101 0.0000e+00
    929.000    -0.0765    -0.0768   2.932257   2.932276    323.429    316.241     0.1157     0.0105     0.1344   1051.849   78.83301    4.00369    34.9098    34.9103 0.0000e+00
    930.000    -0.0771    -0.0771   2.932256   2.932296    323.287    316.582     0.1158     0.0021     0.1347   1052.826   78.83300    4.00370    34.9098    34.9103 0.0000e+00
    931.000    -0.0778    -0.0781   2.932232   2.932242    323.225    316.470     0.1159     0.0023     0.1347   1053.811   78.83300    4.00370    34.9097    34.9102 0.0000e+00
    932.000    -0.0815    -0.0828   2.931964   2.931865    323.465    316.564     0.1160     0.0023     0.1345   1054.792   78.83300    4.00370    34.9098    34.9100 0.0000e+00
    933.000    -0.0833    -0.0837   2.931873   2.931881    323.027    316.419     0.1161     0.0031     0.1347   1055.756   78.83300    4.00369    34.9100    34.9106 0.0000e+00
    934.000    -0.0835    -0.0832   2.931899   2.931966    323.042    316.377     0.1162     0.0151     0.1344   1056.707   78.83300    4.00368    34.9100    34.9105 0.0000e+00
    935.000    -0.0841    -0.0845   2.931885   2.931899    323.199    316.629     0.1163     0.0111     0.1344   1057.652   78.83300    4.00369    34.9100    34.9106 0.0000e+00
    936.000    -0.0834    -0.0836   2.932008   2.932030    323.469    316.568     0.1163     0.0050     0.1347   1058.606   78.83300    4.00370    34.9102    34.9107 0.0000e+00
    937.000    -0.0834    -0.0836   2.932046   2.932079    323.373    316.412     0.1164     0.0021     0.1348   1059.579   78.83300    4.00370    34.9102    34.9107 0.0000e+00
    938.000    -0.0837    -0.0838   2.932069   2.932093    323.143    316.325     0.1164     0.0053     0.1349   1060.570   78.83300    4.00370    34.9102    34.9106 0.0000e+00
    939.000    -0.0867    -0.0868   2.931846   2.931863    323.374    316.530     0.1164     0.0096     0.1348   1061.567   78.83300    4.00370    34.9101    34.9104 0.0000e+00
    940.000    -0.0893    -0.0892   2.931662   2.931702    323.827    316.577     0.1164     0.0080     0.1348   1062.564   78.83300    4.00370    34.9100    34.9104 0.0000e+00
    941.000    -0.0911    -0.0912   2.931544   2.931572    323.733    316.645     0.1164     0.0024     0.1349   1063.552   78.83300    4.00370    34.9099    34.9104 0.0000e+00
    942.000    -0.0910    -0.0907   2.931598   2.931646    323.675    316.511     0.1163     0.0023     0.1351   1064.519   78.83300    4.00370    34.9099    34.9102 0.0000e+00
    943.000    -0.0934    -0.0935   2.931411   2.931444    323.841    316.116     0.1162     0.0023     0.1348   1065.475   78.83300    4.00370    34.9096    34.9101 0.0000e+00
    944.000    -0.0934    -0.0934   2.931471   2.931501    323.908    316.429     0.1161     0.0024     0.1349   1066.429   78.83300    4.00370    34.9098    34.9102 0.0000e+00
    945.000    -0.0928    -0.0926   2.931563   2.931618    323.719    316.246     0.1159     0.0074     0.1356   1067.386   78.83300    4.00370    34.9098    34.9103 0.0000e+00
    946.000    -0.0917    -0.0916   2.931721   2.931758    323.126    316.077     0.1157     0.0096     0.1352   1068.346   78.83300    4.00370    34.9100    34.9104 0.0000e+00
    947.000    -0.0918    -0.0920   2.931754   2.931767    323.302    316.304     0.1155     0.0066     0.1351   1069.312   78.83300    4.00370    34.9100    34.9104 0.0000e+00
    948.000    -0.0926    -0.0929   2.931736   2.931737    323.144    316.033     0.1153     0.0051     0.1347   1070.301   78.83300    4.00370    34.9101    34.9104 0.0000e+00
    949.000    -0.0922    -0.0925   2.931810   2.931831    323.056    316.086     0.1151     0.0076     0.1348   1071.304   78.83300    4.00370    34.9100    34.9107 0.0000e+00
    950.000    -0.0956    -0.0956   2.931552   2.931572    323.506    316.394     0.1148     0.0024     0.1348   1072.307   78.83300    4.00370    34.9099    34.9102 0.0000e+00
    951.000    -0.1012    -0.1014   2.931088   2.931086    323.385    316.453     0.1146     0.0036     0.1352   1073.289   78.83302    4.00370    34.9096    34.9097 0.0000e+00
    952.000    -0.1070    -0.1072   2.930626   2.930640    323.026    316.519     0.1143     0.0153     0.1350   1074.249   78.83302    4.00370    34.9094    34.9098 0.0000e+00
    953.000    -0.1087    -0.1087   2.930537   2.930568    323.084    316.311     0.1140     0.0040     0.1347   1075.201   78.83300    4.00370    34.9096    34.9101 0.0000e+00
    954.000    -0.1094    -0.1093   2.930522   2.930557    322.891    315.887     0.1137     0.0023     0.1347   1076.146   78.83300    4.00372    34.9096    34.9100 0.0000e+00
    955.000    -0.1096    -0.1097   2.930546   2.930582    322.823    315.772     0.1135     0.0023     0.1348   1077.106   78.83300    4.00372    34.9096    34.9101 0.0000e+00
    956.000    -0.1094    -0.1095   2.930617   2.930644    323.381    315.628     0.1132     0.0058     0.1366   1078.084   78.83300    4.00372    34.9097    34.9101 0.0000e+00
    957.000    -0.1094    -0.1095   2.930664   2.930702    323.235    315.863     0.1130     0.0096     0.1352   1079.076   78.83300    4.00372    34.9098    34.9104 0.0000e+00
    958.000    -0.1101    -0.1101   2.930670   2.930705    322.671    315.500     0.1128     0.0049     0.1347   1080.066   78.83300    4.00372    34.9100    34.9105 0.0000e+00
    959.000    -0.1107    -0.1107   2.930658   2.930688    322.842    316.006     0.1126    -0.0023     0.1347   1081.053   78.83300    4.00372    34.9100    34.9105 0.0000e+00
    960.000    -0.1111    -0.1113   2.930667   2.930683    322.963    316.201     0.1125     0.0083     0.1347   1082.027   78.83300    4.00372    34.9100    34.9104 0.0000e+00
    961.000    -0.1143    -0.1135   2.930434   2.930532    323.500    316.531     0.1124     0.0030     0.1348   1082.992   78.83300    4.00372    34.9099    34.9103 0.0000e+00
    962.000    -0.1167    -0.1162   2.930269   2.930344    323.675    316.675     0.1123     0.0084     0.1389   1083.968   78.83300    4.00372    34.9099    34.9103 0.0000e+00
    963.000    -0.1188    -0.1187   2.930127   2.930149    323.004    316.193     0.1122     0.0035     0.1359   1084.950   78.83300    4.00372    34.9098    34.9101 0.0000e+00
    964.000    -0.1189    -0.1190   2.930149   2.930187    323.081    316.311     0.1122     0.0023     0.1347   1085.926   78.83300    4.00372    34.9097    34.9102 0.0000e+00
    965.000    -0.1199    -0.1200   2.930125   2.930157    322.924    316.492     0.1121     0.0023     0.1345   1086.894   78.83300    4.00372    34.9099    34.9104 0.0000e+00
    966.000    -0.1201    -0.1202   2.930150   2.930183    322.512    316.234     0.1121     0.0055     0.1362   1087.845   78.83300    4.00373    34.9099    34.9105 0.0000e+00
    967.000    -0.1205    -0.1205   2.930165   2.930196    322.789    315.776     0.1121     0.0073     0.1372   1088.797   78.83300    4.00374    34.9100    34.9104 0.0000e+00
    968.000    -0.1225    -0.1224   2.930031   2.930072    322.988    316.141     0.1120     0.0024     0.1350   1089.764   78.83300    4.00374    34.9099    34.9103 0.0000e+00
    969.000    -0.1259    -0.1260   2.929780   2.929808    323.117    316.385     0.1120     0.0023     0.1347   1090.757   78.83300    4.00374    34.9098    34.9104 0.0000e+00
    970.000    -0.1283    -0.1285   2.929615   2.929635    323.513    316.279     0.1119     0.0023     0.1351   1091.760   78.83300    4.00374    34.9098    34.9103 0.0000e+00
    971.000    -0.1306    -0.1307   2.929466   2.929495    323.022    315.794     0.1118     0.0023     0.1348   1092.759   78.83301    4.00374    34.9099    34.9104 0.0000e+00
    972.000    -0.1313    -0.1314   2.929459   2.929489    323.127    316.064     0.1117     0.0023     0.1347   1093.739   78.83302    4.00374    34.9100    34.9105 0.0000e+00
    973.000    -0.1318    -0.1319   2.929466   2.929492    323.591    315.746     0.1117     0.0024     0.1349   1094.706   78.83302    4.00374    34.9100    34.9105 0.0000e+00
    974.000    -0.1325    -0.1325   2.929446   2.929475    323.356    315.849     0.1116     0.0070     0.1348   1095.671   78.83301    4.00374    34.9100    34.9104 0.0000e+00
    975.000    -0.1325    -0.1327   2.929490   2.929507    323.016    316.146     0.1114     0.0055     0.1347   1096.628   78.83300    4.00374    34.9100    34.9105 0.0000e+00
    976.000    -0.1323    -0.1324   2.929565   2.929590    323.066    316.235     0.1113     0.0023     0.1344   1097.589   78.83300    4.00374    34.9102    34.9107 0.0000e+00
    977.000    -0.1329    -0.1330   2.929550   2.929587    323.084    316.017     0.1112     0.0023     0.1347   1098.543   78.83300    4.00374    34.9102    34.9107 0.0000e+00
    978.000    -0.1337    -0.1337   2.929524   2.929565    323.469    315.762     0.1111     0.0033     0.1347   1099.502   78.83300    4.00374    34.9101    34.9106 0.0000e+00
    979.000    -0.1343    -0.1343   2.929527   2.929560    323.463    316.067     0.1109     0.0087     0.1346   1100.481   78.83300    4.00376    34.9102    34.9107 0.0000e+00
    980.000    -0.1352    -0.1352   2.929484   2.929513    323.668    316.397     0.1108     0.0023     0.1346   1101.475   78.83300    4.00376    34.9101    34.9105 0.0000e+00
    981.000    -0.1400    -0.1398   2.929134   2.929172    323.505    316.481     0.1106     0.0023     0.1346   1102.477   78.83300    4.00376    34.9103    34.9106 0.0000e+00
    982.000    -0.1420    -0.1420   2.928998   2.929035    323.265    316.236     0.1105     0.0023     0.1347   1103.482   78.83302    4.00374    34.9103    34.9107 0.0000e+00
    983.000    -0.1424    -0.1424   2.929011   2.929045    323.251    316.264     0.1103     0.0023     0.1346   1104.474   78.83302    4.00374    34.9103    34.9108 0.0000e+00
    984.000    -0.1441    -0.1441   2.928928   2.928955    323.560    316.428     0.1102     0.0023     0.1343   1105.443   78.83302    4.00374    34.9105    34.9109 0.0000e+00
    985.000    -0.1457    -0.1452   2.928833   2.928917    323.437    316.532     0.1101     0.0056     0.1341   1106.394   78.83302    4.00374    34.9106    34.9110 0.0000e+00
    986.000    -0.1502    -0.1497   2.928518   2.928584    323.425    316.560     0.1100     0.0096     0.1343   1107.339   78.83300    4.00374    34.9109    34.9112 0.0000e+00
    987.000    -0.1483    -0.1479   2.928717   2.928793    323.276    316.594     0.1099     0.0082     0.1345   1108.286   78.83300    4.00376    34.9107    34.9113 0.0000e+00
    988.000    -0.1480    -0.1478   2.928784   2.928823    323.425    316.738     0.1099     0.0032     0.1342   1109.250   78.83300    4.00376    34.9107    34.9111 0.0000e+00
    989.000    -0.1515    -0.1520   2.928552   2.928536    323.929    316.867     0.1098     0.0088     0.1346   1110.229   78.83300    4.00376    34.9111    34.9114 0.0000e+00
    990.000    -0.1532    -0.1531   2.928456   2.928491    324.131    316.759     0.1098     0.0031     0.1346   1111.221   78.83300    4.00376    34.9111    34.9115 0.0000e+00
    991.000    -0.1532    -0.1533   2.928489   2.928523    323.989    316.865     0.1099     0.0024     0.1346   1112.218   78.83300    4.00376    34.9110    34.9115 0.0000e+00
    992.000    -0.1535    -0.1534   2.928514   2.928544    323.715    316.915     0.1099     0.0076     0.1348   1113.210   78.83302    4.00376    34.9111    34.9115 0.0000e+00
    993.000    -0.1534    -0.1535   2.928559   2.928588    323.679    317.039     0.1100     0.0096     0.1357   1114.184   78.83302    4.00376    34.9110    34.9115 0.0000e+00
    994.000    -0.1535    -0.1534   2.928603   2.928644    323.771    317.053     0.1101     0.0055     0.1352   1115.147   78.83302    4.00374    34.9112    34.9116 0.0000e+00
    995.000    -0.1536    -0.1538   2.928629   2.928658    324.584    317.094     0.1101     0.0047     0.1347   1116.111   78.83300    4.00374    34.9110    34.9116 0.0000e+00
