test_project/cnv_files/sta0201_bin.cnv
* Sea-Bird SBE 9 Data File:
* FileName = C:\Seabird\CTDDATA\Sta0201.hex
* Software Version Seasave V 7.26.7.107
* Temperature SN = 03-4535
* Conductivity SN = 2860
* Number of Bytes Per Scan = 44
* Number of Voltage Words = 5
* Number of Scans Averaged by the Deck Unit = 1
* NMEA Latitude = 78 50.00 N
* NMEA Longitude = 004 30.03 W
* NMEA UTC (Time) = Sep 03 2019 11:55:51
* NMEA baud rate = 9600
** Ship: "Kronprins Haakon"
** Station: 201
** Echodepth: 1473
** Log: 5773.778
** Wind-Dir Force(m/s): 02 31
** Air-temp (dry): -2.0
** Weather Sky: 7 8
** Sea Ice: 4 1
# nquan = 16
# nvalues = 1473                        
# units = specified
# name 0 = prDM: Pressure, Digiquartz [db]
# name 1 = t090C: Temperature [ITS-90, deg C]
# name 2 = t190C: Temperature, 2 [ITS-90, deg C]
# name 3 = c0S/m: Conductivity [S/m]
# name 4 = c1S/m: Conductivity, 2 [S/m]
# name 5 = sbox0Mm/Kg: Oxygen, SBE 43 [umol/kg]
# name 6 = sbox1Mm/Kg: Oxygen, SBE 43, 2 [umol/kg]
# name 7 = wetCDOM: Fluorescence, WET Labs CDOM [mg/m^3]
# name 8 = flECO-AFL: Fluorescence, WET Labs ECO-AFL/FL [mg/m^3]
# name 9 = CStarAt0: Beam Attenuation, WET Labs C-Star [1/m]
# name 10 = timeS: Time, Elapsed [seconds]
# name 11 = latitude: Latitude [deg]
# name 12 = longitude: Longitude [deg]
# name 13 = sal00: Salinity, Practical [PSU]
# name 14 = sal11: Salinity, Practical, 2 [PSU]
# name 15 = flag: flag
# span 0 =      2.000,   1474.000       
# span 1 =    -1.6297,     3.3842       
# span 2 =    -1.6235,     3.3829       
# span 3 =   2.478326,   3.206529       
# span 4 =   2.478169,   3.206156       
# span 5 =    290.965,    413.500       
# span 6 =    306.173,    406.837       
# span 7 =     0.1047,     0.1731       
# span 8 =    -0.0045,     0.8071       
# span 9 =     0.1063,     0.3879       
# span 10 =    189.821,   1683.529      
# span 11 =   78.83332,   78.83334      
# span 12 =   -4.50066,   -4.50048      
# span 13 =    30.6811,    34.9909      
# span 14 =    30.6802,    34.9905      
# span 15 = 0.0000e+00, 0.0000e+00      
# interval = decibars: 1                
# start_time = Sep 03 2019 11:55:51 [NMEA time, header]
# bad_flag = -9.990e-29
*END*
[from data line 452]
    454.000     0.7500     0.7498   2.978190   2.978144    312.893    308.001     0.1178     0.0040     0.1142    659.620   78.83332   -4.50052    34.8559    34.8555 0.0000e+00
    455.000     0.7463     0.7462   2.977910   2.977883    312.931    307.604     0.1178    -0.0012     0.1137    660.639   78.83332   -4.50052    34.8559    34.8556 0.0000e+00
    456.000     0.7468     0.7465   2.978016   2.977977    312.711    307.892     0.1177    -0.0024     0.1134    661.629   78.83332   -4.50053    34.8561    34.8559 0.0000e+00
    457.000     0.7575     0.7565   2.979109   2.979031    312.820    308.234     0.1177     0.0020     0.1141    662.602   78.83332   -4.50054    34.8577    34.8577 0.0000e+00
    458.000     0.7591     0.7591   2.979385   2.979368    313.178    308.056     0.1177     0.0129     0.1133    663.581   78.83332   -4.50054    34.8589    34.8587 0.0000e+00
    459.000     0.7540     0.7541   2.979013   2.978983    313.562    307.722     0.1177     0.0095     0.1133    664.567   78.83332   -4.50054    34.8592    34.8587 0.0000e+00
    460.000     0.7488     0.7490   2.978609   2.978592    312.885    307.610     0.1177     0.0091     0.1145    665.566   78.83332   -4.50054    34.8592    34.8588 0.0000e+00
    461.000     0.7454     0.7456   2.978382   2.978368    313.044    307.845     0.1177     0.0022     0.1156    666.578   78.83332   -4.50054    34.8595    34.8590 0.0000e+00
    462.000     0.7341     0.7350   2.977416   2.977459    313.001    308.113     0.1177     0.0072     0.1158    667.601   78.83332   -4.50053    34.8591    34.8586 0.0000e+00
    463.000     0.7322     0.7321   2.977302   2.977264    312.814    308.154     0.1177     0.0128     0.1164    668.620   78.83332   -4.50052    34.8591    34.8587 0.0000e+00
    464.000     0.7140     0.7152   2.975679   2.975678    313.425    308.189     0.1178     0.0184     0.1158    669.626   78.83332   -4.50053    34.8578    34.8565 0.0000e+00
    465.000     0.6856     0.6859   2.973102   2.973073    313.716    308.025     0.1178     0.0150     0.1166    670.617   78.83332   -4.50054    34.8557    34.8550 0.0000e+00
    466.000     0.6746     0.6751   2.972155   2.972170    312.778    307.923     0.1178     0.0118     0.1165    671.613   78.83332   -4.50054    34.8551    34.8548 0.0000e+00
    467.000     0.6727     0.6729   2.972039   2.972018    312.902    307.554     0.1179     0.0142     0.1156    672.605   78.83332   -4.50054    34.8551    34.8547 0.0000e+00
    468.000     0.6717     0.6718   2.971989   2.971977    313.725    307.523     0.1179     0.0111     0.1150    673.598   78.83332   -4.50053    34.8550    34.8548 0.0000e+00
    469.000     0.6709     0.6710   2.971979   2.971956    314.443    307.488     0.1180     0.0091     0.1150    674.591   78.83332   -4.50052    34.8552    34.8548 0.0000e+00
    470.000     0.6683     0.6683   2.971795   2.971761    314.847    307.843     0.1181     0.0091     0.1147    675.583   78.83332   -4.50052    34.8552    34.8548 0.0000e+00
    471.000     0.6645     0.6646   2.971506   2.971495    314.240    308.024     0.1181     0.0094     0.1145    676.593   78.83332   -4.50052    34.8551    34.8548 0.0000e+00
    472.000     0.6657     0.6655   2.971697   2.971677    313.655    307.549     0.1182     0.0123     0.1137    677.614   78.83332   -4.50053    34.8556    34.8556 0.0000e+00
    473.000     0.6707     0.6707   2.972258   2.972239    313.132    307.817     0.1183     0.0095     0.1147    678.623   78.83332   -4.50054    34.8567    34.8565 0.0000e+00
    474.000     0.6640     0.6650   2.971686   2.971736    313.432    308.050     0.1183     0.0010     0.1125    679.615   78.83332   -4.50054    34.8563    34.8558 0.0000e+00
    475.000     0.6535     0.6538   2.970797   2.970784    313.350    307.992     0.1184     0.0100     0.1127    680.603   78.83332   -4.50054    34.8559    34.8554 0.0000e+00
    476.000     0.6513     0.6514   2.970649   2.970629    312.725    307.680     0.1185     0.0106     0.1126    681.601   78.83332   -4.50054    34.8559    34.8555 0.0000e+00
    477.000     0.6493     0.6494   2.970545   2.970533    313.225    307.653     0.1186     0.0090     0.1128    682.608   78.83332   -4.50053    34.8561    34.8559 0.0000e+00
    478.000     0.6481     0.6483   2.970486   2.970483    313.612    307.609     0.1187     0.0036     0.1118    683.633   78.83332   -4.50052    34.8561    34.8559 0.0000e+00
    479.000     0.6463     0.6465   2.970365   2.970362    313.465    307.694     0.1187    -0.0019     0.1120    684.652   78.83332   -4.50052    34.8561    34.8558 0.0000e+00
    480.000     0.6450     0.6450   2.970308   2.970283    313.263    307.996     0.1188    -0.0013     0.1119    685.655   78.83332   -4.50052    34.8562    34.8558 0.0000e+00
    481.000     0.6440     0.6442   2.970268   2.970258    313.329    307.931     0.1189     0.0016     0.1127    686.647   78.83332   -4.50053    34.8561    34.8558 0.0000e+00
    482.000     0.6430     0.6431   2.970228   2.970203    312.908    308.052     0.1189     0.0081     0.1123    687.625   78.83332   -4.50054    34.8562    34.8557 0.0000e+00
    483.000     0.6393     0.6398   2.969931   2.969932    312.995    307.802     0.1190     0.0000     0.1123    688.592   78.83332   -4.50054    34.8559    34.8554 0.0000e+00
    484.000     0.6290     0.6292   2.969073   2.969055    312.890    307.639     0.1191     0.0004     0.1135    689.579   78.83332   -4.50054    34.8557    34.8552 0.0000e+00
    485.000     0.6249     0.6250   2.968780   2.968759    312.719    307.670     0.1192    -0.0004     0.1141    690.588   78.83332   -4.50054    34.8559    34.8556 0.0000e+00
    486.000     0.6236     0.6236   2.968729   2.968706    312.895    307.562     0.1193     0.0069     0.1129    691.614   78.83332   -4.50054    34.8561    34.8558 0.0000e+00
    487.000     0.6223     0.6223   2.968667   2.968653    313.148    307.741     0.1194     0.0090     0.1130    692.649   78.83332   -4.50053    34.8563    34.8560 0.0000e+00
    488.000     0.6202     0.6204   2.968572   2.968554    313.249    307.905     0.1195     0.0017     0.1124    693.670   78.83332   -4.50052    34.8567    34.8563 0.0000e+00
    489.000     0.6181     0.6183   2.968452   2.968447    313.364    307.812     0.1196    -0.0020     0.1127    694.673   78.83332   -4.50052    34.8570    34.8566 0.0000e+00
    490.000     0.6146     0.6149   2.968205   2.968200    313.074    308.138     0.1197    -0.0008     0.1136    695.661   78.83332   -4.50053    34.8570    34.8567 0.0000e+00
    491.000     0.6135     0.6136   2.968168   2.968145    312.878    307.758     0.1198     0.0050     0.1118    696.639   78.83332   -4.50054    34.8572    34.8568 0.0000e+00
    492.000     0.6118     0.6119   2.968069   2.968052    312.954    307.611     0.1198     0.0112     0.1112    697.619   78.83332   -4.50054    34.8572    34.8569 0.0000e+00
    493.000     0.6091     0.6093   2.967893   2.967873    313.223    307.447     0.1199     0.0082     0.1116    698.607   78.83332   -4.50054    34.8574    34.8570 0.0000e+00
    494.000     0.6070     0.6071   2.967766   2.967754    313.568    307.867     0.1200     0.0096     0.1120    699.618   78.83332   -4.50054    34.8576    34.8573 0.0000e+00
    495.000     0.6048     0.6048   2.967624   2.967611    313.140    308.036     0.1200     0.0115     0.1132    700.631   78.83332   -4.50053    34.8576    34.8574 0.0000e+00
    496.000     0.6034     0.6034   2.967557   2.967541    312.933    308.077     0.1200    -0.0003     0.1144    701.641   78.83332   -4.50052    34.8577    34.8574 0.0000e+00
    497.000     0.6025     0.6027   2.967528   2.967524    312.874    308.027     0.1201     0.0079     0.1110    702.637   78.83332   -4.50052    34.8578    34.8575 0.0000e+00
    498.000     0.5985     0.5985   2.967211   2.967186    313.483    308.171     0.1201     0.0092     0.1112    703.637   78.83332   -4.50053    34.8575    34.8572 0.0000e+00
    499.000     0.5950     0.5952   2.966941   2.966941    313.384    308.003     0.1201     0.0014     0.1110    704.645   78.83332   -4.50054    34.8574    34.8572 0.0000e+00
    500.000     0.5941     0.5942   2.966915   2.966904    313.317    307.804     0.1202    -0.0003     0.1109    705.640   78.83332   -4.50054    34.8575    34.8572 0.0000e+00
    501.000     0.5930     0.5930   2.966863   2.966846    313.033    307.904     0.1202     0.0051     0.1113    706.632   78.83332   -4.50054    34.8575    34.8572 0.0000e+00
    502.000     0.5910     0.5912   2.966748   2.966723    313.367    308.021     0.1202     0.0116     0.1112    707.636   78.83332   -4.50054    34.8575    34.8571 0.0000e+00
    503.000     0.5851     0.5853   2.966268   2.966249    313.280    307.897     0.1203     0.0115     0.1113    708.652   78.83332   -4.50054    34.8574    34.8570 0.0000e+00
    504.000     0.5869     0.5867   2.966514   2.966494    312.918    307.845     0.1203     0.0094     0.1113    709.664   78.83332   -4.50054    34.8580    34.8579 0.0000e+00
    505.000     0.5905     0.5905   2.966916   2.966894    312.886    307.954     0.1204     0.0101     0.1116    710.661   78.83332   -4.50054    34.8586    34.8583 0.0000e+00
    506.000     0.6080     0.6082   2.968658   2.968741    312.740    307.968     0.1205     0.0118     0.1122    711.636   78.83332   -4.50054    34.8610    34.8619 0.0000e+00
    507.000     0.6195     0.6194   2.969820   2.969790    312.682    307.910     0.1206     0.0005     0.1117    712.608   78.83332   -4.50054    34.8626    34.8623 0.0000e+00
    508.000     0.6155     0.6157   2.969512   2.969500    313.990    308.016     0.1206     0.0002     0.1121    713.594   78.83332   -4.50054    34.8625    34.8622 0.0000e+00
    509.000     0.6069     0.6072   2.968805   2.968789    313.477    308.117     0.1207     0.0070     0.1120    714.599   78.83332   -4.50054    34.8623    34.8619 0.0000e+00
    510.000     0.6003     0.6006   2.968252   2.968244    312.700    308.356     0.1208     0.0004     0.1118    715.620   78.83332   -4.50054    34.8621    34.8616 0.0000e+00
    511.000     0.5949     0.5951   2.967821   2.967805    312.581    308.683     0.1209    -0.0018     0.1116    716.635   78.83332   -4.50054    34.8619    34.8615 0.0000e+00
    512.000     0.5883     0.5883   2.967258   2.967232    312.390    308.767     0.1210     0.0056     0.1118    717.640   78.83332   -4.50054    34.8615    34.8610 0.0000e+00
    513.000     0.5893     0.5894   2.967424   2.967431    312.889    308.922     0.1210     0.0093     0.1114    718.636   78.83332   -4.50054    34.8619    34.8618 0.0000e+00
    514.000     0.5948     0.5950   2.968002   2.968003    313.019    308.577     0.1211     0.0033     0.1120    719.619   78.83332   -4.50054    34.8626    34.8624 0.0000e+00
    515.000     0.5909     0.5910   2.967716   2.967696    314.055    308.210     0.1211    -0.0019     0.1117    720.597   78.83332   -4.50054    34.8627    34.8623 0.0000e+00
    516.000     0.5871     0.5871   2.967418   2.967379    314.368    308.345     0.1212    -0.0011     0.1136    721.582   78.83332   -4.50054    34.8625    34.8620 0.0000e+00
    517.000     0.5801     0.5804   2.966829   2.966822    313.507    308.495     0.1212     0.0015     0.1116    722.592   78.83332   -4.50054    34.8621    34.8616 0.0000e+00
    518.000     0.5743     0.5745   2.966343   2.966330    313.158    308.334     0.1212     0.0091     0.1112    723.606   78.83332   -4.50055    34.8616    34.8613 0.0000e+00
    519.000     0.5730     0.5730   2.966257   2.966240    313.454    308.418     0.1212     0.0084     0.1112    724.606   78.83332   -4.50057    34.8615    34.8612 0.0000e+00
    520.000     0.5730     0.5731   2.966320   2.966304    313.572    308.545     0.1211    -0.0010     0.1112    725.591   78.83332   -4.50058    34.8617    34.8614 0.0000e+00
    521.000     0.5697     0.5700   2.966104   2.966094    314.110    308.536     0.1211    -0.0010     0.1111    726.569   78.83332   -4.50057    34.8620    34.8615 0.0000e+00
    522.000     0.5670     0.5672   2.965909   2.965897    313.882    308.274     0.1211     0.0070     0.1110    727.553   78.83332   -4.50056    34.8619    34.8615 0.0000e+00
    523.000     0.5651     0.5653   2.965783   2.965766    313.933    308.198     0.1210     0.0091     0.1103    728.561   78.83332   -4.50055    34.8618    34.8614 0.0000e+00
    524.000     0.5607     0.5609   2.965472   2.965447    314.135    308.415     0.1210     0.0094     0.1100    729.588   78.83332   -4.50054    34.8621    34.8616 0.0000e+00
    525.000     0.5586     0.5588   2.965330   2.965315    313.595    308.043     0.1209     0.0092     0.1094    730.609   78.83332   -4.50054    34.8620    34.8616 0.0000e+00
    526.000     0.5564     0.5565   2.965197   2.965178    313.420    308.264     0.1208     0.0043     0.1091    731.622   78.83332   -4.50055    34.8622    34.8619 0.0000e+00
    527.000     0.5567     0.5567   2.965281   2.965267    313.514    308.247     0.1208    -0.0011     0.1091    732.614   78.83332   -4.50057    34.8624    34.8622 0.0000e+00
    528.000     0.5618     0.5618   2.965822   2.965811    313.389    308.122     0.1207     0.0017     0.1091    733.583   78.83332   -4.50058    34.8631    34.8629 0.0000e+00
    529.000     0.5625     0.5624   2.965941   2.965926    313.398    308.229     0.1206     0.0101     0.1091    734.543   78.83332   -4.50058    34.8633    34.8632 0.0000e+00
    530.000     0.5684     0.5682   2.966554   2.966533    313.300    308.260     0.1205     0.0113     0.1091    735.513   78.83332   -4.50058    34.8641    34.8640 0.0000e+00
    531.000     0.5710     0.5698   2.966862   2.966715    313.666    308.411     0.1204     0.0002     0.1091    736.516   78.83332   -4.50058    34.8646    34.8640 0.0000e+00
    532.000     0.5703     0.5708   2.966840   2.966860    313.601    308.409     0.1203     0.0080     0.1091    737.555   78.83332   -4.50056    34.8645    34.8641 0.0000e+00
    533.000     0.5752     0.5748   2.967356   2.967328    313.581    308.438     0.1202     0.0083     0.1090    738.595   78.83332   -4.50056    34.8651    34.8652 0.0000e+00
    534.000     0.5830     0.5831   2.968164   2.968145    312.905    308.513     0.1202     0.0087     0.1083    739.611   78.83332   -4.50057    34.8663    34.8659 0.0000e+00
    535.000     0.5840     0.5840   2.968304   2.968283    313.096    308.741     0.1201     0.0005     0.1087    740.600   78.83332   -4.50058    34.8664    34.8661 0.0000e+00
    536.000     0.5837     0.5836   2.968332   2.968281    313.379    309.103     0.1200    -0.0017     0.1098    741.582   78.83332   -4.50059    34.8665    34.8660 0.0000e+00
    537.000     0.5815     0.5815   2.968163   2.968130    313.903    308.914     0.1199    -0.0030     0.1093    742.556   78.83332   -4.50060    34.8662    34.8657 0.0000e+00
    538.000     0.5781     0.5782   2.967910   2.967878    313.803    308.899     0.1199    -0.0034     0.1091    743.533   78.83332   -4.50059    34.8661    34.8656 0.0000e+00
    539.000     0.5739     0.5741   2.967569   2.967560    313.622    308.886     0.1198    -0.0016     0.1091    744.522   78.83332   -4.50058    34.8659    34.8654 0.0000e+00
    540.000     0.5689     0.5690   2.967146   2.967123    313.847    308.910     0.1197    -0.0024     0.1091    745.536   78.83332   -4.50058    34.8654    34.8649 0.0000e+00
    541.000     0.5634     0.5635   2.966717   2.966693    313.918    308.780     0.1196     0.0014     0.1091    746.557   78.83332   -4.50058    34.8654    34.8650 0.0000e+00
    542.000     0.5623     0.5625   2.966656   2.966655    313.975    308.486     0.1196     0.0108     0.1092    747.564   78.83332   -4.50058    34.8652    34.8650 0.0000e+00
    543.000     0.5636     0.5639   2.966826   2.966826    313.767    308.632     0.1195     0.0094     0.1091    748.552   78.83332   -4.50059    34.8654    34.8651 0.0000e+00
