test_project/cnv_files/Sta0224_bin.cnv
* Sea-Bird SBE 9 Data File:
* FileName = C:\Seabird\CTDDATA\Sta0224.hex
* Software Version Seasave V 7.26.7.107
* Temperature SN = 03-4535
* Conductivity SN = 2860
* Number of Bytes Per Scan = 44
* Number of Voltage Words = 5
* Number of Scans Averaged by the Deck Unit = 1
* NMEA Latitude = 78 08.23 N
* NMEA Longitude = 015 57.72 W
* NMEA UTC (Time) = Sep 08 2019 01:52:42
* NMEA baud rate = 9600
** Ship: "Kronprins Haakon"
** Station: 0224
** Echodepth: 431
** Log: 6066.729
** Wind-Dir Force(m/s): 24 05
** Air-temp (dry): -2.0
** Weather Sky: 0 1
** Sea Ice: 0 4
# nquan = 17
# nvalues = 418                         
# units = specified
# name 0 = prDM: Pressure, Digiquartz [db]
# name 1 = t090C: Temperature [ITS-90, deg C]
# name 2 = t190C: Temperature, 2 [ITS-90, deg C]
# name 3 = c0S/m: Conductivity [S/m]
# name 4 = c1S/m: Conductivity, 2 [S/m]
# name 5 = sbox0Mm/Kg: Oxygen, SBE 43 [umol/kg]
# name 6 = sbox1Mm/Kg: Oxygen, SBE 43, 2 [umol/kg]
# name 7 = wetCDOM: Fluorescence, WET Labs CDOM [mg/m^3]
# name 8 = flECO-AFL: Fluorescence, WET Labs ECO-AFL/FL [mg/m^3]
# name 9 = CStarAt0: Beam Attenuation, WET Labs C-Star [1/m]
# name 10 = timeS: Time, Elapsed [seconds]
# name 11 = latitude: Latitude [deg]
# name 12 = longitude: Longitude [deg]
# name 13 = upoly0: Upoly 0, ISUS
# name 14 = sal00: Salinity, Practical [PSU]
# name 15 = sal11: Salinity, Practical, 2 [PSU]
# name 16 = flag: flag
# span 0 =      3.000,    420.000       
# span 1 =    -1.6744,     1.8887       
# span 2 =    -1.6745,     1.8894       
# span 3 =   0.055269,   3.071440       
# span 4 =   2.229407,   3.071440       
# span 5 =    306.165,    483.088       
# span 6 =    300.714,    709.353       
# span 7 =     0.1098,     0.1790       
# span 8 =    -0.0001,     0.9923       
# span 9 =     0.1293,     0.2497       
# span 10 =     22.484,    698.684      
# span 11 =   78.13730,   78.13732      
# span 12 =  -15.96206,  -15.96202      
# span 13 =  13.633282,  26.042990      
# span 14 =     0.5286,    34.9082      
# span 15 =    25.2696,    34.9083      
# span 16 = 0.0000e+00, 0.0000e+00      
# interval = decibars: 1                
# start_time = Sep 08 2019 01:52:42 [NMEA time, header]
# bad_flag = -9.990e-29
*END*
[from data line 341]
    344.000     1.6747     1.6747   3.057193   3.057193    313.610    308.398     0.1123     0.0020     0.1701    619.636   78.13730  -15.96204  24.918156    34.9021    34.9020 0.0000e+00
    345.000     1.6714     1.6716   3.056977   3.056982    314.022    308.896     0.1124     0.0082     0.1704    620.652   78.13730  -15.96204  25.273532    34.9024    34.9022 0.0000e+00
    346.000     1.6672     1.6675   3.056698   3.056700    314.777    308.916     0.1125     0.0037     0.1705    621.698   78.13730  -15.96204  25.309212    34.9029    34.9026 0.0000e+00
    347.000     1.6686     1.6685   3.056896   3.056882    314.803    308.845     0.1126     0.0024     0.1702    622.767   78.13730  -15.96204  25.137101    34.9033    34.9033 0.0000e+00
    348.000     1.6657     1.6661   3.056722   3.056724    315.124    308.855     0.1126     0.0074     0.1702    623.846   78.13730  -15.96204  25.204358    34.9037    34.9034 0.0000e+00
    349.000     1.6587     1.6596   3.056119   3.056173    315.284    309.252     0.1127     0.0041     0.1703    624.934   78.13730  -15.96204  25.179586    34.9033    34.9030 0.0000e+00
    350.000     1.6548     1.6553   3.055829   3.055860    314.977    309.221     0.1128     0.0020     0.1701    626.003   78.13730  -15.96204  24.740865    34.9034    34.9032 0.0000e+00
    351.000     1.6473     1.6477   3.055278   3.055290    314.977    309.169     0.1128     0.0021     0.1711    627.053   78.13730  -15.96204  24.886010    34.9042    34.9038 0.0000e+00
    352.000     1.6355     1.6359   3.054276   3.054277    314.950    308.956     0.1129     0.0023     0.1710    628.080   78.13730  -15.96204  25.364375    34.9039    34.9035 0.0000e+00
    353.000     1.6247     1.6252   3.053347   3.053361    314.830    309.068     0.1130     0.0020     0.1705    629.088   78.13730  -15.96204  25.182892    34.9035    34.9032 0.0000e+00
    354.000     1.6134     1.6140   3.052380   3.052385    314.835    308.917     0.1131     0.0023     0.1704    630.096   78.13730  -15.96204  25.505247    34.9032    34.9026 0.0000e+00
    355.000     1.5931     1.5941   3.050603   3.050653    315.171    308.506     0.1132     0.0023     0.1714    631.106   78.13730  -15.96204  25.161509    34.9025    34.9021 0.0000e+00
    356.000     1.5878     1.5880   3.050160   3.050182    314.800    308.103     0.1132     0.0017     0.1703    632.124   78.13730  -15.96204  24.950861    34.9022    34.9022 0.0000e+00
    357.000     1.5730     1.5736   3.048897   3.048901    314.819    307.601     0.1133     0.0044     0.1686    633.161   78.13730  -15.96204  25.193748    34.9021    34.9014 0.0000e+00
    358.000     1.5563     1.5570   3.047460   3.047478    314.548    307.087     0.1134     0.0074     0.1666    634.212   78.13730  -15.96204  25.411532    34.9017    34.9012 0.0000e+00
    359.000     1.5438     1.5446   3.046390   3.046438    313.709    306.444     0.1134     0.0015     0.1653    635.277   78.13730  -15.96204  25.158873    34.9014    34.9012 0.0000e+00
    360.000     1.5364     1.5371   3.045774   3.045832    313.367    306.525     0.1134     0.0031     0.1622    636.338   78.13730  -15.96204  25.049767    34.9012    34.9012 0.0000e+00
    361.000     1.5318     1.5323   3.045450   3.045473    312.907    305.961     0.1134     0.0107     0.1591    637.389   78.13730  -15.96204  25.585377    34.9017    34.9013 0.0000e+00
    362.000     1.5249     1.5254   3.044909   3.044949    312.807    305.619     0.1135     0.0166     0.1577    638.430   78.13730  -15.96204  24.980494    34.9019    34.9018 0.0000e+00
    363.000     1.5264     1.5264   3.045142   3.045156    312.442    305.407     0.1135     0.0160     0.1571    639.459   78.13730  -15.96204  24.988905    34.9026    34.9027 0.0000e+00
    364.000     1.5314     1.5308   3.045695   3.045637    312.320    305.381     0.1135     0.0093     0.1547    640.486   78.13730  -15.96204  25.033225    34.9035    34.9034 0.0000e+00
    365.000     1.5379     1.5390   3.046405   3.046542    312.536    305.931     0.1135     0.0022     0.1531    641.509   78.13730  -15.96204  25.366402    34.9047    34.9052 0.0000e+00
    366.000     1.5381     1.5385   3.046488   3.046524    312.598    305.983     0.1136     0.0015     0.1523    642.535   78.13730  -15.96204  25.358308    34.9050    34.9050 0.0000e+00
    367.000     1.5354     1.5354   3.046337   3.046324    312.941    306.427     0.1136     0.0024     0.1515    643.574   78.13730  -15.96203  25.440562    34.9054    34.9052 0.0000e+00
    368.000     1.5298     1.5300   3.045825   3.045844    313.510    307.148     0.1137     0.0135     0.1516    644.620   78.13730  -15.96202  25.408387    34.9046    34.9046 0.0000e+00
    369.000     1.5177     1.5187   3.044785   3.044850    314.016    307.524     0.1137     0.0051     0.1519    645.672   78.13730  -15.96202  25.363660    34.9042    34.9039 0.0000e+00
    370.000     1.5171     1.5173   3.044837   3.044864    313.877    307.654     0.1138     0.0018     0.1533    646.719   78.13730  -15.96202  25.689941    34.9049    34.9050 0.0000e+00
    371.000     1.5045     1.5049   3.043768   3.043786    313.930    307.383     0.1138     0.0073     0.1555    647.759   78.13730  -15.96202  25.617179    34.9048    34.9045 0.0000e+00
    372.000     1.4945     1.4947   3.042926   3.042944    313.473    306.851     0.1139     0.0140     0.1565    648.799   78.13730  -15.96202  25.142459    34.9046    34.9046 0.0000e+00
    373.000     1.4829     1.4839   3.041928   3.041981    312.720    306.693     0.1139     0.0069     0.1571    649.837   78.13730  -15.96202  25.788070    34.9042    34.9037 0.0000e+00
    374.000     1.4639     1.4647   3.040279   3.040334    313.411    306.846     0.1140     0.0018     0.1574    650.873   78.13730  -15.96202  25.525579    34.9037    34.9035 0.0000e+00
    375.000     1.4553     1.4557   3.039568   3.039589    313.044    306.410     0.1140     0.0061     0.1580    651.911   78.13730  -15.96202  25.467659    34.9037    34.9035 0.0000e+00
    376.000     1.4494     1.4497   3.039117   3.039143    312.674    306.129     0.1141     0.0096     0.1573    652.947   78.13730  -15.96202  25.557449    34.9038    34.9038 0.0000e+00
    377.000     1.4459     1.4461   3.038877   3.038893    312.625    305.258     0.1142     0.0096     0.1566    653.991   78.13730  -15.96202  25.558400    34.9041    34.9040 0.0000e+00
    378.000     1.4412     1.4414   3.038504   3.038529    311.597    304.510     0.1143     0.0063     0.1553    655.032   78.13730  -15.96202  25.499915    34.9040    34.9041 0.0000e+00
    379.000     1.4400     1.4400   3.038441   3.038453    310.335    303.926     0.1144     0.0015     0.1544    656.076   78.13730  -15.96202  25.554161    34.9039    34.9041 0.0000e+00
    380.000     1.4366     1.4368   3.038198   3.038223    310.175    303.810     0.1146     0.0042     0.1530    657.120   78.13730  -15.96202  25.586457    34.9041    34.9042 0.0000e+00
    381.000     1.4342     1.4345   3.038038   3.038070    309.982    303.953     0.1147     0.0095     0.1506    658.158   78.13730  -15.96202  25.245486    34.9041    34.9042 0.0000e+00
    382.000     1.4327     1.4328   3.037958   3.037970    309.739    303.556     0.1149     0.0078     0.1486    659.199   78.13730  -15.96202  25.772896    34.9042    34.9042 0.0000e+00
    383.000     1.4292     1.4296   3.037721   3.037746    309.674    303.422     0.1150     0.0015     0.1473    660.235   78.13730  -15.96202  25.416376    34.9044    34.9043 0.0000e+00
    384.000     1.4261     1.4264   3.037501   3.037522    309.434    303.683     0.1152     0.0010     0.1457    661.267   78.13730  -15.96202  25.182197    34.9045    34.9044 0.0000e+00
    385.000     1.4205     1.4207   3.037073   3.037089    309.378    303.415     0.1154     0.0021     0.1451    662.295   78.13730  -15.96202  25.123342    34.9047    34.9047 0.0000e+00
    386.000     1.4150     1.4153   3.036624   3.036648    309.518    303.087     0.1155     0.0017     0.1434    663.321   78.13730  -15.96202  25.420200    34.9045    34.9044 0.0000e+00
    387.000     1.4063     1.4066   3.035894   3.035923    309.247    302.765     0.1157     0.0020     0.1419    664.344   78.13730  -15.96202  25.625646    34.9043    34.9043 0.0000e+00
    388.000     1.4034     1.4037   3.035689   3.035721    309.055    302.558     0.1159     0.0200     0.1410    665.372   78.13730  -15.96202  25.649469    34.9043    34.9044 0.0000e+00
    389.000     1.3996     1.4000   3.035438   3.035479    309.533    302.739     0.1161     0.0059     0.1403    666.408   78.13730  -15.96202  25.747407    34.9047    34.9048 0.0000e+00
    390.000     1.3931     1.3934   3.034941   3.034974    310.160    302.943     0.1163     0.0076     0.1400    667.455   78.13730  -15.96202  25.761046    34.9050    34.9052 0.0000e+00
    391.000     1.3889     1.3891   3.034628   3.034660    310.234    303.196     0.1162     0.0037     0.1399    668.507   78.13730  -15.96202  25.203221    34.9051    34.9054 0.0000e+00
    392.000     1.3870     1.3872   3.034530   3.034547    310.305    303.522     0.1160     0.0016     0.1395    669.550   78.13730  -15.96202  24.766008    34.9054    34.9054 0.0000e+00
    393.000     1.3854     1.3856   3.034423   3.034460    310.439    303.399     0.1156     0.0062     0.1403    670.565   78.13730  -15.96202  25.340065    34.9053    34.9055 0.0000e+00
    394.000     1.3848     1.3850   3.034439   3.034465    310.579    303.569     0.1152     0.0050     0.1411    671.644   78.13730  -15.96202  25.124730    34.9056    34.9057 0.0000e+00
    395.000     1.3829     1.3830   3.034322   3.034345    310.858    303.613     0.1149     0.0047     0.1411    672.510   78.13730  -15.96202  24.880728    34.9057    34.9058 0.0000e+00
    396.000     1.3805     1.3807   3.034156   3.034200    310.239    303.641     0.1149     0.0094     0.1419    673.357   78.13730  -15.96202  25.048283    34.9056    34.9059 0.0000e+00
    397.000     1.3789     1.3790   3.034085   3.034119    309.921    303.528     0.1153     0.0096     0.1416    674.384   78.13730  -15.96202  25.840604    34.9059    34.9062 0.0000e+00
    398.000     1.3782     1.3783   3.034088   3.034113    309.559    303.173     0.1159     0.0085     0.1419    675.440   78.13730  -15.96202  25.696388    34.9062    34.9063 0.0000e+00
    399.000     1.3778     1.3779   3.034119   3.034128    309.155    303.164     0.1169     0.0027     0.1413    676.496   78.13730  -15.96202  25.532372    34.9064    34.9064 0.0000e+00
    400.000     1.3787     1.3787   3.034260   3.034289    308.660    302.362     0.1179     0.0084     0.1408    677.561   78.13730  -15.96202  25.527073    34.9066    34.9070 0.0000e+00
    401.000     1.3798     1.3800   3.034457   3.034475    308.228    301.906     0.1189     0.0028     0.1398    678.628   78.13730  -15.96202  25.625147    34.9073    34.9073 0.0000e+00
    402.000     1.3782     1.3784   3.034372   3.034393    307.960    301.883     0.1196     0.0085     0.1391    679.692   78.13730  -15.96202  25.521211    34.9074    34.9074 0.0000e+00
    403.000     1.3742     1.3744   3.034044   3.034067    307.479    301.504     0.1199     0.0022     0.1384    680.743   78.13730  -15.96202  25.355486    34.9072    34.9072 0.0000e+00
    404.000     1.3680     1.3683   3.033562   3.033597    306.679    300.929     0.1196     0.0015     0.1379    681.782   78.13730  -15.96202  25.212467    34.9073    34.9074 0.0000e+00
    405.000     1.3673     1.3674   3.033557   3.033594    306.165    300.821     0.1189     0.0080     0.1368    682.821   78.13730  -15.96202  25.401757    34.9074    34.9078 0.0000e+00
    406.000     1.3673     1.3673   3.033611   3.033628    306.277    300.714     0.1180     0.0147     0.1364    683.859   78.13730  -15.96202  25.569903    34.9076    34.9078 0.0000e+00
    407.000     1.3660     1.3663   3.033554   3.033578    306.813    301.133     0.1173     0.0152     0.1365    684.912   78.13730  -15.96202  25.295399    34.9077    34.9077 0.0000e+00
    408.000     1.3636     1.3637   3.033390   3.033401    307.405    301.048     0.1169     0.0050     0.1367    685.977   78.13730  -15.96202  24.882219    34.9076    34.9077 0.0000e+00
    409.000     1.3630     1.3632   3.033388   3.033417    306.817    300.952     0.1170     0.0075     0.1359    687.047   78.13730  -15.96202  25.359686    34.9077    34.9079 0.0000e+00
    410.000     1.3634     1.3635   3.033486   3.033502    306.565    300.996     0.1175     0.0095     0.1357    688.124   78.13730  -15.96202  25.163872    34.9080    34.9081 0.0000e+00
    411.000     1.3629     1.3632   3.033477   3.033525    307.008    301.186     0.1184     0.0041     0.1357    689.185   78.13730  -15.96202  26.032907    34.9078    34.9081 0.0000e+00
    412.000     1.3604     1.3607   3.033320   3.033361    306.801    301.204     0.1194     0.0017     0.1359    690.231   78.13730  -15.96202  26.042990    34.9081    34.9082 0.0000e+00
    413.000     1.3589     1.3593   3.033238   3.033277    306.895    300.966     0.1204     0.0013     0.1358    691.263   78.13730  -15.96202  25.755607    34.9081    34.9081 0.0000e+00
    414.000     1.3567     1.3570   3.033068   3.033110    306.934    301.310     0.1213     0.0015     0.1360    692.290   78.13730  -15.96204  25.577915    34.9078    34.9080 0.0000e+00
    415.000     1.3511     1.3515   3.032629   3.032650    306.916    301.658     0.1218     0.0015     0.1367    693.325   78.13730  -15.96204  25.652658    34.9078    34.9077 0.0000e+00
    416.000     1.3476     1.3479   3.032367   3.032398    307.556    301.591     0.1230     0.0057     0.1379    694.370   78.13730  -15.96204  25.546129    34.9078    34.9078 0.0000e+00
    417.000     1.3448     1.3449   3.032188   3.032208    308.585    302.309     0.1220     0.0096     0.1398    695.430   78.13730  -15.96204  25.261014    34.9081    34.9081 0.0000e+00
    418.000     1.3442     1.3442   3.032188   3.032199    309.665    303.310     0.1212     0.0058     0.1435    696.507   78.13730  -15.96204  25.231217    34.9082    34.9082 0.0000e+00
    419.000     1.3439     1.3440   3.032209   3.032227    309.517    303.648     0.1205     0.0019     0.1465    697.581   78.13730  -15.96204  25.464324    34.9081    34.9083 0.0000e+00
    420.000     1.3438     1.3439   3.032249   3.032257    309.496    303.434     0.1200     0.0047     0.1485    698.684   78.13730  -15.96204  25.560570    34.9082    34.9082 0.0000e+00
