test_project/cnv_files/sta0245_bin.cnv
* Sea-Bird SBE 9 Data File:
* FileName = C:\Seabird\CTDDATA\Sta0245.hex
* Software Version Seasave V 7.26.7.107
* Temperature SN = 03-4535
* Conductivity SN = 2860
* Number of Bytes Per Scan = 44
* Number of Voltage Words = 5
* Number of Scans Averaged by the Deck Unit = 1
* NMEA Latitude = 78 50.05 N
* NMEA Longitude = 006 00.46 E
* NMEA UTC (Time) = Sep 14 2019 14:36:50
* NMEA baud rate = 9600
** Ship: "Kronprins Haakon"
** Station: 0245
** Echodepth: 2414
** Log: 6497.98
** Wind-Dir Force(m/s): 06 08
** Air-temp (dry): 5.8
** Weather Sky: 2 8
** Sea Ice: 3 0
# nquan = 16
# nvalues = 2445                        
# units = specified
# name 0 = prDM: Pressure, Digiquartz [db]
# name 1 = t090C: Temperature [ITS-90, deg C]
# name 2 = t190C: Temperature, 2 [ITS-90, deg C]
# name 3 = c0S/m: Conductivity [S/m]
# name 4 = c1S/m: Conductivity, 2 [S/m]
# name 5 = sbox0Mm/Kg: Oxygen, SBE 43 [umol/kg]
# name 6 = sbox1Mm/Kg: Oxygen, SBE 43, 2 [umol/kg]
# name 7 = wetCDOM: Fluorescence, WET Labs CDOM [mg/m^3]
# name 8 = flECO-AFL: Fluorescence, WET Labs ECO-AFL/FL [mg/m^3]
# name 9 = CStarAt0: Beam Attenuation, WET Labs C-Star [1/m]
# name 10 = timeS: Time, Elapsed [seconds]
# name 11 = latitude: Latitude [deg]
# name 12 = longitude: Longitude [deg]
# name 13 = sal00: Salinity, Practical [PSU]
# name 14 = sal11: Salinity, Practical, 2 [PSU]
# name 15 = flag: flag
# span 0 =      3.000,   2447.000       
# span 1 =    -0.7577,     5.6985       
# span 2 =    -0.7576,     5.6975       
# span 3 =   2.900559,   3.395479       
# span 4 =   2.900593,   3.395432       
# span 5 =    303.056,    337.664       
# span 6 =    297.711,    321.456       
# span 7 =     0.0947,     0.1323       
# span 8 =    -0.0076,     2.4110       
# span 9 =     0.1305,     0.4828       
# span 10 =    146.735,   2567.022      
# span 11 =   78.83428,   78.83432      
# span 12 =    6.00770,    6.00778      
# span 13 =    34.8410,    35.0218      
# span 14 =    34.8411,    35.0228      
# span 15 = 0.0000e+00, 0.0000e+00      
# interval = decibars: 1                
# start_time = Sep 14 2019 14:36:50 [NMEA time, header]
# bad_flag = -9.990e-29
*END*
[from data line 2170]
   2173.000    -0.7439    -0.7440   2.927728   2.927810    304.664    298.897     0.1241     0.0023     0.1510   2261.893   78.83428    6.00772    34.9145    34.9157 0.0000e+00
   2174.000    -0.7439    -0.7439   2.927773   2.927862    304.940    298.905     0.1244     0.0020     0.1516   2262.825   78.83428    6.00772    34.9146    34.9158 0.0000e+00
   2175.000    -0.7438    -0.7439   2.927822   2.927908    304.992    298.777     0.1247     0.0040     0.1513   2263.759   78.83428    6.00772    34.9146    34.9158 0.0000e+00
   2176.000    -0.7438    -0.7438   2.927865   2.927947    304.837    298.161     0.1249     0.0094     0.1512   2264.702   78.83428    6.00772    34.9146    34.9157 0.0000e+00
   2177.000    -0.7437    -0.7438   2.927911   2.927989    304.647    298.226     0.1251     0.0096     0.1518   2265.657   78.83428    6.00772    34.9146    34.9157 0.0000e+00
   2178.000    -0.7437    -0.7437   2.927963   2.928033    304.836    298.656     0.1252     0.0096     0.1512   2266.627   78.83428    6.00773    34.9147    34.9157 0.0000e+00
   2179.000    -0.7436    -0.7436   2.928008   2.928087    304.377    298.593     0.1253     0.0091     0.1516   2267.601   78.83428    6.00774    34.9147    34.9157 0.0000e+00
   2180.000    -0.7435    -0.7435   2.928052   2.928139    304.599    298.511     0.1253     0.0036     0.1579   2268.566   78.83428    6.00774    34.9146    34.9158 0.0000e+00
   2181.000    -0.7434    -0.7434   2.928098   2.928182    305.110    298.590     0.1253     0.0022     0.1526   2269.524   78.83428    6.00774    34.9146    34.9157 0.0000e+00
   2182.000    -0.7433    -0.7433   2.928138   2.928227    304.789    298.876     0.1253     0.0054     0.1511   2270.472   78.83428    6.00774    34.9146    34.9157 0.0000e+00
   2183.000    -0.7433    -0.7432   2.928187   2.928276    304.016    298.134     0.1253     0.0069     0.1514   2271.417   78.83428    6.00772    34.9146    34.9157 0.0000e+00
   2184.000    -0.7432    -0.7432   2.928228   2.928319    304.548    298.240     0.1253     0.0002     0.1522   2272.363   78.83428    6.00772    34.9145    34.9157 0.0000e+00
   2185.000    -0.7432    -0.7432   2.928281   2.928363    304.700    298.597     0.1253     0.0026     0.1509   2273.310   78.83428    6.00772    34.9147    34.9157 0.0000e+00
   2186.000    -0.7431    -0.7430   2.928325   2.928413    305.104    298.787     0.1252     0.0146     0.1513   2274.254   78.83428    6.00772    34.9146    34.9157 0.0000e+00
   2187.000    -0.7430    -0.7430   2.928373   2.928459    305.056    298.444     0.1252     0.0160     0.1517   2275.196   78.83428    6.00772    34.9146    34.9157 0.0000e+00
   2188.000    -0.7429    -0.7429   2.928430   2.928508    305.145    297.912     0.1251     0.0118     0.1517   2276.136   78.83428    6.00772    34.9148    34.9158 0.0000e+00
   2189.000    -0.7428    -0.7429   2.928464   2.928553    304.802    298.712     0.1250     0.0096     0.1513   2277.076   78.83428    6.00772    34.9145    34.9158 0.0000e+00
   2190.000    -0.7428    -0.7428   2.928517   2.928594    304.994    298.724     0.1250     0.0096     0.1518   2278.013   78.83428    6.00772    34.9147    34.9157 0.0000e+00
   2191.000    -0.7427    -0.7427   2.928562   2.928640    304.808    298.633     0.1249     0.0112     0.1518   2278.959   78.83428    6.00773    34.9147    34.9157 0.0000e+00
   2192.000    -0.7426    -0.7426   2.928608   2.928692    304.416    298.563     0.1248     0.0174     0.1518   2279.918   78.83428    6.00774    34.9147    34.9158 0.0000e+00
   2193.000    -0.7426    -0.7426   2.928651   2.928737    304.204    298.489     0.1246     0.0223     0.1517   2280.886   78.83428    6.00773    34.9147    34.9158 0.0000e+00
   2194.000    -0.7426    -0.7426   2.928696   2.928779    305.363    298.723     0.1245     0.0105     0.1519   2281.850   78.83428    6.00772    34.9147    34.9158 0.0000e+00
   2195.000    -0.7425    -0.7425   2.928741   2.928819    305.057    298.925     0.1244     0.0036     0.1522   2282.804   78.83428    6.00772    34.9147    34.9158 0.0000e+00
   2196.000    -0.7424    -0.7425   2.928790   2.928866    304.706    298.641     0.1243     0.0020     0.1518   2283.754   78.83428    6.00772    34.9147    34.9158 0.0000e+00
   2197.000    -0.7423    -0.7423   2.928837   2.928911    304.725    298.577     0.1242     0.0020     0.1516   2284.704   78.83428    6.00772    34.9147    34.9157 0.0000e+00
   2198.000    -0.7423    -0.7423   2.928878   2.928964    304.559    298.666     0.1241     0.0051     0.1516   2285.652   78.83429    6.00772    34.9146    34.9158 0.0000e+00
   2199.000    -0.7422    -0.7422   2.928930   2.929012    304.152    298.110     0.1240     0.0075     0.1518   2286.600   78.83430    6.00773    34.9147    34.9158 0.0000e+00
   2200.000    -0.7422    -0.7421   2.928975   2.929048    304.684    298.342     0.1239     0.0033     0.1517   2287.549   78.83430    6.00774    34.9148    34.9157 0.0000e+00
   2201.000    -0.7421    -0.7421   2.929021   2.929104    304.758    298.690     0.1238     0.0093     0.1512   2288.502   78.83430    6.00774    34.9148    34.9158 0.0000e+00
   2202.000    -0.7420    -0.7420   2.929067   2.929150    304.979    298.747     0.1237     0.0094     0.1509   2289.460   78.83430    6.00774    34.9147    34.9158 0.0000e+00
   2203.000    -0.7419    -0.7420   2.929106   2.929195    304.097    298.757     0.1236     0.0031     0.1510   2290.418   78.83430    6.00774    34.9146    34.9159 0.0000e+00
   2204.000    -0.7418    -0.7418   2.929156   2.929237    304.382    298.506     0.1235     0.0068     0.1514   2291.364   78.83428    6.00772    34.9147    34.9158 0.0000e+00
   2205.000    -0.7418    -0.7417   2.929200   2.929285    304.391    298.335     0.1234     0.0132     0.1509   2292.301   78.83428    6.00772    34.9147    34.9158 0.0000e+00
   2206.000    -0.7417    -0.7417   2.929252   2.929337    304.845    298.349     0.1233     0.0142     0.1512   2293.229   78.83428    6.00772    34.9147    34.9159 0.0000e+00
   2207.000    -0.7416    -0.7416   2.929300   2.929392    304.785    298.556     0.1232     0.0096     0.1516   2294.155   78.83428    6.00772    34.9147    34.9159 0.0000e+00
   2208.000    -0.7416    -0.7416   2.929348   2.929440    304.917    298.613     0.1231     0.0090     0.1509   2295.092   78.83430    6.00774    34.9148    34.9160 0.0000e+00
   2209.000    -0.7414    -0.7415   2.929392   2.929477    305.027    298.647     0.1230     0.0026     0.1511   2296.053   78.83430    6.00774    34.9147    34.9159 0.0000e+00
   2210.000    -0.7414    -0.7414   2.929441   2.929526    304.988    298.715     0.1228     0.0019     0.1512   2297.037   78.83430    6.00774    34.9148    34.9159 0.0000e+00
   2211.000    -0.7414    -0.7414   2.929485   2.929572    304.982    298.471     0.1227     0.0016     0.1512   2298.032   78.83430    6.00774    34.9148    34.9160 0.0000e+00
   2212.000    -0.7413    -0.7413   2.929529   2.929617    304.853    298.404     0.1225     0.0116     0.1517   2299.022   78.83430    6.00774    34.9148    34.9159 0.0000e+00
   2213.000    -0.7413    -0.7412   2.929569   2.929657    304.872    298.742     0.1224     0.0122     0.1513   2299.996   78.83430    6.00774    34.9148    34.9158 0.0000e+00
   2214.000    -0.7412    -0.7412   2.929627   2.929702    304.138    298.182     0.1222     0.0062     0.1518   2300.946   78.83429    6.00774    34.9149    34.9159 0.0000e+00
   2215.000    -0.7411    -0.7411   2.929667   2.929753    304.830    298.594     0.1221     0.0035     0.1515   2301.872   78.83428    6.00774    34.9148    34.9159 0.0000e+00
   2216.000    -0.7411    -0.7410   2.929708   2.929802    304.434    298.599     0.1219     0.0096     0.1511   2302.787   78.83428    6.00774    34.9148    34.9160 0.0000e+00
   2217.000    -0.7410    -0.7409   2.929758   2.929844    304.255    298.611     0.1218     0.0093     0.1511   2303.696   78.83429    6.00774    34.9148    34.9159 0.0000e+00
   2218.000    -0.7409    -0.7409   2.929796   2.929891    304.500    298.790     0.1216     0.0034     0.1510   2304.621   78.83430    6.00774    34.9147    34.9160 0.0000e+00
   2219.000    -0.7409    -0.7408   2.929847   2.929938    304.894    298.598     0.1215     0.0015     0.1503   2305.560   78.83430    6.00774    34.9149    34.9160 0.0000e+00
   2220.000    -0.7408    -0.7408   2.929892   2.929979    304.428    298.701     0.1214     0.0062     0.1506   2306.523   78.83430    6.00774    34.9147    34.9159 0.0000e+00
   2221.000    -0.7407    -0.7407   2.929940   2.930030    304.814    298.754     0.1213     0.0096     0.1505   2307.504   78.83430    6.00774    34.9148    34.9160 0.0000e+00
   2222.000    -0.7407    -0.7406   2.929989   2.930072    304.990    298.069     0.1212     0.0069     0.1508   2308.487   78.83430    6.00774    34.9149    34.9159 0.0000e+00
   2223.000    -0.7405    -0.7405   2.930033   2.930113    304.860    298.552     0.1212     0.0039     0.1509   2309.466   78.83430    6.00774    34.9148    34.9158 0.0000e+00
   2224.000    -0.7405    -0.7405   2.930081   2.930167    304.502    298.406     0.1212     0.0096     0.1507   2310.432   78.83430    6.00774    34.9148    34.9160 0.0000e+00
   2225.000    -0.7404    -0.7404   2.930121   2.930209    304.672    298.694     0.1212     0.0091     0.1506   2311.392   78.83430    6.00774    34.9147    34.9159 0.0000e+00
   2226.000    -0.7404    -0.7403   2.930160   2.930259    304.596    298.790     0.1212     0.0024     0.1508   2312.348   78.83430    6.00774    34.9147    34.9160 0.0000e+00
   2227.000    -0.7402    -0.7402   2.930222   2.930303    303.948    298.467     0.1213     0.0135     0.1508   2313.292   78.83430    6.00774    34.9148    34.9159 0.0000e+00
   2228.000    -0.7402    -0.7402   2.930265   2.930346    304.470    298.081     0.1213     0.0072     0.1507   2314.227   78.83430    6.00772    34.9148    34.9159 0.0000e+00
   2229.000    -0.7401    -0.7401   2.930308   2.930394    304.715    298.036     0.1214     0.0014     0.1504   2315.149   78.83430    6.00772    34.9148    34.9159 0.0000e+00
   2230.000    -0.7401    -0.7400   2.930358   2.930451    304.807    298.809     0.1215     0.0015     0.1501   2316.071   78.83430    6.00774    34.9149    34.9161 0.0000e+00
   2231.000    -0.7400    -0.7400   2.930405   2.930491    304.498    298.469     0.1215     0.0027     0.1505   2317.002   78.83430    6.00774    34.9149    34.9160 0.0000e+00
   2232.000    -0.7400    -0.7399   2.930445   2.930536    304.630    298.881     0.1216     0.0089     0.1507   2317.947   78.83430    6.00774    34.9148    34.9160 0.0000e+00
   2233.000    -0.7399    -0.7399   2.930499   2.930583    304.509    298.682     0.1217     0.0095     0.1508   2318.903   78.83430    6.00774    34.9149    34.9161 0.0000e+00
   2234.000    -0.7398    -0.7398   2.930553   2.930630    304.833    298.675     0.1217     0.0098     0.1501   2319.867   78.83430    6.00774    34.9150    34.9160 0.0000e+00
   2235.000    -0.7398    -0.7397   2.930588   2.930675    304.487    298.534     0.1218     0.0193     0.1508   2320.831   78.83430    6.00774    34.9149    34.9161 0.0000e+00
   2236.000    -0.7397    -0.7397   2.930637   2.930721    304.424    299.076     0.1219     0.0153     0.1507   2321.798   78.83430    6.00774    34.9150    34.9161 0.0000e+00
   2237.000    -0.7396    -0.7396   2.930683   2.930764    304.875    298.775     0.1220     0.0096     0.1497   2322.756   78.83430    6.00774    34.9150    34.9160 0.0000e+00
   2238.000    -0.7395    -0.7396   2.930731   2.930817    304.405    298.804     0.1221     0.0070     0.1497   2323.707   78.83430    6.00774    34.9150    34.9161 0.0000e+00
   2239.000    -0.7395    -0.7394   2.930773   2.930862    304.274    298.535     0.1222     0.0013     0.1496   2324.656   78.83430    6.00774    34.9150    34.9161 0.0000e+00
   2240.000    -0.7394    -0.7394   2.930820   2.930906    304.181    297.997     0.1224     0.0014     0.1498   2325.611   78.83430    6.00774    34.9149    34.9161 0.0000e+00
   2241.000    -0.7393    -0.7393   2.930872   2.930951    304.506    298.531     0.1225     0.0019     0.1496   2326.570   78.83430    6.00774    34.9150    34.9160 0.0000e+00
   2242.000    -0.7393    -0.7392   2.930911   2.930997    304.909    298.762     0.1226     0.0018     0.1498   2327.518   78.83430    6.00774    34.9150    34.9160 0.0000e+00
   2243.000    -0.7392    -0.7392   2.930961   2.931045    304.613    298.870     0.1228     0.0072     0.1497   2328.464   78.83430    6.00774    34.9150    34.9161 0.0000e+00
   2244.000    -0.7391    -0.7391   2.931006   2.931090    304.739    298.752     0.1229     0.0096     0.1497   2329.407   78.83430    6.00774    34.9150    34.9161 0.0000e+00
   2245.000    -0.7391    -0.7391   2.931040   2.931134    305.112    298.679     0.1230     0.0096     0.1495   2330.354   78.83430    6.00774    34.9149    34.9161 0.0000e+00
   2246.000    -0.7391    -0.7390   2.931090   2.931181    304.502    298.931     0.1232     0.0096     0.1493   2331.313   78.83430    6.00776    34.9150    34.9161 0.0000e+00
   2247.000    -0.7390    -0.7389   2.931136   2.931225    304.666    298.707     0.1234     0.0096     0.1487   2332.279   78.83430    6.00776    34.9150    34.9161 0.0000e+00
   2248.000    -0.7390    -0.7389   2.931179   2.931272    304.532    298.068     0.1235     0.0096     0.1488   2333.244   78.83430    6.00776    34.9150    34.9162 0.0000e+00
   2249.000    -0.7389    -0.7389   2.931223   2.931313    304.252    298.464     0.1237     0.0098     0.1486   2334.209   78.83430    6.00774    34.9150    34.9162 0.0000e+00
   2250.000    -0.7389    -0.7388   2.931274   2.931358    304.781    298.813     0.1239     0.0149     0.1488   2335.176   78.83430    6.00774    34.9151    34.9161 0.0000e+00
   2251.000    -0.7388    -0.7388   2.931315   2.931406    304.515    298.812     0.1240     0.0112     0.1486   2336.141   78.83430    6.00774    34.9151    34.9162 0.0000e+00
   2252.000    -0.7387    -0.7387   2.931365   2.931453    304.065    298.846     0.1242     0.0096     0.1486   2337.100   78.83430    6.00774    34.9151    34.9162 0.0000e+00
   2253.000    -0.7386    -0.7386   2.931409   2.931496    304.198    298.732     0.1243     0.0096     0.1486   2338.051   78.83430    6.00774    34.9151    34.9162 0.0000e+00
   2254.000    -0.7386    -0.7385   2.931450   2.931540    304.458    298.969     0.1244     0.0066     0.1489   2339.002   78.83430    6.00774    34.9150    34.9161 0.0000e+00
   2255.000    -0.7386    -0.7385   2.931493   2.931587    304.373    298.822     0.1245     0.0012     0.1486   2339.955   78.83430    6.00774    34.9150    34.9162 0.0000e+00
   2256.000    -0.7384    -0.7385   2.931541   2.931638    304.868    298.754     0.1245     0.0011     0.1484   2340.916   78.83430    6.00775    34.9150    34.9163 0.0000e+00
   2257.000    -0.7384    -0.7384   2.931589   2.931676    304.451    298.317     0.1245     0.0005     0.1486   2341.887   78.83430    6.00776    34.9150    34.9162 0.0000e+00
   2258.000    -0.7383    -0.7383   2.931643   2.931718    304.491    298.467     0.1245     0.0019     0.1484   2342.866   78.83430    6.00776    34.9152    34.9162 0.0000e+00
   2259.000    -0.7382    -0.7383   2.931685   2.931770    304.591    298.983     0.1244     0.0076     0.1477   2343.844   78.83430    6.00776    34.9151    34.9163 0.0000e+00
   2260.000    -0.7383    -0.7383   2.931724   2.931813    304.463    298.577     0.1243     0.0038     0.1475   2344.809   78.83430    6.00776    34.9151    34.9163 0.0000e+00
   2261.000    -0.7382    -0.7382   2.931781   2.931856    304.926    298.627     0.1242     0.0063     0.1480   2345.759   78.83430    6.00775    34.9152    34.9162 0.0000e+00
