test_project/cnv_files/sta0199_bin.cnv
* Sea-Bird SBE 9 Data File:
* FileName = C:\Seabird\CTDDATA\Sta0199.hex
* Software Version Seasave V 7.26.7.107
* Temperature SN = 03-4535
* Conductivity SN = 2860
* Number of Bytes Per Scan = 44
* Number of Voltage Words = 5
* Number of Scans Averaged by the Deck Unit = 1
* NMEA Latitude = 78 50.00 N
* NMEA Longitude = 003 00.59 W
* NMEA UTC (Time) = Sep 03 2019 05:07:04
* NMEA baud rate = 9600
** Ship: "Kronprins Haakon"
** Station: 199
** Echodepth: 2474
** Log: 5755.56
** Wind-Dir Force(m/s): 02 32
** Air-temp (dry): -1.8
** Weather Sky: 7 8
** Sea Ice: 5 0
# nquan = 16
# nvalues = 2502                        
# units = specified
# name 0 = prDM: Pressure, Digiquartz [db]
# name 1 = t090C: Temperature [ITS-90, deg C]
# name 2 = t190C: Temperature, 2 [ITS-90, deg C]
# name 3 = c0S/m: Conductivity [S/m]
# name 4 = c1S/m: Conductivity, 2 [S/m]
# name 5 = sbox0Mm/Kg: Oxygen, SBE 43 [umol/kg]
# name 6 = sbox1Mm/Kg: Oxygen, SBE 43, 2 [umol/kg]
# name 7 = wetCDOM: Fluorescence, WET Labs CDOM [mg/m^3]
# name 8 = flECO-AFL: Fluorescence, WET Labs ECO-AFL/FL [mg/m^3]
# name 9 = CStarAt0: Beam Attenuation, WET Labs C-Star [1/m]
# name 10 = timeS: Time, Elapsed [seconds]
# name 11 = latitude: Latitude [deg]
# name 12 = longitude: Longitude [deg]
# name 13 = sal00: Salinity, Practical [PSU]
# name 14 = sal11: Salinity, Practical, 2 [PSU]
# name 15 = flag: flag
# span 0 =      2.000,   2503.000       
# span 1 =    -1.7488,     3.2726       
# span 2 =    -1.7494,     3.2737       
# span 3 =   2.278094,   3.197086       
# span 4 =   2.325739,   3.197087       
# span 5 =    303.917,    410.858       
# span 6 =    301.168,    402.730       
# span 7 =     0.1000,     0.1705       
# span 8 =    -0.0084,     0.9366       
# span 9 =     0.1056,     0.4532       
# span 10 =    157.717,   2937.177      
# span 11 =   78.83340,   78.83348      
# span 12 =   -3.01032,   -3.00986      
# span 13 =    28.0438,    34.9794      
# span 14 =    28.6612,    34.9791      
# span 15 = 0.0000e+00, 0.0000e+00      
# interval = decibars: 1                
# start_time = Sep 03 2019 05:07:04 [NMEA time, header]
# bad_flag = -9.990e-29
*END*
[from data line 1176]
   1178.000    -0.1371    -0.1370   2.937377   2.937431    320.156    312.860     0.1222     0.0081     0.1067   1536.451   78.83346   -3.01002    34.9032    34.9039 0.0000e+00
   1179.000    -0.1378    -0.1378   2.937351   2.937399    320.366    312.899     0.1222     0.0090     0.1069   1537.415   78.83346   -3.01002    34.9031    34.9038 0.0000e+00
   1180.000    -0.1400    -0.1398   2.937213   2.937257    320.303    313.301     0.1221     0.0026     0.1069   1538.389   78.83346   -3.01000    34.9032    34.9037 0.0000e+00
   1181.000    -0.1413    -0.1412   2.937125   2.937183    320.198    313.166     0.1221    -0.0004     0.1069   1539.382   78.83346   -3.01000    34.9031    34.9037 0.0000e+00
   1182.000    -0.1423    -0.1422   2.937096   2.937139    320.472    312.977     0.1221     0.0002     0.1069   1540.400   78.83346   -3.01000    34.9032    34.9036 0.0000e+00
   1183.000    -0.1424    -0.1425   2.937129   2.937157    320.743    313.284     0.1220    -0.0014     0.1068   1541.425   78.83346   -3.01000    34.9032    34.9037 0.0000e+00
   1184.000    -0.1425    -0.1424   2.937159   2.937221    320.719    313.572     0.1220    -0.0012     0.1066   1542.427   78.83346   -3.01002    34.9032    34.9038 0.0000e+00
   1185.000    -0.1431    -0.1430   2.937160   2.937201    320.399    313.346     0.1219     0.0021     0.1065   1543.417   78.83346   -3.01002    34.9033    34.9037 0.0000e+00
   1186.000    -0.1439    -0.1438   2.937142   2.937180    320.098    313.317     0.1219     0.0094     0.1061   1544.401   78.83346   -3.01002    34.9033    34.9037 0.0000e+00
   1187.000    -0.1451    -0.1451   2.937096   2.937121    320.338    313.443     0.1218     0.0093     0.1060   1545.397   78.83346   -3.01002    34.9035    34.9038 0.0000e+00
   1188.000    -0.1452    -0.1451   2.937128   2.937171    320.259    313.211     0.1218     0.0085     0.1064   1546.402   78.83346   -3.01000    34.9035    34.9039 0.0000e+00
   1189.000    -0.1451    -0.1448   2.937180   2.937240    320.322    313.230     0.1217    -0.0009     0.1060   1547.413   78.83346   -3.01000    34.9035    34.9040 0.0000e+00
   1190.000    -0.1461    -0.1460   2.937151   2.937194    320.241    313.276     0.1217    -0.0001     0.1069   1548.424   78.83346   -3.01000    34.9036    34.9042 0.0000e+00
   1191.000    -0.1470    -0.1469   2.937114   2.937160    320.432    313.243     0.1216     0.0070     0.1070   1549.435   78.83346   -3.01000    34.9036    34.9042 0.0000e+00
   1192.000    -0.1476    -0.1475   2.937106   2.937146    319.959    313.284     0.1216     0.0093     0.1064   1550.438   78.83346   -3.01000    34.9037    34.9041 0.0000e+00
   1193.000    -0.1474    -0.1474   2.937166   2.937200    320.232    313.405     0.1215     0.0116     0.1068   1551.426   78.83346   -3.01000    34.9037    34.9041 0.0000e+00
   1194.000    -0.1463    -0.1464   2.937334   2.937368    320.480    313.510     0.1214     0.0097     0.1067   1552.409   78.83346   -3.01000    34.9041    34.9046 0.0000e+00
   1195.000    -0.1459    -0.1458   2.937428   2.937460    320.244    313.116     0.1213     0.0048     0.1071   1553.387   78.83346   -3.01000    34.9042    34.9046 0.0000e+00
   1196.000    -0.1460    -0.1460   2.937459   2.937497    320.193    313.402     0.1212     0.0027     0.1066   1554.363   78.83346   -3.01000    34.9042    34.9048 0.0000e+00
   1197.000    -0.1484    -0.1483   2.937313   2.937352    320.703    313.798     0.1211     0.0059     0.1067   1555.338   78.83346   -3.01000    34.9044    34.9049 0.0000e+00
   1198.000    -0.1489    -0.1489   2.937323   2.937351    320.190    313.338     0.1210    -0.0005     0.1063   1556.334   78.83346   -3.01000    34.9045    34.9049 0.0000e+00
   1199.000    -0.1490    -0.1489   2.937359   2.937395    320.510    313.161     0.1209     0.0005     0.1063   1557.352   78.83346   -3.01000    34.9046    34.9049 0.0000e+00
   1200.000    -0.1502    -0.1501   2.937296   2.937346    320.389    313.540     0.1208     0.0079     0.1069   1558.391   78.83346   -3.01000    34.9045    34.9051 0.0000e+00
   1201.000    -0.1539    -0.1535   2.937020   2.937093    320.387    313.600     0.1206    -0.0004     0.1069   1559.399   78.83346   -3.01002    34.9046    34.9051 0.0000e+00
   1202.000    -0.1547    -0.1546   2.937010   2.937044    320.452    313.732     0.1205    -0.0010     0.1070   1560.376   78.83346   -3.01002    34.9047    34.9051 0.0000e+00
   1203.000    -0.1548    -0.1548   2.937033   2.937075    320.672    313.580     0.1204     0.0090     0.1076   1561.338   78.83346   -3.01002    34.9046    34.9051 0.0000e+00
   1204.000    -0.1562    -0.1560   2.936965   2.937020    320.643    313.235     0.1203     0.0105     0.1071   1562.311   78.83346   -3.01000    34.9047    34.9052 0.0000e+00
   1205.000    -0.1574    -0.1574   2.936914   2.936956    320.129    313.202     0.1201     0.0039     0.1063   1563.315   78.83346   -3.01000    34.9048    34.9053 0.0000e+00
   1206.000    -0.1583    -0.1583   2.936889   2.936925    320.042    313.413     0.1200     0.0037     0.1069   1564.346   78.83346   -3.01000    34.9050    34.9054 0.0000e+00
   1207.000    -0.1588    -0.1586   2.936894   2.936945    320.204    312.917     0.1199     0.0038     0.1068   1565.365   78.83346   -3.01000    34.9050    34.9055 0.0000e+00
   1208.000    -0.1596    -0.1594   2.936871   2.936924    320.030    312.979     0.1198    -0.0015     0.1069   1566.358   78.83346   -3.01000    34.9050    34.9055 0.0000e+00
   1209.000    -0.1594    -0.1594   2.936937   2.936980    320.145    313.351     0.1198     0.0007     0.1071   1567.338   78.83346   -3.01002    34.9052    34.9057 0.0000e+00
   1210.000    -0.1599    -0.1599   2.936969   2.937010    320.584    313.018     0.1197     0.0075     0.1068   1568.316   78.83346   -3.01002    34.9056    34.9061 0.0000e+00
   1211.000    -0.1593    -0.1593   2.937077   2.937117    320.064    312.716     0.1196    -0.0011     0.1072   1569.280   78.83346   -3.01002    34.9057    34.9063 0.0000e+00
   1212.000    -0.1593    -0.1592   2.937135   2.937182    320.127    313.212     0.1196    -0.0011     0.1072   1570.241   78.83346   -3.01002    34.9059    34.9064 0.0000e+00
   1213.000    -0.1605    -0.1604   2.937094   2.937133    320.200    313.388     0.1195    -0.0004     0.1068   1571.209   78.83346   -3.01002    34.9061    34.9065 0.0000e+00
   1214.000    -0.1620    -0.1619   2.937019   2.937058    320.317    313.405     0.1195    -0.0010     0.1069   1572.195   78.83346   -3.01002    34.9063    34.9067 0.0000e+00
   1215.000    -0.1626    -0.1625   2.937001   2.937043    320.954    313.549     0.1195     0.0058     0.1066   1573.190   78.83346   -3.01000    34.9061    34.9066 0.0000e+00
   1216.000    -0.1635    -0.1634   2.936967   2.937008    321.111    313.669     0.1195     0.0032     0.1069   1574.188   78.83346   -3.01000    34.9062    34.9066 0.0000e+00
   1217.000    -0.1635    -0.1634   2.937017   2.937051    320.911    313.982     0.1195    -0.0013     0.1070   1575.180   78.83346   -3.01002    34.9063    34.9066 0.0000e+00
   1218.000    -0.1642    -0.1640   2.937004   2.937051    321.318    314.412     0.1195     0.0025     0.1071   1576.170   78.83346   -3.01002    34.9064    34.9067 0.0000e+00
   1219.000    -0.1670    -0.1670   2.936797   2.936828    320.698    314.406     0.1195     0.0093     0.1074   1577.159   78.83346   -3.01002    34.9062    34.9066 0.0000e+00
   1220.000    -0.1684    -0.1682   2.936705   2.936763    320.489    314.087     0.1195     0.0081     0.1073   1578.132   78.83346   -3.01002    34.9060    34.9065 0.0000e+00
   1221.000    -0.1693    -0.1692   2.936677   2.936708    321.143    314.129     0.1196     0.0009     0.1071   1579.084   78.83346   -3.01002    34.9061    34.9064 0.0000e+00
   1222.000    -0.1713    -0.1712   2.936525   2.936572    321.407    314.165     0.1196     0.0080     0.1073   1580.036   78.83346   -3.01002    34.9058    34.9063 0.0000e+00
   1223.000    -0.1730    -0.1730   2.936465   2.936502    320.685    313.702     0.1197     0.0009     0.1077   1581.002   78.83346   -3.01002    34.9063    34.9068 0.0000e+00
   1224.000    -0.1742    -0.1741   2.936400   2.936444    320.679    313.591     0.1197     0.0060     0.1069   1581.978   78.83346   -3.01002    34.9063    34.9067 0.0000e+00
   1225.000    -0.1768    -0.1767   2.936217   2.936257    320.785    313.469     0.1198     0.0091     0.1071   1582.962   78.83346   -3.01002    34.9062    34.9066 0.0000e+00
   1226.000    -0.1793    -0.1793   2.936044   2.936079    320.400    313.222     0.1199     0.0042     0.1071   1583.953   78.83346   -3.01002    34.9062    34.9066 0.0000e+00
   1227.000    -0.1802    -0.1802   2.935996   2.936035    320.814    313.665     0.1199     0.0043     0.1071   1584.952   78.83346   -3.01002    34.9061    34.9065 0.0000e+00
   1228.000    -0.1814    -0.1814   2.935931   2.935979    321.348    313.983     0.1200     0.0121     0.1070   1585.964   78.83346   -3.01002    34.9060    34.9066 0.0000e+00
   1229.000    -0.1827    -0.1826   2.935869   2.935913    320.770    314.018     0.1201     0.0063     0.1071   1586.980   78.83346   -3.01002    34.9061    34.9065 0.0000e+00
   1230.000    -0.1844    -0.1848   2.935759   2.935760    321.141    313.725     0.1201    -0.0011     0.1074   1587.995   78.83346   -3.01002    34.9060    34.9064 0.0000e+00
   1231.000    -0.1875    -0.1874   2.935531   2.935576    320.724    313.543     0.1202    -0.0015     0.1074   1588.999   78.83346   -3.01001    34.9059    34.9063 0.0000e+00
   1232.000    -0.1895    -0.1892   2.935402   2.935449    321.388    313.916     0.1202    -0.0009     0.1070   1589.998   78.83346   -3.01000    34.9058    34.9061 0.0000e+00
   1233.000    -0.1929    -0.1929   2.935148   2.935184    320.795    313.895     0.1203     0.0008     0.1070   1590.984   78.83346   -3.01000    34.9058    34.9063 0.0000e+00
   1234.000    -0.1937    -0.1938   2.935110   2.935148    320.237    313.992     0.1203     0.0076     0.1078   1591.967   78.83346   -3.01000    34.9057    34.9063 0.0000e+00
   1235.000    -0.1940    -0.1943   2.935126   2.935146    320.908    313.953     0.1204     0.0091     0.1074   1592.949   78.83346   -3.01000    34.9056    34.9062 0.0000e+00
   1236.000    -0.1972    -0.1966   2.934894   2.934969    321.426    313.677     0.1205     0.0021     0.1068   1593.933   78.83346   -3.01000    34.9056    34.9060 0.0000e+00
   1237.000    -0.1980    -0.1979   2.934874   2.934910    321.287    313.532     0.1206     0.0051     0.1069   1594.905   78.83347   -3.01000    34.9057    34.9060 0.0000e+00
   1238.000    -0.1990    -0.1989   2.934828   2.934879    320.806    313.795     0.1206     0.0044     0.1072   1595.875   78.83348   -3.01000    34.9057    34.9062 0.0000e+00
   1239.000    -0.2007    -0.2006   2.934741   2.934787    320.680    313.983     0.1207     0.0013     0.1063   1596.859   78.83348   -3.01000    34.9058    34.9063 0.0000e+00
   1240.000    -0.2014    -0.2014   2.934728   2.934767    320.522    313.396     0.1208     0.0059     0.1072   1597.857   78.83348   -3.00999    34.9059    34.9064 0.0000e+00
   1241.000    -0.2015    -0.2015   2.934764   2.934810    320.366    313.451     0.1209    -0.0014     0.1069   1598.884   78.83348   -3.00998    34.9059    34.9065 0.0000e+00
   1242.000    -0.2015    -0.2015   2.934813   2.934855    320.193    313.453     0.1209    -0.0019     0.1064   1599.909   78.83348   -3.00998    34.9060    34.9065 0.0000e+00
   1243.000    -0.2014    -0.2014   2.934867   2.934914    320.076    312.964     0.1210     0.0010     0.1064   1600.913   78.83348   -3.00998    34.9060    34.9067 0.0000e+00
   1244.000    -0.2013    -0.2013   2.934914   2.934949    319.799    312.793     0.1211     0.0084     0.1062   1601.898   78.83348   -3.00998    34.9060    34.9065 0.0000e+00
   1245.000    -0.2016    -0.2015   2.934937   2.934981    319.671    312.742     0.1212     0.0093     0.1067   1602.889   78.83348   -3.00998    34.9060    34.9066 0.0000e+00
   1246.000    -0.2017    -0.2018   2.934967   2.935002    319.564    312.676     0.1213     0.0010     0.1062   1603.879   78.83348   -3.00998    34.9060    34.9066 0.0000e+00
   1247.000    -0.2026    -0.2025   2.934944   2.934984    319.380    312.822     0.1213    -0.0006     0.1063   1604.869   78.83348   -3.00997    34.9061    34.9065 0.0000e+00
   1248.000    -0.2031    -0.2031   2.934939   2.934991    319.652    312.677     0.1214    -0.0007     0.1060   1605.858   78.83348   -3.00996    34.9061    34.9067 0.0000e+00
   1249.000    -0.2032    -0.2032   2.934968   2.935009    319.683    312.591     0.1215     0.0066     0.1059   1606.842   78.83348   -3.00996    34.9060    34.9066 0.0000e+00
   1250.000    -0.2036    -0.2036   2.934978   2.935024    319.531    313.037     0.1215     0.0078     0.1059   1607.824   78.83348   -3.00996    34.9060    34.9066 0.0000e+00
   1251.000    -0.2039    -0.2039   2.935000   2.935046    319.504    312.824     0.1216    -0.0006     0.1059   1608.805   78.83348   -3.00997    34.9061    34.9067 0.0000e+00
   1252.000    -0.2056    -0.2055   2.934902   2.934945    319.429    312.894     0.1216     0.0022     0.1060   1609.785   78.83348   -3.00998    34.9062    34.9066 0.0000e+00
   1253.000    -0.2086    -0.2084   2.934696   2.934754    319.976    312.701     0.1217     0.0094     0.1059   1610.771   78.83348   -3.00998    34.9062    34.9068 0.0000e+00
   1254.000    -0.2112    -0.2111   2.934528   2.934569    320.183    312.798     0.1217     0.0090     0.1059   1611.773   78.83348   -3.00997    34.9064    34.9069 0.0000e+00
   1255.000    -0.2116    -0.2115   2.934533   2.934591    320.083    312.701     0.1218     0.0092     0.1059   1612.796   78.83348   -3.00996    34.9064    34.9070 0.0000e+00
   1256.000    -0.2124    -0.2124   2.934501   2.934548    319.741    312.462     0.1218     0.0090     0.1060   1613.824   78.83348   -3.00995    34.9063    34.9069 0.0000e+00
   1257.000    -0.2125    -0.2125   2.934552   2.934582    319.794    312.463     0.1218     0.0002     0.1060   1614.846   78.83348   -3.00994    34.9065    34.9069 0.0000e+00
   1258.000    -0.2125    -0.2124   2.934598   2.934650    319.701    312.307     0.1219    -0.0005     0.1060   1615.853   78.83348   -3.00994    34.9065    34.9071 0.0000e+00
   1259.000    -0.2128    -0.2127   2.934618   2.934658    319.592    312.700     0.1219    -0.0012     0.1059   1616.831   78.83348   -3.00995    34.9066    34.9071 0.0000e+00
   1260.000    -0.2133    -0.2133   2.934619   2.934664    319.216    312.707     0.1219    -0.0008     0.1060   1617.783   78.83348   -3.00996    34.9066    34.9072 0.0000e+00
   1261.000    -0.2141    -0.2141   2.934597   2.934640    319.478    312.787     0.1220     0.0033     0.1061   1618.732   78.83348   -3.00996    34.9066    34.9072 0.0000e+00
   1262.000    -0.2154    -0.2152   2.934539   2.934587    319.360    312.194     0.1220     0.0057     0.1064   1619.699   78.83348   -3.00996    34.9068    34.9072 0.0000e+00
   1263.000    -0.2169    -0.2169   2.934446   2.934497    319.466    312.315     0.1221    -0.0002     0.1061   1620.697   78.83348   -3.00995    34.9067    34.9073 0.0000e+00
   1264.000    -0.2185    -0.2184   2.934365   2.934414    319.897    312.758     0.1221     0.0079     0.1059   1621.724   78.83348   -3.00994    34.9068    34.9074 0.0000e+00
   1265.000    -0.2203    -0.2202   2.934261   2.934301    319.691    312.782     0.1221     0.0009     0.1059   1622.752   78.83348   -3.00995    34.9070    34.9074 0.0000e+00
   1266.000    -0.2213    -0.2212   2.934215   2.934258    319.232    312.488     0.1222     0.0073     0.1059   1623.762   78.83348   -3.00996    34.9070    34.9073 0.0000e+00
