test_project/cnv_files/sta0239_bin.cnv
* Sea-Bird SBE 9 Data File:
* FileName = C:\Seabird\CTDDATA\Sta0239.hex
* Software Version Seasave V 7.26.7.107
* Temperature SN = 03-4535
* Conductivity SN = 2860
* Number of Bytes Per Scan = 44
* Number of Voltage Words = 5
* Number of Scans Averaged by the Deck Unit = 1
* NMEA Latitude = 78 48.99 N
* NMEA Longitude = 003 00.39 W
* NMEA UTC (Time) = Sep 13 2019 10:18:50
* NMEA baud rate = 9600
** Ship: "Kronprins Haakon"
** Station: 0239
** Echodepth: 2487
** Log: 6389.727
** Wind-Dir Force(m/s): 09 16
** Air-temp (dry): 1.2
** Weather Sky: 4 8
** Sea Ice: 4 5
# nquan = 16
# nvalues = 2525                        
# units = specified
# name 0 = prDM: Pressure, Digiquartz [db]
# name 1 = t090C: Temperature [ITS-90, deg C]
# name 2 = t190C: Temperature, 2 [ITS-90, deg C]
# name 3 = c0S/m: Conductivity [S/m]
# name 4 = c1S/m: Conductivity, 2 [S/m]
# name 5 = sbox0Mm/Kg: Oxygen, SBE 43 [umol/kg]
# name 6 = sbox1Mm/Kg: Oxygen, SBE 43, 2 [umol/kg]
# name 7 = wetCDOM: Fluorescence, WET Labs CDOM [mg/m^3]
# name 8 = flECO-AFL: Fluorescence, WET Labs ECO-AFL/FL [mg/m^3]
# name 9 = CStarAt0: Beam Attenuation, WET Labs C-Star [1/m]
# name 10 = timeS: Time, Elapsed [seconds]
# name 11 = latitude: Latitude [deg]
# name 12 = longitude: Longitude [deg]
# name 13 = sal00: Salinity, Practical [PSU]
# name 14 = sal11: Salinity, Practical, 2 [PSU]
# name 15 = flag: flag
# span 0 =      1.000,   2525.000       
# span 1 =    -1.6434,     1.4883       
# span 2 =    -1.6437,     1.4890       
# span 3 =   2.417939,   3.041334       
# span 4 =   2.417886,   3.041370       
# span 5 =    304.399,    414.265       
# span 6 =    299.187,    407.510       
# span 7 =     0.1086,     0.1920       
# span 8 =    -0.0051,     1.4114       
# span 9 =     0.1197,     0.4040       
# span 10 =    145.436,   2605.772      
# span 11 =   78.81630,   78.81666      
# span 12 =   -3.01438,   -3.00708      
# span 13 =    30.1984,    34.9227      
# span 14 =    30.1962,    34.9238      
# span 15 = 0.0000e+00, 0.0000e+00      
# interval = decibars: 1                
# start_time = Sep 13 2019 10:18:50 [NMEA time, header]
# bad_flag = -9.990e-29
*END*
[from data line 272]
    273.000     1.1117     1.1116   2.999796   2.999794    311.866    304.294     0.1136     0.0070     0.1340    417.871   78.81664   -3.00806    34.8366    34.8366 0.0000e+00
    274.000     1.1164     1.1165   3.000340   3.000350    311.970    304.276     0.1139     0.0094     0.1346    418.843   78.81664   -3.00806    34.8377    34.8378 0.0000e+00
    275.000     1.1165     1.1158   3.000422   3.000333    312.259    304.556     0.1141     0.0114     0.1347    419.807   78.81664   -3.00806    34.8381    34.8377 0.0000e+00
    276.000     1.1142     1.1122   3.000268   3.000047    312.136    304.788     0.1144     0.0116     0.1347    420.774   78.81664   -3.00806    34.8380    34.8374 0.0000e+00
    277.000     1.1109     1.1083   3.000008   2.999766    312.237    304.995     0.1147     0.0095     0.1351    421.744   78.81664   -3.00806    34.8379    34.8376 0.0000e+00
    278.000     1.1085     1.1096   2.999835   2.999918    312.266    304.893     0.1150     0.0091     0.1357    422.718   78.81664   -3.00807    34.8377    34.8376 0.0000e+00
    279.000     1.1086     1.1084   2.999892   2.999851    312.258    304.923     0.1154     0.0096     0.1356    423.695   78.81664   -3.00808    34.8377    34.8374 0.0000e+00
    280.000     1.1090     1.1086   2.999965   2.999920    311.956    305.034     0.1157     0.0096     0.1361    424.682   78.81664   -3.00808    34.8377    34.8375 0.0000e+00
    281.000     1.1101     1.1099   3.000118   3.000096    312.104    305.022     0.1161     0.0097     0.1375    425.663   78.81664   -3.00808    34.8378    34.8377 0.0000e+00
    282.000     1.1133     1.1130   3.000491   3.000479    312.281    304.964     0.1164     0.0145     0.1366    426.638   78.81664   -3.00808    34.8385    34.8386 0.0000e+00
    283.000     1.1221     1.1221   3.001423   3.001419    312.389    304.967     0.1168     0.0114     0.1367    427.595   78.81664   -3.00809    34.8400    34.8400 0.0000e+00
    284.000     1.1175     1.1179   3.001076   3.001049    312.280    305.001     0.1171     0.0096     0.1371    428.565   78.81664   -3.00810    34.8400    34.8392 0.0000e+00
    285.000     1.0800     1.0811   2.997715   2.997709    312.401    305.157     0.1174     0.0096     0.1377    429.536   78.81664   -3.00810    34.8382    34.8368 0.0000e+00
    286.000     1.0646     1.0647   2.996420   2.996389    311.207    304.920     0.1176     0.0096     0.1379    430.509   78.81664   -3.00810    34.8380    34.8375 0.0000e+00
    287.000     1.0644     1.0646   2.996475   2.996493    310.964    304.572     0.1179     0.0110     0.1390    431.482   78.81664   -3.00810    34.8384    34.8384 0.0000e+00
    288.000     1.0683     1.0681   2.996903   2.996890    311.949    304.701     0.1181     0.0141     0.1396    432.454   78.81664   -3.00810    34.8389    34.8390 0.0000e+00
    289.000     1.0784     1.0762   2.997959   2.997795    312.683    304.515     0.1183     0.0089     0.1391    433.423   78.81664   -3.00810    34.8407    34.8410 0.0000e+00
    290.000     1.0922     1.0917   2.999317   2.999280    312.758    304.351     0.1184     0.0008     0.1395    434.393   78.81664   -3.00810    34.8422    34.8422 0.0000e+00
    291.000     1.0982     1.0978   2.999974   2.999963    313.052    304.735     0.1185     0.0081     0.1399    435.367   78.81664   -3.00812    34.8434    34.8437 0.0000e+00
    292.000     1.1089     1.1086   3.001070   3.001075    312.309    304.732     0.1186     0.0129     0.1401    436.343   78.81664   -3.00812    34.8449    34.8454 0.0000e+00
    293.000     1.1188     1.1179   3.002091   3.002012    311.585    304.844     0.1186     0.0114     0.1409    437.324   78.81664   -3.00812    34.8464    34.8463 0.0000e+00
    294.000     1.1042     1.1040   3.000799   3.000675    312.002    304.949     0.1186     0.0096     0.1412    438.305   78.81664   -3.00814    34.8455    34.8442 0.0000e+00
    295.000     1.0903     1.0896   2.999590   2.999488    311.842    305.056     0.1186     0.0107     0.1413    439.283   78.81664   -3.00814    34.8449    34.8443 0.0000e+00
    296.000     1.0757     1.0754   2.998326   2.998253    311.135    305.134     0.1186     0.0097     0.1415    440.256   78.81664   -3.00814    34.8443    34.8437 0.0000e+00
    297.000     1.0591     1.0598   2.996830   2.996825    311.308    304.996     0.1185     0.0018     0.1415    441.228   78.81664   -3.00814    34.8430    34.8422 0.0000e+00
    298.000     1.0427     1.0425   2.995371   2.995327    311.716    304.789     0.1184     0.0093     0.1469    442.196   78.81664   -3.00814    34.8419    34.8415 0.0000e+00
    299.000     1.0378     1.0378   2.994984   2.994975    312.348    304.582     0.1183     0.0092     0.1427    443.171   78.81664   -3.00814    34.8419    34.8417 0.0000e+00
    300.000     1.0336     1.0333   2.994685   2.994660    312.830    304.379     0.1181     0.0016     0.1402    444.148   78.81664   -3.00816    34.8421    34.8421 0.0000e+00
    301.000     1.0262     1.0264   2.994094   2.994053    313.302    304.213     0.1180     0.0009     0.1404    445.122   78.81664   -3.00816    34.8421    34.8414 0.0000e+00
    302.000     1.0095     1.0095   2.992666   2.992642    313.030    304.450     0.1178     0.0065     0.1403    446.095   78.81664   -3.00816    34.8418    34.8414 0.0000e+00
    303.000     1.0153     1.0145   2.993326   2.993343    312.454    303.929     0.1176     0.0043     0.1404    447.068   78.81664   -3.00816    34.8433    34.8443 0.0000e+00
    304.000     1.0503     1.0511   2.996835   2.996978    311.395    303.779     0.1174    -0.0000     0.1402    448.044   78.81664   -3.00816    34.8488    34.8497 0.0000e+00
    305.000     1.0712     1.0690   2.998894   2.998739    311.743    304.134     0.1172     0.0032     0.1400    449.023   78.81664   -3.00816    34.8514    34.8518 0.0000e+00
    306.000     1.0980     1.0966   3.001577   3.001562    312.656    304.028     0.1170     0.0092     0.1396    449.995   78.81664   -3.00816    34.8554    34.8567 0.0000e+00
    307.000     1.1214     1.1228   3.003874   3.004048    312.734    304.256     0.1168     0.0090     0.1397    450.972   78.81664   -3.00817    34.8582    34.8589 0.0000e+00
    308.000     1.1209     1.1222   3.003926   3.003996    312.340    305.146     0.1166     0.0096     0.1395    451.947   78.81664   -3.00818    34.8589    34.8583 0.0000e+00
    309.000     1.0974     1.0984   3.001816   3.001818    311.824    305.495     0.1164     0.0093     0.1393    452.923   78.81664   -3.00818    34.8574    34.8563 0.0000e+00
    310.000     1.0825     1.0825   3.000503   3.000464    310.917    305.563     0.1162     0.0017     0.1390    453.900   78.81664   -3.00818    34.8565    34.8560 0.0000e+00
    311.000     1.0766     1.0768   3.000035   3.000059    310.491    305.513     0.1160     0.0000     0.1383    454.882   78.81664   -3.00818    34.8565    34.8566 0.0000e+00
    312.000     1.0810     1.0808   3.000509   3.000507    311.236    305.455     0.1157    -0.0004     0.1379    455.859   78.81664   -3.00819    34.8571    34.8572 0.0000e+00
    313.000     1.0845     1.0845   3.000901   3.000908    312.166    305.382     0.1155    -0.0013     0.1379    456.833   78.81664   -3.00820    34.8576    34.8577 0.0000e+00
    314.000     1.1015     1.0987   3.002583   3.002448    312.815    305.089     0.1153     0.0025     0.1379    457.801   78.81664   -3.00820    34.8598    34.8611 0.0000e+00
    315.000     1.1410     1.1404   3.006440   3.006486    312.675    304.850     0.1150     0.0095     0.1373    458.771   78.81664   -3.00820    34.8646    34.8659 0.0000e+00
    316.000     1.1579     1.1575   3.008090   3.008028    313.159    305.129     0.1148     0.0093     0.1363    459.744   78.81663   -3.00820    34.8664    34.8660 0.0000e+00
    317.000     1.1387     1.1447   3.006363   3.006871    313.886    305.742     0.1146     0.0096     0.1356    460.720   78.81662   -3.00820    34.8650    34.8649 0.0000e+00
    318.000     1.1212     1.1231   3.004799   3.004861    312.555    306.187     0.1144     0.0088     0.1340    461.697   78.81663   -3.00821    34.8638    34.8626 0.0000e+00
    319.000     1.0926     1.0928   3.002164   3.002095    311.199    306.308     0.1141     0.0021     0.1334    462.678   78.81664   -3.00822    34.8613    34.8603 0.0000e+00
    320.000     1.0819     1.0816   3.001205   3.001162    310.797    306.033     0.1139     0.0131     0.1315    463.657   78.81664   -3.00822    34.8603    34.8602 0.0000e+00
    321.000     1.0810     1.0806   3.001165   3.001121    311.327    305.619     0.1137     0.0049     0.1304    464.633   78.81664   -3.00822    34.8602    34.8602 0.0000e+00
    322.000     1.0769     1.0772   3.000810   3.000783    312.309    305.311     0.1135     0.0053     0.1304    465.610   78.81664   -3.00822    34.8596    34.8590 0.0000e+00
    323.000     1.0502     1.0507   2.998397   2.998359    313.242    305.316     0.1134     0.0127     0.1298    466.590   78.81663   -3.00823    34.8578    34.8568 0.0000e+00
    324.000     1.0477     1.0477   2.998200   2.998212    312.612    305.122     0.1132     0.0129     0.1293    467.570   78.81662   -3.00824    34.8576    34.8577 0.0000e+00
    325.000     1.0434     1.0436   2.997838   2.997833    312.213    305.122     0.1131     0.0071     0.1296    468.547   78.81662   -3.00824    34.8571    34.8568 0.0000e+00
    326.000     1.0410     1.0412   2.997672   2.997686    312.658    305.297     0.1130     0.0033     0.1293    469.522   78.81662   -3.00824    34.8570    34.8570 0.0000e+00
    327.000     1.0369     1.0369   2.997337   2.997323    312.843    304.780     0.1129     0.0135     0.1291    470.493   78.81662   -3.00824    34.8567    34.8565 0.0000e+00
    328.000     1.0351     1.0351   2.997214   2.997203    312.884    304.528     0.1128     0.0146     0.1286    471.467   78.81662   -3.00824    34.8566    34.8564 0.0000e+00
    329.000     1.0314     1.0315   2.996943   2.996940    312.555    304.708     0.1128     0.0026     0.1283    472.442   78.81662   -3.00824    34.8566    34.8564 0.0000e+00
    330.000     1.0314     1.0312   2.996988   2.996982    312.024    304.871     0.1128     0.0072     0.1283    473.414   78.81662   -3.00824    34.8566    34.8567 0.0000e+00
    331.000     1.0328     1.0327   2.997173   2.997167    312.242    304.599     0.1128     0.0134     0.1282    474.395   78.81662   -3.00826    34.8568    34.8568 0.0000e+00
    332.000     1.0337     1.0346   2.997306   2.997407    312.386    304.809     0.1128     0.0155     0.1282    475.374   78.81662   -3.00826    34.8570    34.8573 0.0000e+00
    333.000     1.0571     1.0636   2.999647   3.000538    311.904    304.547     0.1129     0.0099     0.1286    476.350   78.81662   -3.00828    34.8604    34.8645 0.0000e+00
    334.000     1.2120     1.2120   3.014565   3.015201    310.566    303.678     0.1129     0.0045     0.1287    477.324   78.81662   -3.00828    34.8786    34.8867 0.0000e+00
    335.000     1.3151     1.3215   3.024536   3.025635    312.204    303.949     0.1130     0.0104     0.1283    478.305   78.81662   -3.00828    34.8909    34.8977 0.0000e+00
    336.000     1.4746     1.4733   3.039827   3.039929    313.223    304.718     0.1131     0.0157     0.1292    479.280   78.81662   -3.00828    34.9080    34.9108 0.0000e+00
    337.000     1.4880     1.4889   3.041235   3.041283    314.494    307.311     0.1131     0.0144     0.1307    480.262   78.81662   -3.00828    34.9105    34.9101 0.0000e+00
    338.000     1.4883     1.4890   3.041334   3.041370    313.045    309.501     0.1132     0.0030     0.1326    481.237   78.81662   -3.00828    34.9108    34.9105 0.0000e+00
    339.000     1.4878     1.4872   3.041329   3.041241    309.780    310.438     0.1132     0.0081     0.1339    482.215   78.81662   -3.00828    34.9108    34.9103 0.0000e+00
    340.000     1.4867     1.4868   3.041247   3.041230    309.664    311.370     0.1132     0.0096     0.1350    483.194   78.81662   -3.00830    34.9103    34.9100 0.0000e+00
    341.000     1.4857     1.4866   3.041187   3.041233    311.746    311.586     0.1133     0.0140     0.1350    484.172   78.81662   -3.00830    34.9101    34.9097 0.0000e+00
    342.000     1.4840     1.4843   3.041046   3.041042    314.310    311.532     0.1133     0.0125     0.1349    485.152   78.81662   -3.00830    34.9096    34.9092 0.0000e+00
    343.000     1.4827     1.4786   3.040930   3.040499    316.304    311.579     0.1133     0.0063     0.1350    486.135   78.81662   -3.00830    34.9091    34.9081 0.0000e+00
    344.000     1.4728     1.4727   3.040024   3.039983    317.196    311.145     0.1134     0.0043     0.1348    487.112   78.81662   -3.00830    34.9078    34.9075 0.0000e+00
    345.000     1.4694     1.4692   3.039729   3.039650    317.386    310.841     0.1134     0.0076     0.1348    488.072   78.81662   -3.00832    34.9073    34.9065 0.0000e+00
    346.000     1.4583     1.4585   3.038705   3.038642    317.157    310.749     0.1135     0.0014     0.1349    489.026   78.81662   -3.00832    34.9060    34.9051 0.0000e+00
    347.000     1.4521     1.4548   3.038126   3.038393    317.130    311.047     0.1136     0.0017     0.1348    489.987   78.81662   -3.00832    34.9050    34.9054 0.0000e+00
    348.000     1.4545     1.4537   3.038426   3.038350    317.404    310.850     0.1137     0.0017     0.1350    490.949   78.81662   -3.00832    34.9056    34.9055 0.0000e+00
    349.000     1.4658     1.4658   3.039568   3.039586    317.412    310.612     0.1138     0.0012     0.1348    491.909   78.81662   -3.00832    34.9070    34.9071 0.0000e+00
    350.000     1.4724     1.4724   3.040263   3.040233    317.526    310.669     0.1140     0.0060     0.1348    492.870   78.81662   -3.00832    34.9079    34.9075 0.0000e+00
    351.000     1.4695     1.4694   3.040052   3.040017    317.762    310.773     0.1142     0.0059     0.1346    493.837   78.81662   -3.00833    34.9079    34.9075 0.0000e+00
    352.000     1.4637     1.4644   3.039573   3.039582    317.308    310.780     0.1145     0.0019     0.1346    494.800   78.81662   -3.00834    34.9076    34.9070 0.0000e+00
    353.000     1.4612     1.4612   3.039426   3.039412    317.313    310.725     0.1148     0.0018     0.1346    495.766   78.81662   -3.00834    34.9080    34.9078 0.0000e+00
    354.000     1.4607     1.4604   3.039451   3.039414    317.288    310.475     0.1151     0.0004     0.1347    496.733   78.81662   -3.00834    34.9082    34.9081 0.0000e+00
    355.000     1.4613     1.4610   3.039565   3.039509    316.743    310.444     0.1154     0.0016     0.1347    497.704   78.81662   -3.00834    34.9085    34.9081 0.0000e+00
    356.000     1.4522     1.4521   3.038771   3.038699    317.172    310.805     0.1158     0.0087     0.1345    498.673   78.81662   -3.00835    34.9079    34.9071 0.0000e+00
    357.000     1.4443     1.4417   3.038074   3.037749    317.700    311.064     0.1162     0.0095     0.1338    499.640   78.81662   -3.00836    34.9072    34.9059 0.0000e+00
    358.000     1.4310     1.4286   3.036814   3.036484    317.596    311.116     0.1166     0.0040     0.1338    500.607   78.81662   -3.00836    34.9054    34.9038 0.0000e+00
    359.000     1.4074     1.4057   3.034684   3.034458    317.884    311.312     0.1170     0.0056     0.1336    501.570   78.81662   -3.00836    34.9038    34.9029 0.0000e+00
    360.000     1.4021     1.4021   3.034201   3.034169    317.721    310.946     0.1173     0.0058     0.1340    502.530   78.81662   -3.00836    34.9029    34.9026 0.0000e+00
    361.000     1.3930     1.3920   3.033379   3.033243    317.619    310.904     0.1177     0.0043     0.1341    503.489   78.81662   -3.00836    34.9021    34.9015 0.0000e+00
