test_project/cnv_files/sta0238_bin.cnv
* Sea-Bird SBE 9 Data File:
* FileName = C:\Seabird\CTDDATA\Sta0238.hex
* Software Version Seasave V 7.26.7.107
* Temperature SN = 03-4535
* Conductivity SN = 2860
* Number of Bytes Per Scan = 44
* Number of Voltage Words = 5
* Number of Scans Averaged by the Deck Unit = 1
* NMEA Latitude = 78 49.27 N
* NMEA Longitude = 004 01.32 W
* NMEA UTC (Time) = Sep 12 2019 14:28:48
* NMEA baud rate = 9600
** Ship: "Kronprins Haakon"
** Station: 0238
** Echodepth: 1842
** Log: 6357.27
** Wind-Dir Force(m/s): 03 28
** Air-temp (dry): -0.4
** Weather Sky: 7 8
** Sea Ice: 4 1
# nquan = 16
# nvalues = 1869                        
# units = specified
# name 0 = prDM: Pressure, Digiquartz [db]
# name 1 = t090C: Temperature [ITS-90, deg C]
# name 2 = t190C: Temperature, 2 [ITS-90, deg C]
# name 3 = c0S/m: Conductivity [S/m]
# name 4 = c1S/m: Conductivity, 2 [S/m]
# name 5 = sbox0Mm/Kg: Oxygen, SBE 43 [umol/kg]
# name 6 = sbox1Mm/Kg: Oxygen, SBE 43, 2 [umol/kg]
# name 7 = wetCDOM: Fluorescence, WET Labs CDOM [mg/m^3]
# name 8 = flECO-AFL: Fluorescence, WET Labs ECO-AFL/FL [mg/m^3]
# name 9 = CStarAt0: Beam Attenuation, WET Labs C-Star [1/m]
# name 10 = timeS: Time, Elapsed [seconds]
# name 11 = latitude: Latitude [deg]
# name 12 = longitude: Longitude [deg]
# name 13 = sal00: Salinity, Practical [PSU]
# name 14 = sal11: Salinity, Practical, 2 [PSU]
# name 15 = flag: flag
# span 0 =      2.000,   1870.000       
# span 1 =    -1.5957,     2.8500       
# span 2 =    -1.5960,     2.8499       
# span 3 =   2.426862,   3.161601       
# span 4 =   2.426551,   3.161537       
# span 5 =    303.521,    413.707       
# span 6 =    301.979,    399.280       
# span 7 =     0.1023,     0.1831       
# span 8 =    -0.0041,     0.9908       
# span 9 =     0.1196,     0.3642       
# span 10 =    201.228,   2036.922      
# span 11 =   78.82116,   78.82120      
# span 12 =   -4.02224,   -4.02208      
# span 13 =    30.2613,    34.9684      
# span 14 =    30.2586,    34.9678      
# span 15 = 0.0000e+00, 0.0000e+00      
# interval = decibars: 1                
# start_time = Sep 12 2019 14:28:48 [NMEA time, header]
# bad_flag = -9.990e-29
*END*
[from data line 1628]
   1630.000    -0.4440    -0.4439   2.931430   2.931494    311.121    305.097     0.1224     0.0025     0.1209   1789.448   78.82118   -4.02212    34.9188    34.9195 0.0000e+00
   1631.000    -0.4445    -0.4445   2.931425   2.931488    311.310    304.633     0.1225     0.0135     0.1208   1790.422   78.82118   -4.02212    34.9187    34.9195 0.0000e+00
   1632.000    -0.4448    -0.4447   2.931448   2.931506    311.224    304.560     0.1225     0.0038     0.1209   1791.394   78.82118   -4.02212    34.9188    34.9194 0.0000e+00
   1633.000    -0.4453    -0.4452   2.931455   2.931518    311.766    304.744     0.1225     0.0067     0.1208   1792.360   78.82118   -4.02212    34.9188    34.9196 0.0000e+00
   1634.000    -0.4458    -0.4457   2.931453   2.931509    311.643    304.865     0.1225     0.0051     0.1207   1793.320   78.82118   -4.02212    34.9188    34.9195 0.0000e+00
   1635.000    -0.4461    -0.4460   2.931463   2.931534    311.200    305.067     0.1226     0.0047     0.1207   1794.276   78.82118   -4.02212    34.9188    34.9196 0.0000e+00
   1636.000    -0.4471    -0.4470   2.931424   2.931488    311.675    305.042     0.1226     0.0070     0.1202   1795.239   78.82118   -4.02212    34.9188    34.9195 0.0000e+00
   1637.000    -0.4478    -0.4476   2.931408   2.931473    311.465    304.752     0.1226     0.0035     0.1204   1796.210   78.82118   -4.02212    34.9189    34.9195 0.0000e+00
   1638.000    -0.4481    -0.4479   2.931428   2.931491    311.802    304.262     0.1227     0.0086     0.1209   1797.182   78.82118   -4.02212    34.9189    34.9196 0.0000e+00
   1639.000    -0.4485    -0.4484   2.931422   2.931488    311.337    304.611     0.1227     0.0028     0.1208   1798.151   78.82118   -4.02212    34.9188    34.9195 0.0000e+00
   1640.000    -0.4492    -0.4490   2.931410   2.931482    311.530    304.732     0.1227     0.0084     0.1208   1799.119   78.82118   -4.02212    34.9188    34.9196 0.0000e+00
   1641.000    -0.4496    -0.4495   2.931424   2.931483    311.342    304.502     0.1228     0.0032     0.1208   1800.085   78.82118   -4.02212    34.9190    34.9196 0.0000e+00
   1642.000    -0.4499    -0.4497   2.931443   2.931507    311.519    304.527     0.1228     0.0067     0.1206   1801.051   78.82118   -4.02212    34.9189    34.9196 0.0000e+00
   1643.000    -0.4499    -0.4498   2.931476   2.931549    311.467    304.605     0.1229     0.0096     0.1208   1802.021   78.82118   -4.02212    34.9189    34.9197 0.0000e+00
   1644.000    -0.4504    -0.4502   2.931484   2.931548    310.916    304.711     0.1229     0.0061     0.1209   1802.992   78.82118   -4.02212    34.9189    34.9196 0.0000e+00
   1645.000    -0.4509    -0.4508   2.931482   2.931547    311.246    304.521     0.1230     0.0011     0.1206   1803.959   78.82118   -4.02212    34.9189    34.9197 0.0000e+00
   1646.000    -0.4513    -0.4512   2.931487   2.931554    311.432    304.508     0.1230     0.0030     0.1206   1804.924   78.82118   -4.02212    34.9190    34.9197 0.0000e+00
   1647.000    -0.4520    -0.4519   2.931472   2.931549    311.547    304.484     0.1230     0.0093     0.1208   1805.888   78.82118   -4.02212    34.9190    34.9199 0.0000e+00
   1648.000    -0.4522    -0.4520   2.931519   2.931576    311.688    304.465     0.1230     0.0095     0.1207   1806.854   78.82118   -4.02212    34.9192    34.9198 0.0000e+00
   1649.000    -0.4525    -0.4523   2.931532   2.931596    311.523    304.780     0.1229     0.0095     0.1204   1807.822   78.82118   -4.02212    34.9192    34.9199 0.0000e+00
   1650.000    -0.4533    -0.4531   2.931505   2.931573    311.635    304.808     0.1228     0.0038     0.1202   1808.789   78.82118   -4.02212    34.9192    34.9199 0.0000e+00
   1651.000    -0.4537    -0.4535   2.931524   2.931585    310.995    304.319     0.1227     0.0066     0.1201   1809.754   78.82118   -4.02212    34.9193    34.9199 0.0000e+00
   1652.000    -0.4539    -0.4537   2.931545   2.931609    311.503    304.134     0.1225     0.0061     0.1201   1810.721   78.82118   -4.02212    34.9193    34.9200 0.0000e+00
   1653.000    -0.4540    -0.4539   2.931576   2.931626    310.781    304.474     0.1222     0.0019     0.1206   1811.685   78.82118   -4.02212    34.9194    34.9199 0.0000e+00
   1654.000    -0.4542    -0.4541   2.931606   2.931670    310.462    304.765     0.1219     0.0018     0.1201   1812.654   78.82118   -4.02212    34.9194    34.9201 0.0000e+00
   1655.000    -0.4551    -0.4550   2.931562   2.931621    311.555    304.835     0.1216     0.0017     0.1206   1813.624   78.82119   -4.02212    34.9193    34.9200 0.0000e+00
   1656.000    -0.4556    -0.4554   2.931564   2.931630    311.431    304.790     0.1213     0.0019     0.1201   1814.597   78.82120   -4.02212    34.9193    34.9200 0.0000e+00
   1657.000    -0.4559    -0.4557   2.931587   2.931650    310.806    304.520     0.1209     0.0017     0.1204   1815.565   78.82120   -4.02212    34.9194    34.9200 0.0000e+00
   1658.000    -0.4560    -0.4558   2.931617   2.931685    310.752    304.425     0.1205     0.0083     0.1202   1816.533   78.82119   -4.02212    34.9193    34.9201 0.0000e+00
   1659.000    -0.4567    -0.4567   2.931594   2.931656    311.255    304.399     0.1201     0.0096     0.1203   1817.500   78.82118   -4.02212    34.9193    34.9201 0.0000e+00
   1660.000    -0.4572    -0.4571   2.931580   2.931652    310.872    304.107     0.1198     0.0096     0.1201   1818.461   78.82118   -4.02212    34.9192    34.9200 0.0000e+00
   1661.000    -0.4572    -0.4570   2.931640   2.931713    310.826    304.372     0.1194     0.0096     0.1198   1819.425   78.82118   -4.02212    34.9193    34.9201 0.0000e+00
   1662.000    -0.4573    -0.4572   2.931673   2.931735    310.903    304.184     0.1191     0.0096     0.1204   1820.385   78.82118   -4.02212    34.9193    34.9201 0.0000e+00
   1663.000    -0.4579    -0.4578   2.931665   2.931731    311.316    304.327     0.1187     0.0096     0.1202   1821.348   78.82118   -4.02212    34.9194    34.9201 0.0000e+00
   1664.000    -0.4588    -0.4586   2.931628   2.931693    311.201    304.497     0.1184     0.0085     0.1199   1822.315   78.82118   -4.02212    34.9193    34.9200 0.0000e+00
   1665.000    -0.4610    -0.4609   2.931472   2.931529    311.252    304.657     0.1181     0.0032     0.1200   1823.283   78.82118   -4.02212    34.9193    34.9198 0.0000e+00
   1666.000    -0.4606    -0.4605   2.931562   2.931622    311.102    304.570     0.1178     0.0143     0.1200   1824.251   78.82118   -4.02212    34.9194    34.9202 0.0000e+00
   1667.000    -0.4604    -0.4603   2.931623   2.931687    311.111    304.624     0.1175     0.0104     0.1205   1825.222   78.82118   -4.02212    34.9194    34.9201 0.0000e+00
   1668.000    -0.4603    -0.4601   2.931674   2.931737    311.108    304.517     0.1172     0.0040     0.1209   1826.191   78.82118   -4.02212    34.9195    34.9201 0.0000e+00
   1669.000    -0.4605    -0.4604   2.931695   2.931759    310.970    304.005     0.1169     0.0019     0.1208   1827.160   78.82118   -4.02212    34.9194    34.9202 0.0000e+00
   1670.000    -0.4621    -0.4619   2.931604   2.931674    311.231    304.317     0.1166     0.0015     0.1208   1828.130   78.82118   -4.02212    34.9195    34.9202 0.0000e+00
   1671.000    -0.4630    -0.4628   2.931561   2.931633    310.911    304.605     0.1163     0.0018     0.1208   1829.104   78.82118   -4.02212    34.9194    34.9202 0.0000e+00
   1672.000    -0.4631    -0.4631   2.931598   2.931653    310.857    304.409     0.1160     0.0019     0.1209   1830.078   78.82118   -4.02212    34.9195    34.9201 0.0000e+00
   1673.000    -0.4638    -0.4637   2.931576   2.931645    310.693    303.964     0.1158     0.0005     0.1209   1831.050   78.82118   -4.02212    34.9194    34.9202 0.0000e+00
   1674.000    -0.4642    -0.4640   2.931587   2.931662    310.952    304.172     0.1156     0.0018     0.1208   1832.021   78.82118   -4.02212    34.9194    34.9203 0.0000e+00
   1675.000    -0.4644    -0.4643   2.931617   2.931684    311.415    304.373     0.1154     0.0024     0.1210   1832.990   78.82118   -4.02212    34.9195    34.9203 0.0000e+00
   1676.000    -0.4649    -0.4647   2.931619   2.931693    311.534    304.602     0.1152     0.0080     0.1208   1833.949   78.82118   -4.02212    34.9195    34.9203 0.0000e+00
   1677.000    -0.4654    -0.4654   2.931605   2.931677    311.409    304.414     0.1151     0.0095     0.1208   1834.908   78.82118   -4.02212    34.9194    34.9203 0.0000e+00
   1678.000    -0.4662    -0.4660   2.931590   2.931646    311.318    304.067     0.1150     0.0050     0.1208   1835.867   78.82118   -4.02212    34.9195    34.9201 0.0000e+00
   1679.000    -0.4671    -0.4668   2.931558   2.931627    311.391    304.360     0.1149     0.0010     0.1208   1836.828   78.82118   -4.02212    34.9195    34.9202 0.0000e+00
   1680.000    -0.4680    -0.4679   2.931515   2.931581    310.926    304.363     0.1149     0.0037     0.1208   1837.790   78.82118   -4.02212    34.9195    34.9202 0.0000e+00
   1681.000    -0.4678    -0.4677   2.931577   2.931645    311.279    304.400     0.1149     0.0096     0.1208   1838.758   78.82118   -4.02212    34.9196    34.9203 0.0000e+00
   1682.000    -0.4675    -0.4673   2.931660   2.931719    311.408    304.433     0.1150     0.0087     0.1210   1839.730   78.82118   -4.02212    34.9197    34.9202 0.0000e+00
   1683.000    -0.4676    -0.4675   2.931692   2.931753    311.027    304.516     0.1151     0.0026     0.1205   1840.706   78.82118   -4.02212    34.9197    34.9204 0.0000e+00
   1684.000    -0.4679    -0.4677   2.931706   2.931765    310.919    304.569     0.1153     0.0016     0.1208   1841.685   78.82118   -4.02212    34.9196    34.9203 0.0000e+00
   1685.000    -0.4681    -0.4682   2.931733   2.931781    310.788    304.277     0.1155     0.0015     0.1208   1842.662   78.82118   -4.02212    34.9197    34.9205 0.0000e+00
   1686.000    -0.4699    -0.4697   2.931604   2.931684    310.759    303.988     0.1157     0.0020     0.1210   1843.634   78.82118   -4.02212    34.9195    34.9204 0.0000e+00
   1687.000    -0.4714    -0.4712   2.931514   2.931576    311.098    304.209     0.1160     0.0099     0.1208   1844.598   78.82118   -4.02212    34.9195    34.9201 0.0000e+00
   1688.000    -0.4718    -0.4717   2.931524   2.931590    311.081    304.462     0.1162     0.0097     0.1200   1845.555   78.82118   -4.02212    34.9195    34.9202 0.0000e+00
   1689.000    -0.4726    -0.4726   2.931489   2.931539    311.276    304.421     0.1165     0.0046     0.1207   1846.514   78.82118   -4.02212    34.9194    34.9201 0.0000e+00
   1690.000    -0.4727    -0.4726   2.931523   2.931591    311.347    304.296     0.1167     0.0079     0.1208   1847.474   78.82118   -4.02212    34.9194    34.9202 0.0000e+00
   1691.000    -0.4726    -0.4725   2.931574   2.931651    310.764    303.996     0.1169     0.0016     0.1208   1848.440   78.82118   -4.02212    34.9194    34.9203 0.0000e+00
   1692.000    -0.4737    -0.4735   2.931516   2.931589    311.379    304.252     0.1172     0.0018     0.1208   1849.411   78.82118   -4.02214    34.9193    34.9201 0.0000e+00
   1693.000    -0.4746    -0.4745   2.931488   2.931546    311.216    304.383     0.1174     0.0020     0.1208   1850.378   78.82118   -4.02212    34.9194    34.9201 0.0000e+00
   1694.000    -0.4753    -0.4752   2.931453   2.931525    311.137    304.501     0.1175     0.0019     0.1208   1851.341   78.82118   -4.02212    34.9192    34.9200 0.0000e+00
   1695.000    -0.4762    -0.4761   2.931416   2.931485    311.049    304.403     0.1177     0.0068     0.1212   1852.301   78.82118   -4.02212    34.9192    34.9200 0.0000e+00
   1696.000    -0.4760    -0.4759   2.931489   2.931559    310.814    304.092     0.1179     0.0047     0.1209   1853.265   78.82118   -4.02212    34.9193    34.9202 0.0000e+00
   1697.000    -0.4757    -0.4753   2.931575   2.931663    311.050    304.086     0.1181     0.0013     0.1208   1854.237   78.82118   -4.02212    34.9196    34.9204 0.0000e+00
   1698.000    -0.4747    -0.4741   2.931708   2.931827    311.262    304.396     0.1183     0.0010     0.1208   1855.218   78.82118   -4.02214    34.9198    34.9206 0.0000e+00
   1699.000    -0.4736    -0.4734   2.931864   2.931928    311.224    304.275     0.1186     0.0019     0.1209   1856.206   78.82118   -4.02214    34.9200    34.9207 0.0000e+00
   1700.000    -0.4737    -0.4735   2.931901   2.931978    311.385    304.400     0.1188     0.0082     0.1209   1857.190   78.82118   -4.02214    34.9200    34.9208 0.0000e+00
   1701.000    -0.4739    -0.4737   2.931918   2.931992    311.392    304.520     0.1189     0.0018     0.1208   1858.160   78.82118   -4.02214    34.9200    34.9207 0.0000e+00
   1702.000    -0.4758    -0.4756   2.931792   2.931863    311.039    304.616     0.1191     0.0014     0.1211   1859.117   78.82118   -4.02212    34.9199    34.9206 0.0000e+00
   1703.000    -0.4762    -0.4761   2.931794   2.931862    310.997    304.449     0.1193     0.0010     0.1208   1860.067   78.82118   -4.02212    34.9198    34.9206 0.0000e+00
   1704.000    -0.4754    -0.4753   2.931923   2.931985    310.375    303.869     0.1194     0.0064     0.1207   1861.017   78.82118   -4.02212    34.9201    34.9208 0.0000e+00
   1705.000    -0.4749    -0.4748   2.932007   2.932074    310.504    303.846     0.1195     0.0055     0.1207   1861.978   78.82118   -4.02213    34.9201    34.9209 0.0000e+00
   1706.000    -0.4748    -0.4747   2.932056   2.932124    310.675    304.218     0.1196     0.0015     0.1205   1862.945   78.82118   -4.02214    34.9201    34.9208 0.0000e+00
   1707.000    -0.4749    -0.4748   2.932100   2.932166    310.141    303.909     0.1196     0.0020     0.1207   1863.920   78.82118   -4.02214    34.9202    34.9210 0.0000e+00
   1708.000    -0.4750    -0.4749   2.932137   2.932201    310.383    303.726     0.1197     0.0009     0.1208   1864.896   78.82118   -4.02214    34.9202    34.9209 0.0000e+00
   1709.000    -0.4755    -0.4754   2.932130   2.932198    310.982    304.050     0.1197     0.0014     0.1208   1865.869   78.82118   -4.02214    34.9202    34.9209 0.0000e+00
   1710.000    -0.4756    -0.4754   2.932173   2.932243    310.228    304.234     0.1198     0.0018     0.1208   1866.837   78.82118   -4.02214    34.9203    34.9209 0.0000e+00
   1711.000    -0.4755    -0.4754   2.932212   2.932293    310.268    303.543     0.1198     0.0019     0.1209   1867.804   78.82118   -4.02214    34.9202    34.9211 0.0000e+00
   1712.000    -0.4757    -0.4756   2.932252   2.932319    310.905    303.655     0.1199     0.0079     0.1208   1868.770   78.82118   -4.02214    34.9204    34.9211 0.0000e+00
   1713.000    -0.4764    -0.4763   2.932222   2.932287    310.930    304.096     0.1200     0.0096     0.1208   1869.745   78.82118   -4.02214    34.9202    34.9209 0.0000e+00
   1714.000    -0.4772    -0.4770   2.932187   2.932266    310.064    304.068     0.1201     0.0053     0.1207   1870.713   78.82118   -4.02214    34.9201    34.9209 0.0000e+00
   1715.000    -0.4773    -0.4772   2.932233   2.932296    310.300    304.105     0.1202     0.0049     0.1208   1871.684   78.82118   -4.02214    34.9203    34.9210 0.0000e+00
   1716.000    -0.4773    -0.4772   2.932277   2.932346    310.446    303.416     0.1204     0.0095     0.1201   1872.657   78.82118   -4.02214    34.9203    34.9211 0.0000e+00
   1717.000    -0.4776    -0.4775   2.932283   2.932347    310.580    303.416     0.1205     0.0096     0.1203   1873.624   78.82118   -4.02214    34.9202    34.9210 0.0000e+00
   1718.000    -0.4786    -0.4785   2.932240   2.932311    309.792    304.074     0.1207     0.0096     0.1203   1874.588   78.82118   -4.02214    34.9202    34.9210 0.0000e+00
