test_project/cnv_files/sta0200_bin.cnv
* Sea-Bird SBE 9 Data File:
* FileName = C:\Seabird\CTDDATA\Sta0200.hex
* Software Version Seasave V 7.26.7.107
* Temperature SN = 03-4535
* Conductivity SN = 2860
* Number of Bytes Per Scan = 44
* Number of Voltage Words = 5
* Number of Scans Averaged by the Deck Unit = 1
* NMEA Latitude = 78 49.95 N
* NMEA Longitude = 004 00.86 W
* NMEA UTC (Time) = Sep 03 2019 09:07:39
* NMEA baud rate = 9600
** Ship: "Kronprins Haakon"
** Station: 200
** Echodepth: 1870
** Log: 5767.74
** Wind-Dir Force(m/s): 03 32
** Air-temp (dry): -2.0
** Weather Sky: 8 8
** Sea Ice: 5 0
# nquan = 16
# nvalues = 1881                        
# units = specified
# name 0 = prDM: Pressure, Digiquartz [db]
# name 1 = t090C: Temperature [ITS-90, deg C]
# name 2 = t190C: Temperature, 2 [ITS-90, deg C]
# name 3 = c0S/m: Conductivity [S/m]
# name 4 = c1S/m: Conductivity, 2 [S/m]
# name 5 = sbox0Mm/Kg: Oxygen, SBE 43 [umol/kg]
# name 6 = sbox1Mm/Kg: Oxygen, SBE 43, 2 [umol/kg]
# name 7 = wetCDOM: Fluorescence, WET Labs CDOM [mg/m^3]
# name 8 = flECO-AFL: Fluorescence, WET Labs ECO-AFL/FL [mg/m^3]
# name 9 = CStarAt0: Beam Attenuation, WET Labs C-Star [1/m]
# name 10 = timeS: Time, Elapsed [seconds]
# name 11 = latitude: Latitude [deg]
# name 12 = longitude: Longitude [deg]
# name 13 = sal00: Salinity, Practical [PSU]
# name 14 = sal11: Salinity, Practical, 2 [PSU]
# name 15 = flag: flag
# span 0 =      2.000,   1882.000       
# span 1 =    -1.6487,     2.7755       
# span 2 =    -1.6484,     2.7757       
# span 3 =   2.494371,   3.156450       
# span 4 =   2.494248,   3.156386       
# span 5 =    305.383,    427.810       
# span 6 =    304.896,    416.207       
# span 7 =     0.1023,     0.1764       
# span 8 =    -0.0082,     1.1460       
# span 9 =     0.1056,     0.3618       
# span 10 =    351.545,   2301.687      
# span 11 =   78.83258,   78.83264      
# span 12 =   -4.01470,   -4.01432      
# span 13 =    31.0288,    34.9820      
# span 14 =    31.0281,    34.9808      
# span 15 = 0.0000e+00, 0.0000e+00      
# interval = decibars: 1                
# start_time = Sep 03 2019 09:07:39 [NMEA time, header]
# bad_flag = -9.990e-29
*END*
[from data line 1085]
   1087.000    -0.0886    -0.0880   2.938105   2.938123    324.169    319.538     0.1172     0.0001     0.1128   1457.179   78.83262   -4.01442    34.9098    34.9094 0.0000e+00
   1088.000    -0.0888    -0.0882   2.938137   2.938153    324.359    319.972     0.1172    -0.0048     0.1133   1458.189   78.83262   -4.01442    34.9099    34.9094 0.0000e+00
   1089.000    -0.0908    -0.0900   2.938024   2.938043    324.099    320.124     0.1171    -0.0012     0.1133   1459.214   78.83262   -4.01442    34.9101    34.9095 0.0000e+00
   1090.000    -0.0926    -0.0920   2.937901   2.937927    324.093    319.730     0.1171     0.0005     0.1133   1460.235   78.83262   -4.01440    34.9100    34.9096 0.0000e+00
   1091.000    -0.0932    -0.0926   2.937893   2.937918    323.822    319.589     0.1170    -0.0002     0.1137   1461.252   78.83262   -4.01440    34.9100    34.9097 0.0000e+00
   1092.000    -0.0959    -0.0952   2.937719   2.937742    324.021    320.100     0.1170    -0.0009     0.1132   1462.268   78.83262   -4.01440    34.9102    34.9097 0.0000e+00
   1093.000    -0.0989    -0.0983   2.937504   2.937524    324.003    320.036     0.1170     0.0046     0.1127   1463.280   78.83262   -4.01440    34.9101    34.9098 0.0000e+00
   1094.000    -0.0999    -0.0992   2.937463   2.937480    323.734    319.941     0.1170     0.0096     0.1130   1464.270   78.83262   -4.01440    34.9101    34.9096 0.0000e+00
   1095.000    -0.1011    -0.1005   2.937399   2.937418    323.814    320.038     0.1170     0.0066     0.1134   1465.242   78.83262   -4.01440    34.9101    34.9096 0.0000e+00
   1096.000    -0.1020    -0.1014   2.937367   2.937389    324.208    320.187     0.1170     0.0006     0.1135   1466.209   78.83262   -4.01442    34.9102    34.9098 0.0000e+00
   1097.000    -0.1041    -0.1034   2.937245   2.937263    323.789    320.203     0.1170     0.0080     0.1132   1467.184   78.83262   -4.01442    34.9103    34.9098 0.0000e+00
   1098.000    -0.1049    -0.1043   2.937213   2.937228    324.040    320.244     0.1169     0.0003     0.1132   1468.167   78.83262   -4.01442    34.9103    34.9098 0.0000e+00
   1099.000    -0.1061    -0.1055   2.937167   2.937180    324.093    320.175     0.1169    -0.0012     0.1133   1469.156   78.83262   -4.01440    34.9104    34.9099 0.0000e+00
   1100.000    -0.1084    -0.1078   2.937017   2.937031    324.056    320.107     0.1169    -0.0008     0.1134   1470.154   78.83262   -4.01440    34.9105    34.9100 0.0000e+00
   1101.000    -0.1094    -0.1087   2.936978   2.936994    323.687    320.490     0.1168     0.0002     0.1139   1471.165   78.83262   -4.01438    34.9104    34.9099 0.0000e+00
   1102.000    -0.1103    -0.1096   2.936945   2.936957    324.029    320.105     0.1168    -0.0010     0.1135   1472.181   78.83262   -4.01438    34.9105    34.9099 0.0000e+00
   1103.000    -0.1116    -0.1110   2.936866   2.936896    324.141    320.113     0.1167    -0.0003     0.1131   1473.189   78.83262   -4.01438    34.9104    34.9101 0.0000e+00
   1104.000    -0.1129    -0.1124   2.936803   2.936815    324.199    320.330     0.1167    -0.0004     0.1133   1474.187   78.83262   -4.01440    34.9105    34.9100 0.0000e+00
   1105.000    -0.1158    -0.1151   2.936604   2.936625    324.488    320.558     0.1166    -0.0000     0.1134   1475.179   78.83262   -4.01440    34.9105    34.9101 0.0000e+00
   1106.000    -0.1174    -0.1167   2.936510   2.936538    324.373    320.299     0.1166    -0.0008     0.1133   1476.175   78.83262   -4.01440    34.9105    34.9101 0.0000e+00
   1107.000    -0.1192    -0.1185   2.936402   2.936417    324.381    320.441     0.1166    -0.0005     0.1132   1477.163   78.83262   -4.01440    34.9105    34.9100 0.0000e+00
   1108.000    -0.1201    -0.1195   2.936363   2.936379    324.374    320.336     0.1165     0.0007     0.1134   1478.153   78.83262   -4.01440    34.9105    34.9100 0.0000e+00
   1109.000    -0.1204    -0.1199   2.936386   2.936403    324.630    320.269     0.1165     0.0084     0.1133   1479.149   78.83262   -4.01440    34.9105    34.9102 0.0000e+00
   1110.000    -0.1219    -0.1213   2.936291   2.936317    324.391    320.337     0.1164     0.0082     0.1137   1480.159   78.83262   -4.01438    34.9104    34.9101 0.0000e+00
   1111.000    -0.1231    -0.1226   2.936232   2.936243    324.471    320.377     0.1164     0.0015     0.1135   1481.177   78.83262   -4.01436    34.9104    34.9101 0.0000e+00
   1112.000    -0.1251    -0.1247   2.936097   2.936103    324.756    320.495     0.1163     0.0080     0.1135   1482.187   78.83262   -4.01436    34.9104    34.9100 0.0000e+00
   1113.000    -0.1265    -0.1260   2.936017   2.936045    324.181    320.492     0.1163     0.0025     0.1133   1483.177   78.83262   -4.01436    34.9103    34.9101 0.0000e+00
   1114.000    -0.1275    -0.1268   2.935969   2.936007    324.068    320.574     0.1162     0.0007     0.1133   1484.152   78.83262   -4.01438    34.9103    34.9100 0.0000e+00
   1115.000    -0.1304    -0.1296   2.935774   2.935804    324.140    320.225     0.1162     0.0004     0.1133   1485.117   78.83262   -4.01438    34.9104    34.9099 0.0000e+00
   1116.000    -0.1321    -0.1315   2.935671   2.935692    324.359    319.857     0.1161     0.0001     0.1136   1486.081   78.83262   -4.01440    34.9103    34.9100 0.0000e+00
   1117.000    -0.1340    -0.1333   2.935544   2.935575    324.280    320.204     0.1161     0.0009     0.1138   1487.051   78.83262   -4.01440    34.9102    34.9099 0.0000e+00
   1118.000    -0.1360    -0.1353   2.935416   2.935437    324.093    319.918     0.1161     0.0029     0.1134   1488.041   78.83262   -4.01438    34.9103    34.9098 0.0000e+00
   1119.000    -0.1379    -0.1373   2.935294   2.935321    324.380    320.056     0.1160     0.0075     0.1131   1489.072   78.83262   -4.01438    34.9102    34.9099 0.0000e+00
   1120.000    -0.1403    -0.1396   2.935119   2.935148    324.365    320.257     0.1160     0.0016     0.1132   1490.132   78.83262   -4.01436    34.9101    34.9097 0.0000e+00
   1121.000    -0.1444    -0.1439   2.934806   2.934823    323.691    319.734     0.1159     0.0020     0.1131   1491.188   78.83262   -4.01436    34.9100    34.9097 0.0000e+00
   1122.000    -0.1458    -0.1452   2.934752   2.934777    323.654    320.025     0.1159     0.0089     0.1130   1492.197   78.83262   -4.01436    34.9103    34.9099 0.0000e+00
   1123.000    -0.1469    -0.1463   2.934709   2.934729    323.592    319.788     0.1159     0.0091     0.1126   1493.164   78.83262   -4.01436    34.9104    34.9100 0.0000e+00
   1124.000    -0.1478    -0.1473   2.934669   2.934689    323.716    319.686     0.1158     0.0018     0.1126   1494.116   78.83262   -4.01436    34.9104    34.9100 0.0000e+00
   1125.000    -0.1484    -0.1478   2.934653   2.934674    323.637    319.983     0.1158     0.0008     0.1125   1495.072   78.83262   -4.01436    34.9103    34.9098 0.0000e+00
   1126.000    -0.1502    -0.1496   2.934542   2.934559    323.802    319.920     0.1158     0.0092     0.1129   1496.048   78.83262   -4.01436    34.9103    34.9098 0.0000e+00
   1127.000    -0.1523    -0.1517   2.934398   2.934423    324.418    319.742     0.1158     0.0076     0.1126   1497.049   78.83262   -4.01436    34.9102    34.9098 0.0000e+00
   1128.000    -0.1546    -0.1540   2.934249   2.934261    324.291    319.916     0.1158     0.0044     0.1128   1498.052   78.83262   -4.01436    34.9102    34.9097 0.0000e+00
   1129.000    -0.1558    -0.1552   2.934172   2.934194    323.777    320.198     0.1158     0.0096     0.1133   1499.044   78.83262   -4.01436    34.9100    34.9097 0.0000e+00
   1130.000    -0.1570    -0.1564   2.934117   2.934136    323.613    319.702     0.1158     0.0079     0.1124   1500.017   78.83262   -4.01437    34.9101    34.9097 0.0000e+00
   1131.000    -0.1577    -0.1570   2.934096   2.934126    323.513    319.445     0.1158     0.0016     0.1124   1500.993   78.83263   -4.01438    34.9100    34.9096 0.0000e+00
   1132.000    -0.1577    -0.1571   2.934141   2.934163    323.794    319.614     0.1158     0.0005     0.1122   1501.999   78.83264   -4.01438    34.9100    34.9097 0.0000e+00
   1133.000    -0.1583    -0.1576   2.934143   2.934160    323.148    319.135     0.1158     0.0008     0.1122   1503.040   78.83264   -4.01436    34.9101    34.9096 0.0000e+00
   1134.000    -0.1587    -0.1581   2.934156   2.934173    323.487    319.293     0.1159     0.0006     0.1120   1504.088   78.83262   -4.01436    34.9103    34.9097 0.0000e+00
   1135.000    -0.1584    -0.1578   2.934238   2.934266    323.227    319.148     0.1159     0.0131     0.1124   1505.118   78.83262   -4.01436    34.9104    34.9100 0.0000e+00
   1136.000    -0.1584    -0.1578   2.934289   2.934310    323.199    319.415     0.1159     0.0036     0.1128   1506.114   78.83262   -4.01436    34.9105    34.9100 0.0000e+00
   1137.000    -0.1579    -0.1574   2.934401   2.934413    323.368    319.010     0.1158     0.0070     0.1122   1507.084   78.83262   -4.01436    34.9108    34.9104 0.0000e+00
   1138.000    -0.1587    -0.1580   2.934379   2.934402    323.360    319.235     0.1158     0.0096     0.1124   1508.041   78.83262   -4.01436    34.9109    34.9104 0.0000e+00
   1139.000    -0.1606    -0.1599   2.934254   2.934274    324.091    319.569     0.1158     0.0055     0.1124   1508.985   78.83262   -4.01436    34.9108    34.9103 0.0000e+00
   1140.000    -0.1622    -0.1615   2.934157   2.934180    324.201    319.691     0.1158     0.0003     0.1122   1509.940   78.83262   -4.01436    34.9107    34.9103 0.0000e+00
   1141.000    -0.1663    -0.1658   2.933834   2.933848    323.866    319.790     0.1158     0.0004     0.1123   1510.920   78.83262   -4.01436    34.9105    34.9101 0.0000e+00
   1142.000    -0.1686    -0.1680   2.933684   2.933705    323.836    320.020     0.1157     0.0010     0.1124   1511.931   78.83262   -4.01437    34.9106    34.9102 0.0000e+00
   1143.000    -0.1687    -0.1681   2.933723   2.933747    324.244    320.061     0.1157     0.0011     0.1128   1512.953   78.83262   -4.01438    34.9106    34.9103 0.0000e+00
   1144.000    -0.1687    -0.1681   2.933759   2.933790    323.985    319.958     0.1157     0.0086     0.1123   1513.951   78.83263   -4.01439    34.9106    34.9103 0.0000e+00
   1145.000    -0.1688    -0.1682   2.933804   2.933823    323.972    319.862     0.1156     0.0013     0.1124   1514.940   78.83263   -4.01440    34.9107    34.9103 0.0000e+00
   1146.000    -0.1688    -0.1682   2.933848   2.933876    323.918    320.140     0.1156     0.0018     0.1122   1515.931   78.83262   -4.01439    34.9107    34.9104 0.0000e+00
   1147.000    -0.1687    -0.1680   2.933916   2.933935    323.924    319.930     0.1156     0.0119     0.1122   1516.942   78.83262   -4.01437    34.9109    34.9104 0.0000e+00
   1148.000    -0.1683    -0.1678   2.933996   2.934013    324.070    320.049     0.1156     0.0036     0.1124   1517.987   78.83262   -4.01435    34.9110    34.9106 0.0000e+00
   1149.000    -0.1684    -0.1678   2.934040   2.934069    324.149    320.304     0.1155    -0.0003     0.1129   1519.046   78.83262   -4.01434    34.9111    34.9108 0.0000e+00
   1150.000    -0.1685    -0.1681   2.934069   2.934095    324.170    320.230     0.1155     0.0004     0.1130   1520.387   78.83262   -4.01434    34.9111    34.9109 0.0000e+00
   1151.000    -0.1690    -0.1684   2.934095   2.934122    324.335    320.829     0.1155     0.0085     0.1126   1521.684   78.83262   -4.01437    34.9114    34.9110 0.0000e+00
   1152.000    -0.1709    -0.1703   2.933996   2.934010    324.063    320.873     0.1154     0.0013     0.1130   1522.552   78.83262   -4.01438    34.9116    34.9111 0.0000e+00
   1153.000    -0.1715    -0.1709   2.933984   2.933997    324.025    320.857     0.1153     0.0064     0.1132   1523.401   78.83262   -4.01440    34.9116    34.9111 0.0000e+00
   1154.000    -0.1714    -0.1710   2.934040   2.934044    324.401    320.720     0.1153     0.0095     0.1132   1524.303   78.83262   -4.01442    34.9117    34.9113 0.0000e+00
   1155.000    -0.1719    -0.1712   2.934039   2.934061    325.102    321.008     0.1152     0.0113     0.1130   1525.278   78.83262   -4.01440    34.9116    34.9111 0.0000e+00
   1156.000    -0.1725    -0.1718   2.934032   2.934051    325.566    321.607     0.1152     0.0095     0.1132   1526.315   78.83262   -4.01440    34.9116    34.9111 0.0000e+00
   1157.000    -0.1727    -0.1721   2.934044   2.934074    325.740    321.359     0.1152     0.0011     0.1133   1527.386   78.83262   -4.01438    34.9115    34.9112 0.0000e+00
   1158.000    -0.1755    -0.1747   2.933857   2.933891    326.190    321.224     0.1151     0.0031     0.1128   1528.460   78.83262   -4.01438    34.9116    34.9111 0.0000e+00
   1159.000    -0.1774    -0.1768   2.933728   2.933754    325.419    321.450     0.1151     0.0072     0.1130   1529.490   78.83262   -4.01438    34.9115    34.9111 0.0000e+00
   1160.000    -0.1799    -0.1790   2.933553   2.933602    325.155    321.347     0.1151    -0.0001     0.1132   1530.472   78.83262   -4.01440    34.9114    34.9110 0.0000e+00
   1161.000    -0.1823    -0.1817   2.933378   2.933393    325.782    321.450     0.1152    -0.0006     0.1126   1531.434   78.83262   -4.01440    34.9112    34.9108 0.0000e+00
   1162.000    -0.1830    -0.1824   2.933354   2.933380    325.688    321.416     0.1152     0.0013     0.1127   1532.396   78.83262   -4.01438    34.9112    34.9109 0.0000e+00
   1163.000    -0.1844    -0.1837   2.933268   2.933294    325.074    321.357     0.1152     0.0003     0.1126   1533.365   78.83262   -4.01438    34.9111    34.9106 0.0000e+00
   1164.000    -0.1861    -0.1856   2.933157   2.933164    325.301    321.374     0.1153     0.0150     0.1129   1534.339   78.83262   -4.01438    34.9109    34.9105 0.0000e+00
   1165.000    -0.1921    -0.1912   2.932647   2.932686    324.584    320.947     0.1153     0.0129     0.1133   1535.317   78.83262   -4.01438    34.9104    34.9099 0.0000e+00
   1166.000    -0.2007    -0.1998   2.931910   2.931935    324.254    320.560     0.1154     0.0047     0.1133   1536.293   78.83262   -4.01440    34.9099    34.9092 0.0000e+00
   1167.000    -0.2123    -0.2116   2.930893   2.930915    324.012    320.193     0.1155     0.0000     0.1124   1537.259   78.83262   -4.01440    34.9090    34.9085 0.0000e+00
   1168.000    -0.2155    -0.2148   2.930645   2.930675    323.522    319.819     0.1155     0.0008     0.1121   1538.237   78.83262   -4.01440    34.9087    34.9083 0.0000e+00
   1169.000    -0.2163    -0.2155   2.930613   2.930649    323.276    319.209     0.1156     0.0014     0.1121   1539.239   78.83262   -4.01440    34.9086    34.9082 0.0000e+00
   1170.000    -0.2170    -0.2163   2.930583   2.930616    322.582    318.324     0.1156     0.0003     0.1121   1540.261   78.83262   -4.01440    34.9084    34.9081 0.0000e+00
   1171.000    -0.2179    -0.2173   2.930545   2.930575    321.709    316.987     0.1156    -0.0004     0.1111   1541.301   78.83262   -4.01440    34.9084    34.9082 0.0000e+00
   1172.000    -0.2187    -0.2182   2.930521   2.930542    319.965    316.517     0.1157    -0.0001     0.1110   1542.333   78.83262   -4.01440    34.9084    34.9082 0.0000e+00
   1173.000    -0.2131    -0.2125   2.931108   2.931153    319.489    316.151     0.1157    -0.0004     0.1102   1543.344   78.83262   -4.01440    34.9093    34.9092 0.0000e+00
   1174.000    -0.2082    -0.2077   2.931632   2.931647    319.241    316.045     0.1156     0.0082     0.1102   1544.336   78.83262   -4.01440    34.9101    34.9097 0.0000e+00
   1175.000    -0.2079    -0.2072   2.931712   2.931736    319.731    316.255     0.1156     0.0020     0.1103   1545.318   78.83262   -4.01438    34.9102    34.9098 0.0000e+00
   1176.000    -0.2083    -0.2077   2.931730   2.931747    320.147    316.579     0.1155    -0.0006     0.1101   1546.294   78.83262   -4.01438    34.9104    34.9099 0.0000e+00
