test_project/cnv_files/Sta0226_bin.cnv
* Sea-Bird SBE 9 Data File:
* FileName = C:\Seabird\CTDDATA\Sta0226.hex
* Software Version Seasave V 7.26.7.107
* Temperature SN = 03-4535
* Conductivity SN = 2860
* Number of Bytes Per Scan = 44
* Number of Voltage Words = 5
* Number of Scans Averaged by the Deck Unit = 1
* NMEA Latitude = 78 02.82 N
* NMEA Longitude = 016 24.92 W
* NMEA UTC (Time) = Sep 08 2019 06:34:00
* NMEA baud rate = 9600
** Ship: "Kronprins Haakon"
** Station: 0226
** Echodepth: 515
** Log: 6074.63
** Wind-Dir Force(m/s): 34 12
** Air-temp (dry): -2.8
** Weather Sky: 0 1
** Sea Ice: 0 7
# nquan = 17
# nvalues = 500                         
# units = specified
# name 0 = prDM: Pressure, Digiquartz [db]
# name 1 = t090C: Temperature [ITS-90, deg C]
# name 2 = t190C: Temperature, 2 [ITS-90, deg C]
# name 3 = c0S/m: Conductivity [S/m]
# name 4 = c1S/m: Conductivity, 2 [S/m]
# name 5 = sbox0Mm/Kg: Oxygen, SBE 43 [umol/kg]
# name 6 = sbox1Mm/Kg: Oxygen, SBE 43, 2 [umol/kg]
# name 7 = wetCDOM: Fluorescence, WET Labs CDOM [mg/m^3]
# name 8 = flECO-AFL: Fluorescence, WET Labs ECO-AFL/FL [mg/m^3]
# name 9 = CStarAt0: Beam Attenuation, WET Labs C-Star [1/m]
# name 10 = timeS: Time, Elapsed [seconds]
# name 11 = latitude: Latitude [deg]
# name 12 = longitude: Longitude [deg]
# name 13 = upoly0: Upoly 0, ISUS
# name 14 = sal00: Salinity, Practical [PSU]
# name 15 = sal11: Salinity, Practical, 2 [PSU]
# name 16 = flag: flag
# span 0 =      2.000,    501.000       
# span 1 =    -1.6821,     1.6812       
# span 2 =    -1.6817,     1.6815       
# span 3 =   2.367831,   3.055557       
# span 4 =   2.367878,   3.055530       
# span 5 =    302.158,    425.168       
# span 6 =    295.582,    411.286       
# span 7 =     0.0870,     0.1804       
# span 8 =    -0.0025,     0.6200       
# span 9 =     0.1271,     0.2304       
# span 10 =    155.248,    658.178      
# span 11 =   78.04599,   78.04677      
# span 12 =  -16.41437,  -16.41143      
# span 13 =  13.117805,  26.321434      
# span 14 =    29.1591,    34.9126      
# span 15 =    29.1621,    34.9121      
# span 16 = 0.0000e+00, 0.0000e+00      
# interval = decibars: 1                
# start_time = Sep 08 2019 06:34:00 [NMEA time, header]
# bad_flag = -9.990e-29
*END*
[from data line 256]
    258.000     1.1510     1.1513   2.994776   2.994810    309.638    305.016     0.1142     0.0060     0.1441    414.252   78.04632  -16.41272  24.683424    34.7371    34.7372 0.0000e+00
    259.000     1.1794     1.1794   2.997807   2.997795    310.305    305.095     0.1140     0.0105     0.1440    415.197   78.04632  -16.41272  24.521029    34.7439    34.7437 0.0000e+00
    260.000     1.1899     1.1902   2.999140   2.999151    311.068    305.462     0.1138     0.0115     0.1436    416.141   78.04632  -16.41272  24.495449    34.7487    34.7485 0.0000e+00
    261.000     1.2255     1.2249   3.002788   3.002725    311.422    305.282     0.1136     0.0066     0.1431    417.085   78.04632  -16.41272  24.488624    34.7554    34.7553 0.0000e+00
    262.000     1.2342     1.2342   3.003817   3.003758    311.279    305.625     0.1135     0.0005     0.1432    418.035   78.04632  -16.41270  25.075531    34.7582    34.7576 0.0000e+00
    263.000     1.2416     1.2417   3.004668   3.004586    311.076    305.530     0.1133     0.0087     0.1431    418.992   78.04632  -16.41270  24.470137    34.7604    34.7592 0.0000e+00
    264.000     1.2366     1.2373   3.004529   3.004587    310.250    305.170     0.1131     0.0096     0.1440    419.963   78.04632  -16.41270  24.397862    34.7636    34.7635 0.0000e+00
    265.000     1.2791     1.2794   3.008754   3.008749    309.385    304.385     0.1130     0.0095     0.1441    420.943   78.04632  -16.41269  24.691266    34.7699    34.7694 0.0000e+00
    266.000     1.2745     1.2754   3.008586   3.008610    310.017    304.518     0.1129     0.0025     0.1446    421.933   78.04632  -16.41268  24.740140    34.7723    34.7716 0.0000e+00
    267.000     1.3001     1.3002   3.011206   3.011176    309.757    304.270     0.1127     0.0075     0.1461    422.922   78.04632  -16.41268  24.226615    34.7768    34.7763 0.0000e+00
    268.000     1.3140     1.3142   3.012698   3.012690    308.917    304.121     0.1126     0.0138     0.1443    423.903   78.04632  -16.41268  25.088958    34.7799    34.7795 0.0000e+00
    269.000     1.3485     1.3454   3.016219   3.016004    308.783    303.745     0.1125     0.0128     0.1443    424.876   78.04632  -16.41267  23.938949    34.7859    34.7867 0.0000e+00
    270.000     1.4046     1.4064   3.021765   3.021999    308.496    302.967     0.1124     0.0096     0.1443    425.834   78.04632  -16.41266  24.406691    34.7939    34.7950 0.0000e+00
    271.000     1.4195     1.4207   3.023438   3.023420    309.213    303.684     0.1123     0.0090     0.1438    426.786   78.04631  -16.41266  24.680623    34.7982    34.7966 0.0000e+00
    272.000     1.4025     1.4038   3.022041   3.022096    309.582    304.325     0.1123     0.0095     0.1422    427.730   78.04630  -16.41266  24.665536    34.7986    34.7979 0.0000e+00
    273.000     1.4148     1.4148   3.023430   3.023414    307.393    303.535     0.1122     0.0091     0.1409    428.672   78.04630  -16.41265  24.651491    34.8021    34.8019 0.0000e+00
    274.000     1.4458     1.4447   3.026625   3.026599    306.137    302.684     0.1122     0.0120     0.1399    429.613   78.04630  -16.41264  24.540108    34.8079    34.8088 0.0000e+00
    275.000     1.4681     1.4679   3.028912   3.028858    307.381    302.793     0.1122     0.0039     0.1391    430.566   78.04630  -16.41264  24.537289    34.8117    34.8112 0.0000e+00
    276.000     1.4773     1.4773   3.029871   3.029801    308.199    302.527     0.1122     0.0038     0.1379    431.530   78.04630  -16.41264  24.691487    34.8132    34.8123 0.0000e+00
    277.000     1.4795     1.4802   3.030139   3.030138    307.881    302.264     0.1122     0.0057     0.1353    432.504   78.04630  -16.41264  24.703236    34.8135    34.8127 0.0000e+00
    278.000     1.4989     1.4951   3.032111   3.031724    306.586    302.172     0.1123     0.0037     0.1346    433.486   78.04630  -16.41262  24.684124    34.8166    34.8159 0.0000e+00
    279.000     1.5089     1.5078   3.033128   3.032931    306.389    301.992     0.1123     0.0096     0.1334    434.471   78.04630  -16.41262  24.761457    34.8178    34.8165 0.0000e+00
    280.000     1.5280     1.5323   3.035092   3.035618    307.129    301.814     0.1123     0.0122     0.1325    435.454   78.04630  -16.41262  24.501615    34.8211    34.8230 0.0000e+00
    281.000     1.5513     1.5515   3.037405   3.037364    307.501    302.062     0.1123     0.0009     0.1323    436.431   78.04630  -16.41262  24.335159    34.8241    34.8234 0.0000e+00
    282.000     1.5470     1.5481   3.037152   3.037151    308.398    303.006     0.1124     0.0116     0.1323    437.398   78.04630  -16.41260  24.418829    34.8251    34.8238 0.0000e+00
    283.000     1.5403     1.5410   3.036606   3.036574    308.721    303.304     0.1124     0.0103     0.1325    438.356   78.04628  -16.41260  24.330161    34.8250    34.8238 0.0000e+00
    284.000     1.5401     1.5401   3.036728   3.036683    308.226    303.379     0.1125     0.0087     0.1326    439.310   78.04628  -16.41260  24.529980    34.8261    34.8256 0.0000e+00
    285.000     1.5494     1.5496   3.037752   3.037692    307.859    303.279     0.1126     0.0040     0.1334    440.261   78.04628  -16.41260  25.393215    34.8283    34.8274 0.0000e+00
    286.000     1.5498     1.5501   3.037847   3.037799    308.066    303.101     0.1127    -0.0015     0.1326    441.210   78.04628  -16.41258  25.385823    34.8284    34.8276 0.0000e+00
    287.000     1.5493     1.5496   3.037865   3.037825    308.552    302.853     0.1129    -0.0014     0.1324    442.163   78.04628  -16.41258  23.958660    34.8287    34.8278 0.0000e+00
    288.000     1.5507     1.5511   3.038168   3.038124    308.647    302.610     0.1131    -0.0020     0.1325    443.120   78.04628  -16.41258  24.567593    34.8304    34.8294 0.0000e+00
    289.000     1.5559     1.5559   3.038963   3.038910    308.569    302.453     0.1133    -0.0006     0.1326    444.085   78.04628  -16.41256  24.605631    34.8342    34.8335 0.0000e+00
    290.000     1.5521     1.5523   3.038850   3.038788    308.652    302.400     0.1136     0.0080     0.1328    445.056   78.04628  -16.41256  24.775297    34.8363    34.8353 0.0000e+00
    291.000     1.5564     1.5564   3.039369   3.039322    308.736    302.388     0.1138     0.0015     0.1327    446.030   78.04628  -16.41256  25.332027    34.8376    34.8370 0.0000e+00
    292.000     1.5678     1.5678   3.040595   3.040552    308.583    302.048     0.1141     0.0070     0.1337    447.006   78.04628  -16.41256  25.080832    34.8400    34.8394 0.0000e+00
    293.000     1.5710     1.5713   3.041062   3.041042    308.829    301.985     0.1144     0.0093     0.1347    447.980   78.04628  -16.41255  25.160365    34.8418    34.8412 0.0000e+00
    294.000     1.5874     1.5868   3.042826   3.042760    308.621    301.788     0.1147     0.0039     0.1350    448.954   78.04628  -16.41254  24.718962    34.8455    34.8453 0.0000e+00
    295.000     1.5959     1.5959   3.043793   3.043735    308.610    301.812     0.1149     0.0027     0.1356    449.924   78.04628  -16.41254  24.902569    34.8477    34.8470 0.0000e+00
    296.000     1.6074     1.6073   3.045040   3.045019    308.490    301.827     0.1152     0.0106     0.1351    450.892   78.04628  -16.41254  25.295625    34.8502    34.8501 0.0000e+00
    297.000     1.6157     1.6160   3.046013   3.045969    308.400    301.825     0.1154     0.0127     0.1347    451.849   78.04628  -16.41253  25.343045    34.8528    34.8519 0.0000e+00
    298.000     1.6225     1.6225   3.046893   3.046854    308.445    302.007     0.1156     0.0138     0.1338    452.807   78.04628  -16.41252  24.199872    34.8559    34.8554 0.0000e+00
    299.000     1.6299     1.6301   3.047795   3.047751    308.360    301.976     0.1157     0.0134     0.1336    453.769   78.04628  -16.41252  24.216550    34.8586    34.8578 0.0000e+00
    300.000     1.6327     1.6330   3.048148   3.048111    308.359    301.973     0.1158     0.0136     0.1333    454.725   78.04627  -16.41251  24.824931    34.8593    34.8585 0.0000e+00
    301.000     1.6347     1.6350   3.048400   3.048373    308.415    301.460     0.1159     0.0107     0.1331    455.684   78.04626  -16.41250  25.121768    34.8597    34.8590 0.0000e+00
    302.000     1.6366     1.6369   3.048659   3.048634    308.232    301.242     0.1160     0.0035     0.1335    456.643   78.04626  -16.41250  24.912000    34.8603    34.8597 0.0000e+00
    303.000     1.6368     1.6372   3.048780   3.048730    308.423    301.588     0.1161     0.0041     0.1336    457.609   78.04626  -16.41250  24.407363    34.8611    34.8601 0.0000e+00
    304.000     1.6355     1.6362   3.048714   3.048691    308.184    301.703     0.1162     0.0093     0.1329    458.575   78.04626  -16.41249  24.518315    34.8611    34.8601 0.0000e+00
    305.000     1.6351     1.6355   3.048785   3.048754    307.599    301.576     0.1162     0.0073     0.1325    459.538   78.04626  -16.41248  25.056602    34.8619    34.8611 0.0000e+00
    306.000     1.6506     1.6501   3.050428   3.050383    307.658    301.578     0.1163     0.0013     0.1328    460.505   78.04626  -16.41248  25.211159    34.8649    34.8649 0.0000e+00
    307.000     1.6587     1.6590   3.051338   3.051306    308.102    301.581     0.1164     0.0101     0.1337    461.475   78.04626  -16.41248  25.099467    34.8669    34.8663 0.0000e+00
    308.000     1.6572     1.6577   3.051403   3.051366    308.848    301.823     0.1164     0.0096     0.1344    462.447   78.04626  -16.41248  24.743382    34.8688    34.8678 0.0000e+00
    309.000     1.6554     1.6558   3.051398   3.051361    309.020    302.050     0.1164     0.0019     0.1346    463.418   78.04626  -16.41246  24.352655    34.8702    34.8693 0.0000e+00
    310.000     1.6550     1.6552   3.051466   3.051413    308.689    302.232     0.1165     0.0064     0.1339    464.389   78.04626  -16.41246  24.736187    34.8710    34.8700 0.0000e+00
    311.000     1.6557     1.6559   3.051606   3.051562    308.946    302.563     0.1165     0.0043     0.1337    465.361   78.04626  -16.41246  24.998042    34.8714    34.8705 0.0000e+00
    312.000     1.6554     1.6559   3.051698   3.051664    309.325    302.335     0.1166    -0.0003     0.1344    466.329   78.04624  -16.41244  25.015129    34.8722    34.8713 0.0000e+00
    313.000     1.6528     1.6531   3.051641   3.051608    308.750    301.516     0.1166     0.0023     0.1339    467.294   78.04624  -16.41244  24.961430    34.8739    34.8731 0.0000e+00
    314.000     1.6556     1.6558   3.052014   3.051969    308.311    301.351     0.1166     0.0095     0.1333    468.256   78.04624  -16.41244  25.045344    34.8749    34.8741 0.0000e+00
    315.000     1.6564     1.6568   3.052202   3.052170    308.232    301.430     0.1166     0.0084     0.1320    469.213   78.04624  -16.41244  25.156879    34.8758    34.8750 0.0000e+00
    316.000     1.6595     1.6596   3.052637   3.052589    308.197    301.123     0.1166     0.0006     0.1309    470.171   78.04624  -16.41242  25.078971    34.8773    34.8766 0.0000e+00
    317.000     1.6642     1.6643   3.053259   3.053214    308.014    300.837     0.1165     0.0079     0.1305    471.127   78.04624  -16.41242  24.654087    34.8795    34.8788 0.0000e+00
    318.000     1.6685     1.6687   3.053773   3.053746    308.031    301.230     0.1165     0.0021     0.1298    472.086   78.04624  -16.41242  24.887954    34.8806    34.8800 0.0000e+00
    319.000     1.6701     1.6702   3.054016   3.053985    308.181    301.653     0.1164     0.0049     0.1301    473.047   78.04624  -16.41242  25.163507    34.8813    34.8808 0.0000e+00
    320.000     1.6750     1.6749   3.054611   3.054567    307.634    301.247     0.1162     0.0093     0.1295    474.009   78.04624  -16.41241  25.340772    34.8828    34.8824 0.0000e+00
    321.000     1.6812     1.6815   3.055333   3.055293    307.804    300.939     0.1161     0.0088     0.1294    474.975   78.04624  -16.41240  25.209966    34.8846    34.8838 0.0000e+00
    322.000     1.6796     1.6805   3.055239   3.055250    308.284    301.252     0.1159     0.0065     0.1293    475.947   78.04624  -16.41240  24.516404    34.8846    34.8838 0.0000e+00
    323.000     1.6772     1.6775   3.055096   3.055061    308.293    301.519     0.1157     0.0011     0.1293    476.920   78.04624  -16.41240  24.801775    34.8849    34.8841 0.0000e+00
    324.000     1.6764     1.6768   3.055115   3.055079    308.996    302.199     0.1155     0.0081     0.1294    477.893   78.04624  -16.41239  24.922684    34.8854    34.8845 0.0000e+00
    325.000     1.6759     1.6763   3.055185   3.055161    309.770    302.520     0.1153    -0.0009     0.1302    478.865   78.04624  -16.41238  24.957510    34.8862    34.8855 0.0000e+00
    326.000     1.6758     1.6761   3.055267   3.055229    309.751    302.339     0.1151     0.0073     0.1295    479.836   78.04624  -16.41238  25.040383    34.8868    34.8860 0.0000e+00
    327.000     1.6762     1.6764   3.055451   3.055411    309.449    302.221     0.1149     0.0117     0.1296    480.805   78.04624  -16.41238  24.965298    34.8881    34.8873 0.0000e+00
    328.000     1.6761     1.6764   3.055556   3.055523    309.515    302.181     0.1146     0.0042     0.1293    481.767   78.04623  -16.41237  24.538220    34.8889    34.8882 0.0000e+00
    329.000     1.6751     1.6755   3.055557   3.055530    309.241    302.111     0.1144    -0.0025     0.1293    482.726   78.04622  -16.41236  24.731848    34.8895    34.8888 0.0000e+00
    330.000     1.6715     1.6719   3.055336   3.055306    308.979    302.083     0.1141     0.0018     0.1293    483.684   78.04622  -16.41236  24.956826    34.8902    34.8893 0.0000e+00
    331.000     1.6699     1.6704   3.055297   3.055258    309.225    302.103     0.1137     0.0069     0.1295    484.640   78.04622  -16.41235  25.127023    34.8908    34.8898 0.0000e+00
    332.000     1.6676     1.6680   3.055164   3.055138    309.707    302.554     0.1133    -0.0016     0.1296    485.598   78.04622  -16.41234  25.208786    34.8911    34.8904 0.0000e+00
    333.000     1.6680     1.6684   3.055332   3.055302    309.659    303.004     0.1128    -0.0015     0.1294    486.557   78.04622  -16.41234  25.126267    34.8922    34.8915 0.0000e+00
    334.000     1.6664     1.6668   3.055308   3.055280    310.373    303.274     0.1123    -0.0019     0.1293    487.518   78.04622  -16.41234  24.824376    34.8931    34.8923 0.0000e+00
    335.000     1.6640     1.6645   3.055156   3.055126    311.154    303.428     0.1118     0.0067     0.1294    488.479   78.04622  -16.41234  24.699114    34.8932    34.8924 0.0000e+00
    336.000     1.6584     1.6589   3.054751   3.054728    311.444    303.724     0.1113     0.0025     0.1297    489.444   78.04622  -16.41232  24.943253    34.8938    34.8929 0.0000e+00
    337.000     1.6550     1.6553   3.054561   3.054530    311.517    303.713     0.1107     0.0045     0.1300    490.414   78.04622  -16.41232  24.964262    34.8946    34.8939 0.0000e+00
    338.000     1.6552     1.6555   3.054652   3.054618    311.495    303.838     0.1101     0.0054     0.1302    491.381   78.04622  -16.41232  24.945763    34.8949    34.8941 0.0000e+00
    339.000     1.6547     1.6550   3.054651   3.054629    311.632    304.140     0.1096    -0.0003     0.1310    492.350   78.04622  -16.41232  24.906665    34.8949    34.8942 0.0000e+00
    340.000     1.6508     1.6513   3.054390   3.054368    311.866    304.293     0.1091    -0.0001     0.1295    493.319   78.04622  -16.41230  24.873611    34.8953    34.8945 0.0000e+00
    341.000     1.6465     1.6468   3.054084   3.054043    311.838    304.049     0.1086     0.0014     0.1296    494.286   78.04622  -16.41230  25.360558    34.8956    34.8947 0.0000e+00
