test_project/cnv_files/Sta0212_bin.cnv
* Sea-Bird SBE 9 Data File:
* FileName = C:\Seabird\CTDDATA\Sta0212.hex
* Software Version Seasave V 7.26.7.107
* Temperature SN = 03-4535
* Conductivity SN = 2860
* Number of Bytes Per Scan = 44
* Number of Voltage Words = 5
* Number of Scans Averaged by the Deck Unit = 1
* NMEA Latitude = 78 49.86 N
* NMEA Longitude = 009 59.97 W
* NMEA UTC (Time) = Sep 05 2019 19:08:12
* NMEA baud rate = 9600
** Ship: "Kronprins Haakon"
** Station: 0212
** Echodepth: 294
** Log: 5932.006
** Wind-Dir Force(m/s): 05 06
** Air-temp (dry): -1.6
** Weather Sky: 1 6
** Sea Ice: 1 4
# nquan = 17
# nvalues = 296                         
# units = specified
# name 0 = prDM: Pressure, Digiquartz [db]
# name 1 = t090C: Temperature [ITS-90, deg C]
# name 2 = t190C: Temperature, 2 [ITS-90, deg C]
# name 3 = c0S/m: Conductivity [S/m]
# name 4 = c1S/m: Conductivity, 2 [S/m]
# name 5 = sbox0Mm/Kg: Oxygen, SBE 43 [umol/kg]
# name 6 = sbox1Mm/Kg: Oxygen, SBE 43, 2 [umol/kg]
# name 7 = wetCDOM: Fluorescence, WET Labs CDOM [mg/m^3]
# name 8 = flECO-AFL: Fluorescence, WET Labs ECO-AFL/FL [mg/m^3]
# name 9 = CStarAt0: Beam Attenuation, WET Labs C-Star [1/m]
# name 10 = timeS: Time, Elapsed [seconds]
# name 11 = latitude: Latitude [deg]
# name 12 = longitude: Longitude [deg]
# name 13 = upoly0: Upoly 0, ISUS
# name 14 = sal00: Salinity, Practical [PSU]
# name 15 = sal11: Salinity, Practical, 2 [PSU]
# name 16 = flag: flag
# span 0 =      3.000,    298.000       
# span 1 =    -1.6961,     1.0989       
# span 2 =    -1.6960,     1.0994       
# span 3 =   2.425054,   2.995932       
# span 4 =   2.424964,   2.995895       
# span 5 =    305.844,    415.570       
# span 6 =    302.229,    414.076       
# span 7 =     0.1138,     0.1770       
# span 8 =     0.0012,     0.8303       
# span 9 =     0.1646,     0.3186       
# span 10 =    155.039,    500.271      
# span 11 =   78.82992,   78.83068      
# span 12 =  -10.00118,  -10.00008      
# span 13 =  12.655233,  25.473936      
# span 14 =    29.9743,    34.7929      
# span 15 =    29.9728,    34.7921      
# span 16 = 0.0000e+00, 0.0000e+00      
# interval = decibars: 1                
# start_time = Sep 05 2019 19:08:12 [NMEA time, header]
# bad_flag = -9.990e-29
*END*
      3.000    -1.2836    -1.2825   2.428652   2.428797    394.571    394.247     0.1542     0.3700     0.2853    155.039   78.83068  -10.00008  13.237712    30.0016    30.0025 0.0000e+00
      4.000    -1.2810    -1.2802   2.429140   2.429233    396.839    394.231     0.1488     0.3568     0.2826    157.288   78.83068  -10.00008  13.597982    30.0051    30.0055 0.0000e+00
      5.000    -1.2802    -1.2800   2.429287   2.429270    397.472    393.787     0.1441     0.3686     0.2815    158.987   78.83068  -10.00008  13.334686    30.0057    30.0052 0.0000e+00
      6.000    -1.2803    -1.2801   2.429328   2.429272    397.745    393.455     0.1397     0.3729     0.2836    160.427   78.83068  -10.00010  12.990678    30.0057    30.0048 0.0000e+00
      7.000    -1.2794    -1.2790   2.429558   2.429539    398.296    394.175     0.1369     0.3717     0.2859    161.695   78.83068  -10.00010  12.899015    30.0074    30.0068 0.0000e+00
      8.000    -1.2931    -1.2900   2.427230   2.427611    398.251    394.948     0.1423     0.3690     0.2852    162.795   78.83068  -10.00010  13.101413    29.9891    29.9911 0.0000e+00
      9.000    -1.3083    -1.3080   2.425054   2.424964    399.326    395.737     0.1428     0.3637     0.2819    163.830   78.83067  -10.00010  12.655233    29.9743    29.9728 0.0000e+00
     10.000    -1.3079    -1.3074   2.425597   2.425836    399.127    395.480     0.1443     0.3543     0.2906    164.865   78.83066  -10.00011  13.183478    29.9807    29.9834 0.0000e+00
     11.000    -1.2981    -1.2980   2.429755   2.429748    399.476    395.670     0.1464     0.3559     0.3086    165.899   78.83066  -10.00012  13.575063    30.0267    30.0264 0.0000e+00
     12.000    -1.2620    -1.2632   2.433154   2.433079    400.531    395.651     0.1489     0.3842     0.2831    166.946   78.83066  -10.00012  12.836208    30.0357    30.0360 0.0000e+00
     13.000    -1.2191    -1.2200   2.439485   2.439394    400.445    395.658     0.1514     0.4129     0.2823    167.988   78.83066  -10.00012  13.961297    30.0777    30.0774 0.0000e+00
     14.000    -1.2456    -1.2484   2.443228   2.443097    401.778    396.953     0.1538     0.4225     0.2832    169.034   78.83066  -10.00012  14.814783    30.1546    30.1556 0.0000e+00
     15.000    -1.2868    -1.2857   2.447405   2.447059    400.974    396.902     0.1558     0.4436     0.2834    170.089   78.83066  -10.00014  15.218388    30.2522    30.2464 0.0000e+00
     16.000    -1.3320    -1.3288   2.451273   2.451215    397.908    396.385     0.1574     0.5052     0.2850    171.155   78.83066  -10.00014  14.835535    30.3500    30.3460 0.0000e+00
     17.000    -1.3192    -1.3187   2.453987   2.454135    397.757    396.607     0.1585     0.5841     0.2894    172.226   78.83066  -10.00014  14.933890    30.3732    30.3748 0.0000e+00
     18.000    -1.3148    -1.3147   2.457902   2.457889    400.994    397.778     0.1594     0.6424     0.2907    173.292   78.83066  -10.00014  14.980177    30.4213    30.4211 0.0000e+00
     19.000    -1.3195    -1.3254   2.455618   2.456886    405.570    400.186     0.1600     0.6574     0.2970    175.554   78.83064  -10.00015  14.501854    30.3946    30.4178 0.0000e+00
     20.000    -1.2995    -1.2880   2.461798   2.466030    404.583    400.668     0.1606     0.7587     0.3037    178.150   78.83064  -10.00016  14.619188    30.4575    30.5031 0.0000e+00
     21.000    -1.0415    -1.0328   2.532672   2.536285    398.042    395.641     0.1612     0.7466     0.3065    179.344   78.83064  -10.00016  14.702773    31.1507    31.1906 0.0000e+00
     22.000    -0.9690    -0.9678   2.566951   2.568441    401.883    397.667     0.1618     0.7708     0.3129    180.376   78.83062  -10.00018  14.260052    31.5379    31.5567 0.0000e+00
     23.000    -0.9819    -0.9815   2.579192   2.579128    408.454    401.383     0.1625     0.8125     0.3186    181.402   78.83062  -10.00018  14.384516    31.7161    31.7148 0.0000e+00
     24.000    -1.0224    -1.0220   2.579514   2.579457    407.444    406.303     0.1630     0.8303     0.3133    182.422   78.83062  -10.00018  14.579593    31.7628    31.7616 0.0000e+00
     25.000    -1.0727    -1.0729   2.578790   2.578691    407.295    411.596     0.1635     0.8065     0.3059    183.464   78.83062  -10.00018  14.787578    31.8056    31.8045 0.0000e+00
     26.000    -1.1551    -1.1563   2.575792   2.575627    410.244    414.076     0.1640     0.7674     0.3015    184.517   78.83062  -10.00019  15.075740    31.8519    31.8509 0.0000e+00
     27.000    -1.2170    -1.2181   2.573358   2.573225    413.312    413.426     0.1643     0.7135     0.2955    185.569   78.83062  -10.00020  15.290348    31.8841    31.8834 0.0000e+00
     28.000    -1.2711    -1.2714   2.570952   2.570865    414.962    411.558     0.1646     0.6484     0.2872    186.621   78.83062  -10.00020  15.452504    31.9084    31.9076 0.0000e+00
     29.000    -1.3042    -1.3047   2.569180   2.569054    415.570    409.154     0.1648     0.5848     0.2792    187.658   78.83062  -10.00020  15.940616    31.9190    31.9178 0.0000e+00
     30.000    -1.3361    -1.3362   2.567563   2.567468    415.369    407.059     0.1650     0.5250     0.2675    188.691   78.83062  -10.00020  16.039110    31.9304    31.9292 0.0000e+00
     31.000    -1.3655    -1.3655   2.566097   2.566022    413.407    404.552     0.1652     0.5100     0.2604    189.716   78.83061  -10.00021  16.605356    31.9412    31.9402 0.0000e+00
     32.000    -1.3804    -1.3802   2.565471   2.565412    411.662    402.298     0.1654     0.4804     0.2595    190.749   78.83060  -10.00022  16.463676    31.9480    31.9471 0.0000e+00
     33.000    -1.4058    -1.4055   2.564664   2.564618    410.504    401.624     0.1658     0.4695     0.2515    191.782   78.83060  -10.00022  16.028259    31.9636    31.9627 0.0000e+00
     34.000    -1.4229    -1.4228   2.565079   2.565098    410.076    401.373     0.1663     0.4195     0.2437    192.817   78.83060  -10.00022  16.081240    31.9871    31.9872 0.0000e+00
     35.000    -1.4395    -1.4396   2.565230   2.565125    409.279    401.111     0.1668     0.3764     0.2351    193.862   78.83060  -10.00022  16.114978    32.0063    32.0050 0.0000e+00
     36.000    -1.4764    -1.4760   2.563014   2.562942    409.047    401.126     0.1672     0.3372     0.2292    194.908   78.83060  -10.00023  16.317814    32.0150    32.0136 0.0000e+00
     37.000    -1.4988    -1.4980   2.561606   2.561573    407.441    399.524     0.1676     0.3541     0.2222    195.957   78.83060  -10.00024  16.842121    32.0191    32.0179 0.0000e+00
     38.000    -1.5256    -1.5262   2.559802   2.559667    405.130    397.885     0.1680     0.3476     0.2185    197.003   78.83059  -10.00024  16.346050    32.0226    32.0213 0.0000e+00
     39.000    -1.5688    -1.5683   2.557159   2.557126    404.603    397.154     0.1684     0.3414     0.2169    198.046   78.83058  -10.00024  16.907971    32.0322    32.0311 0.0000e+00
     40.000    -1.5813    -1.5810   2.557009   2.556969    404.051    396.115     0.1688     0.3734     0.2142    199.085   78.83058  -10.00024  16.916506    32.0429    32.0421 0.0000e+00
     41.000    -1.6016    -1.6009   2.556397   2.556372    404.203    395.912     0.1691     0.3459     0.2114    200.123   78.83058  -10.00026  17.989891    32.0558    32.0547 0.0000e+00
     42.000    -1.6171    -1.6167   2.556354   2.556321    405.097    395.517     0.1695     0.3318     0.2076    201.163   78.83058  -10.00026  17.028869    32.0713    32.0705 0.0000e+00
     43.000    -1.6323    -1.6317   2.555926   2.555886    404.834    394.869     0.1698     0.3080     0.2024    202.201   78.83058  -10.00026  17.656606    32.0812    32.0801 0.0000e+00
     44.000    -1.6421    -1.6419   2.555878   2.555867    403.547    393.852     0.1701     0.2997     0.1997    203.239   78.83058  -10.00026  17.544388    32.0906    32.0902 0.0000e+00
     45.000    -1.6509    -1.6506   2.555986   2.555956    401.947    392.904     0.1705     0.2986     0.1966    204.282   78.83058  -10.00026  17.510261    32.1009    32.1003 0.0000e+00
     46.000    -1.6542    -1.6541   2.556437   2.556414    400.395    391.859     0.1708     0.2839     0.1947    205.318   78.83058  -10.00028  17.546582    32.1101    32.1097 0.0000e+00
     47.000    -1.6548    -1.6547   2.557000   2.556981    398.859    391.302     0.1711     0.2631     0.1944    206.363   78.83058  -10.00028  17.637108    32.1180    32.1176 0.0000e+00
     48.000    -1.6529    -1.6528   2.557781   2.557761    398.088    390.758     0.1714     0.2384     0.1918    207.409   78.83056  -10.00028  18.328547    32.1260    32.1257 0.0000e+00
     49.000    -1.6571    -1.6567   2.558835   2.558816    397.525    390.068     0.1717     0.2223     0.1892    208.450   78.83056  -10.00028  17.370105    32.1446    32.1439 0.0000e+00
     50.000    -1.6625    -1.6623   2.559391   2.559367    396.919    389.218     0.1720     0.2192     0.1886    209.492   78.83056  -10.00028  18.011627    32.1575    32.1569 0.0000e+00
     51.000    -1.6691    -1.6687   2.560134   2.560120    396.680    389.086     0.1723     0.2104     0.1848    210.528   78.83056  -10.00029  17.274038    32.1743    32.1736 0.0000e+00
     52.000    -1.6796    -1.6793   2.561315   2.561308    396.066    389.122     0.1726     0.1945     0.1836    211.565   78.83056  -10.00030  17.191504    32.2014    32.2009 0.0000e+00
     53.000    -1.6875    -1.6872   2.562518   2.562511    395.598    388.515     0.1729     0.1698     0.1823    212.601   78.83056  -10.00030  17.361337    32.2260    32.2255 0.0000e+00
     54.000    -1.6909    -1.6908   2.564168   2.564148    395.076    387.794     0.1732     0.1372     0.1817    213.640   78.83056  -10.00030  18.013418    32.2519    32.2514 0.0000e+00
     55.000    -1.6929    -1.6927   2.565185   2.565171    394.543    387.173     0.1735     0.1265     0.1803    214.685   78.83056  -10.00030  18.618627    32.2675    32.2671 0.0000e+00
     56.000    -1.6942    -1.6941   2.566197   2.566207    393.611    386.645     0.1738     0.1253     0.1800    215.729   78.83056  -10.00031  18.560921    32.2823    32.2823 0.0000e+00
     57.000    -1.6957    -1.6956   2.567703   2.567741    392.803    385.525     0.1740     0.1178     0.1789    216.775   78.83055  -10.00032  18.215998    32.3041    32.3045 0.0000e+00
     58.000    -1.6961    -1.6960   2.568284   2.568271    392.057    385.085     0.1743     0.1038     0.1773    217.820   78.83054  -10.00032  18.339550    32.3120    32.3117 0.0000e+00
     59.000    -1.6946    -1.6947   2.569989   2.569969    391.386    385.119     0.1746     0.0978     0.1760    218.866   78.83054  -10.00032  18.027779    32.3333    32.3332 0.0000e+00
     60.000    -1.6795    -1.6797   2.574294   2.574266    391.607    384.830     0.1749     0.0974     0.1746    219.908   78.83054  -10.00032  17.455668    32.3757    32.3756 0.0000e+00
     61.000    -1.6734    -1.6743   2.577390   2.577347    391.874    384.812     0.1751     0.0916     0.1734    220.949   78.83054  -10.00032  17.898992    32.4113    32.4116 0.0000e+00
     62.000    -1.6523    -1.6529   2.581370   2.581309    391.560    384.428     0.1754     0.1001     0.1717    221.975   78.83054  -10.00033  18.364180    32.4426    32.4424 0.0000e+00
     63.000    -1.6106    -1.6139   2.586405   2.586268    389.867    383.047     0.1756     0.0881     0.1710    223.005   78.83054  -10.00034  18.436830    32.4660    32.4676 0.0000e+00
     64.000    -1.5284    -1.5300   2.594708   2.594756    386.748    381.155     0.1759     0.0931     0.1715    224.045   78.83052  -10.00034  18.431851    32.4900    32.4924 0.0000e+00
     65.000    -1.4589    -1.4607   2.601765   2.601642    386.332    380.068     0.1761     0.1021     0.1726    225.088   78.83052  -10.00034  18.415512    32.5106    32.5110 0.0000e+00
     66.000    -1.4374    -1.4383   2.604195   2.604100    385.447    379.593     0.1763     0.1117     0.1719    226.135   78.83052  -10.00034  18.547646    32.5199    32.5197 0.0000e+00
     67.000    -1.4146    -1.4185   2.606784   2.606389    382.234    378.627     0.1765     0.1333     0.1716    227.186   78.83052  -10.00036  18.732126    32.5301    32.5289 0.0000e+00
     68.000    -1.4053    -1.4042   2.608524   2.608595    378.002    377.999     0.1766     0.1502     0.1754    228.240   78.83052  -10.00036  18.572358    32.5431    32.5429 0.0000e+00
     69.000    -1.5201    -1.5127   2.602900   2.603026    378.232    378.718     0.1768     0.1578     0.1792    229.294   78.83052  -10.00036  18.249483    32.5907    32.5843 0.0000e+00
     70.000    -1.5543    -1.5548   2.601952   2.601906    377.025    377.257     0.1769     0.1401     0.1821    230.346   78.83052  -10.00036  18.756025    32.6145    32.6145 0.0000e+00
     71.000    -1.5429    -1.5429   2.604088   2.604030    374.977    375.301     0.1769     0.1096     0.1803    231.380   78.83052  -10.00036  18.640298    32.6309    32.6300 0.0000e+00
     72.000    -1.5775    -1.5761   2.602761   2.602745    379.476    375.710     0.1770     0.0950     0.1811    232.409   78.83052  -10.00036  19.169589    32.6499    32.6481 0.0000e+00
     73.000    -1.5842    -1.5843   2.603950   2.603869    381.853    374.695     0.1770     0.0814     0.1809    233.437   78.83052  -10.00038  19.049158    32.6730    32.6721 0.0000e+00
     74.000    -1.5752    -1.5752   2.606844   2.606815    381.392    373.550     0.1770     0.0593     0.1792    234.459   78.83050  -10.00038  18.765589    32.7025    32.7021 0.0000e+00
     75.000    -1.5752    -1.5751   2.608767   2.608696    380.761    373.483     0.1770     0.0567     0.1786    235.493   78.83050  -10.00038  18.606468    32.7284    32.7273 0.0000e+00
     76.000    -1.5714    -1.5712   2.609389   2.609375    380.371    373.233     0.1769     0.0702     0.1769    236.523   78.83050  -10.00038  18.579286    32.7322    32.7318 0.0000e+00
     77.000    -1.5568    -1.5578   2.612966   2.612827    378.448    372.442     0.1769     0.0808     0.1751    237.561   78.83050  -10.00038  18.423264    32.7648    32.7640 0.0000e+00
     78.000    -1.5295    -1.5315   2.617450   2.617195    377.397    371.974     0.1767     0.0682     0.1749    238.608   78.83050  -10.00039  18.308023    32.7959    32.7946 0.0000e+00
     79.000    -1.5028    -1.5031   2.624165   2.624068    377.973    371.975     0.1766     0.0619     0.1730    239.650   78.83050  -10.00040  19.096225    32.8584    32.8575 0.0000e+00
     80.000    -1.4943    -1.4951   2.626109   2.626002    378.294    372.148     0.1764     0.0677     0.1733    240.691   78.83050  -10.00040  19.028035    32.8752    32.8746 0.0000e+00
     81.000    -1.4835    -1.4829   2.629326   2.629278    376.222    370.986     0.1761     0.0683     0.1704    241.730   78.83050  -10.00040  19.609706    32.9069    32.9056 0.0000e+00
     82.000    -1.4957    -1.4964   2.629769   2.629672    373.592    369.824     0.1759     0.0685     0.1695    242.773   78.83050  -10.00040  18.648232    32.9259    32.9253 0.0000e+00
     83.000    -1.5265    -1.5255   2.629601   2.629573    371.774    368.760     0.1756     0.0740     0.1690    243.813   78.83049  -10.00040  19.073506    32.9571    32.9556 0.0000e+00
     84.000    -1.5315    -1.5314   2.631573   2.631512    369.810    367.068     0.1753     0.0529     0.1687    244.847   78.83048  -10.00041  19.208838    32.9892    32.9882 0.0000e+00
     85.000    -1.5284    -1.5288   2.633680   2.633560    368.993    365.756     0.1749     0.0512     0.1678    245.884   78.83048  -10.00042  19.221315    33.0142    33.0130 0.0000e+00
     86.000    -1.5072    -1.5076   2.639566   2.639463    370.349    365.465     0.1746     0.0579     0.1682    246.921   78.83048  -10.00042  19.018899    33.0712    33.0702 0.0000e+00
     87.000    -1.4910    -1.4921   2.643116   2.642943    371.261    365.602     0.1742     0.0461     0.1672    247.962   78.83048  -10.00042  18.646546    33.1015    33.1003 0.0000e+00
