test_project/cnv_files/sta0240_bin.cnv
* Sea-Bird SBE 9 Data File:
* FileName = C:\Seabird\CTDDATA\Sta0240.hex
* Software Version Seasave V 7.26.7.107
* Temperature SN = 03-4535
* Conductivity SN = 2860
* Number of Bytes Per Scan = 44
* Number of Voltage Words = 5
* Number of Scans Averaged by the Deck Unit = 1
* NMEA Latitude = 78 49.99 N
* NMEA Longitude = 000 59.93 E
* NMEA UTC (Time) = Sep 13 2019 23:28:06
* NMEA baud rate = 9600
** Ship: "Kronprins Haakon"
** Station: 0240
** Echodepth: 2434
** Log: 6439.402
** Wind-Dir Force(m/s): 13 12
** Air-temp (dry): 4.8
** Weather Sky: 4 9
** Sea Ice: 4 0
# nquan = 16
# nvalues = 2464                        
# units = specified
# name 0 = prDM: Pressure, Digiquartz [db]
# name 1 = t090C: Temperature [ITS-90, deg C]
# name 2 = t190C: Temperature, 2 [ITS-90, deg C]
# name 3 = c0S/m: Conductivity [S/m]
# name 4 = c1S/m: Conductivity, 2 [S/m]
# name 5 = sbox0Mm/Kg: Oxygen, SBE 43 [umol/kg]
# name 6 = sbox1Mm/Kg: Oxygen, SBE 43, 2 [umol/kg]
# name 7 = wetCDOM: Fluorescence, WET Labs CDOM [mg/m^3]
# name 8 = flECO-AFL: Fluorescence, WET Labs ECO-AFL/FL [mg/m^3]
# name 9 = CStarAt0: Beam Attenuation, WET Labs C-Star [1/m]
# name 10 = timeS: Time, Elapsed [seconds]
# name 11 = latitude: Latitude [deg]
# name 12 = longitude: Longitude [deg]
# name 13 = sal00: Salinity, Practical [PSU]
# name 14 = sal11: Salinity, Practical, 2 [PSU]
# name 15 = flag: flag
# span 0 =      2.000,   2465.000       
# span 1 =    -0.7424,     5.3237       
# span 2 =    -0.7421,     5.3232       
# span 3 =   2.910989,   3.368689       
# span 4 =   2.911033,   3.368609       
# span 5 =    304.014,    336.702       
# span 6 =    299.181,    326.243       
# span 7 =     0.0981,     0.1334       
# span 8 =    -0.0052,     2.3774       
# span 9 =     0.1221,     0.5041       
# span 10 =    152.110,   2558.327      
# span 11 =   78.83328,   78.83332      
# span 12 =    0.99898,    0.99912      
# span 13 =    34.1359,    35.0296      
# span 14 =    34.1338,    35.0294      
# span 15 = 0.0000e+00, 0.0000e+00      
# interval = decibars: 1                
# start_time = Sep 13 2019 23:28:06 [NMEA time, header]
# bad_flag = -9.990e-29
*END*
[from data line 362]
    364.000     1.3877     1.3872   3.036023   3.036002    325.908    317.186     0.1080     0.0028     0.1365    515.480   78.83330    0.99904    34.9399    34.9402 0.0000e+00
    365.000     1.3840     1.3836   3.035755   3.035748    325.666    317.032     0.1080     0.0023     0.1362    516.456   78.83330    0.99904    34.9401    34.9404 0.0000e+00
    366.000     1.3782     1.3779   3.035285   3.035276    325.215    317.009     0.1079     0.0024     0.1356    517.431   78.83330    0.99904    34.9398    34.9401 0.0000e+00
    367.000     1.3714     1.3710   3.034710   3.034679    324.761    316.967     0.1079     0.0075     0.1355    518.402   78.83330    0.99904    34.9396    34.9396 0.0000e+00
    368.000     1.3628     1.3626   3.033964   3.033981    324.251    317.059     0.1078     0.0055     0.1354    519.375   78.83330    0.99904    34.9390    34.9394 0.0000e+00
    369.000     1.3555     1.3557   3.033349   3.033364    323.781    316.933     0.1077     0.0055     0.1350    520.344   78.83330    0.99904    34.9387    34.9387 0.0000e+00
    370.000     1.3518     1.3513   3.033031   3.033031    323.842    316.874     0.1076     0.0119     0.1349    521.293   78.83330    0.99904    34.9382    34.9388 0.0000e+00
    371.000     1.3488     1.3483   3.032811   3.032776    323.946    316.695     0.1074     0.0140     0.1348    522.242   78.83328    0.99904    34.9382    34.9383 0.0000e+00
    372.000     1.3442     1.3437   3.032460   3.032449    324.456    316.334     0.1072     0.0029     0.1347    523.193   78.83328    0.99904    34.9382    34.9386 0.0000e+00
    373.000     1.3398     1.3397   3.032121   3.032131    324.569    316.337     0.1070     0.0026     0.1351    524.158   78.83328    0.99904    34.9382    34.9385 0.0000e+00
    374.000     1.3361     1.3357   3.031841   3.031838    324.438    316.642     0.1067     0.0087     0.1347    525.129   78.83330    0.99904    34.9381    34.9386 0.0000e+00
    375.000     1.3351     1.3348   3.031798   3.031799    324.088    316.768     0.1064     0.0096     0.1346    526.114   78.83330    0.99904    34.9381    34.9385 0.0000e+00
    376.000     1.3332     1.3331   3.031677   3.031706    324.141    317.037     0.1061     0.0049     0.1348    527.092   78.83330    0.99904    34.9381    34.9385 0.0000e+00
    377.000     1.3283     1.3279   3.031270   3.031263    323.989    316.992     0.1057     0.0061     0.1351    528.058   78.83330    0.99904    34.9378    34.9381 0.0000e+00
    378.000     1.3249     1.3246   3.031019   3.031005    323.895    316.748     0.1054     0.0067     0.1357    529.013   78.83330    0.99904    34.9378    34.9380 0.0000e+00
    379.000     1.3149     1.3152   3.030186   3.030215    323.878    316.899     0.1050     0.0023     0.1348    529.969   78.83330    0.99904    34.9377    34.9377 0.0000e+00
    380.000     1.2943     1.2944   3.028345   3.028337    323.999    316.779     0.1047     0.0023     0.1349    530.928   78.83330    0.99904    34.9366    34.9364 0.0000e+00
    381.000     1.2870     1.2867   3.027718   3.027725    323.603    316.775     0.1045     0.0023     0.1352    531.902   78.83329    0.99904    34.9361    34.9365 0.0000e+00
    382.000     1.2781     1.2784   3.026958   3.026997    323.113    316.512     0.1042     0.0023     0.1348    532.878   78.83328    0.99904    34.9357    34.9358 0.0000e+00
    383.000     1.2712     1.2712   3.026386   3.026400    323.734    316.422     0.1041     0.0024     0.1348    533.854   78.83328    0.99905    34.9355    34.9356 0.0000e+00
    384.000     1.2551     1.2554   3.024967   3.024972    324.332    316.542     0.1040     0.0078     0.1348    534.817   78.83329    0.99905    34.9347    34.9344 0.0000e+00
    385.000     1.2399     1.2387   3.023633   3.023469    324.231    316.404     0.1039     0.0096     0.1347    535.772   78.83330    0.99904    34.9340    34.9333 0.0000e+00
    386.000     1.2130     1.2133   3.021259   3.021283    324.137    316.510     0.1039     0.0061     0.1343    536.720   78.83330    0.99904    34.9329    34.9330 0.0000e+00
    387.000     1.2116     1.2112   3.021162   3.021161    324.045    316.288     0.1038     0.0023     0.1344    537.671   78.83330    0.99904    34.9327    34.9332 0.0000e+00
    388.000     1.2122     1.2118   3.021268   3.021257    323.631    316.262     0.1038     0.0020     0.1341    538.636   78.83330    0.99904    34.9328    34.9332 0.0000e+00
    389.000     1.2123     1.2119   3.021343   3.021332    324.162    316.230     0.1039     0.0023     0.1339    539.609   78.83330    0.99904    34.9331    34.9334 0.0000e+00
    390.000     1.2126     1.2122   3.021417   3.021417    324.430    316.130     0.1039     0.0027     0.1342    540.581   78.83330    0.99904    34.9331    34.9335 0.0000e+00
    391.000     1.2127     1.2123   3.021488   3.021470    324.009    316.087     0.1039     0.0087     0.1334    541.544   78.83330    0.99904    34.9333    34.9336 0.0000e+00
    392.000     1.2122     1.2117   3.021487   3.021486    323.453    316.434     0.1039     0.0037     0.1329    542.504   78.83330    0.99904    34.9333    34.9338 0.0000e+00
    393.000     1.2118     1.2115   3.021530   3.021535    323.191    316.576     0.1039     0.0023     0.1339    543.459   78.83328    0.99904    34.9337    34.9341 0.0000e+00
    394.000     1.2114     1.2111   3.021552   3.021549    322.958    316.216     0.1040     0.0023     0.1338    544.422   78.83328    0.99904    34.9338    34.9342 0.0000e+00
    395.000     1.2075     1.2074   3.021262   3.021265    322.889    316.205     0.1040     0.0023     0.1335    545.391   78.83328    0.99904    34.9339    34.9341 0.0000e+00
    396.000     1.2027     1.2025   3.020898   3.020899    323.091    316.427     0.1040     0.0049     0.1328    546.375   78.83330    0.99904    34.9340    34.9343 0.0000e+00
    397.000     1.2028     1.2026   3.020990   3.021034    322.680    316.305     0.1040     0.0096     0.1343    547.357   78.83330    0.99904    34.9345    34.9353 0.0000e+00
    398.000     1.2058     1.2058   3.021368   3.021399    322.888    316.100     0.1040     0.0096     0.1336    548.317   78.83330    0.99904    34.9354    34.9358 0.0000e+00
    399.000     1.2054     1.2051   3.021395   3.021402    323.371    316.354     0.1041     0.0093     0.1341    549.258   78.83330    0.99904    34.9357    34.9361 0.0000e+00
    400.000     1.2051     1.2048   3.021420   3.021409    323.323    316.498     0.1041     0.0033     0.1335    550.202   78.83330    0.99904    34.9357    34.9360 0.0000e+00
    401.000     1.2047     1.2044   3.021419   3.021427    323.341    316.395     0.1042     0.0023     0.1336    551.152   78.83330    0.99904    34.9356    34.9360 0.0000e+00
    402.000     1.2035     1.2032   3.021366   3.021366    323.369    316.622     0.1044     0.0023     0.1333    552.119   78.83328    0.99904    34.9357    34.9360 0.0000e+00
    403.000     1.2012     1.2008   3.021204   3.021201    322.957    316.685     0.1045     0.0023     0.1335    553.094   78.83328    0.99904    34.9356    34.9359 0.0000e+00
    404.000     1.1930     1.1931   3.020509   3.020512    323.183    316.741     0.1047     0.0051     0.1340    554.069   78.83328    0.99904    34.9352    34.9352 0.0000e+00
    405.000     1.1877     1.1873   3.020090   3.020081    323.615    316.574     0.1050     0.0076     0.1346    555.050   78.83330    0.99904    34.9352    34.9355 0.0000e+00
    406.000     1.1813     1.1816   3.019603   3.019614    323.472    316.433     0.1052     0.0024     0.1334    556.024   78.83330    0.99904    34.9354    34.9353 0.0000e+00
    407.000     1.1688     1.1689   3.018524   3.018538    323.714    316.846     0.1055     0.0030     0.1332    556.987   78.83330    0.99904    34.9350    34.9350 0.0000e+00
    408.000     1.1633     1.1631   3.018082   3.018089    323.300    316.786     0.1058     0.0089     0.1328    557.931   78.83330    0.99903    34.9349    34.9352 0.0000e+00
    409.000     1.1546     1.1553   3.017338   3.017363    323.214    316.464     0.1062     0.0036     0.1333    558.875   78.83330    0.99903    34.9345    34.9341 0.0000e+00
    410.000     1.1364     1.1362   3.015729   3.015724    323.833    316.811     0.1065     0.0075     0.1337    559.831   78.83330    0.99904    34.9336    34.9338 0.0000e+00
    411.000     1.1360     1.1356   3.015762   3.015763    323.878    316.314     0.1067     0.0055     0.1335    560.798   78.83330    0.99904    34.9338    34.9343 0.0000e+00
    412.000     1.1386     1.1380   3.016076   3.016041    323.808    316.022     0.1070     0.0023     0.1336    561.769   78.83329    0.99904    34.9344    34.9346 0.0000e+00
    413.000     1.1369     1.1369   3.015981   3.016002    323.938    316.400     0.1073     0.0048     0.1334    562.735   78.83328    0.99904    34.9346    34.9348 0.0000e+00
    414.000     1.1346     1.1334   3.015821   3.015720    324.111    316.349     0.1075     0.0081     0.1335    563.702   78.83329    0.99904    34.9345    34.9345 0.0000e+00
    415.000     1.1169     1.1184   3.014343   3.014442    324.149    316.480     0.1078     0.0025     0.1354    564.659   78.83330    0.99903    34.9347    34.9342 0.0000e+00
    416.000     1.1125     1.1118   3.013996   3.013959    323.256    316.698     0.1080     0.0023     0.1358    565.624   78.83330    0.99902    34.9346    34.9349 0.0000e+00
    417.000     1.1099     1.1089   3.013808   3.013723    322.916    316.298     0.1082     0.0025     0.1333    566.597   78.83330    0.99902    34.9344    34.9345 0.0000e+00
    418.000     1.1053     1.1053   3.013458   3.013476    323.526    316.578     0.1084     0.0082     0.1333    567.562   78.83330    0.99902    34.9345    34.9347 0.0000e+00
    419.000     1.1047     1.1043   3.013447   3.013445    323.555    316.630     0.1087     0.0096     0.1337    568.525   78.83330    0.99902    34.9345    34.9349 0.0000e+00
    420.000     1.1045     1.1046   3.013482   3.013518    324.125    316.404     0.1089     0.0096     0.1336    569.481   78.83330    0.99902    34.9346    34.9349 0.0000e+00
    421.000     1.1026     1.1030   3.013360   3.013400    324.327    316.503     0.1091     0.0065     0.1335    570.442   78.83330    0.99902    34.9345    34.9346 0.0000e+00
    422.000     1.0934     1.0937   3.012564   3.012561    324.261    316.730     0.1093     0.0046     0.1341    571.401   78.83330    0.99902    34.9340    34.9336 0.0000e+00
    423.000     1.0738     1.0748   3.010791   3.010865    324.050    316.514     0.1095     0.0082     0.1338    572.347   78.83330    0.99902    34.9325    34.9323 0.0000e+00
    424.000     1.0638     1.0636   3.009907   3.009900    323.540    316.299     0.1097     0.0031     0.1337    573.293   78.83328    0.99904    34.9318    34.9318 0.0000e+00
    425.000     1.0598     1.0596   3.009590   3.009584    323.384    316.249     0.1099     0.0088     0.1338    574.250   78.83328    0.99904    34.9315    34.9317 0.0000e+00
    426.000     1.0500     1.0513   3.008715   3.008834    323.563    316.532     0.1101     0.0036     0.1334    575.226   78.83330    0.99904    34.9307    34.9308 0.0000e+00
    427.000     1.0437     1.0430   3.008194   3.008138    324.000    316.534     0.1103     0.0076     0.1334    576.221   78.83330    0.99902    34.9305    34.9305 0.0000e+00
    428.000     1.0380     1.0386   3.007727   3.007797    323.975    316.581     0.1105     0.0049     0.1331    577.212   78.83330    0.99902    34.9302    34.9305 0.0000e+00
    429.000     1.0272     1.0265   3.006765   3.006695    323.697    316.308     0.1108     0.0024     0.1331    578.179   78.83330    0.99902    34.9293    34.9292 0.0000e+00
    430.000     1.0275     1.0273   3.006856   3.006866    323.191    316.104     0.1111     0.0025     0.1388    579.128   78.83330    0.99902    34.9295    34.9299 0.0000e+00
    431.000     1.0169     1.0173   3.005948   3.005962    322.955    316.368     0.1113     0.0043     0.1341    580.071   78.83330    0.99902    34.9292    34.9289 0.0000e+00
    432.000     1.0098     1.0095   3.005356   3.005341    323.774    316.668     0.1116     0.0094     0.1325    581.028   78.83330    0.99902    34.9288    34.9290 0.0000e+00
    433.000     1.0056     1.0051   3.005018   3.004994    323.504    316.213     0.1119     0.0089     0.1322    582.012   78.83330    0.99902    34.9287    34.9288 0.0000e+00
    434.000     1.0006     0.9992   3.004659   3.004527    323.359    316.228     0.1122     0.0031     0.1327    583.011   78.83329    0.99902    34.9290    34.9289 0.0000e+00
    435.000     0.9869     0.9849   3.003447   3.003192    323.858    316.368     0.1126     0.0084     0.1318    584.007   78.83329    0.99902    34.9281    34.9272 0.0000e+00
    436.000     0.9630     0.9617   3.001274   3.001179    323.938    316.772     0.1129     0.0038     0.1319    584.997   78.83330    0.99902    34.9263    34.9265 0.0000e+00
    437.000     0.9540     0.9549   3.000475   3.000545    323.597    316.369     0.1133     0.0023     0.1318    585.967   78.83330    0.99902    34.9254    34.9253 0.0000e+00
    438.000     0.9442     0.9447   2.999592   2.999667    323.438    316.338     0.1137     0.0023     0.1324    586.919   78.83330    0.99902    34.9245    34.9249 0.0000e+00
    439.000     0.9280     0.9282   2.998143   2.998102    323.622    316.386     0.1141    -0.0009     0.1315    587.874   78.83330    0.99902    34.9234    34.9226 0.0000e+00
    440.000     0.9103     0.9098   2.996562   2.996525    324.252    316.144     0.1144    -0.0027     0.1315    588.842   78.83330    0.99902    34.9221    34.9223 0.0000e+00
    441.000     0.9039     0.9036   2.996019   2.995997    323.748    315.673     0.1148     0.0021     0.1313    589.818   78.83330    0.99902    34.9218    34.9218 0.0000e+00
    442.000     0.8979     0.8980   2.995524   2.995539    323.590    315.556     0.1152     0.0023     0.1310    590.796   78.83330    0.99902    34.9215    34.9216 0.0000e+00
    443.000     0.8894     0.8895   2.994789   2.994798    323.868    315.425     0.1155     0.0030     0.1307    591.774   78.83330    0.99902    34.9210    34.9209 0.0000e+00
    444.000     0.8644     0.8663   2.992571   2.992681    323.512    315.530     0.1157     0.0152     0.1310    592.757   78.83330    0.99902    34.9197    34.9189 0.0000e+00
    445.000     0.8258     0.8263   2.989120   2.989118    323.019    315.674     0.1160     0.0109     0.1305    593.739   78.83330    0.99902    34.9178    34.9172 0.0000e+00
    446.000     0.8078     0.8080   2.987489   2.987506    322.532    315.467     0.1162     0.0043     0.1309    594.722   78.83330    0.99902    34.9163    34.9162 0.0000e+00
    447.000     0.8029     0.8021   2.987093   2.987038    322.742    315.376     0.1163     0.0026     0.1305    595.701   78.83330    0.99902    34.9160    34.9162 0.0000e+00
    448.000     0.8122     0.8113   2.987999   2.987997    323.526    315.080     0.1164     0.0061     0.1298    596.679   78.83330    0.99902    34.9168    34.9177 0.0000e+00
    449.000     0.8158     0.8154   2.988428   2.988434    323.484    315.165     0.1165     0.0070     0.1293    597.644   78.83330    0.99902    34.9177    34.9182 0.0000e+00
    450.000     0.8077     0.8052   2.987743   2.987467    323.944    315.264     0.1165     0.0043     0.1290    598.605   78.83330    0.99902    34.9173    34.9165 0.0000e+00
    451.000     0.7745     0.7770   2.984701   2.984933    323.865    315.639     0.1165     0.0082     0.1294    599.566   78.83330    0.99901    34.9146    34.9148 0.0000e+00
    452.000     0.7629     0.7629   2.983641   2.983657    322.981    315.274     0.1165     0.0026     0.1290    600.538   78.83330    0.99900    34.9133    34.9135 0.0000e+00
