test_project/cnv_files/sta0249_bin.cnv
* Sea-Bird SBE 9 Data File:
* FileName = C:\Seabird\CTDDATA\Sta0249.hex
* Software Version Seasave V 7.26.7.107
* Temperature SN = 03-4535
* Conductivity SN = 2860
* Number of Bytes Per Scan = 44
* Number of Voltage Words = 5
* Number of Scans Averaged by the Deck Unit = 1
* NMEA Latitude = 78 50.00 N
* NMEA Longitude = 007 59.96 E
* NMEA UTC (Time) = Sep 14 2019 22:59:25
* NMEA baud rate = 9600
** Ship: "Kronprins Haakon"
** Station: 0249
** Echodepth: 1008
** Log: 6521.449
** Wind-Dir Force(m/s): 05 12
** Air-temp (dry): 7.5
** Weather Sky: 0 5
** Sea Ice: 4 0
# nquan = 16
# nvalues = 1011                        
# units = specified
# name 0 = prDM: Pressure, Digiquartz [db]
# name 1 = t090C: Temperature [ITS-90, deg C]
# name 2 = t190C: Temperature, 2 [ITS-90, deg C]
# name 3 = c0S/m: Conductivity [S/m]
# name 4 = c1S/m: Conductivity, 2 [S/m]
# name 5 = sbox0Mm/Kg: Oxygen, SBE 43 [umol/kg]
# name 6 = sbox1Mm/Kg: Oxygen, SBE 43, 2 [umol/kg]
# name 7 = wetCDOM: Fluorescence, WET Labs CDOM [mg/m^3]
# name 8 = flECO-AFL: Fluorescence, WET Labs ECO-AFL/FL [mg/m^3]
# name 9 = CStarAt0: Beam Attenuation, WET Labs C-Star [1/m]
# name 10 = timeS: Time, Elapsed [seconds]
# name 11 = latitude: Latitude [deg]
# name 12 = longitude: Longitude [deg]
# name 13 = sal00: Salinity, Practical [PSU]
# name 14 = sal11: Salinity, Practical, 2 [PSU]
# name 15 = flag: flag
# span 0 =      1.000,   1011.000       
# span 1 =    -0.5509,     6.7115       
# span 2 =    -0.5500,     6.7106       
# span 3 =   2.895402,   3.491252       
# span 4 =   2.895478,   3.491158       
# span 5 =    299.691,    328.760       
# span 6 =    290.928,    320.538       
# span 7 =     0.1035,     0.1279       
# span 8 =    -0.0099,     2.3624       
# span 9 =     0.1354,     0.5093       
# span 10 =    147.324,   1144.768      
# span 11 =   78.83336,   78.83340      
# span 12 =    7.99948,    7.99956      
# span 13 =    34.8595,    35.0505      
# span 14 =    34.8594,    35.0505      
# span 15 = 0.0000e+00, 0.0000e+00      
# interval = decibars: 1                
# start_time = Sep 14 2019 22:59:25 [NMEA time, header]
# bad_flag = -9.990e-29
*END*
[from data line 995]
    996.000    -0.2812    -0.2814   2.918098   2.918126    321.838    314.319     0.1251     0.0090     0.1407   1121.700   78.83336    7.99952    34.9157    34.9162 0.0000e+00
    997.000    -0.2885    -0.2866   2.917521   2.917687    321.271    313.929     0.1254     0.0029     0.1419   1122.664   78.83337    7.99952    34.9157    34.9158 0.0000e+00
    998.000    -0.2992    -0.2985   2.916637   2.916741    320.449    313.797     0.1255     0.0023     0.1422   1123.624   78.83338    7.99952    34.9156    34.9162 0.0000e+00
    999.000    -0.3044    -0.3048   2.916232   2.916238    319.789    313.502     0.1254     0.0023     0.1419   1124.582   78.83338    7.99952    34.9155    34.9160 0.0000e+00
   1000.000    -0.3137    -0.3122   2.915457   2.915600    319.511    312.901     0.1251     0.0023     0.1422   1125.554   78.83338    7.99952    34.9152    34.9154 0.0000e+00
   1001.000    -0.3324    -0.3302   2.913887   2.914060    319.621    312.495     0.1246     0.0020     0.1422   1126.540   78.83338    7.99952    34.9150    34.9148 0.0000e+00
   1002.000    -0.3439    -0.3444   2.912931   2.912892    318.549    311.980     0.1240     0.0081     0.1427   1127.533   78.83338    7.99952    34.9148    34.9148 0.0000e+00
   1003.000    -0.3607    -0.3605   2.911533   2.911543    318.464    311.763     0.1234     0.0143     0.1433   1128.524   78.83338    7.99952    34.9147    34.9146 0.0000e+00
   1004.000    -0.3773    -0.3771   2.910145   2.910182    319.153    312.107     0.1228     0.0096     0.1440   1129.501   78.83338    7.99952    34.9145    34.9148 0.0000e+00
   1005.000    -0.3922    -0.3922   2.908905   2.908890    319.226    312.236     0.1225     0.0079     0.1434   1130.470   78.83338    7.99952    34.9144    34.9142 0.0000e+00
   1006.000    -0.4138    -0.4135   2.907086   2.907119    319.634    312.265     0.1225    -0.0039     0.1439   1131.438   78.83338    7.99952    34.9142    34.9142 0.0000e+00
   1007.000    -0.4303    -0.4300   2.905706   2.905724    319.597    311.999     0.1216     0.0019     0.1442   1132.420   78.83338    7.99952    34.9140    34.9139 0.0000e+00
   1008.000    -0.4615    -0.4618   2.903128   2.903030    319.440    311.231     0.1201     0.0124     0.1457   1133.821   78.83338    7.99952    34.9146    34.9136 0.0000e+00
   1009.000    -0.4373    -0.4531   2.905054   2.903672    315.911    310.241     0.1191     0.0106     0.1475   1138.668   78.83338    7.99952    34.9121    34.9117 0.0000e+00
   1010.000    -0.5140    -0.5146   2.898594   2.898570    313.869    309.723     0.1270     0.0068     0.1509   1141.973   78.83338    7.99952    34.9127    34.9131 0.0000e+00
   1011.000    -0.5509    -0.5500   2.895402   2.895478    315.356    308.887     0.1279     0.0065     0.1576   1144.768   78.83338    7.99952    34.9116    34.9115 0.0000e+00
