test_project/cnv_files/Sta0237_bin.cnv
* Sea-Bird SBE 9 Data File:
* FileName = C:\Seabird\CTDDATA\Sta0237.hex
* Software Version Seasave V 7.26.7.107
* Temperature SN = 03-4535
* Conductivity SN = 2860
* Number of Bytes Per Scan = 44
* Number of Voltage Words = 5
* Number of Scans Averaged by the Deck Unit = 1
* NMEA Latitude = 78 50.19 N
* NMEA Longitude = 004 59.44 W
* NMEA UTC (Time) = Sep 11 2019 12:40:38
* NMEA baud rate = 9600
** Ship: "Kronprins Haakon"
** Station: 0237
** Echodepth: 1022
** Log: 6312.532
** Wind-Dir Force(m/s): 20 25
** Air-temp (dry): -1.5
** Weather Sky: 8 8
** Sea Ice: 4 4
# nquan = 17
# nvalues = 981                         
# units = specified
# name 0 = prDM: Pressure, Digiquartz [db]
# name 1 = t090C: Temperature [ITS-90, deg C]
# name 2 = t190C: Temperature, 2 [ITS-90, deg C]
# name 3 = c0S/m: Conductivity [S/m]
# name 4 = c1S/m: Conductivity, 2 [S/m]
# name 5 = sbox0Mm/Kg: Oxygen, SBE 43 [umol/kg]
# name 6 = sbox1Mm/Kg: Oxygen, SBE 43, 2 [umol/kg]
# name 7 = wetCDOM: Fluorescence, WET Labs CDOM [mg/m^3]
# name 8 = flECO-AFL: Fluorescence, WET Labs ECO-AFL/FL [mg/m^3]
# name 9 = CStarAt0: Beam Attenuation, WET Labs C-Star [1/m]
# name 10 = timeS: Time, Elapsed [seconds]
# name 11 = latitude: Latitude [deg]
# name 12 = longitude: Longitude [deg]
# name 13 = upoly0: Upoly 0, ISUS
# name 14 = sal00: Salinity, Practical [PSU]
# name 15 = sal11: Salinity, Practical, 2 [PSU]
# name 16 = flag: flag
# span 0 =      1.000,    981.000       
# span 1 =    -1.6863,     1.0833       
# span 2 =    -1.6869,     1.0823       
# span 3 =   2.390321,   2.994782       
# span 4 =   2.390442,   2.994732       
# span 5 =    306.180,    420.312       
# span 6 =    299.902,    411.483       
# span 7 =     0.1206,     0.1955       
# span 8 =     0.0002,     0.7654       
# span 9 =     0.1212,     0.2775       
# span 10 =    268.777,   1261.995      
# span 11 =   78.83554,   78.83626      
# span 12 =   -4.98569,   -4.96731      
# span 13 =  11.384199,  24.596830      
# span 14 =    29.6893,    34.8931      
# span 15 =    29.6902,    34.8938      
# span 16 = 0.0000e+00, 0.0000e+00      
# interval = decibars: 1                
# start_time = Sep 11 2019 12:40:38 [NMEA time, header]
# bad_flag = -9.990e-29
*END*
[from data line 937]
    938.000     0.0199     0.0200   2.939415   2.939459    316.724    309.456     0.1246     0.0078     0.1219   1209.202   78.83556   -4.96820  23.920243    34.8899    34.8904 0.0000e+00
    939.000     0.0196     0.0197   2.939437   2.939476    316.809    309.807     0.1245     0.0021     0.1219   1210.217   78.83556   -4.96818  23.757420    34.8899    34.8904 0.0000e+00
    940.000     0.0194     0.0194   2.939472   2.939504    316.221    309.365     0.1245     0.0014     0.1219   1211.217   78.83556   -4.96816  24.184910    34.8901    34.8905 0.0000e+00
    941.000     0.0186     0.0187   2.939456   2.939492    316.168    309.502     0.1245     0.0016     0.1223   1212.204   78.83556   -4.96814  24.214938    34.8902    34.8905 0.0000e+00
    942.000     0.0186     0.0187   2.939498   2.939532    316.741    309.391     0.1245     0.0019     0.1221   1213.176   78.83556   -4.96812  23.728176    34.8902    34.8905 0.0000e+00
    943.000     0.0179     0.0181   2.939490   2.939524    316.963    309.266     0.1245     0.0079     0.1224   1214.148   78.83556   -4.96810  23.383414    34.8903    34.8905 0.0000e+00
    944.000     0.0165     0.0165   2.939424   2.939441    317.020    309.539     0.1245     0.0096     0.1219   1215.127   78.83556   -4.96810  23.523424    34.8904    34.8906 0.0000e+00
    945.000     0.0155     0.0156   2.939388   2.939421    317.117    309.612     0.1245     0.0053     0.1220   1216.123   78.83556   -4.96808  23.740524    34.8905    34.8908 0.0000e+00
    946.000     0.0132     0.0133   2.939248   2.939279    316.727    309.237     0.1245     0.0059     0.1219   1217.126   78.83556   -4.96806  23.394766    34.8907    34.8910 0.0000e+00
    947.000     0.0122     0.0123   2.939207   2.939232    316.663    309.084     0.1246     0.0095     0.1224   1218.132   78.83556   -4.96804  23.414422    34.8907    34.8909 0.0000e+00
    948.000     0.0111     0.0112   2.939161   2.939189    316.908    309.420     0.1246     0.0096     0.1222   1219.140   78.83556   -4.96802  23.415619    34.8908    34.8911 0.0000e+00
    949.000     0.0105     0.0106   2.939159   2.939183    316.609    309.549     0.1246     0.0096     0.1218   1220.143   78.83556   -4.96800  23.953359    34.8909    34.8911 0.0000e+00
    950.000     0.0094     0.0095   2.939115   2.939142    316.559    309.645     0.1247     0.0096     0.1218   1221.144   78.83556   -4.96798  23.705186    34.8909    34.8911 0.0000e+00
    951.000     0.0075     0.0077   2.939022   2.939046    316.771    309.747     0.1247     0.0102     0.1219   1222.139   78.83556   -4.96798  23.237427    34.8913    34.8914 0.0000e+00
    952.000     0.0065     0.0066   2.938990   2.939009    317.031    309.815     0.1246     0.0156     0.1220   1223.131   78.83556   -4.96796  23.110100    34.8914    34.8916 0.0000e+00
    953.000     0.0059     0.0060   2.938979   2.939002    316.717    309.788     0.1245     0.0102     0.1218   1224.119   78.83556   -4.96794  23.500254    34.8913    34.8916 0.0000e+00
    954.000     0.0058     0.0058   2.939018   2.939034    316.907    309.608     0.1244     0.0096     0.1218   1225.098   78.83554   -4.96792  24.086231    34.8914    34.8916 0.0000e+00
    955.000     0.0053     0.0054   2.939032   2.939051    317.128    309.362     0.1244     0.0096     0.1223   1226.077   78.83554   -4.96790  23.259876    34.8915    34.8917 0.0000e+00
    956.000     0.0048     0.0050   2.939036   2.939060    317.046    309.307     0.1246     0.0138     0.1218   1227.059   78.83554   -4.96788  23.546036    34.8916    34.8918 0.0000e+00
    957.000     0.0039     0.0038   2.939006   2.939024    317.115    309.665     0.1251     0.0161     0.1218   1228.055   78.83554   -4.96788  23.732744    34.8917    34.8920 0.0000e+00
    958.000     0.0023     0.0024   2.938912   2.938949    316.749    309.810     0.1258     0.0091     0.1218   1229.072   78.83556   -4.96786  23.800161    34.8917    34.8920 0.0000e+00
    959.000     0.0013     0.0014   2.938874   2.938908    316.936    309.863     0.1268     0.0022     0.1221   1230.102   78.83556   -4.96784  23.631557    34.8917    34.8921 0.0000e+00
    960.000     0.0008     0.0009   2.938888   2.938917    316.978    309.909     0.1278     0.0019     0.1219   1231.132   78.83556   -4.96782  23.393966    34.8918    34.8921 0.0000e+00
    961.000    -0.0003    -0.0001   2.938841   2.938874    317.053    309.961     0.1288     0.0020     0.1223   1232.147   78.83554   -4.96780  23.545888    34.8920    34.8922 0.0000e+00
    962.000    -0.0016    -0.0015   2.938773   2.938803    316.662    310.017     0.1297     0.0032     0.1228   1233.136   78.83554   -4.96778  24.053074    34.8919    34.8922 0.0000e+00
    963.000    -0.0024    -0.0023   2.938752   2.938788    316.956    310.062     0.1303     0.0093     0.1224   1234.107   78.83554   -4.96776  23.488558    34.8919    34.8923 0.0000e+00
    964.000    -0.0038    -0.0037   2.938693   2.938713    316.756    309.936     0.1307     0.0094     0.1218   1235.063   78.83554   -4.96774  23.297182    34.8922    34.8924 0.0000e+00
    965.000    -0.0042    -0.0040   2.938702   2.938730    317.273    309.505     0.1307     0.0034     0.1218   1236.024   78.83554   -4.96774  23.554105    34.8922    34.8924 0.0000e+00
    966.000    -0.0051    -0.0049   2.938682   2.938699    317.348    309.715     0.1304     0.0021     0.1219   1237.015   78.83554   -4.96773  23.901809    34.8923    34.8924 0.0000e+00
    967.000    -0.0062    -0.0061   2.938625   2.938654    316.877    309.835     0.1300     0.0072     0.1221   1238.034   78.83554   -4.96770  23.911170    34.8924    34.8926 0.0000e+00
    968.000    -0.0068    -0.0068   2.938622   2.938655    317.010    310.023     0.1293     0.0185     0.1218   1239.074   78.83554   -4.96768  23.458741    34.8924    34.8928 0.0000e+00
    969.000    -0.0071    -0.0071   2.938638   2.938668    316.704    309.889     0.1289     0.0198     0.1220   1240.109   78.83554   -4.96766  23.380952    34.8923    34.8928 0.0000e+00
    970.000    -0.0078    -0.0077   2.938640   2.938660    316.760    309.671     0.1286     0.0167     0.1219   1241.122   78.83554   -4.96764  23.347673    34.8926    34.8928 0.0000e+00
    971.000    -0.0082    -0.0081   2.938650   2.938677    316.589    309.592     0.1283     0.0105     0.1219   1242.107   78.83554   -4.96762  24.072723    34.8926    34.8928 0.0000e+00
    972.000    -0.0084    -0.0083   2.938694   2.938723    316.525    309.811     0.1278     0.0022     0.1221   1243.081   78.83554   -4.96760  24.093997    34.8928    34.8931 0.0000e+00
    973.000    -0.0095    -0.0095   2.938640   2.938671    316.651    309.975     0.1272     0.0061     0.1220   1244.469   78.83554   -4.96759  23.928698    34.8928    34.8932 0.0000e+00
    974.000    -0.0116    -0.0115   2.938514   2.938537    314.563    310.252     0.1265     0.0096     0.1218   1249.078   78.83554   -4.96752  23.954646    34.8929    34.8931 0.0000e+00
    975.000    -0.0144    -0.0144   2.938312   2.938351    314.920    310.177     0.1261     0.0139     0.1219   1251.127   78.83554   -4.96748  24.038643    34.8929    34.8933 0.0000e+00
    976.000    -0.0165    -0.0164   2.938186   2.938221    315.582    309.967     0.1266     0.0144     0.1219   1252.773   78.83554   -4.96745  23.198251    34.8930    34.8933 0.0000e+00
    977.000    -0.0185    -0.0184   2.938068   2.938093    315.722    309.682     0.1212     0.0095     0.1218   1254.337   78.83554   -4.96744  23.887814    34.8931    34.8934 0.0000e+00
    978.000    -0.0194    -0.0195   2.938027   2.938053    315.658    309.913     0.1206     0.0059     0.1218   1255.857   78.83554   -4.96741  23.990046    34.8930    34.8935 0.0000e+00
    979.000    -0.0202    -0.0202   2.938004   2.938040    315.652    309.781     0.1244     0.0120     0.1220   1257.605   78.83554   -4.96737  24.006566    34.8931    34.8936 0.0000e+00
    980.000    -0.0209    -0.0209   2.937993   2.938031    315.376    309.691     0.1337     0.0048     0.1218   1259.955   78.83554   -4.96733  24.084217    34.8931    34.8936 0.0000e+00
    981.000    -0.0214    -0.0216   2.937987   2.938032    314.307    309.971     0.1444     0.0002     0.1218   1261.995   78.83554   -4.96731  23.607778    34.8930    34.8938 0.0000e+00
