test_project/cnv_files/sta0202_bin.cnv
* Sea-Bird SBE 9 Data File:
* FileName = C:\Seabird\CTDDATA\Sta0202.hex
* Software Version Seasave V 7.26.7.107
* Temperature SN = 03-4535
* Conductivity SN = 2860
* Number of Bytes Per Scan = 44
* Number of Voltage Words = 5
* Number of Scans Averaged by the Deck Unit = 1
* NMEA Latitude = 78 50.75 N
* NMEA Longitude = 005 01.25 W
* NMEA UTC (Time) = Sep 03 2019 17:35:01
* NMEA baud rate = 9600
** Ship: "Kronprins Haakon"
** Station: Sta0202
** Echodepth: 1026
** Log: 5785.37
** Wind-Dir Force(m/s): 01 25
** Air-temp (dry): -2.5
** Weather Sky: 2 8
** Sea Ice: 2 4
# nquan = 16
# nvalues = 994                         
# units = specified
# name 0 = prDM: Pressure, Digiquartz [db]
# name 1 = t090C: Temperature [ITS-90, deg C]
# name 2 = t190C: Temperature, 2 [ITS-90, deg C]
# name 3 = c0S/m: Conductivity [S/m]
# name 4 = c1S/m: Conductivity, 2 [S/m]
# name 5 = sbox0Mm/Kg: Oxygen, SBE 43 [umol/kg]
# name 6 = sbox1Mm/Kg: Oxygen, SBE 43, 2 [umol/kg]
# name 7 = wetCDOM: Fluorescence, WET Labs CDOM [mg/m^3]
# name 8 = flECO-AFL: Fluorescence, WET Labs ECO-AFL/FL [mg/m^3]
# name 9 = CStarAt0: Beam Attenuation, WET Labs C-Star [1/m]
# name 10 = timeS: Time, Elapsed [seconds]
# name 11 = latitude: Latitude [deg]
# name 12 = longitude: Longitude [deg]
# name 13 = sal00: Salinity, Practical [PSU]
# name 14 = sal11: Salinity, Practical, 2 [PSU]
# name 15 = flag: flag
# span 0 =      7.000,   1000.000       
# span 1 =    -1.6874,     1.3422       
# span 2 =    -1.5046,     1.3402       
# span 3 =   0.066656,   3.017351       
# span 4 =   1.905408,   3.017285       
# span 5 =    306.051,    405.640       
# span 6 =    305.807,    898.403       
# span 7 =     0.1160,     0.1745       
# span 8 =    -0.0071,     0.9786       
# span 9 =     0.1069,     0.3473       
# span 10 =     16.953,   1414.107      
# span 11 =   78.84599,   78.84708      
# span 12 =   -5.04019,   -5.02120      
# span 13 =     0.6480,    34.8958      
# span 14 =    22.9589,    34.8957      
# span 15 = 0.0000e+00, 0.0000e+00      
# interval = decibars: 1                
# start_time = Sep 03 2019 17:35:01 [NMEA time, header]
# bad_flag = -9.990e-29
*END*
[from data line 543]
    550.000     0.4587     0.4590   2.958150   2.958133    314.108    308.973     0.1194    -0.0021     0.1084    933.997   78.84668   -5.03377    34.8661    34.8655 0.0000e+00
    551.000     0.4570     0.4573   2.958044   2.958029    313.782    308.602     0.1193    -0.0008     0.1113    935.082   78.84668   -5.03380    34.8661    34.8656 0.0000e+00
    552.000     0.4548     0.4554   2.957892   2.957917    313.944    308.602     0.1192     0.0002     0.1092    936.123   78.84668   -5.03380    34.8660    34.8656 0.0000e+00
    553.000     0.4536     0.4537   2.957829   2.957818    314.025    308.736     0.1191    -0.0010     0.1098    937.133   78.84668   -5.03382    34.8660    34.8656 0.0000e+00
    554.000     0.4530     0.4532   2.957831   2.957818    313.973    308.834     0.1189    -0.0018     0.1094    938.142   78.84670   -5.03382    34.8660    34.8656 0.0000e+00
    555.000     0.4518     0.4521   2.957784   2.957789    314.411    308.655     0.1188     0.0065     0.1090    939.193   78.84670   -5.03384    34.8662    34.8659 0.0000e+00
    556.000     0.4503     0.4505   2.957711   2.957698    314.687    308.514     0.1187     0.0092     0.1091    940.311   78.84670   -5.03386    34.8664    34.8659 0.0000e+00
    557.000     0.4488     0.4491   2.957641   2.957615    314.365    308.849     0.1186     0.0031     0.1097    941.482   78.84670   -5.03389    34.8665    34.8659 0.0000e+00
    558.000     0.4476     0.4479   2.957582   2.957567    314.179    308.970     0.1184     0.0084     0.1090    942.685   78.84670   -5.03391    34.8665    34.8660 0.0000e+00
    559.000     0.4456     0.4459   2.957464   2.957470    313.919    309.028     0.1183     0.0106     0.1087    943.875   78.84671   -5.03393    34.8666    34.8664 0.0000e+00
    560.000     0.4427     0.4430   2.957281   2.957256    314.097    309.071     0.1181    -0.0006     0.1090    945.009   78.84672   -5.03395    34.8669    34.8663 0.0000e+00
    561.000     0.4383     0.4388   2.956977   2.956997    314.297    309.107     0.1180    -0.0006     0.1083    946.093   78.84672   -5.03398    34.8673    34.8670 0.0000e+00
    562.000     0.4351     0.4352   2.956741   2.956751    314.257    308.773     0.1179    -0.0007     0.1091    947.142   78.84672   -5.03398    34.8672    34.8673 0.0000e+00
    563.000     0.4349     0.4350   2.956770   2.956762    314.186    308.739     0.1178     0.0069     0.1084    948.186   78.84672   -5.03400    34.8673    34.8670 0.0000e+00
    564.000     0.4347     0.4348   2.956807   2.956787    314.765    308.948     0.1176     0.0007     0.1089    949.242   78.84672   -5.03400    34.8674    34.8670 0.0000e+00
    565.000     0.4343     0.4344   2.956825   2.956806    314.755    309.047     0.1176     0.0105     0.1087    950.314   78.84672   -5.03402    34.8675    34.8671 0.0000e+00
    566.000     0.4313     0.4316   2.956633   2.956620    314.672    309.093     0.1175     0.0015     0.1087    951.403   78.84672   -5.03402    34.8678    34.8673 0.0000e+00
    567.000     0.4289     0.4291   2.956472   2.956453    314.584    309.074     0.1174     0.0085     0.1082    952.519   78.84673   -5.03405    34.8678    34.8673 0.0000e+00
    568.000     0.4274     0.4277   2.956387   2.956393    314.522    308.728     0.1174     0.0096     0.1087    953.645   78.84674   -5.03407    34.8678    34.8676 0.0000e+00
    569.000     0.4269     0.4266   2.956390   2.956366    314.599    309.064     0.1174     0.0085     0.1085    954.757   78.84674   -5.03409    34.8677    34.8678 0.0000e+00
    570.000     0.4253     0.4254   2.956303   2.956253    314.723    309.125     0.1173     0.0002     0.1084    955.838   78.84674   -5.03411    34.8679    34.8671 0.0000e+00
    571.000     0.4243     0.4244   2.956274   2.956245    314.430    309.150     0.1173     0.0081     0.1080    956.896   78.84674   -5.03412    34.8680    34.8675 0.0000e+00
    572.000     0.4241     0.4243   2.956299   2.956331    314.541    308.899     0.1174     0.0006     0.1081    957.944   78.84674   -5.03413    34.8680    34.8682 0.0000e+00
    573.000     0.4236     0.4237   2.956305   2.956294    314.835    309.207     0.1174     0.0074     0.1080    959.003   78.84674   -5.03415    34.8681    34.8678 0.0000e+00
    574.000     0.4215     0.4217   2.956170   2.956157    315.230    309.386     0.1174     0.0079     0.1091    960.094   78.84674   -5.03416    34.8681    34.8676 0.0000e+00
    575.000     0.4193     0.4194   2.956035   2.956031    315.032    309.220     0.1175     0.0090     0.1081    961.240   78.84674   -5.03418    34.8683    34.8680 0.0000e+00
    576.000     0.4179     0.4182   2.955970   2.955940    314.936    308.892     0.1175     0.0090     0.1086    962.412   78.84676   -5.03420    34.8683    34.8676 0.0000e+00
    577.000     0.4152     0.4155   2.955790   2.955776    314.767    309.215     0.1176     0.0079     0.1086    963.561   78.84676   -5.03422    34.8685    34.8679 0.0000e+00
    578.000     0.4126     0.4128   2.955613   2.955603    315.066    309.383     0.1177     0.0005     0.1079    964.659   78.84676   -5.03423    34.8685    34.8681 0.0000e+00
    579.000     0.4114     0.4116   2.955566   2.955558    314.353    309.339     0.1177     0.0003     0.1078    965.697   78.84676   -5.03424    34.8686    34.8683 0.0000e+00
    580.000     0.4100     0.4102   2.955485   2.955470    314.566    309.423     0.1178     0.0069     0.1080    966.684   78.84676   -5.03424    34.8686    34.8681 0.0000e+00
    581.000     0.4082     0.4085   2.955384   2.955372    314.689    309.413     0.1179    -0.0009     0.1080    967.661   78.84676   -5.03425    34.8686    34.8682 0.0000e+00
    582.000     0.4066     0.4068   2.955298   2.955284    314.091    309.059     0.1180    -0.0020     0.1087    968.664   78.84676   -5.03427    34.8688    34.8684 0.0000e+00
    583.000     0.4064     0.4066   2.955333   2.955316    314.492    309.068     0.1180    -0.0032     0.1083    969.729   78.84677   -5.03429    34.8689    34.8685 0.0000e+00
    584.000     0.4062     0.4064   2.955370   2.955361    315.002    309.401     0.1181     0.0054     0.1079    970.877   78.84678   -5.03431    34.8690    34.8686 0.0000e+00
    585.000     0.4016     0.4021   2.955033   2.955029    314.456    309.485     0.1182     0.0080     0.1080    972.072   78.84678   -5.03434    34.8692    34.8686 0.0000e+00
    586.000     0.3990     0.3993   2.954854   2.954840    314.386    309.370     0.1183     0.0073     0.1077    973.249   78.84678   -5.03436    34.8692    34.8687 0.0000e+00
    587.000     0.3985     0.3987   2.954847   2.954834    314.430    308.973     0.1183    -0.0014     0.1084    974.378   78.84678   -5.03438    34.8691    34.8687 0.0000e+00
    588.000     0.3977     0.3980   2.954836   2.954821    314.568    309.427     0.1184    -0.0020     0.1081    975.452   78.84678   -5.03438    34.8692    34.8687 0.0000e+00
    589.000     0.3967     0.3969   2.954791   2.954792    314.792    309.382     0.1184     0.0075     0.1081    976.500   78.84678   -5.03438    34.8693    34.8689 0.0000e+00
    590.000     0.3960     0.3962   2.954786   2.954774    314.648    309.458     0.1184    -0.0023     0.1081    977.532   78.84680   -5.03439    34.8694    34.8689 0.0000e+00
    591.000     0.3951     0.3954   2.954765   2.954770    314.983    309.314     0.1185    -0.0030     0.1076    978.567   78.84680   -5.03441    34.8695    34.8692 0.0000e+00
    592.000     0.3945     0.3948   2.954774   2.954766    315.374    309.548     0.1185    -0.0031     0.1080    979.617   78.84680   -5.03443    34.8697    34.8693 0.0000e+00
    593.000     0.3939     0.3941   2.954763   2.954756    314.809    309.357     0.1185    -0.0019     0.1083    980.677   78.84680   -5.03445    34.8696    34.8693 0.0000e+00
    594.000     0.3935     0.3937   2.954788   2.954781    314.765    309.249     0.1185    -0.0016     0.1083    981.726   78.84680   -5.03447    34.8698    34.8695 0.0000e+00
    595.000     0.3934     0.3936   2.954832   2.954811    314.783    309.564     0.1184     0.0050     0.1080    982.755   78.84680   -5.03448    34.8700    34.8694 0.0000e+00
    596.000     0.3921     0.3924   2.954772   2.954773    315.033    309.577     0.1184     0.0082     0.1083    983.788   78.84680   -5.03448    34.8701    34.8697 0.0000e+00
    597.000     0.3898     0.3901   2.954643   2.954633    315.174    309.607     0.1183     0.0081     0.1081    984.862   78.84680   -5.03449    34.8703    34.8699 0.0000e+00
    598.000     0.3878     0.3880   2.954521   2.954516    315.121    309.623     0.1183     0.0073     0.1081    986.015   78.84680   -5.03451    34.8705    34.8701 0.0000e+00
    599.000     0.3862     0.3863   2.954434   2.954415    315.029    309.583     0.1182    -0.0007     0.1083    987.231   78.84682   -5.03454    34.8705    34.8701 0.0000e+00
    600.000     0.3834     0.3842   2.954243   2.954260    315.057    309.762     0.1182    -0.0017     0.1087    988.446   78.84682   -5.03456    34.8705    34.8699 0.0000e+00
    601.000     0.3821     0.3821   2.954167   2.954132    314.973    309.905     0.1181    -0.0019     0.1088    989.589   78.84682   -5.03458    34.8704    34.8700 0.0000e+00
    602.000     0.3814     0.3813   2.954174   2.954141    314.600    309.680     0.1180     0.0073     0.1082    990.628   78.84682   -5.03459    34.8708    34.8704 0.0000e+00
    603.000     0.3814     0.3816   2.954233   2.954219    315.073    309.381     0.1179    -0.0008     0.1085    991.587   78.84682   -5.03460    34.8710    34.8705 0.0000e+00
    604.000     0.3783     0.3788   2.954019   2.954006    315.499    309.515     0.1179    -0.0028     0.1081    992.505   78.84682   -5.03460    34.8711    34.8703 0.0000e+00
    605.000     0.3735     0.3738   2.953632   2.953627    315.604    309.840     0.1178    -0.0018     0.1085    993.425   78.84682   -5.03460    34.8708    34.8704 0.0000e+00
    606.000     0.3730     0.3732   2.953631   2.953627    315.436    309.895     0.1177     0.0016     0.1091    994.419   78.84682   -5.03460    34.8707    34.8705 0.0000e+00
    607.000     0.3721     0.3722   2.953595   2.953577    315.585    309.945     0.1177     0.0086     0.1083    995.533   78.84683   -5.03463    34.8708    34.8703 0.0000e+00
    608.000     0.3723     0.3734   2.953678   2.953755    315.328    309.577     0.1177     0.0083     0.1082    996.760   78.84684   -5.03466    34.8710    34.8708 0.0000e+00
    609.000     0.3708     0.3712   2.953611   2.953606    315.197    309.677     0.1176     0.0002     0.1089    998.031   78.84684   -5.03469    34.8712    34.8707 0.0000e+00
    610.000     0.3665     0.3670   2.953272   2.953266    314.984    310.105     0.1176     0.0051     0.1091    999.231   78.84684   -5.03472    34.8711    34.8704 0.0000e+00
    611.000     0.3634     0.3636   2.953048   2.953045    314.894    309.705     0.1177     0.0081     0.1097   1000.333   78.84684   -5.03472    34.8711    34.8708 0.0000e+00
    612.000     0.3618     0.3622   2.952965   2.952958    314.916    309.998     0.1177     0.0096     0.1093   1001.356   78.84684   -5.03472    34.8712    34.8707 0.0000e+00
    613.000     0.3609     0.3613   2.952933   2.952921    314.869    310.050     0.1177     0.0092     0.1098   1002.332   78.84684   -5.03474    34.8712    34.8706 0.0000e+00
    614.000     0.3577     0.3581   2.952711   2.952705    315.372    309.833     0.1177     0.0077     0.1089   1003.293   78.84684   -5.03474    34.8713    34.8707 0.0000e+00
    615.000     0.3542     0.3545   2.952465   2.952447    315.316    309.826     0.1178     0.0023     0.1096   1004.261   78.84684   -5.03474    34.8715    34.8709 0.0000e+00
    616.000     0.3527     0.3530   2.952382   2.952371    315.627    309.725     0.1178    -0.0026     0.1088   1005.260   78.84684   -5.03476    34.8715    34.8710 0.0000e+00
    617.000     0.3498     0.3502   2.952195   2.952191    315.581    309.877     0.1178     0.0019     0.1085   1006.297   78.84684   -5.03478    34.8717    34.8712 0.0000e+00
    618.000     0.3469     0.3471   2.951993   2.951976    315.207    309.865     0.1179     0.0112     0.1081   1007.393   78.84686   -5.03480    34.8718    34.8713 0.0000e+00
    619.000     0.3463     0.3464   2.951986   2.951969    315.084    309.504     0.1179     0.0089     0.1080   1008.548   78.84686   -5.03482    34.8717    34.8714 0.0000e+00
    620.000     0.3440     0.3443   2.951852   2.951846    315.539    309.947     0.1179     0.0087     0.1080   1009.733   78.84686   -5.03483    34.8720    34.8715 0.0000e+00
    621.000     0.3409     0.3411   2.951633   2.951634    315.608    309.969     0.1180     0.0026     0.1080   1010.908   78.84687   -5.03485    34.8721    34.8718 0.0000e+00
    622.000     0.3384     0.3387   2.951485   2.951474    315.713    309.552     0.1181    -0.0035     0.1080   1012.042   78.84688   -5.03487    34.8723    34.8718 0.0000e+00
    623.000     0.3367     0.3369   2.951372   2.951368    315.592    309.944     0.1182    -0.0029     0.1079   1013.106   78.84688   -5.03488    34.8722    34.8719 0.0000e+00
    624.000     0.3356     0.3358   2.951332   2.951320    315.150    309.957     0.1182    -0.0031     0.1078   1014.096   78.84688   -5.03490    34.8724    34.8719 0.0000e+00
    625.000     0.3346     0.3349   2.951290   2.951286    315.362    309.880     0.1183    -0.0034     0.1081   1015.040   78.84688   -5.03490    34.8723    34.8719 0.0000e+00
    626.000     0.3327     0.3329   2.951180   2.951159    316.119    310.051     0.1184    -0.0029     0.1084   1015.965   78.84688   -5.03490    34.8724    34.8719 0.0000e+00
    627.000     0.3317     0.3319   2.951133   2.951127    316.233    309.897     0.1186    -0.0022     0.1087   1016.920   78.84688   -5.03491    34.8723    34.8720 0.0000e+00
    628.000     0.3309     0.3310   2.951120   2.951105    315.997    310.191     0.1187    -0.0025     0.1080   1017.943   78.84688   -5.03492    34.8725    34.8722 0.0000e+00
    629.000     0.3297     0.3299   2.951065   2.951050    316.182    310.329     0.1188    -0.0035     0.1073   1019.058   78.84688   -5.03493    34.8725    34.8721 0.0000e+00
    630.000     0.3285     0.3288   2.951009   2.951010    315.448    310.168     0.1189    -0.0020     0.1077   1020.269   78.84688   -5.03496    34.8726    34.8722 0.0000e+00
    631.000     0.3268     0.3271   2.950922   2.950904    315.549    309.900     0.1190     0.0012     0.1081   1021.512   78.84688   -5.03499    34.8728    34.8722 0.0000e+00
    632.000     0.3245     0.3247   2.950767   2.950758    315.417    310.011     0.1191     0.0048     0.1080   1022.682   78.84689   -5.03501    34.8728    34.8724 0.0000e+00
    633.000     0.3236     0.3238   2.950736   2.950732    314.963    310.068     0.1192    -0.0017     0.1076   1023.743   78.84690   -5.03502    34.8728    34.8725 0.0000e+00
    634.000     0.3230     0.3234   2.950734   2.950737    315.329    310.063     0.1193    -0.0022     0.1071   1024.727   78.84690   -5.03503    34.8728    34.8725 0.0000e+00
    635.000     0.3220     0.3223   2.950696   2.950681    315.715    310.144     0.1194    -0.0023     0.1078   1025.664   78.84690   -5.03504    34.8729    34.8724 0.0000e+00
    636.000     0.3206     0.3209   2.950631   2.950624    315.420    310.042     0.1195    -0.0031     0.1080   1026.606   78.84690   -5.03505    34.8730    34.8726 0.0000e+00
    637.000     0.3198     0.3201   2.950608   2.950590    316.116    310.052     0.1196    -0.0028     0.1075   1027.580   78.84690   -5.03506    34.8730    34.8725 0.0000e+00
    638.000     0.3183     0.3186   2.950528   2.950519    316.242    310.175     0.1197     0.0054     0.1070   1028.611   78.84690   -5.03507    34.8731    34.8727 0.0000e+00
