test_project/cnv_files/sta0199_bin.cnv
* Sea-Bird SBE 9 Data File:
* FileName = C:\Seabird\CTDDATA\Sta0199.hex
* Software Version Seasave V 7.26.7.107
* Temperature SN = 03-4535
* Conductivity SN = 2860
* Number of Bytes Per Scan = 44
* Number of Voltage Words = 5
* Number of Scans Averaged by the Deck Unit = 1
* NMEA Latitude = 78 50.00 N
* NMEA Longitude = 003 00.59 W
* NMEA UTC (Time) = Sep 03 2019 05:07:04
* NMEA baud rate = 9600
** Ship: "Kronprins Haakon"
** Station: 199
** Echodepth: 2474
** Log: 5755.56
** Wind-Dir Force(m/s): 02 32
** Air-temp (dry): -1.8
** Weather Sky: 7 8
** Sea Ice: 5 0
# nquan = 16
# nvalues = 2502                        
# units = specified
# name 0 = prDM: Pressure, Digiquartz [db]
# name 1 = t090C: Temperature [ITS-90, deg C]
# name 2 = t190C: Temperature, 2 [ITS-90, deg C]
# name 3 = c0S/m: Conductivity [S/m]
# name 4 = c1S/m: Conductivity, 2 [S/m]
# name 5 = sbox0Mm/Kg: Oxygen, SBE 43 [umol/kg]
# name 6 = sbox1Mm/Kg: Oxygen, SBE 43, 2 [umol/kg]
# name 7 = wetCDOM: Fluorescence, WET Labs CDOM [mg/m^3]
# name 8 = flECO-AFL: Fluorescence, WET Labs ECO-AFL/FL [mg/m^3]
# name 9 = CStarAt0: Beam Attenuation, WET Labs C-Star [1/m]
# name 10 = timeS: Time, Elapsed [seconds]
# name 11 = latitude: Latitude [deg]
# name 12 = longitude: Longitude [deg]
# name 13 = sal00: Salinity, Practical [PSU]
# name 14 = sal11: Salinity, Practical, 2 [PSU]
# name 15 = flag: flag
# span 0 =      2.000,   2503.000       
# span 1 =    -1.7488,     3.2726       
# span 2 =    -1.7494,     3.2737       
# span 3 =   2.278094,   3.197086       
# span 4 =   2.325739,   3.197087       
# span 5 =    303.917,    410.858       
# span 6 =    301.168,    402.730       
# span 7 =     0.1000,     0.1705       
# span 8 =    -0.0084,     0.9366       
# span 9 =     0.1056,     0.4532       
# span 10 =    157.717,   2937.177      
# span 11 =   78.83340,   78.83348      
# span 12 =   -3.01032,   -3.00986      
# span 13 =    28.0438,    34.9794      
# span 14 =    28.6612,    34.9791      
# span 15 = 0.0000e+00, 0.0000e+00      
# interval = decibars: 1                
# start_time = Sep 03 2019 05:07:04 [NMEA time, header]
# bad_flag = -9.990e-29
*END*
[from data line 2080]
   2082.000    -0.6376    -0.6373   2.933397   2.933484    310.331    303.629     0.1218    -0.0022     0.1078   2434.239   78.83346   -3.01002    34.9182    34.9190 0.0000e+00
   2083.000    -0.6391    -0.6388   2.933296   2.933394    310.553    303.777     0.1218    -0.0009     0.1080   2435.222   78.83346   -3.01002    34.9180    34.9189 0.0000e+00
   2084.000    -0.6407    -0.6406   2.933181   2.933276    311.042    303.981     0.1218    -0.0010     0.1080   2436.206   78.83346   -3.01002    34.9178    34.9189 0.0000e+00
   2085.000    -0.6407    -0.6407   2.933219   2.933304    310.870    304.066     0.1218    -0.0007     0.1078   2437.186   78.83346   -3.01002    34.9177    34.9188 0.0000e+00
   2086.000    -0.6409    -0.6408   2.933254   2.933337    310.733    304.115     0.1217    -0.0007     0.1080   2438.165   78.83346   -3.01002    34.9179    34.9188 0.0000e+00
   2087.000    -0.6417    -0.6415   2.933215   2.933303    310.989    303.962     0.1217    -0.0003     0.1082   2439.149   78.83346   -3.01002    34.9177    34.9187 0.0000e+00
   2088.000    -0.6407    -0.6407   2.933353   2.933440    311.001    303.921     0.1216    -0.0000     0.1081   2440.144   78.83346   -3.01002    34.9179    34.9190 0.0000e+00
   2089.000    -0.6405    -0.6404   2.933421   2.933508    310.404    303.264     0.1216    -0.0017     0.1080   2441.143   78.83346   -3.01004    34.9181    34.9190 0.0000e+00
   2090.000    -0.6405    -0.6404   2.933461   2.933543    310.891    303.841     0.1215    -0.0023     0.1080   2442.134   78.83346   -3.01004    34.9180    34.9190 0.0000e+00
   2091.000    -0.6405    -0.6403   2.933505   2.933591    310.144    304.042     0.1214    -0.0010     0.1086   2443.126   78.83346   -3.01004    34.9180    34.9190 0.0000e+00
   2092.000    -0.6405    -0.6403   2.933538   2.933634    310.236    304.062     0.1213    -0.0012     0.1088   2444.113   78.83344   -3.01004    34.9180    34.9190 0.0000e+00
   2093.000    -0.6412    -0.6410   2.933517   2.933616    310.513    304.176     0.1212    -0.0005     0.1084   2445.098   78.83344   -3.01004    34.9180    34.9190 0.0000e+00
   2094.000    -0.6412    -0.6411   2.933568   2.933653    310.934    304.177     0.1211     0.0000     0.1089   2446.070   78.83344   -3.01004    34.9181    34.9191 0.0000e+00
   2095.000    -0.6414    -0.6412   2.933596   2.933682    310.288    304.190     0.1210     0.0044     0.1083   2447.038   78.83344   -3.01004    34.9181    34.9190 0.0000e+00
   2096.000    -0.6415    -0.6413   2.933622   2.933717    310.100    303.543     0.1209     0.0049     0.1083   2448.015   78.83344   -3.01005    34.9180    34.9191 0.0000e+00
   2097.000    -0.6416    -0.6414   2.933651   2.933738    310.259    303.176     0.1207    -0.0007     0.1080   2449.001   78.83345   -3.01006    34.9180    34.9190 0.0000e+00
   2098.000    -0.6417    -0.6416   2.933674   2.933764    310.493    303.797     0.1206     0.0007     0.1081   2449.989   78.83346   -3.01006    34.9180    34.9190 0.0000e+00
   2099.000    -0.6418    -0.6417   2.933722   2.933804    310.612    303.920     0.1205     0.0089     0.1081   2450.969   78.83346   -3.01006    34.9181    34.9191 0.0000e+00
   2100.000    -0.6416    -0.6414   2.933778   2.933876    310.691    303.877     0.1203     0.0089     0.1082   2451.949   78.83346   -3.01006    34.9181    34.9192 0.0000e+00
   2101.000    -0.6409    -0.6407   2.933883   2.933991    310.267    303.566     0.1202    -0.0006     0.1083   2452.941   78.83345   -3.01006    34.9182    34.9194 0.0000e+00
   2102.000    -0.6406    -0.6406   2.933957   2.934040    310.416    303.557     0.1201    -0.0013     0.1090   2453.945   78.83344   -3.01006    34.9183    34.9193 0.0000e+00
   2103.000    -0.6397    -0.6396   2.934082   2.934177    310.075    303.756     0.1200    -0.0010     0.1083   2454.947   78.83344   -3.01006    34.9184    34.9196 0.0000e+00
   2104.000    -0.6391    -0.6392   2.934180   2.934259    310.478    303.827     0.1200    -0.0008     0.1081   2455.944   78.83344   -3.01006    34.9185    34.9196 0.0000e+00
   2105.000    -0.6386    -0.6386   2.934274   2.934362    310.223    303.992     0.1200    -0.0014     0.1081   2456.929   78.83344   -3.01006    34.9187    34.9198 0.0000e+00
   2106.000    -0.6388    -0.6387   2.934306   2.934396    310.302    303.994     0.1199    -0.0007     0.1082   2457.904   78.83344   -3.01006    34.9187    34.9198 0.0000e+00
   2107.000    -0.6395    -0.6394   2.934270   2.934362    310.402    303.452     0.1199    -0.0013     0.1081   2458.865   78.83344   -3.01006    34.9186    34.9196 0.0000e+00
   2108.000    -0.6410    -0.6409   2.934174   2.934253    309.884    303.386     0.1199    -0.0018     0.1081   2459.823   78.83344   -3.01006    34.9185    34.9194 0.0000e+00
   2109.000    -0.6423    -0.6421   2.934098   2.934200    310.713    303.659     0.1200     0.0019     0.1083   2460.791   78.83345   -3.01006    34.9183    34.9195 0.0000e+00
   2110.000    -0.6426    -0.6425   2.934111   2.934204    310.212    303.678     0.1200     0.0093     0.1080   2461.781   78.83345   -3.01006    34.9183    34.9194 0.0000e+00
   2111.000    -0.6440    -0.6438   2.934025   2.934110    309.318    303.839     0.1200     0.0088     0.1082   2462.789   78.83344   -3.01006    34.9183    34.9192 0.0000e+00
   2112.000    -0.6445    -0.6443   2.934027   2.934111    310.196    303.862     0.1200     0.0002     0.1080   2463.797   78.83344   -3.01006    34.9183    34.9192 0.0000e+00
   2113.000    -0.6446    -0.6444   2.934058   2.934152    310.440    304.121     0.1200    -0.0018     0.1080   2464.797   78.83344   -3.01006    34.9183    34.9194 0.0000e+00
   2114.000    -0.6445    -0.6443   2.934104   2.934205    310.286    303.297     0.1201     0.0063     0.1080   2465.794   78.83344   -3.01006    34.9182    34.9194 0.0000e+00
   2115.000    -0.6418    -0.6420   2.934400   2.934471    310.129    303.250     0.1201     0.0031     0.1077   2466.777   78.83344   -3.01006    34.9186    34.9198 0.0000e+00
   2116.000    -0.6406    -0.6405   2.934566   2.934654    310.290    303.738     0.1201    -0.0001     0.1077   2467.747   78.83344   -3.01006    34.9189    34.9200 0.0000e+00
   2117.000    -0.6407    -0.6406   2.934603   2.934678    310.655    303.807     0.1201     0.0007     0.1079   2468.713   78.83344   -3.01006    34.9190    34.9199 0.0000e+00
   2118.000    -0.6421    -0.6422   2.934512   2.934584    310.034    303.936     0.1202     0.0003     0.1081   2469.691   78.83344   -3.01006    34.9188    34.9198 0.0000e+00
   2119.000    -0.6449    -0.6447   2.934299   2.934386    310.303    303.906     0.1202    -0.0004     0.1081   2470.685   78.83344   -3.01006    34.9186    34.9196 0.0000e+00
   2120.000    -0.6459    -0.6457   2.934248   2.934351    310.305    303.587     0.1202     0.0002     0.1086   2471.684   78.83344   -3.01007    34.9185    34.9196 0.0000e+00
   2121.000    -0.6466    -0.6464   2.934221   2.934316    310.083    303.104     0.1202     0.0088     0.1085   2472.678   78.83344   -3.01008    34.9184    34.9195 0.0000e+00
   2122.000    -0.6475    -0.6472   2.934176   2.934278    310.149    303.028     0.1202     0.0092     0.1079   2473.659   78.83344   -3.01008    34.9183    34.9194 0.0000e+00
   2123.000    -0.6476    -0.6475   2.934198   2.934296    309.330    302.906     0.1203     0.0011     0.1082   2474.641   78.83344   -3.01008    34.9182    34.9194 0.0000e+00
   2124.000    -0.6479    -0.6477   2.934219   2.934314    309.758    303.356     0.1203    -0.0006     0.1082   2475.625   78.83344   -3.01007    34.9183    34.9194 0.0000e+00
   2125.000    -0.6480    -0.6479   2.934258   2.934350    310.248    303.394     0.1202    -0.0006     0.1089   2476.614   78.83344   -3.01006    34.9183    34.9194 0.0000e+00
   2126.000    -0.6479    -0.6479   2.934298   2.934390    310.162    303.725     0.1202    -0.0009     0.1089   2477.614   78.83344   -3.01006    34.9183    34.9194 0.0000e+00
   2127.000    -0.6481    -0.6479   2.934327   2.934421    309.917    303.747     0.1202    -0.0024     0.1080   2478.629   78.83344   -3.01007    34.9183    34.9194 0.0000e+00
   2128.000    -0.6486    -0.6483   2.934332   2.934423    309.913    303.602     0.1202    -0.0006     0.1080   2479.646   78.83344   -3.01009    34.9184    34.9194 0.0000e+00
   2129.000    -0.6486    -0.6485   2.934360   2.934460    310.172    303.829     0.1202    -0.0014     0.1080   2480.648   78.83344   -3.01010    34.9183    34.9195 0.0000e+00
   2130.000    -0.6488    -0.6487   2.934388   2.934479    310.237    303.786     0.1201     0.0019     0.1081   2481.621   78.83344   -3.01009    34.9184    34.9194 0.0000e+00
   2131.000    -0.6489    -0.6487   2.934419   2.934515    310.512    303.582     0.1201     0.0078     0.1082   2482.571   78.83344   -3.01008    34.9184    34.9194 0.0000e+00
   2132.000    -0.6488    -0.6486   2.934484   2.934569    310.228    302.915     0.1201     0.0005     0.1087   2483.512   78.83344   -3.01008    34.9185    34.9194 0.0000e+00
   2133.000    -0.6490    -0.6488   2.934498   2.934593    309.969    303.156     0.1200     0.0120     0.1084   2484.465   78.83344   -3.01008    34.9184    34.9195 0.0000e+00
   2134.000    -0.6493    -0.6492   2.934512   2.934604    310.516    303.617     0.1200     0.0039     0.1084   2485.433   78.83344   -3.01008    34.9184    34.9195 0.0000e+00
   2135.000    -0.6496    -0.6494   2.934533   2.934619    310.201    303.766     0.1199     0.0005     0.1089   2486.419   78.83344   -3.01008    34.9185    34.9194 0.0000e+00
   2136.000    -0.6498    -0.6496   2.934539   2.934649    309.837    303.436     0.1199    -0.0000     0.1086   2487.417   78.83344   -3.01010    34.9183    34.9195 0.0000e+00
   2137.000    -0.6502    -0.6501   2.934541   2.934640    310.196    303.102     0.1198    -0.0016     0.1083   2488.412   78.83344   -3.01010    34.9182    34.9194 0.0000e+00
   2138.000    -0.6506    -0.6504   2.934562   2.934653    310.126    303.336     0.1197    -0.0012     0.1082   2489.399   78.83344   -3.01010    34.9184    34.9194 0.0000e+00
   2139.000    -0.6510    -0.6508   2.934567   2.934659    309.695    303.397     0.1196    -0.0019     0.1084   2490.385   78.83344   -3.01010    34.9184    34.9195 0.0000e+00
   2140.000    -0.6514    -0.6512   2.934572   2.934658    309.777    303.629     0.1196    -0.0005     0.1090   2491.378   78.83344   -3.01010    34.9184    34.9194 0.0000e+00
   2141.000    -0.6519    -0.6518   2.934565   2.934653    309.645    303.605     0.1195    -0.0006     0.1085   2492.378   78.83344   -3.01008    34.9184    34.9194 0.0000e+00
   2142.000    -0.6524    -0.6522   2.934573   2.934659    310.107    303.465     0.1194    -0.0008     0.1083   2493.378   78.83344   -3.01008    34.9184    34.9194 0.0000e+00
   2143.000    -0.6530    -0.6529   2.934554   2.934650    309.493    303.106     0.1193    -0.0020     0.1083   2494.372   78.83344   -3.01008    34.9184    34.9195 0.0000e+00
   2144.000    -0.6531    -0.6530   2.934588   2.934676    309.660    303.422     0.1192    -0.0012     0.1089   2495.359   78.83344   -3.01008    34.9185    34.9194 0.0000e+00
   2145.000    -0.6533    -0.6531   2.934617   2.934706    309.791    303.363     0.1192     0.0062     0.1087   2496.331   78.83344   -3.01008    34.9185    34.9195 0.0000e+00
   2146.000    -0.6535    -0.6534   2.934641   2.934728    309.941    303.480     0.1191     0.0090     0.1086   2497.292   78.83344   -3.01010    34.9185    34.9195 0.0000e+00
   2147.000    -0.6536    -0.6535   2.934670   2.934759    310.340    303.625     0.1191     0.0042     0.1089   2498.250   78.83344   -3.01010    34.9185    34.9195 0.0000e+00
   2148.000    -0.6536    -0.6534   2.934715   2.934800    310.073    303.745     0.1190    -0.0013     0.1090   2499.223   78.83344   -3.01010    34.9185    34.9195 0.0000e+00
   2149.000    -0.6536    -0.6535   2.934740   2.934840    310.027    303.537     0.1190    -0.0007     0.1085   2500.219   78.83344   -3.01008    34.9183    34.9195 0.0000e+00
   2150.000    -0.6540    -0.6539   2.934752   2.934841    310.029    302.695     0.1190    -0.0010     0.1088   2501.236   78.83344   -3.01008    34.9184    34.9195 0.0000e+00
   2151.000    -0.6546    -0.6544   2.934738   2.934839    309.739    303.142     0.1189    -0.0008     0.1087   2502.251   78.83344   -3.01008    34.9184    34.9195 0.0000e+00
   2152.000    -0.6551    -0.6550   2.934743   2.934841    309.634    303.413     0.1189    -0.0005     0.1090   2503.263   78.83344   -3.01008    34.9184    34.9197 0.0000e+00
   2153.000    -0.6553    -0.6551   2.934765   2.934850    309.625    303.517     0.1189    -0.0007     0.1091   2504.266   78.83344   -3.01008    34.9184    34.9194 0.0000e+00
   2154.000    -0.6555    -0.6553   2.934783   2.934874    309.350    302.835     0.1189    -0.0022     0.1090   2505.261   78.83342   -3.01008    34.9184    34.9194 0.0000e+00
   2155.000    -0.6557    -0.6555   2.934807   2.934903    309.190    302.886     0.1189    -0.0011     0.1091   2506.245   78.83342   -3.01008    34.9184    34.9195 0.0000e+00
   2156.000    -0.6559    -0.6557   2.934835   2.934928    309.704    303.217     0.1190     0.0092     0.1087   2507.210   78.83342   -3.01008    34.9184    34.9195 0.0000e+00
   2157.000    -0.6562    -0.6560   2.934854   2.934949    309.913    303.428     0.1190     0.0054     0.1087   2508.171   78.83342   -3.01008    34.9185    34.9196 0.0000e+00
   2158.000    -0.6564    -0.6563   2.934864   2.934961    310.306    303.400     0.1191     0.0049     0.1089   2509.134   78.83342   -3.01008    34.9183    34.9196 0.0000e+00
   2159.000    -0.6563    -0.6562   2.934920   2.935018    310.104    303.071     0.1191     0.0053     0.1090   2510.104   78.83344   -3.01006    34.9185    34.9196 0.0000e+00
   2160.000    -0.6566    -0.6564   2.934941   2.935034    309.898    302.934     0.1192    -0.0017     0.1089   2511.081   78.83344   -3.01006    34.9185    34.9196 0.0000e+00
   2161.000    -0.6566    -0.6565   2.934978   2.935066    309.711    303.135     0.1193    -0.0010     0.1089   2512.075   78.83344   -3.01008    34.9185    34.9195 0.0000e+00
   2162.000    -0.6570    -0.6568   2.934987   2.935079    309.891    303.246     0.1194     0.0004     0.1086   2513.079   78.83344   -3.01008    34.9185    34.9195 0.0000e+00
   2163.000    -0.6573    -0.6571   2.935002   2.935090    309.584    303.324     0.1194     0.0116     0.1091   2514.079   78.83344   -3.01008    34.9186    34.9195 0.0000e+00
   2164.000    -0.6573    -0.6572   2.935048   2.935139    309.674    303.392     0.1195    -0.0037     0.1091   2515.080   78.83342   -3.01006    34.9186    34.9197 0.0000e+00
   2165.000    -0.6575    -0.6574   2.935074   2.935165    309.900    302.987     0.1196     0.0068     0.1091   2516.090   78.83342   -3.01006    34.9186    34.9197 0.0000e+00
   2166.000    -0.6579    -0.6578   2.935070   2.935172    310.126    303.168     0.1197     0.0009     0.1091   2517.106   78.83342   -3.01004    34.9186    34.9198 0.0000e+00
   2167.000    -0.6583    -0.6581   2.935086   2.935188    309.784    303.184     0.1197     0.0065     0.1088   2518.119   78.83342   -3.01004    34.9186    34.9197 0.0000e+00
   2168.000    -0.6583    -0.6581   2.935134   2.935220    308.819    302.839     0.1198     0.0128     0.1085   2519.106   78.83342   -3.01006    34.9188    34.9197 0.0000e+00
   2169.000    -0.6587    -0.6587   2.935120   2.935217    309.380    303.129     0.1199     0.0121     0.1090   2520.058   78.83342   -3.01006    34.9185    34.9197 0.0000e+00
   2170.000    -0.6592    -0.6591   2.935138   2.935219    310.021    303.491     0.1200     0.0057     0.1090   2520.992   78.83343   -3.01006    34.9188    34.9198 0.0000e+00
