test_project/cnv_files/sta0244_bin.cnv
* Sea-Bird SBE 9 Data File:
* FileName = C:\Seabird\CTDDATA\Sta0244.hex
* Software Version Seasave V 7.26.7.107
* Temperature SN = 03-4535
* Conductivity SN = 2860
* Number of Bytes Per Scan = 44
* Number of Voltage Words = 5
* Number of Scans Averaged by the Deck Unit = 1
* NMEA Latitude = 78 49.98 N
* NMEA Longitude = 005 00.02 E
* NMEA UTC (Time) = Sep 14 2019 11:24:50
* NMEA baud rate = 9600
** Ship: "Kronprins Haakon"
** Station: 0244
** Echodepth: 2644
** Log: 6486.216
** Wind-Dir Force(m/s): 10 05
** Air-temp (dry): 5.6
** Weather Sky: 2 8
** Sea Ice: 4 0
# nquan = 16
# nvalues = 2690                        
# units = specified
# name 0 = prDM: Pressure, Digiquartz [db]
# name 1 = t090C: Temperature [ITS-90, deg C]
# name 2 = t190C: Temperature, 2 [ITS-90, deg C]
# name 3 = c0S/m: Conductivity [S/m]
# name 4 = c1S/m: Conductivity, 2 [S/m]
# name 5 = sbox0Mm/Kg: Oxygen, SBE 43 [umol/kg]
# name 6 = sbox1Mm/Kg: Oxygen, SBE 43, 2 [umol/kg]
# name 7 = wetCDOM: Fluorescence, WET Labs CDOM [mg/m^3]
# name 8 = flECO-AFL: Fluorescence, WET Labs ECO-AFL/FL [mg/m^3]
# name 9 = CStarAt0: Beam Attenuation, WET Labs C-Star [1/m]
# name 10 = timeS: Time, Elapsed [seconds]
# name 11 = latitude: Latitude [deg]
# name 12 = longitude: Longitude [deg]
# name 13 = sal00: Salinity, Practical [PSU]
# name 14 = sal11: Salinity, Practical, 2 [PSU]
# name 15 = flag: flag
# span 0 =      1.000,   2690.000       
# span 1 =    -0.7346,     5.5981       
# span 2 =    -0.7342,     5.5975       
# span 3 =   2.913073,   3.388876       
# span 4 =   2.913129,   3.388723       
# span 5 =    172.264,    394.565       
# span 6 =    299.460,    322.985       
# span 7 =     0.0903,     0.1269       
# span 8 =    -0.0058,     1.9790       
# span 9 =     0.1286,     0.4303       
# span 10 =    151.691,   2768.047      
# span 11 =   78.83300,   78.83306      
# span 12 =    5.00012,    5.00030      
# span 13 =    34.6294,    35.6464      
# span 14 =    34.6306,    35.0348      
# span 15 = 0.0000e+00, 0.0000e+00      
# interval = decibars: 1                
# start_time = Sep 14 2019 11:24:50 [NMEA time, header]
# bad_flag = -9.990e-29
*END*
[from data line 1718]
   1719.000    -0.6185    -0.6179   2.920153   2.920240    310.989    304.118     0.1214     0.0068     0.1293   1826.418   78.83302    5.00022    34.9175    34.9181 0.0000e+00
   1720.000    -0.6187    -0.6184   2.920178   2.920234    310.981    304.538     0.1213     0.0043     0.1292   1827.379   78.83302    5.00022    34.9176    34.9180 0.0000e+00
   1721.000    -0.6191    -0.6187   2.920191   2.920260    310.814    304.450     0.1211     0.0010     0.1292   1828.341   78.83302    5.00022    34.9177    34.9181 0.0000e+00
   1722.000    -0.6190    -0.6187   2.920249   2.920308    309.948    304.156     0.1209     0.0011     0.1295   1829.309   78.83302    5.00022    34.9178    34.9182 0.0000e+00
   1723.000    -0.6188    -0.6185   2.920319   2.920377    310.572    303.955     0.1206     0.0024     0.1301   1830.286   78.83302    5.00022    34.9179    34.9183 0.0000e+00
   1724.000    -0.6188    -0.6184   2.920362   2.920430    310.280    304.170     0.1204     0.0076     0.1294   1831.260   78.83304    5.00022    34.9179    34.9184 0.0000e+00
   1725.000    -0.6187    -0.6185   2.920404   2.920464    310.189    304.430     0.1203     0.0008     0.1293   1832.222   78.83302    5.00022    34.9179    34.9184 0.0000e+00
   1726.000    -0.6187    -0.6185   2.920448   2.920502    310.933    304.436     0.1201     0.0001     0.1286   1833.181   78.83302    5.00024    34.9179    34.9183 0.0000e+00
   1727.000    -0.6188    -0.6184   2.920503   2.920566    310.337    304.303     0.1199     0.0003     0.1288   1834.148   78.83304    5.00024    34.9181    34.9186 0.0000e+00
   1728.000    -0.6187    -0.6184   2.920542   2.920601    309.991    303.747     0.1198     0.0065     0.1294   1835.123   78.83304    5.00024    34.9181    34.9185 0.0000e+00
   1729.000    -0.6189    -0.6184   2.920566   2.920646    310.860    304.018     0.1197     0.0045     0.1290   1836.098   78.83304    5.00024    34.9180    34.9185 0.0000e+00
   1730.000    -0.6188    -0.6187   2.920615   2.920650    310.405    304.292     0.1196     0.0052     0.1287   1837.068   78.83302    5.00024    34.9181    34.9184 0.0000e+00
   1731.000    -0.6215    -0.6219   2.920409   2.920400    310.150    304.210     0.1195     0.0095     0.1290   1838.033   78.83302    5.00022    34.9178    34.9181 0.0000e+00
   1732.000    -0.6240    -0.6243   2.920217   2.920211    310.165    303.747     0.1195     0.0096     0.1291   1838.993   78.83302    5.00022    34.9175    34.9178 0.0000e+00
   1733.000    -0.6270    -0.6268   2.919985   2.920035    310.340    303.811     0.1195     0.0096     0.1288   1839.949   78.83302    5.00022    34.9172    34.9177 0.0000e+00
   1734.000    -0.6263    -0.6261   2.920100   2.920155    310.409    303.984     0.1194     0.0096     0.1292   1840.912   78.83302    5.00022    34.9174    34.9179 0.0000e+00
   1735.000    -0.6277    -0.6269   2.919999   2.920107    310.700    303.440     0.1194     0.0096     0.1294   1841.883   78.83302    5.00023    34.9172    34.9177 0.0000e+00
   1736.000    -0.6318    -0.6312   2.919680   2.919768    310.685    303.997     0.1194     0.0096     0.1293   1842.861   78.83302    5.00024    34.9170    34.9175 0.0000e+00
   1737.000    -0.6323    -0.6321   2.919656   2.919720    310.252    304.197     0.1194     0.0095     0.1293   1843.846   78.83303    5.00024    34.9168    34.9173 0.0000e+00
   1738.000    -0.6323    -0.6319   2.919708   2.919779    310.444    304.147     0.1195     0.0046     0.1293   1844.834   78.83304    5.00023    34.9168    34.9173 0.0000e+00
   1739.000    -0.6320    -0.6320   2.919781   2.919807    310.759    304.333     0.1195     0.0062     0.1294   1845.811   78.83304    5.00022    34.9169    34.9173 0.0000e+00
   1740.000    -0.6318    -0.6316   2.919840   2.919897    310.939    304.387     0.1196     0.0056     0.1294   1846.773   78.83303    5.00022    34.9169    34.9174 0.0000e+00
   1741.000    -0.6312    -0.6309   2.919940   2.919984    310.827    304.423     0.1196     0.0007     0.1291   1847.724   78.83302    5.00022    34.9171    34.9173 0.0000e+00
   1742.000    -0.6312    -0.6310   2.919983   2.920042    311.089    304.381     0.1197     0.0017     0.1294   1848.678   78.83302    5.00022    34.9171    34.9176 0.0000e+00
   1743.000    -0.6315    -0.6313   2.920020   2.920082    311.311    304.299     0.1198     0.0086     0.1297   1849.640   78.83302    5.00022    34.9174    34.9179 0.0000e+00
   1744.000    -0.6320    -0.6316   2.920033   2.920095    310.855    303.957     0.1199     0.0019     0.1298   1850.611   78.83302    5.00022    34.9175    34.9179 0.0000e+00
   1745.000    -0.6324    -0.6320   2.920026   2.920103    311.165    304.380     0.1199     0.0079     0.1295   1851.587   78.83302    5.00022    34.9174    34.9179 0.0000e+00
   1746.000    -0.6330    -0.6324   2.920045   2.920121    311.163    304.116     0.1200     0.0096     0.1293   1852.565   78.83302    5.00022    34.9177    34.9181 0.0000e+00
   1747.000    -0.6327    -0.6320   2.920102   2.920204    310.671    304.023     0.1200     0.0096     0.1294   1853.543   78.83302    5.00022    34.9176    34.9182 0.0000e+00
   1748.000    -0.6324    -0.6323   2.920170   2.920213    310.428    304.297     0.1201     0.0096     0.1293   1854.515   78.83302    5.00022    34.9177    34.9181 0.0000e+00
   1749.000    -0.6333    -0.6331   2.920125   2.920182    310.374    304.277     0.1201     0.0096     0.1294   1855.480   78.83304    5.00022    34.9175    34.9180 0.0000e+00
   1750.000    -0.6338    -0.6336   2.920134   2.920178    310.652    304.062     0.1201     0.0069     0.1293   1856.447   78.83302    5.00022    34.9176    34.9180 0.0000e+00
   1751.000    -0.6341    -0.6338   2.920139   2.920212    309.992    303.486     0.1202     0.0018     0.1293   1857.422   78.83302    5.00022    34.9175    34.9181 0.0000e+00
   1752.000    -0.6327    -0.6327   2.920322   2.920356    310.195    303.959     0.1202     0.0009     0.1293   1858.404   78.83302    5.00022    34.9178    34.9182 0.0000e+00
   1753.000    -0.6327    -0.6325   2.920365   2.920420    310.651    304.101     0.1203     0.0010     0.1292   1859.382   78.83302    5.00022    34.9178    34.9182 0.0000e+00
   1754.000    -0.6335    -0.6329   2.920344   2.920442    309.735    303.826     0.1203     0.0084     0.1293   1860.348   78.83302    5.00022    34.9178    34.9185 0.0000e+00
   1755.000    -0.6333    -0.6330   2.920406   2.920472    309.667    303.382     0.1204     0.0096     0.1294   1861.303   78.83302    5.00022    34.9179    34.9184 0.0000e+00
   1756.000    -0.6332    -0.6328   2.920463   2.920541    310.355    303.950     0.1204     0.0048     0.1293   1862.255   78.83302    5.00022    34.9180    34.9186 0.0000e+00
   1757.000    -0.6325    -0.6321   2.920565   2.920638    310.509    303.788     0.1204     0.0018     0.1293   1863.216   78.83302    5.00022    34.9180    34.9185 0.0000e+00
   1758.000    -0.6337    -0.6336   2.920504   2.920542    310.438    303.325     0.1204     0.0047     0.1292   1864.189   78.83302    5.00022    34.9181    34.9185 0.0000e+00
   1759.000    -0.6353    -0.6347   2.920407   2.920499    310.061    303.602     0.1204     0.0096     0.1291   1865.173   78.83302    5.00022    34.9180    34.9185 0.0000e+00
   1760.000    -0.6371    -0.6368   2.920289   2.920348    310.069    303.962     0.1204     0.0081     0.1287   1866.157   78.83302    5.00022    34.9180    34.9184 0.0000e+00
   1761.000    -0.6377    -0.6372   2.920294   2.920358    310.088    303.579     0.1204     0.0017     0.1292   1867.133   78.83302    5.00022    34.9181    34.9184 0.0000e+00
   1762.000    -0.6384    -0.6380   2.920257   2.920337    309.335    303.318     0.1204     0.0020     0.1286   1868.108   78.83302    5.00022    34.9179    34.9184 0.0000e+00
   1763.000    -0.6385    -0.6381   2.920295   2.920367    309.823    303.380     0.1203     0.0150     0.1290   1869.077   78.83302    5.00022    34.9179    34.9184 0.0000e+00
   1764.000    -0.6384    -0.6382   2.920347   2.920405    309.743    303.501     0.1203     0.0111     0.1293   1870.039   78.83302    5.00022    34.9179    34.9185 0.0000e+00
   1765.000    -0.6387    -0.6382   2.920351   2.920433    309.550    303.475     0.1203     0.0096     0.1293   1871.005   78.83302    5.00022    34.9178    34.9184 0.0000e+00
   1766.000    -0.6397    -0.6394   2.920298   2.920366    309.925    303.567     0.1202     0.0096     0.1293   1871.976   78.83302    5.00022    34.9177    34.9183 0.0000e+00
   1767.000    -0.6400    -0.6392   2.920322   2.920427    310.002    303.488     0.1202     0.0061     0.1293   1872.948   78.83302    5.00021    34.9178    34.9183 0.0000e+00
   1768.000    -0.6421    -0.6416   2.920176   2.920248    309.923    303.498     0.1202     0.0014     0.1293   1873.923   78.83302    5.00020    34.9177    34.9181 0.0000e+00
   1769.000    -0.6432    -0.6431   2.920111   2.920158    309.578    303.505     0.1202     0.0036     0.1296   1874.895   78.83302    5.00020    34.9176    34.9180 0.0000e+00
   1770.000    -0.6437    -0.6433   2.920125   2.920174    309.755    303.496     0.1201     0.0093     0.1295   1875.860   78.83302    5.00020    34.9177    34.9180 0.0000e+00
   1771.000    -0.6439    -0.6436   2.920144   2.920207    310.411    303.205     0.1201     0.0096     0.1294   1876.823   78.83302    5.00020    34.9177    34.9181 0.0000e+00
   1772.000    -0.6441    -0.6438   2.920165   2.920223    310.183    303.240     0.1200     0.0094     0.1293   1877.790   78.83302    5.00021    34.9176    34.9181 0.0000e+00
   1773.000    -0.6443    -0.6440   2.920187   2.920243    310.390    303.354     0.1199     0.0022     0.1294   1878.766   78.83302    5.00022    34.9176    34.9180 0.0000e+00
   1774.000    -0.6445    -0.6442   2.920204   2.920275    310.484    302.813     0.1198     0.0071     0.1291   1879.748   78.83302    5.00022    34.9175    34.9181 0.0000e+00
   1775.000    -0.6452    -0.6442   2.920197   2.920311    310.218    303.311     0.1198     0.0096     0.1293   1880.729   78.83302    5.00021    34.9176    34.9181 0.0000e+00
   1776.000    -0.6454    -0.6450   2.920216   2.920288    309.938    303.584     0.1197     0.0096     0.1295   1881.701   78.83302    5.00020    34.9176    34.9181 0.0000e+00
   1777.000    -0.6453    -0.6449   2.920269   2.920345    309.723    303.526     0.1196     0.0066     0.1296   1882.657   78.83302    5.00020    34.9176    34.9181 0.0000e+00
   1778.000    -0.6452    -0.6447   2.920309   2.920406    310.121    303.594     0.1195     0.0013     0.1296   1883.605   78.83302    5.00020    34.9175    34.9182 0.0000e+00
   1779.000    -0.6436    -0.6433   2.920520   2.920593    310.107    303.193     0.1195     0.0017     0.1293   1884.560   78.83302    5.00020    34.9180    34.9186 0.0000e+00
   1780.000    -0.6417    -0.6414   2.920744   2.920814    310.242    303.142     0.1195     0.0138     0.1296   1885.525   78.83302    5.00020    34.9183    34.9188 0.0000e+00
   1781.000    -0.6417    -0.6414   2.920795   2.920856    309.991    303.533     0.1196     0.0030     0.1298   1886.499   78.83302    5.00020    34.9184    34.9188 0.0000e+00
   1782.000    -0.6423    -0.6419   2.920788   2.920853    309.898    303.633     0.1197     0.0074     0.1296   1887.493   78.83302    5.00020    34.9184    34.9188 0.0000e+00
   1783.000    -0.6444    -0.6438   2.920639   2.920730    309.652    303.367     0.1198     0.0036     0.1297   1888.488   78.83304    5.00020    34.9182    34.9187 0.0000e+00
   1784.000    -0.6433    -0.6429   2.920783   2.920867    309.530    303.383     0.1199     0.0100     0.1295   1889.467   78.83304    5.00020    34.9184    34.9190 0.0000e+00
   1785.000    -0.6439    -0.6432   2.920776   2.920858    309.849    303.418     0.1201     0.0089     0.1293   1890.425   78.83304    5.00020    34.9184    34.9187 0.0000e+00
   1786.000    -0.6464    -0.6461   2.920596   2.920651    309.528    302.946     0.1203     0.0038     0.1292   1891.368   78.83302    5.00020    34.9183    34.9187 0.0000e+00
   1787.000    -0.6461    -0.6456   2.920654   2.920733    309.514    302.783     0.1205     0.0077     0.1287   1892.317   78.83302    5.00020    34.9182    34.9187 0.0000e+00
   1788.000    -0.6463    -0.6455   2.920676   2.920787    309.547    303.211     0.1207     0.0021     0.1292   1893.285   78.83302    5.00020    34.9182    34.9187 0.0000e+00
   1789.000    -0.6470    -0.6468   2.920653   2.920717    309.300    303.151     0.1209     0.0087     0.1293   1894.272   78.83302    5.00020    34.9181    34.9187 0.0000e+00
   1790.000    -0.6469    -0.6468   2.920706   2.920761    309.125    303.031     0.1211     0.0023     0.1292   1895.270   78.83302    5.00018    34.9181    34.9187 0.0000e+00
   1791.000    -0.6467    -0.6463   2.920769   2.920842    309.552    302.675     0.1213     0.0123     0.1293   1896.258   78.83304    5.00018    34.9182    34.9187 0.0000e+00
   1792.000    -0.6470    -0.6468   2.920779   2.920837    309.895    303.229     0.1215     0.0112     0.1288   1897.230   78.83304    5.00018    34.9181    34.9186 0.0000e+00
   1793.000    -0.6469    -0.6465   2.920834   2.920894    309.971    303.204     0.1217     0.0046     0.1293   1898.188   78.83304    5.00020    34.9182    34.9186 0.0000e+00
   1794.000    -0.6469    -0.6465   2.920868   2.920938    309.553    303.165     0.1218     0.0009     0.1293   1899.138   78.83304    5.00020    34.9181    34.9186 0.0000e+00
   1795.000    -0.6465    -0.6462   2.920958   2.921007    309.275    302.770     0.1220    -0.0006     0.1299   1900.096   78.83302    5.00020    34.9183    34.9186 0.0000e+00
   1796.000    -0.6469    -0.6465   2.920963   2.921024    309.850    303.003     0.1221    -0.0004     0.1297   1901.066   78.83302    5.00020    34.9182    34.9187 0.0000e+00
   1797.000    -0.6469    -0.6465   2.920995   2.921060    309.877    303.061     0.1222     0.0015     0.1293   1902.050   78.83302    5.00020    34.9182    34.9186 0.0000e+00
   1798.000    -0.6466    -0.6464   2.921062   2.921121    309.802    303.152     0.1223     0.0085     0.1294   1903.039   78.83302    5.00018    34.9182    34.9187 0.0000e+00
   1799.000    -0.6467    -0.6472   2.921102   2.921087    309.570    303.308     0.1224     0.0017     0.1296   1904.015   78.83302    5.00018    34.9183    34.9186 0.0000e+00
   1800.000    -0.6512    -0.6510   2.920743   2.920767    309.186    303.191     0.1224     0.0005     0.1292   1904.975   78.83302    5.00018    34.9180    34.9182 0.0000e+00
   1801.000    -0.6538    -0.6536   2.920547   2.920594    309.518    302.816     0.1224     0.0006     0.1292   1905.933   78.83303    5.00018    34.9178    34.9182 0.0000e+00
   1802.000    -0.6538    -0.6536   2.920581   2.920645    309.531    302.742     0.1224     0.0005     0.1292   1906.897   78.83304    5.00018    34.9177    34.9183 0.0000e+00
   1803.000    -0.6537    -0.6531   2.920633   2.920725    309.565    303.134     0.1224     0.0047     0.1293   1907.861   78.83304    5.00018    34.9177    34.9183 0.0000e+00
   1804.000    -0.6554    -0.6550   2.920525   2.920591    309.720    303.143     0.1223     0.0065     0.1295   1908.825   78.83304    5.00019    34.9177    34.9181 0.0000e+00
   1805.000    -0.6563    -0.6559   2.920486   2.920560    309.824    303.416     0.1223     0.0014     0.1294   1909.793   78.83304    5.00020    34.9176    34.9182 0.0000e+00
   1806.000    -0.6571    -0.6568   2.920451   2.920512    309.384    303.433     0.1223     0.0017     0.1294   1910.756   78.83304    5.00020    34.9176    34.9180 0.0000e+00
   1807.000    -0.6572    -0.6569   2.920480   2.920542    309.300    303.212     0.1222     0.0021     0.1303   1911.711   78.83304    5.00019    34.9175    34.9180 0.0000e+00
