test_project/cnv_files/Sta0213_bin.cnv
* Sea-Bird SBE 9 Data File:
* FileName = C:\Seabird\CTDDATA\Sta0213.hex
* Software Version Seasave V 7.26.7.107
* Temperature SN = 03-4535
* Conductivity SN = 2860
* Number of Bytes Per Scan = 44
* Number of Voltage Words = 5
* Number of Scans Averaged by the Deck Unit = 1
* NMEA Latitude = 78 49.98 N
* NMEA Longitude = 010 30.02 W
* NMEA UTC (Time) = Sep 05 2019 20:53:02
* NMEA baud rate = 9600
** Ship: "Kronprins Haakon"
** Station: 0213
** Echodepth: 371
** Log: 5937.892
** Wind-Dir Force(m/s): 01 09
** Air-temp (dry): -1.2
** Weather Sky: 2 5
** Sea Ice: 1 4
# nquan = 17
# nvalues = 363                         
# units = specified
# name 0 = prDM: Pressure, Digiquartz [db]
# name 1 = t090C: Temperature [ITS-90, deg C]
# name 2 = t190C: Temperature, 2 [ITS-90, deg C]
# name 3 = c0S/m: Conductivity [S/m]
# name 4 = c1S/m: Conductivity, 2 [S/m]
# name 5 = sbox0Mm/Kg: Oxygen, SBE 43 [umol/kg]
# name 6 = sbox1Mm/Kg: Oxygen, SBE 43, 2 [umol/kg]
# name 7 = wetCDOM: Fluorescence, WET Labs CDOM [mg/m^3]
# name 8 = flECO-AFL: Fluorescence, WET Labs ECO-AFL/FL [mg/m^3]
# name 9 = CStarAt0: Beam Attenuation, WET Labs C-Star [1/m]
# name 10 = timeS: Time, Elapsed [seconds]
# name 11 = latitude: Latitude [deg]
# name 12 = longitude: Longitude [deg]
# name 13 = upoly0: Upoly 0, ISUS
# name 14 = sal00: Salinity, Practical [PSU]
# name 15 = sal11: Salinity, Practical, 2 [PSU]
# name 16 = flag: flag
# span 0 =      2.000,    364.000       
# span 1 =    -1.7008,     1.2369       
# span 2 =    -1.7005,     1.2363       
# span 3 =   2.440420,   3.013259       
# span 4 =   2.440765,   3.013183       
# span 5 =    304.040,    419.914       
# span 6 =    298.469,    416.174       
# span 7 =     0.1170,     0.1784       
# span 8 =     0.0011,     0.9087       
# span 9 =     0.1498,     0.3319       
# span 10 =    380.169,    758.587      
# span 11 =   78.83234,   78.83264      
# span 12 =  -10.49946,  -10.49818      
# span 13 =  12.534783,  25.258103      
# span 14 =    30.1259,    34.8168      
# span 15 =    30.1320,    34.8165      
# span 16 = 0.0000e+00, 0.0000e+00      
# interval = decibars: 1                
# start_time = Sep 05 2019 20:53:02 [NMEA time, header]
# bad_flag = -9.990e-29
*END*
[from data line 341]
    343.000     1.1262     1.1257   3.001525   3.001375    310.057    303.932     0.1173     0.0096     0.2093    737.471   78.83236  -10.49822  24.211621    34.8017    34.8004 0.0000e+00
    344.000     1.1192     1.1193   3.000919   3.000863    309.739    303.345     0.1170     0.0096     0.2105    738.518   78.83236  -10.49822  24.121040    34.8011    34.8003 0.0000e+00
    345.000     1.1180     1.1179   3.000882   3.000852    309.853    302.902     0.1170     0.0103     0.2118    739.556   78.83236  -10.49821  24.094312    34.8014    34.8012 0.0000e+00
    346.000     1.1548     1.1502   3.004472   3.004060    309.587    302.530     0.1172     0.0166     0.2153    740.589   78.83236  -10.49820  24.740598    34.8059    34.8058 0.0000e+00
    347.000     1.1670     1.1687   3.005721   3.005819    309.577    302.522     0.1177     0.0170     0.2198    741.616   78.83236  -10.49820  24.302228    34.8078    34.8072 0.0000e+00
    348.000     1.1792     1.1791   3.006952   3.006873    309.787    302.345     0.1182     0.0168     0.2239    742.644   78.83236  -10.49820  24.068242    34.8094    34.8085 0.0000e+00
    349.000     1.1782     1.1789   3.006936   3.006894    309.362    302.680     0.1188     0.0108     0.2285    743.677   78.83236  -10.49820  24.255150    34.8097    34.8085 0.0000e+00
    350.000     1.1715     1.1717   3.006349   3.006302    308.720    303.049     0.1193     0.0154     0.2329    744.717   78.83236  -10.49820  24.348201    34.8091    34.8083 0.0000e+00
    351.000     1.1781     1.1775   3.007012   3.006898    307.680    303.097     0.1197     0.0168     0.2365    745.765   78.83236  -10.49820  24.524688    34.8097    34.8089 0.0000e+00
    352.000     1.1924     1.1883   3.008418   3.007982    308.224    303.545     0.1199     0.0169     0.2392    746.820   78.83235  -10.49820  24.472427    34.8112    34.8102 0.0000e+00
    353.000     1.1807     1.1795   3.007366   3.007153    309.229    303.670     0.1202     0.0114     0.2427    747.881   78.83234  -10.49820  24.492699    34.8102    34.8088 0.0000e+00
    354.000     1.1904     1.1883   3.008323   3.008113    309.429    303.317     0.1205     0.0097     0.2452    748.944   78.83234  -10.49819  23.964026    34.8110    34.8107 0.0000e+00
    355.000     1.1991     1.2006   3.009198   3.009307    308.716    303.279     0.1210     0.0192     0.2450    750.008   78.83234  -10.49818  24.519458    34.8121    34.8118 0.0000e+00
    356.000     1.2055     1.2074   3.009861   3.009963    309.214    303.366     0.1217     0.0150     0.2455    751.059   78.83234  -10.49818  24.728952    34.8128    34.8120 0.0000e+00
    357.000     1.2082     1.2056   3.010184   3.009881    309.172    303.871     0.1224     0.0097     0.2455    752.112   78.83234  -10.49818  24.464777    34.8133    34.8124 0.0000e+00
    358.000     1.2178     1.2181   3.011128   3.011091    309.031    303.565     0.1231     0.0096     0.2448    753.159   78.83234  -10.49818  24.387744    34.8143    34.8134 0.0000e+00
    359.000     1.2180     1.2184   3.011194   3.011167    309.685    303.644     0.1237     0.0131     0.2465    754.200   78.83234  -10.49818  24.455874    34.8143    34.8135 0.0000e+00
    360.000     1.2180     1.2183   3.011250   3.011225    309.675    303.979     0.1252     0.0136     0.2470    755.227   78.83234  -10.49818  24.296993    34.8144    34.8137 0.0000e+00
    361.000     1.2186     1.2191   3.011356   3.011338    309.364    303.954     0.1249     0.0111     0.2462    756.138   78.83234  -10.49818  23.955162    34.8145    34.8138 0.0000e+00
    362.000     1.2338     1.2276   3.012866   3.012248    309.008    303.838     0.1244     0.0170     0.2457    756.911   78.83234  -10.49818  23.959988    34.8163    34.8153 0.0000e+00
    363.000     1.2328     1.2320   3.012838   3.012667    309.328    303.775     0.1241     0.0222     0.2454    757.687   78.83234  -10.49818  24.304732    34.8165    34.8152 0.0000e+00
    364.000     1.2369     1.2363   3.013259   3.013183    310.443    303.865     0.1240     0.0129     0.2454    758.587   78.83234  -10.49818  24.606093    34.8168    34.8165 0.0000e+00
