test_project/cnv_files/Sta0214_bin.cnv
* Sea-Bird SBE 9 Data File:
* FileName = C:\Seabird\CTDDATA\Sta0214.hex
* Software Version Seasave V 7.26.7.107
* Temperature SN = 03-4535
* Conductivity SN = 2860
* Number of Bytes Per Scan = 44
* Number of Voltage Words = 5
* Number of Scans Averaged by the Deck Unit = 1
* NMEA Latitude = 78 50.00 N
* NMEA Longitude = 010 59.97 W
* NMEA UTC (Time) = Sep 05 2019 22:21:07
* NMEA baud rate = 9600
** Ship: "Kronprins Haakon"
** Station: 0214
** Echodepth: 327
** Log: 5943.854
** Wind-Dir Force(m/s): 01 12
** Air-temp (dry): -1.1
** Weather Sky: 1 6
** Sea Ice: 1 4
# nquan = 17
# nvalues = 315                         
# units = specified
# name 0 = prDM: Pressure, Digiquartz [db]
# name 1 = t090C: Temperature [ITS-90, deg C]
# name 2 = t190C: Temperature, 2 [ITS-90, deg C]
# name 3 = c0S/m: Conductivity [S/m]
# name 4 = c1S/m: Conductivity, 2 [S/m]
# name 5 = sbox0Mm/Kg: Oxygen, SBE 43 [umol/kg]
# name 6 = sbox1Mm/Kg: Oxygen, SBE 43, 2 [umol/kg]
# name 7 = wetCDOM: Fluorescence, WET Labs CDOM [mg/m^3]
# name 8 = flECO-AFL: Fluorescence, WET Labs ECO-AFL/FL [mg/m^3]
# name 9 = CStarAt0: Beam Attenuation, WET Labs C-Star [1/m]
# name 10 = timeS: Time, Elapsed [seconds]
# name 11 = latitude: Latitude [deg]
# name 12 = longitude: Longitude [deg]
# name 13 = upoly0: Upoly 0, ISUS
# name 14 = sal00: Salinity, Practical [PSU]
# name 15 = sal11: Salinity, Practical, 2 [PSU]
# name 16 = flag: flag
# span 0 =      2.000,    316.000       
# span 1 =    -1.7132,     1.2584       
# span 2 =    -1.7135,     1.2574       
# span 3 =   2.447466,   3.012457       
# span 4 =   2.447321,   3.012344       
# span 5 =    301.716,    428.998       
# span 6 =    297.753,    424.962       
# span 7 =     0.1177,     0.1793       
# span 8 =     0.0020,     0.8844       
# span 9 =     0.1501,     0.4336       
# span 10 =    234.001,    560.437      
# span 11 =   78.83334,   78.83336      
# span 12 =  -10.99966,  -10.99958      
# span 13 =  13.987288,  26.292937      
# span 14 =    30.0989,    34.8105      
# span 15 =    30.1012,    34.8102      
# span 16 = 0.0000e+00, 0.0000e+00      
# interval = decibars: 1                
# start_time = Sep 05 2019 22:21:07 [NMEA time, header]
# bad_flag = -9.990e-29
*END*
[from data line 86]
     88.000    -1.5441    -1.5437   2.612914   2.612848    377.456    373.675     0.1792     0.0756     0.1622    326.427   78.83336  -10.99962  18.490061    32.7433    32.7420 0.0000e+00
     89.000    -1.5352    -1.5360   2.615452   2.615349    376.136    372.852     0.1791     0.0688     0.1617    327.450   78.83336  -10.99962  18.565432    32.7680    32.7674 0.0000e+00
     90.000    -1.5274    -1.5277   2.617230   2.617149    374.169    372.119     0.1790     0.0535     0.1630    328.470   78.83336  -10.99962  18.924120    32.7832    32.7825 0.0000e+00
     91.000    -1.5238    -1.5242   2.618313   2.618243    373.733    371.380     0.1789     0.0555     0.1641    329.484   78.83336  -10.99962  19.053775    32.7935    32.7931 0.0000e+00
     92.000    -1.5105    -1.5115   2.621040   2.620940    372.454    369.680     0.1787     0.0625     0.1641    330.508   78.83336  -10.99962  18.788083    32.8159    32.8156 0.0000e+00
     93.000    -1.4943    -1.4950   2.624391   2.624300    371.636    368.367     0.1786     0.0711     0.1637    331.537   78.83336  -10.99962  19.002075    32.8435    32.8431 0.0000e+00
     94.000    -1.4792    -1.4800   2.628812   2.628702    371.682    368.206     0.1784     0.0812     0.1640    332.576   78.83336  -10.99962  18.864869    32.8871    32.8865 0.0000e+00
     95.000    -1.4720    -1.4723   2.631772   2.631675    371.859    368.452     0.1782     0.0776     0.1646    333.622   78.83336  -10.99962  19.227123    32.9194    32.9183 0.0000e+00
     96.000    -1.4622    -1.4628   2.635386   2.635262    371.771    368.201     0.1779     0.0896     0.1637    334.670   78.83336  -10.99962  19.331791    32.9576    32.9566 0.0000e+00
     97.000    -1.4422    -1.4426   2.639698   2.639619    370.401    367.247     0.1777     0.0890     0.1645    335.717   78.83336  -10.99962  19.050828    32.9942    32.9935 0.0000e+00
     98.000    -1.4229    -1.4244   2.643654   2.643546    369.278    366.179     0.1774     0.0761     0.1647    336.755   78.83336  -10.99962  19.105998    33.0266    33.0268 0.0000e+00
     99.000    -1.4133    -1.4131   2.647507   2.647432    367.872    365.294     0.1771     0.0690     0.1650    337.786   78.83336  -10.99962  19.183476    33.0683    33.0671 0.0000e+00
    100.000    -1.3977    -1.3986   2.650623   2.650601    366.110    363.817     0.1768     0.0684     0.1648    338.815   78.83336  -10.99962  19.184185    33.0933    33.0939 0.0000e+00
    101.000    -1.3532    -1.3560   2.657257   2.657062    363.584    361.530     0.1765     0.0739     0.1647    339.844   78.83336  -10.99962  19.405384    33.1343    33.1348 0.0000e+00
    102.000    -1.3280    -1.3275   2.662874   2.662831    363.373    360.798     0.1761     0.0698     0.1647    340.879   78.83336  -10.99962  19.732269    33.1828    33.1818 0.0000e+00
    103.000    -1.3113    -1.3121   2.666021   2.665934    363.287    360.339     0.1757     0.0628     0.1641    341.914   78.83336  -10.99962  19.590722    33.2068    33.2065 0.0000e+00
    104.000    -1.2786    -1.2803   2.669972   2.669846    360.467    358.521     0.1753     0.0606     0.1643    342.955   78.83336  -10.99962  19.921340    33.2240    33.2242 0.0000e+00
    105.000    -1.2580    -1.2580   2.674774   2.674661    358.222    356.825     0.1749     0.0510     0.1646    344.003   78.83336  -10.99962  20.355538    33.2663    33.2647 0.0000e+00
    106.000    -1.2624    -1.2627   2.677394   2.677318    357.700    356.020     0.1744     0.0501     0.1638    345.039   78.83336  -10.99962  20.483148    33.3065    33.3058 0.0000e+00
    107.000    -1.2698    -1.2689   2.677537   2.677486    355.593    354.587     0.1739     0.0573     0.1635    346.074   78.83336  -10.99962  20.531825    33.3161    33.3143 0.0000e+00
    108.000    -1.2189    -1.2221   2.682926   2.682763    353.323    352.776     0.1734     0.0643     0.1633    347.102   78.83336  -10.99962  20.021461    33.3326    33.3338 0.0000e+00
    109.000    -1.2211    -1.2203   2.686868   2.686761    354.076    352.667     0.1728     0.0583     0.1626    348.124   78.83336  -10.99962  19.955042    33.3883    33.3860 0.0000e+00
    110.000    -1.1694    -1.1722   2.695523   2.695370    355.147    352.402     0.1723     0.0481     0.1628    349.148   78.83336  -10.99962  20.321103    33.4484    33.4495 0.0000e+00
    111.000    -1.1185    -1.1193   2.702224   2.702163    354.707    351.474     0.1717     0.0488     0.1622    350.172   78.83336  -10.99962  20.499381    33.4825    33.4825 0.0000e+00
    112.000    -1.1903    -1.1901   2.699620   2.699437    355.231    352.181     0.1711     0.0455     0.1621    351.208   78.83334  -10.99962  20.433517    33.5265    33.5238 0.0000e+00
    113.000    -1.1188    -1.1197   2.707208   2.707123    350.998    349.231     0.1705     0.0678     0.1616    352.247   78.83334  -10.99962  20.426966    33.5496    33.5494 0.0000e+00
    114.000    -1.2332    -1.2242   2.700985   2.701085    350.644    349.259     0.1699     0.0683     0.1617    353.295   78.83334  -10.99962  20.344672    33.5921    33.5834 0.0000e+00
    115.000    -1.3149    -1.3159   2.696228   2.696172    351.364    349.805     0.1692     0.0760     0.1617    354.352   78.83334  -10.99962  21.268819    33.6180    33.6183 0.0000e+00
    116.000    -1.3255    -1.3245   2.696646   2.696576    347.495    347.714     0.1686     0.1136     0.1614    355.409   78.83334  -10.99962  19.888279    33.6350    33.6329 0.0000e+00
    117.000    -1.3246    -1.3253   2.698449   2.698331    352.719    350.402     0.1679     0.1152     0.1615    356.463   78.83334  -10.99962  19.594563    33.6582    33.6573 0.0000e+00
    118.000    -1.4058    -1.4002   2.694048   2.694085    362.930    355.840     0.1673     0.1089     0.1623    357.502   78.83334  -10.99962  19.403967    33.6886    33.6827 0.0000e+00
    119.000    -1.4844    -1.4841   2.688944   2.688865    368.390    358.919     0.1666     0.1091     0.1637    358.524   78.83334  -10.99962  19.630279    33.7063    33.7049 0.0000e+00
    120.000    -1.4825    -1.4830   2.689945   2.689851    367.381    358.955     0.1659     0.1323     0.1652    359.542   78.83334  -10.99962  19.287739    33.7174    33.7167 0.0000e+00
    121.000    -1.4735    -1.4742   2.691772   2.691662    371.299    362.361     0.1652     0.1275     0.1672    360.555   78.83334  -10.99962  18.327573    33.7318    33.7310 0.0000e+00
    122.000    -1.4610    -1.4616   2.694554   2.694468    378.700    367.036     0.1646     0.1338     0.1684    361.572   78.83334  -10.99962  18.717071    33.7554    33.7549 0.0000e+00
    123.000    -1.4346    -1.4363   2.699773   2.699655    381.487    369.035     0.1639     0.1357     0.1705    362.595   78.83334  -10.99962  18.519312    33.7969    33.7971 0.0000e+00
    124.000    -1.4204    -1.4204   2.703565   2.703492    380.964    369.227     0.1632     0.1311     0.1718    363.633   78.83334  -10.99961  19.051237    33.8324    33.8315 0.0000e+00
    125.000    -1.4205    -1.4207   2.704100   2.704023    378.215    368.974     0.1625     0.1273     0.1721    364.685   78.83334  -10.99960  19.089974    33.8393    33.8384 0.0000e+00
    126.000    -1.4191    -1.4192   2.704828   2.704764    373.342    366.785     0.1618     0.1281     0.1718    365.740   78.83334  -10.99960  18.880742    33.8472    33.8464 0.0000e+00
    127.000    -1.4237    -1.4234   2.705410   2.705329    368.525    363.812     0.1610     0.1279     0.1719    366.804   78.83334  -10.99960  19.142183    33.8597    33.8583 0.0000e+00
    128.000    -1.4232    -1.4237   2.707091   2.706990    365.302    361.768     0.1603     0.1212     0.1717    367.861   78.83334  -10.99960  19.425356    33.8818    33.8809 0.0000e+00
    129.000    -1.4179    -1.4178   2.709437   2.709371    363.466    360.610     0.1595     0.1222     0.1709    368.914   78.83334  -10.99960  19.560803    33.9074    33.9064 0.0000e+00
    130.000    -1.4217    -1.4218   2.709927   2.709870    363.632    360.055     0.1587     0.1268     0.1697    369.958   78.83334  -10.99960  19.738155    33.9178    33.9172 0.0000e+00
    131.000    -1.4198    -1.4200   2.710497   2.710429    363.593    359.534     0.1579     0.1215     0.1685    370.982   78.83334  -10.99960  19.907064    33.9229    33.9222 0.0000e+00
    132.000    -1.4131    -1.4142   2.711373   2.711271    362.175    358.590     0.1570     0.1160     0.1674    371.994   78.83334  -10.99960  19.705110    33.9267    33.9266 0.0000e+00
    133.000    -1.3032    -1.3117   2.722598   2.722230    360.471    356.997     0.1562     0.1141     0.1669    373.008   78.83334  -10.99960  19.139325    33.9557    33.9604 0.0000e+00
    134.000    -1.1933    -1.1979   2.735103   2.734852    361.421    356.591     0.1553     0.1039     0.1658    374.022   78.83334  -10.99960  19.629773    34.0020    34.0038 0.0000e+00
    135.000    -1.1287    -1.1296   2.743225   2.743128    364.464    357.472     0.1544     0.0833     0.1639    375.050   78.83334  -10.99960  20.171910    34.0393    34.0389 0.0000e+00
    136.000    -1.1255    -1.1254   2.744046   2.743973    360.550    355.718     0.1535     0.0813     0.1635    376.085   78.83334  -10.99960  20.883490    34.0463    34.0452 0.0000e+00
    137.000    -1.1302    -1.1298   2.743826   2.743794    350.485    350.515     0.1526     0.0691     0.1606    377.139   78.83334  -10.99960  21.082091    34.0480    34.0471 0.0000e+00
    138.000    -1.1372    -1.1373   2.743362   2.743251    341.278    345.247     0.1516     0.0688     0.1601    378.200   78.83334  -10.99960  21.299569    34.0489    34.0475 0.0000e+00
    139.000    -1.1587    -1.1581   2.741599   2.741566    338.065    342.406     0.1507     0.0752     0.1595    379.264   78.83334  -10.99960  21.234030    34.0486    34.0474 0.0000e+00
    140.000    -1.1612    -1.1599   2.741443   2.741471    338.260    341.466     0.1498     0.0817     0.1574    380.322   78.83334  -10.99960  21.112101    34.0487    34.0476 0.0000e+00
    141.000    -1.1712    -1.1712   2.741025   2.741000    340.155    341.524     0.1489     0.0753     0.1564    381.365   78.83334  -10.99960  21.131518    34.0537    34.0534 0.0000e+00
    142.000    -1.1768    -1.1771   2.741621   2.741584    343.141    342.104     0.1480     0.0691     0.1568    382.393   78.83334  -10.99960  21.058690    34.0676    34.0674 0.0000e+00
    143.000    -1.1663    -1.1664   2.743172   2.743124    345.066    342.149     0.1472     0.0682     0.1562    383.409   78.83334  -10.99960  21.095328    34.0762    34.0757 0.0000e+00
    144.000    -1.1601    -1.1595   2.744492   2.744564    346.670    342.344     0.1464     0.0620     0.1544    384.422   78.83334  -10.99960  21.903729    34.0866    34.0870 0.0000e+00
    145.000    -1.1438    -1.1442   2.746538   2.746479    347.226    342.485     0.1456     0.0603     0.1539    385.435   78.83334  -10.99960  21.495797    34.0955    34.0951 0.0000e+00
    146.000    -1.1120    -1.1148   2.750349   2.750283    346.030    342.039     0.1448     0.0652     0.1534    386.448   78.83334  -10.99960  21.573446    34.1109    34.1132 0.0000e+00
    147.000    -1.0619    -1.0641   2.756668   2.756448    345.064    341.116     0.1441     0.0601     0.1536    387.471   78.83334  -10.99960  21.358154    34.1397    34.1391 0.0000e+00
    148.000    -1.0641    -1.0637   2.756655   2.756606    344.980    340.709     0.1434     0.0497     0.1529    388.509   78.83334  -10.99960  21.427371    34.1414    34.1403 0.0000e+00
    149.000    -1.0359    -1.0375   2.759497   2.759417    342.324    339.043     0.1427     0.0458     0.1522    389.563   78.83334  -10.99960  21.714840    34.1475    34.1481 0.0000e+00
    150.000    -1.0542    -1.0525   2.759338   2.759296    338.901    337.467     0.1421     0.0449     0.1522    390.624   78.83334  -10.99960  21.762449    34.1654    34.1630 0.0000e+00
    151.000    -1.0235    -1.0287   2.762294   2.761900    336.932    335.657     0.1415     0.0445     0.1508    391.681   78.83334  -10.99960  21.985790    34.1703    34.1708 0.0000e+00
    152.000    -0.9857    -0.9875   2.765965   2.765822    335.217    334.248     0.1409     0.0444     0.1508    392.733   78.83334  -10.99960  22.322350    34.1768    34.1769 0.0000e+00
    153.000    -0.9423    -0.9437   2.770225   2.770099    335.690    333.956     0.1404     0.0399     0.1503    393.775   78.83334  -10.99960  21.866917    34.1849    34.1847 0.0000e+00
    154.000    -0.9228    -0.9243   2.772261   2.772123    336.547    333.831     0.1399     0.0339     0.1501    394.805   78.83334  -10.99960  22.289929    34.1898    34.1896 0.0000e+00
    155.000    -0.8770    -0.8790   2.777127   2.777044    334.854    332.816     0.1394     0.0437     0.1507    395.829   78.83334  -10.99960  22.623252    34.2032    34.2045 0.0000e+00
    156.000    -0.8260    -0.8260   2.782373   2.782316    332.993    331.544     0.1389     0.0362     0.1512    396.843   78.83334  -10.99960  22.963468    34.2160    34.2153 0.0000e+00
    157.000    -0.8232    -0.8241   2.783044   2.782934    332.508    331.391     0.1385     0.0237     0.1522    397.861   78.83334  -10.99960  22.974682    34.2213    34.2209 0.0000e+00
    158.000    -0.7967    -0.7983   2.785954   2.785799    331.217    330.407     0.1381     0.0305     0.1523    398.883   78.83334  -10.99960  22.824741    34.2301    34.2299 0.0000e+00
    159.000    -0.7226    -0.7272   2.792989   2.792750    328.498    328.170     0.1377     0.0372     0.1542    399.911   78.83334  -10.99960  22.802980    34.2408    34.2427 0.0000e+00
    160.000    -0.6723    -0.6742   2.798102   2.797920    328.093    327.372     0.1373     0.0310     0.1563    400.949   78.83334  -10.99960  22.957949    34.2522    34.2519 0.0000e+00
    161.000    -0.6516    -0.6525   2.800360   2.800223    329.322    327.468     0.1370     0.0373     0.1571    401.992   78.83334  -10.99960  22.838431    34.2587    34.2579 0.0000e+00
    162.000    -0.6358    -0.6363   2.802050   2.801959    327.580    326.690     0.1367     0.0325     0.1567    403.041   78.83334  -10.99960  22.970876    34.2631    34.2624 0.0000e+00
    163.000    -0.6165    -0.6180   2.804176   2.804080    324.771    325.596     0.1364     0.0248     0.1572    404.096   78.83334  -10.99960  24.133116    34.2692    34.2697 0.0000e+00
    164.000    -0.5588    -0.5615   2.809936   2.809663    322.996    323.849     0.1362     0.0231     0.1568    405.142   78.83334  -10.99960  23.259291    34.2809    34.2803 0.0000e+00
    165.000    -0.5160    -0.5191   2.814437   2.814126    324.124    323.628     0.1360     0.0166     0.1558    406.187   78.83334  -10.99960  23.444212    34.2924    34.2918 0.0000e+00
    166.000    -0.5350    -0.5354   2.813601   2.813609    325.589    323.711     0.1358     0.0199     0.1550    407.222   78.83334  -10.99960  23.485865    34.3022    34.3026 0.0000e+00
    167.000    -0.4676    -0.4691   2.820586   2.820464    322.714    322.279     0.1356     0.0233     0.1554    408.251   78.83334  -10.99960  23.643305    34.3192    34.3192 0.0000e+00
    168.000    -0.4120    -0.4152   2.826753   2.826549    321.070    321.306     0.1355     0.0237     0.1548    409.277   78.83334  -10.99960  23.561305    34.3385    34.3393 0.0000e+00
    169.000    -0.3623    -0.3637   2.831877   2.831754    322.308    321.272     0.1354     0.0231     0.1542    410.294   78.83334  -10.99960  23.487716    34.3504    34.3504 0.0000e+00
    170.000    -0.3408    -0.3419   2.834127   2.833990    322.530    321.338     0.1353     0.0224     0.1543    411.308   78.83334  -10.99960  23.815553    34.3556    34.3550 0.0000e+00
    171.000    -0.2817    -0.2851   2.839890   2.839701    320.683    320.396     0.1353     0.0185     0.1551    412.324   78.83334  -10.99960  24.279264    34.3653    34.3667 0.0000e+00
