test_project/cnv_files/sta0194_bin.cnv
* Sea-Bird SBE 9 Data File:
* FileName = C:\Seabird\CTDDATA\Sta0194.hex
* Software Version Seasave V 7.26.7.107
* Temperature SN = 03-4535
* Conductivity SN = 2860
* Number of Bytes Per Scan = 44
* Number of Voltage Words = 5
* Number of Scans Averaged by the Deck Unit = 1
* NMEA Latitude = 78 49.97 N
* NMEA Longitude = 000 00.03 W
* NMEA UTC (Time) = Sep 02 2019 08:17:30
* NMEA baud rate = 9600
** Ship: "Kronprins Haakon"
** Station: 194
** Echodepth: 2587
** Log: 5704.18
** Wind-Dir Force(m/s): 03 24
** Air-temp (dry): 0.7
** Weather Sky: 0 0
** Sea Ice: 0 0
# nquan = 16
# nvalues = 2616                        
# units = specified
# name 0 = prDM: Pressure, Digiquartz [db]
# name 1 = t090C: Temperature [ITS-90, deg C]
# name 2 = t190C: Temperature, 2 [ITS-90, deg C]
# name 3 = c0S/m: Conductivity [S/m]
# name 4 = c1S/m: Conductivity, 2 [S/m]
# name 5 = sbox0Mm/Kg: Oxygen, SBE 43 [umol/kg]
# name 6 = sbox1Mm/Kg: Oxygen, SBE 43, 2 [umol/kg]
# name 7 = wetCDOM: Fluorescence, WET Labs CDOM [mg/m^3]
# name 8 = flECO-AFL: Fluorescence, WET Labs ECO-AFL/FL [mg/m^3]
# name 9 = CStarAt0: Beam Attenuation, WET Labs C-Star [1/m]
# name 10 = timeS: Time, Elapsed [seconds]
# name 11 = latitude: Latitude [deg]
# name 12 = longitude: Longitude [deg]
# name 13 = sal00: Salinity, Practical [PSU]
# name 14 = sal11: Salinity, Practical, 2 [PSU]
# name 15 = flag: flag
# span 0 =      3.000,   2618.000       
# span 1 =    -1.7556,     2.5665       
# span 2 =    -1.7572,     2.5668       
# span 3 =   2.645275,   3.130358       
# span 4 =   2.645079,   3.130232       
# span 5 =    299.359,    409.772       
# span 6 =    286.371,    382.399       
# span 7 =     0.0998,     0.1621       
# span 8 =    -0.0063,     1.0699       
# span 9 =     0.1086,     0.4186       
# span 10 =    423.616,   3056.026      
# span 11 =   78.83296,   78.83300      
# span 12 =   -0.00094,   -0.00056      
# span 13 =    31.6062,    34.9505      
# span 14 =    31.6028,    34.9500      
# span 15 = 0.0000e+00, 0.0000e+00      
# interval = decibars: 1                
# start_time = Sep 02 2019 08:17:30 [NMEA time, header]
# bad_flag = -9.990e-29
*END*
      3.000     1.1278     1.1223   2.738371   2.737775    363.738    347.816     0.1172     1.0093     0.4149    423.616   78.83300   -0.00062    31.6304    31.6285 0.0000e+00
      4.000     1.1646     1.1667   2.739812   2.739606    363.464    347.574     0.1170     0.9564     0.4096    425.481   78.83300   -0.00062    31.6109    31.6061 0.0000e+00
      5.000     1.1728     1.1726   2.740201   2.739904    365.656    346.067     0.1165     1.0275     0.4160    430.872   78.83300   -0.00062    31.6070    31.6035 0.0000e+00
      6.000     1.1739     1.1744   2.740271   2.740039    365.602    346.676     0.1166     1.0295     0.4176    435.806   78.83300   -0.00062    31.6062    31.6028 0.0000e+00
      7.000     1.1688     1.1738   2.740086   2.740106    366.003    347.068     0.1133     1.0374     0.4186    437.725   78.83300   -0.00062    31.6085    31.6037 0.0000e+00
      8.000     1.1633     1.1738   2.739873   2.740175    366.082    348.053     0.1243     1.0465     0.4167    440.693   78.83300   -0.00063    31.6108    31.6039 0.0000e+00
      9.000     1.0295     1.0231   2.734471   2.733456    367.598    349.883     0.1296     1.0699     0.4173    442.560   78.83300   -0.00063    31.6780    31.6714 0.0000e+00
     10.000    -0.4776    -0.4008   2.677378   2.679062    376.300    357.895     0.1357     0.9930     0.4176    443.851   78.83300   -0.00062    32.5094    32.4493 0.0000e+00
     11.000    -1.3047    -1.3263   2.645714   2.645079    355.242    339.446     0.1422     0.9620     0.4069    445.557   78.83300   -0.00063    32.9781    32.9934 0.0000e+00
     12.000    -1.5172    -1.5091   2.645275   2.645523    377.564    348.926     0.1485     0.9200     0.3887    447.460   78.83300   -0.00064    33.2069    33.2014 0.0000e+00
     13.000    -1.5088    -1.5091   2.654195   2.654258    387.749    359.524     0.1541     0.5727     0.3443    448.724   78.83300   -0.00064    33.3202    33.3214 0.0000e+00
     14.000    -1.4791    -1.4802   2.663866   2.664265    386.033    359.383     0.1584     0.6175     0.2867    449.791   78.83300   -0.00064    33.4197    33.4264 0.0000e+00
     15.000    -1.0121    -1.0294   2.711117   2.710306    379.652    354.516     0.1611     0.5973     0.2744    450.916   78.83300   -0.00064    33.5439    33.5522 0.0000e+00
     16.000    -0.2355    -0.2578   2.783530   2.782147    384.914    358.534     0.1621     0.7771     0.2775    452.273   78.83300   -0.00064    33.6554    33.6616 0.0000e+00
     17.000    -1.0768    -1.0723   2.718178   2.717597    409.772    382.399     0.1616     0.8022     0.2624    453.674   78.83300   -0.00064    33.7117    33.6988 0.0000e+00
     18.000    -1.1585    -1.1591   2.713459   2.713482    391.343    371.819     0.1600     0.4982     0.2664    454.847   78.83300   -0.00064    33.7386    33.7395 0.0000e+00
     19.000    -1.1448    -1.1443   2.715878   2.715935    387.064    367.122     0.1581     0.3033     0.2490    455.826   78.83300   -0.00064    33.7556    33.7559 0.0000e+00
     20.000    -1.1534    -1.1533   2.715759   2.715769    382.296    360.562     0.1560     0.2521     0.2231    456.781   78.83300   -0.00064    33.7631    33.7631 0.0000e+00
     21.000    -1.1038    -1.1085   2.721863   2.721649    364.464    345.107     0.1540     0.2549     0.2057    457.836   78.83300   -0.00064    33.7900    33.7924 0.0000e+00
     22.000    -1.0304    -1.0311   2.729768   2.729839    352.591    334.765     0.1521     0.2927     0.1981    459.101   78.83300   -0.00064    33.8146    33.8164 0.0000e+00
     23.000    -0.9235    -0.9232   2.741389   2.741586    349.975    331.419     0.1504     0.3196     0.1942    460.419   78.83300   -0.00064    33.8520    33.8542 0.0000e+00
     24.000    -0.8385    -0.8413   2.750546   2.750459    348.259    329.939     0.1489     0.2336     0.1876    461.475   78.83300   -0.00066    33.8800    33.8820 0.0000e+00
     25.000    -0.7938    -0.7917   2.755806   2.755851    347.009    328.498     0.1474     0.1750     0.1827    462.364   78.83300   -0.00064    33.9005    33.8987 0.0000e+00
     26.000    -0.9998    -0.9890   2.739635   2.740008    347.118    328.779     0.1461     0.1335     0.1765    463.235   78.83300   -0.00064    33.9122    33.9051 0.0000e+00
     27.000    -0.9897    -0.9951   2.742281   2.742133    340.171    323.304     0.1450     0.0934     0.1698    464.181   78.83300   -0.00064    33.9363    33.9404 0.0000e+00
     28.000    -0.9099    -0.9120   2.751037   2.751006    334.020    316.769     0.1440     0.0663     0.1675    465.281   78.83300   -0.00064    33.9648    33.9667 0.0000e+00
     29.000    -0.8310    -0.8339   2.759996   2.759903    338.492    318.356     0.1430     0.0575     0.1666    466.494   78.83300   -0.00065    33.9968    33.9989 0.0000e+00
     30.000    -0.8041    -0.8050   2.763245   2.763198    341.571    321.039     0.1422     0.0575     0.1637    467.762   78.83300   -0.00066    34.0099    34.0103 0.0000e+00
     31.000    -0.8362    -0.8349   2.761343   2.761342    339.635    319.958     0.1413     0.0609     0.1606    468.973   78.83300   -0.00066    34.0197    34.0182 0.0000e+00
     32.000    -0.8865    -0.8841   2.757727   2.757851    336.323    317.046     0.1404     0.0601     0.1589    470.049   78.83300   -0.00064    34.0268    34.0258 0.0000e+00
     33.000    -0.9550    -0.9528   2.752466   2.752445    333.875    314.457     0.1395     0.0650     0.1579    471.024   78.83300   -0.00064    34.0321    34.0293 0.0000e+00
     34.000    -1.0321    -1.0304   2.746792   2.746900    333.642    313.431     0.1386     0.0804     0.1571    471.952   78.83300   -0.00064    34.0415    34.0410 0.0000e+00
     35.000    -0.8446    -0.8579   2.765127   2.764532    331.283    310.815     0.1377     0.0978     0.1562    472.886   78.83300   -0.00065    34.0781    34.0851 0.0000e+00
     36.000    -0.7548    -0.7563   2.774253   2.774174    334.545    312.799     0.1367     0.0971     0.1566    473.830   78.83300   -0.00066    34.0998    34.1003 0.0000e+00
     37.000    -0.7778    -0.7720   2.773340   2.773367    341.354    318.320     0.1357     0.0836     0.1572    474.785   78.83300   -0.00066    34.1127    34.1065 0.0000e+00
     38.000    -0.9873    -0.9843   2.756720   2.756839    342.568    320.762     0.1347     0.0829     0.1563    475.805   78.83300   -0.00066    34.1237    34.1219 0.0000e+00
     39.000    -0.9305    -0.9331   2.762135   2.762004    332.681    313.697     0.1337     0.0817     0.1560    476.933   78.83300   -0.00065    34.1323    34.1334 0.0000e+00
     40.000    -1.0257    -1.0211   2.754752   2.754863    334.248    313.180     0.1327     0.0680     0.1551    478.103   78.83300   -0.00064    34.1391    34.1354 0.0000e+00
     41.000    -1.1972    -1.1905   2.740443   2.740547    338.098    315.876     0.1318     0.0634     0.1537    479.242   78.83300   -0.00064    34.1379    34.1318 0.0000e+00
     42.000    -1.4785    -1.4644   2.716629   2.717145    339.698    317.215     0.1309     0.0792     0.1519    480.320   78.83300   -0.00064    34.1307    34.1217 0.0000e+00
     43.000    -1.6809    -1.6768   2.699611   2.699857    339.422    317.217     0.1301     0.1101     0.1505    481.335   78.83300   -0.00066    34.1264    34.1251 0.0000e+00
     44.000    -1.7482    -1.7455   2.694071   2.694231    340.202    317.010     0.1293     0.1404     0.1496    482.328   78.83300   -0.00066    34.1260    34.1251 0.0000e+00
     45.000    -1.7556    -1.7572   2.693733   2.693649    347.400    321.633     0.1286     0.1306     0.1505    483.334   78.83300   -0.00066    34.1292    34.1299 0.0000e+00
     46.000    -1.7262    -1.7280   2.696512   2.696516    355.500    328.502     0.1280     0.1278     0.1479    484.346   78.83300   -0.00066    34.1334    34.1356 0.0000e+00
     47.000    -1.6245    -1.6298   2.705699   2.705568    361.434    334.279     0.1274     0.1250     0.1456    485.367   78.83300   -0.00066    34.1437    34.1479 0.0000e+00
     48.000    -1.6615    -1.6593   2.702940   2.702875    366.766    339.607     0.1268     0.1139     0.1451    486.434   78.83300   -0.00064    34.1472    34.1437 0.0000e+00
     49.000    -1.6760    -1.6761   2.702000   2.701997    365.965    340.282     0.1263     0.1026     0.1453    487.569   78.83300   -0.00064    34.1501    34.1502 0.0000e+00
     50.000    -1.6738    -1.6743   2.702486   2.702493    359.985    336.901     0.1259     0.1002     0.1441    488.698   78.83300   -0.00065    34.1537    34.1544 0.0000e+00
     51.000    -1.6567    -1.6578   2.704233   2.704223    357.656    334.705     0.1255     0.0985     0.1432    489.709   78.83300   -0.00066    34.1577    34.1589 0.0000e+00
     52.000    -1.6297    -1.6312   2.707048   2.707039    357.330    333.694     0.1252     0.0976     0.1422    490.616   78.83300   -0.00066    34.1652    34.1668 0.0000e+00
     53.000    -1.5709    -1.5737   2.713047   2.712972    356.598    333.360     0.1249     0.0951     0.1421    491.495   78.83300   -0.00066    34.1802    34.1824 0.0000e+00
     54.000    -1.5658    -1.5646   2.713768   2.713873    357.446    334.220     0.1246     0.0919     0.1398    492.447   78.83300   -0.00066    34.1837    34.1839 0.0000e+00
     55.000    -1.5809    -1.5802   2.712683   2.712717    356.978    334.309     0.1244     0.0974     0.1389    493.589   78.83300   -0.00066    34.1854    34.1851 0.0000e+00
     56.000    -1.5295    -1.5330   2.717810   2.717764    354.371    332.160     0.1243     0.0979     0.1377    494.855   78.83300   -0.00066    34.1967    34.2002 0.0000e+00
     57.000    -1.4779    -1.4794   2.722683   2.722626    353.163    330.860     0.1242     0.0951     0.1375    496.021   78.83300   -0.00066    34.2044    34.2053 0.0000e+00
     58.000    -1.3753    -1.3821   2.732451   2.732182    352.024    330.191     0.1241     0.0899     0.1378    497.053   78.83300   -0.00066    34.2210    34.2250 0.0000e+00
     59.000    -1.3235    -1.3265   2.737462   2.737320    350.809    329.385     0.1240     0.0856     0.1370    497.999   78.83300   -0.00066    34.2301    34.2315 0.0000e+00
     60.000    -1.3028    -1.3033   2.739600   2.739575    350.414    328.894     0.1240     0.0754     0.1364    498.922   78.83300   -0.00066    34.2351    34.2353 0.0000e+00
     61.000    -1.2837    -1.2861   2.741610   2.741494    347.908    327.395     0.1241     0.0742     0.1360    499.882   78.83300   -0.00066    34.2403    34.2414 0.0000e+00
     62.000    -1.2698    -1.2703   2.742945   2.742946    344.750    325.113     0.1242     0.0694     0.1356    500.981   78.83299   -0.00066    34.2421    34.2427 0.0000e+00
     63.000    -1.2496    -1.2499   2.744916   2.744974    342.454    322.937     0.1243     0.0769     0.1357    502.216   78.83298   -0.00066    34.2454    34.2466 0.0000e+00
     64.000    -1.2634    -1.2741   2.743499   2.742585    340.116    320.737     0.1244     0.0881     0.1355    505.121   78.83299   -0.00066    34.2412    34.2408 0.0000e+00
     65.000    -1.1739    -1.1774   2.751998   2.751820    341.475    320.651     0.1246     0.0761     0.1355    506.905   78.83298   -0.00067    34.2548    34.2564 0.0000e+00
     66.000    -1.1187    -1.1206   2.757562   2.757547    342.293    321.720     0.1249     0.0605     0.1351    508.002   78.83298   -0.00068    34.2673    34.2693 0.0000e+00
     67.000    -1.0646    -1.0670   2.762947   2.762836    341.483    321.521     0.1252     0.0572     0.1338    509.000   78.83298   -0.00068    34.2786    34.2798 0.0000e+00
     68.000    -1.0285    -1.0304   2.766551   2.766435    340.238    320.470     0.1255     0.0534     0.1333    509.994   78.83298   -0.00068    34.2860    34.2866 0.0000e+00
     69.000    -0.9874    -0.9905   2.770531   2.770353    338.600    319.058     0.1258     0.0482     0.1325    510.962   78.83298   -0.00068    34.2927    34.2939 0.0000e+00
     70.000    -0.9328    -0.9361   2.775783   2.775608    336.556    317.343     0.1261     0.0335     0.1323    511.936   78.83298   -0.00068    34.3015    34.3029 0.0000e+00
     71.000    -0.8537    -0.8599   2.783252   2.782907    334.651    315.407     0.1264     0.0515     0.1320    512.917   78.83298   -0.00068    34.3123    34.3146 0.0000e+00
     72.000    -0.7882    -0.7905   2.789821   2.789687    333.463    314.269     0.1267     0.0401     0.1324    513.941   78.83298   -0.00068    34.3263    34.3271 0.0000e+00
     73.000    -0.7655    -0.7655   2.792621   2.792554    332.595    313.491     0.1270     0.0507     0.1317    514.985   78.83298   -0.00068    34.3378    34.3369 0.0000e+00
     74.000    -0.7609    -0.7611   2.793814   2.793818    330.229    311.638     0.1273     0.0528     0.1325    516.006   78.83298   -0.00069    34.3482    34.3484 0.0000e+00
     75.000    -0.7218    -0.7251   2.797814   2.797628    327.299    309.279     0.1276     0.0476     0.1320    517.001   78.83298   -0.00070    34.3572    34.3585 0.0000e+00
     76.000    -0.6680    -0.6715   2.803279   2.803074    325.807    307.565     0.1278     0.0441     0.1315    517.971   78.83298   -0.00070    34.3693    34.3705 0.0000e+00
     77.000    -0.6377    -0.6396   2.806305   2.806150    326.499    307.572     0.1280     0.0366     0.1315    518.950   78.83298   -0.00070    34.3751    34.3752 0.0000e+00
     78.000    -0.6089    -0.6124   2.809280   2.809006    326.652    307.817     0.1282     0.0270     0.1314    519.952   78.83298   -0.00070    34.3820    34.3822 0.0000e+00
     79.000    -0.5750    -0.5765   2.812732   2.812634    325.850    307.191     0.1283     0.0253     0.1301    520.964   78.83298   -0.00070    34.3894    34.3898 0.0000e+00
     80.000    -0.5517    -0.5543   2.815140   2.814900    324.754    306.503     0.1283     0.0319     0.1298    521.978   78.83298   -0.00071    34.3948    34.3946 0.0000e+00
     81.000    -0.4910    -0.4963   2.821144   2.820939    323.822    305.124     0.1283     0.0362     0.1288    522.988   78.83298   -0.00072    34.4061    34.4094 0.0000e+00
     82.000    -0.4055    -0.4093   2.829136   2.828750    323.151    304.156     0.1282     0.0315     0.1288    523.995   78.83298   -0.00072    34.4159    34.4150 0.0000e+00
     83.000    -0.3646    -0.3634   2.832995   2.833167    323.754    304.792     0.1281     0.0434     0.1282    524.987   78.83298   -0.00072    34.4207    34.4217 0.0000e+00
     84.000    -0.2770    -0.2822   2.841291   2.841080    322.914    304.429     0.1279     0.0386     0.1279    525.979   78.83298   -0.00072    34.4320    34.4351 0.0000e+00
     85.000    -0.0676    -0.0769   2.860854   2.860402    321.595    302.982     0.1277     0.0447     0.1273    526.985   78.83298   -0.00073    34.4557    34.4602 0.0000e+00
     86.000    -0.0351    -0.0318   2.863939   2.864090    323.896    304.692     0.1275     0.0389     0.1284    527.980   78.83298   -0.00074    34.4594    34.4577 0.0000e+00
     87.000    -0.0550    -0.0547   2.862274   2.862187    324.054    305.627     0.1271     0.0262     0.1296    528.984   78.83297   -0.00074    34.4591    34.4577 0.0000e+00
     88.000    -0.0624    -0.0625   2.861735   2.861652    321.335    303.974     0.1268     0.0282     0.1284    529.985   78.83296   -0.00074    34.4597    34.4588 0.0000e+00
     89.000    -0.0997    -0.0953   2.858643   2.858803    320.502    303.060     0.1264     0.0350     0.1273    530.980   78.83296   -0.00075    34.4601    34.4573 0.0000e+00
     90.000    -0.1477    -0.1454   2.855014   2.855054    320.522    302.141     0.1260     0.0384     0.1275    531.976   78.83296   -0.00076    34.4653    34.4633 0.0000e+00
     91.000    -0.1090    -0.1151   2.858915   2.858592    319.175    300.979     0.1256     0.0349     0.1277    532.982   78.83296   -0.00076    34.4730    34.4755 0.0000e+00
     92.000    -0.0769    -0.0801   2.862340   2.861830    319.369    300.449     0.1251     0.0307     0.1275    533.995   78.83296   -0.00076    34.4817    34.4785 0.0000e+00
