test_project/cnv_files/sta0198_bin.cnv
* Sea-Bird SBE 9 Data File:
* FileName = C:\Seabird\CTDDATA\Sta0198.hex
* Software Version Seasave V 7.26.7.107
* Temperature SN = 03-4535
* Conductivity SN = 2860
* Number of Bytes Per Scan = 44
* Number of Voltage Words = 5
* Number of Scans Averaged by the Deck Unit = 1
* NMEA Latitude = 78 49.87 N
* NMEA Longitude = 003 30.40 W
* NMEA UTC (Time) = Sep 03 2019 02:21:04
* NMEA baud rate = 9600
** Ship: "Kronprins Haakon"
** Station: 198
** Echodepth: 2247
** Log: 5749.70
** Wind-Dir Force(m/s): 03 35
** Air-temp (dry): -2.0
** Weather Sky: 7 8
** Sea Ice: 5 0
# nquan = 16
# nvalues = 2267                        
# units = specified
# name 0 = prDM: Pressure, Digiquartz [db]
# name 1 = t090C: Temperature [ITS-90, deg C]
# name 2 = t190C: Temperature, 2 [ITS-90, deg C]
# name 3 = c0S/m: Conductivity [S/m]
# name 4 = c1S/m: Conductivity, 2 [S/m]
# name 5 = sbox0Mm/Kg: Oxygen, SBE 43 [umol/kg]
# name 6 = sbox1Mm/Kg: Oxygen, SBE 43, 2 [umol/kg]
# name 7 = wetCDOM: Fluorescence, WET Labs CDOM [mg/m^3]
# name 8 = flECO-AFL: Fluorescence, WET Labs ECO-AFL/FL [mg/m^3]
# name 9 = CStarAt0: Beam Attenuation, WET Labs C-Star [1/m]
# name 10 = timeS: Time, Elapsed [seconds]
# name 11 = latitude: Latitude [deg]
# name 12 = longitude: Longitude [deg]
# name 13 = sal00: Salinity, Practical [PSU]
# name 14 = sal11: Salinity, Practical, 2 [PSU]
# name 15 = flag: flag
# span 0 =      4.000,   2270.000       
# span 1 =    -1.7341,     2.9943       
# span 2 =    -1.7342,     2.9946       
# span 3 =   2.495999,   3.172396       
# span 4 =   2.495882,   3.172362       
# span 5 =    306.547,    418.446       
# span 6 =    301.764,    407.041       
# span 7 =     0.1036,     0.1568       
# span 8 =    -0.0073,     1.4081       
# span 9 =     0.1045,     0.3678       
# span 10 =     10.956,   2333.958      
# span 11 =   78.83130,   78.83134      
# span 12 =   -3.50708,   -3.50672      
# span 13 =    31.0351,    34.9687      
# span 14 =    31.0347,    34.9683      
# span 15 = 0.0000e+00, 0.0000e+00      
# interval = decibars: 1                
# start_time = Sep 03 2019 02:21:04 [NMEA time, header]
# bad_flag = -9.990e-29
*END*
[from data line 814]
    818.000     0.4632     0.4632   2.973974   2.974000    326.534    319.520     0.1150     0.0063     0.1133    848.396   78.83132   -3.50692    34.9119    34.9123 0.0000e+00
    819.000     0.4625     0.4624   2.973955   2.973968    326.666    319.484     0.1149     0.0114     0.1133    849.408   78.83132   -3.50692    34.9119    34.9122 0.0000e+00
    820.000     0.4605     0.4585   2.973816   2.973634    326.675    319.327     0.1149     0.0096     0.1133    850.427   78.83132   -3.50692    34.9118    34.9117 0.0000e+00
    821.000     0.4396     0.4403   2.971908   2.971942    326.989    319.462     0.1149     0.0096     0.1133    851.446   78.83132   -3.50694    34.9099    34.9096 0.0000e+00
    822.000     0.4360     0.4366   2.971634   2.971688    326.782    319.559     0.1148     0.0078     0.1135    852.451   78.83132   -3.50694    34.9097    34.9098 0.0000e+00
    823.000     0.4300     0.4302   2.971101   2.971126    326.017    319.485     0.1148    -0.0002     0.1138    853.444   78.83132   -3.50694    34.9090    34.9091 0.0000e+00
    824.000     0.4282     0.4280   2.970980   2.971008    326.389    319.036     0.1148     0.0004     0.1133    854.428   78.83132   -3.50694    34.9089    34.9095 0.0000e+00
    825.000     0.4241     0.4229   2.970651   2.970519    326.847    319.000     0.1148     0.0085     0.1133    855.411   78.83132   -3.50694    34.9087    34.9083 0.0000e+00
    826.000     0.4150     0.4169   2.969867   2.970154    327.065    318.730     0.1148     0.0018     0.1135    856.413   78.83132   -3.50694    34.9081    34.9096 0.0000e+00
    827.000     0.4752     0.4708   2.975568   2.975323    326.062    317.763     0.1149    -0.0009     0.1137    857.433   78.83132   -3.50694    34.9141    34.9159 0.0000e+00
    828.000     0.4946     0.4948   2.977535   2.977565    326.550    318.582     0.1149    -0.0003     0.1132    858.461   78.83132   -3.50694    34.9174    34.9174 0.0000e+00
    829.000     0.4932     0.4933   2.977478   2.977495    327.813    319.353     0.1149    -0.0001     0.1133    859.477   78.83132   -3.50694    34.9176    34.9176 0.0000e+00
    830.000     0.4864     0.4860   2.976908   2.976826    326.603    319.394     0.1150     0.0001     0.1137    860.472   78.83132   -3.50694    34.9172    34.9166 0.0000e+00
    831.000     0.4704     0.4700   2.975467   2.975431    325.856    320.254     0.1151     0.0006     0.1149    861.466   78.83132   -3.50694    34.9159    34.9159 0.0000e+00
    832.000     0.4649     0.4649   2.974996   2.975000    326.067    320.403     0.1151     0.0015     0.1151    862.439   78.83132   -3.50694    34.9153    34.9154 0.0000e+00
    833.000     0.4536     0.4557   2.973974   2.974141    327.005    320.442     0.1152     0.0034     0.1152    863.402   78.83132   -3.50694    34.9141    34.9139 0.0000e+00
    834.000     0.4286     0.4290   2.971718   2.971728    327.508    320.843     0.1153     0.0078     0.1152    864.383   78.83132   -3.50696    34.9123    34.9120 0.0000e+00
    835.000     0.3983     0.3985   2.968939   2.968885    327.648    320.354     0.1154    -0.0011     0.1144    865.394   78.83132   -3.50696    34.9095    34.9086 0.0000e+00
    836.000     0.3694     0.3688   2.966290   2.966183    327.708    319.911     0.1156    -0.0004     0.1145    866.434   78.83132   -3.50696    34.9069    34.9062 0.0000e+00
    837.000     0.3504     0.3501   2.964541   2.964531    327.096    319.500     0.1157     0.0005     0.1147    867.481   78.83132   -3.50694    34.9048    34.9051 0.0000e+00
    838.000     0.3484     0.3485   2.964382   2.964416    327.224    318.810     0.1159     0.0084     0.1142    868.502   78.83132   -3.50694    34.9044    34.9048 0.0000e+00
    839.000     0.3186     0.3174   2.961693   2.961494    328.069    318.911     0.1160     0.0024     0.1138    869.503   78.83132   -3.50694    34.9023    34.9010 0.0000e+00
    840.000     0.2942     0.2939   2.959494   2.959489    328.290    318.653     0.1162     0.0001     0.1139    870.493   78.83132   -3.50694    34.9004    34.9008 0.0000e+00
    841.000     0.2934     0.2932   2.959438   2.959431    326.519    317.893     0.1164     0.0002     0.1133    871.478   78.83132   -3.50694    34.9001    34.9002 0.0000e+00
    842.000     0.2792     0.2789   2.958177   2.958163    326.664    317.997     0.1165     0.0004     0.1128    872.450   78.83132   -3.50694    34.8989    34.8991 0.0000e+00
    843.000     0.2706     0.2708   2.957438   2.957467    327.231    317.542     0.1167     0.0040     0.1124    873.422   78.83132   -3.50696    34.8984    34.8985 0.0000e+00
    844.000     0.2703     0.2702   2.957464   2.957499    326.495    317.193     0.1169     0.0058     0.1122    874.411   78.83132   -3.50696    34.8985    34.8991 0.0000e+00
    845.000     0.2744     0.2740   2.957902   2.957910    325.941    316.843     0.1171     0.0021     0.1120    875.413   78.83132   -3.50696    34.8991    34.8996 0.0000e+00
    846.000     0.2750     0.2746   2.958027   2.958023    325.780    316.873     0.1173     0.0090     0.1117    876.427   78.83132   -3.50696    34.8994    34.8998 0.0000e+00
    847.000     0.2746     0.2741   2.958032   2.958011    325.508    317.089     0.1175     0.0082     0.1108    877.461   78.83132   -3.50694    34.8993    34.8997 0.0000e+00
    848.000     0.2647     0.2654   2.957156   2.957212    324.997    317.161     0.1177     0.0003     0.1110    878.495   78.83132   -3.50694    34.8985    34.8984 0.0000e+00
    849.000     0.2490     0.2503   2.955757   2.955860    324.855    316.960     0.1179    -0.0007     0.1102    879.501   78.83132   -3.50694    34.8973    34.8971 0.0000e+00
    850.000     0.2431     0.2433   2.955254   2.955297    324.119    316.748     0.1180     0.0005     0.1101    880.491   78.83132   -3.50694    34.8968    34.8971 0.0000e+00
    851.000     0.2418     0.2418   2.955199   2.955230    324.196    316.601     0.1182     0.0005     0.1101    881.465   78.83132   -3.50694    34.8969    34.8974 0.0000e+00
    852.000     0.2432     0.2437   2.955391   2.955475    324.794    316.549     0.1184     0.0006     0.1101    882.446   78.83132   -3.50696    34.8973    34.8978 0.0000e+00
    853.000     0.2407     0.2404   2.955224   2.955217    324.956    316.328     0.1185     0.0009     0.1101    883.450   78.83132   -3.50696    34.8973    34.8976 0.0000e+00
    854.000     0.2285     0.2284   2.954158   2.954184    324.893    316.241     0.1187     0.0057     0.1101    884.468   78.83132   -3.50696    34.8966    34.8969 0.0000e+00
    855.000     0.2275     0.2273   2.954113   2.954134    323.995    316.094     0.1188     0.0093     0.1099    885.478   78.83132   -3.50696    34.8965    34.8970 0.0000e+00
    856.000     0.2277     0.2277   2.954198   2.954215    323.807    316.147     0.1190     0.0066     0.1097    886.469   78.83132   -3.50696    34.8968    34.8971 0.0000e+00
    857.000     0.2233     0.2238   2.953843   2.953914    324.232    316.436     0.1191     0.0037     0.1094    887.456   78.83132   -3.50696    34.8965    34.8969 0.0000e+00
    858.000     0.2149     0.2151   2.953128   2.953168    324.072    316.284     0.1192     0.0075     0.1097    888.449   78.83132   -3.50696    34.8961    34.8964 0.0000e+00
    859.000     0.2180     0.2157   2.953483   2.953317    323.635    316.233     0.1193     0.0005     0.1092    889.445   78.83132   -3.50696    34.8966    34.8971 0.0000e+00
    860.000     0.2340     0.2333   2.955044   2.955081    323.697    316.062     0.1194     0.0007     0.1093    890.439   78.83132   -3.50696    34.8985    34.8998 0.0000e+00
    861.000     0.2456     0.2458   2.956194   2.956255    324.227    315.889     0.1195     0.0013     0.1100    891.434   78.83132   -3.50696    34.8999    34.9005 0.0000e+00
    862.000     0.2473     0.2470   2.956420   2.956417    324.751    316.376     0.1196     0.0081     0.1096    892.434   78.83132   -3.50696    34.9004    34.9007 0.0000e+00
    863.000     0.2456     0.2458   2.956312   2.956374    324.364    316.583     0.1196     0.0017     0.1094    893.438   78.83132   -3.50696    34.9003    34.9009 0.0000e+00
    864.000     0.2432     0.2433   2.956145   2.956201    323.662    316.702     0.1197     0.0074     0.1100    894.446   78.83132   -3.50696    34.9003    34.9009 0.0000e+00
    865.000     0.2403     0.2404   2.955925   2.955948    323.826    316.905     0.1197     0.0033     0.1094    895.465   78.83132   -3.50696    34.9000    34.9003 0.0000e+00
    866.000     0.2378     0.2385   2.955722   2.955832    323.890    317.069     0.1197     0.0055     0.1093    896.487   78.83132   -3.50696    34.8997    34.9003 0.0000e+00
    867.000     0.2329     0.2329   2.955330   2.955360    324.612    317.034     0.1197     0.0094     0.1099    897.504   78.83132   -3.50696    34.8994    34.8999 0.0000e+00
    868.000     0.2239     0.2239   2.954550   2.954544    324.657    316.988     0.1198     0.0052     0.1102    898.501   78.83132   -3.50696    34.8988    34.8987 0.0000e+00
    869.000     0.1984     0.1991   2.952259   2.952294    324.630    317.383     0.1198     0.0009     0.1101    899.473   78.83132   -3.50696    34.8970    34.8966 0.0000e+00
    870.000     0.1870     0.1875   2.951245   2.951304    324.758    317.045     0.1198     0.0017     0.1102    900.433   78.83132   -3.50696    34.8959    34.8962 0.0000e+00
    871.000     0.1832     0.1838   2.950919   2.951007    324.248    316.436     0.1198     0.0005     0.1098    901.408   78.83132   -3.50696    34.8954    34.8958 0.0000e+00
    872.000     0.1753     0.1756   2.950245   2.950301    324.863    316.290     0.1199     0.0002     0.1100    902.419   78.83132   -3.50696    34.8949    34.8952 0.0000e+00
    873.000     0.1724     0.1724   2.950012   2.950053    324.997    316.184     0.1199     0.0007     0.1096    903.451   78.83132   -3.50696    34.8945    34.8951 0.0000e+00
    874.000     0.1700     0.1702   2.949851   2.949899    324.369    315.979     0.1199     0.0002     0.1098    904.482   78.83132   -3.50696    34.8945    34.8949 0.0000e+00
    875.000     0.1683     0.1683   2.949750   2.949783    324.246    315.951     0.1199     0.0006     0.1100    905.503   78.83132   -3.50696    34.8945    34.8950 0.0000e+00
    876.000     0.1663     0.1664   2.949621   2.949669    323.795    315.713     0.1200     0.0009     0.1090    906.511   78.83132   -3.50696    34.8945    34.8950 0.0000e+00
    877.000     0.1643     0.1642   2.949480   2.949510    323.299    315.497     0.1200     0.0068     0.1090    907.508   78.83132   -3.50697    34.8944    34.8948 0.0000e+00
    878.000     0.1628     0.1623   2.949398   2.949386    322.958    315.233     0.1200     0.0092     0.1090    908.498   78.83132   -3.50696    34.8944    34.8948 0.0000e+00
    879.000     0.1611     0.1614   2.949290   2.949347    323.071    315.285     0.1200     0.0096     0.1084    909.491   78.83132   -3.50696    34.8942    34.8947 0.0000e+00
    880.000     0.1597     0.1596   2.949216   2.949229    323.042    315.414     0.1200     0.0045     0.1081    910.499   78.83132   -3.50696    34.8943    34.8947 0.0000e+00
    881.000     0.1558     0.1561   2.948913   2.948958    322.872    315.267     0.1200    -0.0006     0.1084    911.515   78.83132   -3.50696    34.8941    34.8945 0.0000e+00
    882.000     0.1479     0.1483   2.948262   2.948306    323.060    315.282     0.1200    -0.0002     0.1088    912.521   78.83132   -3.50696    34.8939    34.8941 0.0000e+00
    883.000     0.1425     0.1425   2.947802   2.947818    322.961    315.507     0.1200    -0.0003     0.1080    913.514   78.83130   -3.50698    34.8935    34.8937 0.0000e+00
    884.000     0.1391     0.1391   2.947529   2.947558    322.907    315.040     0.1200     0.0011     0.1087    914.497   78.83130   -3.50698    34.8931    34.8935 0.0000e+00
    885.000     0.1334     0.1336   2.947061   2.947091    322.811    314.900     0.1200     0.0092     0.1084    915.478   78.83130   -3.50698    34.8928    34.8930 0.0000e+00
    886.000     0.1234     0.1236   2.946199   2.946217    322.903    315.229     0.1200     0.0091     0.1082    916.460   78.83130   -3.50698    34.8922    34.8922 0.0000e+00
    887.000     0.1118     0.1110   2.945168   2.945088    322.466    314.735     0.1200     0.0005     0.1084    917.451   78.83132   -3.50698    34.8912    34.8911 0.0000e+00
    888.000     0.1025     0.1027   2.944370   2.944411    322.209    314.350     0.1200    -0.0005     0.1081    918.457   78.83132   -3.50698    34.8906    34.8909 0.0000e+00
    889.000     0.1011     0.1009   2.944269   2.944282    322.117    314.114     0.1200     0.0010     0.1082    919.476   78.83132   -3.50698    34.8903    34.8907 0.0000e+00
    890.000     0.1009     0.1008   2.944305   2.944347    322.319    314.107     0.1199     0.0060     0.1080    920.503   78.83132   -3.50698    34.8904    34.8911 0.0000e+00
    891.000     0.1026     0.1023   2.944509   2.944529    322.083    313.693     0.1199     0.0125     0.1081    921.523   78.83130   -3.50698    34.8906    34.8912 0.0000e+00
    892.000     0.0988     0.0991   2.944210   2.944272    321.765    313.832     0.1198     0.0073     0.1083    922.531   78.83130   -3.50698    34.8904    34.8908 0.0000e+00
    893.000     0.0907     0.0905   2.943530   2.943516    321.698    313.947     0.1198     0.0006     0.1086    923.520   78.83130   -3.50698    34.8900    34.8901 0.0000e+00
    894.000     0.0809     0.0811   2.942682   2.942716    321.438    314.066     0.1197    -0.0006     0.1078    924.504   78.83130   -3.50698    34.8894    34.8895 0.0000e+00
    895.000     0.0767     0.0764   2.942336   2.942350    321.334    313.947     0.1196     0.0023     0.1080    925.495   78.83130   -3.50698    34.8890    34.8894 0.0000e+00
    896.000     0.0755     0.0755   2.942271   2.942303    321.488    314.022     0.1194     0.0079     0.1080    926.484   78.83132   -3.50698    34.8888    34.8893 0.0000e+00
    897.000     0.0732     0.0735   2.942112   2.942165    321.474    313.903     0.1193     0.0014     0.1080    927.472   78.83132   -3.50698    34.8888    34.8892 0.0000e+00
    898.000     0.0718     0.0717   2.942027   2.942060    321.616    313.570     0.1192     0.0005     0.1086    928.466   78.83132   -3.50698    34.8887    34.8893 0.0000e+00
    899.000     0.0702     0.0703   2.941935   2.941978    321.407    313.126     0.1191     0.0078     0.1076    929.465   78.83130   -3.50698    34.8887    34.8891 0.0000e+00
    900.000     0.0688     0.0688   2.941859   2.941894    321.118    313.213     0.1189     0.0009     0.1069    930.467   78.83130   -3.50698    34.8887    34.8891 0.0000e+00
    901.000     0.0669     0.0669   2.941744   2.941787    320.859    313.275     0.1188     0.0066     0.1070    931.470   78.83130   -3.50698    34.8888    34.8894 0.0000e+00
    902.000     0.0653     0.0653   2.941664   2.941691    320.386    313.295     0.1186     0.0096     0.1077    932.471   78.83130   -3.50698    34.8890    34.8893 0.0000e+00
    903.000     0.0643     0.0642   2.941627   2.941648    320.519    313.021     0.1185     0.0093     0.1066    933.470   78.83130   -3.50698    34.8890    34.8894 0.0000e+00
    904.000     0.0637     0.0636   2.941624   2.941650    320.666    313.074     0.1183     0.0090     0.1069    934.474   78.83130   -3.50696    34.8891    34.8895 0.0000e+00
    905.000     0.0630     0.0630   2.941608   2.941643    320.464    312.966     0.1181     0.0053     0.1069    935.484   78.83132   -3.50696    34.8891    34.8895 0.0000e+00
    906.000     0.0628     0.0627   2.941633   2.941663    320.371    312.874     0.1180    -0.0002     0.1068    936.493   78.83132   -3.50696    34.8891    34.8896 0.0000e+00
