test_project/cnv_files/sta0247_bin.cnv
* Sea-Bird SBE 9 Data File:
* FileName = C:\Seabird\CTDDATA\Sta0247.hex
* Software Version Seasave V 7.26.7.107
* Temperature SN = 03-4535
* Conductivity SN = 2860
* Number of Bytes Per Scan = 44
* Number of Voltage Words = 5
* Number of Scans Averaged by the Deck Unit = 1
* NMEA Latitude = 78 50.01 N
* NMEA Longitude = 007 29.79 E
* NMEA UTC (Time) = Sep 14 2019 19:26:11
* NMEA baud rate = 9600
** Ship: "Kronprins Haakon"
** Station: 0247
** Echodepth: 1144
** Log: 6515.467
** Wind-Dir Force(m/s): 03 01
** Air-temp (dry): 6.9
** Weather Sky: 1 3
** Sea Ice: 3 0
# nquan = 16
# nvalues = 1150                        
# units = specified
# name 0 = prDM: Pressure, Digiquartz [db]
# name 1 = t090C: Temperature [ITS-90, deg C]
# name 2 = t190C: Temperature, 2 [ITS-90, deg C]
# name 3 = c0S/m: Conductivity [S/m]
# name 4 = c1S/m: Conductivity, 2 [S/m]
# name 5 = sbox0Mm/Kg: Oxygen, SBE 43 [umol/kg]
# name 6 = sbox1Mm/Kg: Oxygen, SBE 43, 2 [umol/kg]
# name 7 = wetCDOM: Fluorescence, WET Labs CDOM [mg/m^3]
# name 8 = flECO-AFL: Fluorescence, WET Labs ECO-AFL/FL [mg/m^3]
# name 9 = CStarAt0: Beam Attenuation, WET Labs C-Star [1/m]
# name 10 = timeS: Time, Elapsed [seconds]
# name 11 = latitude: Latitude [deg]
# name 12 = longitude: Longitude [deg]
# name 13 = sal00: Salinity, Practical [PSU]
# name 14 = sal11: Salinity, Practical, 2 [PSU]
# name 15 = flag: flag
# span 0 =      1.000,   1150.000       
# span 1 =    -0.8117,     6.7123       
# span 2 =    -0.8115,     6.7115       
# span 3 =   2.877076,   3.496595       
# span 4 =   2.877115,   3.496545       
# span 5 =    300.508,    329.679       
# span 6 =    291.945,    320.972       
# span 7 =     0.0929,     0.1303       
# span 8 =    -0.0126,     2.3990       
# span 9 =     0.1347,     0.7199       
# span 10 =    135.642,   1250.343      
# span 11 =   78.83358,   78.83362      
# span 12 =    7.49650,    7.49658      
# span 13 =    34.7396,    35.0507      
# span 14 =    34.7411,    35.0508      
# span 15 = 0.0000e+00, 0.0000e+00      
# interval = decibars: 1                
# start_time = Sep 14 2019 19:26:11 [NMEA time, header]
# bad_flag = -9.990e-29
*END*
[from data line 724]
    725.000     1.1067     1.1069   3.028008   3.027959    327.339    318.274     0.1065     0.0041     0.1654    840.961   78.83360    7.49652    34.9432    34.9423 0.0000e+00
    726.000     1.0616     1.0615   3.024052   3.024000    327.381    318.383     0.1065     0.0150     0.1593    842.051   78.83360    7.49652    34.9421    34.9416 0.0000e+00
    727.000     1.0280     1.0283   3.021125   3.021163    326.529    318.057     0.1066     0.0031     0.1505    843.066   78.83360    7.49652    34.9414    34.9416 0.0000e+00
    728.000     1.0112     1.0130   3.019656   3.019847    326.539    317.959     0.1067     0.0087     0.1508    843.980   78.83360    7.49652    34.9408    34.9411 0.0000e+00
    729.000     0.9709     0.9722   3.016131   3.016192    327.523    318.327     0.1069     0.0096     0.1512    844.816   78.83360    7.49652    34.9399    34.9392 0.0000e+00
    730.000     0.9460     0.9462   3.013972   3.013994    328.370    318.127     0.1069     0.0096     0.1509    845.622   78.83360    7.49652    34.9393    34.9393 0.0000e+00
    731.000     0.9236     0.9236   3.012019   3.012031    328.445    317.524     0.1070     0.0090     0.1511    846.441   78.83360    7.49652    34.9386    34.9387 0.0000e+00
    732.000     0.9109     0.9104   3.010931   3.010926    328.074    317.172     0.1071     0.0029     0.1508    847.332   78.83360    7.49652    34.9382    34.9387 0.0000e+00
    733.000     0.8968     0.8966   3.009730   3.009751    327.840    317.398     0.1072     0.0026     0.1508    848.381   78.83360    7.49652    34.9379    34.9384 0.0000e+00
    734.000     0.8869     0.8868   3.008898   3.008932    327.177    317.540     0.1073     0.0095     0.1505    849.566   78.83360    7.49652    34.9377    34.9382 0.0000e+00
    735.000     0.8630     0.8638   3.006828   3.006866    326.932    317.538     0.1073     0.0162     0.1511    850.650   78.83360    7.49652    34.9372    34.9368 0.0000e+00
    736.000     0.8340     0.8342   3.004329   3.004356    326.466    317.567     0.1074     0.0106     0.1508    851.578   78.83360    7.49652    34.9368    34.9369 0.0000e+00
    737.000     0.8200     0.8200   3.003126   3.003148    325.479    317.080     0.1074     0.0049     0.1503    852.439   78.83360    7.49652    34.9364    34.9367 0.0000e+00
    738.000     0.7946     0.7948   3.000893   3.000914    325.039    317.045     0.1075     0.0023     0.1518    853.310   78.83360    7.49652    34.9354    34.9354 0.0000e+00
    739.000     0.7593     0.7599   2.997819   2.997850    325.385    317.395     0.1075     0.0023     0.1510    854.250   78.83360    7.49652    34.9345    34.9343 0.0000e+00
    740.000     0.7206     0.7204   2.994413   2.994394    325.680    317.228     0.1075     0.0037     0.1506    855.268   78.83360    7.49652    34.9333    34.9333 0.0000e+00
    741.000     0.7067     0.7079   2.993236   2.993396    325.409    316.906     0.1075     0.0086     0.1504    856.291   78.83360    7.49652    34.9330    34.9338 0.0000e+00
    742.000     0.6983     0.6984   2.992524   2.992554    326.015    316.914     0.1075     0.0026     0.1504    857.236   78.83360    7.49652    34.9327    34.9330 0.0000e+00
    743.000     0.6816     0.6819   2.991081   2.991157    327.059    317.092     0.1074     0.0023     0.1501    858.078   78.83360    7.49654    34.9321    34.9328 0.0000e+00
    744.000     0.6653     0.6659   2.989690   2.989775    327.087    317.069     0.1074     0.0020     0.1501    858.843   78.83360    7.49653    34.9318    34.9322 0.0000e+00
    745.000     0.6537     0.6533   2.988695   2.988695    326.752    316.987     0.1073     0.0030     0.1498    859.569   78.83360    7.49652    34.9314    34.9317 0.0000e+00
    746.000     0.6444     0.6444   2.987926   2.987983    326.844    317.015     0.1073     0.0087     0.1490    860.333   78.83360    7.49652    34.9312    34.9320 0.0000e+00
    747.000     0.6349     0.6347   2.987109   2.987135    327.236    317.477     0.1072     0.0043     0.1479    861.282   78.83360    7.49652    34.9307    34.9313 0.0000e+00
    748.000     0.6213     0.6215   2.985936   2.986070    327.220    318.147     0.1071     0.0023     0.1465    862.950   78.83360    7.49652    34.9301    34.9317 0.0000e+00
    749.000     0.6047     0.6050   2.984511   2.984564    326.451    318.656     0.1071     0.0023     0.1457    864.640   78.83360    7.49652    34.9298    34.9301 0.0000e+00
    750.000     0.5718     0.5729   2.981622   2.981620    325.781    318.898     0.1070     0.0023     0.1452    865.525   78.83360    7.49652    34.9285    34.9273 0.0000e+00
    751.000     0.5282     0.5296   2.977842   2.977925    325.923    319.231     0.1070     0.0032     0.1447    866.177   78.83360    7.49654    34.9278    34.9273 0.0000e+00
    752.000     0.5194     0.5186   2.977069   2.977063    325.553    319.144     0.1069     0.0085     0.1445    866.741   78.83360    7.49654    34.9271    34.9279 0.0000e+00
    753.000     0.5141     0.5139   2.976627   2.976676    325.121    318.780     0.1068     0.0096     0.1437    867.291   78.83360    7.49654    34.9267    34.9275 0.0000e+00
    754.000     0.5107     0.5103   2.976357   2.976366    325.485    318.622     0.1067     0.0096     0.1429    867.876   78.83360    7.49654    34.9264    34.9269 0.0000e+00
    755.000     0.5035     0.5031   2.975742   2.975736    327.002    318.529     0.1067     0.0069     0.1422    868.537   78.83360    7.49654    34.9259    34.9263 0.0000e+00
    756.000     0.4861     0.4862   2.974236   2.974271    329.427    319.024     0.1066     0.0051     0.1412    869.470   78.83360    7.49653    34.9253    34.9256 0.0000e+00
    757.000     0.4740     0.4716   2.973238   2.973063    329.679    319.836     0.1065     0.0043     0.1401    871.507   78.83360    7.49652    34.9254    34.9257 0.0000e+00
    758.000     0.4626     0.4638   2.972219   2.972368    327.483    320.439     0.1064     0.0022     0.1398    873.224   78.83360    7.49652    34.9243    34.9249 0.0000e+00
    759.000     0.4465     0.4467   2.970858   2.970895    326.571    320.412     0.1064     0.0023     0.1397    874.084   78.83360    7.49652    34.9240    34.9244 0.0000e+00
    760.000     0.4388     0.4386   2.970221   2.970258    326.369    320.265     0.1063     0.0023     0.1392    874.761   78.83360    7.49652    34.9239    34.9245 0.0000e+00
    761.000     0.4259     0.4260   2.969140   2.969179    326.637    320.275     0.1063     0.0023     0.1391    875.368   78.83360    7.49652    34.9237    34.9241 0.0000e+00
    762.000     0.4187     0.4190   2.968529   2.968630    327.051    320.101     0.1063     0.0030     0.1396    875.968   78.83360    7.49654    34.9232    34.9242 0.0000e+00
    763.000     0.4158     0.4157   2.968309   2.968358    327.496    320.003     0.1063     0.0085     0.1407    876.603   78.83360    7.49654    34.9231    34.9239 0.0000e+00
    764.000     0.4107     0.4103   2.967889   2.967921    328.115    320.129     0.1064     0.0063     0.1397    877.344   78.83360    7.49654    34.9228    34.9236 0.0000e+00
    765.000     0.4012     0.4009   2.967092   2.967108    328.283    319.962     0.1064     0.0024     0.1390    878.371   78.83360    7.49654    34.9225    34.9230 0.0000e+00
    766.000     0.3966     0.3962   2.966717   2.966751    328.509    320.297     0.1065     0.0023     0.1390    879.755   78.83360    7.49652    34.9222    34.9231 0.0000e+00
    767.000     0.3852     0.3884   2.965771   2.966078    327.975    320.596     0.1067     0.0027     0.1381    881.035   78.83360    7.49652    34.9221    34.9225 0.0000e+00
    768.000     0.3836     0.3835   2.965670   2.965729    327.393    320.653     0.1068     0.0194     0.1380    882.047   78.83360    7.49654    34.9220    34.9229 0.0000e+00
    769.000     0.3828     0.3825   2.965640   2.965683    327.525    320.243     0.1070     0.0115     0.1383    882.902   78.83360    7.49654    34.9219    34.9228 0.0000e+00
    770.000     0.3772     0.3773   2.965194   2.965255    327.747    320.224     0.1071     0.0024     0.1388    883.742   78.83360    7.49654    34.9218    34.9225 0.0000e+00
    771.000     0.3714     0.3715   2.964717   2.964774    327.566    320.601     0.1073     0.0035     0.1377    884.662   78.83360    7.49654    34.9216    34.9222 0.0000e+00
    772.000     0.3570     0.3563   2.963482   2.963451    327.495    320.641     0.1074     0.0095     0.1379    885.664   78.83360    7.49653    34.9210    34.9214 0.0000e+00
    773.000     0.3455     0.3455   2.962509   2.962535    327.115    320.345     0.1076     0.0093     0.1384    886.615   78.83360    7.49652    34.9207    34.9211 0.0000e+00
    774.000     0.3316     0.3327   2.961305   2.961406    326.503    320.531     0.1077     0.0037     0.1381    887.466   78.83360    7.49652    34.9201    34.9202 0.0000e+00
    775.000     0.3203     0.3214   2.960354   2.960497    326.895    320.414     0.1079     0.0023     0.1378    888.275   78.83360    7.49652    34.9198    34.9204 0.0000e+00
    776.000     0.3172     0.3171   2.960109   2.960176    327.518    320.468     0.1080     0.0023     0.1375    889.116   78.83360    7.49652    34.9195    34.9205 0.0000e+00
    777.000     0.3148     0.3150   2.959934   2.960016    328.494    320.708     0.1081     0.0023     0.1376    890.073   78.83360    7.49654    34.9194    34.9202 0.0000e+00
    778.000     0.3139     0.3141   2.959907   2.959977    328.841    320.422     0.1082     0.0023     0.1368    891.180   78.83360    7.49654    34.9194    34.9201 0.0000e+00
    779.000     0.3077     0.3058   2.959405   2.959266    328.498    320.786     0.1083     0.0023     0.1368    892.301   78.83360    7.49654    34.9192    34.9196 0.0000e+00
    780.000     0.3051     0.3060   2.959219   2.959354    327.692    320.885     0.1083     0.0023     0.1368    893.283   78.83360    7.49654    34.9191    34.9199 0.0000e+00
    781.000     0.3065     0.3059   2.959389   2.959389    327.404    320.461     0.1084     0.0023     0.1368    894.144   78.83360    7.49652    34.9192    34.9199 0.0000e+00
    782.000     0.3044     0.3059   2.959241   2.959431    327.182    320.459     0.1084     0.0020     0.1368    894.978   78.83360    7.49652    34.9191    34.9199 0.0000e+00
    783.000     0.3031     0.3022   2.959177   2.959135    326.907    320.791     0.1085     0.0023     0.1366    895.891   78.83360    7.49652    34.9192    34.9196 0.0000e+00
    784.000     0.2995     0.2995   2.958899   2.958942    327.530    320.883     0.1086     0.0058     0.1364    896.994   78.83360    7.49652    34.9190    34.9195 0.0000e+00
    785.000     0.2884     0.2893   2.957961   2.958062    327.383    320.463     0.1087     0.0057     0.1365    898.183   78.83360    7.49652    34.9186    34.9189 0.0000e+00
    786.000     0.2766     0.2764   2.956972   2.956956    327.463    320.682     0.1088     0.0022     0.1360    899.138   78.83360    7.49652    34.9184    34.9184 0.0000e+00
    787.000     0.2697     0.2696   2.956415   2.956443    327.300    320.911     0.1089     0.0029     0.1363    899.901   78.83360    7.49653    34.9183    34.9188 0.0000e+00
    788.000     0.2610     0.2611   2.955687   2.955725    327.345    320.551     0.1090     0.0086     0.1364    900.588   78.83360    7.49654    34.9180    34.9183 0.0000e+00
    789.000     0.2548     0.2548   2.955177   2.955216    327.355    320.564     0.1091     0.0066     0.1366    901.293   78.83360    7.49654    34.9177    34.9183 0.0000e+00
    790.000     0.2456     0.2455   2.954388   2.954399    327.734    320.887     0.1092     0.0027     0.1360    902.140   78.83360    7.49654    34.9172    34.9175 0.0000e+00
    791.000     0.2365     0.2363   2.953640   2.953651    327.985    320.657     0.1094     0.0021     0.1363    903.318   78.83360    7.49654    34.9170    34.9175 0.0000e+00
    792.000     0.2319     0.2318   2.953268   2.953297    327.458    320.595     0.1095     0.0023     0.1366    904.673   78.83360    7.49653    34.9168    34.9173 0.0000e+00
    793.000     0.2227     0.2227   2.952500   2.952534    327.474    320.838     0.1096     0.0023     0.1358    905.727   78.83360    7.49652    34.9166    34.9170 0.0000e+00
    794.000     0.2200     0.2199   2.952312   2.952359    327.044    320.972     0.1098     0.0034     0.1360    906.555   78.83360    7.49652    34.9166    34.9173 0.0000e+00
    795.000     0.2199     0.2199   2.952350   2.952393    326.739    320.541     0.1099     0.0093     0.1366    907.294   78.83360    7.49652    34.9166    34.9171 0.0000e+00
    796.000     0.2154     0.2155   2.952003   2.952039    327.030    320.535     0.1101     0.0096     0.1361    908.072   78.83360    7.49652    34.9165    34.9169 0.0000e+00
    797.000     0.2083     0.2082   2.951421   2.951445    327.546    320.825     0.1102     0.0055     0.1365    909.051   78.83360    7.49652    34.9163    34.9168 0.0000e+00
    798.000     0.2041     0.2041   2.951099   2.951128    327.192    320.514     0.1104     0.0075     0.1360    910.376   78.83360    7.49652    34.9162    34.9167 0.0000e+00
    799.000     0.2010     0.2008   2.950878   2.950886    326.952    320.365     0.1105     0.0094     0.1361    911.621   78.83360    7.49653    34.9162    34.9166 0.0000e+00
    800.000     0.1991     0.1988   2.950756   2.950763    326.995    320.411     0.1107     0.0036     0.1418    912.531   78.83360    7.49654    34.9163    34.9167 0.0000e+00
    801.000     0.1953     0.1955   2.950461   2.950497    326.820    320.855     0.1109     0.0023     0.1444    913.266   78.83360    7.49654    34.9161    34.9163 0.0000e+00
    802.000     0.1836     0.1837   2.949495   2.949515    326.787    320.787     0.1111     0.0023     0.1362    913.935   78.83360    7.49654    34.9160    34.9162 0.0000e+00
    803.000     0.1748     0.1755   2.948758   2.948830    327.103    320.514     0.1113     0.0023     0.1359    914.622   78.83360    7.49654    34.9158    34.9159 0.0000e+00
    804.000     0.1676     0.1676   2.948173   2.948202    327.274    320.729     0.1115     0.0023     0.1364    915.449   78.83360    7.49654    34.9156    34.9160 0.0000e+00
    805.000     0.1672     0.1671   2.948167   2.948187    327.055    320.365     0.1117     0.0023     0.1365    916.606   78.83360    7.49653    34.9153    34.9158 0.0000e+00
    806.000     0.1639     0.1653   2.947922   2.948078    327.626    319.926     0.1119     0.0023     0.1364    918.001   78.83360    7.49652    34.9153    34.9158 0.0000e+00
    807.000     0.1557     0.1569   2.947262   2.947388    327.098    320.659     0.1121     0.0023     0.1355    919.132   78.83360    7.49652    34.9154    34.9156 0.0000e+00
    808.000     0.1535     0.1534   2.947113   2.947143    326.197    320.470     0.1123     0.0023     0.1355    920.000   78.83360    7.49654    34.9154    34.9158 0.0000e+00
    809.000     0.1509     0.1507   2.946942   2.946967    325.972    320.166     0.1125     0.0020     0.1354    920.755   78.83360    7.49654    34.9154    34.9159 0.0000e+00
    810.000     0.1477     0.1475   2.946708   2.946713    326.278    320.297     0.1127     0.0024     0.1350    921.494   78.83360    7.49654    34.9154    34.9157 0.0000e+00
    811.000     0.1391     0.1391   2.946003   2.946018    326.878    320.079     0.1130     0.0078     0.1353    922.329   78.83360    7.49654    34.9153    34.9155 0.0000e+00
    812.000     0.1311     0.1310   2.945356   2.945382    327.125    320.341     0.1133     0.0042     0.1352    923.463   78.83360    7.49654    34.9151    34.9156 0.0000e+00
    813.000     0.1279     0.1277   2.945122   2.945141    327.249    320.162     0.1136     0.0022     0.1355    924.904   78.83360    7.49654    34.9152    34.9156 0.0000e+00
