test_project/cnv_files/sta0238_bin.cnv
* Sea-Bird SBE 9 Data File:
* FileName = C:\Seabird\CTDDATA\Sta0238.hex
* Software Version Seasave V 7.26.7.107
* Temperature SN = 03-4535
* Conductivity SN = 2860
* Number of Bytes Per Scan = 44
* Number of Voltage Words = 5
* Number of Scans Averaged by the Deck Unit = 1
* NMEA Latitude = 78 49.27 N
* NMEA Longitude = 004 01.32 W
* NMEA UTC (Time) = Sep 12 2019 14:28:48
* NMEA baud rate = 9600
** Ship: "Kronprins Haakon"
** Station: 0238
** Echodepth: 1842
** Log: 6357.27
** Wind-Dir Force(m/s): 03 28
** Air-temp (dry): -0.4
** Weather Sky: 7 8
** Sea Ice: 4 1
# nquan = 16
# nvalues = 1869                        
# units = specified
# name 0 = prDM: Pressure, Digiquartz [db]
# name 1 = t090C: Temperature [ITS-90, deg C]
# name 2 = t190C: Temperature, 2 [ITS-90, deg C]
# name 3 = c0S/m: Conductivity [S/m]
# name 4 = c1S/m: Conductivity, 2 [S/m]
# name 5 = sbox0Mm/Kg: Oxygen, SBE 43 [umol/kg]
# name 6 = sbox1Mm/Kg: Oxygen, SBE 43, 2 [umol/kg]
# name 7 = wetCDOM: Fluorescence, WET Labs CDOM [mg/m^3]
# name 8 = flECO-AFL: Fluorescence, WET Labs ECO-AFL/FL [mg/m^3]
# name 9 = CStarAt0: Beam Attenuation, WET Labs C-Star [1/m]
# name 10 = timeS: Time, Elapsed [seconds]
# name 11 = latitude: Latitude [deg]
# name 12 = longitude: Longitude [deg]
# name 13 = sal00: Salinity, Practical [PSU]
# name 14 = sal11: Salinity, Practical, 2 [PSU]
# name 15 = flag: flag
# span 0 =      2.000,   1870.000       
# span 1 =    -1.5957,     2.8500       
# span 2 =    -1.5960,     2.8499       
# span 3 =   2.426862,   3.161601       
# span 4 =   2.426551,   3.161537       
# span 5 =    303.521,    413.707       
# span 6 =    301.979,    399.280       
# span 7 =     0.1023,     0.1831       
# span 8 =    -0.0041,     0.9908       
# span 9 =     0.1196,     0.3642       
# span 10 =    201.228,   2036.922      
# span 11 =   78.82116,   78.82120      
# span 12 =   -4.02224,   -4.02208      
# span 13 =    30.2613,    34.9684      
# span 14 =    30.2586,    34.9678      
# span 15 = 0.0000e+00, 0.0000e+00      
# interval = decibars: 1                
# start_time = Sep 12 2019 14:28:48 [NMEA time, header]
# bad_flag = -9.990e-29
*END*
[from data line 543]
    545.000     0.6577     0.6613   2.975597   2.975934    311.686    307.124     0.1167     0.0096     0.1273    739.037   78.82118   -4.02212    34.8726    34.8730 0.0000e+00
    546.000     0.6562     0.6551   2.975477   2.975383    313.573    307.247     0.1168     0.0094     0.1275    740.008   78.82118   -4.02212    34.8721    34.8721 0.0000e+00
    547.000     0.6588     0.6565   2.975768   2.975576    316.933    306.552     0.1169     0.0033     0.1331    740.979   78.82118   -4.02212    34.8724    34.8725 0.0000e+00
    548.000     0.6596     0.6593   2.975887   2.975903    318.055    305.666     0.1170     0.0078     0.1275    741.952   78.82118   -4.02212    34.8725    34.8731 0.0000e+00
    549.000     0.6455     0.6462   2.974547   2.974556    317.108    305.631     0.1172     0.0096     0.1258    742.923   78.82118   -4.02212    34.8703    34.8697 0.0000e+00
    550.000     0.6071     0.6071   2.971079   2.971042    315.522    306.244     0.1173     0.0054     0.1259    743.897   78.82118   -4.02212    34.8678    34.8674 0.0000e+00
    551.000     0.6103     0.6084   2.971455   2.971341    313.662    306.003     0.1175     0.0016     0.1251    744.873   78.82118   -4.02213    34.8686    34.8692 0.0000e+00
    552.000     0.6153     0.6152   2.971939   2.971895    312.767    305.729     0.1176     0.0016     0.1250    745.848   78.82118   -4.02214    34.8686    34.8681 0.0000e+00
    553.000     0.5900     0.5916   2.969645   2.969824    314.145    305.829     0.1178     0.0018     0.1248    746.821   78.82118   -4.02214    34.8666    34.8671 0.0000e+00
    554.000     0.5866     0.5861   2.969392   2.969367    314.024    305.480     0.1179     0.0032     0.1250    747.804   78.82118   -4.02214    34.8666    34.8668 0.0000e+00
    555.000     0.5868     0.5867   2.969500   2.969512    313.360    305.348     0.1181     0.0088     0.1250    748.786   78.82118   -4.02214    34.8672    34.8674 0.0000e+00
    556.000     0.5854     0.5852   2.969424   2.969435    313.809    305.409     0.1182     0.0030     0.1249    749.766   78.82118   -4.02214    34.8671    34.8674 0.0000e+00
    557.000     0.5789     0.5812   2.968874   2.969077    313.851    305.378     0.1183     0.0077     0.1247    750.741   78.82118   -4.02214    34.8667    34.8668 0.0000e+00
    558.000     0.5641     0.5637   2.967568   2.967543    313.605    305.531     0.1184     0.0096     0.1242    751.717   78.82118   -4.02214    34.8658    34.8659 0.0000e+00
    559.000     0.5710     0.5715   2.968302   2.968385    313.197    305.112     0.1185     0.0135     0.1240    752.694   78.82118   -4.02214    34.8669    34.8674 0.0000e+00
    560.000     0.5723     0.5727   2.968468   2.968510    312.841    305.181     0.1186     0.0126     0.1236    753.669   78.82118   -4.02214    34.8670    34.8672 0.0000e+00
    561.000     0.5690     0.5690   2.968240   2.968258    313.147    305.075     0.1187     0.0064     0.1239    754.644   78.82118   -4.02214    34.8672    34.8675 0.0000e+00
    562.000     0.5671     0.5666   2.968123   2.968080    313.045    304.787     0.1188     0.0056     0.1239    755.623   78.82118   -4.02214    34.8673    34.8673 0.0000e+00
    563.000     0.5715     0.5708   2.968602   2.968569    312.519    304.933     0.1189     0.0136     0.1235    756.601   78.82118   -4.02214    34.8679    34.8683 0.0000e+00
    564.000     0.5736     0.5738   2.968857   2.968925    312.835    304.898     0.1190     0.0034     0.1236    757.574   78.82118   -4.02214    34.8684    34.8690 0.0000e+00
    565.000     0.5761     0.5759   2.969151   2.969168    313.022    305.051     0.1190     0.0091     0.1237    758.547   78.82118   -4.02214    34.8688    34.8692 0.0000e+00
    566.000     0.5754     0.5756   2.969129   2.969181    312.976    305.183     0.1191     0.0096     0.1244    759.523   78.82118   -4.02214    34.8687    34.8692 0.0000e+00
    567.000     0.5764     0.5762   2.969276   2.969289    312.921    305.245     0.1192     0.0095     0.1238    760.499   78.82118   -4.02214    34.8689    34.8693 0.0000e+00
    568.000     0.5783     0.5768   2.969497   2.969407    312.448    305.405     0.1192     0.0044     0.1240    761.470   78.82118   -4.02214    34.8690    34.8695 0.0000e+00
    569.000     0.5684     0.5654   2.968642   2.968327    312.606    305.620     0.1193     0.0061     0.1239    762.447   78.82118   -4.02214    34.8685    34.8677 0.0000e+00
    570.000     0.5533     0.5532   2.967363   2.967382    312.573    305.677     0.1193     0.0096     0.1243    763.430   78.82118   -4.02214    34.8682    34.8686 0.0000e+00
    571.000     0.5777     0.5731   2.969701   2.969355    312.163    305.159     0.1194     0.0096     0.1242    764.410   78.82118   -4.02214    34.8707    34.8713 0.0000e+00
    572.000     0.5840     0.5848   2.970317   2.970425    312.490    305.101     0.1194     0.0071     0.1240    765.390   78.82118   -4.02214    34.8710    34.8715 0.0000e+00
    573.000     0.5870     0.5782   2.970690   2.969864    313.305    305.611     0.1195     0.0018     0.1241    766.367   78.82118   -4.02214    34.8719    34.8711 0.0000e+00
    574.000     0.6242     0.6226   2.974254   2.974301    312.851    304.959     0.1195     0.0015     0.1239    767.349   78.82118   -4.02214    34.8759    34.8783 0.0000e+00
    575.000     0.6551     0.6537   2.977182   2.977082    312.585    305.048     0.1196     0.0004     0.1237    768.322   78.82118   -4.02214    34.8786    34.8789 0.0000e+00
    576.000     0.6579     0.6578   2.977515   2.977534    313.138    305.932     0.1197     0.0082     0.1239    769.295   78.82118   -4.02214    34.8792    34.8796 0.0000e+00
    577.000     0.6495     0.6487   2.976752   2.976605    312.944    306.130     0.1198     0.0096     0.1240    770.270   78.82118   -4.02214    34.8782    34.8772 0.0000e+00
    578.000     0.5876     0.5885   2.971113   2.971081    312.710    306.909     0.1199     0.0096     0.1247    771.245   78.82118   -4.02214    34.8738    34.8724 0.0000e+00
    579.000     0.5770     0.5776   2.970160   2.970237    311.553    306.494     0.1201     0.0057     0.1248    772.219   78.82118   -4.02214    34.8728    34.8731 0.0000e+00
    580.000     0.5765     0.5774   2.970131   2.970234    311.190    306.291     0.1202     0.0049     0.1252    773.196   78.82118   -4.02214    34.8724    34.8726 0.0000e+00
    581.000     0.5773     0.5763   2.970241   2.970179    313.289    306.391     0.1202     0.0065     0.1252    774.174   78.82118   -4.02214    34.8723    34.8726 0.0000e+00
    582.000     0.5754     0.5746   2.970113   2.970041    314.536    306.212     0.1203     0.0016     0.1248    775.151   78.82118   -4.02214    34.8722    34.8721 0.0000e+00
    583.000     0.5884     0.5870   2.971420   2.971340    314.390    305.708     0.1204     0.0030     0.1249    776.131   78.82118   -4.02214    34.8740    34.8745 0.0000e+00
    584.000     0.6042     0.6014   2.972951   2.972781    314.339    305.726     0.1204     0.0092     0.1250    777.111   78.82118   -4.02214    34.8755    34.8765 0.0000e+00
    585.000     0.6124     0.6132   2.973794   2.973893    313.798    305.941     0.1205     0.0093     0.1250    778.094   78.82118   -4.02214    34.8768    34.8771 0.0000e+00
    586.000     0.6306     0.6296   2.975583   2.975603    313.480    305.844     0.1205     0.0019     0.1250    779.077   78.82118   -4.02214    34.8790    34.8804 0.0000e+00
    587.000     0.6769     0.6755   2.980071   2.980024    312.908    305.513     0.1205     0.0015     0.1248    780.055   78.82118   -4.02214    34.8847    34.8857 0.0000e+00
    588.000     0.6817     0.6826   2.980574   2.980670    313.385    306.306     0.1205     0.0021     0.1245    781.029   78.82116   -4.02214    34.8853    34.8856 0.0000e+00
    589.000     0.7225     0.7193   2.984518   2.984362    313.337    306.741     0.1205     0.0054     0.1250    782.004   78.82116   -4.02214    34.8901    34.8917 0.0000e+00
    590.000     0.7444     0.7443   2.986624   2.986619    312.739    307.019     0.1205     0.0096     0.1251    782.978   78.82116   -4.02214    34.8922    34.8923 0.0000e+00
    591.000     0.7423     0.7426   2.986489   2.986520    313.772    308.220     0.1205     0.0096     0.1253    783.948   78.82116   -4.02214    34.8923    34.8924 0.0000e+00
    592.000     0.7368     0.7354   2.986025   2.985837    313.604    308.647     0.1204     0.0080     0.1269    784.919   78.82116   -4.02214    34.8919    34.8910 0.0000e+00
    593.000     0.7079     0.7066   2.983377   2.983184    313.328    309.244     0.1204     0.0028     0.1267    785.895   78.82116   -4.02214    34.8894    34.8883 0.0000e+00
    594.000     0.6919     0.6923   2.981936   2.981973    313.693    309.109     0.1203     0.0093     0.1262    786.870   78.82116   -4.02214    34.8881    34.8881 0.0000e+00
    595.000     0.6898     0.6907   2.981761   2.981866    313.442    308.665     0.1202     0.0153     0.1268    787.849   78.82116   -4.02214    34.8876    34.8879 0.0000e+00
    596.000     0.6906     0.6909   2.981880   2.981912    314.179    308.575     0.1201     0.0043     0.1267    788.826   78.82116   -4.02214    34.8876    34.8877 0.0000e+00
    597.000     0.6887     0.6885   2.981730   2.981713    315.597    308.415     0.1200     0.0023     0.1262    789.806   78.82116   -4.02214    34.8872    34.8873 0.0000e+00
    598.000     0.6765     0.6726   2.980627   2.980224    316.199    308.691     0.1199     0.0102     0.1261    790.779   78.82116   -4.02214    34.8861    34.8851 0.0000e+00
    599.000     0.6605     0.6597   2.979210   2.979140    316.057    308.391     0.1198     0.0104     0.1262    791.754   78.82116   -4.02214    34.8850    34.8849 0.0000e+00
    600.000     0.6605     0.6602   2.979238   2.979234    315.439    308.130     0.1197     0.0020     0.1269    792.735   78.82116   -4.02214    34.8848    34.8851 0.0000e+00
    601.000     0.6496     0.6501   2.978305   2.978309    315.275    307.947     0.1196     0.0021     0.1273    793.723   78.82116   -4.02215    34.8843    34.8837 0.0000e+00
    602.000     0.6589     0.6573   2.979273   2.979179    315.028    307.851     0.1195     0.0017     0.1263    794.710   78.82116   -4.02216    34.8858    34.8865 0.0000e+00
    603.000     0.6664     0.6660   2.980021   2.979992    315.209    307.604     0.1194     0.0020     0.1261    795.690   78.82116   -4.02216    34.8866    34.8867 0.0000e+00
    604.000     0.6270     0.6337   2.976395   2.976826    315.736    308.355     0.1193     0.0017     0.1261    796.665   78.82116   -4.02216    34.8831    34.8813 0.0000e+00
    605.000     0.5761     0.5734   2.971766   2.971449    315.852    308.741     0.1193     0.0020     0.1258    797.638   78.82116   -4.02215    34.8796    34.8784 0.0000e+00
    606.000     0.5782     0.5816   2.971989   2.972414    313.734    307.449     0.1192     0.0020     0.1254    798.607   78.82116   -4.02214    34.8795    34.8811 0.0000e+00
    607.000     0.5446     0.5580   2.968910   2.970134    314.232    307.509     0.1191     0.0023     0.1250    799.578   78.82116   -4.02214    34.8765    34.8774 0.0000e+00
    608.000     0.5061     0.5112   2.965250   2.965571    316.059    308.387     0.1191     0.0062     0.1257    800.552   78.82116   -4.02214    34.8716    34.8700 0.0000e+00
    609.000     0.5030     0.4992   2.965102   2.964821    315.722    307.314     0.1190     0.0125     0.1254    801.530   78.82116   -4.02215    34.8726    34.8731 0.0000e+00
    610.000     0.5029     0.5028   2.965130   2.965141    315.192    306.664     0.1190     0.0141     0.1250    802.514   78.82116   -4.02216    34.8725    34.8727 0.0000e+00
    611.000     0.5040     0.5016   2.965263   2.965033    315.863    306.726     0.1190     0.0077     0.1249    803.492   78.82116   -4.02216    34.8723    34.8720 0.0000e+00
    612.000     0.4816     0.4814   2.963300   2.963304    316.079    306.416     0.1190     0.0020     0.1247    804.468   78.82116   -4.02216    34.8714    34.8716 0.0000e+00
    613.000     0.4813     0.4813   2.963321   2.963331    314.885    305.856     0.1190     0.0023     0.1249    805.443   78.82116   -4.02216    34.8714    34.8715 0.0000e+00
    614.000     0.4780     0.4780   2.963075   2.963078    314.080    305.966     0.1190     0.0026     0.1247    806.416   78.82116   -4.02214    34.8713    34.8713 0.0000e+00
    615.000     0.4781     0.4782   2.963143   2.963183    313.605    305.614     0.1189     0.0138     0.1240    807.395   78.82116   -4.02214    34.8715    34.8719 0.0000e+00
    616.000     0.4827     0.4828   2.963653   2.963683    314.058    305.533     0.1189     0.0113     0.1240    808.379   78.82116   -4.02214    34.8723    34.8727 0.0000e+00
    617.000     0.4834     0.4836   2.963779   2.963812    314.152    305.796     0.1189     0.0093     0.1242    809.358   78.82116   -4.02214    34.8726    34.8729 0.0000e+00
    618.000     0.4860     0.4859   2.964080   2.964092    313.677    305.542     0.1189     0.0093     0.1240    810.332   78.82116   -4.02214    34.8731    34.8734 0.0000e+00
    619.000     0.4911     0.4880   2.964621   2.964371    313.520    305.926     0.1188     0.0068     0.1238    811.304   78.82116   -4.02216    34.8738    34.8740 0.0000e+00
    620.000     0.4913     0.4912   2.964700   2.964686    313.622    306.147     0.1188     0.0035     0.1236    812.281   78.82116   -4.02216    34.8740    34.8739 0.0000e+00
    621.000     0.4837     0.4827   2.964051   2.963965    313.214    306.346     0.1188     0.0083     0.1240    813.257   78.82116   -4.02216    34.8736    34.8735 0.0000e+00
    622.000     0.4799     0.4793   2.963741   2.963691    313.139    305.958     0.1187     0.0026     0.1237    814.232   78.82116   -4.02214    34.8732    34.8732 0.0000e+00
    623.000     0.4700     0.4696   2.962897   2.962862    313.075    306.217     0.1187     0.0086     0.1239    815.210   78.82116   -4.02214    34.8727    34.8727 0.0000e+00
    624.000     0.4662     0.4656   2.962605   2.962569    313.215    306.365     0.1187     0.0026     0.1237    816.186   78.82116   -4.02214    34.8726    34.8728 0.0000e+00
    625.000     0.4634     0.4624   2.962393   2.962329    313.302    306.029     0.1187     0.0017     0.1240    817.166   78.82116   -4.02214    34.8724    34.8727 0.0000e+00
    626.000     0.4703     0.4699   2.963094   2.963096    313.570    306.067     0.1187     0.0014     0.1240    818.143   78.82116   -4.02214    34.8732    34.8736 0.0000e+00
    627.000     0.4710     0.4709   2.963205   2.963223    314.038    306.022     0.1186     0.0061     0.1240    819.120   78.82116   -4.02214    34.8733    34.8737 0.0000e+00
    628.000     0.4709     0.4709   2.963252   2.963269    313.926    306.260     0.1186     0.0062     0.1236    820.096   78.82116   -4.02214    34.8734    34.8737 0.0000e+00
    629.000     0.4701     0.4704   2.963236   2.963279    313.729    306.202     0.1185     0.0021     0.1239    821.071   78.82116   -4.02214    34.8736    34.8738 0.0000e+00
    630.000     0.4686     0.4687   2.963165   2.963198    313.418    305.850     0.1185     0.0029     0.1234    822.045   78.82116   -4.02214    34.8737    34.8740 0.0000e+00
    631.000     0.4628     0.4619   2.962690   2.962603    313.576    305.917     0.1184     0.0082     0.1237    823.024   78.82116   -4.02214    34.8735    34.8733 0.0000e+00
    632.000     0.4530     0.4529   2.961843   2.961855    313.529    306.382     0.1183     0.0009     0.1239    824.006   78.82116   -4.02214    34.8728    34.8731 0.0000e+00
    633.000     0.4498     0.4499   2.961605   2.961643    313.404    306.492     0.1182     0.0023     0.1240    824.983   78.82116   -4.02214    34.8727    34.8732 0.0000e+00
