test_project/cnv_files/sta0196_bin.cnv
* Sea-Bird SBE 9 Data File:
* FileName = C:\Seabird\CTDDATA\Sta0196.hex
* Software Version Seasave V 7.26.7.107
* Temperature SN = 03-4535
* Conductivity SN = 2860
* Number of Bytes Per Scan = 44
* Number of Voltage Words = 5
* Number of Scans Averaged by the Deck Unit = 1
* NMEA Latitude = 78 49.59 N
* NMEA Longitude = 001 57.31 W
* NMEA UTC (Time) = Sep 02 2019 19:08:33
* NMEA baud rate = 9600
** Ship: "Kronprins Haakon"
** Station: 196
** Echodepth: 2665
** Log: 5730.541
** Wind-Dir Force(m/s): 03 28
** Air-temp (dry): -0.8
** Weather Sky: 2 8
** Sea Ice: 4 0
# nquan = 16
# nvalues = 2703                        
# units = specified
# name 0 = prDM: Pressure, Digiquartz [db]
# name 1 = t090C: Temperature [ITS-90, deg C]
# name 2 = t190C: Temperature, 2 [ITS-90, deg C]
# name 3 = c0S/m: Conductivity [S/m]
# name 4 = c1S/m: Conductivity, 2 [S/m]
# name 5 = sbox0Mm/Kg: Oxygen, SBE 43 [umol/kg]
# name 6 = sbox1Mm/Kg: Oxygen, SBE 43, 2 [umol/kg]
# name 7 = wetCDOM: Fluorescence, WET Labs CDOM [mg/m^3]
# name 8 = flECO-AFL: Fluorescence, WET Labs ECO-AFL/FL [mg/m^3]
# name 9 = CStarAt0: Beam Attenuation, WET Labs C-Star [1/m]
# name 10 = timeS: Time, Elapsed [seconds]
# name 11 = latitude: Latitude [deg]
# name 12 = longitude: Longitude [deg]
# name 13 = sal00: Salinity, Practical [PSU]
# name 14 = sal11: Salinity, Practical, 2 [PSU]
# name 15 = flag: flag
# span 0 =      1.000,   2703.000       
# span 1 =    -1.8061,     3.3583       
# span 2 =    -1.8067,     3.3564       
# span 3 =   2.530018,   3.206620       
# span 4 =   2.530131,   3.206355       
# span 5 =    294.271,    428.466       
# span 6 =    291.739,    398.448       
# span 7 =     0.0995,     0.1651       
# span 8 =    -0.0098,     1.4636       
# span 9 =     0.1055,     0.5102       
# span 10 =    236.915,   2949.290      
# span 11 =   78.82658,   78.82662      
# span 12 =   -1.95534,   -1.95496      
# span 13 =    31.0826,    34.9862      
# span 14 =    31.0832,    34.9850      
# span 15 = 0.0000e+00, 0.0000e+00      
# interval = decibars: 1                
# start_time = Sep 02 2019 19:08:33 [NMEA time, header]
# bad_flag = -9.990e-29
*END*
[from data line 1447]
   1448.000    -0.3694    -0.3698   2.929745   2.929768    324.819    310.299     0.1123     0.0044     0.1100   1707.279   78.82660   -1.95510    34.9131    34.9138 0.0000e+00
   1449.000    -0.3703    -0.3706   2.929714   2.929739    324.636    309.986     0.1122     0.0054     0.1097   1708.301   78.82660   -1.95510    34.9131    34.9138 0.0000e+00
   1450.000    -0.3712    -0.3716   2.929668   2.929694    324.967    309.972     0.1121    -0.0009     0.1100   1709.295   78.82660   -1.95512    34.9130    34.9138 0.0000e+00
   1451.000    -0.3714    -0.3719   2.929696   2.929717    324.358    309.411     0.1119    -0.0006     0.1101   1710.271   78.82660   -1.95512    34.9131    34.9139 0.0000e+00
   1452.000    -0.3728    -0.3733   2.929606   2.929628    323.799    309.150     0.1118    -0.0042     0.1101   1711.247   78.82660   -1.95512    34.9129    34.9137 0.0000e+00
   1453.000    -0.3765    -0.3766   2.929346   2.929395    323.631    308.806     0.1117     0.0082     0.1099   1712.241   78.82660   -1.95510    34.9131    34.9138 0.0000e+00
   1454.000    -0.3786    -0.3789   2.929211   2.929247    323.333    308.558     0.1115     0.0013     0.1096   1713.246   78.82660   -1.95510    34.9130    34.9139 0.0000e+00
   1455.000    -0.3784    -0.3787   2.929268   2.929300    322.838    307.874     0.1114     0.0007     0.1096   1714.243   78.82660   -1.95508    34.9130    34.9138 0.0000e+00
   1456.000    -0.3787    -0.3789   2.929283   2.929322    322.119    307.489     0.1112     0.0011     0.1095   1715.233   78.82660   -1.95508    34.9130    34.9138 0.0000e+00
   1457.000    -0.3791    -0.3795   2.929282   2.929311    321.902    307.027     0.1111    -0.0004     0.1090   1716.235   78.82660   -1.95510    34.9130    34.9138 0.0000e+00
   1458.000    -0.3797    -0.3801   2.929281   2.929300    321.925    307.032     0.1109     0.0013     0.1092   1717.241   78.82660   -1.95510    34.9131    34.9137 0.0000e+00
   1459.000    -0.3805    -0.3807   2.929274   2.929300    321.967    307.482     0.1108     0.0003     0.1087   1718.237   78.82660   -1.95510    34.9132    34.9138 0.0000e+00
   1460.000    -0.3817    -0.3819   2.929203   2.929243    321.751    307.116     0.1106    -0.0009     0.1081   1719.224   78.82660   -1.95510    34.9131    34.9139 0.0000e+00
   1461.000    -0.3825    -0.3827   2.929177   2.929204    321.653    307.085     0.1104     0.0001     0.1088   1720.210   78.82660   -1.95510    34.9131    34.9138 0.0000e+00
   1462.000    -0.3840    -0.3843   2.929085   2.929119    322.082    307.432     0.1103     0.0005     0.1091   1721.199   78.82660   -1.95508    34.9130    34.9138 0.0000e+00
   1463.000    -0.3850    -0.3854   2.929042   2.929074    322.138    307.637     0.1101     0.0023     0.1094   1722.188   78.82660   -1.95508    34.9130    34.9139 0.0000e+00
   1464.000    -0.3856    -0.3859   2.929044   2.929075    322.360    307.867     0.1100     0.0121     0.1095   1723.180   78.82660   -1.95508    34.9132    34.9139 0.0000e+00
   1465.000    -0.3862    -0.3865   2.929025   2.929060    322.225    307.798     0.1098     0.0098     0.1089   1724.175   78.82660   -1.95508    34.9131    34.9139 0.0000e+00
   1466.000    -0.3867    -0.3870   2.929032   2.929059    321.979    307.494     0.1097     0.0092     0.1087   1725.186   78.82660   -1.95508    34.9131    34.9138 0.0000e+00
   1467.000    -0.3871    -0.3872   2.929037   2.929082    321.707    306.914     0.1097     0.0022     0.1090   1726.203   78.82660   -1.95510    34.9131    34.9139 0.0000e+00
   1468.000    -0.3873    -0.3876   2.929054   2.929092    321.902    307.106     0.1096     0.0075     0.1090   1727.203   78.82660   -1.95510    34.9130    34.9138 0.0000e+00
   1469.000    -0.3883    -0.3887   2.929014   2.929042    322.347    307.747     0.1096     0.0030     0.1087   1728.185   78.82660   -1.95510    34.9131    34.9139 0.0000e+00
   1470.000    -0.3893    -0.3894   2.928977   2.929016    322.863    307.795     0.1096     0.0013     0.1084   1729.162   78.82660   -1.95508    34.9131    34.9138 0.0000e+00
   1471.000    -0.3895    -0.3899   2.928996   2.929028    323.462    308.567     0.1096     0.0002     0.1091   1730.147   78.82660   -1.95508    34.9130    34.9139 0.0000e+00
   1472.000    -0.3892    -0.3896   2.929058   2.929091    324.567    309.040     0.1097    -0.0000     0.1091   1731.139   78.82660   -1.95506    34.9130    34.9139 0.0000e+00
   1473.000    -0.3895    -0.3898   2.929088   2.929119    324.519    309.411     0.1097     0.0004     0.1100   1732.133   78.82660   -1.95506    34.9131    34.9139 0.0000e+00
   1474.000    -0.3898    -0.3901   2.929100   2.929127    325.217    309.729     0.1098     0.0015     0.1100   1733.138   78.82660   -1.95506    34.9131    34.9138 0.0000e+00
   1475.000    -0.3903    -0.3907   2.929105   2.929118    325.407    309.819     0.1099     0.0069     0.1104   1734.157   78.82660   -1.95508    34.9132    34.9138 0.0000e+00
   1476.000    -0.3917    -0.3920   2.929020   2.929049    324.865    309.391     0.1100     0.0003     0.1106   1735.172   78.82660   -1.95510    34.9131    34.9138 0.0000e+00
   1477.000    -0.3928    -0.3931   2.928970   2.929000    325.133    309.753     0.1100    -0.0007     0.1101   1736.165   78.82660   -1.95510    34.9131    34.9139 0.0000e+00
   1478.000    -0.3936    -0.3938   2.928948   2.928985    324.524    309.663     0.1101     0.0001     0.1109   1737.133   78.82660   -1.95508    34.9131    34.9139 0.0000e+00
   1479.000    -0.3952    -0.3955   2.928845   2.928873    324.064    308.924     0.1102     0.0003     0.1102   1738.098   78.82660   -1.95508    34.9131    34.9138 0.0000e+00
   1480.000    -0.3965    -0.3969   2.928784   2.928804    324.264    308.999     0.1103     0.0013     0.1098   1739.081   78.82660   -1.95506    34.9132    34.9139 0.0000e+00
   1481.000    -0.3972    -0.3975   2.928767   2.928790    323.258    308.684     0.1104     0.0008     0.1101   1740.094   78.82660   -1.95506    34.9132    34.9139 0.0000e+00
   1482.000    -0.3974    -0.3979   2.928794   2.928811    323.734    308.400     0.1106     0.0006     0.1101   1741.121   78.82660   -1.95506    34.9132    34.9139 0.0000e+00
   1483.000    -0.3983    -0.3987   2.928765   2.928788    323.891    308.836     0.1107     0.0001     0.1101   1742.143   78.82660   -1.95508    34.9133    34.9140 0.0000e+00
   1484.000    -0.3986    -0.3989   2.928782   2.928810    323.844    308.952     0.1108     0.0038     0.1100   1743.148   78.82658   -1.95508    34.9132    34.9140 0.0000e+00
   1485.000    -0.3987    -0.3991   2.928822   2.928843    323.758    308.645     0.1110     0.0095     0.1096   1744.131   78.82658   -1.95508    34.9133    34.9141 0.0000e+00
   1486.000    -0.3988    -0.3991   2.928847   2.928888    323.861    308.759     0.1112     0.0094     0.1095   1745.101   78.82658   -1.95508    34.9132    34.9141 0.0000e+00
   1487.000    -0.3986    -0.3991   2.928909   2.928929    323.340    308.519     0.1113     0.0087     0.1095   1746.075   78.82660   -1.95508    34.9133    34.9141 0.0000e+00
   1488.000    -0.3987    -0.3992   2.928940   2.928961    323.584    308.409     0.1115    -0.0000     0.1097   1747.064   78.82660   -1.95508    34.9132    34.9141 0.0000e+00
   1489.000    -0.3989    -0.3993   2.928968   2.928999    322.991    307.921     0.1116     0.0005     0.1101   1748.068   78.82660   -1.95506    34.9133    34.9141 0.0000e+00
   1490.000    -0.3989    -0.3993   2.929012   2.929037    322.667    307.847     0.1118     0.0081     0.1099   1749.075   78.82660   -1.95506    34.9133    34.9141 0.0000e+00
   1491.000    -0.3993    -0.3997   2.929020   2.929044    322.892    308.116     0.1119     0.0019     0.1101   1750.072   78.82658   -1.95508    34.9133    34.9141 0.0000e+00
   1492.000    -0.4001    -0.4004   2.928989   2.929027    322.959    308.042     0.1121     0.0061     0.1098   1751.067   78.82658   -1.95508    34.9133    34.9142 0.0000e+00
   1493.000    -0.4004    -0.4007   2.929017   2.929048    322.398    307.701     0.1122     0.0042     0.1098   1752.069   78.82658   -1.95508    34.9134    34.9142 0.0000e+00
   1494.000    -0.4004    -0.4007   2.929057   2.929090    321.981    307.952     0.1123     0.0004     0.1093   1753.060   78.82658   -1.95508    34.9134    34.9142 0.0000e+00
   1495.000    -0.4008    -0.4010   2.929065   2.929097    322.829    307.392     0.1124     0.0010     0.1091   1754.042   78.82658   -1.95508    34.9134    34.9140 0.0000e+00
   1496.000    -0.4014    -0.4017   2.929056   2.929087    322.280    307.194     0.1125     0.0013     0.1093   1755.024   78.82658   -1.95508    34.9134    34.9142 0.0000e+00
   1497.000    -0.4025    -0.4028   2.929020   2.929043    321.621    307.163     0.1126     0.0029     0.1094   1756.017   78.82658   -1.95508    34.9136    34.9142 0.0000e+00
   1498.000    -0.4032    -0.4035   2.928998   2.929028    321.702    307.084     0.1127     0.0095     0.1091   1757.027   78.82658   -1.95508    34.9135    34.9143 0.0000e+00
   1499.000    -0.4044    -0.4048   2.928935   2.928959    321.706    307.383     0.1129     0.0088     0.1091   1758.029   78.82658   -1.95508    34.9135    34.9143 0.0000e+00
   1500.000    -0.4056    -0.4059   2.928872   2.928901    321.071    306.941     0.1130     0.0015     0.1091   1759.019   78.82658   -1.95508    34.9135    34.9142 0.0000e+00
   1501.000    -0.4058    -0.4062   2.928892   2.928930    320.786    306.262     0.1131     0.0006     0.1091   1760.005   78.82658   -1.95508    34.9135    34.9144 0.0000e+00
   1502.000    -0.4057    -0.4061   2.928951   2.928973    320.794    306.199     0.1132     0.0012     0.1091   1760.994   78.82658   -1.95508    34.9135    34.9143 0.0000e+00
   1503.000    -0.4058    -0.4062   2.928984   2.929004    320.794    306.235     0.1134     0.0163     0.1090   1761.981   78.82658   -1.95508    34.9136    34.9142 0.0000e+00
   1504.000    -0.4068    -0.4072   2.928942   2.928963    321.189    306.118     0.1135     0.0138     0.1090   1762.967   78.82658   -1.95508    34.9136    34.9143 0.0000e+00
   1505.000    -0.4076    -0.4080   2.928918   2.928946    321.542    306.250     0.1136     0.0056     0.1091   1763.958   78.82658   -1.95508    34.9136    34.9144 0.0000e+00
   1506.000    -0.4089    -0.4092   2.928855   2.928881    321.080    306.202     0.1137     0.0053     0.1084   1764.957   78.82658   -1.95509    34.9136    34.9143 0.0000e+00
   1507.000    -0.4091    -0.4096   2.928875   2.928892    320.622    305.952     0.1138     0.0056     0.1081   1765.954   78.82658   -1.95510    34.9136    34.9143 0.0000e+00
   1508.000    -0.4090    -0.4094   2.928942   2.928953    320.933    305.827     0.1139     0.0001     0.1084   1766.939   78.82659   -1.95510    34.9138    34.9145 0.0000e+00
   1509.000    -0.4091    -0.4094   2.928969   2.929001    320.964    305.849     0.1140     0.0002     0.1082   1767.919   78.82660   -1.95510    34.9137    34.9145 0.0000e+00
   1510.000    -0.4107    -0.4110   2.928878   2.928902    320.745    305.536     0.1141     0.0014     0.1080   1768.904   78.82660   -1.95510    34.9138    34.9144 0.0000e+00
   1511.000    -0.4115    -0.4116   2.928850   2.928892    320.254    305.357     0.1141     0.0009     0.1080   1769.898   78.82660   -1.95510    34.9137    34.9144 0.0000e+00
   1512.000    -0.4130    -0.4132   2.928758   2.928794    320.247    305.315     0.1142     0.0005     0.1079   1770.901   78.82660   -1.95510    34.9137    34.9143 0.0000e+00
   1513.000    -0.4134    -0.4135   2.928759   2.928813    319.755    305.633     0.1143     0.0008     0.1080   1771.912   78.82660   -1.95510    34.9136    34.9145 0.0000e+00
   1514.000    -0.4135    -0.4140   2.928803   2.928816    319.194    305.316     0.1145    -0.0014     0.1079   1772.916   78.82660   -1.95510    34.9137    34.9144 0.0000e+00
   1515.000    -0.4142    -0.4145   2.928781   2.928805    319.381    305.445     0.1146    -0.0004     0.1080   1773.913   78.82660   -1.95510    34.9137    34.9143 0.0000e+00
   1516.000    -0.4159    -0.4162   2.928696   2.928711    319.989    305.269     0.1147    -0.0009     0.1088   1774.899   78.82660   -1.95510    34.9139    34.9145 0.0000e+00
   1517.000    -0.4160    -0.4163   2.928721   2.928748    320.137    305.248     0.1149    -0.0003     0.1089   1775.874   78.82660   -1.95510    34.9138    34.9145 0.0000e+00
   1518.000    -0.4162    -0.4165   2.928746   2.928776    319.570    305.644     0.1151     0.0032     0.1081   1776.849   78.82660   -1.95509    34.9138    34.9146 0.0000e+00
   1519.000    -0.4163    -0.4166   2.928781   2.928817    319.891    305.246     0.1152     0.0068     0.1078   1777.843   78.82660   -1.95508    34.9138    34.9147 0.0000e+00
   1520.000    -0.4164    -0.4168   2.928803   2.928844    320.108    304.834     0.1154     0.0020     0.1076   1778.860   78.82660   -1.95509    34.9137    34.9147 0.0000e+00
   1521.000    -0.4168    -0.4172   2.928817   2.928846    319.862    304.758     0.1157     0.0081     0.1076   1779.884   78.82660   -1.95510    34.9137    34.9146 0.0000e+00
   1522.000    -0.4174    -0.4176   2.928814   2.928853    319.391    304.734     0.1159     0.0002     0.1074   1780.889   78.82660   -1.95510    34.9138    34.9146 0.0000e+00
   1523.000    -0.4191    -0.4197   2.928712   2.928695    318.933    304.789     0.1161     0.0011     0.1082   1781.873   78.82660   -1.95510    34.9138    34.9143 0.0000e+00
   1524.000    -0.4216    -0.4220   2.928519   2.928556    319.503    304.510     0.1163     0.0005     0.1076   1782.846   78.82660   -1.95510    34.9136    34.9145 0.0000e+00
   1525.000    -0.4216    -0.4217   2.928558   2.928613    319.217    304.484     0.1165     0.0004     0.1079   1783.812   78.82660   -1.95510    34.9135    34.9143 0.0000e+00
   1526.000    -0.4232    -0.4235   2.928463   2.928498    319.492    304.882     0.1167     0.0011     0.1091   1784.793   78.82660   -1.95509    34.9135    34.9143 0.0000e+00
   1527.000    -0.4222    -0.4226   2.928594   2.928634    320.449    305.631     0.1169     0.0016     0.1086   1785.801   78.82660   -1.95508    34.9135    34.9145 0.0000e+00
   1528.000    -0.4238    -0.4242   2.928492   2.928512    321.274    305.777     0.1170     0.0020     0.1080   1786.832   78.82660   -1.95509    34.9135    34.9142 0.0000e+00
   1529.000    -0.4254    -0.4257   2.928401   2.928428    321.874    306.338     0.1171     0.0005     0.1080   1787.862   78.82660   -1.95510    34.9135    34.9142 0.0000e+00
   1530.000    -0.4253    -0.4257   2.928455   2.928492    321.417    306.623     0.1172     0.0043     0.1080   1788.864   78.82660   -1.95511    34.9136    34.9145 0.0000e+00
   1531.000    -0.4254    -0.4258   2.928492   2.928521    321.732    306.658     0.1173     0.0096     0.1080   1789.842   78.82660   -1.95512    34.9136    34.9144 0.0000e+00
   1532.000    -0.4260    -0.4264   2.928485   2.928508    322.187    306.936     0.1173     0.0081     0.1079   1790.814   78.82660   -1.95511    34.9137    34.9144 0.0000e+00
   1533.000    -0.4263    -0.4266   2.928500   2.928538    322.313    307.063     0.1174     0.0019     0.1080   1791.797   78.82660   -1.95510    34.9136    34.9145 0.0000e+00
   1534.000    -0.4263    -0.4266   2.928541   2.928582    321.655    306.572     0.1174     0.0008     0.1078   1792.797   78.82660   -1.95510    34.9136    34.9145 0.0000e+00
   1535.000    -0.4268    -0.4270   2.928550   2.928586    321.090    306.139     0.1174     0.0006     0.1080   1793.807   78.82660   -1.95509    34.9137    34.9145 0.0000e+00
   1536.000    -0.4273    -0.4276   2.928548   2.928562    321.576    306.121     0.1174     0.0004     0.1080   1794.818   78.82660   -1.95509    34.9137    34.9143 0.0000e+00
