test_project/cnv_files/Sta0225_bin.cnv
* Sea-Bird SBE 9 Data File:
* FileName = C:\Seabird\CTDDATA\Sta0225.hex
* Software Version Seasave V 7.26.7.107
* Temperature SN = 03-4535
* Conductivity SN = 2860
* Number of Bytes Per Scan = 44
* Number of Voltage Words = 5
* Number of Scans Averaged by the Deck Unit = 1
* NMEA Latitude = 78 05.62 N
* NMEA Longitude = 016 12.55 W
* NMEA UTC (Time) = Sep 08 2019 04:40:02
* NMEA baud rate = 9600
** Ship: "Kronprins Haakon"
** Station: 0225
** Echodepth: 482
** Log: 6070.74
** Wind-Dir Force(m/s): 30 05
** Air-temp (dry): -2.5
** Weather Sky: 0 1
** Sea Ice: 0 4
# nquan = 17
# nvalues = 470                         
# units = specified
# name 0 = prDM: Pressure, Digiquartz [db]
# name 1 = t090C: Temperature [ITS-90, deg C]
# name 2 = t190C: Temperature, 2 [ITS-90, deg C]
# name 3 = c0S/m: Conductivity [S/m]
# name 4 = c1S/m: Conductivity, 2 [S/m]
# name 5 = sbox0Mm/Kg: Oxygen, SBE 43 [umol/kg]
# name 6 = sbox1Mm/Kg: Oxygen, SBE 43, 2 [umol/kg]
# name 7 = wetCDOM: Fluorescence, WET Labs CDOM [mg/m^3]
# name 8 = flECO-AFL: Fluorescence, WET Labs ECO-AFL/FL [mg/m^3]
# name 9 = CStarAt0: Beam Attenuation, WET Labs C-Star [1/m]
# name 10 = timeS: Time, Elapsed [seconds]
# name 11 = latitude: Latitude [deg]
# name 12 = longitude: Longitude [deg]
# name 13 = upoly0: Upoly 0, ISUS
# name 14 = sal00: Salinity, Practical [PSU]
# name 15 = sal11: Salinity, Practical, 2 [PSU]
# name 16 = flag: flag
# span 0 =      2.000,    471.000       
# span 1 =    -1.6520,     1.7649       
# span 2 =    -1.6521,     1.7651       
# span 3 =   2.442149,   3.062241       
# span 4 =   2.443882,   3.062197       
# span 5 =    305.410,    425.576       
# span 6 =    299.870,    415.762       
# span 7 =     0.0991,     0.1779       
# span 8 =    -0.0020,     2.0435       
# span 9 =     0.1298,     0.3230       
# span 10 =    362.389,    884.681      
# span 11 =   78.09354,   78.09385      
# span 12 =  -16.20932,  -16.20874      
# span 13 = -5.0962125, -5.0962125      
# span 14 =    29.7206,    34.9099      
# span 15 =    29.7284,    34.9097      
# span 16 = 0.0000e+00, 0.0000e+00      
# interval = decibars: 1                
# start_time = Sep 08 2019 04:40:02 [NMEA time, header]
# bad_flag = -9.990e-29
*END*
      2.000    -0.7915    -0.8008   2.449686   2.447928    394.745    393.404     0.1057     0.1956     0.1879    362.389   78.09385  -16.20896 -5.0962125    29.7944    29.7801 0.0000e+00
      3.000    -0.8191    -0.8080   2.442149   2.443882    395.593    392.566     0.1086     0.1898     0.1900    391.402   78.09382  -16.20886 -5.0962125    29.7206    29.7327 0.0000e+00
      4.000    -0.7798    -0.7821   2.449309   2.448942    397.811    392.866     0.1074     0.1776     0.1885    395.142   78.09382  -16.20885 -5.0962125    29.7768    29.7741 0.0000e+00
      5.000    -0.7851    -0.7846   2.449319   2.450200    395.980    392.845     0.1078     0.1744     0.1885    398.257   78.09382  -16.20884 -5.0962125    29.7816    29.7928 0.0000e+00
      6.000    -0.7786    -0.7799   2.452219   2.451926    397.276    392.658     0.1056     0.1630     0.1888    400.810   78.09381  -16.20884 -5.0962125    29.8133    29.8107 0.0000e+00
      7.000    -0.7987    -0.7979   2.445810   2.445918    398.321    393.685     0.1049     0.1625     0.1880    403.275   78.09380  -16.20884 -5.0962125    29.7471    29.7478 0.0000e+00
      8.000    -0.8066    -0.8043   2.443535   2.444032    397.790    393.527     0.1046     0.1579     0.1879    405.504   78.09380  -16.20883 -5.0962125    29.7240    29.7284 0.0000e+00
      9.000    -0.7792    -0.7839   2.448649   2.447979    398.283    392.722     0.1046     0.1530     0.1888    407.390   78.09380  -16.20882 -5.0962125    29.7646    29.7603 0.0000e+00
     10.000    -0.7873    -0.7877   2.448541   2.448302    399.194    393.140     0.1054     0.1649     0.1893    409.149   78.09380  -16.20882 -5.0962125    29.7706    29.7678 0.0000e+00
     11.000    -0.7631    -0.7648   2.454329   2.454097    398.044    392.758     0.1071     0.1620     0.1880    410.835   78.09380  -16.20882 -5.0962125    29.8233    29.8218 0.0000e+00
     12.000    -0.7351    -0.7407   2.459587   2.458704    398.507    392.833     0.1099     0.1773     0.1883    412.461   78.09378  -16.20882 -5.0962125    29.8650    29.8589 0.0000e+00
     13.000    -0.6947    -0.6949   2.467770   2.467732    398.491    393.093     0.1136     0.1885     0.1871    414.076   78.09378  -16.20881 -5.0962125    29.9334    29.9331 0.0000e+00
     14.000    -0.7022    -0.7019   2.470672   2.470744    398.879    393.528     0.1180     0.2070     0.1874    415.626   78.09378  -16.20880 -5.0962125    29.9790    29.9796 0.0000e+00
     15.000    -0.7957    -0.7953   2.480490   2.480046    396.819    393.230     0.1230     0.2110     0.1856    417.026   78.09378  -16.20880 -5.0962125    30.2027    30.1964 0.0000e+00
     16.000    -0.7923    -0.7927   2.481017   2.480953    394.425    392.430     0.1281     0.2291     0.1871    418.408   78.09378  -16.20880 -5.0962125    30.2058    30.2053 0.0000e+00
     17.000    -0.7859    -0.7863   2.480999   2.480829    400.902    395.991     0.1332     0.2114     0.1945    419.781   78.09378  -16.20880 -5.0962125    30.1986    30.1967 0.0000e+00
     18.000    -0.7938    -0.7927   2.483914   2.484201    408.201    398.909     0.1378     0.2191     0.1966    421.166   78.09378  -16.20880 -5.0962125    30.2449    30.2476 0.0000e+00
     19.000    -0.7874    -0.7847   2.533723   2.532807    405.309    397.190     0.1419     0.2479     0.1980    422.545   78.09378  -16.20879 -5.0962125    30.9043    30.8894 0.0000e+00
     20.000    -0.7642    -0.7644   2.579032   2.579019    403.323    395.848     0.1454     0.2664     0.2005    423.882   78.09378  -16.20878 -5.0962125    31.4872    31.4872 0.0000e+00
     21.000    -0.7828    -0.7825   2.584301   2.584215    407.103    399.323     0.1483     0.2614     0.2090    425.198   78.09378  -16.20878 -5.0962125    31.5768    31.5753 0.0000e+00
     22.000    -0.8079    -0.8051   2.586146   2.586141    415.152    407.344     0.1502     0.2600     0.2202    426.534   78.09378  -16.20878 -5.0962125    31.6273    31.6243 0.0000e+00
     23.000    -0.9000    -0.8993   2.581661   2.581617    420.205    415.427     0.1513     0.3006     0.1982    434.531   78.09377  -16.20877 -5.0962125    31.6632    31.6618 0.0000e+00
     24.000    -0.9289    -0.9282   2.580659   2.580622    419.714    415.742     0.1517     0.3078     0.1965    439.032   78.09376  -16.20876 -5.0962125    31.6795    31.6783 0.0000e+00
     25.000    -0.9706    -0.9693   2.579672   2.579642    420.980    415.593     0.1516     0.3444     0.1971    441.220   78.09376  -16.20876 -5.0962125    31.7095    31.7078 0.0000e+00
     26.000    -1.0122    -1.0121   2.579964   2.579912    420.702    415.268     0.1512     0.3174     0.1965    442.889   78.09376  -16.20876 -5.0962125    31.7569    31.7560 0.0000e+00
     27.000    -1.0051    -1.0047   2.584107   2.584096    420.990    415.136     0.1507     0.3756     0.1985    444.331   78.09376  -16.20876 -5.0962125    31.8048    31.8043 0.0000e+00
     28.000    -1.0195    -1.0190   2.585127   2.585105    423.311    415.762     0.1501     0.5121     0.2013    445.586   78.09376  -16.20876 -5.0962125    31.8332    31.8324 0.0000e+00
     29.000    -1.0306    -1.0302   2.585255   2.585233    423.591    415.556     0.1495     0.5937     0.2031    446.569   78.09375  -16.20876 -5.0962125    31.8462    31.8454 0.0000e+00
     30.000    -1.0738    -1.0720   2.587445   2.587431    423.117    415.389     0.1491     0.6485     0.2142    447.556   78.09374  -16.20876 -5.0962125    31.9212    31.9192 0.0000e+00
     31.000    -1.1788    -1.1732   2.584141   2.584176    423.123    415.377     0.1491     0.7920     0.2262    448.548   78.09374  -16.20876 -5.0962125    31.9877    31.9822 0.0000e+00
     32.000    -1.2457    -1.2430   2.582962   2.582999    421.116    414.038     0.1496     0.9774     0.2364    449.526   78.09374  -16.20876 -5.0962125    32.0426    32.0402 0.0000e+00
     33.000    -1.3462    -1.3430   2.578880   2.578909    418.738    412.844     0.1506     0.9921     0.2445    450.508   78.09374  -16.20876 -5.0962125    32.0941    32.0911 0.0000e+00
     34.000    -1.4190    -1.4174   2.574940   2.574907    419.082    410.775     0.1515     1.0389     0.2540    451.498   78.09374  -16.20876 -5.0962125    32.1180    32.1158 0.0000e+00
     35.000    -1.4237    -1.4244   2.576027   2.576011    419.381    408.083     0.1524     1.1877     0.2547    452.493   78.09374  -16.20876 -5.0962125    32.1373    32.1379 0.0000e+00
     36.000    -1.4368    -1.4352   2.576433   2.576434    421.311    407.097     0.1533     1.8633     0.2622    453.493   78.09374  -16.20874 -5.0962125    32.1565    32.1548 0.0000e+00
     37.000    -1.5333    -1.5292   2.569958   2.570003    425.576    408.050     0.1541     2.0435     0.2739    454.497   78.09374  -16.20874 -5.0962125    32.1711    32.1673 0.0000e+00
     38.000    -1.5620    -1.5654   2.568390   2.568310    424.665    407.576     0.1548     1.4847     0.2929    455.499   78.09374  -16.20874 -5.0962125    32.1800    32.1826 0.0000e+00
     39.000    -1.5282    -1.5269   2.572222   2.572225    421.649    406.819     0.1556     1.0713     0.3133    456.494   78.09374  -16.20874 -5.0962125    32.1956    32.1942 0.0000e+00
     40.000    -1.5529    -1.5524   2.571263   2.571268    421.102    405.620     0.1563     1.0349     0.3230    457.478   78.09374  -16.20874 -5.0962125    32.2085    32.2080 0.0000e+00
     41.000    -1.5587    -1.5579   2.571399   2.571439    415.218    400.347     0.1569     0.9397     0.3163    458.427   78.09374  -16.20874 -5.0962125    32.2161    32.2158 0.0000e+00
     42.000    -1.5623    -1.5624   2.572517   2.572467    409.442    396.811     0.1575     0.6953     0.3069    459.371   78.09374  -16.20874 -5.0962125    32.2348    32.2342 0.0000e+00
     43.000    -1.5626    -1.5630   2.574010   2.573982    405.966    395.429     0.1581     0.5572     0.2882    460.315   78.09372  -16.20874 -5.0962125    32.2550    32.2551 0.0000e+00
     44.000    -1.5475    -1.5475   2.577019   2.577001    402.325    393.626     0.1587     0.4584     0.2658    461.273   78.09372  -16.20874 -5.0962125    32.2795    32.2792 0.0000e+00
     45.000    -1.5547    -1.5545   2.577909   2.577905    400.089    391.724     0.1593     0.4321     0.2486    462.245   78.09372  -16.20874 -5.0962125    32.2989    32.2986 0.0000e+00
     46.000    -1.5642    -1.5639   2.577908   2.577919    398.111    389.998     0.1599     0.4111     0.2355    463.218   78.09372  -16.20874 -5.0962125    32.3087    32.3085 0.0000e+00
     47.000    -1.5749    -1.5744   2.577708   2.577729    396.538    389.066     0.1605     0.3908     0.2262    464.181   78.09372  -16.20874 -5.0962125    32.3169    32.3166 0.0000e+00
     48.000    -1.5784    -1.5784   2.577879   2.577883    395.401    388.775     0.1611     0.3586     0.2254    465.153   78.09372  -16.20874 -5.0962125    32.3224    32.3225 0.0000e+00
     49.000    -1.5790    -1.5789   2.578179   2.578182    395.592    388.524     0.1618     0.3494     0.2196    466.130   78.09372  -16.20874 -5.0962125    32.3266    32.3266 0.0000e+00
     50.000    -1.5905    -1.5896   2.578110   2.578124    396.762    388.477     0.1624     0.3518     0.2122    467.104   78.09372  -16.20874 -5.0962125    32.3376    32.3369 0.0000e+00
     51.000    -1.6159    -1.6150   2.577410   2.577427    396.362    388.699     0.1631     0.3284     0.2085    468.073   78.09372  -16.20874 -5.0962125    32.3550    32.3542 0.0000e+00
     52.000    -1.6284    -1.6280   2.577028   2.577045    395.945    388.200     0.1638     0.2880     0.2065    469.030   78.09372  -16.20874 -5.0962125    32.3627    32.3625 0.0000e+00
     53.000    -1.6336    -1.6335   2.576850   2.576859    395.589    387.429     0.1644     0.2393     0.2046    469.993   78.09372  -16.20874 -5.0962125    32.3653    32.3653 0.0000e+00
     54.000    -1.6352    -1.6352   2.577181   2.577205    395.509    386.914     0.1651     0.2366     0.2003    470.953   78.09372  -16.20874 -5.0962125    32.3710    32.3713 0.0000e+00
     55.000    -1.6332    -1.6331   2.578179   2.578179    395.663    386.426     0.1659     0.2246     0.1970    471.918   78.09372  -16.20874 -5.0962125    32.3820    32.3819 0.0000e+00
     56.000    -1.6372    -1.6370   2.578643   2.578640    395.863    386.154     0.1666     0.2166     0.1922    472.890   78.09372  -16.20874 -5.0962125    32.3922    32.3919 0.0000e+00
     57.000    -1.6425    -1.6423   2.578860   2.578876    395.307    385.915     0.1673     0.2013     0.1876    473.865   78.09372  -16.20874 -5.0962125    32.4003    32.4003 0.0000e+00
     58.000    -1.6433    -1.6431   2.579752   2.579765    394.220    385.437     0.1681     0.1888     0.1830    474.928   78.09372  -16.20874 -5.0962125    32.4129    32.4128 0.0000e+00
     59.000    -1.6423    -1.6441   2.579574   2.579641    388.742    383.396     0.1689     0.2377     0.1775    478.730   78.09372  -16.20874 -5.0962125    32.4088    32.4116 0.0000e+00
     60.000    -1.6495    -1.6493   2.580011   2.579991    388.423    382.834     0.1696     0.1781     0.1760    480.071   78.09372  -16.20874 -5.0962125    32.4220    32.4215 0.0000e+00
     61.000    -1.6428    -1.6432   2.581892   2.581893    388.402    382.482     0.1704     0.1592     0.1734    481.060   78.09370  -16.20874 -5.0962125    32.4400    32.4405 0.0000e+00
     62.000    -1.6454    -1.6449   2.583571   2.583565    389.513    382.234     0.1712     0.1442     0.1724    482.031   78.09370  -16.20874 -5.0962125    32.4655    32.4649 0.0000e+00
     63.000    -1.6468    -1.6468   2.585051   2.585053    389.755    381.831     0.1720     0.1277     0.1717    483.008   78.09370  -16.20874 -5.0962125    32.4868    32.4868 0.0000e+00
     64.000    -1.6469    -1.6468   2.586393   2.586391    389.314    381.040     0.1727     0.1265     0.1709    483.991   78.09370  -16.20874 -5.0962125    32.5049    32.5048 0.0000e+00
     65.000    -1.6465    -1.6465   2.589021   2.589009    388.127    380.562     0.1735     0.1151     0.1709    484.981   78.09370  -16.20874 -5.0962125    32.5402    32.5400 0.0000e+00
     66.000    -1.6520    -1.6517   2.590650   2.590630    386.853    379.756     0.1742     0.1167     0.1694    485.955   78.09370  -16.20874 -5.0962125    32.5681    32.5674 0.0000e+00
     67.000    -1.6520    -1.6521   2.592631   2.592606    385.683    378.568     0.1748     0.1185     0.1688    486.931   78.09370  -16.20874 -5.0962125    32.5948    32.5947 0.0000e+00
     68.000    -1.6433    -1.6437   2.594826   2.594777    384.588    377.302     0.1754     0.1119     0.1680    487.924   78.09370  -16.20874 -5.0962125    32.6150    32.6147 0.0000e+00
     69.000    -1.6333    -1.6334   2.596930   2.596928    383.878    376.560     0.1759     0.1071     0.1682    488.903   78.09370  -16.20874 -5.0962125    32.6325    32.6326 0.0000e+00
     70.000    -1.6315    -1.6313   2.597807   2.597801    383.140    375.704     0.1764     0.1120     0.1681    489.876   78.09370  -16.20874 -5.0962125    32.6420    32.6418 0.0000e+00
     71.000    -1.6329    -1.6329   2.598281   2.598258    382.201    374.533     0.1768     0.1100     0.1681    490.846   78.09370  -16.20874 -5.0962125    32.6495    32.6492 0.0000e+00
     72.000    -1.6325    -1.6324   2.598477   2.598460    380.788    373.710     0.1771     0.0983     0.1701    491.809   78.09370  -16.20874 -5.0962125    32.6511    32.6508 0.0000e+00
     73.000    -1.6341    -1.6341   2.599715   2.599711    380.116    373.447     0.1774     0.1022     0.1754    492.769   78.09370  -16.20874 -5.0962125    32.6694    32.6693 0.0000e+00
     74.000    -1.6287    -1.6292   2.601569   2.601512    379.612    372.994     0.1776     0.0985     0.1841    493.752   78.09370  -16.20874 -5.0962125    32.6885    32.6882 0.0000e+00
     75.000    -1.6377    -1.6368   2.603496   2.603460    379.873    372.650     0.1777     0.0975     0.1899    494.737   78.09370  -16.20874 -5.0962125    32.7244    32.7230 0.0000e+00
     76.000    -1.6425    -1.6423   2.604982   2.604997    380.325    372.637     0.1778     0.0878     0.1938    495.721   78.09370  -16.20874 -5.0962125    32.7496    32.7496 0.0000e+00
     77.000    -1.6369    -1.6371   2.606547   2.606551    379.974    372.068     0.1779     0.0912     0.1944    496.710   78.09370  -16.20874 -5.0962125    32.7644    32.7647 0.0000e+00
     78.000    -1.6356    -1.6353   2.609606   2.609584    379.503    371.681     0.1778     0.0942     0.1903    497.700   78.09370  -16.20874 -5.0962125    32.8047    32.8041 0.0000e+00
     79.000    -1.6363    -1.6364   2.611949   2.611930    378.898    370.815     0.1778     0.0902     0.1844    498.687   78.09369  -16.20874 -5.0962125    32.8373    32.8371 0.0000e+00
     80.000    -1.6366    -1.6367   2.614251   2.614179    377.916    369.846     0.1777     0.0845     0.1789    499.670   78.09368  -16.20874 -5.0962125    32.8688    32.8679 0.0000e+00
     81.000    -1.6297    -1.6301   2.618935   2.618883    376.982    368.806     0.1775     0.0685     0.1735    500.633   78.09368  -16.20874 -5.0962125    32.9253    32.9250 0.0000e+00
     82.000    -1.6247    -1.6247   2.621247   2.621223    376.204    368.192     0.1773     0.0679     0.1683    501.593   78.09368  -16.20874 -5.0962125    32.9511    32.9507 0.0000e+00
     83.000    -1.6226    -1.6227   2.622651   2.622624    375.477    368.304     0.1770     0.0616     0.1654    502.567   78.09368  -16.20874 -5.0962125    32.9676    32.9673 0.0000e+00
     84.000    -1.6212    -1.6212   2.623821   2.623784    374.479    367.751     0.1767     0.0611     0.1624    503.538   78.09368  -16.20874 -5.0962125    32.9817    32.9811 0.0000e+00
     85.000    -1.6199    -1.6199   2.625613   2.625603    373.901    366.985     0.1764     0.0716     0.1615    504.507   78.09368  -16.20874 -5.0962125    33.0043    33.0042 0.0000e+00
     86.000    -1.6179    -1.6179   2.628812   2.628771    373.363    366.354     0.1759     0.0710     0.1587    505.477   78.09368  -16.20874 -5.0962125    33.0457    33.0451 0.0000e+00
