test_project/cnv_files/sta0200_bin.cnv
* Sea-Bird SBE 9 Data File:
* FileName = C:\Seabird\CTDDATA\Sta0200.hex
* Software Version Seasave V 7.26.7.107
* Temperature SN = 03-4535
* Conductivity SN = 2860
* Number of Bytes Per Scan = 44
* Number of Voltage Words = 5
* Number of Scans Averaged by the Deck Unit = 1
* NMEA Latitude = 78 49.95 N
* NMEA Longitude = 004 00.86 W
* NMEA UTC (Time) = Sep 03 2019 09:07:39
* NMEA baud rate = 9600
** Ship: "Kronprins Haakon"
** Station: 200
** Echodepth: 1870
** Log: 5767.74
** Wind-Dir Force(m/s): 03 32
** Air-temp (dry): -2.0
** Weather Sky: 8 8
** Sea Ice: 5 0
# nquan = 16
# nvalues = 1881                        
# units = specified
# name 0 = prDM: Pressure, Digiquartz [db]
# name 1 = t090C: Temperature [ITS-90, deg C]
# name 2 = t190C: Temperature, 2 [ITS-90, deg C]
# name 3 = c0S/m: Conductivity [S/m]
# name 4 = c1S/m: Conductivity, 2 [S/m]
# name 5 = sbox0Mm/Kg: Oxygen, SBE 43 [umol/kg]
# name 6 = sbox1Mm/Kg: Oxygen, SBE 43, 2 [umol/kg]
# name 7 = wetCDOM: Fluorescence, WET Labs CDOM [mg/m^3]
# name 8 = flECO-AFL: Fluorescence, WET Labs ECO-AFL/FL [mg/m^3]
# name 9 = CStarAt0: Beam Attenuation, WET Labs C-Star [1/m]
# name 10 = timeS: Time, Elapsed [seconds]
# name 11 = latitude: Latitude [deg]
# name 12 = longitude: Longitude [deg]
# name 13 = sal00: Salinity, Practical [PSU]
# name 14 = sal11: Salinity, Practical, 2 [PSU]
# name 15 = flag: flag
# span 0 =      2.000,   1882.000       
# span 1 =    -1.6487,     2.7755       
# span 2 =    -1.6484,     2.7757       
# span 3 =   2.494371,   3.156450       
# span 4 =   2.494248,   3.156386       
# span 5 =    305.383,    427.810       
# span 6 =    304.896,    416.207       
# span 7 =     0.1023,     0.1764       
# span 8 =    -0.0082,     1.1460       
# span 9 =     0.1056,     0.3618       
# span 10 =    351.545,   2301.687      
# span 11 =   78.83258,   78.83264      
# span 12 =   -4.01470,   -4.01432      
# span 13 =    31.0288,    34.9820      
# span 14 =    31.0281,    34.9808      
# span 15 = 0.0000e+00, 0.0000e+00      
# interval = decibars: 1                
# start_time = Sep 03 2019 09:07:39 [NMEA time, header]
# bad_flag = -9.990e-29
*END*
[from data line 1628]
   1630.000    -0.5123    -0.5115   2.925530   2.925581    313.365    309.112     0.1192    -0.0015     0.1068   1997.115   78.83264   -4.01452    34.9178    34.9176 0.0000e+00
   1631.000    -0.5125    -0.5118   2.925555   2.925590    313.150    309.134     0.1194     0.0022     0.1068   1998.150   78.83264   -4.01454    34.9178    34.9175 0.0000e+00
   1632.000    -0.5145    -0.5135   2.925418   2.925480    313.419    308.762     0.1195     0.0069     0.1069   1999.149   78.83264   -4.01454    34.9177    34.9174 0.0000e+00
   1633.000    -0.5146    -0.5139   2.925447   2.925478    313.466    309.028     0.1196     0.0009     0.1068   2000.116   78.83264   -4.01456    34.9177    34.9173 0.0000e+00
   1634.000    -0.5151    -0.5144   2.925445   2.925485    313.259    309.043     0.1198     0.0084     0.1069   2001.080   78.83264   -4.01456    34.9177    34.9174 0.0000e+00
   1635.000    -0.5153    -0.5146   2.925480   2.925519    313.194    309.209     0.1199    -0.0002     0.1069   2002.059   78.83264   -4.01456    34.9177    34.9175 0.0000e+00
   1636.000    -0.5153    -0.5146   2.925512   2.925560    313.530    309.270     0.1200    -0.0007     0.1068   2003.062   78.83264   -4.01454    34.9176    34.9175 0.0000e+00
   1637.000    -0.5154    -0.5147   2.925550   2.925593    313.601    309.335     0.1202 -6.899e-07     0.1065   2004.082   78.83264   -4.01454    34.9177    34.9174 0.0000e+00
   1638.000    -0.5153    -0.5146   2.925600   2.925636    313.916    309.191     0.1203     0.0058     0.1069   2005.096   78.83264   -4.01454    34.9177    34.9174 0.0000e+00
   1639.000    -0.5154    -0.5147   2.925629   2.925680    313.432    308.830     0.1204     0.0127     0.1068   2006.098   78.83264   -4.01454    34.9177    34.9175 0.0000e+00
   1640.000    -0.5154    -0.5147   2.925676   2.925717    313.110    308.916     0.1204     0.0065     0.1069   2007.078   78.83264   -4.01454    34.9177    34.9175 0.0000e+00
   1641.000    -0.5163    -0.5156   2.925644   2.925692    313.793    309.221     0.1205     0.0032     0.1069   2008.044   78.83264   -4.01454    34.9177    34.9176 0.0000e+00
   1642.000    -0.5169    -0.5162   2.925628   2.925667    313.168    309.106     0.1206     0.0066     0.1069   2009.011   78.83264   -4.01454    34.9177    34.9175 0.0000e+00
   1643.000    -0.5173    -0.5167   2.925643   2.925674    313.078    308.801     0.1206    -0.0000     0.1069   2009.998   78.83264   -4.01453    34.9178    34.9175 0.0000e+00
   1644.000    -0.5174    -0.5169   2.925688   2.925710    313.194    308.660     0.1207    -0.0008     0.1071   2011.009   78.83264   -4.01452    34.9179    34.9177 0.0000e+00
   1645.000    -0.5178    -0.5170   2.925701   2.925746    313.228    309.161     0.1207    -0.0020     0.1069   2012.028   78.83264   -4.01452    34.9180    34.9177 0.0000e+00
   1646.000    -0.5178    -0.5169   2.925736   2.925783    313.090    309.194     0.1207    -0.0000     0.1068   2013.030   78.83264   -4.01452    34.9179    34.9176 0.0000e+00
   1647.000    -0.5180    -0.5171   2.925772   2.925826    312.998    309.333     0.1208    -0.0012     0.1070   2014.024   78.83264   -4.01452    34.9181    34.9178 0.0000e+00
   1648.000    -0.5190    -0.5182   2.925725   2.925769    313.264    309.298     0.1208    -0.0008     0.1069   2015.012   78.83264   -4.01452    34.9180    34.9177 0.0000e+00
   1649.000    -0.5200    -0.5191   2.925682   2.925734    313.381    308.896     0.1209    -0.0011     0.1069   2015.999   78.83264   -4.01452    34.9180    34.9178 0.0000e+00
   1650.000    -0.5205    -0.5199   2.925673   2.925716    313.191    308.568     0.1209    -0.0003     0.1069   2016.990   78.83264   -4.01452    34.9179    34.9178 0.0000e+00
   1651.000    -0.5204    -0.5199   2.925726   2.925760    312.991    308.842     0.1210     0.0050     0.1069   2017.980   78.83264   -4.01452    34.9179    34.9179 0.0000e+00
   1652.000    -0.5208    -0.5201   2.925732   2.925784    313.286    308.883     0.1210     0.0050     0.1074   2018.977   78.83264   -4.01452    34.9180    34.9179 0.0000e+00
   1653.000    -0.5213    -0.5204   2.925725   2.925787    313.123    308.653     0.1211     0.0032     0.1073   2019.980   78.83264   -4.01452    34.9179    34.9177 0.0000e+00
   1654.000    -0.5218    -0.5211   2.925735   2.925772    312.962    308.484     0.1211     0.0057     0.1065   2020.974   78.83264   -4.01451    34.9180    34.9177 0.0000e+00
   1655.000    -0.5224    -0.5216   2.925724   2.925775    312.954    308.913     0.1212    -0.0003     0.1065   2021.962   78.83264   -4.01451    34.9180    34.9178 0.0000e+00
   1656.000    -0.5243    -0.5236   2.925598   2.925638    313.466    309.008     0.1212    -0.0010     0.1068   2022.952   78.83264   -4.01451    34.9179    34.9176 0.0000e+00
   1657.000    -0.5250    -0.5242   2.925569   2.925617    312.975    309.157     0.1212    -0.0029     0.1068   2023.943   78.83264   -4.01450    34.9177    34.9175 0.0000e+00
   1658.000    -0.5251    -0.5243   2.925614   2.925652    313.018    308.658     0.1212    -0.0020     0.1069   2024.929   78.83264   -4.01450    34.9179    34.9175 0.0000e+00
   1659.000    -0.5237    -0.5229   2.925781   2.925851    312.935    308.500     0.1213    -0.0012     0.1070   2025.906   78.83264   -4.01450    34.9180    34.9181 0.0000e+00
   1660.000    -0.5229    -0.5222   2.925904   2.925954    312.880    308.776     0.1213    -0.0009     0.1070   2026.889   78.83264   -4.01450    34.9183    34.9181 0.0000e+00
   1661.000    -0.5230    -0.5222   2.925947   2.926006    313.199    308.972     0.1213    -0.0010     0.1068   2027.890   78.83264   -4.01450    34.9183    34.9182 0.0000e+00
   1662.000    -0.5225    -0.5218   2.926043   2.926093    313.554    308.798     0.1213     0.0053     0.1069   2028.909   78.83264   -4.01450    34.9185    34.9184 0.0000e+00
   1663.000    -0.5218    -0.5211   2.926156   2.926205    312.630    308.291     0.1213     0.0040     0.1068   2029.922   78.83264   -4.01451    34.9186    34.9185 0.0000e+00
   1664.000    -0.5202    -0.5194   2.926361   2.926407    312.311    308.333     0.1213    -0.0012     0.1067   2030.909   78.83264   -4.01452    34.9190    34.9188 0.0000e+00
   1665.000    -0.5202    -0.5193   2.926405   2.926457    312.875    308.792     0.1213    -0.0017     0.1066   2031.885   78.83264   -4.01452    34.9190    34.9187 0.0000e+00
   1666.000    -0.5195    -0.5190   2.926505   2.926540    313.120    308.634     0.1212    -0.0016     0.1077   2032.859   78.83264   -4.01451    34.9191    34.9189 0.0000e+00
   1667.000    -0.5191    -0.5184   2.926596   2.926639    312.932    308.099     0.1212    -0.0025     0.1069   2033.837   78.83264   -4.01450    34.9192    34.9190 0.0000e+00
   1668.000    -0.5197    -0.5189   2.926587   2.926653    312.256    308.267     0.1211    -0.0024     0.1066   2034.829   78.83264   -4.01449    34.9192    34.9191 0.0000e+00
   1669.000    -0.5189    -0.5182   2.926710   2.926750    311.905    308.435     0.1210    -0.0017     0.1071   2035.834   78.83264   -4.01449    34.9195    34.9192 0.0000e+00
   1670.000    -0.5160    -0.5152   2.927029   2.927092    311.967    307.909     0.1209    -0.0020     0.1069   2036.848   78.83263   -4.01450    34.9198    34.9198 0.0000e+00
   1671.000    -0.5147    -0.5140   2.927199   2.927252    311.703    307.934     0.1208     0.0061     0.1065   2037.846   78.83262   -4.01450    34.9201    34.9199 0.0000e+00
   1672.000    -0.5147    -0.5140   2.927249   2.927298    311.910    308.393     0.1207     0.0012     0.1062   2038.815   78.83262   -4.01450    34.9201    34.9200 0.0000e+00
   1673.000    -0.5146    -0.5140   2.927303   2.927339    312.203    308.168     0.1206    -0.0026     0.1065   2039.763   78.83262   -4.01450    34.9202    34.9200 0.0000e+00
   1674.000    -0.5138    -0.5131   2.927425   2.927478    311.578    307.413     0.1205    -0.0004     0.1061   2040.715   78.83262   -4.01450    34.9204    34.9203 0.0000e+00
   1675.000    -0.5132    -0.5125   2.927526   2.927575    311.259    307.242     0.1204    -0.0009     0.1060   2041.694   78.83262   -4.01450    34.9205    34.9203 0.0000e+00
   1676.000    -0.5135    -0.5126   2.927550   2.927603    312.095    307.263     0.1204     0.0018     0.1062   2042.699   78.83262   -4.01450    34.9206    34.9203 0.0000e+00
   1677.000    -0.5141    -0.5134   2.927533   2.927569    311.942    307.459     0.1203     0.0079     0.1061   2043.702   78.83262   -4.01451    34.9205    34.9201 0.0000e+00
   1678.000    -0.5155    -0.5147   2.927449   2.927500    311.183    307.181     0.1202    -0.0005     0.1059   2044.690   78.83262   -4.01452    34.9204    34.9202 0.0000e+00
   1679.000    -0.5161    -0.5154   2.927431   2.927481    311.473    307.171     0.1201    -0.0020     0.1060   2045.669   78.83262   -4.01452    34.9203    34.9201 0.0000e+00
   1680.000    -0.5175    -0.5169   2.927348   2.927371    311.026    306.993     0.1200    -0.0007     0.1061   2046.651   78.83262   -4.01451    34.9202    34.9199 0.0000e+00
   1681.000    -0.5185    -0.5176   2.927303   2.927358    311.823    307.348     0.1200    -0.0009     0.1059   2047.635   78.83262   -4.01450    34.9202    34.9200 0.0000e+00
   1682.000    -0.5184    -0.5176   2.927348   2.927404    311.804    306.998     0.1199    -0.0009     0.1059   2048.613   78.83262   -4.01450    34.9202    34.9200 0.0000e+00
   1683.000    -0.5185    -0.5178   2.927374   2.927423    311.227    307.076     0.1198    -0.0015     0.1059   2049.596   78.83262   -4.01450    34.9200    34.9199 0.0000e+00
   1684.000    -0.5187    -0.5179   2.927404   2.927464    311.581    307.311     0.1198    -0.0020     0.1059   2050.588   78.83262   -4.01451    34.9202    34.9200 0.0000e+00
   1685.000    -0.5215    -0.5208   2.927195   2.927234    311.904    307.338     0.1197     0.0018     0.1059   2051.588   78.83262   -4.01452    34.9200    34.9197 0.0000e+00
   1686.000    -0.5227    -0.5222   2.927118   2.927141    311.656    307.251     0.1196     0.0069     0.1213   2052.574   78.83262   -4.01452    34.9198    34.9195 0.0000e+00
   1687.000    -0.5248    -0.5240   2.926989   2.927026    311.844    307.028     0.1196     0.0011     0.1304   2053.543   78.83262   -4.01451    34.9198    34.9194 0.0000e+00
   1688.000    -0.5251    -0.5247   2.926991   2.927024    311.889    307.260     0.1195    -0.0011     0.1066   2054.515   78.83262   -4.01450    34.9197    34.9196 0.0000e+00
   1689.000    -0.5238    -0.5230   2.927168   2.927206    311.463    307.422     0.1194    -0.0011     0.1059   2055.502   78.83262   -4.01450    34.9200    34.9196 0.0000e+00
   1690.000    -0.5237    -0.5229   2.927216   2.927263    311.916    307.572     0.1193     0.0074     0.1060   2056.509   78.83262   -4.01450    34.9200    34.9197 0.0000e+00
   1691.000    -0.5248    -0.5236   2.927160   2.927253    312.355    307.580     0.1193     0.0000     0.1061   2057.529   78.83262   -4.01452    34.9200    34.9198 0.0000e+00
   1692.000    -0.5252    -0.5244   2.927156   2.927220    312.011    307.500     0.1192    -0.0011     0.1063   2058.546   78.83262   -4.01453    34.9198    34.9197 0.0000e+00
   1693.000    -0.5259    -0.5251   2.927140   2.927192    312.001    307.067     0.1191     0.0062     0.1060   2059.550   78.83262   -4.01453    34.9198    34.9196 0.0000e+00
   1694.000    -0.5264    -0.5257   2.927139   2.927187    312.059    306.999     0.1190     0.0024     0.1059   2060.550   78.83262   -4.01452    34.9199    34.9196 0.0000e+00
   1695.000    -0.5297    -0.5289   2.926874   2.926929    311.551    307.347     0.1189    -0.0008     0.1060   2061.559   78.83262   -4.01451    34.9196    34.9193 0.0000e+00
   1696.000    -0.5344    -0.5332   2.926499   2.926564    311.560    307.562     0.1189    -0.0012     0.1061   2062.559   78.83262   -4.01450    34.9193    34.9188 0.0000e+00
   1697.000    -0.5376    -0.5366   2.926245   2.926314    311.655    307.581     0.1188    -0.0015     0.1063   2063.566   78.83262   -4.01450    34.9190    34.9188 0.0000e+00
   1698.000    -0.5382    -0.5374   2.926226   2.926282    311.076    307.033     0.1187    -0.0008     0.1061   2064.591   78.83262   -4.01450    34.9189    34.9188 0.0000e+00
   1699.000    -0.5384    -0.5375   2.926255   2.926314    311.576    306.944     0.1186     0.0002     0.1061   2065.551   78.83262   -4.01451    34.9189    34.9187 0.0000e+00
   1700.000    -0.5385    -0.5378   2.926282   2.926328    312.255    307.419     0.1186     0.0073     0.1060   2066.500   78.83262   -4.01452    34.9188    34.9186 0.0000e+00
   1701.000    -0.5384    -0.5376   2.926338   2.926385    312.986    307.552     0.1185    -0.0026     0.1061   2067.465   78.83262   -4.01452    34.9190    34.9187 0.0000e+00
   1702.000    -0.5392    -0.5383   2.926316   2.926368    312.620    307.740     0.1184    -0.0041     0.1060   2068.454   78.83262   -4.01454    34.9190    34.9187 0.0000e+00
   1703.000    -0.5397    -0.5389   2.926318   2.926360    311.891    307.772     0.1184    -0.0026     0.1060   2069.454   78.83262   -4.01454    34.9190    34.9187 0.0000e+00
   1704.000    -0.5396    -0.5389   2.926364   2.926413    313.002    307.872     0.1183    -0.0022     0.1061   2070.461   78.83262   -4.01454    34.9190    34.9188 0.0000e+00
   1705.000    -0.5396    -0.5389   2.926417   2.926462    312.603    307.953     0.1183    -0.0016     0.1063   2071.477   78.83262   -4.01454    34.9191    34.9189 0.0000e+00
   1706.000    -0.5395    -0.5387   2.926457   2.926514    312.298    307.792     0.1182    -0.0030     0.1061   2072.507   78.83262   -4.01452    34.9190    34.9189 0.0000e+00
   1707.000    -0.5394    -0.5386   2.926516   2.926562    312.441    307.652     0.1182     0.0033     0.1064   2073.543   78.83262   -4.01450    34.9192    34.9189 0.0000e+00
   1708.000    -0.5394    -0.5386   2.926551   2.926605    311.982    307.828     0.1182     0.0046     0.1063   2074.562   78.83262   -4.01450    34.9191    34.9189 0.0000e+00
   1709.000    -0.5389    -0.5382   2.926657   2.926697    312.131    307.901     0.1181     0.0013     0.1065   2075.549   78.83262   -4.01451    34.9193    34.9191 0.0000e+00
   1710.000    -0.5382    -0.5377   2.926762   2.926785    311.788    307.394     0.1181     0.0073     0.1068   2076.512   78.83262   -4.01452    34.9194    34.9191 0.0000e+00
   1711.000    -0.5381    -0.5373   2.926818   2.926877    311.869    307.549     0.1181    -0.0010     0.1069   2077.455   78.83262   -4.01454    34.9195    34.9193 0.0000e+00
   1712.000    -0.5380    -0.5373   2.926876   2.926929    311.695    307.322     0.1181    -0.0031     0.1067   2078.391   78.83262   -4.01454    34.9196    34.9195 0.0000e+00
   1713.000    -0.5376    -0.5369   2.926963   2.927018    312.070    307.708     0.1181    -0.0022     0.1067   2079.347   78.83262   -4.01454    34.9197    34.9197 0.0000e+00
   1714.000    -0.5376    -0.5368   2.927014   2.927071    312.075    307.797     0.1181    -0.0024     0.1065   2080.332   78.83262   -4.01454    34.9198    34.9197 0.0000e+00
   1715.000    -0.5373    -0.5365   2.927086   2.927141    311.645    307.488     0.1181    -0.0031     0.1061   2081.334   78.83262   -4.01454    34.9199    34.9198 0.0000e+00
   1716.000    -0.5369    -0.5362   2.927168   2.927214    311.292    307.402     0.1182    -0.0022     0.1060   2082.351   78.83262   -4.01454    34.9200    34.9198 0.0000e+00
   1717.000    -0.5368    -0.5361   2.927224   2.927270    311.441    307.071     0.1182     0.0058     0.1061   2083.370   78.83262   -4.01454    34.9201    34.9199 0.0000e+00
   1718.000    -0.5392    -0.5384   2.927041   2.927093    311.440    307.254     0.1182     0.0103     0.1064   2084.386   78.83262   -4.01454    34.9198    34.9196 0.0000e+00
