test_project/cnv_files/Sta0204_bin.cnv
* Sea-Bird SBE 9 Data File:
* FileName = C:\Seabird\CTDDATA\Sta0204.hex
* Software Version Seasave V 7.26.7.107
* Temperature SN = 03-4535
* Conductivity SN = 2860
* Number of Bytes Per Scan = 44
* Number of Voltage Words = 5
* Number of Scans Averaged by the Deck Unit = 1
* NMEA Latitude = 78 50.00 N
* NMEA Longitude = 006 29.99 W
* NMEA UTC (Time) = Sep 04 2019 23:49:48
* NMEA baud rate = 9600
** Ship: "Kronprins Haakon"
** Station: 0204
** Echodepth: 277
** Log: 5888.606
** Wind-Dir Force(m/s): 34 07
** Air-temp (dry): -1.2
** Weather Sky: 1 5
** Sea Ice: 1 4
** MP
# nquan = 17
# nvalues = 267                         
# units = specified
# name 0 = prDM: Pressure, Digiquartz [db]
# name 1 = t090C: Temperature [ITS-90, deg C]
# name 2 = t190C: Temperature, 2 [ITS-90, deg C]
# name 3 = c0S/m: Conductivity [S/m]
# name 4 = c1S/m: Conductivity, 2 [S/m]
# name 5 = sbox0Mm/Kg: Oxygen, SBE 43 [umol/kg]
# name 6 = sbox1Mm/Kg: Oxygen, SBE 43, 2 [umol/kg]
# name 7 = wetCDOM: Fluorescence, WET Labs CDOM [mg/m^3]
# name 8 = flECO-AFL: Fluorescence, WET Labs ECO-AFL/FL [mg/m^3]
# name 9 = CStarAt0: Beam Attenuation, WET Labs C-Star [1/m]
# name 10 = timeS: Time, Elapsed [seconds]
# name 11 = latitude: Latitude [deg]
# name 12 = longitude: Longitude [deg]
# name 13 = upoly0: Upoly 0, ISUS
# name 14 = sal00: Salinity, Practical [PSU]
# name 15 = sal11: Salinity, Practical, 2 [PSU]
# name 16 = flag: flag
# span 0 =      3.000,    269.000       
# span 1 =    -1.7026,     1.4577       
# span 2 =    -1.7024,     1.4568       
# span 3 =   2.424024,   3.029388       
# span 4 =   2.423858,   3.029219       
# span 5 =    308.599,    437.709       
# span 6 =    305.816,    424.926       
# span 7 =     0.1195,     0.1752       
# span 8 =     0.0038,     1.3784       
# span 9 =     0.1414,     0.3541       
# span 10 =    389.176,    725.439      
# span 11 =   78.83340,   78.83342      
# span 12 =   -6.50000,   -6.49996      
# span 13 =  9.3131706,  22.264940      
# span 14 =    29.9059,    34.8328      
# span 15 =    29.9041,    34.8316      
# span 16 = 0.0000e+00, 0.0000e+00      
# interval = decibars: 1                
# start_time = Sep 04 2019 23:49:48 [NMEA time, header]
# bad_flag = -9.990e-29
*END*
      3.000    -1.1898    -1.1892   2.428823   2.428789    402.111    398.137     0.1369     0.5180     0.3541    389.176   78.83340   -6.50000  17.997608    29.9099    29.9089 0.0000e+00
      4.000    -1.1827    -1.1845   2.429399   2.429173    402.956    397.238     0.1438     0.4980     0.2911    392.241   78.83340   -6.50000  19.722916    29.9101    29.9088 0.0000e+00
      5.000    -1.1950    -1.1917   2.428500   2.428648    403.200    396.881     0.1501     0.5008     0.2875    395.211   78.83340   -6.49998  14.804987    29.9096    29.9084 0.0000e+00
      6.000    -1.1903    -1.1906   2.428921   2.428822    403.688    397.837     0.1462     0.5118     0.2905    398.092   78.83340   -6.49998  16.536770    29.9101    29.9091 0.0000e+00
      7.000    -1.1867    -1.1836   2.429250   2.429421    403.663    399.032     0.1389     0.5079     0.2903    401.167   78.83340   -6.49999  12.848035    29.9104    29.9096 0.0000e+00
      8.000    -1.2011    -1.2076   2.427892   2.427276    403.285    400.063     0.1448     0.5132     0.2897    404.289   78.83340   -6.49999  13.292662    29.9059    29.9041 0.0000e+00
      9.000    -1.2588    -1.2605   2.424024   2.423858    403.408    400.007     0.1455     0.5197     0.2895    407.286   78.83340   -6.49998  11.719003    29.9107    29.9102 0.0000e+00
     10.000    -1.2702    -1.2701   2.424665   2.424619    405.443    400.697     0.1460     0.5248     0.2876    410.246   78.83340   -6.49998  9.6369096    29.9302    29.9295 0.0000e+00
     11.000    -1.2722    -1.2722   2.424872   2.424847    405.670    401.427     0.1463     0.5238     0.2885    412.652   78.83340   -6.49998  10.301894    29.9344    29.9341 0.0000e+00
     12.000    -1.2838    -1.2829   2.426771   2.426861    405.481    401.147     0.1465     0.5328     0.2864    414.822   78.83340   -6.49998  10.231442    29.9712    29.9715 0.0000e+00
     13.000    -1.2972    -1.2999   2.428902   2.428597    404.826    400.906     0.1468     0.5195     0.2850    416.821   78.83340   -6.49998  9.8214245    30.0131    30.0116 0.0000e+00
     14.000    -1.2924    -1.2933   2.430637   2.430319    405.830    400.967     0.1469     0.5350     0.2849    418.675   78.83340   -6.49998  9.5079358    30.0311    30.0277 0.0000e+00
     15.000    -1.2881    -1.2881   2.434352   2.434158    406.362    401.539     0.1470     0.5853     0.2865    427.808   78.83340   -6.49998  9.3131706    30.0765    30.0739 0.0000e+00
     16.000    -1.2915    -1.2910   2.435120   2.435059    404.427    402.562     0.1474     0.6249     0.2898    457.394   78.83340   -6.49998  9.6731170    30.0899    30.0886 0.0000e+00
     17.000    -1.2944    -1.2938   2.436738   2.436721    404.618    401.981     0.1479     0.5510     0.2899    457.536   78.83340   -6.49998  9.4775553    30.1141    30.1133 0.0000e+00
     18.000    -1.3006    -1.3001   2.439567   2.439545    405.261    402.230     0.1484     0.5519     0.2888    458.587   78.83340   -6.49998  10.054506    30.1581    30.1573 0.0000e+00
     19.000    -1.3174    -1.3160   2.444761   2.444427    405.554    402.131     0.1491     0.5612     0.2953    459.633   78.83340   -6.49998  10.361472    30.2450    30.2391 0.0000e+00
     20.000    -1.3307    -1.3296   2.451229   2.451133    406.638    401.609     0.1500     0.6156     0.2917    460.677   78.83340   -6.49998  10.305426    30.3457    30.3434 0.0000e+00
     21.000    -1.3448    -1.3439   2.451421   2.451390    407.434    402.246     0.1510     0.6625     0.2915    461.708   78.83340   -6.49998  10.161917    30.3621    30.3608 0.0000e+00
     22.000    -1.3507    -1.3504   2.455495   2.455359    408.559    402.665     0.1520     0.6630     0.2940    462.752   78.83340   -6.49998  10.238867    30.4229    30.4208 0.0000e+00
     23.000    -1.2196    -1.2296   2.483985   2.483177    408.148    401.369     0.1528     0.6862     0.2939    463.802   78.83340   -6.49998  10.534322    30.6746    30.6739 0.0000e+00
     24.000    -1.0439    -1.0497   2.515293   2.514580    409.430    401.556     0.1533     0.7583     0.2936    464.846   78.83340   -6.49998  10.526078    30.9172    30.9136 0.0000e+00
     25.000    -0.9047    -0.9113   2.547964   2.547001    415.186    404.301     0.1537     0.8065     0.2943    465.891   78.83340   -6.49998  10.485493    31.2129    31.2067 0.0000e+00
     26.000    -0.8167    -0.8178   2.571848   2.571726    416.935    406.785     0.1542     0.8043     0.2960    466.936   78.83340   -6.49998  10.670160    31.4420    31.4415 0.0000e+00
     27.000    -0.7932    -0.7928   2.579542   2.579380    416.239    411.324     0.1546     0.7396     0.3010    467.977   78.83340   -6.49998  9.7543729    31.5203    31.5177 0.0000e+00
     28.000    -0.8100    -0.8083   2.589043   2.588894    415.015    415.667     0.1552     0.6360     0.3028    469.016   78.83340   -6.49998  9.8320714    31.6650    31.6612 0.0000e+00
     29.000    -0.8641    -0.8567   2.590230   2.590404    416.541    420.520     0.1558     0.6320     0.3003    470.049   78.83340   -6.49998  10.566170    31.7373    31.7318 0.0000e+00
     30.000    -1.0237    -1.0165   2.581870   2.582090    420.754    424.402     0.1565     0.8225     0.3029    471.077   78.83340   -6.49998  10.203830    31.7925    31.7879 0.0000e+00
     31.000    -1.0599    -1.0584   2.580943   2.580896    421.595    423.790     0.1572     1.1214     0.3047    472.106   78.83340   -6.49998  9.9786688    31.8177    31.8155 0.0000e+00
     32.000    -1.0823    -1.0795   2.581208   2.581252    425.436    423.726     0.1578     1.2869     0.2954    473.146   78.83340   -6.49998  10.397034    31.8444    31.8421 0.0000e+00
     33.000    -1.1918    -1.1845   2.575719   2.575846    434.052    424.550     0.1584     1.3784     0.2956    474.193   78.83340   -6.49998  10.588791    31.8858    31.8797 0.0000e+00
     34.000    -1.3619    -1.3562   2.565154   2.565219    437.709    424.926     0.1589     1.2649     0.3010    475.242   78.83340   -6.49998  10.277176    31.9227    31.9175 0.0000e+00
     35.000    -1.4049    -1.4035   2.563141   2.563112    433.127    421.454     0.1595     0.8310     0.3068    476.293   78.83340   -6.49998  10.620115    31.9406    31.9387 0.0000e+00
     36.000    -1.4181    -1.4180   2.562597   2.562546    430.129    418.616     0.1600     0.5871     0.3085    477.341   78.83340   -6.49998  10.619230    31.9467    31.9459 0.0000e+00
     37.000    -1.4290    -1.4275   2.562318   2.562323    430.165    414.897     0.1606     0.5511     0.3032    478.387   78.83340   -6.49998  10.529584    31.9539    31.9524 0.0000e+00
     38.000    -1.4597    -1.4583   2.560873   2.560847    427.869    410.826     0.1611     0.5351     0.2929    479.425   78.83340   -6.49998  10.838940    31.9665    31.9646 0.0000e+00
     39.000    -1.4745    -1.4740   2.560556   2.560518    422.718    407.626     0.1617     0.4986     0.2803    480.463   78.83340   -6.49998  11.481878    31.9774    31.9763 0.0000e+00
     40.000    -1.4929    -1.4914   2.559599   2.559615    418.256    406.238     0.1622     0.4519     0.2694    481.503   78.83340   -6.49998  11.848613    31.9835    31.9821 0.0000e+00
     41.000    -1.5012    -1.5003   2.559374   2.559340    415.519    405.072     0.1627     0.4163     0.2593    482.547   78.83340   -6.49998  11.768826    31.9887    31.9872 0.0000e+00
     42.000    -1.5331    -1.5294   2.558385   2.558422    413.550    404.392     0.1633     0.3924     0.2486    483.599   78.83340   -6.49998  11.986622    32.0088    32.0053 0.0000e+00
     43.000    -1.5755    -1.5745   2.557285   2.557256    412.648    403.583     0.1638     0.3911     0.2408    484.648   78.83340   -6.49998  12.496410    32.0387    32.0372 0.0000e+00
     44.000    -1.5892    -1.5880   2.557259   2.557243    410.552    401.902     0.1643     0.3898     0.2344    485.690   78.83340   -6.49998  12.586459    32.0525    32.0509 0.0000e+00
     45.000    -1.6078    -1.6073   2.556724   2.556698    409.651    400.577     0.1648     0.3759     0.2280    486.729   78.83340   -6.49998  12.765751    32.0646    32.0637 0.0000e+00
     46.000    -1.6100    -1.6098   2.557019   2.556994    408.469    398.688     0.1652     0.3710     0.2204    487.764   78.83340   -6.49998  12.723219    32.0704    32.0698 0.0000e+00
     47.000    -1.6133    -1.6133   2.557291   2.557196    406.786    396.901     0.1657     0.3651     0.2134    488.799   78.83340   -6.49998  12.735264    32.0771    32.0758 0.0000e+00
     48.000    -1.6277    -1.6266   2.557136   2.557112    405.334    395.930     0.1661     0.3341     0.2093    489.832   78.83340   -6.49998  12.735186    32.0899    32.0884 0.0000e+00
     49.000    -1.6351    -1.6344   2.557237   2.557230    403.919    395.081     0.1666     0.3040     0.2044    490.869   78.83340   -6.49998  12.758057    32.0987    32.0978 0.0000e+00
     50.000    -1.6460    -1.6454   2.557398   2.557365    402.169    394.139     0.1670     0.2886     0.2004    491.918   78.83340   -6.49998  13.277270    32.1121    32.1111 0.0000e+00
     51.000    -1.6548    -1.6540   2.557553   2.557538    401.072    393.212     0.1674     0.2768     0.1972    492.967   78.83340   -6.49998  13.647666    32.1232    32.1221 0.0000e+00
     52.000    -1.6564    -1.6570   2.558400   2.558331    401.009    392.712     0.1678     0.2768     0.1937    494.018   78.83340   -6.49998  13.449854    32.1360    32.1356 0.0000e+00
     53.000    -1.6531    -1.6524   2.559735   2.559718    400.157    392.406     0.1682     0.2336     0.1901    495.071   78.83340   -6.49998  13.189848    32.1502    32.1493 0.0000e+00
     54.000    -1.6558    -1.6558   2.559912   2.559871    400.190    392.097     0.1686     0.1830     0.1873    496.116   78.83340   -6.49998  13.191831    32.1550    32.1545 0.0000e+00
     55.000    -1.6576    -1.6572   2.560488   2.560452    399.483    391.016     0.1690     0.1971     0.1853    497.158   78.83340   -6.49998  12.956627    32.1643    32.1634 0.0000e+00
     56.000    -1.6587    -1.6584   2.561561   2.561531    398.509    390.467     0.1694     0.1791     0.1835    498.190   78.83340   -6.49998  13.541503    32.1797    32.1789 0.0000e+00
     57.000    -1.6636    -1.6628   2.562163   2.562157    398.201    390.632     0.1697     0.1639     0.1824    499.225   78.83340   -6.49998  12.959994    32.1927    32.1918 0.0000e+00
     58.000    -1.6718    -1.6719   2.562553   2.562510    397.783    390.312     0.1701     0.1378     0.1812    500.258   78.83340   -6.49998  12.929891    32.2064    32.2059 0.0000e+00
     59.000    -1.6674    -1.6673   2.563953   2.563920    396.701    389.789     0.1704     0.1397     0.1797    501.289   78.83340   -6.49998  13.448387    32.2203    32.2198 0.0000e+00
     60.000    -1.6692    -1.6688   2.565019   2.564987    396.672    389.317     0.1707     0.1301     0.1782    502.324   78.83340   -6.49998  13.599818    32.2364    32.2355 0.0000e+00
     61.000    -1.6713    -1.6711   2.565826   2.565794    396.452    388.491     0.1711     0.1059     0.1765    503.360   78.83340   -6.49998  13.378668    32.2492    32.2486 0.0000e+00
     62.000    -1.6765    -1.6760   2.566563   2.566550    396.475    387.830     0.1714     0.0930     0.1754    504.395   78.83340   -6.49998  13.217639    32.2645    32.2636 0.0000e+00
     63.000    -1.6833    -1.6828   2.566584   2.566569    395.936    387.442     0.1717     0.0904     0.1742    505.433   78.83340   -6.49998  13.443014    32.2715    32.2708 0.0000e+00
     64.000    -1.6859    -1.6858   2.567074   2.567039    394.865    387.056     0.1720     0.0902     0.1725    506.479   78.83340   -6.49998  13.869983    32.2804    32.2799 0.0000e+00
     65.000    -1.6876    -1.6868   2.567702   2.567682    394.390    386.585     0.1723     0.0902     0.1707    507.535   78.83340   -6.49998  13.791396    32.2904    32.2893 0.0000e+00
     66.000    -1.6972    -1.6966   2.567786   2.567763    394.491    386.748     0.1726     0.0905     0.1705    508.591   78.83340   -6.49998  13.536443    32.3014    32.3004 0.0000e+00
     67.000    -1.7026    -1.7024   2.568050   2.568009    394.554    386.860     0.1729     0.0905     0.1701    509.651   78.83340   -6.49998  13.569645    32.3104    32.3096 0.0000e+00
     68.000    -1.6983    -1.6984   2.569167   2.569122    394.750    386.792     0.1731     0.0905     0.1688    510.704   78.83340   -6.49998  14.043653    32.3205    32.3200 0.0000e+00
     69.000    -1.6899    -1.6906   2.570741   2.570661    394.860    386.750     0.1734     0.0878     0.1679    511.749   78.83340   -6.49998  13.703973    32.3325    32.3322 0.0000e+00
     70.000    -1.6796    -1.6795   2.572812   2.572765    395.389    386.878     0.1737     0.0856     0.1669    512.788   78.83340   -6.49998  13.581055    32.3493    32.3486 0.0000e+00
     71.000    -1.6698    -1.6700   2.574586   2.574516    395.945    387.273     0.1739     0.0860     0.1669    513.814   78.83340   -6.49998  13.681357    32.3625    32.3618 0.0000e+00
     72.000    -1.6670    -1.6666   2.575640   2.575606    394.888    386.905     0.1741     0.0792     0.1668    514.834   78.83340   -6.49998  13.761528    32.3734    32.3725 0.0000e+00
     73.000    -1.6765    -1.6756   2.576272   2.576251    393.037    386.276     0.1743     0.0860     0.1670    515.853   78.83340   -6.49998  13.952262    32.3919    32.3906 0.0000e+00
     74.000    -1.6872    -1.6866   2.576406   2.576407    391.695    385.146     0.1745     0.0687     0.1674    516.882   78.83340   -6.49998  14.102512    32.4048    32.4042 0.0000e+00
     75.000    -1.6794    -1.6798   2.578636   2.578600    390.187    384.176     0.1747     0.0683     0.1676    517.930   78.83340   -6.49998  13.888293    32.4265    32.4265 0.0000e+00
     76.000    -1.6648    -1.6650   2.581251   2.581252    390.132    383.169     0.1748     0.0683     0.1678    518.984   78.83340   -6.49998  14.296466    32.4460    32.4464 0.0000e+00
     77.000    -1.6732    -1.6719   2.581464   2.581457    390.715    383.094     0.1750     0.0678     0.1676    520.044   78.83340   -6.49998  13.894219    32.4576    32.4561 0.0000e+00
     78.000    -1.6821    -1.6820   2.581283   2.581256    390.038    382.907     0.1751     0.0628     0.1672    521.104   78.83340   -6.49998  14.140586    32.4642    32.4637 0.0000e+00
     79.000    -1.6815    -1.6814   2.581924   2.581875    388.377    382.024     0.1751     0.0806     0.1669    522.157   78.83340   -6.49998  14.650993    32.4718    32.4710 0.0000e+00
     80.000    -1.6766    -1.6766   2.584043   2.584009    387.381    381.283     0.1752     0.0760     0.1665    523.197   78.83340   -6.49998  14.420823    32.4951    32.4946 0.0000e+00
     81.000    -1.6594    -1.6614   2.587341   2.587187    387.462    380.884     0.1752     0.0692     0.1664    524.225   78.83340   -6.49998  14.462843    32.5212    32.5213 0.0000e+00
     82.000    -1.6110    -1.6113   2.594045   2.594008    387.477    380.217     0.1752     0.0682     0.1675    525.247   78.83340   -6.49998  14.500250    32.5603    32.5601 0.0000e+00
     83.000    -1.6054    -1.6050   2.596926   2.596881    388.407    380.576     0.1752     0.0628     0.1670    526.272   78.83340   -6.49998  14.338935    32.5932    32.5922 0.0000e+00
     84.000    -1.6150    -1.6128   2.598194   2.598139    387.534    380.213     0.1751     0.0559     0.1668    527.303   78.83340   -6.49998  14.154210    32.6207    32.6175 0.0000e+00
     85.000    -1.6298    -1.6299   2.598106   2.598068    384.094    378.408     0.1751     0.0490     0.1668    528.338   78.83340   -6.49998  14.124365    32.6350    32.6347 0.0000e+00
     86.000    -1.6431    -1.6421   2.597901   2.597913    381.199    377.115     0.1750     0.0547     0.1669    529.375   78.83340   -6.49998  14.053986    32.6462    32.6454 0.0000e+00
     87.000    -1.6496    -1.6494   2.598545   2.598516    380.597    376.207     0.1749     0.0531     0.1670    530.416   78.83340   -6.49998  14.598649    32.6617    32.6610 0.0000e+00
