test_project/cnv_files/sta0196_bin.cnv
* Sea-Bird SBE 9 Data File:
* FileName = C:\Seabird\CTDDATA\Sta0196.hex
* Software Version Seasave V 7.26.7.107
* Temperature SN = 03-4535
* Conductivity SN = 2860
* Number of Bytes Per Scan = 44
* Number of Voltage Words = 5
* Number of Scans Averaged by the Deck Unit = 1
* NMEA Latitude = 78 49.59 N
* NMEA Longitude = 001 57.31 W
* NMEA UTC (Time) = Sep 02 2019 19:08:33
* NMEA baud rate = 9600
** Ship: "Kronprins Haakon"
** Station: 196
** Echodepth: 2665
** Log: 5730.541
** Wind-Dir Force(m/s): 03 28
** Air-temp (dry): -0.8
** Weather Sky: 2 8
** Sea Ice: 4 0
# nquan = 16
# nvalues = 2703                        
# units = specified
# name 0 = prDM: Pressure, Digiquartz [db]
# name 1 = t090C: Temperature [ITS-90, deg C]
# name 2 = t190C: Temperature, 2 [ITS-90, deg C]
# name 3 = c0S/m: Conductivity [S/m]
# name 4 = c1S/m: Conductivity, 2 [S/m]
# name 5 = sbox0Mm/Kg: Oxygen, SBE 43 [umol/kg]
# name 6 = sbox1Mm/Kg: Oxygen, SBE 43, 2 [umol/kg]
# name 7 = wetCDOM: Fluorescence, WET Labs CDOM [mg/m^3]
# name 8 = flECO-AFL: Fluorescence, WET Labs ECO-AFL/FL [mg/m^3]
# name 9 = CStarAt0: Beam Attenuation, WET Labs C-Star [1/m]
# name 10 = timeS: Time, Elapsed [seconds]
# name 11 = latitude: Latitude [deg]
# name 12 = longitude: Longitude [deg]
# name 13 = sal00: Salinity, Practical [PSU]
# name 14 = sal11: Salinity, Practical, 2 [PSU]
# name 15 = flag: flag
# span 0 =      1.000,   2703.000       
# span 1 =    -1.8061,     3.3583       
# span 2 =    -1.8067,     3.3564       
# span 3 =   2.530018,   3.206620       
# span 4 =   2.530131,   3.206355       
# span 5 =    294.271,    428.466       
# span 6 =    291.739,    398.448       
# span 7 =     0.0995,     0.1651       
# span 8 =    -0.0098,     1.4636       
# span 9 =     0.1055,     0.5102       
# span 10 =    236.915,   2949.290      
# span 11 =   78.82658,   78.82662      
# span 12 =   -1.95534,   -1.95496      
# span 13 =    31.0826,    34.9862      
# span 14 =    31.0832,    34.9850      
# span 15 = 0.0000e+00, 0.0000e+00      
# interval = decibars: 1                
# start_time = Sep 02 2019 19:08:33 [NMEA time, header]
# bad_flag = -9.990e-29
*END*
[from data line 2622]
   2623.000    -0.7088    -0.7089   2.948985   2.949075    307.425    292.197     0.1176     0.0024     0.1133   2869.673   78.82662   -1.95509    34.9218    34.9231 0.0000e+00
   2624.000    -0.7087    -0.7088   2.949028   2.949123    307.188    292.318     0.1176     0.0118     0.1132   2870.641   78.82662   -1.95508    34.9218    34.9231 0.0000e+00
   2625.000    -0.7087    -0.7088   2.949073   2.949156    307.265    292.984     0.1176     0.0000     0.1133   2871.618   78.82662   -1.95508    34.9219    34.9230 0.0000e+00
   2626.000    -0.7090    -0.7091   2.949080   2.949171    307.488    292.477     0.1176    -0.0001     0.1134   2872.611   78.82662   -1.95508    34.9218    34.9231 0.0000e+00
   2627.000    -0.7089    -0.7090   2.949128   2.949213    306.980    292.412     0.1176    -0.0002     0.1134   2873.616   78.82662   -1.95508    34.9218    34.9230 0.0000e+00
   2628.000    -0.7087    -0.7088   2.949188   2.949279    306.563    292.583     0.1176     0.0063     0.1134   2874.617   78.82662   -1.95508    34.9218    34.9232 0.0000e+00
   2629.000    -0.7086    -0.7087   2.949238   2.949323    307.123    292.789     0.1176     0.0116     0.1133   2875.604   78.82662   -1.95508    34.9219    34.9232 0.0000e+00
   2630.000    -0.7085    -0.7086   2.949293   2.949382    307.252    292.465     0.1177     0.0063     0.1134   2876.581   78.82662   -1.95508    34.9219    34.9233 0.0000e+00
   2631.000    -0.7084    -0.7086   2.949337   2.949424    307.485    292.911     0.1177    -0.0006     0.1133   2877.561   78.82662   -1.95508    34.9219    34.9233 0.0000e+00
   2632.000    -0.7085    -0.7087   2.949362   2.949452    307.086    292.939     0.1177    -0.0018     0.1136   2878.545   78.82662   -1.95508    34.9219    34.9233 0.0000e+00
   2633.000    -0.7089    -0.7090   2.949382   2.949459    306.885    292.704     0.1177     0.0004     0.1133   2879.526   78.82662   -1.95507    34.9220    34.9232 0.0000e+00
   2634.000    -0.7090    -0.7091   2.949403   2.949494    307.404    292.203     0.1177     0.0011     0.1135   2880.498   78.82662   -1.95506    34.9220    34.9233 0.0000e+00
   2635.000    -0.7091    -0.7092   2.949447   2.949531    307.057    292.155     0.1177     0.0081     0.1138   2881.477   78.82662   -1.95506    34.9221    34.9233 0.0000e+00
   2636.000    -0.7087    -0.7089   2.949513   2.949589    307.103    292.633     0.1176     0.0003     0.1135   2882.466   78.82662   -1.95506    34.9221    34.9233 0.0000e+00
   2637.000    -0.7084    -0.7086   2.949569   2.949676    307.581    292.575     0.1176    -0.0006     0.1136   2883.458   78.82662   -1.95506    34.9220    34.9235 0.0000e+00
   2638.000    -0.7079    -0.7081   2.949672   2.949760    307.134    292.721     0.1176    -0.0011     0.1134   2884.443   78.82662   -1.95506    34.9222    34.9236 0.0000e+00
   2639.000    -0.7077    -0.7077   2.949735   2.949832    306.804    292.101     0.1176     0.0043     0.1136   2885.419   78.82662   -1.95506    34.9223    34.9236 0.0000e+00
   2640.000    -0.7073    -0.7074   2.949812   2.949904    307.413    292.546     0.1176     0.0091     0.1138   2886.399   78.82662   -1.95506    34.9224    34.9237 0.0000e+00
   2641.000    -0.7075    -0.7075   2.949830   2.949940    307.499    292.461     0.1176     0.0047     0.1133   2887.384   78.82662   -1.95506    34.9223    34.9238 0.0000e+00
   2642.000    -0.7075    -0.7078   2.949866   2.949950    307.245    292.617     0.1176    -0.0015     0.1134   2888.373   78.82662   -1.95506    34.9223    34.9237 0.0000e+00
   2643.000    -0.7071    -0.7073   2.949949   2.950042    307.152    292.243     0.1176     0.0008     0.1133   2889.361   78.82662   -1.95506    34.9224    34.9239 0.0000e+00
   2644.000    -0.7075    -0.7077   2.949953   2.950041    307.464    292.540     0.1177     0.0065     0.1141   2890.344   78.82662   -1.95506    34.9225    34.9238 0.0000e+00
   2645.000    -0.7074    -0.7076   2.950004   2.950096    306.499    292.833     0.1177    -0.0067     0.1142   2891.327   78.82662   -1.95506    34.9225    34.9239 0.0000e+00
   2646.000    -0.7071    -0.7072   2.950077   2.950175    306.688    292.589     0.1178    -0.0006     0.1136   2892.309   78.82662   -1.95504    34.9225    34.9240 0.0000e+00
   2647.000    -0.7067    -0.7068   2.950160   2.950244    307.621    292.892     0.1179     0.0075     0.1138   2893.296   78.82662   -1.95506    34.9227    34.9240 0.0000e+00
   2648.000    -0.7065    -0.7067   2.950211   2.950303    307.338    292.848     0.1180     0.0095     0.1131   2894.291   78.82662   -1.95506    34.9227    34.9241 0.0000e+00
   2649.000    -0.7064    -0.7065   2.950260   2.950365    307.503    292.892     0.1180     0.0027     0.1126   2895.287   78.82662   -1.95506    34.9227    34.9242 0.0000e+00
   2650.000    -0.7064    -0.7065   2.950313   2.950403    306.834    291.987     0.1181    -0.0016     0.1130   2896.271   78.82662   -1.95506    34.9228    34.9242 0.0000e+00
   2651.000    -0.7063    -0.7064   2.950355   2.950448    307.004    291.914     0.1182    -0.0008     0.1129   2897.241   78.82662   -1.95506    34.9228    34.9242 0.0000e+00
   2652.000    -0.7064    -0.7065   2.950377   2.950478    306.965    292.893     0.1182     0.0024     0.1127   2898.216   78.82662   -1.95506    34.9227    34.9242 0.0000e+00
   2653.000    -0.7067    -0.7068   2.950406   2.950489    307.297    292.703     0.1183     0.0061     0.1126   2899.209   78.82662   -1.95506    34.9229    34.9241 0.0000e+00
   2654.000    -0.7066    -0.7067   2.950447   2.950549    307.082    292.843     0.1183    -0.0013     0.1124   2900.211   78.82662   -1.95506    34.9228    34.9242 0.0000e+00
   2655.000    -0.7065    -0.7066   2.950497   2.950589    307.400    292.582     0.1184    -0.0016     0.1127   2901.208   78.82662   -1.95506    34.9228    34.9242 0.0000e+00
   2656.000    -0.7066    -0.7067   2.950545   2.950634    307.053    292.568     0.1184    -0.0000     0.1130   2902.209   78.82662   -1.95506    34.9231    34.9244 0.0000e+00
   2657.000    -0.7067    -0.7069   2.950576   2.950673    306.993    292.698     0.1184     0.0008     0.1124   2903.204   78.82662   -1.95508    34.9231    34.9246 0.0000e+00
   2658.000    -0.7067    -0.7069   2.950622   2.950709    307.447    292.528     0.1185     0.0077     0.1128   2904.184   78.82662   -1.95508    34.9232    34.9246 0.0000e+00
   2659.000    -0.7066    -0.7068   2.950664   2.950751    307.571    292.786     0.1185     0.0023     0.1129   2905.156   78.82662   -1.95506    34.9232    34.9246 0.0000e+00
   2660.000    -0.7073    -0.7074   2.950651   2.950745    306.927    292.361     0.1185    -0.0006     0.1131   2906.133   78.82662   -1.95506    34.9232    34.9246 0.0000e+00
   2661.000    -0.7076    -0.7078   2.950663   2.950750    306.899    292.222     0.1185    -0.0010     0.1133   2907.128   78.82662   -1.95506    34.9232    34.9246 0.0000e+00
   2662.000    -0.7076    -0.7078   2.950696   2.950787    307.136    292.479     0.1185     0.0056     0.1132   2908.135   78.82662   -1.95508    34.9232    34.9246 0.0000e+00
   2663.000    -0.7076    -0.7077   2.950740   2.950829    307.277    292.846     0.1185     0.0092     0.1125   2909.141   78.82662   -1.95508    34.9232    34.9245 0.0000e+00
   2664.000    -0.7076    -0.7078   2.950771   2.950868    307.219    292.804     0.1185     0.0030     0.1128   2910.135   78.82662   -1.95508    34.9232    34.9246 0.0000e+00
   2665.000    -0.7076    -0.7077   2.950808   2.950909    307.334    292.828     0.1184     0.0077     0.1130   2911.119   78.82662   -1.95508    34.9231    34.9245 0.0000e+00
   2666.000    -0.7076    -0.7077   2.950855   2.950951    307.398    292.821     0.1184     0.0016     0.1130   2912.101   78.82662   -1.95508    34.9232    34.9246 0.0000e+00
   2667.000    -0.7075    -0.7076   2.950895   2.950997    307.839    292.981     0.1184     0.0087     0.1131   2913.082   78.82662   -1.95508    34.9232    34.9246 0.0000e+00
   2668.000    -0.7075    -0.7076   2.950939   2.951032    307.171    292.097     0.1184     0.0002     0.1131   2914.073   78.82662   -1.95508    34.9232    34.9245 0.0000e+00
   2669.000    -0.7078    -0.7079   2.950952   2.951048    307.512    292.280     0.1184    -0.0005     0.1130   2915.079   78.82662   -1.95510    34.9232    34.9246 0.0000e+00
   2670.000    -0.7080    -0.7082   2.950977   2.951067    307.654    292.330     0.1184    -0.0004     0.1133   2916.083   78.82662   -1.95510    34.9232    34.9246 0.0000e+00
   2671.000    -0.7079    -0.7081   2.951026   2.951112    306.986    292.719     0.1185    -0.0010     0.1133   2917.074   78.82662   -1.95510    34.9233    34.9246 0.0000e+00
   2672.000    -0.7079    -0.7080   2.951060   2.951158    306.826    292.642     0.1185    -0.0004     0.1133   2918.055   78.82662   -1.95510    34.9232    34.9246 0.0000e+00
   2673.000    -0.7084    -0.7085   2.951052   2.951151    307.188    292.240     0.1185     0.0002     0.1134   2919.039   78.82662   -1.95510    34.9232    34.9246 0.0000e+00
   2674.000    -0.7086    -0.7087   2.951089   2.951185    307.207    292.342     0.1185    -0.0009     0.1135   2920.028   78.82662   -1.95510    34.9233    34.9248 0.0000e+00
   2675.000    -0.7085    -0.7087   2.951142   2.951220    307.281    292.301     0.1185     0.0019     0.1135   2921.015   78.82662   -1.95511    34.9235    34.9247 0.0000e+00
   2676.000    -0.7090    -0.7090   2.951131   2.951240    306.967    292.214     0.1185     0.0068     0.1136   2922.002   78.82661   -1.95512    34.9234    34.9248 0.0000e+00
   2677.000    -0.7090    -0.7091   2.951182   2.951280    307.044    292.647     0.1185    -0.0012     0.1135   2922.993   78.82660   -1.95512    34.9235    34.9249 0.0000e+00
   2678.000    -0.7091    -0.7093   2.951204   2.951303    306.912    292.674     0.1183    -0.0016     0.1136   2923.985   78.82660   -1.95512    34.9234    34.9249 0.0000e+00
   2679.000    -0.7092    -0.7093   2.951251   2.951347    307.124    292.588     0.1180    -0.0019     0.1142   2924.979   78.82660   -1.95512    34.9237    34.9250 0.0000e+00
   2680.000    -0.7092    -0.7093   2.951300   2.951396    307.340    292.508     0.1177    -0.0021     0.1140   2925.969   78.82660   -1.95512    34.9237    34.9251 0.0000e+00
   2681.000    -0.7097    -0.7098   2.951300   2.951396    307.102    291.804     0.1171    -0.0004     0.1143   2926.956   78.82660   -1.95512    34.9238    34.9252 0.0000e+00
   2682.000    -0.7100    -0.7101   2.951316   2.951416    306.694    292.125     0.1165    -0.0006     0.1140   2927.940   78.82660   -1.95512    34.9238    34.9253 0.0000e+00
   2683.000    -0.7103    -0.7105   2.951339   2.951434    306.858    292.745     0.1159    -0.0010     0.1140   2928.918   78.82660   -1.95512    34.9240    34.9254 0.0000e+00
   2684.000    -0.7104    -0.7105   2.951386   2.951477    307.161    292.554     0.1153     0.0026     0.1141   2929.902   78.82660   -1.95512    34.9242    34.9255 0.0000e+00
   2685.000    -0.7104    -0.7106   2.951417   2.951525    306.856    292.566     0.1150     0.0064     0.1143   2930.896   78.82660   -1.95513    34.9241    34.9258 0.0000e+00
   2686.000    -0.7104    -0.7105   2.951466   2.951571    307.268    292.645     0.1150    -0.0012     0.1144   2931.895   78.82660   -1.95514    34.9242    34.9258 0.0000e+00
   2687.000    -0.7103    -0.7105   2.951518   2.951604    307.263    292.668     0.1155    -0.0016     0.1142   2932.889   78.82660   -1.95514    34.9244    34.9256 0.0000e+00
   2688.000    -0.7104    -0.7106   2.951545   2.951645    307.495    292.625     0.1164    -0.0011     0.1141   2933.870   78.82660   -1.95514    34.9243    34.9259 0.0000e+00
   2689.000    -0.7106    -0.7108   2.951577   2.951669    306.873    292.528     0.1176    -0.0013     0.1140   2934.855   78.82660   -1.95514    34.9244    34.9258 0.0000e+00
   2690.000    -0.7108    -0.7110   2.951609   2.951696    307.182    292.466     0.1190    -0.0006     0.1138   2935.847   78.82660   -1.95514    34.9246    34.9259 0.0000e+00
   2691.000    -0.7109    -0.7110   2.951642   2.951748    306.808    292.158     0.1204     0.0070     0.1143   2936.836   78.82660   -1.95514    34.9246    34.9261 0.0000e+00
   2692.000    -0.7108    -0.7109   2.951693   2.951781    307.723    292.838     0.1214     0.0034     0.1139   2937.815   78.82660   -1.95513    34.9247    34.9260 0.0000e+00
   2693.000    -0.7115    -0.7111   2.951692   2.951804    307.329    292.315     0.1218    -0.0001     0.1138   2938.791   78.82660   -1.95513    34.9249    34.9259 0.0000e+00
   2694.000    -0.7115    -0.7118   2.951719   2.951806    306.958    292.516     0.1214    -0.0031     0.1142   2939.776   78.82660   -1.95514    34.9247    34.9263 0.0000e+00
   2695.000    -0.7113    -0.7117   2.951775   2.951855    306.858    292.681     0.1204    -0.0036     0.1142   2940.770   78.82660   -1.95514    34.9247    34.9263 0.0000e+00
   2696.000    -0.7113    -0.7114   2.951807   2.951909    306.994    292.730     0.1188     0.0004     0.1139   2941.769   78.82660   -1.95514    34.9247    34.9262 0.0000e+00
   2697.000    -0.7116    -0.7119   2.951834   2.951920    307.130    292.575     0.1168     0.0033     0.1136   2942.765   78.82660   -1.95514    34.9249    34.9263 0.0000e+00
   2698.000    -0.7116    -0.7119   2.951872   2.951957    306.998    292.824     0.1148     0.0129     0.1143   2943.750   78.82660   -1.95514    34.9249    34.9263 0.0000e+00
   2699.000    -0.7120    -0.7121   2.951893   2.951992    307.444    292.149     0.1100     0.0006     0.1143   2944.730   78.82660   -1.95513    34.9250    34.9264 0.0000e+00
   2700.000    -0.7126    -0.7127   2.951884   2.951988    306.973    292.501     0.1082    -0.0008     0.1141   2945.706   78.82660   -1.95512    34.9251    34.9266 0.0000e+00
   2701.000    -0.7126    -0.7127   2.951924   2.952016    306.731    292.446     0.1077     0.0007     0.1144   2946.685   78.82660   -1.95513    34.9252    34.9265 0.0000e+00
   2702.000    -0.7125    -0.7127   2.951965   2.952061    307.064    292.346     0.1085     0.0076     0.1141   2947.771   78.82660   -1.95514    34.9251    34.9265 0.0000e+00
   2703.000    -0.7124    -0.7124   2.952004   2.952103    307.212    292.877     0.1108     0.0101     0.1137   2949.290   78.82660   -1.95514    34.9250    34.9263 0.0000e+00
