test_project/cnv_files/sta0246_bin.cnv
* Sea-Bird SBE 9 Data File:
* FileName = C:\Seabird\CTDDATA\Sta0246.hex
* Software Version Seasave V 7.26.7.107
* Temperature SN = 03-4535
* Conductivity SN = 2860
* Number of Bytes Per Scan = 44
* Number of Voltage Words = 5
* Number of Scans Averaged by the Deck Unit = 1
* NMEA Latitude = 78 50.02 N
* NMEA Longitude = 007 00.62 E
* NMEA UTC (Time) = Sep 14 2019 17:29:16
* NMEA baud rate = 9600
** Ship: "Kronprins Haakon"
** Station: 0246
** Echodepth: 1418
** Log: 6509.70
** Wind-Dir Force(m/s): 04 02
** Air-temp (dry): 6.7
** Weather Sky: 2 8
** Sea Ice: 0 0
# nquan = 16
# nvalues = 1426                        
# units = specified
# name 0 = prDM: Pressure, Digiquartz [db]
# name 1 = t090C: Temperature [ITS-90, deg C]
# name 2 = t190C: Temperature, 2 [ITS-90, deg C]
# name 3 = c0S/m: Conductivity [S/m]
# name 4 = c1S/m: Conductivity, 2 [S/m]
# name 5 = sbox0Mm/Kg: Oxygen, SBE 43 [umol/kg]
# name 6 = sbox1Mm/Kg: Oxygen, SBE 43, 2 [umol/kg]
# name 7 = wetCDOM: Fluorescence, WET Labs CDOM [mg/m^3]
# name 8 = flECO-AFL: Fluorescence, WET Labs ECO-AFL/FL [mg/m^3]
# name 9 = CStarAt0: Beam Attenuation, WET Labs C-Star [1/m]
# name 10 = timeS: Time, Elapsed [seconds]
# name 11 = latitude: Latitude [deg]
# name 12 = longitude: Longitude [deg]
# name 13 = sal00: Salinity, Practical [PSU]
# name 14 = sal11: Salinity, Practical, 2 [PSU]
# name 15 = flag: flag
# span 0 =      3.000,   1428.000       
# span 1 =    -0.7981,     7.2607       
# span 2 =    -0.7980,     7.0926       
# span 3 =   2.705098,   3.514913       
# span 4 =   2.884975,   3.514812       
# span 5 =    284.159,    329.367       
# span 6 =    289.678,    494.877       
# span 7 =     0.0997,     0.1322       
# span 8 =    -0.0112,     2.3465       
# span 9 =     0.1399,     0.5071       
# span 10 =    124.762,   1685.100      
# span 11 =   78.83378,   78.83478      
# span 12 =    7.00986,    7.01050      
# span 13 =    25.8965,    35.0505      
# span 14 =    31.5058,    35.0508      
# span 15 = 0.0000e+00, 0.0000e+00      
# interval = decibars: 1                
# start_time = Sep 14 2019 17:29:16 [NMEA time, header]
# bad_flag = -9.990e-29
*END*
[from data line 543]
    546.000     2.4640     2.4634   3.141323   3.141307    324.561    316.291     0.1100     0.0096     0.1649    809.905   78.83378    7.01042    34.9732    34.9737 0.0000e+00
    547.000     2.4569     2.4554   3.140706   3.140588    324.198    316.296     0.1100     0.0070     0.1657    810.887   78.83378    7.01042    34.9728    34.9730 0.0000e+00
    548.000     2.4512     2.4505   3.140234   3.140206    323.580    316.147     0.1099     0.0045     0.1656    811.865   78.83378    7.01042    34.9726    34.9730 0.0000e+00
    549.000     2.4457     2.4457   3.139783   3.139819    323.319    316.304     0.1098     0.0095     0.1657    812.840   78.83378    7.01042    34.9725    34.9729 0.0000e+00
    550.000     2.4440     2.4437   3.139678   3.139697    322.814    316.238     0.1098     0.0096     0.1655    813.809   78.83378    7.01042    34.9725    34.9730 0.0000e+00
    551.000     2.4426     2.4426   3.139604   3.139626    323.034    316.180     0.1097     0.0096     0.1654    814.772   78.83378    7.01043    34.9725    34.9728 0.0000e+00
    552.000     2.4411     2.4406   3.139504   3.139501    323.556    316.504     0.1096     0.0097     0.1655    815.747   78.83378    7.01044    34.9724    34.9729 0.0000e+00
    553.000     2.4404     2.4397   3.139486   3.139462    323.691    316.260     0.1095     0.0149     0.1658    816.728   78.83378    7.01044    34.9723    34.9729 0.0000e+00
    554.000     2.4374     2.4374   3.139263   3.139293    323.339    316.116     0.1095     0.0079     0.1658    817.720   78.83378    7.01044    34.9723    34.9728 0.0000e+00
    555.000     2.4370     2.4364   3.139265   3.139246    322.855    315.969     0.1094     0.0065     0.1659    818.705   78.83378    7.01044    34.9723    34.9727 0.0000e+00
    556.000     2.4352     2.4344   3.139148   3.139114    322.580    315.959     0.1094     0.0067     0.1660    819.677   78.83378    7.01044    34.9722    34.9726 0.0000e+00
    557.000     2.4324     2.4324   3.138933   3.138975    322.750    316.309     0.1093     0.0023     0.1666    820.643   78.83378    7.01044    34.9721    34.9726 0.0000e+00
    558.000     2.4300     2.4300   3.138762   3.138793    322.873    316.059     0.1093     0.0023     0.1663    821.612   78.83378    7.01044    34.9720    34.9724 0.0000e+00
    559.000     2.4213     2.4211   3.138017   3.138020    323.297    316.010     0.1092     0.0030     0.1660    822.586   78.83378    7.01044    34.9717    34.9720 0.0000e+00
    560.000     2.4162     2.4163   3.137598   3.137638    322.852    316.354     0.1092     0.0093     0.1658    823.573   78.83378    7.01044    34.9716    34.9720 0.0000e+00
    561.000     2.4114     2.4110   3.137199   3.137167    323.064    316.452     0.1092     0.0096     0.1660    824.570   78.83378    7.01043    34.9713    34.9714 0.0000e+00
    562.000     2.3973     2.3968   3.135962   3.135941    323.331    316.429     0.1092     0.0095     0.1667    825.572   78.83378    7.01042    34.9708    34.9711 0.0000e+00
    563.000     2.3938     2.3934   3.135682   3.135686    322.957    316.241     0.1091     0.0040     0.1669    826.559   78.83378    7.01042    34.9707    34.9712 0.0000e+00
    564.000     2.3928     2.3926   3.135634   3.135655    322.926    316.406     0.1091     0.0023     0.1667    827.537   78.83378    7.01042    34.9706    34.9711 0.0000e+00
    565.000     2.3926     2.3921   3.135666   3.135662    323.512    316.586     0.1091     0.0023     0.1669    828.500   78.83378    7.01042    34.9706    34.9711 0.0000e+00
    566.000     2.3922     2.3917   3.135671   3.135662    323.702    316.178     0.1091     0.0026     0.1669    829.465   78.83378    7.01042    34.9706    34.9710 0.0000e+00
    567.000     2.3882     2.3879   3.135337   3.135341    323.911    316.210     0.1091     0.0023     0.1669    830.433   78.83378    7.01042    34.9702    34.9706 0.0000e+00
    568.000     2.3791     2.3775   3.134554   3.134431    324.026    316.628     0.1090     0.0023     0.1666    831.405   78.83378    7.01044    34.9700    34.9702 0.0000e+00
    569.000     2.3686     2.3683   3.133710   3.133710    323.218    316.435     0.1090     0.0023     0.1665    832.388   78.83378    7.01044    34.9704    34.9708 0.0000e+00
    570.000     2.3669     2.3664   3.133645   3.133639    323.104    316.293     0.1090     0.0023     0.1670    833.379   78.83378    7.01044    34.9709    34.9714 0.0000e+00
    571.000     2.3634     2.3629   3.133385   3.133380    322.931    316.366     0.1089     0.0025     0.1661    834.371   78.83378    7.01044    34.9710    34.9714 0.0000e+00
    572.000     2.3640     2.3635   3.133486   3.133493    322.926    316.692     0.1089     0.0081     0.1666    835.357   78.83378    7.01042    34.9710    34.9716 0.0000e+00
    573.000     2.3632     2.3629   3.133466   3.133473    323.301    316.657     0.1089     0.0043     0.1657    836.342   78.83378    7.01042    34.9711    34.9715 0.0000e+00
    574.000     2.3588     2.3585   3.133145   3.133142    323.714    316.459     0.1089     0.0068     0.1656    837.316   78.83378    7.01042    34.9713    34.9716 0.0000e+00
    575.000     2.3560     2.3556   3.132927   3.132915    323.596    316.437     0.1088     0.0058     0.1656    838.278   78.83378    7.01042    34.9712    34.9715 0.0000e+00
    576.000     2.3523     2.3517   3.132638   3.132617    323.048    316.689     0.1088     0.0024     0.1653    839.239   78.83378    7.01042    34.9711    34.9714 0.0000e+00
    577.000     2.3513     2.3509   3.132600   3.132613    323.276    316.657     0.1088     0.0043     0.1645    840.205   78.83378    7.01042    34.9712    34.9717 0.0000e+00
    578.000     2.3507     2.3503   3.132602   3.132604    323.631    316.793     0.1088     0.0095     0.1639    841.182   78.83378    7.01042    34.9713    34.9717 0.0000e+00
    579.000     2.3418     2.3416   3.131853   3.131859    323.773    316.909     0.1088     0.0090     0.1643    842.164   78.83378    7.01042    34.9712    34.9714 0.0000e+00
    580.000     2.3299     2.3297   3.130806   3.130814    324.054    316.787     0.1088     0.0031     0.1642    843.154   78.83378    7.01042    34.9706    34.9709 0.0000e+00
    581.000     2.3218     2.3214   3.130138   3.130130    323.815    316.778     0.1088     0.0087     0.1643    844.148   78.83378    7.01042    34.9707    34.9710 0.0000e+00
    582.000     2.3126     2.3124   3.129370   3.129364    323.685    316.728     0.1088     0.0095     0.1639    845.132   78.83378    7.01042    34.9705    34.9707 0.0000e+00
    583.000     2.3012     2.3009   3.128389   3.128364    323.829    316.842     0.1088     0.0045     0.1638    846.100   78.83378    7.01042    34.9703    34.9703 0.0000e+00
    584.000     2.2822     2.2824   3.126727   3.126711    323.965    317.135     0.1088     0.0023     0.1637    847.061   78.83378    7.01042    34.9699    34.9695 0.0000e+00
    585.000     2.2467     2.2457   3.123510   3.123393    323.989    317.225     0.1088     0.0023     0.1635    848.029   78.83378    7.01042    34.9682    34.9679 0.0000e+00
    586.000     2.2358     2.2353   3.122548   3.122537    323.530    316.754     0.1089     0.0023     0.1638    849.004   78.83378    7.01042    34.9677    34.9681 0.0000e+00
    587.000     2.2346     2.2341   3.122471   3.122475    323.964    316.609     0.1089     0.0039     0.1639    849.976   78.83378    7.01042    34.9675    34.9681 0.0000e+00
    588.000     2.2301     2.2298   3.122103   3.122115    324.657    316.661     0.1089     0.0094     0.1645    850.947   78.83378    7.01042    34.9673    34.9677 0.0000e+00
    589.000     2.2244     2.2242   3.121614   3.121636    325.196    316.670     0.1089     0.0092     0.1650    851.924   78.83378    7.01042    34.9669    34.9673 0.0000e+00
    590.000     2.2214     2.2212   3.121392   3.121401    325.149    316.848     0.1089     0.0030     0.1655    852.905   78.83378    7.01042    34.9668    34.9672 0.0000e+00
    591.000     2.2202     2.2198   3.121324   3.121324    324.644    316.841     0.1090     0.0023     0.1658    853.898   78.83378    7.01042    34.9667    34.9671 0.0000e+00
    592.000     2.2151     2.2146   3.120892   3.120894    324.350    316.643     0.1090     0.0024     0.1665    854.885   78.83378    7.01042    34.9664    34.9669 0.0000e+00
    593.000     2.2085     2.2080   3.120325   3.120301    324.242    316.481     0.1090     0.0117     0.1677    855.861   78.83378    7.01042    34.9660    34.9662 0.0000e+00
    594.000     2.2001     2.1998   3.119595   3.119590    323.922    316.702     0.1090     0.0131     0.1673    856.825   78.83378    7.01042    34.9656    34.9658 0.0000e+00
    595.000     2.1932     2.1929   3.119027   3.119020    323.818    316.657     0.1091     0.0068     0.1670    857.784   78.83378    7.01042    34.9655    34.9657 0.0000e+00
    596.000     2.1873     2.1871   3.118570   3.118595    323.613    316.358     0.1091     0.0044     0.1679    858.745   78.83378    7.01042    34.9658    34.9663 0.0000e+00
    597.000     2.1801     2.1793   3.117972   3.117911    323.566    316.277     0.1092     0.0081     0.1682    859.719   78.83378    7.01042    34.9656    34.9657 0.0000e+00
    598.000     2.1744     2.1739   3.117470   3.117464    323.465    316.285     0.1092     0.0025     0.1689    860.701   78.83378    7.01042    34.9651    34.9655 0.0000e+00
    599.000     2.1716     2.1712   3.117273   3.117286    323.138    316.566     0.1093     0.0023     0.1681    861.685   78.83378    7.01042    34.9651    34.9657 0.0000e+00
    600.000     2.1711     2.1707   3.117323   3.117319    323.620    316.858     0.1093     0.0023     0.1674    862.662   78.83378    7.01042    34.9657    34.9661 0.0000e+00
    601.000     2.1662     2.1660   3.116945   3.116951    324.041    316.557     0.1094     0.0023     0.1680    863.639   78.83378    7.01042    34.9658    34.9661 0.0000e+00
    602.000     2.1625     2.1622   3.116679   3.116702    323.877    316.410     0.1095     0.0023     0.1672    864.615   78.83378    7.01042    34.9660    34.9666 0.0000e+00
    603.000     2.1566     2.1574   3.116206   3.116300    323.647    316.624     0.1095     0.0065     0.1672    865.596   78.83378    7.01042    34.9660    34.9663 0.0000e+00
    604.000     2.1441     2.1440   3.115101   3.115120    323.837    316.558     0.1096     0.0061     0.1660    866.585   78.83378    7.01042    34.9654    34.9658 0.0000e+00
    605.000     2.1375     2.1367   3.114540   3.114501    323.847    316.693     0.1097     0.0051     0.1663    867.565   78.83378    7.01042    34.9651    34.9655 0.0000e+00
    606.000     2.1282     2.1272   3.113732   3.113647    324.042    316.875     0.1098     0.0078     0.1666    868.528   78.83378    7.01042    34.9646    34.9646 0.0000e+00
    607.000     2.1164     2.1161   3.112718   3.112712    323.850    316.941     0.1099     0.0025     0.1661    869.483   78.83378    7.01042    34.9644    34.9647 0.0000e+00
    608.000     2.1068     2.1068   3.111882   3.111885    323.738    316.775     0.1100     0.0023     0.1666    870.443   78.83378    7.01042    34.9639    34.9639 0.0000e+00
    609.000     2.0945     2.0940   3.110793   3.110744    324.045    316.724     0.1102     0.0025     0.1669    871.410   78.83378    7.01042    34.9633    34.9632 0.0000e+00
    610.000     2.0800     2.0796   3.109517   3.109498    324.148    316.479     0.1103     0.0081     0.1684    872.389   78.83378    7.01042    34.9627    34.9629 0.0000e+00
    611.000     2.0745     2.0740   3.109047   3.109028    323.701    316.632     0.1104     0.0043     0.1748    873.376   78.83378    7.01042    34.9623    34.9626 0.0000e+00
    612.000     2.0696     2.0691   3.108703   3.108689    323.396    316.495     0.1105     0.0023     0.1670    874.362   78.83378    7.01042    34.9629    34.9632 0.0000e+00
    613.000     2.0638     2.0634   3.108262   3.108259    322.979    315.782     0.1107     0.0023     0.1671    875.345   78.83378    7.01042    34.9631    34.9635 0.0000e+00
    614.000     2.0589     2.0583   3.107854   3.107822    322.535    315.504     0.1108     0.0052     0.1662    876.328   78.83378    7.01042    34.9628    34.9631 0.0000e+00
    615.000     2.0521     2.0510   3.107274   3.107207    321.847    315.120     0.1109     0.0096     0.1635    877.305   78.83378    7.01042    34.9624    34.9628 0.0000e+00
    616.000     2.0476     2.0471   3.106916   3.106907    321.319    314.580     0.1110     0.0096     0.1624    878.269   78.83378    7.01042    34.9624    34.9629 0.0000e+00
    617.000     2.0436     2.0446   3.106565   3.106695    320.904    314.385     0.1111     0.0096     0.1614    879.227   78.83378    7.01042    34.9619    34.9623 0.0000e+00
    618.000     2.0267     2.0266   3.104852   3.105052    321.186    314.180     0.1112     0.0093     0.1621    880.190   78.83378    7.01042    34.9585    34.9610 0.0000e+00
    619.000     2.0138     2.0134   3.103925   3.103913    321.189    313.950     0.1113     0.0034     0.1621    881.169   78.83378    7.01042    34.9605    34.9608 0.0000e+00
    620.000     2.0075     2.0069   3.103389   3.103365    320.790    313.990     0.1114     0.0080     0.1615    882.154   78.83378    7.01042    34.9602    34.9605 0.0000e+00
    621.000     1.9991     1.9984   3.102690   3.102653    320.699    313.833     0.1115     0.0096     0.1625    883.136   78.83378    7.01042    34.9601    34.9603 0.0000e+00
    622.000     1.9866     1.9870   3.101651   3.101599    320.908    313.764     0.1116     0.0096     0.1626    884.107   78.83378    7.01042    34.9603    34.9591 0.0000e+00
    623.000     1.9800     1.9795   3.101093   3.101078    320.936    313.834     0.1117     0.0064     0.1617    885.078   78.83378    7.01042    34.9599    34.9603 0.0000e+00
    624.000     1.9751     1.9741   3.100691   3.100643    321.326    313.789     0.1118     0.0023     0.1620    886.051   78.83378    7.01042    34.9597    34.9602 0.0000e+00
    625.000     1.9693     1.9695   3.100211   3.100288    321.501    314.202     0.1119     0.0023     0.1622    887.019   78.83378    7.01042    34.9596    34.9602 0.0000e+00
    626.000     1.9643     1.9640   3.099822   3.099826    322.010    314.591     0.1119     0.0023     0.1616    887.990   78.83378    7.01042    34.9596    34.9599 0.0000e+00
    627.000     1.9591     1.9586   3.099409   3.099410    321.892    314.451     0.1120     0.0023     0.1617    888.970   78.83378    7.01042    34.9596    34.9602 0.0000e+00
    628.000     1.9552     1.9544   3.099100   3.099067    321.648    314.194     0.1121     0.0023     0.1615    889.949   78.83378    7.01042    34.9594    34.9599 0.0000e+00
    629.000     1.9509     1.9502   3.098764   3.098748    321.487    314.247     0.1121     0.0023     0.1616    890.926   78.83378    7.01042    34.9594    34.9599 0.0000e+00
    630.000     1.9492     1.9488   3.098659   3.098655    321.482    314.027     0.1122     0.0026     0.1615    891.909   78.83378    7.01042    34.9594    34.9598 0.0000e+00
    631.000     1.9473     1.9467   3.098528   3.098518    321.932    314.186     0.1123     0.0023     0.1618    892.902   78.83378    7.01042    34.9593    34.9599 0.0000e+00
    632.000     1.9437     1.9434   3.098270   3.098274    321.675    313.845     0.1123     0.0023     0.1751    893.889   78.83378    7.01042    34.9594    34.9598 0.0000e+00
    633.000     1.9407     1.9402   3.098097   3.098102    321.248    313.805     0.1123     0.0053     0.1722    894.858   78.83378    7.01042    34.9600    34.9606 0.0000e+00
    634.000     1.9375     1.9371   3.097848   3.097837    320.813    313.926     0.1124     0.0096     0.1627    895.803   78.83378    7.01042    34.9599    34.9601 0.0000e+00
