test_project/cnv_files/Sta0234_bin.cnv
* Sea-Bird SBE 9 Data File:
* FileName = C:\Seabird\CTDDATA\Sta0234.hex
* Software Version Seasave V 7.26.7.107
* Temperature SN = 03-4535
* Conductivity SN = 2860
* Number of Bytes Per Scan = 44
* Number of Voltage Words = 5
* Number of Scans Averaged by the Deck Unit = 1
* NMEA Latitude = 78 50.39 N
* NMEA Longitude = 008 06.49 W
* NMEA UTC (Time) = Sep 10 2019 07:23:30
* NMEA baud rate = 9600
** Ship: "Kronprins Haakon"
** Station: 0234
** Echodepth: 221
** Log: 6256.23
** Wind-Dir Force(m/s): 07 20
** Air-temp (dry): 0.5
** Weather Sky: 5 8
** Sea Ice: 2 5
# nquan = 17
# nvalues = 209                         
# units = specified
# name 0 = prDM: Pressure, Digiquartz [db]
# name 1 = t090C: Temperature [ITS-90, deg C]
# name 2 = t190C: Temperature, 2 [ITS-90, deg C]
# name 3 = c0S/m: Conductivity [S/m]
# name 4 = c1S/m: Conductivity, 2 [S/m]
# name 5 = sbox0Mm/Kg: Oxygen, SBE 43 [umol/kg]
# name 6 = sbox1Mm/Kg: Oxygen, SBE 43, 2 [umol/kg]
# name 7 = wetCDOM: Fluorescence, WET Labs CDOM [mg/m^3]
# name 8 = flECO-AFL: Fluorescence, WET Labs ECO-AFL/FL [mg/m^3]
# name 9 = CStarAt0: Beam Attenuation, WET Labs C-Star [1/m]
# name 10 = timeS: Time, Elapsed [seconds]
# name 11 = latitude: Latitude [deg]
# name 12 = longitude: Longitude [deg]
# name 13 = upoly0: Upoly 0, ISUS
# name 14 = sal00: Salinity, Practical [PSU]
# name 15 = sal11: Salinity, Practical, 2 [PSU]
# name 16 = flag: flag
# span 0 =      3.000,    213.000       
# span 1 =    -1.6770,     0.8783       
# span 2 =    -1.6772,     0.8763       
# span 3 =   2.416992,   2.963571       
# span 4 =   2.416964,   2.963419       
# span 5 =    310.507,    423.471       
# span 6 =    307.693,    415.924       
# span 7 =     0.1050,     0.2036       
# span 8 =     0.0139,     0.5876       
# span 9 =     0.1492,     0.2690       
# span 10 =    134.213,    410.189      
# span 11 =   78.80993,   78.84140      
# span 12 =   -8.12132,   -8.11336      
# span 13 =  12.132281,  24.178931      
# span 14 =    30.1238,    34.6701      
# span 15 =    30.1232,    34.6689      
# span 16 = 0.0000e+00, 0.0000e+00      
# interval = decibars: 1                
# start_time = Sep 10 2019 07:23:30 [NMEA time, header]
# bad_flag = -9.990e-29
*END*
[from data line 86]
     89.000    -1.5102    -1.5107   2.628166   2.628074    375.460    367.401     0.1775     0.0493     0.1714    225.184   78.84090   -8.11680  17.114333    32.9155    32.9149 0.0000e+00
     90.000    -1.4907    -1.4926   2.632215   2.631968    374.841    366.731     0.1773     0.0407     0.1712    226.263   78.84090   -8.11684  17.281776    32.9492    32.9479 0.0000e+00
     91.000    -1.4690    -1.4696   2.636115   2.636017    373.029    365.778     0.1771     0.0446     0.1703    227.359   78.84090   -8.11688  17.133267    32.9782    32.9776 0.0000e+00
     92.000    -1.4534    -1.4554   2.638917   2.638615    372.887    365.350     0.1768     0.0520     0.1709    228.482   78.84091   -8.11693  17.845934    32.9989    32.9970 0.0000e+00
     93.000    -1.4162    -1.4176   2.646186   2.645945    371.162    364.272     0.1765     0.0534     0.1715    229.606   78.84092   -8.11697  17.513986    33.0571    33.0553 0.0000e+00
     94.000    -1.4068    -1.4067   2.649171   2.649052    369.788    363.574     0.1762     0.0473     0.1718    230.709   78.84092   -8.11702  16.977321    33.0871    33.0854 0.0000e+00
     95.000    -1.4334    -1.4315   2.650631   2.650573    368.478    362.766     0.1759     0.0463     0.1716    231.787   78.84092   -8.11706  17.303551    33.1361    33.1332 0.0000e+00
     96.000    -1.4312    -1.4322   2.652681   2.652534    365.347    360.643     0.1755     0.0465     0.1726    232.846   78.84092   -8.11710  17.232723    33.1612    33.1603 0.0000e+00
     97.000    -1.4178    -1.4182   2.655257   2.655181    363.825    359.160     0.1751     0.0575     0.1708    233.899   78.84093   -8.11713  17.423759    33.1811    33.1805 0.0000e+00
     98.000    -1.3995    -1.4009   2.658301   2.658119    365.071    359.183     0.1747     0.0551     0.1708    234.957   78.84094   -8.11717  17.852462    33.2020    33.2010 0.0000e+00
     99.000    -1.3728    -1.3745   2.663350   2.663123    366.211    358.980     0.1742     0.0481     0.1709    236.022   78.84094   -8.11721  17.975513    33.2411    33.2398 0.0000e+00
    100.000    -1.3328    -1.3358   2.670341   2.670016    366.217    358.589     0.1737     0.0515     0.1710    237.110   78.84094   -8.11725  17.389715    33.2919    33.2907 0.0000e+00
    101.000    -1.3017    -1.3035   2.674798   2.674577    366.002    358.478     0.1732     0.0482     0.1706    238.222   78.84096   -8.11730  17.257888    33.3178    33.3167 0.0000e+00
    102.000    -1.2433    -1.2474   2.682866   2.682470    363.928    357.421     0.1727     0.0463     0.1707    239.365   78.84096   -8.11735  17.779986    33.3626    33.3617 0.0000e+00
    103.000    -1.1893    -1.1916   2.690656   2.690359    361.322    355.533     0.1721     0.0459     0.1707    240.516   78.84096   -8.11739  17.842165    33.4084    33.4069 0.0000e+00
    104.000    -1.1687    -1.1698   2.694595   2.694368    359.663    354.544     0.1716     0.0344     0.1702    241.642   78.84096   -8.11742  17.790075    33.4386    33.4367 0.0000e+00
    105.000    -1.1364    -1.1379   2.701236   2.700999    356.035    352.193     0.1709     0.0501     0.1704    242.748   78.84097   -8.11746  18.258710    33.4927    33.4911 0.0000e+00
    106.000    -1.1277    -1.1275   2.706613   2.706400    352.794    350.330     0.1703     0.0408     0.1711    243.836   78.84098   -8.11750  18.706129    33.5558    33.5526 0.0000e+00
    107.000    -1.1194    -1.1202   2.710645   2.710464    351.287    348.693     0.1696     0.0451     0.1709    244.907   78.84098   -8.11755  18.713159    33.6009    33.5993 0.0000e+00
    108.000    -1.0936    -1.0967   2.715059   2.714672    349.671    347.203     0.1689     0.0404     0.1707    245.980   78.84098   -8.11759  19.154612    33.6316    33.6298 0.0000e+00
    109.000    -1.0569    -1.0579   2.721217   2.721076    348.721    345.741     0.1681     0.0510     0.1707    247.071   78.84098   -8.11763  19.358207    33.6739    33.6730 0.0000e+00
    110.000    -1.0369    -1.0380   2.724778   2.724582    349.785    344.790     0.1673     0.0478     0.1689    248.194   78.84098   -8.11767  19.205113    33.6994    33.6979 0.0000e+00
    111.000    -1.0161    -1.0177   2.728141   2.727935    348.855    343.734     0.1664     0.0594     0.1681    249.343   78.84100   -8.11772  19.230801    33.7213    33.7202 0.0000e+00
    112.000    -1.0006    -1.0021   2.729998   2.729806    346.762    342.454     0.1655     0.0591     0.1687    250.511   78.84100   -8.11775  19.246254    33.7285    33.7276 0.0000e+00
    113.000    -0.9851    -0.9856   2.732078   2.731979    345.120    341.331     0.1645     0.0457     0.1681    251.680   78.84101   -8.11780  19.733926    33.7388    33.7380 0.0000e+00
    114.000    -0.9795    -0.9798   2.732856   2.732772    344.876    340.508     0.1634     0.0434     0.1679    252.820   78.84102   -8.11784  19.657572    33.7425    33.7417 0.0000e+00
    115.000    -0.9413    -0.9454   2.739452   2.738912    344.045    339.804     0.1623     0.0603     0.1673    253.946   78.84102   -8.11789  19.408677    33.7887    33.7860 0.0000e+00
    116.000    -0.9074    -0.9080   2.745723   2.745583    344.087    339.409     0.1611     0.0591     0.1676    255.055   78.84102   -8.11793  19.382650    33.8352    33.8340 0.0000e+00
    117.000    -0.8736    -0.8793   2.750767   2.750192    344.937    339.274     0.1598     0.0536     0.1673    256.154   78.84102   -8.11797  19.467002    33.8651    33.8636 0.0000e+00
    118.000    -0.7923    -0.7962   2.761502   2.761034    343.542    337.703     0.1585     0.0521     0.1662    257.241   78.84104   -8.11802  19.853032    33.9186    33.9167 0.0000e+00
    119.000    -0.7714    -0.7715   2.765306   2.765213    343.512    337.960     0.1571     0.0481     0.1659    258.337   78.84104   -8.11804  20.124352    33.9459    33.9448 0.0000e+00
    120.000    -0.7692    -0.7691   2.766136   2.766068    342.382    337.535     0.1556     0.0574     0.1657    259.450   78.84104   -8.11809  19.721944    33.9541    33.9531 0.0000e+00
    121.000    -0.7673    -0.7673   2.766656   2.766589    338.922    336.125     0.1541     0.0681     0.1666    260.581   78.84104   -8.11813  20.442820    33.9584    33.9576 0.0000e+00
    122.000    -0.7690    -0.7684   2.766882   2.766854    337.077    334.710     0.1526     0.0683     0.1669    261.735   78.84104   -8.11818  19.803186    33.9627    33.9617 0.0000e+00
    123.000    -0.7747    -0.7739   2.766923   2.766885    337.811    334.316     0.1511     0.0651     0.1670    262.898   78.84105   -8.11822  20.571165    33.9691    33.9677 0.0000e+00
    124.000    -0.7796    -0.7798   2.767355   2.767256    338.595    333.717     0.1495     0.0714     0.1670    264.062   78.84106   -8.11825  20.310793    33.9798    33.9787 0.0000e+00
    125.000    -0.7729    -0.7729   2.769033   2.768947    339.485    333.657     0.1480     0.0789     0.1670    265.218   78.84106   -8.11830  20.664637    33.9944    33.9933 0.0000e+00
    126.000    -0.7711    -0.7710   2.769808   2.769739    340.239    334.229     0.1465     0.0798     0.1670    266.363   78.84106   -8.11835  20.561594    34.0022    34.0012 0.0000e+00
    127.000    -0.7651    -0.7660   2.770936   2.770792    341.433    334.315     0.1450     0.0738     0.1671    267.494   78.84108   -8.11839  20.584100    34.0102    34.0092 0.0000e+00
    128.000    -0.7354    -0.7393   2.774874   2.774441    340.795    333.912     0.1435     0.0683     0.1675    268.614   78.84108   -8.11843  20.660646    34.0294    34.0279 0.0000e+00
    129.000    -0.7332    -0.7297   2.776831   2.776946    341.210    333.891     0.1421     0.0633     0.1669    269.727   78.84108   -8.11847  20.452855    34.0527    34.0503 0.0000e+00
    130.000    -0.7468    -0.7487   2.776646   2.776464    341.131    333.563     0.1407     0.0658     0.1668    270.840   78.84108   -8.11850  20.153435    34.0650    34.0646 0.0000e+00
    131.000    -0.7637    -0.7589   2.776676   2.776821    338.261    331.899     0.1392     0.0684     0.1657    271.941   78.84109   -8.11855  20.751939    34.0838    34.0803 0.0000e+00
    132.000    -0.7556    -0.7562   2.778450   2.778437    337.119    331.275     0.1379     0.0734     0.1650    273.046   78.84110   -8.11859  20.752668    34.0980    34.0986 0.0000e+00
    133.000    -1.0675    -1.0324   2.753587   2.755479    339.970    333.916     0.1365     0.0757     0.1645    274.156   78.84110   -8.11863  20.435848    34.1126    34.0986 0.0000e+00
    134.000    -1.2707    -1.2707   2.738370   2.738365    337.531    332.809     0.1352     0.0866     0.1638    275.271   78.84110   -8.11866  20.606994    34.1349    34.1348 0.0000e+00
    135.000    -1.2935    -1.2902   2.736482   2.736681    332.120    329.319     0.1340     0.1013     0.1631    276.401   78.84112   -8.11871  20.112736    34.1343    34.1333 0.0000e+00
    136.000    -1.3911    -1.3848   2.728394   2.728746    349.809    335.712     0.1329     0.0987     0.1617    277.544   78.84112   -8.11875  20.324447    34.1338    34.1315 0.0000e+00
    137.000    -1.4803    -1.4749   2.721118   2.721440    365.010    341.185     0.1318     0.0913     0.1604    278.697   78.84112   -8.11879  20.116702    34.1348    34.1331 0.0000e+00
    138.000    -1.4588    -1.4644   2.723317   2.722926    366.881    342.734     0.1308     0.0902     0.1599    279.858   78.84112   -8.11882  20.047011    34.1399    34.1410 0.0000e+00
    139.000    -1.4586    -1.4569   2.723766   2.723830    368.936    345.977     0.1299     0.0902     0.1586    281.006   78.84112   -8.11887  19.569731    34.1453    34.1442 0.0000e+00
    140.000    -1.4683    -1.4680   2.723158   2.723183    370.259    348.457     0.1291     0.0892     0.1583    282.144   78.84114   -8.11891  19.478231    34.1474    34.1474 0.0000e+00
    141.000    -1.4675    -1.4677   2.723561   2.723538    364.983    347.795     0.1284     0.0832     0.1568    283.283   78.84114   -8.11894  20.155287    34.1513    34.1513 0.0000e+00
    142.000    -1.4603    -1.4612   2.724454   2.724369    359.988    346.732     0.1278     0.0802     0.1550    284.413   78.84114   -8.11899  19.826058    34.1549    34.1547 0.0000e+00
    143.000    -1.4392    -1.4422   2.726678   2.726451    356.940    345.668     0.1273     0.0686     0.1536    285.541   78.84114   -8.11903  19.976352    34.1607    34.1611 0.0000e+00
    144.000    -1.4113    -1.4125   2.729559   2.729471    355.403    344.535     0.1269     0.0646     0.1529    286.666   78.84114   -8.11907  19.827279    34.1679    34.1681 0.0000e+00
    145.000    -1.3561    -1.3643   2.735235   2.734618    353.747    343.735     0.1265     0.0555     0.1522    287.782   78.84115   -8.11910  20.149138    34.1825    34.1833 0.0000e+00
    146.000    -1.2769    -1.2799   2.742966   2.742747    351.734    342.832     0.1263     0.0608     0.1514    288.895   78.84116   -8.11914  19.736985    34.1976    34.1980 0.0000e+00
    147.000    -1.2613    -1.2649   2.744550   2.744252    350.627    342.440     0.1261     0.0567     0.1509    290.005   78.84116   -8.11919  19.493977    34.2009    34.2010 0.0000e+00
    148.000    -1.2348    -1.2355   2.747097   2.747050    346.247    340.348     0.1261     0.0438     0.1507    291.118   78.84116   -8.11922  20.196123    34.2050    34.2052 0.0000e+00
    149.000    -1.2178    -1.2207   2.748808   2.748590    341.977    338.369     0.1260     0.0391     0.1498    292.234   78.84118   -8.11926  20.681906    34.2085    34.2087 0.0000e+00
    150.000    -1.1837    -1.1857   2.752163   2.752010    339.752    337.025     0.1261     0.0415     0.1498    293.354   78.84118   -8.11930  20.614747    34.2149    34.2150 0.0000e+00
    151.000    -1.1235    -1.1336   2.757989   2.757274    339.797    336.010     0.1262     0.0487     0.1492    294.482   78.84118   -8.11935  20.463799    34.2254    34.2271 0.0000e+00
    152.000    -1.0193    -1.0199   2.767804   2.767834    340.219    334.996     0.1263     0.0569     0.1497    295.634   78.84118   -8.11938  20.313730    34.2400    34.2411 0.0000e+00
    153.000    -0.9542    -0.9586   2.774018   2.773814    341.661    335.724     0.1264     0.0571     0.1493    296.787   78.84118   -8.11942  20.426748    34.2500    34.2522 0.0000e+00
    154.000    -0.8043    -0.8125   2.788406   2.787788    338.055    333.670     0.1266     0.0494     0.1500    297.942   78.84118   -8.11945  20.604324    34.2745    34.2754 0.0000e+00
    155.000    -0.7679    -0.7696   2.791969   2.791852    336.212    333.162     0.1267     0.0417     0.1513    299.087   78.84120   -8.11949  20.732610    34.2808    34.2812 0.0000e+00
    156.000    -0.7217    -0.7312   2.796447   2.795699    332.288    330.572     0.1269     0.0389     0.1519    300.219   78.84120   -8.11954  21.069221    34.2883    34.2890 0.0000e+00
    157.000    -0.6253    -0.6244   2.805698   2.805892    325.673    326.979     0.1270     0.0291     0.1527    301.334   78.84120   -8.11958  21.206776    34.3035    34.3050 0.0000e+00
    158.000    -0.5973    -0.5993   2.808532   2.808378    325.210    326.659     0.1272     0.0339     0.1526    302.422   78.84120   -8.11961  21.430507    34.3093    34.3095 0.0000e+00
    159.000    -0.5117    -0.5212   2.817207   2.816548    324.560    325.120     0.1274     0.0284     0.1532    303.508   78.84120   -8.11965  21.965453    34.3286    34.3304 0.0000e+00
    160.000    -0.3768    -0.3807   2.830752   2.830462    322.477    322.999     0.1276     0.0339     0.1543    304.595   78.84121   -8.11969  21.653608    34.3572    34.3577 0.0000e+00
    161.000    -0.3364    -0.3380   2.834831   2.834679    324.727    323.347     0.1278     0.0339     0.1541    305.672   78.84122   -8.11972  21.744443    34.3656    34.3653 0.0000e+00
    162.000    -0.3159    -0.3169   2.836923   2.836810    323.376    322.398     0.1281     0.0315     0.1543    306.766   78.84122   -8.11976  22.264829    34.3697    34.3694 0.0000e+00
    163.000    -0.2875    -0.2891   2.839759   2.839326    319.093    320.333     0.1283     0.0308     0.1543    307.883   78.84122   -8.11979  22.638055    34.3750    34.3710 0.0000e+00
    164.000    -0.2548    -0.2569   2.843137   2.842954    317.126    319.006     0.1285     0.0312     0.1544    309.012   78.84122   -8.11983  21.873675    34.3827    34.3825 0.0000e+00
    165.000    -0.2112    -0.2148   2.847509   2.847191    317.426    318.428     0.1286     0.0365     0.1551    310.144   78.84124   -8.11987  22.376119    34.3912    34.3910 0.0000e+00
    166.000    -0.1649    -0.1677   2.852229   2.851973    319.274    318.021     0.1287     0.0386     0.1545    311.274   78.84124   -8.11990  22.597736    34.4013    34.4010 0.0000e+00
    167.000    -0.1345    -0.1359   2.855398   2.855254    320.384    317.294     0.1288     0.0328     0.1548    312.394   78.84124   -8.11994  22.194893    34.4086    34.4083 0.0000e+00
    168.000    -0.1163    -0.1169   2.857310   2.857207    320.096    316.737     0.1287     0.0373     0.1544    313.495   78.84124   -8.11997  22.200874    34.4129    34.4122 0.0000e+00
    169.000    -0.1007    -0.1019   2.859017   2.858862    319.096    316.237     0.1286     0.0331     0.1549    314.582   78.84124   -8.12001  22.236131    34.4174    34.4167 0.0000e+00
    170.000    -0.0004    -0.0084   2.869467   2.868839    317.681    314.923     0.1285     0.0488     0.1541    315.657   78.84124   -8.12005  21.822576    34.4426    34.4432 0.0000e+00
    171.000     0.0772     0.0722   2.877569   2.877141    318.920    314.981     0.1283     0.0476     0.1535    316.731   78.84124   -8.12008  22.186732    34.4620    34.4619 0.0000e+00
    172.000     0.1090     0.1086   2.881028   2.880931    320.484    315.828     0.1280     0.0347     0.1537    317.810   78.84125   -8.12011  22.460763    34.4714    34.4705 0.0000e+00
