test_project/cnv_files/Sta0205_bin.cnv
* Sea-Bird SBE 9 Data File:
* FileName = C:\Seabird\CTDDATA\Sta0205.hex
* Software Version Seasave V 7.26.7.107
* Temperature SN = 03-4535
* Conductivity SN = 2860
* Number of Bytes Per Scan = 44
* Number of Voltage Words = 5
* Number of Scans Averaged by the Deck Unit = 1
* NMEA Latitude = 78 50.00 N
* NMEA Longitude = 006 29.99 W
* NMEA UTC (Time) = Sep 05 2019 01:08:09
* NMEA baud rate = 9600
** Ship: "Kronprins Haakon"
** Station: 0205
** Echodepth: 278
** Log: 5888.606
** Wind-Dir Force(m/s): 34 05
** Air-temp (dry): -1.2
** Weather Sky: 2 5
** Sea Ice: 1 4
# nquan = 17
# nvalues = 269                         
# units = specified
# name 0 = prDM: Pressure, Digiquartz [db]
# name 1 = t090C: Temperature [ITS-90, deg C]
# name 2 = t190C: Temperature, 2 [ITS-90, deg C]
# name 3 = c0S/m: Conductivity [S/m]
# name 4 = c1S/m: Conductivity, 2 [S/m]
# name 5 = sbox0Mm/Kg: Oxygen, SBE 43 [umol/kg]
# name 6 = sbox1Mm/Kg: Oxygen, SBE 43, 2 [umol/kg]
# name 7 = wetCDOM: Fluorescence, WET Labs CDOM [mg/m^3]
# name 8 = flECO-AFL: Fluorescence, WET Labs ECO-AFL/FL [mg/m^3]
# name 9 = CStarAt0: Beam Attenuation, WET Labs C-Star [1/m]
# name 10 = timeS: Time, Elapsed [seconds]
# name 11 = latitude: Latitude [deg]
# name 12 = longitude: Longitude [deg]
# name 13 = upoly0: Upoly 0, ISUS
# name 14 = sal00: Salinity, Practical [PSU]
# name 15 = sal11: Salinity, Practical, 2 [PSU]
# name 16 = flag: flag
# span 0 =      1.000,    269.000       
# span 1 =    -1.6997,     1.4769       
# span 2 =    -1.6991,     1.4766       
# span 3 =   2.428261,   3.031128       
# span 4 =   2.428192,   3.031024       
# span 5 =    308.719,    437.151       
# span 6 =    305.777,    423.369       
# span 7 =     0.1129,     0.1779       
# span 8 =     0.0021,     1.1007       
# span 9 =     0.1455,     0.3225       
# span 10 =    106.959,    429.715      
# span 11 =   78.83340,   78.83340      
# span 12 =   -6.50000,   -6.49996      
# span 13 =  11.192752,  23.486816      
# span 14 =    30.0261,    34.8336      
# span 15 =    30.0252,    34.8326      
# span 16 = 0.0000e+00, 0.0000e+00      
# interval = decibars: 1                
# start_time = Sep 05 2019 01:08:09 [NMEA time, header]
# bad_flag = -9.990e-29
*END*
      1.000    -1.3111    -1.3110   2.428438   2.428280    400.569    397.577     0.1567     0.5198     0.2929    106.959   78.83340   -6.49998  11.556490    30.0275    30.0252 0.0000e+00
      2.000    -1.3109    -1.3099   2.428421   2.428615    402.711    397.970     0.1553     0.5188     0.2932    109.269   78.83340   -6.49998  11.635695    30.0265    30.0281 0.0000e+00
      3.000    -1.3110    -1.3103   2.428425   2.428557    403.629    397.476     0.1532     0.5033     0.2935    110.980   78.83340   -6.49998  11.430713    30.0261    30.0272 0.0000e+00
      4.000    -1.3172    -1.3165   2.428261   2.428192    404.435    397.961     0.1509     0.4914     0.2933    112.359   78.83340   -6.49998  11.192752    30.0295    30.0280 0.0000e+00
      5.000    -1.3158    -1.3164   2.428800   2.428663    404.801    398.124     0.1484     0.4911     0.2925    113.544   78.83340   -6.49998  11.541058    30.0349    30.0337 0.0000e+00
      6.000    -1.3147    -1.3148   2.428926   2.428857    405.420    398.804     0.1465     0.4909     0.2940    114.676   78.83340   -6.49998  11.678039    30.0349    30.0341 0.0000e+00
      7.000    -1.3104    -1.3104   2.429496   2.429436    405.617    399.633     0.1448     0.4921     0.2934    115.791   78.83340   -6.49998  11.891723    30.0377    30.0370 0.0000e+00
      8.000    -1.3085    -1.3085   2.429830   2.429752    405.958    400.142     0.1434     0.4933     0.2925    116.907   78.83340   -6.49998  11.738692    30.0398    30.0387 0.0000e+00
      9.000    -1.3035    -1.3033   2.430944   2.430898    406.518    400.036     0.1426     0.4902     0.2932    118.020   78.83340   -6.49998  11.444004    30.0493    30.0485 0.0000e+00
     10.000    -1.2982    -1.2980   2.433025   2.432932    406.311    399.971     0.1425     0.5139     0.2922    119.124   78.83340   -6.49998  11.742086    30.0716    30.0701 0.0000e+00
     11.000    -1.2981    -1.2977   2.434822   2.434742    406.698    400.216     0.1430     0.5242     0.2929    120.212   78.83340   -6.49998  11.919595    30.0952    30.0938 0.0000e+00
     12.000    -1.2986    -1.2978   2.435372   2.435355    406.793    400.477     0.1442     0.5398     0.2934    121.300   78.83340   -6.49998  11.740669    30.1027    30.1016 0.0000e+00
     13.000    -1.3001    -1.2996   2.435525   2.435496    407.219    400.674     0.1458     0.5510     0.2925    122.407   78.83340   -6.49998  11.451418    30.1057    30.1048 0.0000e+00
     14.000    -1.3013    -1.3006   2.435713   2.435579    407.609    401.756     0.1478     0.5909     0.2926    125.357   78.83340   -6.49998  11.413188    30.1089    30.1064 0.0000e+00
     15.000    -1.3113    -1.3092   2.435813   2.435758    406.200    401.772     0.1499     0.5688     0.2936    127.066   78.83340   -6.49998  12.210344    30.1198    30.1169 0.0000e+00
     16.000    -1.3158    -1.3143   2.438192   2.437482    406.362    401.825     0.1519     0.5491     0.2951    128.160   78.83340   -6.49998  11.858445    30.1560    30.1448 0.0000e+00
     17.000    -1.3252    -1.3243   2.441118   2.440935    406.768    401.534     0.1537     0.5576     0.2959    129.195   78.83340   -6.49998  11.679204    30.2047    30.2013 0.0000e+00
     18.000    -1.3140    -1.3140   2.445099   2.445050    407.650    401.163     0.1551     0.5772     0.2957    130.244   78.83340   -6.49998  12.064816    30.2467    30.2461 0.0000e+00
     19.000    -1.3127    -1.3123   2.446110   2.446015    408.433    401.513     0.1561     0.5989     0.2969    131.282   78.83340   -6.49998  11.697064    30.2585    30.2569 0.0000e+00
     20.000    -1.3148    -1.3135   2.445942   2.445585    409.771    402.479     0.1566     0.6174     0.2957    132.313   78.83340   -6.49998  11.865157    30.2578    30.2517 0.0000e+00
     21.000    -1.3179    -1.3159   2.449105   2.449045    410.093    402.895     0.1567     0.6115     0.2976    133.340   78.83340   -6.49998  11.434242    30.3034    30.3005 0.0000e+00
     22.000    -1.3746    -1.3727   2.450603   2.450559    411.476    403.755     0.1567     0.6373     0.3001    134.371   78.83340   -6.49998  11.348402    30.3808    30.3782 0.0000e+00
     23.000    -1.3914    -1.3909   2.452212   2.452216    410.483    403.314     0.1564     0.6551     0.3016    135.403   78.83340   -6.49998  11.376737    30.4192    30.4188 0.0000e+00
     24.000    -1.3942    -1.3943   2.455351   2.455302    409.249    402.866     0.1561     0.6664     0.2977    136.437   78.83340   -6.49998  11.708566    30.4642    30.4637 0.0000e+00
     25.000    -1.3837    -1.3834   2.458851   2.458889    412.093    403.727     0.1558     0.7013     0.2992    137.479   78.83340   -6.49998  11.902518    30.5005    30.5008 0.0000e+00
     26.000    -1.3045    -1.3054   2.473049   2.473408    414.120    403.409     0.1555     0.7353     0.2980    138.533   78.83340   -6.49998  11.882270    30.6118    30.6176 0.0000e+00
     27.000    -1.0813    -1.0866   2.513242   2.513802    412.870    401.577     0.1553     0.7603     0.2994    139.591   78.83340   -6.49998  11.912748    30.9259    30.9389 0.0000e+00
     28.000    -0.8996    -0.9030   2.545596   2.545348    415.932    403.359     0.1553     0.8230     0.3004    140.640   78.83340   -6.49998  11.793097    31.1741    31.1743 0.0000e+00
     29.000    -0.7846    -0.7875   2.570861   2.570974    419.271    406.658     0.1554     0.8992     0.3027    141.673   78.83340   -6.49998  11.397898    31.3934    31.3980 0.0000e+00
     30.000    -0.7152    -0.7151   2.588606   2.588615    416.286    409.773     0.1557     0.9950     0.3225    142.703   78.83340   -6.49998  11.355436    31.5586    31.5585 0.0000e+00
     31.000    -0.7790    -0.7778   2.592056   2.592058    415.093    415.434     0.1561     1.1007     0.3091    143.735   78.83340   -6.49998  11.264475    31.6712    31.6698 0.0000e+00
     32.000    -0.8500    -0.8473   2.590677   2.590669    412.919    418.079     0.1567     0.9269     0.3079    144.765   78.83340   -6.49998  11.594367    31.7267    31.7237 0.0000e+00
     33.000    -0.9577    -0.9551   2.585882   2.585765    411.815    419.980     0.1572     0.7412     0.3104    145.796   78.83340   -6.49998  11.757411    31.7751    31.7707 0.0000e+00
     34.000    -1.0748    -1.0720   2.580942   2.580912    417.840    422.013     0.1578     0.7114     0.3091    146.836   78.83340   -6.49998  11.709720    31.8317    31.8283 0.0000e+00
     35.000    -1.1403    -1.1388   2.578194   2.578139    425.588    422.165     0.1584     0.8354     0.3125    147.886   78.83340   -6.49998  11.588708    31.8634    31.8611 0.0000e+00
     36.000    -1.2441    -1.2413   2.572573   2.572494    432.775    423.369     0.1590     0.8726     0.3065    148.942   78.83340   -6.49998  11.738819    31.8969    31.8929 0.0000e+00
     37.000    -1.3180    -1.3149   2.569188   2.569173    436.588    422.674     0.1596     0.7760     0.2980    150.002   78.83340   -6.49998  12.023427    31.9291    31.9255 0.0000e+00
     38.000    -1.4478    -1.4463   2.561550   2.561495    437.151    421.089     0.1601     0.6405     0.2965    151.065   78.83340   -6.49998  11.947184    31.9630    31.9606 0.0000e+00
     39.000    -1.4803    -1.4794   2.560183   2.560149    433.491    416.967     0.1607     0.4912     0.2943    152.116   78.83340   -6.49998  11.967867    31.9785    31.9771 0.0000e+00
     40.000    -1.5063    -1.5056   2.559130   2.559107    429.853    413.319     0.1613     0.4009     0.2907    153.164   78.83340   -6.49998  12.054021    31.9914    31.9904 0.0000e+00
     41.000    -1.5185    -1.5180   2.558993   2.558960    426.253    408.430     0.1618     0.3874     0.2819    154.197   78.83340   -6.49998  13.102620    32.0021    32.0011 0.0000e+00
     42.000    -1.5310    -1.5305   2.558673   2.558635    421.322    403.976     0.1624     0.3801     0.2742    155.224   78.83340   -6.49998  13.356246    32.0104    32.0095 0.0000e+00
     43.000    -1.5489    -1.5482   2.558087   2.558058    416.536    401.588     0.1629     0.3670     0.2569    156.254   78.83340   -6.49998  13.095882    32.0211    32.0199 0.0000e+00
     44.000    -1.5680    -1.5674   2.557453   2.557424    412.820    400.365     0.1635     0.3606     0.2428    157.288   78.83340   -6.49998  13.509574    32.0323    32.0312 0.0000e+00
     45.000    -1.5850    -1.5842   2.556803   2.556772    410.028    399.231     0.1641     0.3538     0.2366    158.332   78.83340   -6.49998  13.758948    32.0411    32.0398 0.0000e+00
     46.000    -1.5964    -1.5962   2.556909   2.556883    408.267    398.652     0.1647     0.3442     0.2285    159.379   78.83340   -6.49998  13.863227    32.0542    32.0537 0.0000e+00
     47.000    -1.6077    -1.6065   2.556887   2.556896    407.755    398.032     0.1652     0.3264     0.2233    160.435   78.83340   -6.49998  14.095191    32.0655    32.0644 0.0000e+00
     48.000    -1.6274    -1.6266   2.556368   2.556355    406.837    396.888     0.1658     0.2993     0.2151    161.498   78.83340   -6.49998  14.147500    32.0790    32.0779 0.0000e+00
     49.000    -1.6454    -1.6450   2.555959   2.555938    405.096    395.277     0.1664     0.3136     0.2113    162.554   78.83340   -6.49998  14.043499    32.0922    32.0915 0.0000e+00
     50.000    -1.6488    -1.6485   2.556269   2.556252    402.868    393.945     0.1670     0.2942     0.2080    163.609   78.83340   -6.49998  15.215061    32.0996    32.0991 0.0000e+00
     51.000    -1.6516    -1.6514   2.556648   2.556630    401.972    393.208     0.1676     0.2747     0.2040    164.655   78.83340   -6.49998  15.165272    32.1073    32.1068 0.0000e+00
     52.000    -1.6533    -1.6531   2.556929   2.556904    402.094    392.372     0.1682     0.2730     0.1996    165.695   78.83340   -6.49998  15.165362    32.1124    32.1118 0.0000e+00
     53.000    -1.6557    -1.6553   2.557463   2.557441    401.865    391.564     0.1688     0.2670     0.1957    166.726   78.83340   -6.49998  15.144909    32.1217    32.1210 0.0000e+00
     54.000    -1.6573    -1.6571   2.558095   2.558089    401.039    391.003     0.1694     0.2715     0.1932    167.752   78.83340   -6.49998  14.506588    32.1316    32.1313 0.0000e+00
     55.000    -1.6567    -1.6564   2.558842   2.558818    400.526    390.981     0.1699     0.2498     0.1919    168.777   78.83340   -6.49998  14.665756    32.1405    32.1399 0.0000e+00
     56.000    -1.6607    -1.6603   2.559337   2.559329    400.015    391.054     0.1705     0.2272     0.1910    169.803   78.83340   -6.49998  14.860371    32.1511    32.1506 0.0000e+00
     57.000    -1.6557    -1.6558   2.560621   2.560605    399.563    390.768     0.1710     0.2063     0.1895    170.835   78.83340   -6.49998  14.797858    32.1628    32.1627 0.0000e+00
     58.000    -1.6526    -1.6523   2.561297   2.561285    399.041    390.523     0.1715     0.1651     0.1883    171.872   78.83340   -6.49998  14.721240    32.1682    32.1677 0.0000e+00
     59.000    -1.6603    -1.6597   2.561270   2.561264    398.732    390.303     0.1720     0.1463     0.1866    172.920   78.83340   -6.49998  14.723558    32.1756    32.1748 0.0000e+00
     60.000    -1.6652    -1.6650   2.561645   2.561610    398.314    389.797     0.1725     0.1560     0.1853    173.976   78.83340   -6.49998  14.199895    32.1855    32.1848 0.0000e+00
     61.000    -1.6608    -1.6607   2.563223   2.563214    397.309    388.948     0.1730     0.1570     0.1831    175.036   78.83340   -6.49998  15.115001    32.2019    32.2016 0.0000e+00
     62.000    -1.6603    -1.6597   2.563934   2.563917    397.057    388.877     0.1734     0.1361     0.1810    176.096   78.83340   -6.49998  15.171748    32.2105    32.2096 0.0000e+00
     63.000    -1.6698    -1.6697   2.564642   2.564623    397.571    388.905     0.1738     0.1178     0.1809    177.149   78.83340   -6.49998  14.827477    32.2300    32.2296 0.0000e+00
     64.000    -1.6659    -1.6652   2.565484   2.565494    396.584    388.184     0.1742     0.1144     0.1794    178.190   78.83340   -6.49998  14.755451    32.2368    32.2361 0.0000e+00
     65.000    -1.6678    -1.6678   2.565728   2.565709    396.599    387.895     0.1746     0.1078     0.1790    179.218   78.83340   -6.49998  14.888990    32.2416    32.2413 0.0000e+00
     66.000    -1.6722    -1.6716   2.566419   2.566401    396.441    387.342     0.1749     0.0980     0.1794    180.238   78.83340   -6.49998  14.769330    32.2553    32.2545 0.0000e+00
     67.000    -1.6804    -1.6797   2.566595   2.566592    395.503    386.794     0.1752     0.0903     0.1777    181.252   78.83340   -6.49998  14.722189    32.2660    32.2653 0.0000e+00
     68.000    -1.6895    -1.6888   2.566510   2.566497    394.908    386.553     0.1755     0.0899     0.1750    182.275   78.83340   -6.49998  14.897982    32.2742    32.2732 0.0000e+00
     69.000    -1.6997    -1.6991   2.566517   2.566506    394.035    385.974     0.1758     0.0902     0.1733    183.308   78.83340   -6.49998  15.088349    32.2847    32.2839 0.0000e+00
     70.000    -1.6884    -1.6886   2.568588   2.568547    393.998    385.788     0.1760     0.0891     0.1724    184.352   78.83340   -6.49998  15.130632    32.3004    32.3001 0.0000e+00
     71.000    -1.6923    -1.6917   2.570018   2.569958    394.547    386.104     0.1763     0.0832     0.1719    185.406   78.83340   -6.49998  14.959520    32.3239    32.3224 0.0000e+00
     72.000    -1.6832    -1.6839   2.573429   2.573380    395.379    386.428     0.1765     0.0829     0.1712    186.458   78.83340   -6.49998  15.342306    32.3605    32.3606 0.0000e+00
     73.000    -1.6601    -1.6600   2.576483   2.576458    395.222    386.331     0.1767     0.0819     0.1711    187.516   78.83340   -6.49998  14.722553    32.3769    32.3764 0.0000e+00
     74.000    -1.6567    -1.6566   2.577909   2.577854    395.335    386.224     0.1769     0.0702     0.1706    188.565   78.83340   -6.49998  14.714622    32.3923    32.3915 0.0000e+00
     75.000    -1.6523    -1.6522   2.579991   2.579954    393.880    385.489     0.1770     0.0808     0.1713    189.606   78.83340   -6.49998  14.919595    32.4156    32.4150 0.0000e+00
     76.000    -1.6504    -1.6497   2.581400   2.581388    391.501    384.276     0.1772     0.0765     0.1705    190.639   78.83340   -6.49998  15.022516    32.4325    32.4315 0.0000e+00
     77.000    -1.6805    -1.6799   2.579996   2.579929    389.897    383.549     0.1773     0.0756     0.1713    191.665   78.83340   -6.49998  15.013596    32.4453    32.4438 0.0000e+00
     78.000    -1.6885    -1.6884   2.581203   2.581178    388.899    382.293     0.1775     0.0754     0.1827    192.699   78.83340   -6.49998  15.148304    32.4701    32.4697 0.0000e+00
     79.000    -1.6842    -1.6839   2.583142   2.583128    387.385    381.161     0.1776     0.0702     0.1711    193.728   78.83340   -6.49998  15.463587    32.4917    32.4911 0.0000e+00
     80.000    -1.6831    -1.6829   2.583948   2.583918    388.110    381.125     0.1777     0.0774     0.1713    194.765   78.83340   -6.49998  15.652953    32.5009    32.5003 0.0000e+00
     81.000    -1.6805    -1.6804   2.584948   2.584920    388.673    380.875     0.1778     0.0785     0.1704    195.802   78.83340   -6.49998  14.555160    32.5113    32.5108 0.0000e+00
     82.000    -1.6718    -1.6720   2.587316   2.587270    388.590    380.242     0.1778     0.0753     0.1729    196.832   78.83340   -6.49998  15.379988    32.5339    32.5335 0.0000e+00
     83.000    -1.6626    -1.6624   2.590343   2.590327    388.127    379.843     0.1779     0.0715     0.1698    197.865   78.83340   -6.49998  15.180895    32.5650    32.5646 0.0000e+00
     84.000    -1.6590    -1.6587   2.593962   2.593986    387.652    379.441     0.1779     0.0649     0.1694    198.894   78.83340   -6.49998  15.659609    32.6105    32.6105 0.0000e+00
     85.000    -1.6599    -1.6596   2.595451   2.595434    386.975    378.900     0.1779     0.0636     0.1706    199.923   78.83340   -6.49998  15.916999    32.6315    32.6309 0.0000e+00
