test_project/cnv_files/sta0241_bin.cnv
* Sea-Bird SBE 9 Data File:
* FileName = C:\Seabird\CTDDATA\Sta0241.hex
* Software Version Seasave V 7.26.7.107
* Temperature SN = 03-4535
* Conductivity SN = 2860
* Number of Bytes Per Scan = 44
* Number of Voltage Words = 5
* Number of Scans Averaged by the Deck Unit = 1
* NMEA Latitude = 78 49.94 N
* NMEA Longitude = 002 00.29 E
* NMEA UTC (Time) = Sep 14 2019 02:37:39
* NMEA baud rate = 9600
** Ship: "Kronprins Haakon"
** Station: 0241
** Echodepth: 2496
** Log: 6451.17
** Wind-Dir Force(m/s): 11 11
** Air-temp (dry): 5.5
** Weather Sky: 2 8
** Sea Ice: 3 0
# nquan = 16
# nvalues = 2528                        
# units = specified
# name 0 = prDM: Pressure, Digiquartz [db]
# name 1 = t090C: Temperature [ITS-90, deg C]
# name 2 = t190C: Temperature, 2 [ITS-90, deg C]
# name 3 = c0S/m: Conductivity [S/m]
# name 4 = c1S/m: Conductivity, 2 [S/m]
# name 5 = sbox0Mm/Kg: Oxygen, SBE 43 [umol/kg]
# name 6 = sbox1Mm/Kg: Oxygen, SBE 43, 2 [umol/kg]
# name 7 = wetCDOM: Fluorescence, WET Labs CDOM [mg/m^3]
# name 8 = flECO-AFL: Fluorescence, WET Labs ECO-AFL/FL [mg/m^3]
# name 9 = CStarAt0: Beam Attenuation, WET Labs C-Star [1/m]
# name 10 = timeS: Time, Elapsed [seconds]
# name 11 = latitude: Latitude [deg]
# name 12 = longitude: Longitude [deg]
# name 13 = sal00: Salinity, Practical [PSU]
# name 14 = sal11: Salinity, Practical, 2 [PSU]
# name 15 = flag: flag
# span 0 =      4.000,   2531.000       
# span 1 =    -0.7251,     5.5279       
# span 2 =    -0.7247,     5.5273       
# span 3 =   2.915976,   3.382788       
# span 4 =   2.916034,   3.382726       
# span 5 =    303.619,    327.593       
# span 6 =    299.641,    320.034       
# span 7 =     0.0947,     0.1292       
# span 8 =    -0.0061,     2.2206       
# span 9 =     0.1211,     0.4419       
# span 10 =    145.007,   2678.168      
# span 11 =   78.83242,   78.83248      
# span 12 =    2.00472,    2.00494      
# span 13 =    34.8490,    35.0436      
# span 14 =    34.8493,    35.0432      
# span 15 = 0.0000e+00, 0.0000e+00      
# interval = decibars: 1                
# start_time = Sep 14 2019 02:37:39 [NMEA time, header]
# bad_flag = -9.990e-29
*END*
[from data line 181]
    185.000     3.6598     3.6592   3.235632   3.235591    323.763    315.401     0.0973     0.0087     0.1436    359.349   78.83246    2.00474    35.0267    35.0268 0.0000e+00
    186.000     3.6482     3.6487   3.234609   3.234584    323.253    315.752     0.0978     0.0037     0.1435    360.347   78.83246    2.00474    35.0263    35.0255 0.0000e+00
    187.000     3.6136     3.6136   3.231377   3.231315    323.257    316.221     0.0984     0.0026     0.1438    361.347   78.83246    2.00474    35.0241    35.0234 0.0000e+00
    188.000     3.5993     3.5989   3.230073   3.230040    322.776    315.928     0.0990     0.0023     0.1429    362.333   78.83246    2.00474    35.0232    35.0233 0.0000e+00
    189.000     3.5966     3.5963   3.229914   3.229886    322.268    315.650     0.0995     0.0023     0.1432    363.302   78.83246    2.00474    35.0238    35.0238 0.0000e+00
    190.000     3.5856     3.5854   3.228976   3.228938    323.152    315.684     0.1000    -0.0007     0.1426    364.268   78.83246    2.00474    35.0237    35.0235 0.0000e+00
    191.000     3.5803     3.5800   3.228505   3.228469    323.737    315.602     0.1005    -0.0026     0.1424    365.231   78.83246    2.00474    35.0232    35.0231 0.0000e+00
    192.000     3.5712     3.5711   3.227700   3.227667    323.971    315.969     0.1010     0.0022     0.1422    366.196   78.83246    2.00474    35.0227    35.0224 0.0000e+00
    193.000     3.5554     3.5554   3.226252   3.226214    324.260    316.266     0.1014     0.0032     0.1421    367.176   78.83246    2.00474    35.0218    35.0214 0.0000e+00
    194.000     3.5429     3.5427   3.225114   3.225073    324.064    316.002     0.1017     0.0088     0.1416    368.170   78.83246    2.00474    35.0210    35.0207 0.0000e+00
    195.000     3.5309     3.5311   3.224008   3.223985    324.226    316.142     0.1020     0.0031     0.1420    369.173   78.83246    2.00474    35.0201    35.0196 0.0000e+00
    196.000     3.5100     3.5095   3.222077   3.222009    324.081    316.286     0.1023     0.0023     0.1415    370.179   78.83246    2.00474    35.0187    35.0184 0.0000e+00
    197.000     3.5028     3.5023   3.221408   3.221384    323.978    316.171     0.1025     0.0022     0.1419    371.177   78.83246    2.00474    35.0179    35.0181 0.0000e+00
    198.000     3.4967     3.4962   3.220875   3.220804    324.190    316.131     0.1028    -0.0026     0.1422    372.156   78.83246    2.00476    35.0174    35.0171 0.0000e+00
    199.000     3.4855     3.4854   3.219863   3.219836    324.930    316.072     0.1030    -0.0012     0.1422    373.116   78.83246    2.00476    35.0167    35.0165 0.0000e+00
    200.000     3.4840     3.4832   3.219770   3.219659    324.444    315.995     0.1032     0.0023     0.1425    374.073   78.83246    2.00476    35.0167    35.0162 0.0000e+00
    201.000     3.4823     3.4824   3.219714   3.219696    324.135    316.133     0.1035     0.0023     0.1422    375.039   78.83246    2.00476    35.0173    35.0169 0.0000e+00
    202.000     3.4659     3.4656   3.218227   3.218194    324.505    316.386     0.1037     0.0023     0.1431    376.016   78.83246    2.00476    35.0165    35.0164 0.0000e+00
    203.000     3.4575     3.4570   3.217475   3.217405    324.115    316.270     0.1039     0.0023     0.1428    376.999   78.83246    2.00475    35.0159    35.0155 0.0000e+00
    204.000     3.4416     3.4412   3.216025   3.215970    323.718    316.488     0.1042     0.0019     0.1437    377.987   78.83246    2.00474    35.0150    35.0147 0.0000e+00
    205.000     3.4342     3.4338   3.215371   3.215331    323.568    316.295     0.1044    -0.0043     0.1436    378.984   78.83246    2.00474    35.0144    35.0145 0.0000e+00
    206.000     3.4310     3.4308   3.215108   3.215084    323.838    316.425     0.1046    -0.0049     0.1433    379.983   78.83246    2.00474    35.0142    35.0141 0.0000e+00
    207.000     3.4246     3.4243   3.214556   3.214514    324.230    316.215     0.1048     0.0003     0.1432    380.971   78.83246    2.00475    35.0138    35.0137 0.0000e+00
    208.000     3.4202     3.4197   3.214191   3.214139    324.509    316.046     0.1050    -0.0024     0.1427    381.958   78.83246    2.00476    35.0137    35.0136 0.0000e+00
    209.000     3.4177     3.4175   3.214001   3.213980    324.743    316.190     0.1052    -0.0010     0.1437    382.945   78.83246    2.00476    35.0135    35.0135 0.0000e+00
    210.000     3.4028     3.4030   3.212650   3.212626    324.369    316.493     0.1054     0.0023     0.1443    383.926   78.83246    2.00476    35.0127    35.0122 0.0000e+00
    211.000     3.3880     3.3877   3.211317   3.211273    323.997    316.197     0.1055     0.0023     0.1437    384.899   78.83246    2.00476    35.0120    35.0117 0.0000e+00
    212.000     3.3766     3.3763   3.210310   3.210271    323.463    316.055     0.1057     0.0023     0.1435    385.867   78.83246    2.00476    35.0115    35.0114 0.0000e+00
    213.000     3.3687     3.3685   3.209624   3.209604    323.849    316.165     0.1058     0.0030     0.1433    386.834   78.83246    2.00476    35.0112    35.0112 0.0000e+00
    214.000     3.3612     3.3610   3.208990   3.208977    324.191    315.884     0.1059     0.0087     0.1434    387.807   78.83246    2.00476    35.0111    35.0111 0.0000e+00
    215.000     3.3545     3.3542   3.208429   3.208398    324.508    315.755     0.1060     0.0030     0.1447    388.793   78.83246    2.00476    35.0110    35.0109 0.0000e+00
    216.000     3.3411     3.3412   3.207242   3.207207    324.769    315.951     0.1062     0.0023     0.1448    389.789   78.83246    2.00476    35.0105    35.0099 0.0000e+00
    217.000     3.3167     3.3171   3.205013   3.205007    324.409    316.452     0.1063     0.0023     0.1447    390.784   78.83246    2.00476    35.0093    35.0088 0.0000e+00
    218.000     3.2906     3.2906   3.202638   3.202593    324.138    316.386     0.1065     0.0023     0.1444    391.776   78.83246    2.00476    35.0081    35.0076 0.0000e+00
    219.000     3.2752     3.2752   3.201260   3.201257    324.113    316.324     0.1066     0.0023     0.1452    392.762   78.83246    2.00476    35.0075    35.0075 0.0000e+00
    220.000     3.2673     3.2670   3.200567   3.200562    324.483    316.158     0.1068     0.0057     0.1453    393.737   78.83246    2.00476    35.0072    35.0074 0.0000e+00
    221.000     3.2621     3.2618   3.200148   3.200124    324.964    316.181     0.1070     0.0096     0.1455    394.708   78.83246    2.00477    35.0071    35.0072 0.0000e+00
    222.000     3.2535     3.2534   3.199412   3.199393    325.394    316.600     0.1072     0.0081     0.1458    395.674   78.83246    2.00478    35.0069    35.0068 0.0000e+00
    223.000     3.2356     3.2355   3.197827   3.197818    325.849    316.897     0.1074     0.0024     0.1458    396.635   78.83246    2.00477    35.0065    35.0065 0.0000e+00
    224.000     3.2302     3.2299   3.197378   3.197359    325.455    316.666     0.1077     0.0023     0.1464    397.600   78.83246    2.00476    35.0063    35.0064 0.0000e+00
    225.000     3.2281     3.2278   3.197248   3.197232    325.084    316.707     0.1079     0.0023     0.1457    398.573   78.83246    2.00476    35.0064    35.0066 0.0000e+00
    226.000     3.2169     3.2170   3.196252   3.196247    325.314    316.852     0.1082     0.0023     0.1461    399.553   78.83246    2.00476    35.0059    35.0058 0.0000e+00
    227.000     3.2066     3.2065   3.195346   3.195364    325.466    316.602     0.1084     0.0023     0.1464    400.549   78.83246    2.00477    35.0055    35.0058 0.0000e+00
    228.000     3.1959     3.1961   3.194397   3.194426    325.182    316.414     0.1087     0.0023     0.1466    401.559   78.83246    2.00478    35.0050    35.0051 0.0000e+00
    229.000     3.1818     3.1827   3.193127   3.193165    324.626    316.748     0.1089    -0.0017     0.1467    402.573   78.83246    2.00478    35.0042    35.0037 0.0000e+00
    230.000     3.1650     3.1648   3.191651   3.191631    324.837    317.103     0.1092    -0.0016     0.1466    403.569   78.83246    2.00478    35.0039    35.0039 0.0000e+00
    231.000     3.1565     3.1564   3.190908   3.190886    324.865    316.875     0.1095    -0.0003     0.1472    404.545   78.83246    2.00478    35.0035    35.0034 0.0000e+00
    232.000     3.1481     3.1478   3.190148   3.190128    324.801    316.840     0.1097    -0.0050     0.1480    405.511   78.83246    2.00478    35.0028    35.0029 0.0000e+00
    233.000     3.1300     3.1303   3.188511   3.188500    325.257    316.634     0.1100    -0.0050     0.1482    406.473   78.83246    2.00478    35.0019    35.0015 0.0000e+00
    234.000     3.1154     3.1155   3.187167   3.187175    325.129    316.445     0.1103    -0.0047     0.1480    407.433   78.83246    2.00478    35.0008    35.0008 0.0000e+00
    235.000     3.1084     3.1081   3.186520   3.186521    324.727    316.522     0.1105     0.0014     0.1477    408.389   78.83246    2.00478    35.0000    35.0003 0.0000e+00
    236.000     3.1024     3.1026   3.186006   3.186034    325.215    316.701     0.1108     0.0023     0.1484    409.364   78.83246    2.00478    34.9997    34.9997 0.0000e+00
    237.000     3.0998     3.0990   3.185800   3.185749    325.192    316.599     0.1111     0.0023     0.1489    410.346   78.83246    2.00478    34.9994    34.9996 0.0000e+00
    238.000     3.0966     3.0967   3.185547   3.185573    325.161    316.526     0.1114     0.0023     0.1490    411.335   78.83246    2.00478    34.9992    34.9994 0.0000e+00
    239.000     3.0975     3.0974   3.185693   3.185728    325.270    316.791     0.1116     0.0023     0.1496    412.327   78.83246    2.00478    34.9994    35.0000 0.0000e+00
    240.000     3.1003     3.1000   3.186081   3.186077    325.083    316.743     0.1118     0.0023     0.1502    413.316   78.83246    2.00478    35.0006    35.0008 0.0000e+00
    241.000     3.0978     3.0974   3.185965   3.185938    324.750    317.019     0.1120     0.0023     0.1503    414.300   78.83246    2.00480    35.0013    35.0014 0.0000e+00
    242.000     3.0946     3.0941   3.185753   3.185700    324.638    317.116     0.1121     0.0023     0.1498    415.274   78.83246    2.00480    35.0016    35.0015 0.0000e+00
    243.000     3.0871     3.0868   3.185093   3.185066    324.524    316.602     0.1121     0.0023     0.1497    416.246   78.83246    2.00480    35.0011    35.0012 0.0000e+00
    244.000     3.0828     3.0823   3.184768   3.184751    324.068    316.366     0.1121     0.0023     0.1497    417.216   78.83246    2.00480    35.0013    35.0017 0.0000e+00
    245.000     3.0886     3.0872   3.185382   3.185286    323.851    316.573     0.1119     0.0023     0.1497    418.190   78.83246    2.00480    35.0020    35.0023 0.0000e+00
    246.000     3.0972     3.0984   3.186299   3.186491    323.837    316.939     0.1117     0.0023     0.1497    419.165   78.83246    2.00480    35.0033    35.0043 0.0000e+00
    247.000     3.1010     3.1006   3.186755   3.186743    324.430    317.199     0.1115     0.0023     0.1497    420.145   78.83246    2.00480    35.0041    35.0044 0.0000e+00
    248.000     3.1007     3.1005   3.186790   3.186804    325.145    317.216     0.1111     0.0023     0.1497    421.123   78.83246    2.00480    35.0044    35.0047 0.0000e+00
    249.000     3.0923     3.0933   3.186040   3.186078    324.731    317.469     0.1107     0.0026     0.1495    422.105   78.83246    2.00480    35.0038    35.0032 0.0000e+00
    250.000     3.0726     3.0726   3.184196   3.184214    324.343    317.795     0.1103     0.0023     0.1484    423.091   78.83246    2.00480    35.0021    35.0023 0.0000e+00
    251.000     3.0642     3.0642   3.183468   3.183407    323.548    317.353     0.1098     0.0023     0.1486    424.079   78.83246    2.00480    35.0017    35.0010 0.0000e+00
    252.000     3.0382     3.0386   3.181033   3.181044    324.081    317.595     0.1094     0.0023     0.1484    425.062   78.83246    2.00480    34.9997    34.9993 0.0000e+00
    253.000     3.0233     3.0235   3.179636   3.179624    324.655    317.418     0.1089     0.0026     0.1485    426.030   78.83246    2.00480    34.9982    34.9978 0.0000e+00
    254.000     3.0103     3.0102   3.178434   3.178455    324.720    317.153     0.1085     0.0023     0.1483    426.989   78.83246    2.00480    34.9971    34.9975 0.0000e+00
    255.000     3.0080     3.0085   3.178272   3.178361    324.780    317.171     0.1081     0.0023     0.1486    427.955   78.83246    2.00480    34.9970    34.9976 0.0000e+00
    256.000     3.0071     3.0068   3.178243   3.178219    325.419    317.186     0.1077     0.0023     0.1487    428.931   78.83246    2.00480    34.9971    34.9971 0.0000e+00
    257.000     3.0114     3.0115   3.178724   3.178817    325.390    317.176     0.1074     0.0023     0.1497    429.914   78.83246    2.00480    34.9978    34.9987 0.0000e+00
    258.000     3.0179     3.0188   3.179467   3.179529    325.377    316.998     0.1072     0.0023     0.1495    430.899   78.83246    2.00480    34.9993    34.9990 0.0000e+00
    259.000     3.0025     3.0016   3.178039   3.177938    325.620    317.460     0.1070     0.0023     0.1493    431.879   78.83246    2.00480    34.9979    34.9977 0.0000e+00
    260.000     2.9973     2.9970   3.177596   3.177572    325.278    317.611     0.1068     0.0048     0.1496    432.866   78.83246    2.00480    34.9976    34.9976 0.0000e+00
    261.000     2.9939     2.9940   3.177350   3.177371    324.708    317.519     0.1066     0.0096     0.1500    433.858   78.83246    2.00480    34.9977    34.9979 0.0000e+00
    262.000     2.9801     2.9824   3.176075   3.176261    324.969    317.820     0.1065     0.0089     0.1501    434.838   78.83246    2.00480    34.9966    34.9963 0.0000e+00
    263.000     2.9742     2.9736   3.175589   3.175567    325.153    317.607     0.1064     0.0027     0.1498    435.808   78.83246    2.00480    34.9964    34.9968 0.0000e+00
    264.000     2.9781     2.9778   3.176046   3.176064    325.203    317.091     0.1063     0.0025     0.1495    436.780   78.83246    2.00480    34.9973    34.9978 0.0000e+00
    265.000     2.9854     2.9852   3.176847   3.176842    325.420    317.103     0.1063     0.0083     0.1494    437.748   78.83246    2.00481    34.9985    34.9987 0.0000e+00
    266.000     2.9794     2.9789   3.176335   3.176299    325.774    317.561     0.1062     0.0042     0.1498    438.724   78.83246    2.00482    34.9983    34.9983 0.0000e+00
    267.000     2.9715     2.9710   3.175628   3.175580    325.620    317.766     0.1061     0.0023     0.1497    439.705   78.83246    2.00482    34.9976    34.9976 0.0000e+00
    268.000     2.9662     2.9655   3.175168   3.175107    324.963    317.817     0.1060     0.0023     0.1487    440.695   78.83246    2.00482    34.9972    34.9972 0.0000e+00
    269.000     2.9520     2.9526   3.173856   3.173882    325.136    317.879     0.1060     0.0026     0.1486    441.690   78.83246    2.00482    34.9960    34.9957 0.0000e+00
    270.000     2.9393     2.9403   3.172669   3.172759    325.428    317.946     0.1059     0.0023     0.1488    442.681   78.83246    2.00482    34.9948    34.9948 0.0000e+00
    271.000     2.9276     2.9280   3.171596   3.171612    325.199    317.932     0.1058     0.0023     0.1484    443.658   78.83246    2.00482    34.9937    34.9935 0.0000e+00
    272.000     2.9192     2.9185   3.170834   3.170773    324.868    318.044     0.1058     0.0033     0.1483    444.629   78.83246    2.00482    34.9931    34.9931 0.0000e+00
    273.000     2.9377     2.9345   3.172756   3.172524    325.009    317.949     0.1058     0.0090     0.1492    445.590   78.83246    2.00482    34.9959    34.9965 0.0000e+00
    274.000     2.9424     2.9419   3.173309   3.173300    325.550    317.702     0.1058     0.0034     0.1491    446.552   78.83246    2.00482    34.9970    34.9974 0.0000e+00
