test_project/cnv_files/sta0249_bin.cnv
* Sea-Bird SBE 9 Data File:
* FileName = C:\Seabird\CTDDATA\Sta0249.hex
* Software Version Seasave V 7.26.7.107
* Temperature SN = 03-4535
* Conductivity SN = 2860
* Number of Bytes Per Scan = 44
* Number of Voltage Words = 5
* Number of Scans Averaged by the Deck Unit = 1
* NMEA Latitude = 78 50.00 N
* NMEA Longitude = 007 59.96 E
* NMEA UTC (Time) = Sep 14 2019 22:59:25
* NMEA baud rate = 9600
** Ship: "Kronprins Haakon"
** Station: 0249
** Echodepth: 1008
** Log: 6521.449
** Wind-Dir Force(m/s): 05 12
** Air-temp (dry): 7.5
** Weather Sky: 0 5
** Sea Ice: 4 0
# nquan = 16
# nvalues = 1011                        
# units = specified
# name 0 = prDM: Pressure, Digiquartz [db]
# name 1 = t090C: Temperature [ITS-90, deg C]
# name 2 = t190C: Temperature, 2 [ITS-90, deg C]
# name 3 = c0S/m: Conductivity [S/m]
# name 4 = c1S/m: Conductivity, 2 [S/m]
# name 5 = sbox0Mm/Kg: Oxygen, SBE 43 [umol/kg]
# name 6 = sbox1Mm/Kg: Oxygen, SBE 43, 2 [umol/kg]
# name 7 = wetCDOM: Fluorescence, WET Labs CDOM [mg/m^3]
# name 8 = flECO-AFL: Fluorescence, WET Labs ECO-AFL/FL [mg/m^3]
# name 9 = CStarAt0: Beam Attenuation, WET Labs C-Star [1/m]
# name 10 = timeS: Time, Elapsed [seconds]
# name 11 = latitude: Latitude [deg]
# name 12 = longitude: Longitude [deg]
# name 13 = sal00: Salinity, Practical [PSU]
# name 14 = sal11: Salinity, Practical, 2 [PSU]
# name 15 = flag: flag
# span 0 =      1.000,   1011.000       
# span 1 =    -0.5509,     6.7115       
# span 2 =    -0.5500,     6.7106       
# span 3 =   2.895402,   3.491252       
# span 4 =   2.895478,   3.491158       
# span 5 =    299.691,    328.760       
# span 6 =    290.928,    320.538       
# span 7 =     0.1035,     0.1279       
# span 8 =    -0.0099,     2.3624       
# span 9 =     0.1354,     0.5093       
# span 10 =    147.324,   1144.768      
# span 11 =   78.83336,   78.83340      
# span 12 =    7.99948,    7.99956      
# span 13 =    34.8595,    35.0505      
# span 14 =    34.8594,    35.0505      
# span 15 = 0.0000e+00, 0.0000e+00      
# interval = decibars: 1                
# start_time = Sep 14 2019 22:59:25 [NMEA time, header]
# bad_flag = -9.990e-29
*END*
[from data line 272]
    273.000     4.6112     4.6100   3.326774   3.326688    313.271    305.962     0.1043     0.0014     0.1465    418.127   78.83338    7.99952    35.0455    35.0458 0.0000e+00
    274.000     4.6135     4.6124   3.327014   3.326942    312.519    305.685     0.1043     0.0070     0.1465    419.101   78.83338    7.99952    35.0453    35.0457 0.0000e+00
    275.000     4.6152     4.6145   3.327212   3.327179    312.995    305.821     0.1044     0.0024     0.1465    420.078   78.83338    7.99950    35.0453    35.0457 0.0000e+00
    276.000     4.6160     4.6159   3.327374   3.327362    313.850    306.129     0.1044     0.0023     0.1463    421.055   78.83336    7.99952    35.0458    35.0458 0.0000e+00
    277.000     4.6164     4.6153   3.327468   3.327412    314.365    306.436     0.1044     0.0023     0.1461    422.044   78.83336    7.99952    35.0460    35.0465 0.0000e+00
    278.000     4.6191     4.6184   3.327783   3.327736    314.350    306.282     0.1045     0.0018     0.1457    423.033   78.83336    7.99952    35.0463    35.0465 0.0000e+00
    279.000     4.6190     4.6189   3.327837   3.327838    313.586    305.977     0.1045    -0.0099     0.1454    424.017   78.83336    7.99952    35.0465    35.0467 0.0000e+00
    280.000     4.6186     4.6180   3.327851   3.327792    313.123    305.896     0.1046    -0.0012     0.1454    424.989   78.83336    7.99952    35.0465    35.0466 0.0000e+00
    281.000     4.6179     4.6165   3.327821   3.327712    312.990    306.175     0.1047     0.0023     0.1453    425.954   78.83336    7.99952    35.0464    35.0466 0.0000e+00
    282.000     4.6187     4.6174   3.327945   3.327851    313.079    306.226     0.1048     0.0023     0.1451    426.926   78.83336    7.99952    35.0465    35.0468 0.0000e+00
    283.000     4.6180     4.6173   3.327925   3.327880    313.049    306.232     0.1048     0.0023     0.1453    427.905   78.83336    7.99952    35.0465    35.0467 0.0000e+00
    284.000     4.6161     4.6157   3.327800   3.327773    313.120    306.271     0.1049     0.0023     0.1448    428.884   78.83336    7.99952    35.0465    35.0465 0.0000e+00
    285.000     4.6008     4.6009   3.326430   3.326393    313.349    306.328     0.1051     0.0006     0.1445    429.868   78.83336    7.99952    35.0460    35.0455 0.0000e+00
    286.000     4.5738     4.5731   3.323901   3.323758    312.737    306.301     0.1052    -0.0039     0.1445    430.852   78.83336    7.99952    35.0445    35.0435 0.0000e+00
    287.000     4.5614     4.5603   3.322748   3.322672    312.328    306.272     0.1053     0.0019     0.1445    431.840   78.83336    7.99952    35.0436    35.0438 0.0000e+00
    288.000     4.5558     4.5549   3.322255   3.322147    312.500    306.142     0.1055     0.0023     0.1447    432.826   78.83336    7.99952    35.0432    35.0429 0.0000e+00
    289.000     4.5500     4.5495   3.321724   3.321696    313.118    306.292     0.1056     0.0023     0.1451    433.802   78.83336    7.99952    35.0426    35.0428 0.0000e+00
    290.000     4.5469     4.5471   3.321481   3.321504    314.021    306.100     0.1058     0.0023     0.1454    434.776   78.83336    7.99952    35.0424    35.0425 0.0000e+00
    291.000     4.5417     4.5419   3.321033   3.321033    314.400    305.961     0.1060     0.0067     0.1455    435.754   78.83336    7.99952    35.0422    35.0419 0.0000e+00
    292.000     4.5263     4.5260   3.319650   3.319625    314.757    305.984     0.1061     0.0057     0.1454    436.732   78.83336    7.99952    35.0418    35.0418 0.0000e+00
    293.000     4.5281     4.5271   3.319853   3.319792    313.839    305.934     0.1063     0.0055     0.1455    437.713   78.83336    7.99952    35.0417    35.0420 0.0000e+00
    294.000     4.5253     4.5252   3.319629   3.319609    313.378    306.156     0.1065     0.0096     0.1456    438.687   78.83336    7.99952    35.0415    35.0413 0.0000e+00
    295.000     4.5013     4.5013   3.317474   3.317424    313.927    306.376     0.1066     0.0082     0.1456    439.660   78.83336    7.99952    35.0411    35.0405 0.0000e+00
    296.000     4.4871     4.4863   3.316233   3.316145    314.190    305.994     0.1067     0.0032     0.1454    440.626   78.83337    7.99952    35.0410    35.0409 0.0000e+00
    297.000     4.4824     4.4818   3.315854   3.315815    313.481    305.933     0.1069     0.0088     0.1459    441.607   78.83338    7.99952    35.0410    35.0412 0.0000e+00
    298.000     4.4784     4.4783   3.315548   3.315539    313.753    306.077     0.1070     0.0031     0.1460    442.596   78.83338    7.99952    35.0412    35.0411 0.0000e+00
    299.000     4.4727     4.4725   3.315073   3.315067    314.660    306.304     0.1071     0.0023     0.1463    443.590   78.83338    7.99952    35.0411    35.0412 0.0000e+00
    300.000     4.4648     4.4651   3.314391   3.314388    314.977    306.564     0.1071     0.0023     0.1461    444.580   78.83337    7.99952    35.0410    35.0405 0.0000e+00
    301.000     4.4577     4.4571   3.313799   3.313765    314.402    306.628     0.1072     0.0023     0.1465    445.561   78.83336    7.99952    35.0410    35.0412 0.0000e+00
    302.000     4.4582     4.4573   3.313925   3.313862    314.103    306.303     0.1072     0.0023     0.1462    446.540   78.83336    7.99952    35.0413    35.0416 0.0000e+00
    303.000     4.4593     4.4580   3.313878   3.313996    314.203    306.239     0.1072     0.0023     0.1464    447.510   78.83336    7.99952    35.0391    35.0419 0.0000e+00
    304.000     4.4591     4.4582   3.314161   3.314069    314.128    306.460     0.1072     0.0023     0.1465    448.477   78.83336    7.99952    35.0421    35.0420 0.0000e+00
    305.000     4.4558     4.4547   3.313899   3.313813    314.104    306.368     0.1071     0.0023     0.1464    449.454   78.83336    7.99952    35.0420    35.0421 0.0000e+00
    306.000     4.4538     4.4532   3.313797   3.313750    314.040    306.126     0.1070     0.0021     0.1459    450.431   78.83336    7.99952    35.0424    35.0425 0.0000e+00
    307.000     4.4521     4.4517   3.313710   3.313691    313.948    306.588     0.1069     0.0022     0.1459    451.412   78.83336    7.99952    35.0426    35.0428 0.0000e+00
    308.000     4.4500     4.4495   3.313584   3.313525    313.698    306.752     0.1068     0.0023     0.1455    452.395   78.83336    7.99952    35.0428    35.0427 0.0000e+00
    309.000     4.4379     4.4376   3.312480   3.312438    313.821    306.615     0.1066     0.0022     0.1476    453.381   78.83338    7.99952    35.0421    35.0419 0.0000e+00
    310.000     4.4228     4.4219   3.311073   3.310927    313.876    306.835     0.1065    -0.0029     0.1459    454.373   78.83338    7.99952    35.0411    35.0404 0.0000e+00
    311.000     4.4078     4.4073   3.309655   3.309607    313.992    306.943     0.1063    -0.0008     0.1455    455.359   78.83336    7.99952    35.0398    35.0398 0.0000e+00
    312.000     4.3875     4.3873   3.307725   3.307579    313.735    306.820     0.1062     0.0023     0.1449    456.342   78.83336    7.99952    35.0381    35.0366 0.0000e+00
    313.000     4.3577     4.3572   3.304900   3.304870    313.694    306.727     0.1061     0.0023     0.1448    457.315   78.83336    7.99952    35.0359    35.0360 0.0000e+00
    314.000     4.3608     4.3598   3.305276   3.305212    313.612    306.347     0.1059     0.0023     0.1450    458.282   78.83336    7.99952    35.0365    35.0368 0.0000e+00
    315.000     4.3575     4.3569   3.305021   3.304965    313.933    306.596     0.1058     0.0026     0.1454    459.252   78.83336    7.99952    35.0364    35.0364 0.0000e+00
    316.000     4.3470     4.3468   3.304099   3.304057    314.956    307.063     0.1057     0.0023     0.1460    460.224   78.83336    7.99952    35.0362    35.0360 0.0000e+00
    317.000     4.3269     4.3265   3.302209   3.302111    315.489    307.209     0.1056     0.0023     0.1465    461.207   78.83336    7.99952    35.0347    35.0340 0.0000e+00
    318.000     4.2928     4.2936   3.298879   3.298893    315.595    307.154     0.1055     0.0023     0.1466    462.191   78.83336    7.99952    35.0312    35.0304 0.0000e+00
    319.000     4.2783     4.2775   3.297477   3.297399    314.807    306.982     0.1055     0.0023     0.1468    463.179   78.83336    7.99952    35.0294    35.0294 0.0000e+00
    320.000     4.2584     4.2590   3.295538   3.295506    314.911    307.232     0.1054     0.0023     0.1474    464.164   78.83336    7.99952    35.0272    35.0262 0.0000e+00
    321.000     4.2524     4.2507   3.295159   3.295112    315.625    307.338     0.1053     0.0065     0.1476    465.146   78.83336    7.99952    35.0286    35.0298 0.0000e+00
    322.000     4.2642     4.2633   3.296507   3.296488    315.778    306.769     0.1052     0.0061     0.1485    466.125   78.83336    7.99952    35.0314    35.0321 0.0000e+00
    323.000     4.2708     4.2698   3.297284   3.297237    316.332    306.755     0.1051     0.0051     0.1492    467.108   78.83336    7.99952    35.0330    35.0336 0.0000e+00
    324.000     4.2683     4.2677   3.297196   3.297141    316.234    306.743     0.1051     0.0076     0.1499    468.085   78.83336    7.99952    35.0341    35.0340 0.0000e+00
    325.000     4.2525     4.2530   3.295813   3.295848    315.675    307.476     0.1050     0.0024     0.1505    469.063   78.83336    7.99952    35.0340    35.0339 0.0000e+00
    326.000     4.2382     4.2415   3.294497   3.294837    314.852    307.721     0.1049     0.0024     0.1506    470.037   78.83336    7.99952    35.0331    35.0337 0.0000e+00
    327.000     4.2294     4.2278   3.293687   3.293500    314.206    307.296     0.1049     0.0025     0.1509    471.002   78.83336    7.99952    35.0324    35.0319 0.0000e+00
    328.000     4.2127     4.2116   3.292166   3.292052    314.460    307.277     0.1048     0.0023     0.1509    471.971   78.83336    7.99952    35.0317    35.0315 0.0000e+00
    329.000     4.2077     4.2070   3.291782   3.291753    314.835    307.129     0.1048     0.0023     0.1508    472.948   78.83336    7.99952    35.0319    35.0322 0.0000e+00
    330.000     4.2024     4.2019   3.291364   3.291320    315.325    307.018     0.1048     0.0023     0.1510    473.931   78.83336    7.99952    35.0320    35.0320 0.0000e+00
    331.000     4.1950     4.1942   3.290694   3.290620    315.676    306.975     0.1048     0.0023     0.1518    474.917   78.83336    7.99952    35.0315    35.0315 0.0000e+00
    332.000     4.1908     4.1906   3.290314   3.290297    315.987    306.983     0.1048     0.0023     0.1517    475.905   78.83337    7.99952    35.0309    35.0309 0.0000e+00
    333.000     4.1724     4.1713   3.288589   3.288448    316.173    307.539     0.1048     0.0023     0.1517    476.889   78.83337    7.99952    35.0295    35.0290 0.0000e+00
    334.000     4.1670     4.1665   3.288103   3.288078    316.057    307.811     0.1048     0.0026     0.1518    477.868   78.83336    7.99952    35.0290    35.0292 0.0000e+00
    335.000     4.1631     4.1623   3.287758   3.287677    315.606    307.753     0.1049     0.0023     0.1519    478.843   78.83336    7.99951    35.0285    35.0284 0.0000e+00
    336.000     4.1513     4.1510   3.286689   3.286641    315.804    307.845     0.1049     0.0023     0.1526    479.816   78.83336    7.99950    35.0279    35.0276 0.0000e+00
    337.000     4.1369     4.1373   3.285322   3.285350    315.832    308.003     0.1050     0.0021     0.1520    480.795   78.83336    7.99950    35.0265    35.0264 0.0000e+00
    338.000     4.1303     4.1303   3.284721   3.284732    315.622    307.870     0.1050    -0.0037     0.1525    481.772   78.83336    7.99950    35.0258    35.0260 0.0000e+00
    339.000     4.1267     4.1263   3.284403   3.284396    314.966    307.802     0.1051     0.0005     0.1523    482.744   78.83336    7.99951    35.0254    35.0258 0.0000e+00
    340.000     4.1251     4.1244   3.284284   3.284264    315.486    307.963     0.1052     0.0023     0.1520    483.722   78.83336    7.99952    35.0252    35.0256 0.0000e+00
    341.000     4.1255     4.1249   3.284380   3.284361    315.932    308.052     0.1052     0.0023     0.1528    484.701   78.83336    7.99952    35.0253    35.0257 0.0000e+00
    342.000     4.1245     4.1235   3.284323   3.284257    316.167    308.167     0.1053     0.0023     0.1529    485.679   78.83336    7.99952    35.0252    35.0255 0.0000e+00
    343.000     4.1211     4.1201   3.284049   3.283985    315.858    308.146     0.1054     0.0023     0.1530    486.662   78.83336    7.99952    35.0250    35.0253 0.0000e+00
    344.000     4.1077     4.1059   3.282805   3.282592    315.600    307.774     0.1054     0.0023     0.1531    487.647   78.83336    7.99952    35.0241    35.0234 0.0000e+00
    345.000     4.0949     4.0942   3.281623   3.281576    315.445    307.557     0.1055     0.0023     0.1526    488.630   78.83336    7.99952    35.0231    35.0232 0.0000e+00
    346.000     4.0846     4.0844   3.280672   3.280644    315.126    307.774     0.1056     0.0023     0.1528    489.597   78.83336    7.99952    35.0223    35.0221 0.0000e+00
    347.000     4.0715     4.0717   3.279490   3.279517    314.765    307.933     0.1056     0.0023     0.1529    490.553   78.83336    7.99951    35.0217    35.0217 0.0000e+00
    348.000     4.0692     4.0687   3.279317   3.279287    315.031    308.018     0.1057     0.0023     0.1527    491.510   78.83336    7.99950    35.0215    35.0217 0.0000e+00
    349.000     4.0640     4.0633   3.278859   3.278809    315.582    308.220     0.1057     0.0023     0.1532    492.474   78.83336    7.99950    35.0211    35.0212 0.0000e+00
    350.000     4.0500     4.0494   3.277598   3.277529    316.057    307.778     0.1058     0.0023     0.1539    493.441   78.83336    7.99950    35.0205    35.0204 0.0000e+00
    351.000     4.0442     4.0438   3.277091   3.277056    316.007    307.285     0.1059     0.0023     0.1540    494.414   78.83336    7.99950    35.0201    35.0202 0.0000e+00
    352.000     4.0369     4.0362   3.276431   3.276362    315.591    307.537     0.1059     0.0023     0.1539    495.390   78.83336    7.99952    35.0196    35.0195 0.0000e+00
    353.000     4.0245     4.0247   3.275302   3.275292    315.382    308.001     0.1060     0.0023     0.1539    496.367   78.83338    7.99952    35.0188    35.0184 0.0000e+00
    354.000     4.0112     4.0100   3.274184   3.274118    315.100    308.133     0.1061     0.0023     0.1538    497.335   78.83338    7.99952    35.0192    35.0197 0.0000e+00
    355.000     4.0091     4.0090   3.274153   3.274139    315.411    307.811     0.1061     0.0023     0.1546    498.301   78.83336    7.99952    35.0205    35.0204 0.0000e+00
    356.000     3.9970     3.9969   3.273050   3.273045    315.879    308.165     0.1062     0.0023     0.1539    499.262   78.83336    7.99952    35.0197    35.0198 0.0000e+00
    357.000     3.9852     3.9847   3.271957   3.271867    316.014    308.322     0.1063     0.0023     0.1542    500.221   78.83336    7.99952    35.0188    35.0183 0.0000e+00
    358.000     3.9566     3.9565   3.269381   3.269338    315.811    308.186     0.1063     0.0023     0.1540    501.179   78.83336    7.99952    35.0182    35.0178 0.0000e+00
    359.000     3.9551     3.9543   3.269308   3.269263    315.481    307.825     0.1063     0.0023     0.1544    502.138   78.83336    7.99950    35.0184    35.0187 0.0000e+00
    360.000     3.9557     3.9549   3.269440   3.269402    315.755    307.941     0.1064     0.0023     0.1550    503.106   78.83336    7.99952    35.0188    35.0191 0.0000e+00
    361.000     3.9560     3.9552   3.269546   3.269513    316.307    307.868     0.1064     0.0023     0.1558    504.071   78.83338    7.99952    35.0192    35.0196 0.0000e+00
