test_project/cnv_files/sta0195_bin.cnv
* Sea-Bird SBE 9 Data File:
* FileName = C:\Seabird\CTDDATA\Sta0195.hex
* Software Version Seasave V 7.26.7.107
* Temperature SN = 03-4535
* Conductivity SN = 2860
* Number of Bytes Per Scan = 44
* Number of Voltage Words = 5
* Number of Scans Averaged by the Deck Unit = 1
* NMEA Latitude = 78 49.98 N
* NMEA Longitude = 001 00.14 W
* NMEA UTC (Time) = Sep 02 2019 13:35:34
* NMEA baud rate = 9600
** Ship: "Kronprins Haakon"
** Station: 195
** Echodepth: 2474
** Log: 5715.946
** Wind-Dir Force(m/s): 04 31
** Air-temp (dry): 0.0
** Weather Sky: 2 8
** Sea Ice: 4 0
# nquan = 16
# nvalues = 2549                        
# units = specified
# name 0 = prDM: Pressure, Digiquartz [db]
# name 1 = t090C: Temperature [ITS-90, deg C]
# name 2 = t190C: Temperature, 2 [ITS-90, deg C]
# name 3 = c0S/m: Conductivity [S/m]
# name 4 = c1S/m: Conductivity, 2 [S/m]
# name 5 = sbox0Mm/Kg: Oxygen, SBE 43 [umol/kg]
# name 6 = sbox1Mm/Kg: Oxygen, SBE 43, 2 [umol/kg]
# name 7 = wetCDOM: Fluorescence, WET Labs CDOM [mg/m^3]
# name 8 = flECO-AFL: Fluorescence, WET Labs ECO-AFL/FL [mg/m^3]
# name 9 = CStarAt0: Beam Attenuation, WET Labs C-Star [1/m]
# name 10 = timeS: Time, Elapsed [seconds]
# name 11 = latitude: Latitude [deg]
# name 12 = longitude: Longitude [deg]
# name 13 = sal00: Salinity, Practical [PSU]
# name 14 = sal11: Salinity, Practical, 2 [PSU]
# name 15 = flag: flag
# span 0 =      1.000,   2549.000       
# span 1 =    -1.7739,     3.2411       
# span 2 =    -1.7744,     3.2408       
# span 3 =   2.588759,   3.193207       
# span 4 =   2.588655,   3.193077       
# span 5 =    291.334,    461.823       
# span 6 =    303.536,    406.588       
# span 7 =     0.0996,     0.1749       
# span 8 =    -0.0063,     1.1393       
# span 9 =     0.1048,     1.2006       
# span 10 =    255.635,   2848.613      
# span 11 =   78.83296,   78.83304      
# span 12 =   -1.00274,   -1.00216      
# span 13 =    31.2384,    34.9700      
# span 14 =    31.2382,    34.9688      
# span 15 = 0.0000e+00, 0.0000e+00      
# interval = decibars: 1                
# start_time = Sep 02 2019 13:35:34 [NMEA time, header]
# bad_flag = -9.990e-29
*END*
[from data line 543]
    544.000     0.8749     0.8751   2.995896   2.995928    320.605    318.162     0.1148     0.0006     0.1097    842.274   78.83304   -1.00232    34.8927    34.8929 0.0000e+00
    545.000     0.8715     0.8712   2.995621   2.995616    320.268    318.118     0.1150     0.0012     0.1090    843.271   78.83304   -1.00232    34.8924    34.8927 0.0000e+00
    546.000     0.8645     0.8642   2.995024   2.995017    320.225    318.189     0.1151     0.0074     0.1096    844.280   78.83304   -1.00232    34.8920    34.8922 0.0000e+00
    547.000     0.8601     0.8583   2.994668   2.994527    320.112    318.174     0.1152     0.0002     0.1098    845.299   78.83304   -1.00232    34.8917    34.8918 0.0000e+00
    548.000     0.8553     0.8548   2.994278   2.994224    319.115    317.913     0.1153     0.0086     0.1094    846.307   78.83304   -1.00232    34.8914    34.8913 0.0000e+00
    549.000     0.8358     0.8362   2.992524   2.992560    319.341    318.080     0.1154     0.0091     0.1095    847.289   78.83304   -1.00232    34.8901    34.8900 0.0000e+00
    550.000     0.8278     0.8277   2.991830   2.991848    319.113    317.760     0.1156     0.0095     0.1088    848.270   78.83304   -1.00232    34.8894    34.8898 0.0000e+00
    551.000     0.8259     0.8255   2.991717   2.991708    319.073    317.579     0.1156     0.0095     0.1089    849.264   78.83304   -1.00232    34.8895    34.8898 0.0000e+00
    552.000     0.8293     0.8288   2.992198   2.992205    319.134    317.662     0.1157     0.0037     0.1093    850.262   78.83304   -1.00232    34.8913    34.8920 0.0000e+00
    553.000     0.8304     0.8299   2.992382   2.992379    319.375    317.781     0.1158     0.0012     0.1092    851.259   78.83304   -1.00232    34.8920    34.8924 0.0000e+00
    554.000     0.8306     0.8304   2.992499   2.992505    319.618    317.649     0.1158     0.0048     0.1091    852.245   78.83304   -1.00232    34.8926    34.8930 0.0000e+00
    555.000     0.8263     0.8260   2.992155   2.992142    319.264    317.843     0.1158     0.0095     0.1095    853.258   78.83304   -1.00234    34.8924    34.8925 0.0000e+00
    556.000     0.8153     0.8167   2.991193   2.991341    319.035    318.094     0.1158     0.0062     0.1108    854.293   78.83304   -1.00234    34.8917    34.8920 0.0000e+00
    557.000     0.8064     0.8074   2.990405   2.990530    319.088    318.199     0.1158     0.0008     0.1091    855.326   78.83304   -1.00234    34.8909    34.8914 0.0000e+00
    558.000     0.7970     0.7955   2.989580   2.989411    319.057    317.893     0.1158    -0.0014     0.1087    856.343   78.83304   -1.00234    34.8902    34.8897 0.0000e+00
    559.000     0.7802     0.7771   2.988081   2.987795    319.389    318.107     0.1158     0.0006     0.1098    857.323   78.83304   -1.00234    34.8890    34.8888 0.0000e+00
    560.000     0.7597     0.7614   2.986217   2.986348    319.007    317.937     0.1158     0.0001     0.1090    858.288   78.83304   -1.00234    34.8872    34.8870 0.0000e+00
    561.000     0.7341     0.7331   2.983906   2.983786    318.824    318.030     0.1157     0.0012     0.1090    859.259   78.83304   -1.00234    34.8855    34.8850 0.0000e+00
    562.000     0.7341     0.7338   2.983926   2.983945    318.763    317.424     0.1157     0.0011     0.1091    860.244   78.83304   -1.00234    34.8851    34.8857 0.0000e+00
    563.000     0.7443     0.7422   2.984947   2.984824    319.001    317.045     0.1157     0.0009     0.1090    861.246   78.83304   -1.00234    34.8864    34.8871 0.0000e+00
    564.000     0.7529     0.7518   2.985817   2.985760    319.567    316.697     0.1157     0.0006     0.1091    862.273   78.83304   -1.00236    34.8873    34.8879 0.0000e+00
    565.000     0.7513     0.7510   2.985737   2.985707    319.862    316.884     0.1157     0.0052     0.1085    863.318   78.83304   -1.00236    34.8876    34.8875 0.0000e+00
    566.000     0.7246     0.7270   2.983321   2.983497    319.099    317.276     0.1157     0.0094     0.1086    864.337   78.83304   -1.00236    34.8856    34.8852 0.0000e+00
    567.000     0.7092     0.7099   2.981923   2.982064    318.029    317.361     0.1157     0.0052     0.1084    865.322   78.83304   -1.00236    34.8842    34.8852 0.0000e+00
    568.000     0.7234     0.7230   2.983301   2.983320    317.054    316.953     0.1158     0.0000     0.1081    866.292   78.83304   -1.00236    34.8856    34.8862 0.0000e+00
    569.000     0.7136     0.7140   2.982489   2.982497    318.129    317.188     0.1158     0.0015     0.1081    867.265   78.83304   -1.00236    34.8854    34.8851 0.0000e+00
    570.000     0.6973     0.6987   2.981051   2.981177    319.040    317.134     0.1158     0.0081     0.1080    868.260   78.83304   -1.00236    34.8844    34.8845 0.0000e+00
    571.000     0.6849     0.6840   2.979936   2.979860    318.420    317.224     0.1158     0.0011     0.1082    869.262   78.83304   -1.00236    34.8833    34.8834 0.0000e+00
    572.000     0.6781     0.6766   2.979368   2.979251    317.873    317.120     0.1158     0.0003     0.1086    870.272   78.83304   -1.00236    34.8830    34.8832 0.0000e+00
    573.000     0.6640     0.6660   2.978120   2.978265    317.887    317.377     0.1158     0.0009     0.1078    871.292   78.83304   -1.00236    34.8821    34.8817 0.0000e+00
    574.000     0.6376     0.6397   2.975733   2.975921    318.547    317.157     0.1158     0.0083     0.1082    872.318   78.83304   -1.00238    34.8800    34.8802 0.0000e+00
    575.000     0.6295     0.6292   2.975017   2.975032    317.558    316.622     0.1158     0.0138     0.1080    873.331   78.83304   -1.00238    34.8793    34.8798 0.0000e+00
    576.000     0.6303     0.6301   2.975132   2.975154    317.124    316.227     0.1157     0.0109     0.1078    874.322   78.83304   -1.00238    34.8792    34.8798 0.0000e+00
    577.000     0.6304     0.6300   2.975188   2.975200    318.131    316.164     0.1157     0.0096     0.1073    875.293   78.83304   -1.00238    34.8793    34.8799 0.0000e+00
    578.000     0.6305     0.6301   2.975246   2.975252    318.577    316.063     0.1157     0.0051     0.1073    876.267   78.83304   -1.00238    34.8793    34.8799 0.0000e+00
    579.000     0.6300     0.6298   2.975245   2.975258    318.038    316.212     0.1157    -0.0001     0.1069    877.265   78.83304   -1.00238    34.8794    34.8798 0.0000e+00
    580.000     0.6307     0.6318   2.975364   2.975522    317.701    316.080     0.1157     0.0002     0.1069    878.272   78.83304   -1.00238    34.8795    34.8803 0.0000e+00
    581.000     0.6338     0.6331   2.975702   2.975673    317.274    315.974     0.1156     0.0007     0.1069    879.287   78.83304   -1.00238    34.8799    34.8803 0.0000e+00
    582.000     0.6346     0.6347   2.975828   2.975872    317.211    316.098     0.1156    -0.0004     0.1068    880.295   78.83304   -1.00238    34.8800    34.8805 0.0000e+00
    583.000     0.6380     0.6365   2.976186   2.976104    316.699    315.947     0.1156    -0.0005     0.1065    881.300   78.83304   -1.00238    34.8803    34.8809 0.0000e+00
    584.000     0.6472     0.6432   2.977124   2.976829    316.419    315.792     0.1156     0.0005     0.1064    882.299   78.83304   -1.00238    34.8816    34.8822 0.0000e+00
    585.000     0.6707     0.6717   2.979460   2.979678    316.931    315.994     0.1157     0.0086     0.1062    883.290   78.83304   -1.00238    34.8850    34.8867 0.0000e+00
    586.000     0.6947     0.6937   2.981828   2.981804    317.146    316.239     0.1157     0.0015     0.1064    884.275   78.83304   -1.00238    34.8882    34.8889 0.0000e+00
    587.000     0.6938     0.6952   2.981850   2.981950    317.621    316.638     0.1157     0.0070     0.1065    885.267   78.83304   -1.00238    34.8888    34.8885 0.0000e+00
    588.000     0.6617     0.6623   2.978985   2.979020    317.696    317.037     0.1158     0.0096     0.1067    886.282   78.83304   -1.00238    34.8871    34.8869 0.0000e+00
    589.000     0.6671     0.6652   2.979536   2.979450    316.391    317.121     0.1158     0.0038     0.1069    887.298   78.83304   -1.00238    34.8876    34.8886 0.0000e+00
    590.000     0.7006     0.6984   2.982785   2.982691    316.543    316.840     0.1159     0.0011     0.1074    888.302   78.83304   -1.00238    34.8917    34.8928 0.0000e+00
    591.000     0.6986     0.7022   2.982714   2.983055    318.295    317.334     0.1159    -0.0007     0.1071    889.291   78.83304   -1.00240    34.8924    34.8927 0.0000e+00
    592.000     0.6857     0.6868   2.981551   2.981631    319.068    317.786     0.1160     0.0017     0.1075    890.279   78.83304   -1.00240    34.8912    34.8910 0.0000e+00
    593.000     0.6721     0.6723   2.980352   2.980412    318.321    317.793     0.1160     0.0008     0.1080    891.275   78.83304   -1.00240    34.8903    34.8908 0.0000e+00
    594.000     0.6750     0.6758   2.980654   2.980772    317.629    318.008     0.1160     0.0024     0.1080    892.266   78.83304   -1.00240    34.8904    34.8910 0.0000e+00
    595.000     0.6784     0.6784   2.981018   2.981058    318.027    318.013     0.1160     0.0081     0.1081    893.255   78.83304   -1.00238    34.8907    34.8913 0.0000e+00
    596.000     0.6941     0.6927   2.982592   2.982584    318.501    317.826     0.1160     0.0015     0.1081    894.258   78.83304   -1.00238    34.8929    34.8944 0.0000e+00
    597.000     0.7218     0.7203   2.985356   2.985282    318.896    317.955     0.1160     0.0012     0.1080    895.279   78.83304   -1.00238    34.8971    34.8978 0.0000e+00
    598.000     0.7308     0.7296   2.986264   2.986171    319.340    317.928     0.1159     0.0002     0.1086    896.296   78.83304   -1.00240    34.8982    34.8984 0.0000e+00
    599.000     0.7303     0.7299   2.986257   2.986178    319.364    318.265     0.1159     0.0075     0.1095    897.287   78.83304   -1.00240    34.8981    34.8975 0.0000e+00
    600.000     0.6534     0.6536   2.979187   2.979010    319.181    319.342     0.1159     0.0034     0.1086    898.263   78.83304   -1.00240    34.8920    34.8895 0.0000e+00
    601.000     0.6255     0.6240   2.976645   2.976482    318.029    319.475     0.1158    -0.0002     0.1088    899.246   78.83304   -1.00240    34.8897    34.8894 0.0000e+00
    602.000     0.6071     0.6073   2.974941   2.974957    317.344    318.722     0.1157     0.0066     0.1083    900.244   78.83304   -1.00238    34.8877    34.8877 0.0000e+00
    603.000     0.6018     0.5989   2.974476   2.974246    319.178    318.640     0.1156     0.0123     0.1090    901.253   78.83304   -1.00238    34.8870    34.8873 0.0000e+00
    604.000     0.5891     0.5886   2.973325   2.973283    320.590    318.362     0.1155     0.0096     0.1091    902.255   78.83304   -1.00238    34.8857    34.8857 0.0000e+00
    605.000     0.5848     0.5843   2.972979   2.972972    320.962    317.951     0.1154     0.0096     0.1090    903.246   78.83304   -1.00238    34.8855    34.8859 0.0000e+00
    606.000     0.5887     0.5873   2.973392   2.973296    320.051    317.604     0.1153     0.0080     0.1084    904.250   78.83304   -1.00238    34.8859    34.8862 0.0000e+00
    607.000     0.5890     0.5883   2.973474   2.973429    320.016    317.308     0.1152     0.0019     0.1085    905.248   78.83304   -1.00238    34.8860    34.8862 0.0000e+00
    608.000     0.6008     0.5997   2.974638   2.974630    319.517    317.150     0.1150     0.0083     0.1081    906.237   78.83304   -1.00238    34.8874    34.8884 0.0000e+00
    609.000     0.6068     0.6058   2.975280   2.975208    319.344    317.307     0.1149     0.0007     0.1078    907.228   78.83304   -1.00238    34.8884    34.8886 0.0000e+00
    610.000     0.6078     0.6066   2.975423   2.975346    319.013    317.636     0.1147    -0.0043     0.1073    908.224   78.83304   -1.00238    34.8885    34.8889 0.0000e+00
    611.000     0.6074     0.6077   2.975432   2.975490    318.470    317.639     0.1146    -0.0013     0.1078    909.237   78.83304   -1.00238    34.8886    34.8889 0.0000e+00
    612.000     0.6045     0.6042   2.975228   2.975212    317.892    318.021     0.1144     0.0007     0.1075    910.242   78.83304   -1.00238    34.8885    34.8887 0.0000e+00
    613.000     0.6081     0.6064   2.975630   2.975508    318.112    317.993     0.1143     0.0058     0.1076    911.238   78.83304   -1.00238    34.8892    34.8895 0.0000e+00
    614.000     0.6929     0.6813   2.983690   2.982921    317.505    317.066     0.1142     0.0096     0.1077    912.226   78.83304   -1.00238    34.8981    34.9011 0.0000e+00
    615.000     0.7780     0.7629   2.991927   2.990781    318.678    317.219     0.1141     0.0052     0.1077    913.225   78.83304   -1.00238    34.9088    34.9109 0.0000e+00
    616.000     0.8163     0.8149   2.995722   2.995618    320.250    318.231     0.1140     0.0032     0.1077    914.237   78.83304   -1.00238    34.9144    34.9146 0.0000e+00
    617.000     0.8348     0.8341   2.997535   2.997515    320.168    319.327     0.1139     0.0075     0.1079    915.234   78.83304   -1.00238    34.9165    34.9171 0.0000e+00
    618.000     0.8387     0.8354   2.997977   2.997677    318.571    320.541     0.1138     0.0015     0.1083    916.221   78.83304   -1.00238    34.9173    34.9171 0.0000e+00
    619.000     0.8445     0.8437   2.998547   2.998502    317.941    321.920     0.1137     0.0011     0.1110    917.207   78.83304   -1.00238    34.9176    34.9179 0.0000e+00
    620.000     0.8448     0.8441   2.998621   2.998566    319.568    322.856     0.1136     0.0003     0.1104    918.203   78.83304   -1.00236    34.9177    34.9177 0.0000e+00
    621.000     0.8537     0.8516   2.999528   2.999387    320.639    323.045     0.1135     0.0009     0.1104    919.220   78.83304   -1.00236    34.9188    34.9194 0.0000e+00
    622.000     0.8702     0.8696   3.001106   3.001066    321.704    322.720     0.1134     0.0009     0.1123    920.232   78.83304   -1.00238    34.9202    34.9203 0.0000e+00
    623.000     0.8578     0.8589   3.000021   3.000087    322.814    322.945     0.1133     0.0076     0.1123    921.240   78.83304   -1.00238    34.9194    34.9191 0.0000e+00
    624.000     0.8499     0.8499   2.999351   2.999350    322.890    323.089     0.1131     0.0033     0.1115    922.237   78.83304   -1.00238    34.9190    34.9190 0.0000e+00
    625.000     0.8401     0.8406   2.998503   2.998521    322.487    322.841     0.1130     0.0008     0.1122    923.216   78.83304   -1.00238    34.9185    34.9182 0.0000e+00
    626.000     0.8329     0.8330   2.997900   2.997900    323.065    322.987     0.1129    -0.0003     0.1125    924.201   78.83304   -1.00238    34.9182    34.9181 0.0000e+00
    627.000     0.8223     0.8267   2.996955   2.997317    323.128    322.891     0.1127     0.0008     0.1125    925.195   78.83304   -1.00238    34.9173    34.9170 0.0000e+00
    628.000     0.8082     0.8110   2.995680   2.995969    323.452    322.910     0.1126     0.0030     0.1122    926.185   78.83304   -1.00236    34.9160    34.9166 0.0000e+00
    629.000     0.8085     0.8092   2.995740   2.995817    323.349    322.857     0.1125     0.0094     0.1130    927.195   78.83304   -1.00236    34.9158    34.9160 0.0000e+00
    630.000     0.8095     0.8134   2.995865   2.996230    323.625    322.946     0.1123     0.0079     0.1127    928.219   78.83304   -1.00238    34.9158    34.9161 0.0000e+00
    631.000     0.7904     0.7917   2.994149   2.994247    324.160    323.473     0.1122     0.0000     0.1128    929.235   78.83304   -1.00238    34.9144    34.9143 0.0000e+00
    632.000     0.7856     0.7850   2.993728   2.993655    323.987    323.187     0.1121     0.0007     0.1129    930.225   78.83304   -1.00238    34.9137    34.9135 0.0000e+00
