test_project/cnv_files/Sta0216_bin.cnv
* Sea-Bird SBE 9 Data File:
* FileName = C:\Seabird\CTDDATA\Sta0216.hex
* Software Version Seasave V 7.26.7.107
* Temperature SN = 03-4535
* Conductivity SN = 2860
* Number of Bytes Per Scan = 44
* Number of Voltage Words = 5
* Number of Scans Averaged by the Deck Unit = 1
* NMEA Latitude = 78 49.98 N
* NMEA Longitude = 012 00.02 W
* NMEA UTC (Time) = Sep 06 2019 01:21:40
* NMEA baud rate = 9600
** Ship: "Kronprins Haakon"
** Station: 0216
** Echodepth: 202
** Log: 5956.148
** Wind-Dir Force(m/s): 34 04
** Air-temp (dry): -0.9
** Weather Sky: 2 6
** Sea Ice: 1 2
# nquan = 17
# nvalues = 192                         
# units = specified
# name 0 = prDM: Pressure, Digiquartz [db]
# name 1 = t090C: Temperature [ITS-90, deg C]
# name 2 = t190C: Temperature, 2 [ITS-90, deg C]
# name 3 = c0S/m: Conductivity [S/m]
# name 4 = c1S/m: Conductivity, 2 [S/m]
# name 5 = sbox0Mm/Kg: Oxygen, SBE 43 [umol/kg]
# name 6 = sbox1Mm/Kg: Oxygen, SBE 43, 2 [umol/kg]
# name 7 = wetCDOM: Fluorescence, WET Labs CDOM [mg/m^3]
# name 8 = flECO-AFL: Fluorescence, WET Labs ECO-AFL/FL [mg/m^3]
# name 9 = CStarAt0: Beam Attenuation, WET Labs C-Star [1/m]
# name 10 = timeS: Time, Elapsed [seconds]
# name 11 = latitude: Latitude [deg]
# name 12 = longitude: Longitude [deg]
# name 13 = upoly0: Upoly 0, ISUS
# name 14 = sal00: Salinity, Practical [PSU]
# name 15 = sal11: Salinity, Practical, 2 [PSU]
# name 16 = flag: flag
# span 0 =      1.000,    192.000       
# span 1 =    -1.7111,     0.1576       
# span 2 =    -1.7108,     0.1576       
# span 3 =   2.439437,   2.884311       
# span 4 =   2.439425,   2.884222       
# span 5 =    313.103,    429.584       
# span 6 =    310.370,    418.632       
# span 7 =     0.1340,     0.1786       
# span 8 =     0.0093,     0.6764       
# span 9 =     0.1575,     0.2924       
# span 10 =    296.892,    497.203      
# span 11 =   78.83316,   78.83316      
# span 12 =  -12.00040,  -12.00038      
# span 13 =  13.882896,  24.674137      
# span 14 =    30.0214,    34.4481      
# span 15 =    30.0216,    34.4469      
# span 16 = 0.0000e+00, 0.0000e+00      
# interval = decibars: 1                
# start_time = Sep 06 2019 01:21:40 [NMEA time, header]
# bad_flag = -9.990e-29
*END*
[from data line 86]
     87.000    -1.5958    -1.5960   2.601713   2.601669    381.328    376.768     0.1786     0.0663     0.1643    390.686   78.83316  -12.00040  18.577313    32.6463    32.6459 0.0000e+00
     88.000    -1.5759    -1.5767   2.605440   2.605344    380.246    375.560     0.1786     0.0593     0.1641    391.727   78.83316  -12.00040  18.502386    32.6753    32.6749 0.0000e+00
     89.000    -1.5490    -1.5499   2.610716   2.610643    378.809    374.311     0.1785     0.0548     0.1639    392.768   78.83316  -12.00040  18.449696    32.7179    32.7178 0.0000e+00
     90.000    -1.5276    -1.5279   2.614368   2.614297    377.874    373.593     0.1785     0.0595     0.1643    393.804   78.83316  -12.00040  18.508617    32.7440    32.7433 0.0000e+00
     91.000    -1.5129    -1.5136   2.618261   2.618161    376.865    372.751     0.1784     0.0540     0.1634    394.836   78.83316  -12.00040  18.660586    32.7809    32.7803 0.0000e+00
     92.000    -1.4959    -1.4960   2.621690   2.621644    375.314    371.503     0.1783     0.0601     0.1652    395.871   78.83316  -12.00040  18.962606    32.8087    32.8082 0.0000e+00
     93.000    -1.4862    -1.4863   2.624215   2.624138    374.471    370.518     0.1782     0.0594     0.1643    396.896   78.83316  -12.00040  18.746358    32.8322    32.8313 0.0000e+00
     94.000    -1.4664    -1.4668   2.631380   2.631286    372.579    368.987     0.1781     0.0481     0.1638    397.926   78.83316  -12.00040  19.086257    32.9083    32.9075 0.0000e+00
     95.000    -1.4516    -1.4514   2.635929   2.635910    370.992    367.419     0.1779     0.0583     0.1641    398.958   78.83316  -12.00040  19.189111    32.9540    32.9535 0.0000e+00
     96.000    -1.4430    -1.4429   2.638026   2.637978    370.360    366.396     0.1778     0.0669     0.1648    399.999   78.83316  -12.00040  19.030236    32.9727    32.9719 0.0000e+00
     97.000    -1.4265    -1.4265   2.642189   2.642080    368.999    365.220     0.1776     0.0682     0.1648    401.044   78.83316  -12.00040  19.221604    33.0110    33.0096 0.0000e+00
     98.000    -1.4271    -1.4268   2.645420   2.645334    367.743    364.157     0.1774     0.0622     0.1649    402.075   78.83316  -12.00040  18.975552    33.0555    33.0541 0.0000e+00
     99.000    -1.4204    -1.4200   2.648722   2.648755    366.943    363.472     0.1772     0.0551     0.1648    403.103   78.83316  -12.00040  18.818188    33.0930    33.0930 0.0000e+00
    100.000    -1.4141    -1.4139   2.651321   2.651247    366.124    362.713     0.1770     0.0572     0.1648    404.134   78.83316  -12.00040  19.068078    33.1211    33.1198 0.0000e+00
    101.000    -1.4020    -1.4021   2.653982   2.653952    365.466    362.030     0.1767     0.0606     0.1648    405.157   78.83316  -12.00040  19.273948    33.1435    33.1433 0.0000e+00
    102.000    -1.3800    -1.3800   2.657520   2.657465    365.125    361.208     0.1765     0.0642     0.1646    406.174   78.83316  -12.00040  19.429715    33.1671    33.1664 0.0000e+00
    103.000    -1.3621    -1.3624   2.660647   2.660604    365.375    360.770     0.1762     0.0683     0.1638    407.182   78.83316  -12.00040  19.430168    33.1896    33.1893 0.0000e+00
    104.000    -1.3396    -1.3395   2.665013   2.664990    365.060    360.424     0.1759     0.0655     0.1641    408.194   78.83316  -12.00040  19.546449    33.2239    33.2234 0.0000e+00
    105.000    -1.3333    -1.3332   2.666483   2.666430    364.204    359.966     0.1756     0.0578     0.1644    409.215   78.83316  -12.00040  19.931092    33.2365    33.2356 0.0000e+00
    106.000    -1.3280    -1.3275   2.667376   2.667343    363.109    358.745     0.1752     0.0545     0.1649    410.236   78.83316  -12.00040  19.544903    33.2421    33.2412 0.0000e+00
    107.000    -1.3248    -1.3250   2.668048   2.667974    361.574    357.656     0.1749     0.0576     0.1640    411.265   78.83316  -12.00040  19.517065    33.2472    33.2464 0.0000e+00
    108.000    -1.2935    -1.2940   2.674265   2.674229    359.919    356.234     0.1745     0.0474     0.1641    412.298   78.83316  -12.00040  19.545938    33.2971    33.2971 0.0000e+00
    109.000    -1.2888    -1.2882   2.675817   2.675792    360.203    355.771     0.1741     0.0533     0.1644    413.329   78.83316  -12.00040  19.522775    33.3124    33.3114 0.0000e+00
    110.000    -1.2922    -1.2923   2.675989   2.675931    360.176    355.906     0.1736     0.0535     0.1640    414.365   78.83316  -12.00040  20.108673    33.3180    33.3173 0.0000e+00
    111.000    -1.2915    -1.2928   2.678519   2.678334    358.840    354.941     0.1732     0.0584     0.1625    415.395   78.83316  -12.00040  19.695775    33.3512    33.3502 0.0000e+00
    112.000    -1.2575    -1.2577   2.684759   2.684703    357.114    353.317     0.1727     0.0543     0.1621    416.421   78.83316  -12.00040  20.037593    33.3983    33.3976 0.0000e+00
    113.000    -1.2375    -1.2371   2.689287   2.689278    357.813    353.109     0.1722     0.0531     0.1622    417.439   78.83316  -12.00040  20.337634    33.4373    33.4367 0.0000e+00
    114.000    -1.2398    -1.2388   2.690297   2.690273    358.153    353.090     0.1717     0.0536     0.1615    418.454   78.83316  -12.00040  20.019222    33.4530    33.4517 0.0000e+00
    115.000    -1.2490    -1.2486   2.691839   2.691802    356.827    352.351     0.1712     0.0634     0.1615    419.467   78.83316  -12.00040  19.888504    33.4838    33.4829 0.0000e+00
    116.000    -1.2651    -1.2637   2.692471   2.692432    355.280    351.506     0.1707     0.0771     0.1615    420.482   78.83316  -12.00040  20.195335    33.5099    33.5078 0.0000e+00
    117.000    -1.2903    -1.2892   2.692739   2.692699    354.819    351.223     0.1701     0.0867     0.1618    421.498   78.83316  -12.00040  20.317720    33.5412    33.5395 0.0000e+00
    118.000    -1.3135    -1.3124   2.693535   2.693483    354.575    351.236     0.1696     0.0936     0.1629    422.517   78.83316  -12.00040  20.097596    33.5776    33.5756 0.0000e+00
    119.000    -1.3324    -1.3315   2.694171   2.694125    356.821    352.170     0.1690     0.1025     0.1637    423.540   78.83316  -12.00040  19.932545    33.6069    33.6053 0.0000e+00
    120.000    -1.3504    -1.3498   2.694955   2.694900    360.861    354.290     0.1684     0.1146     0.1638    424.571   78.83316  -12.00040  19.309336    33.6373    33.6359 0.0000e+00
    121.000    -1.3533    -1.3528   2.695724   2.695674    365.712    357.136     0.1678     0.1206     0.1656    425.601   78.83316  -12.00040  19.372083    33.6505    33.6493 0.0000e+00
    122.000    -1.3556    -1.3548   2.696027   2.695980    370.375    360.868     0.1672     0.1198     0.1672    426.639   78.83316  -12.00040  19.202198    33.6566    33.6552 0.0000e+00
    123.000    -1.3592    -1.3604   2.696035   2.696014    373.835    363.692     0.1666     0.1261     0.1681    427.677   78.83316  -12.00040  18.532123    33.6602    33.6613 0.0000e+00
    124.000    -1.3727    -1.3717   2.696362   2.696314    375.249    365.095     0.1660     0.1246     0.1695    428.718   78.83316  -12.00040  18.463638    33.6793    33.6775 0.0000e+00
    125.000    -1.3756    -1.3749   2.696378   2.696324    375.379    365.219     0.1654     0.1192     0.1709    429.755   78.83316  -12.00040  18.575194    33.6822    33.6806 0.0000e+00
    126.000    -1.3762    -1.3762   2.696425   2.696470    375.060    365.839     0.1648     0.1280     0.1714    430.776   78.83316  -12.00040  18.796447    33.6829    33.6835 0.0000e+00
    127.000    -1.3773    -1.3770   2.696714   2.696707    375.052    366.297     0.1642     0.1255     0.1717    431.794   78.83316  -12.00040  19.085922    33.6875    33.6871 0.0000e+00
    128.000    -1.3750    -1.3754   2.698259   2.698415    375.262    366.506     0.1635     0.1169     0.1729    432.808   78.83316  -12.00040  19.020014    33.7055    33.7081 0.0000e+00
    129.000    -1.3491    -1.3499   2.705115   2.704972    374.711    366.347     0.1629     0.1175     0.1741    433.823   78.83316  -12.00040  18.682108    33.7700    33.7689 0.0000e+00
    130.000    -1.3098    -1.3112   2.711574   2.711513    374.787    366.205     0.1623     0.1285     0.1746    434.846   78.83316  -12.00040  18.827337    33.8136    33.8144 0.0000e+00
    131.000    -1.2649    -1.2668   2.717400   2.717423    374.317    366.054     0.1617     0.1196     0.1753    435.873   78.83316  -12.00040  19.332885    33.8423    33.8447 0.0000e+00
    132.000    -1.2037    -1.2059   2.725396   2.725247    372.334    364.663     0.1610     0.1113     0.1748    436.906   78.83316  -12.00040  19.832893    33.8820    33.8825 0.0000e+00
    133.000    -1.1673    -1.1678   2.729981   2.729918    367.805    361.623     0.1604     0.0927     0.1744    437.943   78.83316  -12.00040  20.050555    33.9031    33.9028 0.0000e+00
    134.000    -1.1518    -1.1518   2.732132   2.732056    361.547    357.845     0.1598     0.0743     0.1736    438.980   78.83316  -12.00040  20.287774    33.9144    33.9133 0.0000e+00
    135.000    -1.1457    -1.1455   2.733201   2.733153    354.335    353.267     0.1591     0.0684     0.1712    440.025   78.83316  -12.00040  20.409743    33.9215    33.9205 0.0000e+00
    136.000    -1.1392    -1.1393   2.734236   2.734124    348.604    349.327     0.1585     0.0713     0.1698    441.056   78.83316  -12.00040  20.372299    33.9276    33.9261 0.0000e+00
    137.000    -1.1354    -1.1353   2.734983   2.734922    346.381    346.998     0.1579     0.0723     0.1681    442.080   78.83316  -12.00040  20.401301    33.9330    33.9319 0.0000e+00
    138.000    -1.1303    -1.1305   2.736035   2.735933    346.398    345.686     0.1572     0.0683     0.1668    443.100   78.83316  -12.00040  20.768502    33.9409    33.9397 0.0000e+00
    139.000    -1.1250    -1.1248   2.736869   2.736810    346.896    345.172     0.1566     0.0683     0.1641    444.116   78.83316  -12.00040  20.946100    33.9457    33.9447 0.0000e+00
    140.000    -1.1185    -1.1182   2.737820   2.737796    347.223    344.897     0.1560     0.0683     0.1631    445.136   78.83316  -12.00040  20.945323    33.9508    33.9501 0.0000e+00
    141.000    -1.1146    -1.1139   2.738517   2.738534    347.827    344.305     0.1554     0.0683     0.1609    446.163   78.83316  -12.00040  20.616864    33.9552    33.9546 0.0000e+00
    142.000    -1.1030    -1.1027   2.740180   2.740167    348.382    343.465     0.1547     0.0672     0.1598    447.193   78.83316  -12.00040  20.809017    33.9642    33.9636 0.0000e+00
    143.000    -1.0824    -1.0834   2.742932   2.742786    348.315    343.340     0.1541     0.0611     0.1594    448.240   78.83316  -12.00040  21.092615    33.9778    33.9770 0.0000e+00
    144.000    -1.0685    -1.0690   2.744843   2.744742    348.508    343.490     0.1535     0.0607     0.1594    449.286   78.83316  -12.00040  21.002242    33.9876    33.9868 0.0000e+00
    145.000    -1.0561    -1.0563   2.746520   2.746436    348.342    343.318     0.1529     0.0604     0.1588    450.332   78.83316  -12.00040  20.962961    33.9958    33.9949 0.0000e+00
    146.000    -1.0364    -1.0368   2.748824   2.748762    347.055    342.538     0.1523     0.0538     0.1616    451.370   78.83316  -12.00040  21.299405    34.0043    34.0040 0.0000e+00
    147.000    -1.0141    -1.0143   2.751529   2.751474    345.793    341.476     0.1518     0.0468     0.1596    452.394   78.83316  -12.00040  21.146336    34.0154    34.0148 0.0000e+00
    148.000    -0.9854    -0.9872   2.754824   2.754720    344.791    340.764     0.1512     0.0402     0.1582    453.420   78.83316  -12.00040  21.334352    34.0271    34.0278 0.0000e+00
    149.000    -0.8197    -0.8240   2.771746   2.771811    342.665    338.372     0.1506     0.0441     0.1584    454.439   78.83316  -12.00040  21.741633    34.0691    34.0749 0.0000e+00
    150.000    -0.6512    -0.6587   2.789313   2.788789    343.061    337.710     0.1501     0.0403     0.1579    455.455   78.83316  -12.00040  21.366897    34.1159    34.1173 0.0000e+00
    151.000    -0.5992    -0.5982   2.794855   2.794887    344.984    338.749     0.1496     0.0428     0.1577    456.477   78.83316  -12.00040  21.853224    34.1315    34.1308 0.0000e+00
    152.000    -0.5934    -0.5930   2.795549   2.795453    340.557    337.072     0.1490     0.0375     0.1575    457.508   78.83316  -12.00040  22.111732    34.1337    34.1319 0.0000e+00
    153.000    -0.5850    -0.5859   2.796423   2.796240    329.937    332.428     0.1485     0.0392     0.1594    458.549   78.83316  -12.00039  22.416437    34.1353    34.1339 0.0000e+00
    154.000    -0.5796    -0.5780   2.797057   2.797138    322.682    328.554     0.1480     0.0348     0.1600    459.595   78.83316  -12.00039  22.303974    34.1372    34.1364 0.0000e+00
    155.000    -0.5665    -0.5672   2.798709   2.798566    321.062    326.640     0.1475     0.0269     0.1600    460.642   78.83316  -12.00039  22.125098    34.1440    34.1429 0.0000e+00
    156.000    -0.5282    -0.5292   2.803208   2.803089    322.989    325.615     0.1469     0.0346     0.1612    461.679   78.83316  -12.00038  23.076534    34.1608    34.1603 0.0000e+00
    157.000    -0.4917    -0.4929   2.807039   2.806887    325.896    325.156     0.1464     0.0329     0.1625    462.716   78.83316  -12.00038  23.420037    34.1706    34.1698 0.0000e+00
    158.000    -0.4305    -0.4355   2.813535   2.813190    327.788    324.732     0.1459     0.0258     0.1628    463.750   78.83316  -12.00038  23.409935    34.1882    34.1892 0.0000e+00
    159.000    -0.3581    -0.3587   2.821128   2.821013    327.311    323.968     0.1454     0.0329     0.1632    464.775   78.83316  -12.00038  22.734013    34.2078    34.2070 0.0000e+00
    160.000    -0.3469    -0.3460   2.822778   2.822707    327.159    324.314     0.1449     0.0359     0.1834    465.794   78.83316  -12.00038  23.507555    34.2167    34.2147 0.0000e+00
    161.000    -0.3489    -0.3480   2.822839   2.822660    324.892    322.995     0.1444     0.0241     0.1705    466.813   78.83316  -12.00038  23.821524    34.2192    34.2157 0.0000e+00
    162.000    -0.3560    -0.3548   2.822658   2.822587    320.906    320.828     0.1439     0.0241     0.1648    467.831   78.83316  -12.00038  23.742969    34.2241    34.2218 0.0000e+00
    163.000    -0.3662    -0.3654   2.822269   2.822183    319.345    319.403     0.1434     0.0300     0.1720    468.864   78.83316  -12.00038  23.579464    34.2298    34.2278 0.0000e+00
    164.000    -0.3351    -0.3372   2.825902   2.825720    319.673    318.546     0.1428     0.0291     0.1734    469.899   78.83316  -12.00038  23.481847    34.2428    34.2427 0.0000e+00
    165.000    -0.2934    -0.2945   2.831047   2.830847    321.159    318.381     0.1421     0.0243     0.1656    470.943   78.83316  -12.00038  23.511792    34.2641    34.2626 0.0000e+00
    166.000    -0.2759    -0.2762   2.833432   2.833309    323.603    319.104     0.1414     0.0165     0.1660    471.982   78.83316  -12.00038  23.688462    34.2756    34.2742 0.0000e+00
    167.000    -0.2571    -0.2573   2.836122   2.836013    323.985    319.074     0.1407     0.0217     0.1720    473.019   78.83316  -12.00038  24.304936    34.2897    34.2885 0.0000e+00
    168.000    -0.2293    -0.2296   2.839534   2.839410    322.260    318.487     0.1402     0.0231     0.1743    474.060   78.83316  -12.00038  23.737625    34.3034    34.3021 0.0000e+00
    169.000    -0.2119    -0.2125   2.841629   2.841514    321.401    317.886     0.1397     0.0232     0.1658    475.088   78.83316  -12.00038  23.474797    34.3112    34.3103 0.0000e+00
    170.000    -0.1927    -0.1926   2.843866   2.843773    321.053    317.513     0.1395     0.0284     0.1667    476.108   78.83316  -12.00038  23.218819    34.3188    34.3173 0.0000e+00
