test_project/cnv_files/Sta0204_bin.cnv
* Sea-Bird SBE 9 Data File:
* FileName = C:\Seabird\CTDDATA\Sta0204.hex
* Software Version Seasave V 7.26.7.107
* Temperature SN = 03-4535
* Conductivity SN = 2860
* Number of Bytes Per Scan = 44
* Number of Voltage Words = 5
* Number of Scans Averaged by the Deck Unit = 1
* NMEA Latitude = 78 50.00 N
* NMEA Longitude = 006 29.99 W
* NMEA UTC (Time) = Sep 04 2019 23:49:48
* NMEA baud rate = 9600
** Ship: "Kronprins Haakon"
** Station: 0204
** Echodepth: 277
** Log: 5888.606
** Wind-Dir Force(m/s): 34 07
** Air-temp (dry): -1.2
** Weather Sky: 1 5
** Sea Ice: 1 4
** MP
# nquan = 17
# nvalues = 267                         
# units = specified
# name 0 = prDM: Pressure, Digiquartz [db]
# name 1 = t090C: Temperature [ITS-90, deg C]
# name 2 = t190C: Temperature, 2 [ITS-90, deg C]
# name 3 = c0S/m: Conductivity [S/m]
# name 4 = c1S/m: Conductivity, 2 [S/m]
# name 5 = sbox0Mm/Kg: Oxygen, SBE 43 [umol/kg]
# name 6 = sbox1Mm/Kg: Oxygen, SBE 43, 2 [umol/kg]
# name 7 = wetCDOM: Fluorescence, WET Labs CDOM [mg/m^3]
# name 8 = flECO-AFL: Fluorescence, WET Labs ECO-AFL/FL [mg/m^3]
# name 9 = CStarAt0: Beam Attenuation, WET Labs C-Star [1/m]
# name 10 = timeS: Time, Elapsed [seconds]
# name 11 = latitude: Latitude [deg]
# name 12 = longitude: Longitude [deg]
# name 13 = upoly0: Upoly 0, ISUS
# name 14 = sal00: Salinity, Practical [PSU]
# name 15 = sal11: Salinity, Practical, 2 [PSU]
# name 16 = flag: flag
# span 0 =      3.000,    269.000       
# span 1 =    -1.7026,     1.4577       
# span 2 =    -1.7024,     1.4568       
# span 3 =   2.424024,   3.029388       
# span 4 =   2.423858,   3.029219       
# span 5 =    308.599,    437.709       
# span 6 =    305.816,    424.926       
# span 7 =     0.1195,     0.1752       
# span 8 =     0.0038,     1.3784       
# span 9 =     0.1414,     0.3541       
# span 10 =    389.176,    725.439      
# span 11 =   78.83340,   78.83342      
# span 12 =   -6.50000,   -6.49996      
# span 13 =  9.3131706,  22.264940      
# span 14 =    29.9059,    34.8328      
# span 15 =    29.9041,    34.8316      
# span 16 = 0.0000e+00, 0.0000e+00      
# interval = decibars: 1                
# start_time = Sep 04 2019 23:49:48 [NMEA time, header]
# bad_flag = -9.990e-29
*END*
[from data line 86]
     89.000    -1.6479    -1.6483   2.602622   2.602540    382.478    375.735     0.1746     0.0644     0.1678    532.496   78.83340   -6.49998  15.021143    32.7150    32.7143 0.0000e+00
     90.000    -1.6349    -1.6352   2.606141   2.606082    383.475    375.925     0.1744     0.0592     0.1669    533.527   78.83340   -6.49998  14.560952    32.7486    32.7481 0.0000e+00
     91.000    -1.6070    -1.6069   2.610208   2.610193    383.503    375.825     0.1743     0.0465     0.1663    534.553   78.83340   -6.49998  14.310563    32.7734    32.7731 0.0000e+00
     92.000    -1.5686    -1.5716   2.615370   2.615172    382.999    375.557     0.1741     0.0502     0.1691    535.581   78.83340   -6.49998  14.334448    32.8017    32.8024 0.0000e+00
     93.000    -1.5246    -1.5250   2.622595   2.622499    382.196    374.890     0.1739     0.0570     0.1656    536.619   78.83340   -6.49998  14.582202    32.8522    32.8513 0.0000e+00
     94.000    -1.5061    -1.5064   2.628007   2.627878    381.248    374.598     0.1737     0.0479     0.1653    537.660   78.83340   -6.49998  15.013241    32.9058    32.9043 0.0000e+00
     95.000    -1.5009    -1.5010   2.629944   2.629844    378.740    372.924     0.1735     0.0510     0.1657    538.705   78.83341   -6.49998  14.796271    32.9261    32.9248 0.0000e+00
     96.000    -1.4952    -1.4950   2.632258   2.632151    374.509    370.542     0.1732     0.0412     0.1651    539.751   78.83342   -6.49998  15.159061    32.9510    32.9494 0.0000e+00
     97.000    -1.4841    -1.4848   2.635059   2.634982    370.731    367.914     0.1730     0.0524     0.1657    540.800   78.83342   -6.49998  15.162185    32.9767    32.9764 0.0000e+00
     98.000    -1.4653    -1.4654   2.638967   2.638911    369.554    366.748     0.1727     0.0466     0.1643    541.842   78.83342   -6.49998  15.697760    33.0091    33.0085 0.0000e+00
     99.000    -1.4547    -1.4549   2.641422   2.641384    370.245    366.282     0.1725     0.0463     0.1636    542.875   78.83342   -6.49998  15.379892    33.0305    33.0302 0.0000e+00
    100.000    -1.4359    -1.4361   2.644277   2.644222    370.541    365.531     0.1722     0.0461     0.1637    543.900   78.83342   -6.49998  15.380077    33.0484    33.0478 0.0000e+00
    101.000    -1.4234    -1.4233   2.646995   2.646946    370.320    364.923     0.1719     0.0401     0.1652    544.918   78.83342   -6.49998  15.273797    33.0712    33.0705 0.0000e+00
    102.000    -1.4132    -1.4131   2.650886   2.650824    369.584    364.521     0.1716     0.0390     0.1633    545.940   78.83342   -6.49998  15.456267    33.1129    33.1118 0.0000e+00
    103.000    -1.4126    -1.4127   2.652984   2.652891    368.560    363.631     0.1712     0.0390     0.1626    546.971   78.83342   -6.49998  15.763973    33.1404    33.1392 0.0000e+00
    104.000    -1.3892    -1.3903   2.656333   2.656232    367.506    362.692     0.1709     0.0439     0.1632    548.012   78.83342   -6.49998  15.761779    33.1598    33.1596 0.0000e+00
    105.000    -1.3617    -1.3622   2.659563   2.659494    366.740    361.768     0.1706     0.0368     0.1639    549.067   78.83342   -6.49998  16.285512    33.1730    33.1726 0.0000e+00
    106.000    -1.3483    -1.3479   2.662621   2.662540    366.725    361.263     0.1702     0.0407     0.1645    550.126   78.83342   -6.49998  15.792291    33.1994    33.1979 0.0000e+00
    107.000    -1.3325    -1.3327   2.665912   2.665829    365.624    360.688     0.1699     0.0549     0.1662    551.188   78.83342   -6.49998  15.968945    33.2265    33.2256 0.0000e+00
    108.000    -1.3184    -1.3187   2.668326   2.668241    363.851    359.474     0.1695     0.0482     0.1673    552.239   78.83342   -6.49998  15.239496    33.2432    33.2424 0.0000e+00
    109.000    -1.3063    -1.3064   2.670729   2.670660    362.751    358.599     0.1692     0.0426     0.1683    553.277   78.83342   -6.49998  15.142241    33.2621    33.2613 0.0000e+00
    110.000    -1.2772    -1.2788   2.676053   2.675853    362.203    357.748     0.1688     0.0496     0.1701    554.301   78.83342   -6.49998  15.992020    33.3021    33.3011 0.0000e+00
    111.000    -1.2568    -1.2567   2.680977   2.680870    361.830    357.357     0.1685     0.0536     0.1697    555.320   78.83342   -6.49998  16.188260    33.3463    33.3447 0.0000e+00
    112.000    -1.2566    -1.2564   2.682830   2.682717    362.043    357.209     0.1681     0.0512     0.1691    556.344   78.83342   -6.49998  15.774936    33.3708    33.3690 0.0000e+00
    113.000    -1.2521    -1.2523   2.684158   2.684062    361.153    356.374     0.1678     0.0485     0.1682    557.374   78.83342   -6.49998  15.612331    33.3834    33.3822 0.0000e+00
    114.000    -1.2375    -1.2376   2.686762   2.686702    359.983    355.673     0.1675     0.0535     0.1670    558.413   78.83342   -6.49998  16.143574    33.4021    33.4014 0.0000e+00
    115.000    -1.2289    -1.2290   2.688339   2.688255    359.352    354.868     0.1671     0.0503     0.1664    559.471   78.83342   -6.49998  16.302865    33.4134    33.4125 0.0000e+00
    116.000    -1.2092    -1.2095   2.691853   2.691853    358.971    354.052     0.1668     0.0435     0.1656    560.537   78.83342   -6.49998  15.923068    33.4389    33.4392 0.0000e+00
    117.000    -1.1847    -1.1844   2.695394   2.695346    359.061    353.453     0.1664     0.0604     0.1650    561.602   78.83342   -6.49998  16.312095    33.4594    33.4584 0.0000e+00
    118.000    -1.1836    -1.1837   2.695648   2.695553    359.445    353.778     0.1661     0.0598     0.1648    562.657   78.83342   -6.49998  16.402754    33.4611    33.4599 0.0000e+00
    119.000    -1.1557    -1.1571   2.699830   2.699666    358.652    353.111     0.1657     0.0531     0.1648    563.691   78.83342   -6.49998  16.349657    33.4865    33.4858 0.0000e+00
    120.000    -1.1299    -1.1310   2.703602   2.703434    357.643    352.469     0.1653     0.0461     0.1641    564.715   78.83342   -6.49998  16.604961    33.5085    33.5074 0.0000e+00
    121.000    -1.0964    -1.0975   2.709845   2.709677    356.829    351.341     0.1650     0.0392     0.1638    565.733   78.83342   -6.49998  16.742903    33.5557    33.5546 0.0000e+00
    122.000    -1.0885    -1.0882   2.713416   2.713333    355.726    350.620     0.1646     0.0325     0.1645    566.750   78.83342   -6.49998  16.903526    33.5949    33.5934 0.0000e+00
    123.000    -1.0708    -1.0710   2.717470   2.717414    353.651    349.534     0.1642     0.0322     0.1632    567.776   78.83342   -6.49998  17.203613    33.6297    33.6292 0.0000e+00
    124.000    -1.0672    -1.0665   2.719285   2.719228    351.320    348.191     0.1638     0.0542     0.1624    568.814   78.83342   -6.49998  17.437642    33.6499    33.6483 0.0000e+00
    125.000    -1.0789    -1.0773   2.719432   2.719380    350.403    347.106     0.1633     0.0552     0.1620    569.866   78.83342   -6.49998  17.311304    33.6643    33.6618 0.0000e+00
    126.000    -1.0509    -1.0574   2.724981   2.724578    349.101    345.796     0.1629     0.0536     0.1611    570.928   78.83342   -6.49998  17.021090    33.7079    33.7097 0.0000e+00
    127.000    -0.9386    -0.9406   2.737601   2.737421    348.143    344.392     0.1624     0.0536     0.1611    571.989   78.83342   -6.49998  16.841416    33.7531    33.7530 0.0000e+00
    128.000    -0.9242    -0.9210   2.742029   2.742074    353.598    346.920     0.1619     0.0487     0.1615    573.046   78.83342   -6.49998  17.237787    33.7966    33.7936 0.0000e+00
    129.000    -1.0503    -1.0417   2.733071   2.733267    355.504    348.696     0.1614     0.0507     0.1615    574.085   78.83342   -6.49998  17.340764    33.8157    33.8087 0.0000e+00
    130.000    -1.1415    -1.1380   2.727090   2.727272    347.562    345.171     0.1609     0.0536     0.1609    575.113   78.83342   -6.49998  17.400181    33.8362    33.8348 0.0000e+00
    131.000    -1.1383    -1.1359   2.728521   2.728455    340.777    341.380     0.1604     0.0609     0.1614    576.138   78.83342   -6.49998  17.398840    33.8516    33.8480 0.0000e+00
    132.000    -1.3144    -1.3067   2.715308   2.715407    347.885    345.056     0.1598     0.0652     0.1617    577.160   78.83342   -6.49998  17.161139    33.8689    33.8616 0.0000e+00
    133.000    -1.3542    -1.3540   2.713217   2.713164    355.758    347.949     0.1592     0.0582     0.1622    578.184   78.83342   -6.49998  16.846259    33.8846    33.8837 0.0000e+00
    134.000    -1.3467    -1.3477   2.715944   2.715844    358.498    349.268     0.1585     0.0557     0.1626    579.216   78.83342   -6.49998  16.570574    33.9131    33.9128 0.0000e+00
    135.000    -1.3050    -1.3074   2.720570   2.720429    366.531    352.735     0.1578     0.0652     0.1633    580.268   78.83342   -6.49998  15.707488    33.9288    33.9295 0.0000e+00
    136.000    -1.2448    -1.2457   2.726242   2.726165    373.651    355.591     0.1571     0.0754     0.1624    581.328   78.83342   -6.49998  15.710099    33.9377    33.9376 0.0000e+00
    137.000    -1.2184    -1.2208   2.728779   2.728598    375.186    357.208     0.1564     0.0737     0.1617    582.387   78.83342   -6.49998  16.717248    33.9420    33.9422 0.0000e+00
    138.000    -1.0882    -1.0950   2.740826   2.740638    369.620    355.527     0.1556     0.0714     0.1604    583.437   78.83342   -6.49998  16.010185    33.9587    33.9639 0.0000e+00
    139.000    -0.9422    -0.9441   2.754936   2.754842    362.952    354.084     0.1548     0.0757     0.1597    584.475   78.83342   -6.49998  16.570481    33.9854    33.9863 0.0000e+00
    140.000    -0.9265    -0.9257   2.757463   2.757384    361.877    354.287     0.1540     0.0412     0.1588    585.502   78.83342   -6.49998  17.332918    34.0015    33.9995 0.0000e+00
    141.000    -0.9143    -0.9146   2.759159   2.759119    355.103    350.524     0.1532     0.0454     0.1588    586.522   78.83342   -6.49998  17.826919    34.0101    34.0099 0.0000e+00
    142.000    -0.9012    -0.8995   2.761389   2.761372    342.075    343.846     0.1524     0.0399     0.1582    587.535   78.83342   -6.49998  18.001435    34.0249    34.0229 0.0000e+00
    143.000    -1.0786    -1.0690   2.748196   2.748294    336.508    340.772     0.1515     0.0455     0.1568    588.559   78.83342   -6.49998  18.105396    34.0454    34.0358 0.0000e+00
    144.000    -1.1992    -1.1965   2.739015   2.739072    332.744    337.199     0.1507     0.0527     0.1571    589.588   78.83342   -6.49998  18.056137    34.0561    34.0538 0.0000e+00
    145.000    -1.2405    -1.2353   2.736076   2.736270    328.915    333.320     0.1499     0.0712     0.1567    590.632   78.83342   -6.49998  17.034015    34.0621    34.0588 0.0000e+00
    146.000    -1.2870    -1.2821   2.732433   2.732624    338.278    335.942     0.1490     0.0756     0.1561    591.679   78.83342   -6.49998  17.043329    34.0644    34.0615 0.0000e+00
    147.000    -1.4424    -1.4357   2.719639   2.719617    352.278    341.811     0.1482     0.0705     0.1560    592.727   78.83342   -6.49998  17.211580    34.0647    34.0568 0.0000e+00
    148.000    -1.5345    -1.5346   2.712041   2.712008    358.186    344.321     0.1474     0.0836     0.1551    593.776   78.83342   -6.49998  16.322770    34.0643    34.0640 0.0000e+00
    149.000    -1.4891    -1.4906   2.716448   2.716438    358.350    344.528     0.1467     0.1138     0.1545    594.817   78.83342   -6.49998  16.520080    34.0727    34.0744 0.0000e+00
    150.000    -1.4404    -1.4415   2.721526   2.721459    366.768    348.866     0.1459     0.1222     0.1543    595.856   78.83342   -6.49998  16.423204    34.0866    34.0870 0.0000e+00
    151.000    -1.3781    -1.3828   2.727508   2.727344    376.154    354.080     0.1452     0.1038     0.1541    596.887   78.83342   -6.49998  16.462264    34.0973    34.1005 0.0000e+00
    152.000    -1.3355    -1.3358   2.732476   2.732423    377.041    356.358     0.1445     0.0868     0.1542    597.908   78.83342   -6.49998  16.741785    34.1165    34.1162 0.0000e+00
    153.000    -1.3217    -1.3212   2.734464   2.734436    371.238    355.734     0.1438     0.0709     0.1537    598.936   78.83342   -6.49998  17.045889    34.1275    34.1265 0.0000e+00
    154.000    -1.3286    -1.3278   2.734576   2.734560    361.711    351.821     0.1431     0.0485     0.1535    599.965   78.83342   -6.49998  17.164048    34.1363    34.1352 0.0000e+00
    155.000    -1.3610    -1.3578   2.733160   2.733253    352.176    347.330     0.1425     0.0391     0.1525    601.003   78.83342   -6.49998  17.715565    34.1531    34.1508 0.0000e+00
    156.000    -1.3794    -1.3792   2.732155   2.732137    345.453    343.166     0.1419     0.0488     0.1510    602.046   78.83342   -6.49998  17.896786    34.1597    34.1592 0.0000e+00
    157.000    -1.3639    -1.3629   2.733896   2.733938    342.775    340.335     0.1413     0.0718     0.1501    603.088   78.83342   -6.49998  17.782566    34.1653    34.1648 0.0000e+00
    158.000    -1.3632    -1.3633   2.734121   2.734089    345.660    340.717     0.1407     0.0584     0.1492    604.133   78.83342   -6.49998  17.768983    34.1670    34.1668 0.0000e+00
    159.000    -1.3568    -1.3578   2.735159   2.735077    348.642    341.817     0.1402     0.0485     0.1486    605.179   78.83342   -6.49998  17.547101    34.1734    34.1734 0.0000e+00
    160.000    -1.3099    -1.3110   2.740045   2.739991    348.761    341.535     0.1397     0.0589     0.1486    606.213   78.83340   -6.49998  17.791587    34.1863    34.1870 0.0000e+00
    161.000    -1.2483    -1.2530   2.746037   2.745827    348.896    341.484     0.1392     0.0470     0.1492    607.248   78.83340   -6.49998  17.980311    34.1977    34.2001 0.0000e+00
    162.000    -1.0480    -1.0558   2.764911   2.764740    347.312    339.744     0.1388     0.0463     0.1487    608.275   78.83340   -6.49998  18.253725    34.2270    34.2335 0.0000e+00
    163.000    -0.9593    -0.9589   2.773607   2.773555    348.565    340.314     0.1384     0.0465     0.1476    609.309   78.83340   -6.49998  18.433804    34.2440    34.2428 0.0000e+00
    164.000    -0.9195    -0.9231   2.777491   2.777342    348.097    340.233     0.1380     0.0524     0.1475    610.349   78.83342   -6.49998  18.301820    34.2510    34.2530 0.0000e+00
    165.000    -0.7951    -0.7995   2.789365   2.789197    338.130    336.190     0.1377     0.0477     0.1474    611.389   78.83342   -6.49998  18.957204    34.2702    34.2729 0.0000e+00
    166.000    -0.6865    -0.6903   2.799939   2.799771    331.490    333.778     0.1374     0.0521     0.1467    612.431   78.83342   -6.49998  18.637761    34.2895    34.2915 0.0000e+00
    167.000    -0.5635    -0.5668   2.812013   2.811926    330.434    332.347     0.1371     0.0536     0.1472    613.472   78.83342   -6.49998  19.128712    34.3123    34.3149 0.0000e+00
    168.000    -0.4679    -0.4706   2.821567   2.821458    328.593    331.110     0.1369     0.0536     0.1476    614.517   78.83342   -6.49998  19.753675    34.3320    34.3337 0.0000e+00
    169.000    -0.4059    -0.4065   2.827875   2.827801    326.306    329.598     0.1367     0.0486     0.1498    615.555   78.83342   -6.49998  19.332750    34.3460    34.3457 0.0000e+00
    170.000    -0.3868    -0.3871   2.829860   2.829763    323.572    328.045     0.1365     0.0463     0.1476    616.587   78.83342   -6.49998  19.119137    34.3504    34.3494 0.0000e+00
    171.000    -0.3763    -0.3762   2.830949   2.830878    319.704    325.980     0.1364     0.0463     0.1476    617.616   78.83342   -6.49998  19.505054    34.3525    34.3515 0.0000e+00
    172.000    -0.3450    -0.3465   2.834063   2.833922    317.822    324.001     0.1362     0.0423     0.1480    618.647   78.83342   -6.49998  19.657068    34.3582    34.3581 0.0000e+00
