test_project/cnv_files/Sta0215_bin.cnv
* Sea-Bird SBE 9 Data File:
* FileName = C:\Seabird\CTDDATA\Sta0215.hex
* Software Version Seasave V 7.26.7.107
* Temperature SN = 03-4535
* Conductivity SN = 2860
* Number of Bytes Per Scan = 44
* Number of Voltage Words = 5
* Number of Scans Averaged by the Deck Unit = 1
* NMEA Latitude = 78 49.96 N
* NMEA Longitude = 011 30.03 W
* NMEA UTC (Time) = Sep 05 2019 23:48:37
* NMEA baud rate = 9600
** Ship: "Kronprins Haakon"
** Station: 0215
** Echodepth: 234
** Log: 5950.084
** Wind-Dir Force(m/s): 01 12
** Air-temp (dry): -0.7
** Weather Sky: 2 6
** Sea Ice: 1 4
# nquan = 17
# nvalues = 222                         
# units = specified
# name 0 = prDM: Pressure, Digiquartz [db]
# name 1 = t090C: Temperature [ITS-90, deg C]
# name 2 = t190C: Temperature, 2 [ITS-90, deg C]
# name 3 = c0S/m: Conductivity [S/m]
# name 4 = c1S/m: Conductivity, 2 [S/m]
# name 5 = sbox0Mm/Kg: Oxygen, SBE 43 [umol/kg]
# name 6 = sbox1Mm/Kg: Oxygen, SBE 43, 2 [umol/kg]
# name 7 = wetCDOM: Fluorescence, WET Labs CDOM [mg/m^3]
# name 8 = flECO-AFL: Fluorescence, WET Labs ECO-AFL/FL [mg/m^3]
# name 9 = CStarAt0: Beam Attenuation, WET Labs C-Star [1/m]
# name 10 = timeS: Time, Elapsed [seconds]
# name 11 = latitude: Latitude [deg]
# name 12 = longitude: Longitude [deg]
# name 13 = upoly0: Upoly 0, ISUS
# name 14 = sal00: Salinity, Practical [PSU]
# name 15 = sal11: Salinity, Practical, 2 [PSU]
# name 16 = flag: flag
# span 0 =      1.000,    222.000       
# span 1 =    -1.6403,     0.6638       
# span 2 =    -1.6402,     0.6639       
# span 3 =   2.441086,   2.942263       
# span 4 =   2.441278,   2.942165       
# span 5 =    302.077,    428.645       
# span 6 =    298.990,    420.765       
# span 7 =     0.1248,     0.1744       
# span 8 =     0.0096,     0.7284       
# span 9 =     0.1390,     0.3083       
# span 10 =    355.613,    593.228      
# span 11 =   78.83288,   78.83288      
# span 12 =  -11.50046,  -11.50040      
# span 13 =  12.751962,  25.508392      
# span 14 =    30.0952,    34.6238      
# span 15 =    30.0971,    34.6225      
# span 16 = 0.0000e+00, 0.0000e+00      
# interval = decibars: 1                
# start_time = Sep 05 2019 23:48:37 [NMEA time, header]
# bad_flag = -9.990e-29
*END*
[from data line 86]
     87.000    -1.5363    -1.5364   2.610660   2.610625    379.276    373.440     0.1743     0.0463     0.1655    449.469   78.83288  -11.50044  17.296875    32.7044    32.7039 0.0000e+00
     88.000    -1.5327    -1.5330   2.611655   2.611612    377.287    371.997     0.1742     0.0471     0.1659    450.526   78.83288  -11.50044  17.763133    32.7135    32.7132 0.0000e+00
     89.000    -1.5161    -1.5166   2.615923   2.615926    374.886    369.815     0.1741     0.0545     0.1658    451.587   78.83288  -11.50044  18.098264    32.7535    32.7540 0.0000e+00
     90.000    -1.5075    -1.5076   2.618226   2.618196    373.477    368.513     0.1739     0.0587     0.1653    452.643   78.83288  -11.50044  18.088794    32.7751    32.7747 0.0000e+00
     91.000    -1.4870    -1.4878   2.623497   2.623491    372.874    368.035     0.1738     0.0452     0.1650    453.682   78.83288  -11.50044  17.879473    32.8244    32.8252 0.0000e+00
     92.000    -1.4514    -1.4527   2.630136   2.630097    372.421    366.878     0.1736     0.0419     0.1663    454.715   78.83288  -11.50044  18.222738    32.8759    32.8768 0.0000e+00
     93.000    -1.4313    -1.4315   2.633735   2.633707    372.018    366.239     0.1734     0.0716     0.1650    455.732   78.83288  -11.50044  18.276915    32.9026    32.9025 0.0000e+00
     94.000    -1.4134    -1.4139   2.637914   2.637908    370.884    366.146     0.1732     0.0558     0.1649    456.745   78.83288  -11.50044  18.305113    32.9397    32.9402 0.0000e+00
     95.000    -1.3974    -1.3978   2.642097   2.642068    369.352    365.331     0.1729     0.0469     0.1654    457.759   78.83288  -11.50044  18.464782    32.9789    32.9789 0.0000e+00
     96.000    -1.3940    -1.3939   2.645264   2.645256    367.489    363.659     0.1727     0.0517     0.1658    458.774   78.83288  -11.50044  18.666151    33.0180    33.0177 0.0000e+00
     97.000    -1.3739    -1.3746   2.648807   2.648772    365.106    361.838     0.1724     0.0579     0.1659    459.804   78.83288  -11.50044  18.717667    33.0438    33.0441 0.0000e+00
     98.000    -1.3599    -1.3601   2.651358   2.651333    363.389    360.807     0.1721     0.0508     0.1663    460.844   78.83288  -11.50044  18.662949    33.0627    33.0626 0.0000e+00
     99.000    -1.3458    -1.3460   2.654603   2.654572    363.348    360.216     0.1718     0.0413     0.1658    461.891   78.83288  -11.50044  18.626982    33.0910    33.0908 0.0000e+00
    100.000    -1.3590    -1.3585   2.656259   2.656248    363.198    359.867     0.1715     0.0424     0.1658    462.944   78.83288  -11.50044  18.854239    33.1277    33.1270 0.0000e+00
    101.000    -1.3364    -1.3374   2.661651   2.661590    361.470    358.128     0.1712     0.0416     0.1655    463.995   78.83288  -11.50044  18.729195    33.1760    33.1763 0.0000e+00
    102.000    -1.3150    -1.3153   2.665129   2.665149    360.388    357.060     0.1708     0.0427     0.1650    465.048   78.83288  -11.50044  18.709306    33.1994    33.1999 0.0000e+00
    103.000    -1.2869    -1.2879   2.669683   2.669677    360.615    356.334     0.1705     0.0463     0.1649    466.091   78.83288  -11.50044  19.533928    33.2300    33.2310 0.0000e+00
    104.000    -1.2542    -1.2546   2.674313   2.674253    360.004    355.414     0.1701     0.0431     0.1641    467.130   78.83288  -11.50044  19.364128    33.2564    33.2560 0.0000e+00
    105.000    -1.2407    -1.2407   2.676747   2.676757    359.591    354.809     0.1697     0.0389     0.1648    468.164   78.83288  -11.50044  19.281685    33.2741    33.2743 0.0000e+00
    106.000    -1.2204    -1.2213   2.679826   2.679711    357.927    353.728     0.1693     0.0409     0.1647    469.192   78.83288  -11.50044  19.260170    33.2930    33.2924 0.0000e+00
    107.000    -1.1867    -1.1890   2.684129   2.683934    355.759    352.172     0.1688     0.0471     0.1633    470.219   78.83288  -11.50044  18.978274    33.3138    33.3136 0.0000e+00
    108.000    -1.1734    -1.1734   2.685998   2.685934    355.323    351.692     0.1684     0.0483     0.1634    471.246   78.83288  -11.50044  19.116294    33.3239    33.3231 0.0000e+00
    109.000    -1.1660    -1.1674   2.687243   2.687086    354.492    351.079     0.1680     0.0332     0.1628    472.273   78.83288  -11.50044  20.049723    33.3321    33.3315 0.0000e+00
    110.000    -1.1119    -1.1134   2.695518   2.695432    352.326    349.347     0.1675     0.0437     0.1630    473.308   78.83288  -11.50044  19.763422    33.3842    33.3847 0.0000e+00
    111.000    -1.1029    -1.1027   2.700166   2.700087    352.662    348.488     0.1670     0.0323     0.1632    474.340   78.83288  -11.50044  19.806454    33.4370    33.4358 0.0000e+00
    112.000    -1.0968    -1.0972   2.702824   2.702752    352.200    348.061     0.1666     0.0382     0.1632    475.371   78.83288  -11.50044  19.914813    33.4658    33.4653 0.0000e+00
    113.000    -1.0347    -1.0371   2.710503   2.710452    349.808    346.240     0.1661     0.0392     0.1633    476.406   78.83288  -11.50044  19.931239    33.5006    33.5026 0.0000e+00
    114.000    -1.0400    -1.0366   2.713743   2.713625    349.148    346.136     0.1656     0.0450     0.1634    477.425   78.83288  -11.50044  19.918960    33.5500    33.5446 0.0000e+00
    115.000    -1.2517    -1.2463   2.700049   2.700060    351.567    348.230     0.1651     0.0456     0.1634    478.456   78.83288  -11.50044  20.054792    33.5993    33.5934 0.0000e+00
    116.000    -1.3384    -1.3365   2.695037   2.695019    345.687    345.046     0.1645     0.0408     0.1632    479.490   78.83288  -11.50044  19.952153    33.6274    33.6250 0.0000e+00
    117.000    -1.3565    -1.3562   2.694834   2.694812    341.734    342.445     0.1640     0.0493     0.1626    480.527   78.83288  -11.50044  19.496929    33.6443    33.6437 0.0000e+00
    118.000    -1.3507    -1.3510   2.697292   2.697268    351.400    346.178     0.1634     0.0584     0.1616    481.574   78.83288  -11.50044  19.573340    33.6711    33.6711 0.0000e+00
    119.000    -1.3136    -1.3147   2.703632   2.703619    364.763    351.712     0.1629     0.0606     0.1600    482.621   78.83288  -11.50044  18.786248    33.7157    33.7168 0.0000e+00
    120.000    -1.2807    -1.2817   2.707934   2.707815    371.986    356.159     0.1623     0.0562     0.1585    483.672   78.83288  -11.50044  18.392310    33.7371    33.7366 0.0000e+00
    121.000    -1.2337    -1.2371   2.713115   2.712974    373.111    358.021     0.1617     0.0535     0.1580    484.715   78.83288  -11.50044  19.056020    33.7545    33.7563 0.0000e+00
    122.000    -1.1587    -1.1600   2.721931   2.721795    369.695    357.113     0.1612     0.0456     0.1574    485.744   78.83288  -11.50044  19.332481    33.7901    33.7896 0.0000e+00
    123.000    -1.1581    -1.1581   2.723481   2.723404    366.054    356.455     0.1606     0.0452     0.1569    486.763   78.83288  -11.50044  19.447815    33.8100    33.8089 0.0000e+00
    124.000    -1.1375    -1.1394   2.726829   2.726692    361.009    354.096     0.1600     0.0479     0.1553    487.769   78.83288  -11.50044  19.526036    33.8319    33.8321 0.0000e+00
    125.000    -1.1020    -1.1041   2.731338   2.731055    354.253    350.584     0.1594     0.0409     0.1542    488.776   78.83288  -11.50044  19.696804    33.8528    33.8514 0.0000e+00
    126.000    -1.0952    -1.0953   2.732374   2.732316    350.958    348.366     0.1588     0.0438     0.1546    489.788   78.83288  -11.50044  19.918289    33.8587    33.8580 0.0000e+00
    127.000    -1.0783    -1.0790   2.734614   2.734531    349.566    346.742     0.1582     0.0388     0.1559    490.812   78.83288  -11.50044  19.946693    33.8696    33.8692 0.0000e+00
    128.000    -1.0723    -1.0722   2.735384   2.735327    348.025    345.235     0.1576     0.0393     0.1563    491.849   78.83288  -11.50044  20.148132    33.8727    33.8718 0.0000e+00
    129.000    -1.0687    -1.0688   2.735888   2.735815    346.575    344.154     0.1570     0.0461     0.1579    492.899   78.83288  -11.50044  20.113437    33.8749    33.8740 0.0000e+00
    130.000    -1.0638    -1.0638   2.736554   2.736520    346.029    343.138     0.1565     0.0519     0.1596    493.965   78.83288  -11.50044  20.916297    33.8778    33.8774 0.0000e+00
    131.000    -1.0365    -1.0378   2.739842   2.739772    345.910    342.714     0.1558     0.0397     0.1607    495.025   78.83288  -11.50044  20.107301    33.8913    33.8917 0.0000e+00
    132.000    -1.0037    -1.0042   2.743649   2.743574    346.377    342.478     0.1552     0.0397     0.1617    496.069   78.83288  -11.50044  20.239176    33.9055    33.9050 0.0000e+00
    133.000    -0.9752    -0.9772   2.748957   2.748774    347.311    342.532     0.1546     0.0514     0.1624    497.103   78.83288  -11.50044  20.201063    33.9450    33.9448 0.0000e+00
    134.000    -0.9444    -0.9450   2.754992   2.754912    346.258    341.842     0.1540     0.0407     0.1626    498.116   78.83288  -11.50044  20.260538    33.9917    33.9913 0.0000e+00
    135.000    -0.9430    -0.9425   2.756852   2.756756    345.693    341.068     0.1533     0.0440     0.1626    499.120   78.83288  -11.50044  20.524551    34.0148    34.0130 0.0000e+00
    136.000    -0.9571    -0.9566   2.756886   2.756788    343.648    339.622     0.1527     0.0404     0.1625    500.121   78.83288  -11.50044  20.423632    34.0306    34.0288 0.0000e+00
    137.000    -0.9686    -0.9688   2.756319   2.756257    340.098    337.949     0.1520     0.0340     0.1622    501.132   78.83288  -11.50044  20.812125    34.0354    34.0347 0.0000e+00
    138.000    -0.9812    -0.9805   2.756212   2.756172    338.204    336.597     0.1514     0.0316     0.1624    502.160   78.83288  -11.50044  20.847491    34.0476    34.0462 0.0000e+00
    139.000    -0.9958    -0.9954   2.756172   2.756132    338.427    335.690     0.1507     0.0351     0.1607    503.201   78.83288  -11.50044  20.850388    34.0629    34.0618 0.0000e+00
    140.000    -0.9927    -0.9928   2.757097   2.757039    339.612    334.876     0.1500     0.0387     0.1614    504.253   78.83288  -11.50044  21.227366    34.0713    34.0707 0.0000e+00
    141.000    -1.0022    -1.0009   2.756868   2.756851    340.505    335.004     0.1493     0.0354     0.1601    505.303   78.83288  -11.50046  21.052469    34.0783    34.0766 0.0000e+00
    142.000    -1.0278    -1.0268   2.755018   2.754969    341.341    335.553     0.1486     0.0313     0.1586    506.346   78.83288  -11.50046  21.302481    34.0815    34.0798 0.0000e+00
    143.000    -1.0526    -1.0513   2.753340   2.753341    341.241    335.565     0.1478     0.0365     0.1575    507.386   78.83288  -11.50046  21.348672    34.0861    34.0847 0.0000e+00
    144.000    -1.0601    -1.0602   2.752859   2.752794    341.030    335.342     0.1471     0.0437     0.1573    508.415   78.83288  -11.50046  21.022773    34.0874    34.0866 0.0000e+00
    145.000    -1.0529    -1.0534   2.753715   2.753630    341.641    335.323     0.1464     0.0371     0.1562    509.436   78.83288  -11.50046  20.888024    34.0903    34.0898 0.0000e+00
    146.000    -1.0530    -1.0526   2.753817   2.753796    343.776    335.984     0.1458     0.0311     0.1552    510.454   78.83288  -11.50046  20.788471    34.0913    34.0905 0.0000e+00
    147.000    -1.0526    -1.0525   2.753944   2.753904    344.169    336.341     0.1451     0.0312     0.1541    511.476   78.83288  -11.50046  20.868998    34.0919    34.0912 0.0000e+00
    148.000    -1.0511    -1.0520   2.754172   2.754022    343.884    336.469     0.1444     0.0321     0.1538    512.505   78.83288  -11.50046  21.092053    34.0927    34.0917 0.0000e+00
    149.000    -1.0345    -1.0366   2.755877   2.755696    343.049    336.063     0.1438     0.0443     0.1537    513.543   78.83288  -11.50046  21.113430    34.0965    34.0964 0.0000e+00
    150.000    -1.0055    -1.0073   2.758985   2.758865    342.967    336.044     0.1432     0.0385     0.1533    514.583   78.83288  -11.50046  21.089840    34.1054    34.1058 0.0000e+00
    151.000    -0.9970    -0.9962   2.760172   2.760179    343.369    336.539     0.1426     0.0312     0.1540    515.624   78.83288  -11.50046  21.077919    34.1113    34.1105 0.0000e+00
    152.000    -1.0259    -1.0241   2.758242   2.758188    343.024    336.836     0.1421     0.0373     0.1529    516.661   78.83288  -11.50046  21.361869    34.1171    34.1144 0.0000e+00
    153.000    -1.1186    -1.1181   2.751470   2.751179    341.764    336.518     0.1416     0.0266     0.1537    517.699   78.83288  -11.50046  21.371159    34.1293    34.1248 0.0000e+00
    154.000    -1.2343    -1.2273   2.742033   2.742011    339.506    335.512     0.1411     0.0357     0.1528    518.728   78.83288  -11.50046  21.045767    34.1312    34.1228 0.0000e+00
    155.000    -1.3081    -1.3087   2.736063   2.736024    338.405    334.642     0.1406     0.0389     0.1516    519.752   78.83288  -11.50046  21.010702    34.1327    34.1328 0.0000e+00
    156.000    -1.3238    -1.3213   2.734836   2.734853    339.249    334.146     0.1402     0.0327     0.1513    520.770   78.83288  -11.50046  21.191134    34.1332    34.1305 0.0000e+00
    157.000    -1.4237    -1.4199   2.726650   2.726671    347.072    337.426     0.1398     0.0300     0.1510    521.790   78.83288  -11.50046  20.865195    34.1338    34.1298 0.0000e+00
    158.000    -1.4801    -1.4777   2.722125   2.722174    352.632    339.124     0.1394     0.0292     0.1497    522.825   78.83288  -11.50046  20.869303    34.1352    34.1332 0.0000e+00
    159.000    -1.5503    -1.5467   2.716789   2.716914    354.137    340.504     0.1390     0.0339     0.1476    523.862   78.83288  -11.50046  20.628813    34.1413    34.1388 0.0000e+00
    160.000    -1.5494    -1.5509   2.717095   2.717082    355.598    341.622     0.1387     0.0341     0.1472    524.906   78.83288  -11.50046  20.892510    34.1438    34.1454 0.0000e+00
    161.000    -1.5327    -1.5330   2.718783   2.718746    358.107    343.035     0.1384     0.0332     0.1446    525.945   78.83288  -11.50046  20.817985    34.1474    34.1472 0.0000e+00
    162.000    -1.4874    -1.4901   2.722964   2.722759    361.312    345.026     0.1381     0.0382     0.1432    526.983   78.83288  -11.50046  20.596334    34.1527    34.1529 0.0000e+00
    163.000    -1.5089    -1.5095   2.721585   2.721713    362.479    347.209     0.1378     0.0344     0.1420    528.019   78.83288  -11.50046  20.560535    34.1576    34.1601 0.0000e+00
    164.000    -1.4263    -1.4294   2.729039   2.728873    359.062    346.506     0.1376     0.0252     0.1407    529.046   78.83288  -11.50046  20.583674    34.1654    34.1667 0.0000e+00
    165.000    -1.2138    -1.2290   2.747873   2.747323    353.659    344.304     0.1373     0.0320     0.1393    530.072   78.83288  -11.50046  20.684068    34.1810    34.1908 0.0000e+00
    166.000    -1.1063    -1.1080   2.757698   2.757495    353.966    344.327     0.1371     0.0373     0.1390    531.091   78.83288  -11.50046  21.084870    34.1925    34.1916 0.0000e+00
    167.000    -1.0457    -1.0491   2.763404   2.763274    353.769    344.507     0.1369     0.0302     0.1390    532.110   78.83288  -11.50046  21.605555    34.2007    34.2029 0.0000e+00
    168.000    -0.9642    -0.9780   2.771254   2.770629    343.813    340.753     0.1368     0.0240     0.1406    533.136   78.83288  -11.50046  21.692878    34.2143    34.2215 0.0000e+00
    169.000    -0.7868    -0.7949   2.787354   2.786744    332.691    335.497     0.1366     0.0166     0.1420    534.167   78.83288  -11.50046  21.993561    34.2311    34.2320 0.0000e+00
    170.000    -0.6422    -0.6499   2.801459   2.801088    331.122    333.611     0.1364     0.0165     0.1427    535.207   78.83288  -11.50046  21.983608    34.2573    34.2610 0.0000e+00
