test_project/cnv_files/Sta0237_bin.cnv
* Sea-Bird SBE 9 Data File:
* FileName = C:\Seabird\CTDDATA\Sta0237.hex
* Software Version Seasave V 7.26.7.107
* Temperature SN = 03-4535
* Conductivity SN = 2860
* Number of Bytes Per Scan = 44
* Number of Voltage Words = 5
* Number of Scans Averaged by the Deck Unit = 1
* NMEA Latitude = 78 50.19 N
* NMEA Longitude = 004 59.44 W
* NMEA UTC (Time) = Sep 11 2019 12:40:38
* NMEA baud rate = 9600
** Ship: "Kronprins Haakon"
** Station: 0237
** Echodepth: 1022
** Log: 6312.532
** Wind-Dir Force(m/s): 20 25
** Air-temp (dry): -1.5
** Weather Sky: 8 8
** Sea Ice: 4 4
# nquan = 17
# nvalues = 981                         
# units = specified
# name 0 = prDM: Pressure, Digiquartz [db]
# name 1 = t090C: Temperature [ITS-90, deg C]
# name 2 = t190C: Temperature, 2 [ITS-90, deg C]
# name 3 = c0S/m: Conductivity [S/m]
# name 4 = c1S/m: Conductivity, 2 [S/m]
# name 5 = sbox0Mm/Kg: Oxygen, SBE 43 [umol/kg]
# name 6 = sbox1Mm/Kg: Oxygen, SBE 43, 2 [umol/kg]
# name 7 = wetCDOM: Fluorescence, WET Labs CDOM [mg/m^3]
# name 8 = flECO-AFL: Fluorescence, WET Labs ECO-AFL/FL [mg/m^3]
# name 9 = CStarAt0: Beam Attenuation, WET Labs C-Star [1/m]
# name 10 = timeS: Time, Elapsed [seconds]
# name 11 = latitude: Latitude [deg]
# name 12 = longitude: Longitude [deg]
# name 13 = upoly0: Upoly 0, ISUS
# name 14 = sal00: Salinity, Practical [PSU]
# name 15 = sal11: Salinity, Practical, 2 [PSU]
# name 16 = flag: flag
# span 0 =      1.000,    981.000       
# span 1 =    -1.6863,     1.0833       
# span 2 =    -1.6869,     1.0823       
# span 3 =   2.390321,   2.994782       
# span 4 =   2.390442,   2.994732       
# span 5 =    306.180,    420.312       
# span 6 =    299.902,    411.483       
# span 7 =     0.1206,     0.1955       
# span 8 =     0.0002,     0.7654       
# span 9 =     0.1212,     0.2775       
# span 10 =    268.777,   1261.995      
# span 11 =   78.83554,   78.83626      
# span 12 =   -4.98569,   -4.96731      
# span 13 =  11.384199,  24.596830      
# span 14 =    29.6893,    34.8931      
# span 15 =    29.6902,    34.8938      
# span 16 = 0.0000e+00, 0.0000e+00      
# interval = decibars: 1                
# start_time = Sep 11 2019 12:40:38 [NMEA time, header]
# bad_flag = -9.990e-29
*END*
[from data line 171]
    172.000     0.2177     0.2177   2.900847   2.900836    311.751    304.850     0.1364     0.0234     0.1422    450.492   78.83612   -4.98162  22.276806    34.6107    34.6105 0.0000e+00
    173.000     0.2119     0.2118   2.900451   2.900430    311.493    304.571     0.1364     0.0178     0.1413    451.490   78.83612   -4.98162  22.511430    34.6114    34.6112 0.0000e+00
    174.000     0.2114     0.2108   2.900912   2.900884    312.400    304.370     0.1363     0.0230     0.1405    452.501   78.83612   -4.98160  22.481890    34.6174    34.6177 0.0000e+00
    175.000     0.2310     0.2302   2.903092   2.903050    313.134    303.922     0.1362     0.0240     0.1393    453.515   78.83612   -4.98157  21.725210    34.6234    34.6238 0.0000e+00
    176.000     0.2499     0.2489   2.905180   2.905137    313.738    304.235     0.1360     0.0241     0.1380    454.510   78.83610   -4.98154  22.126319    34.6291    34.6296 0.0000e+00
    177.000     0.2580     0.2576   2.906146   2.906111    314.760    304.902     0.1359     0.0150     0.1371    455.478   78.83610   -4.98152  22.359786    34.6320    34.6321 0.0000e+00
    178.000     0.2675     0.2667   2.907196   2.907174    314.784    305.260     0.1358     0.0064     0.1354    456.426   78.83610   -4.98150  22.422635    34.6346    34.6352 0.0000e+00
    179.000     0.2756     0.2758   2.908199   2.908187    314.212    305.497     0.1356     0.0067     0.1343    457.372   78.83610   -4.98148  22.458111    34.6380    34.6377 0.0000e+00
    180.000     0.2862     0.2854   2.909558   2.909531    313.659    305.520     0.1354     0.0180     0.1331    458.329   78.83610   -4.98148  22.534428    34.6435    34.6439 0.0000e+00
    181.000     0.2983     0.2976   2.911068   2.911027    312.886    305.526     0.1352     0.0240     0.1324    459.305   78.83610   -4.98146  21.991142    34.6491    34.6493 0.0000e+00
    182.000     0.3066     0.3059   2.912040   2.911972    313.320    305.270     0.1350     0.0233     0.1318    460.303   78.83610   -4.98146  22.033132    34.6519    34.6517 0.0000e+00
    183.000     0.3180     0.3174   2.913355   2.913326    312.949    304.852     0.1348     0.0113     0.1321    461.315   78.83610   -4.98144  22.613339    34.6557    34.6560 0.0000e+00
    184.000     0.3353     0.3341   2.915293   2.915235    311.558    304.421     0.1346     0.0219     0.1332    462.326   78.83610   -4.98142  22.636060    34.6611    34.6617 0.0000e+00
    185.000     0.3646     0.3634   2.918429   2.918377    310.666    303.812     0.1344     0.0243     0.1326    463.330   78.83610   -4.98138  22.377407    34.6688    34.6694 0.0000e+00
    186.000     0.3830     0.3826   2.920445   2.920432    310.496    304.019     0.1342     0.0192     0.1322    464.312   78.83610   -4.98136  22.176632    34.6740    34.6742 0.0000e+00
    187.000     0.3872     0.3871   2.921023   2.921010    310.783    304.075     0.1339     0.0126     0.1325    465.277   78.83610   -4.98134  21.810768    34.6761    34.6761 0.0000e+00
    188.000     0.4200     0.4172   2.924303   2.924218    310.200    303.777     0.1337     0.0128     0.1324    466.235   78.83610   -4.98132  22.773167    34.6817    34.6837 0.0000e+00
    189.000     0.4594     0.4589   2.928393   2.928344    309.423    303.563     0.1335     0.0166     0.1321    467.196   78.83610   -4.98130  22.864769    34.6903    34.6903 0.0000e+00
    190.000     0.4788     0.4782   2.930602   2.930571    310.356    304.077     0.1332     0.0182     0.1316    468.168   78.83610   -4.98130  22.582970    34.6969    34.6972 0.0000e+00
    191.000     0.4853     0.4850   2.931463   2.931442    310.139    304.235     0.1330     0.0246     0.1315    469.160   78.83610   -4.98128  22.355813    34.7003    34.7003 0.0000e+00
    192.000     0.4975     0.4968   2.932816   2.932759    309.682    304.284     0.1328     0.0299     0.1312    470.166   78.83610   -4.98126  22.480846    34.7036    34.7037 0.0000e+00
    193.000     0.4962     0.4970   2.932884   2.932901    309.473    304.035     0.1325     0.0243     0.1306    471.180   78.83610   -4.98124  22.742130    34.7054    34.7047 0.0000e+00
    194.000     0.4824     0.4824   2.931766   2.931774    309.560    303.870     0.1323     0.0179     0.1306    472.185   78.83610   -4.98122  22.900341    34.7057    34.7057 0.0000e+00
    195.000     0.5109     0.5086   2.934621   2.934536    308.644    303.488     0.1321     0.0227     0.1304    473.178   78.83610   -4.98120  22.835480    34.7103    34.7119 0.0000e+00
    196.000     0.5575     0.5565   2.939429   2.939405    308.401    302.885     0.1318     0.0188     0.1304    474.152   78.83608   -4.98118  22.971707    34.7202    34.7210 0.0000e+00
    197.000     0.5283     0.5312   2.937067   2.937144    310.080    303.172     0.1316     0.0210     0.1306    475.115   78.83608   -4.98116  22.629105    34.7216    34.7194 0.0000e+00
    198.000     0.5055     0.5058   2.935118   2.935105    309.750    302.597     0.1313     0.0170     0.1316    476.076   78.83608   -4.98114  22.646320    34.7211    34.7206 0.0000e+00
    199.000     0.5050     0.5048   2.935136   2.935117    307.238    301.270     0.1310     0.0120     0.1330    477.045   78.83608   -4.98114  22.909500    34.7213    34.7214 0.0000e+00
    200.000     0.5076     0.5072   2.935524   2.935507    306.180    300.682     0.1308     0.0150     0.1337    478.026   78.83610   -4.98112  22.516535    34.7230    34.7232 0.0000e+00
    201.000     0.5261     0.5250   2.937492   2.937441    306.571    300.845     0.1305     0.0109     0.1339    479.012   78.83610   -4.98111  22.579801    34.7272    34.7279 0.0000e+00
    202.000     0.5385     0.5388   2.938776   2.938774    307.226    300.530     0.1302     0.0158     0.1338    480.014   78.83610   -4.98109  22.582265    34.7295    34.7291 0.0000e+00
    203.000     0.5336     0.5336   2.938507   2.938480    308.124    300.722     0.1299     0.0103     0.1337    481.017   78.83609   -4.98107  22.857917    34.7308    34.7305 0.0000e+00
    204.000     0.5417     0.5412   2.939381   2.939367    307.901    300.840     0.1297     0.0158     0.1341    482.011   78.83608   -4.98105  22.963393    34.7326    34.7330 0.0000e+00
    205.000     0.5516     0.5512   2.940421   2.940419    307.577    301.092     0.1294     0.0108     0.1337    482.986   78.83608   -4.98103  23.237987    34.7345    34.7348 0.0000e+00
    206.000     0.5633     0.5632   2.941740   2.941756    307.908    300.957     0.1291     0.0200     0.1334    483.956   78.83608   -4.98101  23.407425    34.7380    34.7382 0.0000e+00
    207.000     0.5726     0.5720   2.942783   2.942746    308.085    300.844     0.1288     0.0242     0.1330    484.922   78.83608   -4.98099  22.973823    34.7405    34.7407 0.0000e+00
    208.000     0.5881     0.5876   2.944376   2.944380    308.273    300.797     0.1285     0.0201     0.1326    485.899   78.83608   -4.98097  23.152636    34.7433    34.7439 0.0000e+00
    209.000     0.6091     0.6085   2.946508   2.946481    307.636    301.014     0.1282     0.0167     0.1319    486.892   78.83608   -4.98096  22.748220    34.7470    34.7472 0.0000e+00
    210.000     0.6148     0.6149   2.947239   2.947239    307.505    301.032     0.1279     0.0142     0.1320    487.896   78.83608   -4.98095  22.968032    34.7495    34.7494 0.0000e+00
    211.000     0.6072     0.6079   2.946643   2.946658    307.425    300.924     0.1277     0.0113     0.1324    488.905   78.83608   -4.98093  23.188707    34.7496    34.7491 0.0000e+00
    212.000     0.5921     0.5921   2.945468   2.945463    307.616    300.834     0.1274     0.0175     0.1330    489.910   78.83608   -4.98091  23.121199    34.7507    34.7506 0.0000e+00
    213.000     0.6117     0.6115   2.947563   2.947563    306.987    300.398     0.1271     0.0221     0.1329    490.912   78.83608   -4.98089  22.817445    34.7554    34.7556 0.0000e+00
    214.000     0.6115     0.6105   2.947613   2.947488    307.591    300.735     0.1268     0.0104     0.1325    491.895   78.83608   -4.98087  22.659880    34.7557    34.7552 0.0000e+00
    215.000     0.6148     0.6132   2.948051   2.947921    307.799    300.760     0.1266     0.0097     0.1319    492.861   78.83607   -4.98085  23.054046    34.7570    34.7572 0.0000e+00
    216.000     0.6357     0.6344   2.950143   2.950070    307.712    300.479     0.1263     0.0149     0.1320    493.825   78.83606   -4.98083  22.943468    34.7602    34.7608 0.0000e+00
    217.000     0.6460     0.6462   2.951192   2.951202    307.712    300.540     0.1261     0.0161     0.1322    494.798   78.83606   -4.98081  22.912203    34.7618    34.7617 0.0000e+00
    218.000     0.6577     0.6553   2.952355   2.952177    307.906    300.554     0.1259     0.0129     0.1322    495.785   78.83606   -4.98079  22.935362    34.7632    34.7636 0.0000e+00
    219.000     0.7244     0.7172   2.958753   2.958316    307.132    299.902     0.1257     0.0126     0.1322    496.790   78.83607   -4.98077  23.168117    34.7710    34.7734 0.0000e+00
    220.000     0.7671     0.7670   2.962927   2.962904    307.321    300.019     0.1255     0.0138     0.1325    497.801   78.83608   -4.98075  23.406645    34.7768    34.7766 0.0000e+00
    221.000     0.7789     0.7784   2.964219   2.964186    308.541    301.223     0.1254     0.0119     0.1326    498.807   78.83607   -4.98073  23.003281    34.7797    34.7799 0.0000e+00
    222.000     0.8151     0.8111   2.967737   2.967473    307.571    301.281     0.1252     0.0163     0.1336    499.810   78.83606   -4.98071  22.613364    34.7842    34.7853 0.0000e+00
    223.000     0.8428     0.8396   2.970472   2.970213    307.037    301.275     0.1251     0.0155     0.1336    500.798   78.83606   -4.98069  23.219981    34.7880    34.7883 0.0000e+00
    224.000     0.8820     0.8806   2.974346   2.974322    307.043    301.585     0.1250     0.0098     0.1343    501.776   78.83606   -4.98067  22.961807    34.7938    34.7950 0.0000e+00
    225.000     0.9129     0.9147   2.977456   2.977705    307.292    302.076     0.1249     0.0096     0.1342    502.750   78.83606   -4.98065  22.749560    34.7988    34.8001 0.0000e+00
    226.000     0.9202     0.9215   2.978265   2.978312    308.014    302.546     0.1249     0.0096     0.1350    503.731   78.83606   -4.98064  22.830968    34.8005    34.7997 0.0000e+00
    227.000     0.9323     0.9324   2.979500   2.979535    308.004    302.765     0.1248     0.0096     0.1355    504.712   78.83606   -4.98063  23.083888    34.8024    34.8027 0.0000e+00
    228.000     0.9396     0.9398   2.980293   2.980308    307.722    302.986     0.1247     0.0096     0.1352    505.706   78.83606   -4.98061  22.866703    34.8039    34.8038 0.0000e+00
    229.000     0.9516     0.9489   2.981588   2.981495    308.254    303.559     0.1246     0.0096     0.1357    506.706   78.83606   -4.98059  22.996382    34.8066    34.8084 0.0000e+00
    230.000     1.0506     1.0493   2.991244   2.991260    307.303    302.945     0.1246     0.0093     0.1357    507.709   78.83606   -4.98057  22.999147    34.8199    34.8216 0.0000e+00
    231.000     1.0577     1.0584   2.992017   2.992073    309.581    304.035     0.1245     0.0123     0.1354    508.713   78.83606   -4.98055  22.872924    34.8215    34.8213 0.0000e+00
    232.000     1.0646     1.0645   2.992733   2.992723    310.729    304.413     0.1244     0.0160     0.1356    509.710   78.83606   -4.98053  22.952209    34.8224    34.8224 0.0000e+00
    233.000     1.0829     1.0814   2.994647   2.994521    309.440    304.390     0.1244     0.0115     0.1358    510.703   78.83606   -4.98051  23.000397    34.8260    34.8260 0.0000e+00
    234.000     1.0833     1.0817   2.994782   2.994617    308.933    304.894     0.1243     0.0043     0.1361    511.688   78.83606   -4.98049  23.072709    34.8267    34.8263 0.0000e+00
    235.000     1.0819     1.0823   2.994688   2.994732    309.550    305.000     0.1242     0.0159     0.1366    512.669   78.83606   -4.98047  23.379558    34.8264    34.8266 0.0000e+00
    236.000     1.0631     1.0698   2.992976   2.993409    309.872    305.140     0.1241     0.0164     0.1364    513.656   78.83606   -4.98045  22.892313    34.8247    34.8228 0.0000e+00
    237.000     1.0022     1.0032   2.987426   2.987436    310.708    305.587     0.1241     0.0165     0.1359    514.652   78.83606   -4.98043  23.322636    34.8207    34.8197 0.0000e+00
    238.000     0.9704     0.9765   2.984468   2.984923    310.490    305.095     0.1240     0.0049     0.1356    515.656   78.83606   -4.98041  22.846103    34.8174    34.8165 0.0000e+00
    239.000     0.9619     0.9616   2.983666   2.983606    310.078    304.535     0.1239     0.0021     0.1352    516.655   78.83606   -4.98039  22.849584    34.8160    34.8155 0.0000e+00
    240.000     0.9183     0.9219   2.979679   2.979751    311.394    304.437     0.1239     0.0156     0.1352    517.644   78.83606   -4.98038  22.957524    34.8126    34.8096 0.0000e+00
    241.000     0.7964     0.8030   2.968594   2.968962    313.517    304.930     0.1238     0.0205     0.1343    518.629   78.83606   -4.98037  22.961627    34.8051    34.8024 0.0000e+00
    242.000     0.7773     0.7779   2.966810   2.966831    311.728    303.642     0.1238     0.0133     0.1337    519.609   78.83606   -4.98035  23.215089    34.8026    34.8023 0.0000e+00
    243.000     0.7837     0.7833   2.967454   2.967509    310.766    302.652     0.1237     0.0116     0.1322    520.591   78.83606   -4.98033  23.216885    34.8033    34.8045 0.0000e+00
    244.000     0.8069     0.8072   2.969755   2.969768    312.721    302.386     0.1237     0.0143     0.1321    521.593   78.83606   -4.98031  23.183137    34.8065    34.8064 0.0000e+00
    245.000     0.8074     0.8075   2.969885   2.969875    314.910    302.564     0.1237     0.0108     0.1311    522.605   78.83605   -4.98029  22.977598    34.8070    34.8068 0.0000e+00
    246.000     0.8041     0.8033   2.969683   2.969576    314.508    302.705     0.1236     0.0154     0.1304    523.621   78.83604   -4.98027  23.249495    34.8076    34.8070 0.0000e+00
    247.000     0.7614     0.7653   2.965855   2.966099    313.060    303.063     0.1236     0.0098     0.1312    524.625   78.83604   -4.98025  23.234911    34.8051    34.8039 0.0000e+00
    248.000     0.7485     0.7509   2.964715   2.964912    311.299    302.998     0.1236     0.0100     0.1305    525.606   78.83604   -4.98023  23.061664    34.8042    34.8041 0.0000e+00
    249.000     0.7444     0.7442   2.964382   2.964349    309.859    302.765     0.1236     0.0212     0.1299    526.568   78.83604   -4.98021  23.191626    34.8039    34.8037 0.0000e+00
    250.000     0.7487     0.7480   2.964865   2.964859    310.867    302.407     0.1235     0.0238     0.1294    527.527   78.83604   -4.98020  23.759252    34.8047    34.8054 0.0000e+00
    251.000     0.7690     0.7682   2.966864   2.966815    311.446    302.201     0.1235     0.0155     0.1293    528.498   78.83604   -4.98018  23.422645    34.8074    34.8076 0.0000e+00
    252.000     0.7802     0.7793   2.968015   2.967970    312.255    302.308     0.1235     0.0170     0.1293    529.502   78.83604   -4.98018  23.051042    34.8092    34.8095 0.0000e+00
    253.000     0.8090     0.8068   2.970884   2.970793    312.329    302.014     0.1235     0.0209     0.1292    530.527   78.83604   -4.98015  22.844248    34.8134    34.8147 0.0000e+00
    254.000     0.8372     0.8373   2.973706   2.973736    311.627    302.065     0.1235     0.0167     0.1293    531.559   78.83604   -4.98013  22.859549    34.8179    34.8182 0.0000e+00
    255.000     0.8183     0.8193   2.972096   2.972125    311.212    302.749     0.1235     0.0189     0.1301    532.578   78.83604   -4.98011  22.934840    34.8176    34.8168 0.0000e+00
