test_project/cnv_files/sta0197_bin.cnv
* Sea-Bird SBE 9 Data File:
* FileName = C:\Seabird\CTDDATA\Sta0197.hex
* Software Version Seasave V 7.26.7.107
* Temperature SN = 03-4535
* Conductivity SN = 2860
* Number of Bytes Per Scan = 44
* Number of Voltage Words = 5
* Number of Scans Averaged by the Deck Unit = 1
* NMEA Latitude = 78 49.48 N
* NMEA Longitude = 002 30.32 W
* NMEA UTC (Time) = Sep 02 2019 22:27:21
* NMEA baud rate = 9600
** Ship: "Kronprins Haakon"
** Station: 197
** Echodepth: 2588
** Log: 5737.160
** Wind-Dir Force(m/s): 03 30
** Air-temp (dry): -1.3
** Weather Sky: 4 8
** Sea Ice: 5 0
# nquan = 16
# nvalues = 2622                        
# units = specified
# name 0 = prDM: Pressure, Digiquartz [db]
# name 1 = t090C: Temperature [ITS-90, deg C]
# name 2 = t190C: Temperature, 2 [ITS-90, deg C]
# name 3 = c0S/m: Conductivity [S/m]
# name 4 = c1S/m: Conductivity, 2 [S/m]
# name 5 = sbox0Mm/Kg: Oxygen, SBE 43 [umol/kg]
# name 6 = sbox1Mm/Kg: Oxygen, SBE 43, 2 [umol/kg]
# name 7 = wetCDOM: Fluorescence, WET Labs CDOM [mg/m^3]
# name 8 = flECO-AFL: Fluorescence, WET Labs ECO-AFL/FL [mg/m^3]
# name 9 = CStarAt0: Beam Attenuation, WET Labs C-Star [1/m]
# name 10 = timeS: Time, Elapsed [seconds]
# name 11 = latitude: Latitude [deg]
# name 12 = longitude: Longitude [deg]
# name 13 = sal00: Salinity, Practical [PSU]
# name 14 = sal11: Salinity, Practical, 2 [PSU]
# name 15 = flag: flag
# span 0 =      1.000,   2622.000       
# span 1 =    -1.7661,     3.5013       
# span 2 =    -1.7662,     3.5009       
# span 3 =   2.505170,   3.216688       
# span 4 =   2.504442,   3.216432       
# span 5 =    299.809,    421.687       
# span 6 =    297.548,    411.143       
# span 7 =     0.0994,     0.1739       
# span 8 =    -0.0068,     1.4568       
# span 9 =     0.1051,     0.3810       
# span 10 =    288.757,   3002.414      
# span 11 =   78.82466,   78.82472      
# span 12 =   -2.50577,   -2.50536      
# span 13 =    30.9828,    34.9942      
# span 14 =    30.9730,    34.9938      
# span 15 = 0.0000e+00, 0.0000e+00      
# interval = decibars: 1                
# start_time = Sep 02 2019 22:27:21 [NMEA time, header]
# bad_flag = -9.990e-29
*END*
[from data line 724]
    725.000     0.3783     0.3784   2.959526   2.959539    317.384    308.294     0.1205     0.0095     0.1071   1109.101   78.82470   -2.50554    34.8726    34.8727 0.0000e+00
    726.000     0.3737     0.3738   2.959154   2.959171    317.553    308.428     0.1206     0.0025     0.1071   1110.124   78.82470   -2.50554    34.8724    34.8725 0.0000e+00
    727.000     0.3741     0.3738   2.959235   2.959229    317.693    308.565     0.1206     0.0006     0.1069   1111.132   78.82470   -2.50554    34.8723    34.8726 0.0000e+00
    728.000     0.3719     0.3720   2.959085   2.959082    317.739    308.465     0.1206     0.0053     0.1069   1112.124   78.82470   -2.50556    34.8723    34.8722 0.0000e+00
    729.000     0.3682     0.3682   2.958808   2.958802    317.801    308.116     0.1206     0.0096     0.1068   1113.095   78.82468   -2.50554    34.8722    34.8722 0.0000e+00
    730.000     0.3628     0.3628   2.958376   2.958380    317.292    308.075     0.1206     0.0095     0.1070   1114.066   78.82468   -2.50554    34.8721    34.8722 0.0000e+00
    731.000     0.3601     0.3598   2.958174   2.958175    317.135    308.376     0.1207     0.0088     0.1069   1115.051   78.82468   -2.50554    34.8720    34.8723 0.0000e+00
    732.000     0.3576     0.3575   2.958013   2.958003    317.076    308.143     0.1207     0.0079     0.1069   1116.051   78.82470   -2.50552    34.8721    34.8721 0.0000e+00
    733.000     0.3566     0.3565   2.957972   2.957968    317.143    308.283     0.1207     0.0024     0.1077   1117.052   78.82470   -2.50552    34.8721    34.8722 0.0000e+00
    734.000     0.3565     0.3564   2.958008   2.958005    317.503    308.383     0.1207     0.0085     0.1076   1118.048   78.82470   -2.50552    34.8721    34.8722 0.0000e+00
    735.000     0.3565     0.3564   2.958047   2.958050    317.805    308.473     0.1207     0.0026     0.1070   1119.043   78.82470   -2.50552    34.8720    34.8722 0.0000e+00
    736.000     0.3568     0.3567   2.958122   2.958116    317.653    308.354     0.1207     0.0076     0.1069   1120.046   78.82468   -2.50552    34.8721    34.8722 0.0000e+00
    737.000     0.3564     0.3563   2.958134   2.958135    316.917    307.880     0.1207     0.0025     0.1069   1121.037   78.82468   -2.50552    34.8721    34.8722 0.0000e+00
    738.000     0.3552     0.3552   2.958081   2.958081    316.740    308.182     0.1207     0.0001     0.1078   1122.011   78.82468   -2.50552    34.8722    34.8722 0.0000e+00
    739.000     0.3542     0.3541   2.958035   2.958022    317.058    308.457     0.1207     0.0001     0.1069   1122.971   78.82469   -2.50552    34.8722    34.8721 0.0000e+00
    740.000     0.3510     0.3509   2.957815   2.957815    316.673    308.252     0.1207     0.0045     0.1067   1123.943   78.82470   -2.50551    34.8723    34.8724 0.0000e+00
    741.000     0.3514     0.3512   2.957922   2.957910    316.784    307.836     0.1207     0.0059     0.1064   1124.951   78.82470   -2.50550    34.8727    34.8728 0.0000e+00
    742.000     0.3497     0.3498   2.957846   2.957844    316.728    308.138     0.1207     0.0009     0.1067   1125.979   78.82470   -2.50550    34.8730    34.8728 0.0000e+00
    743.000     0.3445     0.3450   2.957409   2.957452    316.647    307.936     0.1207     0.0002     0.1068   1126.990   78.82470   -2.50550    34.8725    34.8726 0.0000e+00
    744.000     0.3394     0.3399   2.956985   2.957023    316.809    307.791     0.1207    -0.0003     0.1068   1127.968   78.82470   -2.50550    34.8722    34.8721 0.0000e+00
    745.000     0.3358     0.3357   2.956709   2.956699    317.189    308.206     0.1207    -0.0018     0.1066   1128.931   78.82470   -2.50550    34.8721    34.8720 0.0000e+00
    746.000     0.3369     0.3365   2.956892   2.956872    317.344    308.160     0.1207     0.0071     0.1069   1129.904   78.82470   -2.50549    34.8726    34.8728 0.0000e+00
    747.000     0.3377     0.3376   2.957042   2.957061    317.433    307.901     0.1206     0.0083     0.1069   1130.886   78.82470   -2.50548    34.8731    34.8735 0.0000e+00
    748.000     0.3363     0.3358   2.956956   2.956948    317.614    308.156     0.1206     0.0014     0.1066   1131.878   78.82470   -2.50548    34.8730    34.8734 0.0000e+00
    749.000     0.3320     0.3321   2.956626   2.956629    317.397    308.342     0.1206    -0.0019     0.1069   1132.883   78.82470   -2.50548    34.8729    34.8729 0.0000e+00
    750.000     0.3239     0.3239   2.955962   2.955977    317.309    308.424     0.1206    -0.0023     0.1075   1133.893   78.82470   -2.50548    34.8728    34.8730 0.0000e+00
    751.000     0.3207     0.3210   2.955711   2.955746    316.859    308.418     0.1205     0.0038     0.1063   1134.898   78.82470   -2.50548    34.8725    34.8727 0.0000e+00
    752.000     0.3173     0.3172   2.955470   2.955471    316.822    308.608     0.1205     0.0045     0.1062   1135.899   78.82470   -2.50547    34.8726    34.8727 0.0000e+00
    753.000     0.3155     0.3154   2.955360   2.955368    317.116    308.523     0.1204     0.0009     0.1065   1136.898   78.82470   -2.50546    34.8726    34.8728 0.0000e+00
    754.000     0.3140     0.3139   2.955277   2.955272    317.636    308.063     0.1204     0.0067     0.1064   1137.903   78.82470   -2.50546    34.8727    34.8727 0.0000e+00
    755.000     0.3111     0.3109   2.955073   2.955080    317.635    308.222     0.1203     0.0004     0.1067   1138.916   78.82470   -2.50545    34.8727    34.8730 0.0000e+00
    756.000     0.3103     0.3101   2.955067   2.955059    317.527    308.457     0.1203     0.0076     0.1061   1139.924   78.82470   -2.50544    34.8729    34.8730 0.0000e+00
    757.000     0.3096     0.3095   2.955076   2.955072    317.126    308.221     0.1202    -0.0015     0.1065   1140.919   78.82470   -2.50544    34.8733    34.8733 0.0000e+00
    758.000     0.3067     0.3065   2.954872   2.954868    317.332    307.644     0.1202     0.0012     0.1065   1141.913   78.82470   -2.50544    34.8733    34.8734 0.0000e+00
    759.000     0.3068     0.3066   2.954959   2.954958    317.106    307.587     0.1201     0.0006     0.1067   1142.924   78.82470   -2.50544    34.8737    34.8739 0.0000e+00
    760.000     0.3064     0.3062   2.954970   2.954968    317.238    307.996     0.1200     0.0074     0.1063   1143.928   78.82470   -2.50544    34.8737    34.8739 0.0000e+00
    761.000     0.3060     0.3058   2.954982   2.954975    317.564    308.128     0.1199     0.0094     0.1067   1144.923   78.82470   -2.50544    34.8737    34.8739 0.0000e+00
    762.000     0.3039     0.3041   2.954855   2.954874    317.348    308.220     0.1199     0.0096     0.1059   1145.905   78.82470   -2.50543    34.8738    34.8739 0.0000e+00
    763.000     0.2996     0.2995   2.954513   2.954509    317.609    308.597     0.1198     0.0052     0.1065   1146.891   78.82470   -2.50542    34.8737    34.8738 0.0000e+00
    764.000     0.2966     0.2966   2.954298   2.954318    317.000    308.667     0.1197     0.0034     0.1069   1147.887   78.82470   -2.50542    34.8736    34.8739 0.0000e+00
    765.000     0.2953     0.2951   2.954242   2.954223    317.388    308.596     0.1196     0.0092     0.1069   1148.890   78.82470   -2.50541    34.8738    34.8738 0.0000e+00
    766.000     0.2936     0.2934   2.954147   2.954149    317.382    308.689     0.1195     0.0071     0.1066   1149.915   78.82470   -2.50540    34.8739    34.8741 0.0000e+00
    767.000     0.2927     0.2924   2.954141   2.954121    317.676    308.675     0.1195    -0.0002     0.1063   1150.930   78.82470   -2.50540    34.8743    34.8743 0.0000e+00
    768.000     0.2904     0.2904   2.953985   2.953995    317.823    308.298     0.1194     0.0017     0.1065   1151.934   78.82470   -2.50541    34.8742    34.8743 0.0000e+00
    769.000     0.2881     0.2879   2.953824   2.953822    317.387    307.999     0.1193     0.0091     0.1066   1152.938   78.82470   -2.50542    34.8741    34.8743 0.0000e+00
    770.000     0.2848     0.2848   2.953586   2.953588    317.501    308.452     0.1193     0.0095     0.1067   1153.933   78.82470   -2.50542    34.8742    34.8742 0.0000e+00
    771.000     0.2831     0.2827   2.953479   2.953459    317.423    308.521     0.1192     0.0091     0.1060   1154.933   78.82470   -2.50542    34.8741    34.8743 0.0000e+00
    772.000     0.2885     0.2881   2.954043   2.954068    317.274    307.990     0.1191     0.0012     0.1059   1155.944   78.82470   -2.50542    34.8748    34.8756 0.0000e+00
    773.000     0.3025     0.3022   2.955414   2.955453    317.588    308.046     0.1191     0.0068     0.1060   1156.960   78.82470   -2.50542    34.8764    34.8772 0.0000e+00
    774.000     0.3071     0.3069   2.955923   2.955903    317.867    308.283     0.1191     0.0093     0.1067   1157.964   78.82470   -2.50542    34.8772    34.8773 0.0000e+00
    775.000     0.3062     0.3058   2.955905   2.955886    317.634    308.466     0.1190     0.0115     0.1067   1158.945   78.82470   -2.50542    34.8775    34.8777 0.0000e+00
    776.000     0.3011     0.3011   2.955474   2.955472    317.142    308.574     0.1190     0.0071     0.1071   1159.916   78.82470   -2.50542    34.8770    34.8770 0.0000e+00
    777.000     0.2923     0.2921   2.954705   2.954683    317.219    308.758     0.1190     0.0002     0.1070   1160.895   78.82470   -2.50541    34.8763    34.8762 0.0000e+00
    778.000     0.2906     0.2905   2.954600   2.954623    317.349    308.931     0.1190    -0.0004     0.1074   1161.891   78.82470   -2.50539    34.8763    34.8766 0.0000e+00
    779.000     0.2993     0.2984   2.955483   2.955438    316.949    308.654     0.1189     0.0008     0.1066   1162.918   78.82470   -2.50538    34.8774    34.8779 0.0000e+00
    780.000     0.3004     0.3006   2.955661   2.955677    317.542    308.697     0.1189     0.0078     0.1069   1163.949   78.82470   -2.50538    34.8779    34.8779 0.0000e+00
    781.000     0.2976     0.2971   2.955459   2.955416    318.182    309.310     0.1189     0.0006     0.1069   1164.972   78.82470   -2.50538    34.8779    34.8778 0.0000e+00
    782.000     0.2868     0.2868   2.954540   2.954529    318.124    309.224     0.1189     0.0086     0.1066   1165.980   78.82470   -2.50539    34.8774    34.8773 0.0000e+00
    783.000     0.2833     0.2832   2.954248   2.954263    318.033    308.818     0.1189     0.0096     0.1069   1166.969   78.82470   -2.50540    34.8770    34.8773 0.0000e+00
    784.000     0.3017     0.3008   2.956047   2.956057    317.550    308.522     0.1189     0.0093     0.1076   1167.951   78.82470   -2.50539    34.8792    34.8803 0.0000e+00
    785.000     0.3132     0.3126   2.957211   2.957202    318.190    309.338     0.1189     0.0095     0.1067   1168.934   78.82470   -2.50538    34.8809    34.8815 0.0000e+00
    786.000     0.3254     0.3252   2.958421   2.958415    318.833    309.208     0.1188     0.0030     0.1068   1169.939   78.82470   -2.50537    34.8825    34.8826 0.0000e+00
    787.000     0.3264     0.3258   2.958570   2.958543    318.677    309.488     0.1188     0.0049     0.1068   1170.975   78.82470   -2.50536    34.8827    34.8831 0.0000e+00
    788.000     0.3287     0.3286   2.958842   2.958842    318.266    309.980     0.1188     0.0048     0.1068   1172.003   78.82470   -2.50536    34.8831    34.8832 0.0000e+00
    789.000     0.3282     0.3283   2.958853   2.958860    318.209    310.220     0.1187     0.0040     0.1067   1173.004   78.82470   -2.50536    34.8832    34.8832 0.0000e+00
    790.000     0.3251     0.3245   2.958634   2.958585    318.314    310.389     0.1187     0.0092     0.1069   1173.983   78.82470   -2.50537    34.8832    34.8833 0.0000e+00
    791.000     0.3292     0.3289   2.959090   2.959087    318.724    310.345     0.1187     0.0095     0.1078   1174.948   78.82470   -2.50538    34.8840    34.8843 0.0000e+00
    792.000     0.3279     0.3279   2.959027   2.959040    319.461    310.516     0.1186     0.0081     0.1079   1175.925   78.82470   -2.50537    34.8841    34.8842 0.0000e+00
    793.000     0.3272     0.3270   2.959007   2.958998    319.789    310.810     0.1186     0.0022     0.1078   1176.922   78.82470   -2.50537    34.8840    34.8841 0.0000e+00
    794.000     0.3263     0.3261   2.958955   2.958951    320.161    310.901     0.1185     0.0085     0.1082   1177.940   78.82470   -2.50538    34.8838    34.8840 0.0000e+00
    795.000     0.3242     0.3240   2.958815   2.958803    319.907    311.036     0.1185     0.0009     0.1081   1178.971   78.82470   -2.50538    34.8838    34.8838 0.0000e+00
    796.000     0.3207     0.3211   2.958559   2.958586    319.668    310.741     0.1185     0.0116     0.1082   1179.986   78.82470   -2.50538    34.8837    34.8836 0.0000e+00
    797.000     0.3124     0.3124   2.957845   2.957834    319.800    310.787     0.1184     0.0040     0.1074   1180.983   78.82470   -2.50538    34.8832    34.8831 0.0000e+00
    798.000     0.3059     0.3061   2.957322   2.957322    319.654    310.889     0.1184     0.0064     0.1084   1181.974   78.82470   -2.50538    34.8831    34.8829 0.0000e+00
    799.000     0.3009     0.3008   2.956916   2.956894    319.539    311.007     0.1183     0.0046     0.1092   1182.984   78.82470   -2.50538    34.8829    34.8826 0.0000e+00
    800.000     0.2965     0.2965   2.956562   2.956546    319.299    311.001     0.1183     0.0051     0.1080   1184.003   78.82470   -2.50538    34.8826    34.8824 0.0000e+00
    801.000     0.2904     0.2908   2.956057   2.956074    319.762    310.549     0.1182     0.0056     0.1085   1185.009   78.82470   -2.50538    34.8822    34.8820 0.0000e+00
    802.000     0.2833     0.2832   2.955457   2.955444    320.152    310.129     0.1181     0.0002     0.1083   1185.995   78.82470   -2.50538    34.8819    34.8817 0.0000e+00
    803.000     0.2757     0.2757   2.954829   2.954831    320.171    310.145     0.1181    -0.0003     0.1081   1186.965   78.82470   -2.50538    34.8815    34.8816 0.0000e+00
    804.000     0.2751     0.2749   2.954811   2.954829    319.528    309.945     0.1180    -0.0007     0.1081   1187.948   78.82470   -2.50538    34.8814    34.8819 0.0000e+00
    805.000     0.2776     0.2773   2.955098   2.955083    319.191    309.897     0.1180     0.0000     0.1080   1188.955   78.82470   -2.50538    34.8818    34.8819 0.0000e+00
    806.000     0.2772     0.2772   2.955110   2.955120    319.514    309.891     0.1179    -0.0017     0.1078   1189.967   78.82470   -2.50538    34.8819    34.8820 0.0000e+00
    807.000     0.2685     0.2684   2.954382   2.954362    319.677    310.465     0.1179    -0.0011     0.1077   1190.978   78.82470   -2.50538    34.8815    34.8813 0.0000e+00
    808.000     0.2634     0.2633   2.953976   2.953977    319.245    310.467     0.1178     0.0074     0.1079   1191.977   78.82470   -2.50538    34.8814    34.8815 0.0000e+00
    809.000     0.2618     0.2616   2.953897   2.953899    319.005    310.001     0.1178     0.0016     0.1079   1192.973   78.82470   -2.50539    34.8815    34.8818 0.0000e+00
    810.000     0.2618     0.2617   2.953964   2.953961    318.793    310.168     0.1178    -0.0011     0.1079   1193.964   78.82470   -2.50540    34.8819    34.8819 0.0000e+00
    811.000     0.2617     0.2615   2.953993   2.954000    319.399    309.920     0.1177     0.0067     0.1080   1194.960   78.82470   -2.50539    34.8818    34.8821 0.0000e+00
    812.000     0.2614     0.2613   2.954025   2.954031    319.307    309.844     0.1177     0.0060     0.1080   1195.972   78.82470   -2.50538    34.8819    34.8822 0.0000e+00
    813.000     0.2611     0.2610   2.954064   2.954063    318.974    310.151     0.1176    -0.0007     0.1079   1196.989   78.82470   -2.50538    34.8822    34.8824 0.0000e+00
