test_project/cnv_files/Sta0228_bin.cnv
* Sea-Bird SBE 9 Data File:
* FileName = C:\Seabird\CTDDATA\Sta0228.hex
* Software Version Seasave V 7.26.7.107
* Temperature SN = 03-4535
* Conductivity SN = 2860
* Number of Bytes Per Scan = 44
* Number of Voltage Words = 5
* Number of Scans Averaged by the Deck Unit = 1
* NMEA Latitude = 77 57.40 N
* NMEA Longitude = 016 55.44 W
* NMEA UTC (Time) = Sep 08 2019 11:16:49
* NMEA baud rate = 9600
** Ship: "Kronprins Haakon"
** Station: 0228
** Echodepth: 402
** Log: 6083.721
** Wind-Dir Force(m/s): 34 12
** Air-temp (dry): -3.6
** Weather Sky: 0 1
** Sea Ice: 0 5
# nquan = 17
# nvalues = 391                         
# units = specified
# name 0 = prDM: Pressure, Digiquartz [db]
# name 1 = t090C: Temperature [ITS-90, deg C]
# name 2 = t190C: Temperature, 2 [ITS-90, deg C]
# name 3 = c0S/m: Conductivity [S/m]
# name 4 = c1S/m: Conductivity, 2 [S/m]
# name 5 = sbox0Mm/Kg: Oxygen, SBE 43 [umol/kg]
# name 6 = sbox1Mm/Kg: Oxygen, SBE 43, 2 [umol/kg]
# name 7 = wetCDOM: Fluorescence, WET Labs CDOM [mg/m^3]
# name 8 = flECO-AFL: Fluorescence, WET Labs ECO-AFL/FL [mg/m^3]
# name 9 = CStarAt0: Beam Attenuation, WET Labs C-Star [1/m]
# name 10 = timeS: Time, Elapsed [seconds]
# name 11 = latitude: Latitude [deg]
# name 12 = longitude: Longitude [deg]
# name 13 = upoly0: Upoly 0, ISUS
# name 14 = sal00: Salinity, Practical [PSU]
# name 15 = sal11: Salinity, Practical, 2 [PSU]
# name 16 = flag: flag
# span 0 =      7.000,    397.000       
# span 1 =    -1.6788,     1.6814       
# span 2 =    -1.6788,     1.6817       
# span 3 =   2.354909,   3.055299       
# span 4 =   2.354473,   3.055299       
# span 5 =    302.756,    426.266       
# span 6 =    296.091,    415.606       
# span 7 =     0.1099,     0.1756       
# span 8 =    -0.0037,     1.1318       
# span 9 =     0.1391,     0.2715       
# span 10 =    149.953,    635.129      
# span 11 =   77.95587,   77.95656      
# span 12 =  -16.92313,  -16.92018      
# span 13 =  11.846875,  25.111059      
# span 14 =    28.9941,    34.9102      
# span 15 =    28.9928,    34.9100      
# span 16 = 0.0000e+00, 0.0000e+00      
# interval = decibars: 1                
# start_time = Sep 08 2019 11:16:49 [NMEA time, header]
# bad_flag = -9.990e-29
*END*
[from data line 341]
    348.000     1.5632     1.5637   3.047872   3.047883    306.666    300.392     0.1174     0.0023     0.1394    575.673   77.95594  -16.92054  24.237784    34.9050    34.9047 0.0000e+00
    349.000     1.5612     1.5614   3.047740   3.047761    306.789    300.109     0.1174     0.0065     0.1394    576.724   77.95594  -16.92054  23.464285    34.9051    34.9051 0.0000e+00
    350.000     1.5605     1.5606   3.047728   3.047748    306.789    300.233     0.1173     0.0095     0.1398    577.771   77.95594  -16.92053  23.590506    34.9051    34.9052 0.0000e+00
    351.000     1.5590     1.5593   3.047673   3.047690    307.031    300.513     0.1173     0.0096     0.1400    578.822   77.95594  -16.92052  23.976150    34.9054    34.9053 0.0000e+00
    352.000     1.5578     1.5580   3.047613   3.047632    306.778    300.374     0.1173     0.0096     0.1402    579.867   77.95594  -16.92052  23.797282    34.9055    34.9054 0.0000e+00
    353.000     1.5567     1.5569   3.047565   3.047586    306.713    300.145     0.1173     0.0126     0.1398    580.911   77.95594  -16.92051  23.455054    34.9055    34.9055 0.0000e+00
    354.000     1.5553     1.5555   3.047523   3.047520    306.929    299.663     0.1173     0.0137     0.1394    581.962   77.95594  -16.92050  23.614257    34.9059    34.9057 0.0000e+00
    355.000     1.5530     1.5531   3.047367   3.047378    307.204    299.649     0.1173     0.0072     0.1394    583.008   77.95594  -16.92050  23.618434    34.9059    34.9059 0.0000e+00
    356.000     1.5526     1.5529   3.047383   3.047393    307.141    299.991     0.1173     0.0023     0.1397    584.054   77.95594  -16.92048  23.315303    34.9059    34.9058 0.0000e+00
    357.000     1.5518     1.5521   3.047371   3.047376    306.746    300.253     0.1173     0.0020     0.1400    585.099   77.95594  -16.92048  23.318765    34.9061    34.9059 0.0000e+00
    358.000     1.5502     1.5505   3.047287   3.047292    306.385    299.936     0.1173     0.0023     0.1399    586.145   77.95594  -16.92048  23.439440    34.9063    34.9060 0.0000e+00
    359.000     1.5486     1.5488   3.047205   3.047195    306.344    299.983     0.1173     0.0023     0.1399    587.193   77.95594  -16.92048  24.358461    34.9064    34.9061 0.0000e+00
    360.000     1.5473     1.5477   3.047136   3.047138    306.199    300.213     0.1173     0.0034     0.1396    588.242   77.95594  -16.92046  24.406198    34.9064    34.9061 0.0000e+00
    361.000     1.5441     1.5443   3.046918   3.046930    306.267    300.164     0.1172     0.0082     0.1392    589.287   77.95594  -16.92046  24.277436    34.9067    34.9066 0.0000e+00
    362.000     1.5421     1.5425   3.046817   3.046826    306.069    299.765     0.1172     0.0025     0.1397    590.334   77.95592  -16.92046  24.107364    34.9069    34.9067 0.0000e+00
    363.000     1.5396     1.5398   3.046649   3.046663    306.675    299.460     0.1171     0.0032     0.1393    591.386   77.95592  -16.92044  23.963613    34.9071    34.9070 0.0000e+00
    364.000     1.5372     1.5375   3.046505   3.046521    306.882    299.348     0.1171     0.0151     0.1398    592.433   77.95592  -16.92044  23.932649    34.9073    34.9071 0.0000e+00
    365.000     1.5322     1.5326   3.046168   3.046182    306.361    299.447     0.1170     0.0101     0.1400    593.479   77.95592  -16.92044  23.927484    34.9080    34.9077 0.0000e+00
    366.000     1.5303     1.5306   3.046043   3.046067    306.013    299.728     0.1169     0.0094     0.1403    594.527   77.95592  -16.92043  23.904559    34.9079    34.9080 0.0000e+00
    367.000     1.5290     1.5292   3.045987   3.046006    305.957    299.292     0.1169     0.0032     0.1416    595.577   77.95592  -16.92042  24.349515    34.9081    34.9081 0.0000e+00
    368.000     1.5273     1.5276   3.045901   3.045918    305.507    299.274     0.1170     0.0139     0.1424    596.623   77.95592  -16.92042  23.805258    34.9083    34.9082 0.0000e+00
    369.000     1.5252     1.5254   3.045767   3.045791    305.211    298.928     0.1172     0.0046     0.1442    597.672   77.95592  -16.92041  23.761342    34.9083    34.9084 0.0000e+00
    370.000     1.5236     1.5238   3.045698   3.045705    304.941    298.713     0.1177     0.0022     0.1467    598.717   77.95592  -16.92040  24.198164    34.9087    34.9085 0.0000e+00
    371.000     1.5229     1.5231   3.045679   3.045699    304.914    298.559     0.1183     0.0021     0.1489    599.765   77.95591  -16.92040  24.221331    34.9087    34.9086 0.0000e+00
    372.000     1.5207     1.5210   3.045558   3.045571    304.426    298.246     0.1190     0.0021     0.1533    600.812   77.95590  -16.92039  24.303025    34.9089    34.9088 0.0000e+00
    373.000     1.5197     1.5199   3.045521   3.045529    304.337    298.089     0.1199     0.0069     0.1588    601.859   77.95590  -16.92038  24.393843    34.9091    34.9089 0.0000e+00
    374.000     1.5194     1.5195   3.045539   3.045549    304.071    298.099     0.1207     0.0139     0.1647    602.906   77.95590  -16.92038  24.443132    34.9090    34.9090 0.0000e+00
    375.000     1.5190     1.5191   3.045556   3.045568    304.107    297.432     0.1215     0.0126     0.1701    603.952   77.95590  -16.92038  24.457646    34.9091    34.9091 0.0000e+00
    376.000     1.5189     1.5191   3.045608   3.045612    303.563    297.186     0.1220     0.0134     0.1765    605.005   77.95590  -16.92037  24.349444    34.9093    34.9091 0.0000e+00
    377.000     1.5190     1.5191   3.045660   3.045657    303.070    297.163     0.1220     0.0131     0.1843    606.054   77.95590  -16.92036  24.589145    34.9092    34.9090 0.0000e+00
    378.000     1.5191     1.5192   3.045691   3.045716    303.113    297.205     0.1216     0.0096     0.1914    607.102   77.95590  -16.92036  25.111059    34.9090    34.9092 0.0000e+00
    379.000     1.5193     1.5194   3.045764   3.045774    303.236    297.271     0.1207     0.0064     0.1963    608.149   77.95590  -16.92034  24.240125    34.9091    34.9091 0.0000e+00
    380.000     1.5192     1.5195   3.045803   3.045821    303.298    297.179     0.1194     0.0024     0.2004    609.194   77.95590  -16.92034  24.415338    34.9091    34.9090 0.0000e+00
    381.000     1.5193     1.5194   3.045855   3.045868    303.280    296.741     0.1179     0.0047     0.2042    610.245   77.95590  -16.92034  24.470309    34.9091    34.9091 0.0000e+00
    382.000     1.5193     1.5194   3.045898   3.045908    303.181    296.908     0.1162     0.0096     0.2073    611.293   77.95590  -16.92034  24.947017    34.9091    34.9091 0.0000e+00
    383.000     1.5191     1.5192   3.045936   3.045947    303.167    296.792     0.1146     0.0115     0.2094    612.336   77.95590  -16.92032  24.694357    34.9092    34.9092 0.0000e+00
    384.000     1.5190     1.5192   3.045979   3.045989    303.007    296.634     0.1131     0.0153     0.2110    613.378   77.95590  -16.92032  24.392665    34.9092    34.9092 0.0000e+00
    385.000     1.5190     1.5192   3.046031   3.046030    303.208    296.618     0.1118     0.0097     0.2115    614.423   77.95590  -16.92032  24.180477    34.9093    34.9091 0.0000e+00
    386.000     1.5192     1.5193   3.046082   3.046078    303.330    296.919     0.1109     0.0087     0.2126    615.470   77.95590  -16.92030  23.862776    34.9093    34.9091 0.0000e+00
    387.000     1.5193     1.5194   3.046144   3.046138    303.322    296.719     0.1103     0.0032     0.2133    616.516   77.95588  -16.92030  24.574836    34.9093    34.9091 0.0000e+00
    388.000     1.5194     1.5195   3.046182   3.046188    302.918    296.601     0.1100     0.0093     0.2136    617.559   77.95588  -16.92030  24.504879    34.9092    34.9090 0.0000e+00
    389.000     1.5189     1.5193   3.046199   3.046215    302.756    296.863     0.1099     0.0091     0.2140    618.604   77.95588  -16.92029  24.628973    34.9093    34.9091 0.0000e+00
    390.000     1.5182     1.5184   3.046185   3.046190    303.458    296.741     0.1100     0.0040     0.2152    619.651   77.95588  -16.92028  24.145524    34.9094    34.9091 0.0000e+00
    391.000     1.5161     1.5167   3.046077   3.046103    303.126    296.682     0.1102     0.0213     0.2157    620.702   77.95588  -16.92028  24.441411    34.9097    34.9094 0.0000e+00
    392.000     1.5140     1.5142   3.045962   3.045954    302.863    296.576     0.1105     0.0113     0.2177    621.705   77.95588  -16.92027  24.586088    34.9100    34.9097 0.0000e+00
    393.000     1.5143     1.5144   3.046027   3.046033    303.158    296.371     0.1105     0.0062     0.2188    622.417   77.95588  -16.92026  24.590588    34.9099    34.9099 0.0000e+00
    394.000     1.5144     1.5144   3.046092   3.046090    303.042    296.305     0.1107     0.0027     0.2199    623.019   77.95588  -16.92026  24.583251    34.9101    34.9100 0.0000e+00
    395.000     1.5141     1.5145   3.046126   3.046119    302.792    296.381     0.1111     0.0077     0.2285    623.667   77.95588  -16.92026  24.533368    34.9102    34.9098 0.0000e+00
    396.000     1.5140     1.5143   3.046140   3.046147    303.255    296.242     0.1117     0.0119     0.2335    624.429   77.95588  -16.92026  24.410409    34.9100    34.9098 0.0000e+00
    397.000     1.5136     1.5138   3.046158   3.046158    303.501    296.091     0.1138     0.0154     0.2349    635.129   77.95587  -16.92018  24.352877    34.9100    34.9098 0.0000e+00
