test_project/cnv_files/Sta0203_bin.cnv
* Sea-Bird SBE 9 Data File:
* FileName = C:\Seabird\CTDDATA\Sta0203.hex
* Software Version Seasave V 7.26.7.107
* Temperature SN = 03-4535
* Conductivity SN = 2860
* Number of Bytes Per Scan = 44
* Number of Voltage Words = 5
* Number of Scans Averaged by the Deck Unit = 1
* NMEA Latitude = 78 48.75 N
* NMEA Longitude = 006 00.06 W
* NMEA UTC (Time) = Sep 03 2019 23:33:17
* NMEA baud rate = 9600
** Ship: "Kronprins Haakon"
** Station: 0203
** Echodepth: 335
** Log: 5800.641
** Wind-Dir Force(m/s): 01 29
** Air-temp (dry): -2.5
** Weather Sky: 2 6
** Sea Ice: 3 2
# nquan = 17
# nvalues = 325                         
# units = specified
# name 0 = prDM: Pressure, Digiquartz [db]
# name 1 = t090C: Temperature [ITS-90, deg C]
# name 2 = t190C: Temperature, 2 [ITS-90, deg C]
# name 3 = c0S/m: Conductivity [S/m]
# name 4 = c1S/m: Conductivity, 2 [S/m]
# name 5 = sbox0Mm/Kg: Oxygen, SBE 43 [umol/kg]
# name 6 = sbox1Mm/Kg: Oxygen, SBE 43, 2 [umol/kg]
# name 7 = wetCDOM: Fluorescence, WET Labs CDOM [mg/m^3]
# name 8 = flECO-AFL: Fluorescence, WET Labs ECO-AFL/FL [mg/m^3]
# name 9 = CStarAt0: Beam Attenuation, WET Labs C-Star [1/m]
# name 10 = timeS: Time, Elapsed [seconds]
# name 11 = latitude: Latitude [deg]
# name 12 = longitude: Longitude [deg]
# name 13 = upoly0: Upoly 0, ISUS
# name 14 = sal00: Salinity, Practical [PSU]
# name 15 = sal11: Salinity, Practical, 2 [PSU]
# name 16 = flag: flag
# span 0 =      2.000,    326.000       
# span 1 =    -1.7037,     1.5448       
# span 2 =    -1.7033,     1.5452       
# span 3 =   2.400592,   3.038291       
# span 4 =   2.398916,   3.038192       
# span 5 =    308.830,    435.738       
# span 6 =    303.947,    418.654       
# span 7 =     0.1166,     0.1750       
# span 8 =    -0.0002,     0.6359       
# span 9 =     0.1329,     0.2803       
# span 10 =    115.869,    466.383      
# span 11 =   78.81256,   78.81258      
# span 12 =   -6.00122,   -6.00107      
# span 13 =  6.6152756,  19.600260      
# span 14 =    29.5573,    34.8753      
# span 15 =    29.5386,    34.8742      
# span 16 = 0.0000e+00, 0.0000e+00      
# interval = decibars: 1                
# start_time = Sep 03 2019 23:33:17 [NMEA time, header]
# bad_flag = -9.990e-29
*END*
[from data line 86]
     88.000    -1.5583    -1.5580   2.619362   2.619428    376.404    370.222     0.1750     0.0677     0.1707    210.136   78.81256   -6.00112  11.138318    32.8479    32.8485 0.0000e+00
     89.000    -1.5517    -1.5512   2.620299   2.620275    378.887    370.688     0.1750     0.0681     0.1706    211.138   78.81256   -6.00114  11.483099    32.8530    32.8521 0.0000e+00
     90.000    -1.5410    -1.5408   2.622649   2.622608    380.178    370.726     0.1750     0.0680     0.1702    212.151   78.81258   -6.00114  11.484415    32.8729    32.8721 0.0000e+00
     91.000    -1.5354    -1.5354   2.626924   2.626890    378.520    369.827     0.1749     0.0567     0.1701    213.168   78.81256   -6.00114  11.326415    32.9251    32.9246 0.0000e+00
     92.000    -1.5178    -1.5178   2.630852   2.630830    376.566    368.924     0.1748     0.0478     0.1689    214.182   78.81256   -6.00114  11.499580    32.9591    32.9588 0.0000e+00
     93.000    -1.4912    -1.4918   2.634545   2.634524    375.292    367.663     0.1747     0.0457     0.1684    215.199   78.81256   -6.00114  11.910882    32.9800    32.9803 0.0000e+00
     94.000    -1.4447    -1.4464   2.640175   2.640129    374.291    366.430     0.1746     0.0503     0.1682    216.216   78.81256   -6.00114  11.924956    33.0053    33.0066 0.0000e+00
     95.000    -1.4188    -1.4175   2.644618   2.644604    373.455    365.561     0.1745     0.0490     0.1680    217.233   78.81256   -6.00112  11.630268    33.0372    33.0355 0.0000e+00
     96.000    -1.4398    -1.4388   2.643924   2.643886    372.790    365.151     0.1743     0.0454     0.1680    218.245   78.81256   -6.00112  12.231131    33.0502    33.0487 0.0000e+00
     97.000    -1.4409    -1.4406   2.646005   2.645958    368.607    363.144     0.1740     0.0430     0.1680    219.250   78.81256   -6.00112  12.193650    33.0795    33.0786 0.0000e+00
     98.000    -1.4228    -1.4235   2.649541   2.649464    364.780    360.734     0.1738     0.0388     0.1691    220.248   78.81256   -6.00114  12.310316    33.1075    33.1071 0.0000e+00
     99.000    -1.3866    -1.3884   2.654445   2.654354    364.293    359.615     0.1735     0.0401     0.1701    221.250   78.81256   -6.00114  12.313200    33.1341    33.1348 0.0000e+00
    100.000    -1.3380    -1.3386   2.662406   2.662317    366.033    359.322     0.1731     0.0463     0.1706    222.251   78.81256   -6.00114  12.458827    33.1888    33.1883 0.0000e+00
    101.000    -1.3246    -1.3243   2.664918   2.664866    367.960    359.709     0.1728     0.0516     0.1715    223.247   78.81256   -6.00114  12.747918    33.2078    33.2067 0.0000e+00
    102.000    -1.3212    -1.3208   2.665591   2.665554    367.153    359.295     0.1724     0.0467     0.1710    224.243   78.81256   -6.00116  12.846096    33.2126    33.2116 0.0000e+00
    103.000    -1.3164    -1.3162   2.666858   2.666819    363.769    358.033     0.1719     0.0521     0.1697    225.247   78.81256   -6.00116  12.607635    33.2240    33.2233 0.0000e+00
    104.000    -1.3026    -1.3025   2.670166   2.670132    360.989    356.673     0.1714     0.0536     0.1687    226.264   78.81256   -6.00116  12.559906    33.2534    33.2528 0.0000e+00
    105.000    -1.2797    -1.2796   2.674537   2.674480    360.289    355.214     0.1709     0.0533     0.1686    227.280   78.81256   -6.00116  13.352596    33.2873    33.2863 0.0000e+00
    106.000    -1.2916    -1.2910   2.676983   2.676924    361.086    355.011     0.1703     0.0530     0.1667    228.288   78.81256   -6.00114  13.084897    33.3334    33.3319 0.0000e+00
    107.000    -1.2744    -1.2749   2.681554   2.681468    360.533    354.378     0.1697     0.0486     0.1661    229.290   78.81256   -6.00114  13.011100    33.3762    33.3756 0.0000e+00
    108.000    -1.2562    -1.2565   2.685322   2.685225    359.554    353.540     0.1691     0.0493     0.1661    230.298   78.81256   -6.00116  13.222645    33.4069    33.4060 0.0000e+00
    109.000    -1.2422    -1.2413   2.687262   2.687412    360.041    353.147     0.1685     0.0502     0.1658    231.305   78.81258   -6.00116  12.821062    33.4173    33.4184 0.0000e+00
    110.000    -1.2182    -1.2181   2.691264   2.691239    360.600    352.527     0.1678     0.0461     0.1650    232.309   78.81258   -6.00116  12.226586    33.4446    33.4441 0.0000e+00
    111.000    -1.2048    -1.2043   2.693713   2.693700    359.976    352.126     0.1671     0.0489     0.1651    233.306   78.81258   -6.00116  12.636188    33.4626    33.4618 0.0000e+00
    112.000    -1.1963    -1.1960   2.696267   2.696222    358.833    351.498     0.1664     0.0590     0.1647    234.297   78.81258   -6.00118  12.678674    33.4873    33.4864 0.0000e+00
    113.000    -1.2040    -1.2024   2.698075   2.698018    356.875    350.624     0.1657     0.0525     0.1640    235.291   78.81256   -6.00118  13.878207    33.5201    33.5175 0.0000e+00
    114.000    -1.2455    -1.2437   2.697745   2.697701    355.559    349.644     0.1649     0.0464     0.1636    236.303   78.81256   -6.00118  13.271670    33.5614    33.5589 0.0000e+00
    115.000    -1.2728    -1.2718   2.697837   2.697791    354.204    348.710     0.1642     0.0461     0.1636    237.314   78.81256   -6.00118  12.698293    33.5927    33.5909 0.0000e+00
    116.000    -1.2649    -1.2662   2.701532   2.701423    354.170    348.446     0.1634     0.0580     0.1641    238.321   78.81256   -6.00118  12.746269    33.6339    33.6338 0.0000e+00
    117.000    -1.1190    -1.1324   2.717562   2.717070    355.830    348.604     0.1626     0.0661     0.1628    239.317   78.81256   -6.00118  12.752587    33.6887    33.6969 0.0000e+00
    118.000    -0.8411    -0.8479   2.744972   2.744684    360.121    348.800     0.1618     0.0579     0.1626    240.324   78.81256   -6.00118  12.489927    33.7493    33.7531 0.0000e+00
    119.000    -0.7749    -0.7750   2.753268   2.753158    368.562    353.304     0.1610     0.0533     0.1627    241.333   78.81258   -6.00118  12.994117    33.7870    33.7856 0.0000e+00
    120.000    -0.7842    -0.7823   2.754376   2.754304    365.428    353.397     0.1602     0.0405     0.1636    242.337   78.81258   -6.00118  14.792284    33.8118    33.8087 0.0000e+00
    121.000    -0.7622    -0.7636   2.758012   2.757927    347.451    345.649     0.1594     0.0343     0.1637    243.336   78.81258   -6.00118  15.297422    33.8357    33.8361 0.0000e+00
    122.000    -0.6921    -0.6937   2.766362   2.766256    330.940    337.564     0.1585     0.0350     0.1633    244.339   78.81258   -6.00118  15.166754    33.8694    33.8698 0.0000e+00
    123.000    -0.6515    -0.6524   2.772131   2.772007    327.390    333.971     0.1577     0.0288     0.1627    245.350   78.81258   -6.00118  15.007124    33.9011    33.9004 0.0000e+00
    124.000    -0.6234    -0.6230   2.776206   2.776110    329.972    332.711     0.1569     0.0255     0.1626    246.367   78.81256   -6.00118  14.947628    33.9239    33.9222 0.0000e+00
    125.000    -0.6191    -0.6193   2.777712   2.777609    330.775    331.870     0.1561     0.0302     0.1620    247.382   78.81256   -6.00118  14.974423    33.9388    33.9376 0.0000e+00
    126.000    -0.6017    -0.6020   2.780203   2.780105    330.076    330.744     0.1553     0.0314     0.1606    248.389   78.81256   -6.00118  15.045130    33.9522    33.9512 0.0000e+00
    127.000    -0.5521    -0.5543   2.786175   2.786048    329.684    329.695     0.1545     0.0366     0.1596    249.391   78.81256   -6.00118  15.208822    33.9763    33.9771 0.0000e+00
    128.000    -0.4724    -0.4734   2.795225   2.795151    330.386    328.629     0.1537     0.0173     0.1587    250.397   78.81256   -6.00118  15.700680    34.0080    34.0081 0.0000e+00
    129.000    -0.4327    -0.4333   2.799676   2.799564    332.668    328.764     0.1529     0.0283     0.1580    251.396   78.81256   -6.00118  16.076876    34.0225    34.0218 0.0000e+00
    130.000    -0.4067    -0.4066   2.802584   2.802482    332.833    328.441     0.1522     0.0199     0.1569    252.396   78.81256   -6.00120  15.590734    34.0318    34.0303 0.0000e+00
    131.000    -0.3882    -0.3886   2.805059   2.804959    329.980    327.067     0.1514     0.0263     0.1565    253.400   78.81256   -6.00120  15.639168    34.0436    34.0427 0.0000e+00
    132.000    -0.3649    -0.3645   2.808087   2.808028    326.899    325.854     0.1507     0.0267     0.1564    254.409   78.81256   -6.00120  15.806390    34.0574    34.0562 0.0000e+00
    133.000    -0.3491    -0.3488   2.810108   2.810037    325.557    324.740     0.1500     0.0231     0.1574    255.430   78.81256   -6.00120  16.018120    34.0662    34.0648 0.0000e+00
    134.000    -0.3256    -0.3256   2.813094   2.813020    325.884    323.903     0.1493     0.0263     0.1585    256.445   78.81256   -6.00120  16.321631    34.0792    34.0782 0.0000e+00
    135.000    -0.2954    -0.2958   2.816976   2.816863    326.000    323.566     0.1486     0.0311     0.1595    257.457   78.81256   -6.00120  15.852590    34.0966    34.0955 0.0000e+00
    136.000    -0.2817    -0.2811   2.818940   2.818845    326.712    323.542     0.1480     0.0313     0.2110    258.469   78.81256   -6.00118  15.318979    34.1068    34.1049 0.0000e+00
    137.000    -0.2751    -0.2746   2.820077   2.819997    326.605    322.654     0.1474     0.0316     0.1745    259.488   78.81256   -6.00118  15.327324    34.1140    34.1124 0.0000e+00
    138.000    -0.2762    -0.2750   2.820759   2.820686    326.081    321.624     0.1468     0.0289     0.1596    260.506   78.81256   -6.00118  16.194558    34.1238    34.1214 0.0000e+00
    139.000    -0.2834    -0.2826   2.820836   2.820736    325.415    321.100     0.1463     0.0238     0.1596    261.514   78.81256   -6.00118  16.810930    34.1323    34.1300 0.0000e+00
    140.000    -0.2585    -0.2597   2.824068   2.823927    324.994    320.379     0.1458     0.0239     0.1596    262.515   78.81256   -6.00120  16.391206    34.1469    34.1464 0.0000e+00
    141.000    -0.2157    -0.2164   2.829186   2.829072    324.480    320.144     0.1454     0.0236     0.1594    263.521   78.81256   -6.00120  16.126557    34.1666    34.1658 0.0000e+00
    142.000    -0.1963    -0.1957   2.831676   2.831609    325.492    320.459     0.1449     0.0160     0.1586    264.528   78.81256   -6.00120  16.571972    34.1774    34.1758 0.0000e+00
    143.000    -0.1934    -0.1938   2.832172   2.832008    325.914    319.802     0.1446     0.0104     0.1580    265.532   78.81256   -6.00120  16.301092    34.1801    34.1784 0.0000e+00
    144.000    -0.1525    -0.1531   2.836809   2.836718    323.971    318.246     0.1442     0.0197     0.1575    266.533   78.81256   -6.00120  16.615595    34.1954    34.1948 0.0000e+00
    145.000    -0.1394    -0.1390   2.838402   2.838299    322.958    317.687     0.1439     0.0233     0.1574    267.537   78.81256   -6.00120  16.587303    34.2013    34.1996 0.0000e+00
    146.000    -0.1285    -0.1282   2.839878   2.839782    323.039    317.676     0.1436     0.0190     0.1572    268.550   78.81256   -6.00119  16.794369    34.2081    34.2065 0.0000e+00
    147.000    -0.1173    -0.1168   2.841631   2.841542    322.151    317.067     0.1434     0.0168     0.1563    269.572   78.81256   -6.00118  16.670951    34.2183    34.2166 0.0000e+00
    148.000    -0.1379    -0.1357   2.840990   2.840961    321.178    316.920     0.1431     0.0190     0.1563    270.596   78.81256   -6.00118  16.791581    34.2323    34.2294 0.0000e+00
    149.000    -0.1418    -0.1411   2.841160   2.841062    320.794    316.747     0.1429     0.0237     0.1567    271.606   78.81256   -6.00119  17.091265    34.2382    34.2362 0.0000e+00
    150.000    -0.1311    -0.1308   2.842797   2.842698    320.603    316.204     0.1427     0.0258     0.1562    272.612   78.81256   -6.00120  17.062271    34.2474    34.2458 0.0000e+00
    151.000    -0.1158    -0.1140   2.845001   2.845219    321.326    316.037     0.1425     0.0303     0.1560    273.614   78.81256   -6.00120  16.985429    34.2590    34.2598 0.0000e+00
    152.000    -0.0994    -0.0968   2.847472   2.847426    322.836    315.902     0.1423     0.0276     0.1561    274.618   78.81256   -6.00121  16.740362    34.2728    34.2692 0.0000e+00
    153.000    -0.1996    -0.1967   2.839217   2.839011    325.032    316.789     0.1421     0.0169     0.1561    275.619   78.81256   -6.00122  16.830768    34.2749    34.2689 0.0000e+00
    154.000    -0.1005    -0.1081   2.849100   2.848941    321.665    314.205     0.1420     0.0282     0.1557    276.619   78.81256   -6.00122  16.887832    34.2945    34.3009 0.0000e+00
    155.000     0.0390     0.0374   2.862405   2.862346    319.087    312.672     0.1418     0.0168     0.1551    277.627   78.81256   -6.00121  17.116187    34.3139    34.3149 0.0000e+00
    156.000     0.0596     0.0602   2.865016   2.864917    325.208    315.111     0.1416     0.0101     0.1551    278.642   78.81256   -6.00120  17.170072    34.3248    34.3228 0.0000e+00
    157.000     0.0523     0.0516   2.865163   2.864980    326.095    315.322     0.1415     0.0029     0.1549    279.659   78.81256   -6.00120  16.992150    34.3342    34.3327 0.0000e+00
    158.000     0.0537     0.0600   2.865899   2.866040    319.447    314.091     0.1413     0.0109     0.1536    280.673   78.81256   -6.00120  16.964532    34.3419    34.3367 0.0000e+00
    159.000    -0.0757    -0.0789   2.855320   2.854673    315.902    313.930     0.1412     0.0200     0.1538    281.674   78.81256   -6.00120  17.571724    34.3462    34.3413 0.0000e+00
    160.000    -0.1196    -0.1192   2.851714   2.851545    312.854    311.865     0.1411     0.0178     0.1535    282.680   78.81256   -6.00121  17.072245    34.3470    34.3443 0.0000e+00
    161.000    -0.1640    -0.1673   2.848040   2.847359    312.738    310.984     0.1409     0.0161     0.1540    283.682   78.81256   -6.00122  16.792239    34.3476    34.3422 0.0000e+00
    162.000    -0.2518    -0.2473   2.840463   2.840595    317.922    311.773     0.1408     0.0204     0.1539    284.683   78.81256   -6.00122  16.740276    34.3448    34.3414 0.0000e+00
    163.000    -0.2954    -0.2913   2.836793   2.836881    321.950    312.002     0.1407     0.0270     0.1532    285.683   78.81256   -6.00122  16.642934    34.3443    34.3409 0.0000e+00
    164.000    -0.3644    -0.3625   2.831006   2.830909    324.388    313.054     0.1405     0.0236     0.1526    286.693   78.81256   -6.00122  16.692185    34.3441    34.3407 0.0000e+00
    165.000    -0.3907    -0.3894   2.828945   2.828874    327.133    313.819     0.1404     0.0218     0.1515    287.709   78.81256   -6.00122  16.641399    34.3456    34.3432 0.0000e+00
    166.000    -0.4076    -0.4077   2.828226   2.828162    329.135    314.777     0.1402     0.0179     0.1503    288.731   78.81256   -6.00122  16.198378    34.3545    34.3537 0.0000e+00
    167.000    -0.3603    -0.3611   2.833168   2.833150    331.090    315.286     0.1400     0.0303     0.1496    289.748   78.81256   -6.00122  15.686205    34.3667    34.3673 0.0000e+00
    168.000    -0.3198    -0.3227   2.837343   2.837141    333.130    316.511     0.1399     0.0372     0.1485    290.756   78.81256   -6.00122  16.286454    34.3761    34.3767 0.0000e+00
    169.000    -0.2337    -0.2360   2.846025   2.845941    334.055    317.720     0.1397     0.0369     0.1484    291.761   78.81256   -6.00122  16.309213    34.3943    34.3957 0.0000e+00
    170.000    -0.1891    -0.1902   2.850554   2.850418    333.558    318.919     0.1395     0.0305     0.1483    292.769   78.81256   -6.00122  16.119369    34.4038    34.4032 0.0000e+00
    171.000    -0.1446    -0.1452   2.855331   2.855255    331.521    319.513     0.1393     0.0292     0.1450    293.776   78.81256   -6.00122  16.342993    34.4166    34.4163 0.0000e+00
