test_project/cnv_files/Sta0230_bin.cnv
* Sea-Bird SBE 9 Data File:
* FileName = C:\Seabird\CTDDATA\Sta0230.hex
* Software Version Seasave V 7.26.7.107
* Temperature SN = 03-4535
* Conductivity SN = 2860
* Number of Bytes Per Scan = 44
* Number of Voltage Words = 5
* Number of Scans Averaged by the Deck Unit = 1
* NMEA Latitude = 77 52.90 N
* NMEA Longitude = 017 14.43 W
* NMEA UTC (Time) = Sep 08 2019 14:57:58
* NMEA baud rate = 9600
** Ship: "Kronprins Haakon"
** Station: 0230
** Echodepth: 305
** Log: 6090.06
** Wind-Dir Force(m/s): 35 12
** Air-temp (dry): -2.5
** Weather Sky: 0 0
** Sea Ice: 0 8
# nquan = 17
# nvalues = 296                         
# units = specified
# name 0 = prDM: Pressure, Digiquartz [db]
# name 1 = t090C: Temperature [ITS-90, deg C]
# name 2 = t190C: Temperature, 2 [ITS-90, deg C]
# name 3 = c0S/m: Conductivity [S/m]
# name 4 = c1S/m: Conductivity, 2 [S/m]
# name 5 = sbox0Mm/Kg: Oxygen, SBE 43 [umol/kg]
# name 6 = sbox1Mm/Kg: Oxygen, SBE 43, 2 [umol/kg]
# name 7 = wetCDOM: Fluorescence, WET Labs CDOM [mg/m^3]
# name 8 = flECO-AFL: Fluorescence, WET Labs ECO-AFL/FL [mg/m^3]
# name 9 = CStarAt0: Beam Attenuation, WET Labs C-Star [1/m]
# name 10 = timeS: Time, Elapsed [seconds]
# name 11 = latitude: Latitude [deg]
# name 12 = longitude: Longitude [deg]
# name 13 = upoly0: Upoly 0, ISUS
# name 14 = sal00: Salinity, Practical [PSU]
# name 15 = sal11: Salinity, Practical, 2 [PSU]
# name 16 = flag: flag
# span 0 =      3.000,    298.000       
# span 1 =    -1.6864,     1.5565       
# span 2 =    -1.6860,     1.5563       
# span 3 =   0.177344,   3.042735       
# span 4 =   2.350051,   3.042747       
# span 5 =    302.573,    421.738       
# span 6 =    298.844,    594.124       
# span 7 =     0.1047,     0.1822       
# span 8 =     0.0020,     0.5767       
# span 9 =     0.1390,     0.2779       
# span 10 =     48.529,    583.468      
# span 11 =   77.88101,   77.88176      
# span 12 =  -17.24042,  -17.23921      
# span 13 =  14.067916,  26.175010      
# span 14 =     1.8218,    34.8762      
# span 15 =    29.1424,    34.8765      
# span 16 = 0.0000e+00, 0.0000e+00      
# interval = decibars: 1                
# start_time = Sep 08 2019 14:57:58 [NMEA time, header]
# bad_flag = -9.990e-29
*END*
[from data line 256]
    259.000     1.2606     1.2588   3.005969   3.005839    308.274    303.139     0.1224     0.0024     0.1412    490.772   77.88114  -17.23934  25.704717    34.7583    34.7586 0.0000e+00
    260.000     1.3057     1.3043   3.010669   3.010588    307.803    302.573     0.1222     0.0060     0.1422    492.038   77.88114  -17.23934  25.515053    34.7678    34.7683 0.0000e+00
    261.000     1.3140     1.3127   3.011684   3.011512    308.124    303.014     0.1220     0.0066     0.1422    492.959   77.88114  -17.23934  25.681934    34.7709    34.7702 0.0000e+00
    262.000     1.3189     1.3184   3.012237   3.012185    308.098    302.712     0.1218     0.0076     0.1425    494.027   77.88114  -17.23934  25.223660    34.7720    34.7719 0.0000e+00
    263.000     1.3295     1.3300   3.013395   3.013405    307.173    302.491     0.1216     0.0142     0.1418    495.087   77.88114  -17.23934  25.078895    34.7745    34.7741 0.0000e+00
    264.000     1.3328     1.3328   3.013798   3.013780    306.829    302.830     0.1214     0.0097     0.1413    496.120   77.88112  -17.23934  25.051090    34.7753    34.7751 0.0000e+00
    265.000     1.3389     1.3391   3.014509   3.014506    307.142    302.770     0.1213     0.0078     0.1411    497.161   77.88112  -17.23934  25.532747    34.7771    34.7768 0.0000e+00
    266.000     1.3453     1.3456   3.015226   3.015238    307.477    302.352     0.1211     0.0024     0.1411    498.204   77.88112  -17.23934  25.476515    34.7786    34.7784 0.0000e+00
    267.000     1.3594     1.3597   3.016852   3.016898    308.182    302.140     0.1209     0.0020     0.1412    499.251   77.88112  -17.23934  25.433944    34.7831    34.7834 0.0000e+00
    268.000     1.3769     1.3766   3.018782   3.018759    308.263    301.996     0.1207     0.0043     0.1410    500.299   77.88112  -17.23934  25.277711    34.7878    34.7878 0.0000e+00
    269.000     1.3985     1.3976   3.021223   3.021169    307.984    302.119     0.1204     0.0158     0.1405    501.350   77.88112  -17.23932  25.877098    34.7944    34.7947 0.0000e+00
    270.000     1.4264     1.4270   3.024502   3.024530    307.859    302.187     0.1201     0.0099     0.1408    502.400   77.88112  -17.23932  25.750531    34.8047    34.8044 0.0000e+00
    271.000     1.4152     1.4157   3.023788   3.023804    308.335    302.489     0.1198     0.0100     0.1415    503.438   77.88112  -17.23932  24.968202    34.8074    34.8070 0.0000e+00
    272.000     1.4212     1.4216   3.024536   3.024563    307.378    302.111     0.1197     0.0164     0.1412    504.471   77.88112  -17.23932  25.574738    34.8097    34.8096 0.0000e+00
    273.000     1.4271     1.4276   3.025267   3.025306    306.312    302.006     0.1196     0.0172     0.1411    505.509   77.88112  -17.23932  25.062888    34.8119    34.8118 0.0000e+00
    274.000     1.4290     1.4294   3.025538   3.025561    306.100    301.692     0.1196     0.0227     0.1416    506.557   77.88112  -17.23932  25.885428    34.8126    34.8125 0.0000e+00
    275.000     1.4342     1.4344   3.026184   3.026181    306.560    301.587     0.1196     0.0124     0.1421    507.608   77.88112  -17.23932  25.647971    34.8145    34.8142 0.0000e+00
    276.000     1.4450     1.4451   3.027601   3.027605    306.409    301.595     0.1195     0.0096     0.1424    508.651   77.88112  -17.23932  25.693697    34.8200    34.8200 0.0000e+00
    277.000     1.4575     1.4571   3.029197   3.029121    306.533    301.646     0.1194     0.0095     0.1434    509.706   77.88112  -17.23932  25.932516    34.8259    34.8254 0.0000e+00
    278.000     1.4681     1.4682   3.030407   3.030398    306.971    301.141     0.1192     0.0044     0.1440    510.767   77.88112  -17.23932  26.109776    34.8291    34.8288 0.0000e+00
    279.000     1.4775     1.4777   3.031445   3.031461    306.746    301.044     0.1191     0.0075     0.1444    511.832   77.88112  -17.23932  26.175010    34.8312    34.8312 0.0000e+00
    280.000     1.4821     1.4824   3.032028   3.032016    306.650    300.906     0.1190     0.0096     0.1461    512.899   77.88111  -17.23932  25.838978    34.8329    34.8325 0.0000e+00
    281.000     1.4889     1.4890   3.032824   3.032802    306.465    300.567     0.1189     0.0096     0.1468    513.951   77.88110  -17.23932  25.508043    34.8349    34.8345 0.0000e+00
    282.000     1.4945     1.4948   3.033457   3.033463    306.234    300.523     0.1190     0.0096     0.1478    515.014   77.88110  -17.23932  25.658124    34.8362    34.8360 0.0000e+00
    283.000     1.4987     1.4988   3.033957   3.033958    306.154    300.762     0.1193     0.0096     0.1484    516.074   77.88110  -17.23930  25.875096    34.8374    34.8372 0.0000e+00
    284.000     1.4951     1.4954   3.033895   3.033889    306.051    300.777     0.1198     0.0096     0.1488    517.132   77.88110  -17.23930  25.375420    34.8400    34.8395 0.0000e+00
    285.000     1.4925     1.4928   3.033815   3.033813    306.826    300.863     0.1205     0.0057     0.1501    518.185   77.88110  -17.23930  25.321501    34.8413    34.8409 0.0000e+00
    286.000     1.4914     1.4917   3.033852   3.033858    306.435    300.362     0.1212     0.0094     0.1511    519.242   77.88110  -17.23930  25.967889    34.8423    34.8421 0.0000e+00
    287.000     1.4913     1.4915   3.033923   3.033897    306.105    300.191     0.1217     0.0170     0.1533    520.301   77.88110  -17.23930  25.711660    34.8428    34.8422 0.0000e+00
    288.000     1.4921     1.4926   3.034105   3.034130    305.660    300.016     0.1220     0.0170     0.1560    521.358   77.88110  -17.23930  25.970269    34.8436    34.8434 0.0000e+00
    289.000     1.4966     1.4971   3.034767   3.034812    305.835    299.824     0.1219     0.0137     0.1591    522.410   77.88110  -17.23930  25.671950    34.8465    34.8465 0.0000e+00
    290.000     1.4992     1.4997   3.035152   3.035161    306.226    299.954     0.1214     0.0069     0.1625    523.466   77.88110  -17.23930  25.374002    34.8479    34.8475 0.0000e+00
    291.000     1.5040     1.5039   3.035811   3.035805    305.908    299.710     0.1206     0.0023     0.1649    524.523   77.88108  -17.23930  25.266203    34.8504    34.8504 0.0000e+00
    292.000     1.5203     1.5206   3.037903   3.037904    305.912    299.704     0.1196     0.0047     0.1675    525.581   77.88108  -17.23930  25.658813    34.8583    34.8581 0.0000e+00
    293.000     1.5272     1.5270   3.038800   3.038746    305.791    299.344     0.1186     0.0136     0.1725    526.639   77.88108  -17.23930  25.711655    34.8616    34.8611 0.0000e+00
    294.000     1.5402     1.5404   3.040519   3.040541    305.547    299.317     0.1163     0.0221     0.1780    527.691   77.88108  -17.23930  25.285966    34.8684    34.8685 0.0000e+00
    295.000     1.5495     1.5500   3.041740   3.041767    305.058    298.905     0.1150     0.0187     0.1834    528.749   77.88108  -17.23930  25.497778    34.8730    34.8728 0.0000e+00
    296.000     1.5539     1.5543   3.042361   3.042382    305.047    298.929     0.1142     0.0181     0.1880    529.944   77.88108  -17.23930  25.787354    34.8754    34.8753 0.0000e+00
    297.000     1.5555     1.5557   3.042606   3.042593    304.106    298.844     0.1138     0.0099     0.1981    531.853   77.88108  -17.23930  25.874231    34.8762    34.8759 0.0000e+00
    298.000     1.5565     1.5563   3.042735   3.042747    302.573    298.885     0.1191     0.0122     0.2147    583.468   77.88101  -17.23921  25.633685    34.8762    34.8765 0.0000e+00
