test_project/cnv_files/sta0194_bin.cnv
* Sea-Bird SBE 9 Data File:
* FileName = C:\Seabird\CTDDATA\Sta0194.hex
* Software Version Seasave V 7.26.7.107
* Temperature SN = 03-4535
* Conductivity SN = 2860
* Number of Bytes Per Scan = 44
* Number of Voltage Words = 5
* Number of Scans Averaged by the Deck Unit = 1
* NMEA Latitude = 78 49.97 N
* NMEA Longitude = 000 00.03 W
* NMEA UTC (Time) = Sep 02 2019 08:17:30
* NMEA baud rate = 9600
** Ship: "Kronprins Haakon"
** Station: 194
** Echodepth: 2587
** Log: 5704.18
** Wind-Dir Force(m/s): 03 24
** Air-temp (dry): 0.7
** Weather Sky: 0 0
** Sea Ice: 0 0
# nquan = 16
# nvalues = 2616                        
# units = specified
# name 0 = prDM: Pressure, Digiquartz [db]
# name 1 = t090C: Temperature [ITS-90, deg C]
# name 2 = t190C: Temperature, 2 [ITS-90, deg C]
# name 3 = c0S/m: Conductivity [S/m]
# name 4 = c1S/m: Conductivity, 2 [S/m]
# name 5 = sbox0Mm/Kg: Oxygen, SBE 43 [umol/kg]
# name 6 = sbox1Mm/Kg: Oxygen, SBE 43, 2 [umol/kg]
# name 7 = wetCDOM: Fluorescence, WET Labs CDOM [mg/m^3]
# name 8 = flECO-AFL: Fluorescence, WET Labs ECO-AFL/FL [mg/m^3]
# name 9 = CStarAt0: Beam Attenuation, WET Labs C-Star [1/m]
# name 10 = timeS: Time, Elapsed [seconds]
# name 11 = latitude: Latitude [deg]
# name 12 = longitude: Longitude [deg]
# name 13 = sal00: Salinity, Practical [PSU]
# name 14 = sal11: Salinity, Practical, 2 [PSU]
# name 15 = flag: flag
# span 0 =      3.000,   2618.000       
# span 1 =    -1.7556,     2.5665       
# span 2 =    -1.7572,     2.5668       
# span 3 =   2.645275,   3.130358       
# span 4 =   2.645079,   3.130232       
# span 5 =    299.359,    409.772       
# span 6 =    286.371,    382.399       
# span 7 =     0.0998,     0.1621       
# span 8 =    -0.0063,     1.0699       
# span 9 =     0.1086,     0.4186       
# span 10 =    423.616,   3056.026      
# span 11 =   78.83296,   78.83300      
# span 12 =   -0.00094,   -0.00056      
# span 13 =    31.6062,    34.9505      
# span 14 =    31.6028,    34.9500      
# span 15 = 0.0000e+00, 0.0000e+00      
# interval = decibars: 1                
# start_time = Sep 02 2019 08:17:30 [NMEA time, header]
# bad_flag = -9.990e-29
*END*
[from data line 362]
    365.000     1.2277     1.2279   3.018595   3.018576    306.135    292.380     0.1060     0.0012     0.1144    807.414   78.83298   -0.00068    34.8947    34.8943 0.0000e+00
    366.000     1.2268     1.2266   3.018546   3.018504    306.352    292.755     0.1059     0.0034     0.1141    808.411   78.83298   -0.00068    34.8945    34.8942 0.0000e+00
    367.000     1.2258     1.2255   3.018498   3.018444    306.858    292.922     0.1058     0.0085     0.1134    809.422   78.83298   -0.00068    34.8944    34.8941 0.0000e+00
    368.000     1.2235     1.2234   3.018329   3.018291    306.746    293.297     0.1056     0.0015     0.1138    810.428   78.83298   -0.00068    34.8943    34.8939 0.0000e+00
    369.000     1.2226     1.2227   3.018296   3.018275    306.449    293.368     0.1055     0.0013     0.1150    811.425   78.83298   -0.00068    34.8942    34.8938 0.0000e+00
    370.000     1.2188     1.2191   3.017986   3.017962    306.377    293.373     0.1054     0.0017     0.1142    812.411   78.83298   -0.00068    34.8939    34.8933 0.0000e+00
    371.000     1.2030     1.2034   3.016592   3.016583    306.406    293.188     0.1053     0.0076     0.1143    813.410   78.83298   -0.00068    34.8931    34.8926 0.0000e+00
    372.000     1.2016     1.2014   3.016503   3.016461    306.529    292.696     0.1053     0.0096     0.1144    814.423   78.83298   -0.00068    34.8929    34.8926 0.0000e+00
    373.000     1.2052     1.2038   3.016891   3.016764    306.957    292.864     0.1052     0.0096     0.1139    815.427   78.83298   -0.00068    34.8933    34.8932 0.0000e+00
    374.000     1.2070     1.2070   3.017117   3.017090    306.925    292.968     0.1052     0.0044     0.1137    816.430   78.83298   -0.00068    34.8936    34.8932 0.0000e+00
    375.000     1.2296     1.2285   3.019311   3.019299    306.697    292.868     0.1052     0.0043     0.1139    817.428   78.83298   -0.00068    34.8960    34.8970 0.0000e+00
    376.000     1.2575     1.2586   3.022055   3.022193    306.242    292.747     0.1052     0.0061     0.1138    818.430   78.83298   -0.00068    34.8995    34.8999 0.0000e+00
    377.000     1.2921     1.2917   3.025484   3.025501    306.360    293.071     0.1052     0.0041     0.1143    819.434   78.83298   -0.00068    34.9041    34.9048 0.0000e+00
    378.000     1.3110     1.3124   3.027374   3.027525    306.800    293.514     0.1052     0.0080     0.1147    820.428   78.83298   -0.00068    34.9067    34.9071 0.0000e+00
    379.000     1.3231     1.3234   3.028607   3.028652    307.089    293.922     0.1052     0.0021     0.1146    821.414   78.83298   -0.00068    34.9085    34.9087 0.0000e+00
    380.000     1.3266     1.3251   3.028993   3.028794    307.651    294.393     0.1053     0.0092     0.1144    822.415   78.83298   -0.00068    34.9089    34.9080 0.0000e+00
    381.000     1.3319     1.3286   3.029545   3.029233    308.590    295.043     0.1053     0.0096     0.1148    823.443   78.83298   -0.00068    34.9094    34.9091 0.0000e+00
    382.000     1.3371     1.3352   3.030090   3.029892    308.945    295.265     0.1053     0.0094     0.1154    824.452   78.83298   -0.00068    34.9100    34.9096 0.0000e+00
    383.000     1.3379     1.3375   3.030194   3.030132    309.041    295.355     0.1053     0.0031     0.1153    825.443   78.83298   -0.00068    34.9100    34.9096 0.0000e+00
    384.000     1.3376     1.3380   3.030209   3.030218    309.239    295.603     0.1053     0.0016     0.1165    826.427   78.83298   -0.00066    34.9099    34.9095 0.0000e+00
    385.000     1.3359     1.3356   3.030084   3.030023    309.496    295.676     0.1053     0.0008     0.1167    827.415   78.83298   -0.00066    34.9096    34.9091 0.0000e+00
    386.000     1.3322     1.3325   3.029797   3.029811    309.160    295.557     0.1053     0.0056     0.1167    828.424   78.83298   -0.00068    34.9095    34.9093 0.0000e+00
    387.000     1.3324     1.3318   3.029851   3.029752    308.729    295.367     0.1052     0.0057     0.1168    829.438   78.83298   -0.00068    34.9094    34.9088 0.0000e+00
    388.000     1.3282     1.3291   3.029497   3.029545    308.625    295.652     0.1052     0.0050     0.1165    830.444   78.83298   -0.00068    34.9090    34.9085 0.0000e+00
    389.000     1.3348     1.3341   3.030193   3.030108    308.768    295.449     0.1051     0.0096     0.1170    831.449   78.83298   -0.00068    34.9098    34.9096 0.0000e+00
    390.000     1.3379     1.3377   3.030566   3.030534    308.374    295.345     0.1050     0.0109     0.1178    832.450   78.83298   -0.00068    34.9106    34.9104 0.0000e+00
    391.000     1.3432     1.3432   3.031139   3.031144    308.788    295.334     0.1049     0.0138     0.1188    833.443   78.83298   -0.00068    34.9115    34.9115 0.0000e+00
    392.000     1.3485     1.3478   3.031714   3.031624    309.089    295.331     0.1048     0.0010     0.1191    834.437   78.83298   -0.00068    34.9124    34.9119 0.0000e+00
    393.000     1.3556     1.3527   3.032449   3.032176    309.210    295.324     0.1047     0.0012     0.1169    835.432   78.83298   -0.00068    34.9132    34.9130 0.0000e+00
    394.000     1.3654     1.3650   3.033444   3.033367    309.594    295.660     0.1047     0.0009     0.1172    836.439   78.83298   -0.00068    34.9145    34.9140 0.0000e+00
    395.000     1.3712     1.3712   3.034050   3.034026    309.757    296.063     0.1046     0.0014     0.1168    837.452   78.83298   -0.00068    34.9151    34.9149 0.0000e+00
    396.000     1.3799     1.3793   3.034930   3.034891    309.496    296.230     0.1046     0.0018     0.1174    838.452   78.83298   -0.00068    34.9161    34.9163 0.0000e+00
    397.000     1.3851     1.3855   3.035493   3.035516    309.805    296.236     0.1046     0.0012     0.1178    839.430   78.83298   -0.00068    34.9170    34.9168 0.0000e+00
    398.000     1.3892     1.3889   3.035943   3.035892    310.015    296.263     0.1046    -0.0021     0.1179    840.407   78.83298   -0.00068    34.9176    34.9172 0.0000e+00
    399.000     1.3884     1.3880   3.035931   3.035848    310.138    296.311     0.1047    -0.0022     0.1178    841.413   78.83298   -0.00068    34.9177    34.9171 0.0000e+00
    400.000     1.3858     1.3864   3.035739   3.035737    310.354    296.690     0.1048     0.0010     0.1180    842.439   78.83298   -0.00068    34.9175    34.9169 0.0000e+00
    401.000     1.3822     1.3829   3.035467   3.035497    310.278    296.551     0.1049     0.0008     0.1182    843.462   78.83298   -0.00068    34.9175    34.9172 0.0000e+00
    402.000     1.3896     1.3861   3.036224   3.035918    310.027    296.775     0.1051     0.0004     0.1184    844.474   78.83298   -0.00068    34.9184    34.9184 0.0000e+00
    403.000     1.3965     1.3966   3.036952   3.036921    310.067    296.692     0.1052     0.0012     0.1186    845.459   78.83298   -0.00068    34.9194    34.9189 0.0000e+00
    404.000     1.3902     1.3889   3.036401   3.036205    310.476    296.720     0.1054     0.0010     0.1186    846.443   78.83298   -0.00068    34.9188    34.9177 0.0000e+00
    405.000     1.3761     1.3767   3.035128   3.035127    310.490    296.757     0.1056     0.0004     0.1195    847.421   78.83298   -0.00068    34.9176    34.9170 0.0000e+00
    406.000     1.3751     1.3752   3.035095   3.035078    310.208    296.847     0.1058     0.0077     0.1187    848.410   78.83298   -0.00068    34.9178    34.9174 0.0000e+00
    407.000     1.3679     1.3691   3.034516   3.034572    310.725    296.918     0.1060     0.0032     0.1187    849.421   78.83298   -0.00068    34.9178    34.9172 0.0000e+00
    408.000     1.3562     1.3595   3.033467   3.033695    310.473    296.726     0.1062     0.0077     0.1187    850.442   78.83298   -0.00068    34.9169    34.9161 0.0000e+00
    409.000     1.3057     1.3092   3.028779   3.028866    310.672    296.889     0.1064     0.0096     0.1188    851.466   78.83298   -0.00068    34.9126    34.9099 0.0000e+00
    410.000     1.2288     1.2340   3.021645   3.021954    310.917    297.403     0.1065     0.0048     0.1186    852.463   78.83298   -0.00068    34.9064    34.9045 0.0000e+00
    411.000     1.1795     1.1780   3.017005   3.016766    310.402    297.017     0.1067     0.0011     0.1186    853.432   78.83298   -0.00068    34.9013    34.8999 0.0000e+00
    412.000     1.1518     1.1544   3.014432   3.014587    309.913    296.357     0.1069     0.0045     0.1185    854.402   78.83298   -0.00070    34.8986    34.8977 0.0000e+00
    413.000     1.1279     1.1299   3.012243   3.012325    309.401    295.596     0.1070     0.0074     0.1180    855.403   78.83298   -0.00070    34.8965    34.8954 0.0000e+00
    414.000     1.1017     1.1021   3.009859   3.009789    308.980    295.124     0.1071     0.0019     0.1170    856.426   78.83298   -0.00070    34.8946    34.8933 0.0000e+00
    415.000     1.0651     1.0659   3.006496   3.006457    308.372    294.608     0.1072     0.0015     0.1174    857.447   78.83298   -0.00070    34.8916    34.8903 0.0000e+00
    416.000     1.0322     1.0330   3.003466   3.003449    307.999    294.109     0.1073     0.0018     0.1168    858.446   78.83298   -0.00070    34.8889    34.8878 0.0000e+00
    417.000     1.0159     1.0156   3.002001   3.001941    307.448    293.853     0.1074     0.0011     0.1166    859.439   78.83298   -0.00070    34.8876    34.8872 0.0000e+00
    418.000     0.9950     0.9973   3.000113   3.000249    307.267    293.705     0.1075     0.0008     0.1151    860.426   78.83298   -0.00070    34.8861    34.8853 0.0000e+00
    419.000     0.9739     0.9752   2.998196   2.998278    306.876    293.431     0.1076     0.0007     0.1145    861.422   78.83298   -0.00070    34.8844    34.8840 0.0000e+00
    420.000     0.9683     0.9687   2.997723   2.997747    306.212    293.046     0.1077    -0.0043     0.1144    862.434   78.83298   -0.00070    34.8840    34.8838 0.0000e+00
    421.000     0.9700     0.9686   2.997965   2.997844    306.095    292.986     0.1079    -0.0009     0.1139    863.444   78.83298   -0.00070    34.8846    34.8846 0.0000e+00
    422.000     0.9750     0.9747   2.998574   2.998535    306.043    292.827     0.1080     0.0062     0.1132    864.450   78.83298   -0.00070    34.8863    34.8861 0.0000e+00
    423.000     0.9767     0.9763   2.998836   2.998790    306.205    292.688     0.1081     0.0096     0.1126    865.440   78.83298   -0.00072    34.8872    34.8870 0.0000e+00
    424.000     0.9748     0.9745   2.998732   2.998702    306.554    292.481     0.1082     0.0096     0.1122    866.416   78.83298   -0.00072    34.8873    34.8873 0.0000e+00
    425.000     0.9753     0.9753   2.998847   2.998838    306.937    292.749     0.1084     0.0096     0.1130    867.397   78.83298   -0.00072    34.8877    34.8876 0.0000e+00
    426.000     0.9765     0.9764   2.999018   2.998997    306.847    292.774     0.1085     0.0079     0.1136    868.399   78.83298   -0.00072    34.8880    34.8878 0.0000e+00
    427.000     0.9764     0.9763   2.999077   2.999056    306.850    293.080     0.1086     0.0033     0.1122    869.415   78.83298   -0.00072    34.8883    34.8881 0.0000e+00
    428.000     0.9820     0.9817   2.999670   2.999671    307.121    292.910     0.1087     0.0093     0.1116    870.428   78.83298   -0.00072    34.8891    34.8895 0.0000e+00
    429.000     0.9988     0.9978   3.001376   3.001309    307.211    292.966     0.1089     0.0091     0.1112    871.435   78.83298   -0.00072    34.8917    34.8919 0.0000e+00
    430.000     1.0008     1.0006   3.001682   3.001648    307.178    293.430     0.1090     0.0025     0.1118    872.426   78.83298   -0.00072    34.8928    34.8926 0.0000e+00
    431.000     0.9957     0.9965   3.001271   3.001326    307.053    293.521     0.1091     0.0011     0.1117    873.417   78.83298   -0.00074    34.8926    34.8925 0.0000e+00
    432.000     0.9891     0.9907   3.000712   3.000831    306.900    293.555     0.1092     0.0120     0.1119    874.415   78.83298   -0.00074    34.8923    34.8920 0.0000e+00
    433.000     0.9860     0.9854   3.000465   3.000402    307.132    293.557     0.1093     0.0055     0.1112    875.409   78.83298   -0.00072    34.8919    34.8918 0.0000e+00
    434.000     0.9848     0.9850   3.000402   3.000381    307.432    293.645     0.1094     0.0052     0.1121    876.400   78.83298   -0.00072    34.8919    34.8914 0.0000e+00
    435.000     0.9594     0.9612   2.998118   2.998214    307.995    294.131     0.1095     0.0062     0.1122    877.394   78.83298   -0.00072    34.8903    34.8895 0.0000e+00
    436.000     0.9694     0.9685   2.999088   2.999101    307.672    293.615     0.1096     0.0048     0.1116    878.402   78.83298   -0.00074    34.8910    34.8921 0.0000e+00
    437.000     0.9804     0.9807   3.000239   3.000237    307.113    293.294     0.1096     0.0111     0.1121    879.415   78.83298   -0.00074    34.8929    34.8925 0.0000e+00
    438.000     0.9721     0.9726   2.999550   2.999579    307.527    293.512     0.1097     0.0130     0.1115    880.415   78.83298   -0.00074    34.8927    34.8925 0.0000e+00
    439.000     0.9695     0.9696   2.999358   2.999361    307.498    293.468     0.1097     0.0017     0.1111    881.410   78.83298   -0.00074    34.8926    34.8925 0.0000e+00
    440.000     0.9664     0.9669   2.999189   2.999221    307.242    293.625     0.1098     0.0022     0.1111    882.406   78.83298   -0.00074    34.8933    34.8931 0.0000e+00
    441.000     0.9592     0.9593   2.998637   2.998603    307.374    293.896     0.1099     0.0086     0.1108    883.403   78.83298   -0.00074    34.8937    34.8931 0.0000e+00
    442.000     0.9394     0.9400   2.996902   2.996886    307.364    294.021     0.1099     0.0026     0.1110    884.406   78.83298   -0.00074    34.8928    34.8920 0.0000e+00
    443.000     0.9090     0.9121   2.994125   2.994317    307.394    294.291     0.1100     0.0079     0.1109    885.414   78.83298   -0.00074    34.8905    34.8894 0.0000e+00
    444.000     0.8819     0.8822   2.991674   2.991668    307.282    293.990     0.1100     0.0035     0.1114    886.420   78.83298   -0.00074    34.8885    34.8881 0.0000e+00
    445.000     0.8737     0.8740   2.990931   2.990950    306.993    293.409     0.1101     0.0021     0.1104    887.426   78.83298   -0.00074    34.8875    34.8875 0.0000e+00
    446.000     0.8711     0.8711   2.990744   2.990731    307.351    293.309     0.1102     0.0019     0.1107    888.414   78.83298   -0.00074    34.8874    34.8872 0.0000e+00
    447.000     0.8684     0.8681   2.990529   2.990486    307.229    292.960     0.1104     0.0015     0.1105    889.404   78.83298   -0.00074    34.8871    34.8869 0.0000e+00
    448.000     0.8579     0.8591   2.989612   2.989676    306.839    293.070     0.1105     0.0017     0.1101    890.398   78.83298   -0.00074    34.8864    34.8859 0.0000e+00
    449.000     0.8450     0.8445   2.988467   2.988406    306.697    293.042     0.1107     0.0020     0.1099    891.406   78.83298   -0.00074    34.8855    34.8852 0.0000e+00
    450.000     0.8352     0.8354   2.987622   2.987616    306.769    292.678     0.1109     0.0023     0.1095    892.434   78.83298   -0.00074    34.8849    34.8846 0.0000e+00
    451.000     0.8332     0.8332   2.987467   2.987488    306.452    292.641     0.1111     0.0032     0.1094    893.447   78.83298   -0.00074    34.8846    34.8848 0.0000e+00
    452.000     0.8360     0.8356   2.987818   2.987805    306.382    292.374     0.1113     0.0094     0.1093    894.441   78.83298   -0.00074    34.8853    34.8857 0.0000e+00
    453.000     0.8462     0.8458   2.988883   2.988871    306.187    292.469     0.1116     0.0092     0.1092    895.424   78.83298   -0.00074    34.8872    34.8874 0.0000e+00
