test_project/cnv_files/sta0245_bin.cnv
* Sea-Bird SBE 9 Data File:
* FileName = C:\Seabird\CTDDATA\Sta0245.hex
* Software Version Seasave V 7.26.7.107
* Temperature SN = 03-4535
* Conductivity SN = 2860
* Number of Bytes Per Scan = 44
* Number of Voltage Words = 5
* Number of Scans Averaged by the Deck Unit = 1
* NMEA Latitude = 78 50.05 N
* NMEA Longitude = 006 00.46 E
* NMEA UTC (Time) = Sep 14 2019 14:36:50
* NMEA baud rate = 9600
** Ship: "Kronprins Haakon"
** Station: 0245
** Echodepth: 2414
** Log: 6497.98
** Wind-Dir Force(m/s): 06 08
** Air-temp (dry): 5.8
** Weather Sky: 2 8
** Sea Ice: 3 0
# nquan = 16
# nvalues = 2445                        
# units = specified
# name 0 = prDM: Pressure, Digiquartz [db]
# name 1 = t090C: Temperature [ITS-90, deg C]
# name 2 = t190C: Temperature, 2 [ITS-90, deg C]
# name 3 = c0S/m: Conductivity [S/m]
# name 4 = c1S/m: Conductivity, 2 [S/m]
# name 5 = sbox0Mm/Kg: Oxygen, SBE 43 [umol/kg]
# name 6 = sbox1Mm/Kg: Oxygen, SBE 43, 2 [umol/kg]
# name 7 = wetCDOM: Fluorescence, WET Labs CDOM [mg/m^3]
# name 8 = flECO-AFL: Fluorescence, WET Labs ECO-AFL/FL [mg/m^3]
# name 9 = CStarAt0: Beam Attenuation, WET Labs C-Star [1/m]
# name 10 = timeS: Time, Elapsed [seconds]
# name 11 = latitude: Latitude [deg]
# name 12 = longitude: Longitude [deg]
# name 13 = sal00: Salinity, Practical [PSU]
# name 14 = sal11: Salinity, Practical, 2 [PSU]
# name 15 = flag: flag
# span 0 =      3.000,   2447.000       
# span 1 =    -0.7577,     5.6985       
# span 2 =    -0.7576,     5.6975       
# span 3 =   2.900559,   3.395479       
# span 4 =   2.900593,   3.395432       
# span 5 =    303.056,    337.664       
# span 6 =    297.711,    321.456       
# span 7 =     0.0947,     0.1323       
# span 8 =    -0.0076,     2.4110       
# span 9 =     0.1305,     0.4828       
# span 10 =    146.735,   2567.022      
# span 11 =   78.83428,   78.83432      
# span 12 =    6.00770,    6.00778      
# span 13 =    34.8410,    35.0218      
# span 14 =    34.8411,    35.0228      
# span 15 = 0.0000e+00, 0.0000e+00      
# interval = decibars: 1                
# start_time = Sep 14 2019 14:36:50 [NMEA time, header]
# bad_flag = -9.990e-29
*END*
[from data line 814]
    817.000    -0.3073    -0.3076   2.907805   2.907829    325.834    319.230     0.1164     0.0020     0.1325    949.884   78.83430    6.00776    34.9129    34.9136 0.0000e+00
    818.000    -0.3084    -0.3084   2.907763   2.907809    325.801    319.306     0.1163     0.0023     0.1328    950.836   78.83430    6.00776    34.9129    34.9136 0.0000e+00
    819.000    -0.3111    -0.3111   2.907572   2.907617    325.370    319.202     0.1162     0.0052     0.1328    951.791   78.83430    6.00776    34.9129    34.9135 0.0000e+00
    820.000    -0.3106    -0.3108   2.907663   2.907696    325.651    319.377     0.1161     0.0075     0.1329    952.748   78.83430    6.00776    34.9130    34.9136 0.0000e+00
    821.000    -0.3110    -0.3111   2.907667   2.907701    325.424    319.432     0.1159     0.0020     0.1327    953.711   78.83430    6.00776    34.9129    34.9135 0.0000e+00
    822.000    -0.3104    -0.3108   2.907768   2.907776    325.308    318.882     0.1158     0.0023     0.1325    954.690   78.83430    6.00776    34.9130    34.9136 0.0000e+00
    823.000    -0.3111    -0.3116   2.907754   2.907749    325.424    318.902     0.1157     0.0090     0.1325    955.663   78.83430    6.00776    34.9130    34.9135 0.0000e+00
    824.000    -0.3131    -0.3134   2.907628   2.907637    325.274    318.988     0.1155     0.0094     0.1328    956.636   78.83430    6.00776    34.9130    34.9135 0.0000e+00
    825.000    -0.3148    -0.3151   2.907541   2.907552    325.037    318.668     0.1154     0.0035     0.1327    957.616   78.83430    6.00776    34.9131    34.9137 0.0000e+00
    826.000    -0.3157    -0.3162   2.907490   2.907492    325.633    318.872     0.1153     0.0023     0.1329    958.601   78.83430    6.00776    34.9130    34.9136 0.0000e+00
    827.000    -0.3166    -0.3169   2.907464   2.907472    325.666    319.184     0.1152     0.0023     0.1328    959.591   78.83430    6.00776    34.9131    34.9135 0.0000e+00
    828.000    -0.3180    -0.3183   2.907386   2.907405    326.028    319.302     0.1151     0.0023     0.1334    960.581   78.83430    6.00776    34.9130    34.9136 0.0000e+00
    829.000    -0.3178    -0.3181   2.907454   2.907472    325.826    319.193     0.1150     0.0045     0.1332    961.566   78.83430    6.00776    34.9131    34.9137 0.0000e+00
    830.000    -0.3185    -0.3187   2.907447   2.907468    325.802    318.960     0.1149     0.0075     0.1326    962.542   78.83430    6.00776    34.9132    34.9137 0.0000e+00
    831.000    -0.3197    -0.3199   2.907389   2.907414    325.404    318.818     0.1148     0.0024     0.1328    963.500   78.83430    6.00776    34.9132    34.9138 0.0000e+00
    832.000    -0.3207    -0.3213   2.907343   2.907339    325.521    319.004     0.1147     0.0023     0.1333    964.455   78.83430    6.00776    34.9131    34.9138 0.0000e+00
    833.000    -0.3209    -0.3211   2.907371   2.907393    325.653    319.232     0.1145     0.0023     0.1327    965.417   78.83430    6.00776    34.9132    34.9137 0.0000e+00
    834.000    -0.3210    -0.3212   2.907411   2.907434    325.663    319.294     0.1144     0.0023     0.1335    966.395   78.83430    6.00776    34.9132    34.9138 0.0000e+00
    835.000    -0.3208    -0.3212   2.907469   2.907483    326.184    319.204     0.1142     0.0020     0.1335    967.375   78.83430    6.00776    34.9132    34.9138 0.0000e+00
    836.000    -0.3215    -0.3217   2.907455   2.907485    326.083    318.862     0.1140     0.0022     0.1337    968.349   78.83430    6.00778    34.9132    34.9138 0.0000e+00
    837.000    -0.3226    -0.3229   2.907404   2.907415    326.172    318.991     0.1138     0.0014     0.1328    969.320   78.83430    6.00778    34.9132    34.9137 0.0000e+00
    838.000    -0.3232    -0.3235   2.907399   2.907411    326.189    319.112     0.1136     0.0018     0.1325    970.283   78.83430    6.00776    34.9132    34.9137 0.0000e+00
    839.000    -0.3236    -0.3240   2.907405   2.907419    326.086    319.202     0.1134     0.0040     0.1328    971.255   78.83430    6.00776    34.9132    34.9138 0.0000e+00
    840.000    -0.3239    -0.3242   2.907424   2.907446    326.255    319.307     0.1133     0.0083     0.1327    972.234   78.83430    6.00776    34.9132    34.9138 0.0000e+00
    841.000    -0.3246    -0.3248   2.907411   2.907434    326.569    319.103     0.1132     0.0033     0.1329    973.221   78.83430    6.00776    34.9132    34.9138 0.0000e+00
    842.000    -0.3254    -0.3257   2.907386   2.907401    325.914    318.760     0.1131     0.0092     0.1330    974.207   78.83430    6.00776    34.9132    34.9138 0.0000e+00
    843.000    -0.3260    -0.3263   2.907386   2.907409    325.898    318.986     0.1130     0.0094     0.1324    975.182   78.83430    6.00776    34.9133    34.9140 0.0000e+00
    844.000    -0.3264    -0.3266   2.907396   2.907409    325.722    319.210     0.1131     0.0037     0.1330    976.148   78.83430    6.00776    34.9134    34.9138 0.0000e+00
    845.000    -0.3267    -0.3269   2.907420   2.907437    325.985    319.373     0.1131     0.0068     0.1327    977.113   78.83430    6.00776    34.9133    34.9139 0.0000e+00
    846.000    -0.3271    -0.3274   2.907421   2.907444    325.986    319.463     0.1132     0.0052     0.1327    978.079   78.83430    6.00776    34.9133    34.9139 0.0000e+00
    847.000    -0.3287    -0.3291   2.907327   2.907336    325.749    319.472     0.1133     0.0020     0.1332    979.050   78.83430    6.00776    34.9132    34.9138 0.0000e+00
    848.000    -0.3292    -0.3295   2.907328   2.907350    326.127    319.452     0.1135     0.0013     0.1332    980.025   78.83430    6.00776    34.9133    34.9139 0.0000e+00
    849.000    -0.3301    -0.3304   2.907292   2.907319    325.931    319.499     0.1136     0.0018     0.1336    981.004   78.83430    6.00776    34.9132    34.9139 0.0000e+00
    850.000    -0.3305    -0.3308   2.907309   2.907337    325.876    319.381     0.1137     0.0029     0.1333    981.983   78.83430    6.00776    34.9132    34.9140 0.0000e+00
    851.000    -0.3310    -0.3313   2.907305   2.907327    325.417    319.161     0.1138     0.0088     0.1327    982.962   78.83430    6.00776    34.9132    34.9139 0.0000e+00
    852.000    -0.3321    -0.3324   2.907266   2.907278    325.817    319.221     0.1139     0.0027     0.1333    983.946   78.83430    6.00776    34.9134    34.9139 0.0000e+00
    853.000    -0.3335    -0.3337   2.907194   2.907214    325.893    319.393     0.1140     0.0023     0.1331    984.927   78.83430    6.00776    34.9134    34.9140 0.0000e+00
    854.000    -0.3340    -0.3343   2.907189   2.907207    325.911    319.364     0.1140     0.0023     0.1329    985.905   78.83430    6.00776    34.9134    34.9140 0.0000e+00
    855.000    -0.3350    -0.3352   2.907144   2.907171    325.843    319.377     0.1140     0.0020     0.1327    986.872   78.83430    6.00776    34.9133    34.9139 0.0000e+00
    856.000    -0.3356    -0.3357   2.907140   2.907170    325.800    319.208     0.1141     0.0023     0.1329    987.836   78.83430    6.00776    34.9133    34.9139 0.0000e+00
    857.000    -0.3363    -0.3366   2.907117   2.907137    325.995    319.046     0.1141     0.0046     0.1335    988.794   78.83430    6.00776    34.9133    34.9139 0.0000e+00
    858.000    -0.3370    -0.3373   2.907095   2.907127    325.759    319.271     0.1141     0.0078     0.1330    989.756   78.83430    6.00776    34.9132    34.9139 0.0000e+00
    859.000    -0.3378    -0.3382   2.907082   2.907095    325.691    319.468     0.1141     0.0020     0.1329    990.732   78.83430    6.00776    34.9133    34.9139 0.0000e+00
    860.000    -0.3394    -0.3397   2.906992   2.907011    325.811    319.408     0.1142     0.0018     0.1325    991.714   78.83430    6.00776    34.9133    34.9139 0.0000e+00
    861.000    -0.3417    -0.3419   2.906843   2.906864    325.470    318.819     0.1142     0.0021     0.1325    992.707   78.83430    6.00776    34.9134    34.9139 0.0000e+00
    862.000    -0.3439    -0.3441   2.906690   2.906712    325.586    318.896     0.1143     0.0084     0.1330    993.702   78.83430    6.00776    34.9133    34.9139 0.0000e+00
    863.000    -0.3446    -0.3450   2.906678   2.906680    325.492    318.764     0.1144     0.0096     0.1334    994.691   78.83430    6.00776    34.9134    34.9138 0.0000e+00
    864.000    -0.3445    -0.3449   2.906729   2.906745    325.215    318.872     0.1145     0.0096     0.1332    995.665   78.83430    6.00776    34.9134    34.9140 0.0000e+00
    865.000    -0.3451    -0.3453   2.906722   2.906755    325.342    319.046     0.1146     0.0096     0.1326    996.635   78.83430    6.00776    34.9133    34.9140 0.0000e+00
    866.000    -0.3456    -0.3460   2.906731   2.906737    324.952    318.566     0.1148     0.0064     0.1325    997.592   78.83430    6.00775    34.9134    34.9139 0.0000e+00
    867.000    -0.3474    -0.3475   2.906626   2.906660    325.158    318.683     0.1149     0.0020     0.1325    998.553   78.83430    6.00775    34.9134    34.9140 0.0000e+00
    868.000    -0.3473    -0.3476   2.906666   2.906688    325.148    318.338     0.1152     0.0020     0.1327    999.520   78.83430    6.00776    34.9134    34.9140 0.0000e+00
    869.000    -0.3477    -0.3480   2.906671   2.906693    325.166    318.579     0.1154     0.0020     0.1328   1000.489   78.83430    6.00776    34.9133    34.9139 0.0000e+00
    870.000    -0.3492    -0.3492   2.906592   2.906632    325.339    318.727     0.1156     0.0020     0.1327   1001.462   78.83430    6.00776    34.9134    34.9139 0.0000e+00
    871.000    -0.3501    -0.3504   2.906563   2.906595    325.294    318.211     0.1159     0.0017     0.1325   1002.438   78.83430    6.00776    34.9133    34.9141 0.0000e+00
    872.000    -0.3521    -0.3519   2.906440   2.906497    325.400    318.599     0.1161     0.0021     0.1327   1003.424   78.83430    6.00776    34.9135    34.9139 0.0000e+00
    873.000    -0.3538    -0.3540   2.906333   2.906364    325.504    318.720     0.1164     0.0072     0.1323   1004.410   78.83430    6.00776    34.9134    34.9140 0.0000e+00
    874.000    -0.3547    -0.3551   2.906302   2.906317    325.812    318.408     0.1166     0.0048     0.1320   1005.397   78.83430    6.00776    34.9134    34.9140 0.0000e+00
    875.000    -0.3583    -0.3585   2.906036   2.906069    325.428    318.499     0.1169     0.0023     0.1324   1006.381   78.83430    6.00776    34.9134    34.9140 0.0000e+00
    876.000    -0.3595    -0.3599   2.905976   2.905999    325.246    318.797     0.1171     0.0020     0.1325   1007.357   78.83430    6.00776    34.9134    34.9141 0.0000e+00
    877.000    -0.3597    -0.3599   2.906011   2.906034    325.267    318.741     0.1174     0.0023     0.1325   1008.326   78.83430    6.00776    34.9134    34.9140 0.0000e+00
    878.000    -0.3605    -0.3605   2.905988   2.906037    325.152    318.459     0.1177     0.0035     0.1324   1009.290   78.83430    6.00776    34.9134    34.9141 0.0000e+00
    879.000    -0.3609    -0.3609   2.906005   2.906042    325.225    318.298     0.1179     0.0094     0.1324   1010.261   78.83430    6.00776    34.9135    34.9140 0.0000e+00
    880.000    -0.3612    -0.3614   2.906010   2.906045    324.808    318.365     0.1182     0.0093     0.1326   1011.233   78.83430    6.00776    34.9134    34.9141 0.0000e+00
    881.000    -0.3619    -0.3621   2.905996   2.906031    325.052    317.990     0.1184     0.0033     0.1321   1012.205   78.83430    6.00776    34.9134    34.9141 0.0000e+00
    882.000    -0.3615    -0.3618   2.906074   2.906093    324.669    318.294     0.1186     0.0024     0.1324   1013.182   78.83430    6.00776    34.9134    34.9140 0.0000e+00
    883.000    -0.3621    -0.3624   2.906076   2.906095    324.810    318.042     0.1188     0.0069     0.1325   1014.158   78.83430    6.00776    34.9136    34.9141 0.0000e+00
    884.000    -0.3627    -0.3630   2.906066   2.906097    325.045    317.995     0.1190     0.0057     0.1319   1015.128   78.83430    6.00776    34.9135    34.9142 0.0000e+00
    885.000    -0.3636    -0.3639   2.906029   2.906043    324.728    318.351     0.1191     0.0051     0.1326   1016.095   78.83430    6.00776    34.9135    34.9140 0.0000e+00
    886.000    -0.3646    -0.3649   2.905983   2.906017    324.895    318.156     0.1193     0.0095     0.1325   1017.073   78.83430    6.00776    34.9133    34.9142 0.0000e+00
    887.000    -0.3653    -0.3657   2.905959   2.905974    324.780    317.692     0.1193     0.0096     0.1325   1018.052   78.83430    6.00776    34.9133    34.9140 0.0000e+00
    888.000    -0.3675    -0.3679   2.905822   2.905838    324.452    318.062     0.1194     0.0096     0.1324   1019.039   78.83430    6.00776    34.9134    34.9140 0.0000e+00
    889.000    -0.3691    -0.3693   2.905733   2.905753    324.900    317.763     0.1194     0.0096     0.1325   1020.022   78.83430    6.00776    34.9134    34.9140 0.0000e+00
    890.000    -0.3699    -0.3703   2.905700   2.905719    324.662    317.672     0.1194     0.0094     0.1324   1020.998   78.83430    6.00776    34.9134    34.9140 0.0000e+00
    891.000    -0.3700    -0.3706   2.905737   2.905741    324.134    317.501     0.1194     0.0036     0.1320   1021.975   78.83430    6.00776    34.9134    34.9141 0.0000e+00
    892.000    -0.3717    -0.3716   2.905642   2.905694    324.286    317.280     0.1194     0.0075     0.1324   1022.952   78.83430    6.00776    34.9134    34.9140 0.0000e+00
    893.000    -0.3723    -0.3725   2.905636   2.905664    324.219    317.295     0.1194     0.0007     0.1324   1023.927   78.83430    6.00775    34.9134    34.9141 0.0000e+00
    894.000    -0.3738    -0.3739   2.905549   2.905589    324.036    317.646     0.1194    -0.0019     0.1324   1024.898   78.83430    6.00774    34.9134    34.9141 0.0000e+00
    895.000    -0.3750    -0.3750   2.905490   2.905542    323.289    317.397     0.1195     0.0048     0.1323   1025.872   78.83430    6.00775    34.9134    34.9141 0.0000e+00
    896.000    -0.3761    -0.3763   2.905442   2.905470    323.711    317.194     0.1195     0.0076     0.1319   1026.842   78.83430    6.00776    34.9135    34.9140 0.0000e+00
    897.000    -0.3783    -0.3787   2.905297   2.905319    324.228    317.480     0.1195     0.0033     0.1322   1027.809   78.83430    6.00775    34.9135    34.9141 0.0000e+00
    898.000    -0.3798    -0.3801   2.905217   2.905233    324.174    316.941     0.1196     0.0093     0.1321   1028.775   78.83430    6.00774    34.9134    34.9140 0.0000e+00
    899.000    -0.3806    -0.3808   2.905184   2.905219    323.486    317.360     0.1197     0.0094     0.1315   1029.750   78.83430    6.00774    34.9134    34.9141 0.0000e+00
    900.000    -0.3811    -0.3816   2.905190   2.905203    323.656    317.294     0.1197     0.0033     0.1319   1030.724   78.83430    6.00774    34.9135    34.9141 0.0000e+00
    901.000    -0.3817    -0.3820   2.905180   2.905211    323.818    316.906     0.1198     0.0017     0.1318   1031.705   78.83430    6.00774    34.9134    34.9142 0.0000e+00
    902.000    -0.3833    -0.3839   2.905095   2.905098    323.870    317.263     0.1198     0.0018     0.1316   1032.695   78.83430    6.00775    34.9135    34.9142 0.0000e+00
    903.000    -0.3840    -0.3843   2.905077   2.905098    323.975    317.165     0.1199     0.0023     0.1321   1033.686   78.83430    6.00776    34.9135    34.9142 0.0000e+00
    904.000    -0.3854    -0.3857   2.904996   2.905030    323.622    317.189     0.1199     0.0022     0.1321   1034.673   78.83430    6.00775    34.9134    34.9142 0.0000e+00
    905.000    -0.3860    -0.3863   2.904992   2.905018    323.864    317.162     0.1200     0.0018     0.1322   1035.654   78.83430    6.00774    34.9135    34.9142 0.0000e+00
