test_project/cnv_files/Sta0209_bin.cnv
* Sea-Bird SBE 9 Data File:
* FileName = C:\Seabird\CTDDATA\Sta0209.hex
* Software Version Seasave V 7.26.7.107
* Temperature SN = 03-4535
* Conductivity SN = 2860
* Number of Bytes Per Scan = 44
* Number of Voltage Words = 5
* Number of Scans Averaged by the Deck Unit = 1
* NMEA Latitude = 78 49.99 N
* NMEA Longitude = 008 30.06 W
* NMEA UTC (Time) = Sep 05 2019 10:54:00
* NMEA baud rate = 9600
** Ship: "Kronprins Haakon"
** Station: 0209
** Echodepth: 277
** Log: 5915.343
** Wind-Dir Force(m/s): 20 13
** Air-temp (dry): -1.2
** Weather Sky: 2 6
** Sea Ice: 1 4
# nquan = 17
# nvalues = 266                         
# units = specified
# name 0 = prDM: Pressure, Digiquartz [db]
# name 1 = t090C: Temperature [ITS-90, deg C]
# name 2 = t190C: Temperature, 2 [ITS-90, deg C]
# name 3 = c0S/m: Conductivity [S/m]
# name 4 = c1S/m: Conductivity, 2 [S/m]
# name 5 = sbox0Mm/Kg: Oxygen, SBE 43 [umol/kg]
# name 6 = sbox1Mm/Kg: Oxygen, SBE 43, 2 [umol/kg]
# name 7 = wetCDOM: Fluorescence, WET Labs CDOM [mg/m^3]
# name 8 = flECO-AFL: Fluorescence, WET Labs ECO-AFL/FL [mg/m^3]
# name 9 = CStarAt0: Beam Attenuation, WET Labs C-Star [1/m]
# name 10 = timeS: Time, Elapsed [seconds]
# name 11 = latitude: Latitude [deg]
# name 12 = longitude: Longitude [deg]
# name 13 = upoly0: Upoly 0, ISUS
# name 14 = sal00: Salinity, Practical [PSU]
# name 15 = sal11: Salinity, Practical, 2 [PSU]
# name 16 = flag: flag
# span 0 =      2.000,    267.000       
# span 1 =    -1.5652,     1.4782       
# span 2 =    -1.5647,     1.4767       
# span 3 =   2.455666,   3.031398       
# span 4 =   2.455657,   3.031307       
# span 5 =    311.543,    405.325       
# span 6 =    307.226,    402.573       
# span 7 =     0.1115,     0.1769       
# span 8 =     0.0095,     1.0257       
# span 9 =     0.1446,     0.3550       
# span 10 =    270.707,    565.953      
# span 11 =   78.83322,   78.83322      
# span 12 =   -8.50106,   -8.50102      
# span 13 =  13.166560,  25.061674      
# span 14 =    30.5820,    34.8368      
# span 15 =    30.5810,    34.8373      
# span 16 = 0.0000e+00, 0.0000e+00      
# interval = decibars: 1                
# start_time = Sep 05 2019 10:54:00 [NMEA time, header]
# bad_flag = -9.990e-29
*END*
      2.000    -1.4803    -1.4803   2.456682   2.456623    399.878    399.605     0.1529     0.4451     0.3347    270.707   78.83322   -8.50102  13.858515    30.5834    30.5825 0.0000e+00
      3.000    -1.4794    -1.4784   2.456809   2.456815    401.479    398.885     0.1546     0.3937     0.3324    273.045   78.83322   -8.50103  13.222640    30.5835    30.5827 0.0000e+00
      4.000    -1.4795    -1.4785   2.456837   2.456867    402.080    398.281     0.1556     0.3735     0.3300    274.844   78.83322   -8.50104  13.481815    30.5835    30.5828 0.0000e+00
      5.000    -1.4797    -1.4800   2.456865   2.456789    401.773    397.583     0.1555     0.4064     0.3304    276.372   78.83322   -8.50104  13.456251    30.5835    30.5827 0.0000e+00
      6.000    -1.4813    -1.4802   2.456793   2.456798    401.730    398.323     0.1541     0.4219     0.3310    277.777   78.83322   -8.50104  13.373397    30.5836    30.5825 0.0000e+00
      7.000    -1.4834    -1.4827   2.456649   2.456614    402.843    399.615     0.1489     0.4482     0.3337    279.093   78.83322   -8.50102  13.643670    30.5832    30.5820 0.0000e+00
      8.000    -1.4856    -1.4857   2.456455   2.456360    403.352    400.419     0.1469     0.4681     0.3310    280.368   78.83322   -8.50102  13.480928    30.5823    30.5811 0.0000e+00
      9.000    -1.4866    -1.4860   2.456405   2.456381    403.412    400.732     0.1450     0.4157     0.3325    281.571   78.83322   -8.50104  13.367424    30.5820    30.5810 0.0000e+00
     10.000    -1.4869    -1.4863   2.456442   2.456401    404.143    401.146     0.1435     0.3829     0.3302    282.747   78.83322   -8.50104  13.167821    30.5822    30.5810 0.0000e+00
     11.000    -1.4919    -1.4916   2.456187   2.456145    404.406    401.410     0.1426     0.3887     0.3299    283.906   78.83322   -8.50104  13.166560    30.5833    30.5824 0.0000e+00
     12.000    -1.4942    -1.4933   2.456186   2.456166    404.570    401.365     0.1424     0.4500     0.3355    285.054   78.83322   -8.50104  13.233572    30.5850    30.5839 0.0000e+00
     13.000    -1.5033    -1.5022   2.456388   2.456364    404.945    401.345     0.1431     0.5261     0.3345    286.151   78.83322   -8.50104  13.216172    30.5965    30.5951 0.0000e+00
     14.000    -1.5372    -1.5346   2.455895   2.455891    405.325    401.443     0.1445     0.5744     0.3311    287.212   78.83322   -8.50104  13.601291    30.6242    30.6214 0.0000e+00
     15.000    -1.5652    -1.5647   2.455666   2.455657    405.264    401.124     0.1463     0.6603     0.3336    288.279   78.83322   -8.50104  13.805048    30.6493    30.6486 0.0000e+00
     16.000    -1.5395    -1.5397   2.466174   2.466598    404.156    399.849     0.1484     0.7281     0.3344    289.354   78.83322   -8.50104  13.546813    30.7659    30.7720 0.0000e+00
     17.000    -1.3832    -1.3862   2.511353   2.511452    403.429    398.414     0.1505     0.8647     0.3334    290.435   78.83322   -8.50104  13.284641    31.2202    31.2247 0.0000e+00
     18.000    -1.3668    -1.4028   2.531716   2.513823    404.064    402.573     0.1526     0.9471     0.3469    292.844   78.83322   -8.50104  13.603794    31.4804    31.2736 0.0000e+00
     19.000    -1.3375    -1.3381   2.563264   2.564082    401.549    401.431     0.1546     1.0057     0.3550    295.225   78.83322   -8.50104  13.474417    31.8797    31.8916 0.0000e+00
     20.000    -1.3291    -1.3291   2.580993   2.580945    404.022    401.781     0.1565     1.0257     0.3426    296.395   78.83322   -8.50104  13.951124    32.1125    32.1118 0.0000e+00
     21.000    -1.3994    -1.3964   2.579232   2.579201    403.908    401.812     0.1585     0.8894     0.3426    297.435   78.83322   -8.50104  14.904836    32.1635    32.1599 0.0000e+00
     22.000    -1.4460    -1.4458   2.578199   2.578102    402.799    401.894     0.1603     0.4371     0.3152    298.504   78.83322   -8.50104  15.548523    32.1991    32.1975 0.0000e+00
     23.000    -1.4606    -1.4606   2.577168   2.577077    397.931    397.641     0.1620     0.3069     0.2840    299.579   78.83322   -8.50104  15.655195    32.2002    32.1989 0.0000e+00
     24.000    -1.4884    -1.4883   2.576126   2.576034    393.283    391.818     0.1637     0.2791     0.2545    300.648   78.83322   -8.50104  15.994421    32.2152    32.2139 0.0000e+00
     25.000    -1.4756    -1.4767   2.578689   2.578670    390.141    387.236     0.1652     0.2525     0.2350    301.702   78.83322   -8.50104  15.920174    32.2360    32.2369 0.0000e+00
     26.000    -1.4071    -1.4091   2.587889   2.587775    389.001    384.859     0.1665     0.2451     0.2218    302.756   78.83322   -8.50104  16.199097    32.2875    32.2881 0.0000e+00
     27.000    -1.3856    -1.3856   2.590810   2.590763    391.900    385.985     0.1676     0.2552     0.2157    303.803   78.83322   -8.50104  16.519204    32.3037    32.3030 0.0000e+00
     28.000    -1.4305    -1.4277   2.588458   2.588349    393.069    386.708     0.1685     0.2131     0.2093    304.848   78.83322   -8.50104  16.453291    32.3195    32.3150 0.0000e+00
     29.000    -1.5123    -1.5099   2.584046   2.584040    390.098    385.536     0.1692     0.2005     0.2071    305.882   78.83322   -8.50104  16.576837    32.3471    32.3444 0.0000e+00
     30.000    -1.5529    -1.5507   2.581977   2.581937    384.517    382.998     0.1698     0.1764     0.2033    306.919   78.83322   -8.50104  16.476951    32.3622    32.3592 0.0000e+00
     31.000    -1.5343    -1.5396   2.586314   2.586202    382.464    381.362     0.1704     0.1595     0.1995    307.968   78.83322   -8.50104  16.721984    32.4010    32.4052 0.0000e+00
     32.000    -1.4537    -1.4549   2.597162   2.597134    385.358    380.504     0.1711     0.1786     0.1953    309.022   78.83322   -8.50104  17.193692    32.4618    32.4627 0.0000e+00
     33.000    -1.4131    -1.4152   2.604459   2.604364    391.904    382.044     0.1719     0.2992     0.1906    310.088   78.83322   -8.50104  16.941408    32.5172    32.5181 0.0000e+00
     34.000    -1.4121    -1.4109   2.607894   2.607845    392.827    382.819     0.1726     0.3115     0.1951    311.166   78.83322   -8.50104  16.157324    32.5626    32.5607 0.0000e+00
     35.000    -1.4051    -1.4061   2.610698   2.610626    389.968    382.482     0.1734     0.2552     0.1999    312.250   78.83322   -8.50104  16.318844    32.5928    32.5930 0.0000e+00
     36.000    -1.4381    -1.4360   2.611482   2.611356    386.450    381.512     0.1740     0.2260     0.1975    313.330   78.83322   -8.50104  16.953501    32.6392    32.6351 0.0000e+00
     37.000    -1.5310    -1.5277   2.607366   2.607397    384.941    380.764     0.1746     0.1778     0.1959    314.385   78.83322   -8.50104  17.467121    32.6838    32.6806 0.0000e+00
     38.000    -1.4879    -1.4929   2.614480   2.614289    379.837    376.774     0.1751     0.1507     0.1952    315.414   78.83322   -8.50104  18.187725    32.7338    32.7366 0.0000e+00
     39.000    -1.4144    -1.4129   2.624143   2.624045    378.949    374.701     0.1756     0.1709     0.1926    316.422   78.83322   -8.50104  17.420235    32.7853    32.7823 0.0000e+00
     40.000    -1.4683    -1.4664   2.624729   2.624653    385.933    376.908     0.1760     0.2816     0.1894    317.429   78.83322   -8.50104  16.757455    32.8521    32.8490 0.0000e+00
     41.000    -1.4616    -1.4618   2.628898   2.628860    384.852    375.150     0.1763     0.5290     0.1915    318.448   78.83322   -8.50104  16.645991    32.9015    32.9012 0.0000e+00
     42.000    -1.4813    -1.4807   2.630202   2.630100    380.449    374.220     0.1765     0.7668     0.2004    319.485   78.83322   -8.50104  16.485050    32.9406    32.9385 0.0000e+00
     43.000    -1.4753    -1.4746   2.632891   2.632806    382.772    377.158     0.1767     0.7768     0.2129    320.548   78.83322   -8.50104  16.431511    32.9704    32.9684 0.0000e+00
     44.000    -1.5071    -1.5058   2.632059   2.632026    390.772    383.052     0.1768     0.6193     0.2284    321.631   78.83322   -8.50104  16.840527    32.9935    32.9916 0.0000e+00
     45.000    -1.5126    -1.5123   2.632982   2.632924    394.087    385.272     0.1769     0.3843     0.2316    322.731   78.83322   -8.50104  16.966168    33.0117    33.0106 0.0000e+00
     46.000    -1.5110    -1.5107   2.634333   2.634262    390.690    382.509     0.1769     0.3447     0.2302    323.823   78.83322   -8.50104  17.740455    33.0279    33.0266 0.0000e+00
     47.000    -1.5061    -1.5062   2.636141   2.636033    385.348    378.296     0.1769     0.3274     0.2254    324.887   78.83322   -8.50104  17.654323    33.0468    33.0454 0.0000e+00
     48.000    -1.4817    -1.4820   2.640598   2.640498    381.912    374.871     0.1767     0.2922     0.2175    325.923   78.83322   -8.50104  17.111901    33.0806    33.0796 0.0000e+00
     49.000    -1.4659    -1.4664   2.645070   2.644933    380.075    373.360     0.1766     0.2760     0.2130    326.944   78.83322   -8.50104  17.770248    33.1241    33.1227 0.0000e+00
     50.000    -1.4448    -1.4449   2.649883   2.649778    378.766    372.684     0.1763     0.2522     0.2076    327.961   78.83322   -8.50104  17.652844    33.1662    33.1649 0.0000e+00
     51.000    -1.4356    -1.4357   2.652922   2.652784    377.797    372.513     0.1761     0.2514     0.2047    328.987   78.83322   -8.50104  17.361471    33.1972    33.1955 0.0000e+00
     52.000    -1.4232    -1.4235   2.657504   2.657336    376.671    372.365     0.1757     0.2514     0.2018    330.024   78.83322   -8.50104  17.403884    33.2459    33.2439 0.0000e+00
     53.000    -1.4124    -1.4128   2.661457   2.661233    375.907    371.783     0.1753     0.2518     0.1987    331.068   78.83322   -8.50104  17.778983    33.2877    33.2850 0.0000e+00
     54.000    -1.3974    -1.3974   2.666741   2.666602    374.771    371.187     0.1749     0.2569     0.1975    332.115   78.83322   -8.50104  17.589709    33.3430    33.3411 0.0000e+00
     55.000    -1.3920    -1.3923   2.668389   2.668151    374.025    370.994     0.1744     0.2334     0.1967    333.172   78.83322   -8.50104  16.945083    33.3590    33.3561 0.0000e+00
     56.000    -1.3757    -1.3765   2.673336   2.673117    373.842    370.774     0.1739     0.2353     0.1956    334.218   78.83322   -8.50104  17.341541    33.4082    33.4061 0.0000e+00
     57.000    -1.3657    -1.3654   2.676400   2.676340    374.429    370.655     0.1733     0.2305     0.1947    335.255   78.83322   -8.50104  17.968620    33.4385    33.4373 0.0000e+00
     58.000    -1.3672    -1.3667   2.677392   2.677315    375.528    370.894     0.1727     0.2183     0.1928    336.284   78.83322   -8.50104  18.058485    33.4532    33.4516 0.0000e+00
     59.000    -1.3739    -1.3736   2.679107   2.679084    374.801    370.395     0.1720     0.2147     0.1912    337.317   78.83322   -8.50104  18.063624    33.4837    33.4831 0.0000e+00
     60.000    -1.3750    -1.3745   2.679475   2.679416    373.643    369.348     0.1712     0.2050     0.1903    338.368   78.83322   -8.50104  17.945627    33.4894    33.4881 0.0000e+00
     61.000    -1.3733    -1.3730   2.680140   2.680115    373.352    368.872     0.1705     0.2089     0.1894    339.425   78.83322   -8.50104  17.599580    33.4961    33.4953 0.0000e+00
     62.000    -1.3696    -1.3695   2.681739   2.681659    373.448    368.591     0.1696     0.2103     0.1871    340.476   78.83322   -8.50104  17.536117    33.5133    33.5120 0.0000e+00
     63.000    -1.3659    -1.3657   2.683230   2.683156    373.670    368.380     0.1688     0.2075     0.1878    341.526   78.83322   -8.50104  17.377625    33.5290    33.5278 0.0000e+00
     64.000    -1.3630    -1.3628   2.684179   2.684097    373.713    368.114     0.1679     0.1991     0.1867    342.550   78.83322   -8.50104  17.480391    33.5382    33.5368 0.0000e+00
     65.000    -1.3584    -1.3585   2.685571   2.685479    373.453    367.976     0.1671     0.1894     0.1859    343.562   78.83322   -8.50104  17.936271    33.5515    33.5503 0.0000e+00
     66.000    -1.3405    -1.3415   2.691084   2.690813    372.822    367.335     0.1662     0.1828     0.1860    344.576   78.83322   -8.50104  18.326933    33.6066    33.6039 0.0000e+00
     67.000    -1.3345    -1.3340   2.693468   2.693418    372.673    366.825     0.1653     0.1704     0.1830    345.586   78.83322   -8.50104  18.347647    33.6319    33.6308 0.0000e+00
     68.000    -1.3299    -1.3301   2.694550   2.694415    371.981    366.371     0.1643     0.1506     0.1826    346.617   78.83322   -8.50104  18.347507    33.6410    33.6394 0.0000e+00
     69.000    -1.3141    -1.3150   2.697970   2.697809    370.050    365.260     0.1634     0.1383     0.1806    347.665   78.83322   -8.50104  17.770091    33.6697    33.6685 0.0000e+00
     70.000    -1.2969    -1.2967   2.703107   2.702833    368.258    363.740     0.1625     0.1330     0.1789    348.732   78.83322   -8.50104  18.525663    33.7202    33.7162 0.0000e+00
     71.000    -1.2952    -1.2952   2.708419   2.708232    366.860    362.709     0.1617     0.1169     0.1784    349.798   78.83322   -8.50104  18.736171    33.7906    33.7881 0.0000e+00
     72.000    -1.2841    -1.2846   2.712240   2.712069    365.355    361.425     0.1608     0.1168     0.1771    350.844   78.83322   -8.50104  18.734620    33.8300    33.8282 0.0000e+00
     73.000    -1.2785    -1.2786   2.713633   2.713549    363.547    359.644     0.1599     0.1151     0.1764    351.886   78.83322   -8.50104  18.553829    33.8421    33.8411 0.0000e+00
     74.000    -1.2653    -1.2662   2.716035   2.715859    361.771    358.272     0.1591     0.1108     0.1748    352.905   78.83322   -8.50104  18.700358    33.8595    33.8582 0.0000e+00
     75.000    -1.2365    -1.2374   2.720716   2.720573    360.297    356.773     0.1582     0.1034     0.1727    353.910   78.83322   -8.50104  19.170658    33.8905    33.8897 0.0000e+00
     76.000    -1.2284    -1.2279   2.722568   2.722496    359.907    355.961     0.1574     0.0924     0.1701    354.916   78.83322   -8.50104  19.246910    33.9062    33.9047 0.0000e+00
     77.000    -1.2294    -1.2291   2.722892   2.722813    359.579    355.438     0.1565     0.0902     0.1698    355.938   78.83322   -8.50104  19.545250    33.9112    33.9097 0.0000e+00
     78.000    -1.2366    -1.2353   2.723041   2.723011    357.195    353.786     0.1556     0.0849     0.1671    356.994   78.83322   -8.50104  19.471453    33.9207    33.9188 0.0000e+00
     79.000    -1.2548    -1.2519   2.722808   2.722761    354.784    352.467     0.1548     0.0883     0.1652    358.070   78.83322   -8.50104  18.876604    33.9376    33.9336 0.0000e+00
     80.000    -1.2737    -1.2736   2.723146   2.723037    353.840    351.741     0.1539     0.0957     0.1647    359.154   78.83322   -8.50104  19.090479    33.9631    33.9614 0.0000e+00
     81.000    -1.2632    -1.2635   2.725037   2.724926    354.478    350.909     0.1530     0.1067     0.1634    360.224   78.83322   -8.50104  19.150255    33.9764    33.9752 0.0000e+00
     82.000    -1.2480    -1.2486   2.727185   2.727089    355.883    350.884     0.1521     0.1137     0.1636    361.261   78.83322   -8.50104  19.342151    33.9880    33.9874 0.0000e+00
     83.000    -1.2316    -1.2325   2.729992   2.729879    356.997    351.171     0.1512     0.1067     0.1633    362.268   78.83322   -8.50104  19.444909    34.0073    34.0068 0.0000e+00
     84.000    -1.1746    -1.1771   2.736329   2.736200    356.197    350.429     0.1504     0.0999     0.1619    363.248   78.83322   -8.50104  19.468542    34.0289    34.0299 0.0000e+00
     85.000    -1.1375    -1.1373   2.740478   2.740400    355.106    349.961     0.1495     0.0923     0.1620    364.216   78.83322   -8.50104  19.693492    34.0429    34.0416 0.0000e+00
     86.000    -1.1302    -1.1306   2.741803   2.741652    354.556    348.918     0.1487     0.0846     0.1615    365.195   78.83322   -8.50104  20.673474    34.0521    34.0505 0.0000e+00
