test_project/cnv_files/Sta0226_bin.cnv
* Sea-Bird SBE 9 Data File:
* FileName = C:\Seabird\CTDDATA\Sta0226.hex
* Software Version Seasave V 7.26.7.107
* Temperature SN = 03-4535
* Conductivity SN = 2860
* Number of Bytes Per Scan = 44
* Number of Voltage Words = 5
* Number of Scans Averaged by the Deck Unit = 1
* NMEA Latitude = 78 02.82 N
* NMEA Longitude = 016 24.92 W
* NMEA UTC (Time) = Sep 08 2019 06:34:00
* NMEA baud rate = 9600
** Ship: "Kronprins Haakon"
** Station: 0226
** Echodepth: 515
** Log: 6074.63
** Wind-Dir Force(m/s): 34 12
** Air-temp (dry): -2.8
** Weather Sky: 0 1
** Sea Ice: 0 7
# nquan = 17
# nvalues = 500                         
# units = specified
# name 0 = prDM: Pressure, Digiquartz [db]
# name 1 = t090C: Temperature [ITS-90, deg C]
# name 2 = t190C: Temperature, 2 [ITS-90, deg C]
# name 3 = c0S/m: Conductivity [S/m]
# name 4 = c1S/m: Conductivity, 2 [S/m]
# name 5 = sbox0Mm/Kg: Oxygen, SBE 43 [umol/kg]
# name 6 = sbox1Mm/Kg: Oxygen, SBE 43, 2 [umol/kg]
# name 7 = wetCDOM: Fluorescence, WET Labs CDOM [mg/m^3]
# name 8 = flECO-AFL: Fluorescence, WET Labs ECO-AFL/FL [mg/m^3]
# name 9 = CStarAt0: Beam Attenuation, WET Labs C-Star [1/m]
# name 10 = timeS: Time, Elapsed [seconds]
# name 11 = latitude: Latitude [deg]
# name 12 = longitude: Longitude [deg]
# name 13 = upoly0: Upoly 0, ISUS
# name 14 = sal00: Salinity, Practical [PSU]
# name 15 = sal11: Salinity, Practical, 2 [PSU]
# name 16 = flag: flag
# span 0 =      2.000,    501.000       
# span 1 =    -1.6821,     1.6812       
# span 2 =    -1.6817,     1.6815       
# span 3 =   2.367831,   3.055557       
# span 4 =   2.367878,   3.055530       
# span 5 =    302.158,    425.168       
# span 6 =    295.582,    411.286       
# span 7 =     0.0870,     0.1804       
# span 8 =    -0.0025,     0.6200       
# span 9 =     0.1271,     0.2304       
# span 10 =    155.248,    658.178      
# span 11 =   78.04599,   78.04677      
# span 12 =  -16.41437,  -16.41143      
# span 13 =  13.117805,  26.321434      
# span 14 =    29.1591,    34.9126      
# span 15 =    29.1621,    34.9121      
# span 16 = 0.0000e+00, 0.0000e+00      
# interval = decibars: 1                
# start_time = Sep 08 2019 06:34:00 [NMEA time, header]
# bad_flag = -9.990e-29
*END*
[from data line 86]
     88.000    -1.5947    -1.5946   2.642166   2.642201    371.163    362.486     0.1739     0.0670     0.1593    250.138   78.04658  -16.41372  18.910514    33.2033    33.2036 0.0000e+00
     89.000    -1.5863    -1.5863   2.645073   2.645123    370.533    362.166     0.1735     0.0532     0.1600    251.101   78.04658  -16.41372  18.582886    33.2335    33.2341 0.0000e+00
     90.000    -1.5793    -1.5788   2.647692   2.647699    370.265    361.695     0.1730     0.0580     0.1601    252.068   78.04658  -16.41370  18.183736    33.2613    33.2608 0.0000e+00
     91.000    -1.5703    -1.5702   2.649786   2.649815    370.211    361.106     0.1725     0.0597     0.1593    253.037   78.04658  -16.41370  18.604006    33.2795    33.2798 0.0000e+00
     92.000    -1.5588    -1.5586   2.652212   2.652170    368.944    360.892     0.1720     0.0647     0.1587    254.008   78.04658  -16.41370  19.156413    33.2996    33.2987 0.0000e+00
     93.000    -1.5635    -1.5638   2.652606   2.652592    368.001    360.337     0.1715     0.0570     0.1583    254.979   78.04658  -16.41369  18.659207    33.3097    33.3098 0.0000e+00
     94.000    -1.5717    -1.5713   2.653366   2.653331    367.346    359.231     0.1709     0.0445     0.1579    255.957   78.04658  -16.41368  18.904630    33.3288    33.3277 0.0000e+00
     95.000    -1.5889    -1.5887   2.653614   2.653607    366.529    358.564     0.1702     0.0447     0.1579    256.940   78.04658  -16.41368  19.073937    33.3508    33.3505 0.0000e+00
     96.000    -1.5794    -1.5791   2.655866   2.655845    365.456    358.006     0.1695     0.0461     0.1572    257.920   78.04657  -16.41367  18.809718    33.3707    33.3700 0.0000e+00
     97.000    -1.5848    -1.5845   2.657198   2.657211    365.551    357.776     0.1688     0.0522     0.1572    258.899   78.04656  -16.41366  18.475949    33.3945    33.3943 0.0000e+00
     98.000    -1.5823    -1.5821   2.658408   2.658396    367.002    357.867     0.1680     0.0517     0.1569    259.876   78.04656  -16.41366  18.670040    33.4078    33.4074 0.0000e+00
     99.000    -1.5782    -1.5778   2.659327   2.659355    367.211    357.869     0.1672     0.0391     0.1561    260.850   78.04656  -16.41365  18.359507    33.4153    33.4153 0.0000e+00
    100.000    -1.5720    -1.5708   2.660252   2.660266    366.786    357.826     0.1664     0.0427     0.1555    261.822   78.04656  -16.41364  18.857883    33.4205    33.4194 0.0000e+00
    101.000    -1.5859    -1.5852   2.660106   2.660109    367.042    357.696     0.1656     0.0442     0.1550    262.791   78.04656  -16.41363  19.147815    33.4335    33.4327 0.0000e+00
    102.000    -1.5896    -1.5894   2.661239   2.661220    366.257    356.940     0.1648     0.0441     0.1546    263.765   78.04656  -16.41362  19.266242    33.4528    33.4523 0.0000e+00
    103.000    -1.5849    -1.5848   2.662960   2.662969    365.253    356.331     0.1641     0.0508     0.1544    264.740   78.04656  -16.41362  19.365935    33.4706    33.4706 0.0000e+00
    104.000    -1.5592    -1.5597   2.666873   2.666917    365.246    355.757     0.1633     0.0575     0.1540    265.717   78.04656  -16.41362  18.822720    33.4951    33.4963 0.0000e+00
    105.000    -1.5288    -1.5289   2.671264   2.671261    365.368    355.919     0.1625     0.0512     0.1541    266.695   78.04656  -16.41361  18.644058    33.5210    33.5211 0.0000e+00
    106.000    -1.5199    -1.5193   2.673054   2.673069    365.780    356.307     0.1617     0.0438     0.1540    267.673   78.04656  -16.41360  19.031773    33.5351    33.5346 0.0000e+00
    107.000    -1.5303    -1.5300   2.674018   2.674013    365.339    356.037     0.1608     0.0382     0.1541    268.652   78.04656  -16.41359  18.816625    33.5595    33.5591 0.0000e+00
    108.000    -1.5226    -1.5228   2.677134   2.677163    362.553    354.990     0.1600     0.0435     0.1543    269.627   78.04656  -16.41358  18.898096    33.5933    33.5939 0.0000e+00
    109.000    -1.4891    -1.4889   2.681844   2.681834    360.240    353.590     0.1591     0.0433     0.1532    270.599   78.04655  -16.41358  19.423357    33.6199    33.6196 0.0000e+00
    110.000    -1.4960    -1.4953   2.683405   2.683381    360.552    353.588     0.1582     0.0489     0.1531    271.569   78.04654  -16.41358  19.218104    33.6486    33.6475 0.0000e+00
    111.000    -1.4896    -1.4901   2.684946   2.684958    360.414    352.993     0.1573     0.0462     0.1529    272.539   78.04654  -16.41357  19.719817    33.6621    33.6627 0.0000e+00
    112.000    -1.4401    -1.4407   2.690471   2.690484    358.501    351.492     0.1564     0.0422     0.1528    273.506   78.04654  -16.41356  19.305527    33.6817    33.6826 0.0000e+00
    113.000    -1.4401    -1.4388   2.692233   2.692189    358.371    351.324     0.1555     0.0404     0.1527    274.480   78.04654  -16.41356  19.700316    33.7054    33.7033 0.0000e+00
    114.000    -1.4691    -1.4663   2.690847   2.691153    359.251    351.321     0.1545     0.0347     0.1523    275.448   78.04654  -16.41354  20.038181    33.7185    33.7195 0.0000e+00
    115.000    -1.3950    -1.3941   2.697926   2.698109    356.013    348.834     0.1536     0.0303     0.1518    276.418   78.04654  -16.41354  20.056643    33.7316    33.7332 0.0000e+00
    116.000    -1.3928    -1.3918   2.698992   2.698911    355.072    348.486     0.1527     0.0404     0.1511    277.387   78.04654  -16.41354  20.092727    33.7432    33.7410 0.0000e+00
    117.000    -1.4262    -1.4250   2.696856   2.696806    356.727    348.962     0.1518     0.0297     0.1508    278.356   78.04654  -16.41354  20.075650    33.7509    33.7489 0.0000e+00
    118.000    -1.4629    -1.4622   2.694674   2.694674    355.189    348.165     0.1510     0.0354     0.1504    279.322   78.04654  -16.41352  19.317359    33.7618    33.7610 0.0000e+00
    119.000    -1.4645    -1.4641   2.695664   2.695617    352.157    346.720     0.1501     0.0473     0.1508    280.288   78.04654  -16.41352  20.080537    33.7766    33.7755 0.0000e+00
    120.000    -1.4300    -1.4301   2.699904   2.699906    351.845    346.121     0.1494     0.0418     0.1497    281.251   78.04654  -16.41350  20.628223    33.7953    33.7955 0.0000e+00
    121.000    -1.4605    -1.4595   2.699259   2.699233    355.289    347.144     0.1487     0.0358     0.1492    282.219   78.04654  -16.41350  20.711582    33.8204    33.8188 0.0000e+00
    122.000    -1.4697    -1.4690   2.699279   2.699267    357.091    347.263     0.1480     0.0377     0.1494    283.189   78.04654  -16.41350  20.458392    33.8305    33.8296 0.0000e+00
    123.000    -1.4751    -1.4744   2.699547   2.699551    355.801    346.753     0.1474     0.0389     0.1488    284.163   78.04652  -16.41348  19.985229    33.8397    33.8390 0.0000e+00
    124.000    -1.4638    -1.4644   2.701661   2.701670    354.677    346.492     0.1468     0.0424     0.1478    285.133   78.04652  -16.41348  20.164779    33.8554    33.8562 0.0000e+00
    125.000    -1.4048    -1.4052   2.707701   2.707693    353.981    345.597     0.1463     0.0372     0.1469    286.099   78.04652  -16.41348  20.466455    33.8711    33.8715 0.0000e+00
    126.000    -1.4631    -1.4593   2.703643   2.703772    355.888    346.794     0.1459     0.0377     0.1455    287.070   78.04652  -16.41346  20.634797    33.8807    33.8782 0.0000e+00
    127.000    -1.3925    -1.3812   2.710030   2.711240    354.142    345.470     0.1455     0.0295     0.1443    288.035   78.04652  -16.41346  20.657608    33.8880    33.8919 0.0000e+00
    128.000    -1.2257    -1.2305   2.724935   2.724996    350.276    343.155     0.1451     0.0269     0.1439    288.997   78.04652  -16.41346  20.588926    33.9031    33.9094 0.0000e+00
    129.000    -1.0659    -1.0676   2.739669   2.739642    352.435    343.435     0.1448     0.0266     0.1427    289.954   78.04652  -16.41345  20.274784    33.9234    33.9249 0.0000e+00
    130.000    -1.0831    -1.0811   2.739040   2.738860    357.132    345.768     0.1446     0.0277     0.1424    290.914   78.04652  -16.41344  20.767750    33.9335    33.9288 0.0000e+00
    131.000    -1.1712    -1.1704   2.732250   2.732202    353.813    345.335     0.1444     0.0241     0.1429    291.875   78.04652  -16.41344  21.638566    33.9397    33.9382 0.0000e+00
    132.000    -1.1104    -1.1144   2.738038   2.738099    340.439    339.378     0.1441     0.0197     0.1425    292.838   78.04651  -16.41343  21.170631    33.9495    33.9548 0.0000e+00
    133.000    -0.9374    -0.9392   2.754355   2.754274    331.947    334.775     0.1439     0.0218     0.1421    293.804   78.04650  -16.41342  20.635731    33.9758    33.9767 0.0000e+00
    134.000    -0.9088    -0.9089   2.757766   2.757740    338.911    337.036     0.1437     0.0330     0.1422    294.772   78.04650  -16.41342  21.253270    33.9893    33.9890 0.0000e+00
    135.000    -0.8645    -0.8659   2.762225   2.762406    344.076    337.818     0.1435     0.0221     0.1421    295.739   78.04650  -16.41341  21.589023    33.9992    34.0033 0.0000e+00
    136.000    -0.8647    -0.8633   2.763807   2.763712    340.133    336.318     0.1433     0.0205     0.1420    296.712   78.04650  -16.41340  21.557331    34.0203    34.0174 0.0000e+00
    137.000    -0.8857    -0.8846   2.762987   2.762901    335.263    334.273     0.1430     0.0257     0.1428    297.684   78.04650  -16.41340  21.954127    34.0322    34.0298 0.0000e+00
    138.000    -0.9790    -0.9771   2.756248   2.756144    332.344    332.705     0.1427     0.0234     0.1433    298.653   78.04650  -16.41339  22.033220    34.0455    34.0420 0.0000e+00
    139.000    -1.0017    -1.0018   2.754891   2.754879    330.281    330.690     0.1424     0.0147     0.1423    299.613   78.04650  -16.41338  22.038397    34.0521    34.0521 0.0000e+00
    140.000    -0.8975    -0.9018   2.764784   2.764769    329.313    328.756     0.1421     0.0088     0.1418    300.573   78.04650  -16.41338  22.165453    34.0681    34.0728 0.0000e+00
    141.000    -0.7921    -0.7926   2.774602   2.774548    334.531    329.760     0.1417     0.0104     0.1407    301.528   78.04650  -16.41337  22.169478    34.0816    34.0814 0.0000e+00
    142.000    -0.7557    -0.7573   2.778319   2.778173    343.731    332.946     0.1413     0.0194     0.1411    302.490   78.04650  -16.41336  21.911690    34.0902    34.0901 0.0000e+00
    143.000    -0.7257    -0.7252   2.781311   2.781323    345.177    333.820     0.1409     0.0187     0.1396    303.454   78.04650  -16.41336  21.857472    34.0961    34.0958 0.0000e+00
    144.000    -0.7173    -0.7165   2.782448   2.782391    339.409    332.474     0.1405     0.0253     0.1397    304.422   78.04650  -16.41336  22.071870    34.1015    34.0998 0.0000e+00
    145.000    -0.7572    -0.7561   2.780003   2.779919    334.901    331.405     0.1400     0.0207     0.1393    305.390   78.04650  -16.41334  22.106356    34.1128    34.1105 0.0000e+00
    146.000    -0.7566    -0.7565   2.780505   2.780470    331.076    329.519     0.1395     0.0195     0.1390    306.363   78.04648  -16.41334  21.975945    34.1183    34.1178 0.0000e+00
    147.000    -0.7443    -0.7444   2.781917   2.781888    329.536    327.929     0.1389     0.0198     0.1393    307.334   78.04648  -16.41334  22.222083    34.1230    34.1227 0.0000e+00
    148.000    -0.7151    -0.7154   2.785081   2.785027    331.741    327.737     0.1384     0.0208     0.1395    308.304   78.04648  -16.41332  21.478867    34.1322    34.1318 0.0000e+00
    149.000    -0.7169    -0.7162   2.785221   2.785154    334.602    328.603     0.1378     0.0179     0.1394    309.271   78.04648  -16.41332  22.025081    34.1354    34.1337 0.0000e+00
    150.000    -0.6708    -0.6711   2.789861   2.790073    335.866    328.465     0.1372     0.0128     0.1398    310.233   78.04648  -16.41332  22.496099    34.1454    34.1487 0.0000e+00
    151.000    -0.5576    -0.5586   2.800717   2.800739    334.570    327.389     0.1366     0.0192     0.1393    311.195   78.04648  -16.41330  22.526243    34.1635    34.1649 0.0000e+00
    152.000    -0.5356    -0.5355   2.803296   2.803247    336.380    328.670     0.1360     0.0205     0.1392    312.156   78.04648  -16.41330  22.277912    34.1727    34.1720 0.0000e+00
    153.000    -0.5232    -0.5232   2.805007   2.804915    337.176    328.818     0.1354     0.0218     0.1401    313.114   78.04648  -16.41330  22.499566    34.1812    34.1800 0.0000e+00
    154.000    -0.4967    -0.4972   2.808030   2.808027    332.153    326.533     0.1348     0.0146     0.1409    314.076   78.04648  -16.41330  22.502844    34.1913    34.1919 0.0000e+00
    155.000    -0.4372    -0.4377   2.814623   2.814559    326.585    324.286     0.1343     0.0130     0.1407    315.035   78.04648  -16.41328  22.419467    34.2122    34.2119 0.0000e+00
    156.000    -0.4317    -0.4316   2.816239   2.816217    325.734    323.589     0.1337     0.0171     0.1405    315.998   78.04648  -16.41328  22.939819    34.2270    34.2266 0.0000e+00
    157.000    -0.3965    -0.3966   2.819907   2.819865    325.329    322.331     0.1332     0.0158     0.1403    316.965   78.04648  -16.41328  23.138611    34.2359    34.2355 0.0000e+00
    158.000    -0.3854    -0.3851   2.821363   2.821309    324.247    321.570     0.1327     0.0084     0.1394    317.930   78.04648  -16.41327  22.918083    34.2423    34.2412 0.0000e+00
    159.000    -0.3365    -0.3372   2.826889   2.826909    323.810    321.216     0.1322     0.0100     0.1382    318.897   78.04648  -16.41326  22.865164    34.2607    34.2617 0.0000e+00
    160.000    -0.2854    -0.2860   2.832221   2.832198    324.221    321.468     0.1316     0.0181     0.1378    319.860   78.04647  -16.41326  22.760989    34.2737    34.2742 0.0000e+00
    161.000    -0.2535    -0.2537   2.835560   2.835521    325.905    321.791     0.1311     0.0191     0.1378    320.820   78.04646  -16.41325  23.400706    34.2818    34.2816 0.0000e+00
    162.000    -0.2344    -0.2345   2.837499   2.837439    326.021    321.866     0.1307     0.0202     0.1373    321.779   78.04646  -16.41324  23.291910    34.2856    34.2849 0.0000e+00
    163.000    -0.1963    -0.1966   2.841318   2.841306    324.484    320.672     0.1302     0.0148     0.1366    322.737   78.04646  -16.41324  23.049640    34.2931    34.2932 0.0000e+00
    164.000    -0.1802    -0.1796   2.843265   2.843186    323.441    320.070     0.1298     0.0112     0.1368    323.693   78.04646  -16.41324  22.883703    34.3003    34.2986 0.0000e+00
    165.000    -0.1623    -0.1631   2.845151   2.845062    323.373    319.799     0.1293     0.0140     0.1367    324.650   78.04646  -16.41323  22.744758    34.3047    34.3044 0.0000e+00
    166.000    -0.1422    -0.1419   2.847438   2.847354    322.209    318.659     0.1289     0.0186     0.1367    325.613   78.04646  -16.41322  23.040277    34.3119    34.3104 0.0000e+00
    167.000    -0.1323    -0.1324   2.848766   2.848723    321.840    318.395     0.1286     0.0183     0.1367    326.576   78.04646  -16.41322  23.060554    34.3179    34.3174 0.0000e+00
    168.000    -0.1045    -0.1047   2.852146   2.852104    321.432    317.878     0.1282     0.0189     0.1363    327.540   78.04646  -16.41321  22.897692    34.3310    34.3307 0.0000e+00
    169.000    -0.0673    -0.0675   2.856480   2.856471    321.340    317.435     0.1278     0.0189     0.1366    328.507   78.04646  -16.41320  22.810407    34.3461    34.3463 0.0000e+00
    170.000    -0.0336    -0.0336   2.859990   2.859911    322.059    317.226     0.1274     0.0105     0.1359    329.473   78.04646  -16.41320  22.886083    34.3542    34.3532 0.0000e+00
    171.000    -0.0212    -0.0210   2.861385   2.861332    322.704    317.457     0.1270     0.0105     0.1358    330.435   78.04644  -16.41320  23.100059    34.3582    34.3573 0.0000e+00
