test_project/cnv_files/sta0240_bin.cnv
* Sea-Bird SBE 9 Data File:
* FileName = C:\Seabird\CTDDATA\Sta0240.hex
* Software Version Seasave V 7.26.7.107
* Temperature SN = 03-4535
* Conductivity SN = 2860
* Number of Bytes Per Scan = 44
* Number of Voltage Words = 5
* Number of Scans Averaged by the Deck Unit = 1
* NMEA Latitude = 78 49.99 N
* NMEA Longitude = 000 59.93 E
* NMEA UTC (Time) = Sep 13 2019 23:28:06
* NMEA baud rate = 9600
** Ship: "Kronprins Haakon"
** Station: 0240
** Echodepth: 2434
** Log: 6439.402
** Wind-Dir Force(m/s): 13 12
** Air-temp (dry): 4.8
** Weather Sky: 4 9
** Sea Ice: 4 0
# nquan = 16
# nvalues = 2464                        
# units = specified
# name 0 = prDM: Pressure, Digiquartz [db]
# name 1 = t090C: Temperature [ITS-90, deg C]
# name 2 = t190C: Temperature, 2 [ITS-90, deg C]
# name 3 = c0S/m: Conductivity [S/m]
# name 4 = c1S/m: Conductivity, 2 [S/m]
# name 5 = sbox0Mm/Kg: Oxygen, SBE 43 [umol/kg]
# name 6 = sbox1Mm/Kg: Oxygen, SBE 43, 2 [umol/kg]
# name 7 = wetCDOM: Fluorescence, WET Labs CDOM [mg/m^3]
# name 8 = flECO-AFL: Fluorescence, WET Labs ECO-AFL/FL [mg/m^3]
# name 9 = CStarAt0: Beam Attenuation, WET Labs C-Star [1/m]
# name 10 = timeS: Time, Elapsed [seconds]
# name 11 = latitude: Latitude [deg]
# name 12 = longitude: Longitude [deg]
# name 13 = sal00: Salinity, Practical [PSU]
# name 14 = sal11: Salinity, Practical, 2 [PSU]
# name 15 = flag: flag
# span 0 =      2.000,   2465.000       
# span 1 =    -0.7424,     5.3237       
# span 2 =    -0.7421,     5.3232       
# span 3 =   2.910989,   3.368689       
# span 4 =   2.911033,   3.368609       
# span 5 =    304.014,    336.702       
# span 6 =    299.181,    326.243       
# span 7 =     0.0981,     0.1334       
# span 8 =    -0.0052,     2.3774       
# span 9 =     0.1221,     0.5041       
# span 10 =    152.110,   2558.327      
# span 11 =   78.83328,   78.83332      
# span 12 =    0.99898,    0.99912      
# span 13 =    34.1359,    35.0296      
# span 14 =    34.1338,    35.0294      
# span 15 = 0.0000e+00, 0.0000e+00      
# interval = decibars: 1                
# start_time = Sep 13 2019 23:28:06 [NMEA time, header]
# bad_flag = -9.990e-29
*END*
[from data line 633]
    635.000     0.1558     0.1553   2.939217   2.939204    323.953    317.257     0.1166     0.0023     0.1282    778.858   78.83328    0.99906    34.9099    34.9102 0.0000e+00
    636.000     0.1535     0.1535   2.939059   2.939077    324.016    317.454     0.1167     0.0023     0.1283    779.842   78.83328    0.99906    34.9098    34.9101 0.0000e+00
    637.000     0.1512     0.1509   2.938887   2.938885    324.017    317.443     0.1168     0.0057     0.1286    780.816   78.83328    0.99907    34.9096    34.9099 0.0000e+00
    638.000     0.1334     0.1356   2.937307   2.937463    323.937    317.546     0.1169     0.0070     0.1293    781.794   78.83328    0.99908    34.9083    34.9079 0.0000e+00
    639.000     0.1264     0.1262   2.936709   2.936727    323.797    317.201     0.1170     0.0043     0.1294    782.767   78.83328    0.99908    34.9078    34.9082 0.0000e+00
    640.000     0.1225     0.1224   2.936407   2.936418    323.607    317.294     0.1171     0.0094     0.1289    783.738   78.83328    0.99908    34.9076    34.9079 0.0000e+00
    641.000     0.1159     0.1156   2.935873   2.935874    324.075    317.086     0.1172     0.0090     0.1284    784.707   78.83328    0.99908    34.9074    34.9079 0.0000e+00
    642.000     0.1114     0.1115   2.935505   2.935518    324.038    316.796     0.1173     0.0028     0.1284    785.671   78.83328    0.99907    34.9071    34.9071 0.0000e+00
    643.000     0.0990     0.0996   2.934433   2.934495    323.764    316.842     0.1174     0.0024     0.1283    786.636   78.83328    0.99906    34.9065    34.9066 0.0000e+00
    644.000     0.0946     0.0947   2.934080   2.934120    323.315    316.519     0.1175     0.0074     0.1279    787.613   78.83328    0.99906    34.9062    34.9066 0.0000e+00
    645.000     0.0929     0.0925   2.933979   2.933975    323.242    316.163     0.1177     0.0051     0.1285    788.598   78.83328    0.99906    34.9062    34.9066 0.0000e+00
    646.000     0.0916     0.0915   2.933928   2.933952    323.457    316.148     0.1178     0.0023     0.1280    789.585   78.83328    0.99907    34.9064    34.9068 0.0000e+00
    647.000     0.0905     0.0904   2.933877   2.933900    323.735    316.076     0.1180     0.0053     0.1278    790.559   78.83328    0.99908    34.9064    34.9068 0.0000e+00
    648.000     0.0903     0.0902   2.933914   2.933936    323.549    316.251     0.1182     0.0073     0.1274    791.527   78.83328    0.99908    34.9065    34.9070 0.0000e+00
    649.000     0.0912     0.0911   2.934059   2.934094    323.213    316.171     0.1183     0.0024     0.1275    792.493   78.83328    0.99908    34.9069    34.9074 0.0000e+00
    650.000     0.0916     0.0914   2.934174   2.934176    322.878    316.309     0.1184     0.0026     0.1272    793.466   78.83328    0.99908    34.9072    34.9076 0.0000e+00
    651.000     0.0921     0.0917   2.934273   2.934280    322.363    316.429     0.1185     0.0087     0.1271    794.444   78.83328    0.99908    34.9074    34.9080 0.0000e+00
    652.000     0.0921     0.0917   2.934332   2.934332    322.597    316.156     0.1186     0.0035     0.1284    795.426   78.83328    0.99908    34.9076    34.9080 0.0000e+00
    653.000     0.0911     0.0912   2.934270   2.934303    322.923    316.240     0.1187     0.0080     0.1284    796.407   78.83328    0.99908    34.9074    34.9077 0.0000e+00
    654.000     0.0878     0.0871   2.934033   2.934004    323.322    316.604     0.1188     0.0046     0.1285    797.377   78.83328    0.99908    34.9074    34.9078 0.0000e+00
    655.000     0.0890     0.0893   2.934192   2.934248    323.048    316.589     0.1189     0.0023     0.1272    798.345   78.83328    0.99908    34.9076    34.9080 0.0000e+00
    656.000     0.0901     0.0901   2.934355   2.934391    323.642    316.604     0.1189     0.0057     0.1274    799.314   78.83328    0.99908    34.9078    34.9084 0.0000e+00
    657.000     0.0888     0.0886   2.934307   2.934321    323.144    316.721     0.1190     0.0096     0.1282    800.294   78.83328    0.99908    34.9081    34.9085 0.0000e+00
    658.000     0.0894     0.0891   2.934441   2.934457    323.086    316.437     0.1191     0.0079     0.1286    801.275   78.83328    0.99908    34.9086    34.9091 0.0000e+00
    659.000     0.0900     0.0898   2.934574   2.934569    323.372    316.228     0.1192     0.0024     0.1281    802.252   78.83328    0.99908    34.9090    34.9093 0.0000e+00
    660.000     0.0910     0.0908   2.934721   2.934736    323.708    316.863     0.1193     0.0028     0.1274    803.224   78.83328    0.99908    34.9093    34.9097 0.0000e+00
    661.000     0.0914     0.0912   2.934807   2.934820    323.867    317.104     0.1194     0.0087     0.1272    804.188   78.83328    0.99908    34.9094    34.9098 0.0000e+00
    662.000     0.0914     0.0912   2.934855   2.934866    323.807    316.968     0.1196     0.0036     0.1275    805.151   78.83328    0.99908    34.9094    34.9098 0.0000e+00
    663.000     0.0915     0.0913   2.934901   2.934928    323.842    317.066     0.1197     0.0020     0.1279    806.120   78.83328    0.99908    34.9094    34.9100 0.0000e+00
    664.000     0.0915     0.0913   2.934959   2.934969    324.119    317.346     0.1198     0.0020     0.1280    807.093   78.83328    0.99908    34.9095    34.9099 0.0000e+00
    665.000     0.0914     0.0912   2.935002   2.935014    324.220    317.519     0.1199     0.0057     0.1282    808.078   78.83328    0.99908    34.9096    34.9100 0.0000e+00
    666.000     0.0910     0.0909   2.935004   2.935023    324.037    317.515     0.1200     0.0096     0.1282    809.061   78.83328    0.99908    34.9095    34.9099 0.0000e+00
    667.000     0.0872     0.0863   2.934720   2.934648    324.114    317.677     0.1201     0.0096     0.1283    810.039   78.83328    0.99908    34.9094    34.9095 0.0000e+00
    668.000     0.0796     0.0799   2.934082   2.934097    323.727    317.540     0.1201     0.0084     0.1288    811.011   78.83328    0.99908    34.9091    34.9090 0.0000e+00
    669.000     0.0634     0.0641   2.932648   2.932706    323.859    317.723     0.1201     0.0045     0.1279    811.984   78.83328    0.99908    34.9079    34.9079 0.0000e+00
    670.000     0.0608     0.0607   2.932490   2.932518    324.219    317.245     0.1201     0.0222     0.1283    812.953   78.83328    0.99908    34.9082    34.9087 0.0000e+00
    671.000     0.0606     0.0606   2.932516   2.932541    323.817    317.018     0.1201     0.0116     0.1283    813.921   78.83328    0.99908    34.9081    34.9085 0.0000e+00
    672.000     0.0611     0.0609   2.932613   2.932631    323.911    317.212     0.1200     0.0040     0.1297    814.889   78.83328    0.99908    34.9083    34.9088 0.0000e+00
    673.000     0.0603     0.0604   2.932582   2.932613    324.375    316.876     0.1200     0.0020     0.1291    815.861   78.83328    0.99908    34.9082    34.9086 0.0000e+00
    674.000     0.0588     0.0585   2.932502   2.932476    324.055    317.361     0.1199     0.0020     0.1276    816.841   78.83328    0.99908    34.9083    34.9083 0.0000e+00
    675.000     0.0550     0.0549   2.932202   2.932212    324.372    317.176     0.1198     0.0020     0.1278    817.824   78.83328    0.99908    34.9080    34.9083 0.0000e+00
    676.000     0.0521     0.0520   2.932004   2.932026    323.518    316.901     0.1197     0.0023     0.1276    818.813   78.83328    0.99908    34.9081    34.9085 0.0000e+00
    677.000     0.0518     0.0514   2.932027   2.932022    323.437    317.175     0.1195     0.0040     0.1279    819.794   78.83328    0.99908    34.9082    34.9086 0.0000e+00
    678.000     0.0603     0.0599   2.932885   2.932924    322.987    316.964     0.1194     0.0088     0.1274    820.761   78.83328    0.99909    34.9093    34.9103 0.0000e+00
    679.000     0.0681     0.0684   2.933673   2.933682    323.580    316.598     0.1193     0.0027     0.1278    821.721   78.83328    0.99910    34.9102    34.9101 0.0000e+00
    680.000     0.0646     0.0641   2.933396   2.933376    324.005    316.989     0.1191     0.0085     0.1273    822.681   78.83328    0.99909    34.9100    34.9102 0.0000e+00
    681.000     0.0646     0.0645   2.933451   2.933463    324.220    317.226     0.1190     0.0039     0.1275    823.654   78.83328    0.99908    34.9101    34.9104 0.0000e+00
    682.000     0.0643     0.0643   2.933475   2.933493    324.294    317.361     0.1188     0.0073     0.1272    824.634   78.83328    0.99908    34.9102    34.9104 0.0000e+00
    683.000     0.0631     0.0631   2.933408   2.933458    324.740    317.739     0.1187     0.0052     0.1277    825.623   78.83328    0.99909    34.9101    34.9107 0.0000e+00
    684.000     0.0637     0.0633   2.933527   2.933513    324.675    318.106     0.1185     0.0020     0.1278    826.616   78.83328    0.99910    34.9104    34.9106 0.0000e+00
    685.000     0.0582     0.0587   2.933070   2.933108    324.825    317.861     0.1183     0.0081     0.1283    827.598   78.83328    0.99910    34.9100    34.9100 0.0000e+00
    686.000     0.0498     0.0500   2.932365   2.932407    324.601    317.936     0.1181     0.0123     0.1286    828.571   78.83328    0.99910    34.9096    34.9099 0.0000e+00
    687.000     0.0484     0.0482   2.932278   2.932294    324.637    317.933     0.1180     0.0037     0.1279    829.535   78.83328    0.99910    34.9095    34.9100 0.0000e+00
    688.000     0.0497     0.0489   2.932436   2.932399    324.095    317.864     0.1178     0.0100     0.1276    830.504   78.83328    0.99910    34.9096    34.9099 0.0000e+00
    689.000     0.0505     0.0503   2.932560   2.932570    324.734    317.946     0.1177     0.0157     0.1280    831.476   78.83328    0.99910    34.9097    34.9100 0.0000e+00
    690.000     0.0447     0.0475   2.932081   2.932344    325.255    318.014     0.1176     0.0042     0.1286    832.449   78.83328    0.99910    34.9093    34.9097 0.0000e+00
    691.000     0.0438     0.0439   2.932045   2.932079    324.791    317.636     0.1174     0.0075     0.1289    833.421   78.83328    0.99910    34.9093    34.9096 0.0000e+00
    692.000     0.0427     0.0426   2.931989   2.932014    324.592    317.472     0.1173     0.0048     0.1293    834.401   78.83328    0.99910    34.9092    34.9097 0.0000e+00
    693.000     0.0421     0.0418   2.931977   2.931987    324.294    317.673     0.1172     0.0023     0.1277    835.386   78.83328    0.99910    34.9092    34.9096 0.0000e+00
    694.000     0.0423     0.0421   2.932036   2.932039    324.381    317.332     0.1171     0.0055     0.1279    836.367   78.83328    0.99910    34.9091    34.9094 0.0000e+00
    695.000     0.0416     0.0418   2.932026   2.932074    324.459    317.361     0.1171     0.0073     0.1273    837.343   78.83328    0.99910    34.9091    34.9096 0.0000e+00
    696.000     0.0416     0.0412   2.932057   2.932064    324.385    317.631     0.1170     0.0040     0.1274    838.318   78.83328    0.99910    34.9090    34.9095 0.0000e+00
    697.000     0.0417     0.0416   2.932129   2.932129    324.508    317.193     0.1169     0.0094     0.1275    839.288   78.83328    0.99910    34.9092    34.9094 0.0000e+00
    698.000     0.0420     0.0416   2.932190   2.932180    324.273    317.410     0.1169     0.0092     0.1283    840.253   78.83328    0.99910    34.9091    34.9094 0.0000e+00
    699.000     0.0414     0.0413   2.932187   2.932198    324.080    317.612     0.1168     0.0027     0.1290    841.216   78.83328    0.99910    34.9092    34.9095 0.0000e+00
    700.000     0.0412     0.0410   2.932203   2.932209    323.921    317.481     0.1168     0.0023     0.1282    842.180   78.83328    0.99910    34.9090    34.9093 0.0000e+00
    701.000     0.0406     0.0406   2.932201   2.932226    323.754    317.023     0.1168     0.0071     0.1281    843.151   78.83328    0.99910    34.9091    34.9095 0.0000e+00
    702.000     0.0351     0.0357   2.931761   2.931830    324.251    317.408     0.1168     0.0051     0.1276    844.139   78.83328    0.99910    34.9089    34.9091 0.0000e+00
    703.000     0.0337     0.0335   2.931678   2.931701    324.254    317.563     0.1168     0.0060     0.1272    845.135   78.83328    0.99910    34.9088    34.9093 0.0000e+00
    704.000     0.0341     0.0339   2.931751   2.931768    324.077    317.430     0.1169     0.0125     0.1272    846.126   78.83328    0.99910    34.9088    34.9092 0.0000e+00
    705.000     0.0329     0.0327   2.931697   2.931710    324.036    317.315     0.1169     0.0150     0.1276    847.101   78.83328    0.99910    34.9089    34.9092 0.0000e+00
    706.000     0.0282     0.0283   2.931334   2.931352    324.136    317.497     0.1170     0.0096     0.1275    848.058   78.83328    0.99910    34.9087    34.9089 0.0000e+00
    707.000     0.0263     0.0264   2.931203   2.931228    323.926    317.508     0.1171     0.0090     0.1279    849.012   78.83328    0.99910    34.9086    34.9089 0.0000e+00
    708.000     0.0235     0.0233   2.931001   2.931003    324.220    317.586     0.1172     0.0028     0.1275    849.980   78.83328    0.99910    34.9085    34.9087 0.0000e+00
    709.000     0.0217     0.0217   2.930878   2.930907    323.880    317.163     0.1172     0.0023     0.1280    850.956   78.83328    0.99910    34.9084    34.9087 0.0000e+00
    710.000     0.0195     0.0195   2.930738   2.930757    323.952    317.148     0.1173     0.0024     0.1276    851.943   78.83328    0.99910    34.9084    34.9087 0.0000e+00
    711.000     0.0185     0.0184   2.930700   2.930720    323.658    317.126     0.1173     0.0071     0.1281    852.926   78.83328    0.99910    34.9084    34.9088 0.0000e+00
    712.000     0.0167     0.0166   2.930591   2.930606    323.611    316.650     0.1174     0.0096     0.1274    853.899   78.83328    0.99910    34.9084    34.9088 0.0000e+00
    713.000     0.0151     0.0151   2.930505   2.930514    323.942    316.607     0.1174     0.0065     0.1272    854.861   78.83328    0.99910    34.9085    34.9087 0.0000e+00
    714.000     0.0116     0.0118   2.930249   2.930272    323.662    316.915     0.1174     0.0044     0.1272    855.817   78.83328    0.99910    34.9085    34.9087 0.0000e+00
    715.000     0.0077     0.0076   2.929950   2.929959    323.676    316.846     0.1174     0.0094     0.1273    856.774   78.83328    0.99910    34.9085    34.9087 0.0000e+00
    716.000     0.0030     0.0031   2.929597   2.929618    323.464    316.909     0.1174     0.0089     0.1280    857.736   78.83328    0.99909    34.9086    34.9087 0.0000e+00
    717.000    -0.0012    -0.0009   2.929285   2.929327    323.660    317.099     0.1174     0.0027     0.1277    858.713   78.83328    0.99908    34.9086    34.9088 0.0000e+00
    718.000    -0.0047    -0.0043   2.929030   2.929088    323.669    317.034     0.1173     0.0024     0.1275    859.687   78.83328    0.99908    34.9086    34.9089 0.0000e+00
    719.000    -0.0057    -0.0056   2.928986   2.929026    323.736    316.893     0.1173     0.0079     0.1272    860.656   78.83328    0.99908    34.9086    34.9090 0.0000e+00
    720.000    -0.0077    -0.0079   2.928865   2.928861    323.627    317.049     0.1173     0.0139     0.1271    861.611   78.83328    0.99908    34.9087    34.9088 0.0000e+00
    721.000    -0.0105    -0.0105   2.928680   2.928693    323.989    317.339     0.1173     0.0130     0.1275    862.554   78.83328    0.99909    34.9088    34.9089 0.0000e+00
    722.000    -0.0111    -0.0111   2.928672   2.928698    324.077    317.174     0.1172     0.0096     0.1272    863.496   78.83328    0.99910    34.9087    34.9091 0.0000e+00
    723.000    -0.0124    -0.0130   2.928606   2.928577    323.994    316.826     0.1172     0.0096     0.1277    864.446   78.83328    0.99910    34.9088    34.9090 0.0000e+00
    724.000    -0.0141    -0.0140   2.928510   2.928538    323.873    316.887     0.1171     0.0096     0.1274    865.403   78.83328    0.99910    34.9088    34.9091 0.0000e+00
