test_project/cnv_files/Sta0203_bin.cnv
* Sea-Bird SBE 9 Data File:
* FileName = C:\Seabird\CTDDATA\Sta0203.hex
* Software Version Seasave V 7.26.7.107
* Temperature SN = 03-4535
* Conductivity SN = 2860
* Number of Bytes Per Scan = 44
* Number of Voltage Words = 5
* Number of Scans Averaged by the Deck Unit = 1
* NMEA Latitude = 78 48.75 N
* NMEA Longitude = 006 00.06 W
* NMEA UTC (Time) = Sep 03 2019 23:33:17
* NMEA baud rate = 9600
** Ship: "Kronprins Haakon"
** Station: 0203
** Echodepth: 335
** Log: 5800.641
** Wind-Dir Force(m/s): 01 29
** Air-temp (dry): -2.5
** Weather Sky: 2 6
** Sea Ice: 3 2
# nquan = 17
# nvalues = 325                         
# units = specified
# name 0 = prDM: Pressure, Digiquartz [db]
# name 1 = t090C: Temperature [ITS-90, deg C]
# name 2 = t190C: Temperature, 2 [ITS-90, deg C]
# name 3 = c0S/m: Conductivity [S/m]
# name 4 = c1S/m: Conductivity, 2 [S/m]
# name 5 = sbox0Mm/Kg: Oxygen, SBE 43 [umol/kg]
# name 6 = sbox1Mm/Kg: Oxygen, SBE 43, 2 [umol/kg]
# name 7 = wetCDOM: Fluorescence, WET Labs CDOM [mg/m^3]
# name 8 = flECO-AFL: Fluorescence, WET Labs ECO-AFL/FL [mg/m^3]
# name 9 = CStarAt0: Beam Attenuation, WET Labs C-Star [1/m]
# name 10 = timeS: Time, Elapsed [seconds]
# name 11 = latitude: Latitude [deg]
# name 12 = longitude: Longitude [deg]
# name 13 = upoly0: Upoly 0, ISUS
# name 14 = sal00: Salinity, Practical [PSU]
# name 15 = sal11: Salinity, Practical, 2 [PSU]
# name 16 = flag: flag
# span 0 =      2.000,    326.000       
# span 1 =    -1.7037,     1.5448       
# span 2 =    -1.7033,     1.5452       
# span 3 =   2.400592,   3.038291       
# span 4 =   2.398916,   3.038192       
# span 5 =    308.830,    435.738       
# span 6 =    303.947,    418.654       
# span 7 =     0.1166,     0.1750       
# span 8 =    -0.0002,     0.6359       
# span 9 =     0.1329,     0.2803       
# span 10 =    115.869,    466.383      
# span 11 =   78.81256,   78.81258      
# span 12 =   -6.00122,   -6.00107      
# span 13 =  6.6152756,  19.600260      
# span 14 =    29.5573,    34.8753      
# span 15 =    29.5386,    34.8742      
# span 16 = 0.0000e+00, 0.0000e+00      
# interval = decibars: 1                
# start_time = Sep 03 2019 23:33:17 [NMEA time, header]
# bad_flag = -9.990e-29
*END*
[from data line 171]
    173.000    -0.0973    -0.0974   2.860266   2.860156    325.102    319.093     0.1388     0.0294     0.1443    295.771   78.81256   -6.00122  16.882142    34.4277    34.4264 0.0000e+00
    174.000    -0.0681    -0.0703   2.863233   2.863139    323.313    318.216     0.1385     0.0266     0.1440    296.774   78.81256   -6.00122  16.580867    34.4337    34.4349 0.0000e+00
    175.000    -0.0155    -0.0153   2.868650   2.868563    322.193    317.379     0.1382     0.0237     0.1428    297.783   78.81256   -6.00122  16.584091    34.4457    34.4443 0.0000e+00
    176.000    -0.0072    -0.0074   2.869581   2.869483    323.183    317.665     0.1378     0.0238     0.1428    298.791   78.81256   -6.00122  16.938542    34.4482    34.4471 0.0000e+00
    177.000     0.0188     0.0185   2.872267   2.872222    322.836    316.942     0.1374     0.0253     0.1427    299.795   78.81256   -6.00122  16.206515    34.4539    34.4536 0.0000e+00
    178.000     0.0436     0.0434   2.874848   2.874782    321.088    316.251     0.1370     0.0299     0.1424    300.798   78.81256   -6.00122  16.488456    34.4595    34.4589 0.0000e+00
    179.000     0.0781     0.0780   2.878468   2.878421    320.355    315.617     0.1366     0.0298     0.1422    301.811   78.81256   -6.00122  16.654309    34.4680    34.4676 0.0000e+00
    180.000     0.0967     0.0967   2.880505   2.880401    320.271    315.442     0.1361     0.0298     0.1421    302.827   78.81256   -6.00121  16.631816    34.4734    34.4721 0.0000e+00
    181.000     0.1018     0.1024   2.881066   2.881025    320.173    315.460     0.1357     0.0236     0.1418    303.835   78.81256   -6.00120  16.665468    34.4746    34.4734 0.0000e+00
    182.000     0.1166     0.1163   2.882579   2.882505    319.646    314.867     0.1352     0.0300     0.1419    304.843   78.81256   -6.00120  16.314304    34.4772    34.4766 0.0000e+00
    183.000     0.1504     0.1503   2.886000   2.886009    318.641    313.888     0.1347     0.0308     0.1421    305.842   78.81256   -6.00120  16.671947    34.4840    34.4841 0.0000e+00
    184.000     0.1936     0.1924   2.890549   2.890428    318.806    313.343     0.1342     0.0296     0.1416    306.849   78.81256   -6.00120  16.569471    34.4948    34.4945 0.0000e+00
    185.000     0.2296     0.2283   2.894344   2.894143    319.807    313.698     0.1337     0.0257     0.1417    307.853   78.81256   -6.00120  16.898644    34.5037    34.5026 0.0000e+00
    186.000     0.2451     0.2441   2.896119   2.896009    319.558    313.565     0.1333     0.0275     0.1415    308.850   78.81256   -6.00120  17.037181    34.5091    34.5088 0.0000e+00
    187.000     0.3043     0.3021   2.902253   2.902171    317.886    312.513     0.1328     0.0292     0.1408    309.845   78.81256   -6.00120  17.042319    34.5228    34.5242 0.0000e+00
    188.000     0.3666     0.3663   2.908611   2.908539    316.548    311.931     0.1323     0.0288     0.1413    310.852   78.81256   -6.00120  17.084712    34.5358    34.5352 0.0000e+00
    189.000     0.4054     0.4045   2.912598   2.912481    317.055    312.003     0.1318     0.0289     0.1420    311.867   78.81256   -6.00120  17.133607    34.5441    34.5435 0.0000e+00
    190.000     0.4304     0.4303   2.915350   2.915264    316.192    311.677     0.1313     0.0282     0.1419    312.880   78.81256   -6.00120  16.844315    34.5515    34.5505 0.0000e+00
    191.000     0.4686     0.4670   2.919338   2.919194    313.601    310.617     0.1308     0.0244     0.1420    313.894   78.81256   -6.00120  17.044451    34.5603    34.5602 0.0000e+00
    192.000     0.4991     0.4991   2.922487   2.922400    312.189    309.828     0.1303     0.0290     0.1416    314.906   78.81256   -6.00120  17.821655    34.5668    34.5656 0.0000e+00
    193.000     0.5191     0.5187   2.924639   2.924547    312.037    309.820     0.1298     0.0214     0.1421    315.924   78.81256   -6.00120  17.352850    34.5719    34.5712 0.0000e+00
    194.000     0.5389     0.5391   2.926844   2.926727    311.406    309.351     0.1294     0.0111     0.1421    316.946   78.81256   -6.00119  17.225344    34.5780    34.5762 0.0000e+00
    195.000     0.5638     0.5628   2.929498   2.929421    311.350    308.667     0.1289     0.0270     0.1417    317.954   78.81256   -6.00118  17.344619    34.5842    34.5843 0.0000e+00
    196.000     0.6064     0.6059   2.934039   2.933916    311.499    308.318     0.1285     0.0234     0.1418    318.955   78.81256   -6.00118  17.364442    34.5951    34.5941 0.0000e+00
    197.000     0.6269     0.6263   2.936186   2.936075    312.307    308.437     0.1280     0.0232     0.1421    319.951   78.81256   -6.00118  17.325451    34.5996    34.5989 0.0000e+00
    198.000     0.6563     0.6556   2.939303   2.939196    312.532    308.384     0.1276     0.0231     0.1421    320.963   78.81256   -6.00118  18.223468    34.6068    34.6062 0.0000e+00
    199.000     0.7094     0.7083   2.944836   2.944706    312.096    308.375     0.1272     0.0325     0.1421    321.971   78.81256   -6.00118  18.076520    34.6188    34.6184 0.0000e+00
    200.000     0.7237     0.7241   2.946380   2.946280    312.584    308.499     0.1268     0.0338     0.1424    322.971   78.81256   -6.00118  18.068672    34.6223    34.6206 0.0000e+00
    201.000     0.7335     0.7340   2.947420   2.947329    312.753    308.417     0.1264     0.0270     0.1422    323.977   78.81256   -6.00118  17.462623    34.6243    34.6226 0.0000e+00
    202.000     0.7531     0.7507   2.949471   2.949169    311.364    307.734     0.1261     0.0251     0.1423    324.991   78.81256   -6.00118  17.583162    34.6285    34.6272 0.0000e+00
    203.000     0.7826     0.7831   2.952606   2.952554    310.527    307.371     0.1257     0.0274     0.1422    326.013   78.81256   -6.00118  17.649476    34.6356    34.6344 0.0000e+00
    204.000     0.8097     0.8091   2.955479   2.955360    310.795    307.758     0.1253     0.0235     0.1418    327.038   78.81256   -6.00118  17.369834    34.6421    34.6411 0.0000e+00
    205.000     0.8312     0.8312   2.957795   2.957667    311.441    307.555     0.1250     0.0239     0.1417    328.050   78.81256   -6.00118  17.196507    34.6474    34.6458 0.0000e+00
    206.000     0.8478     0.8473   2.959790   2.959674    311.705    307.229     0.1246     0.0238     0.1419    329.061   78.81256   -6.00118  17.541393    34.6543    34.6533 0.0000e+00
    207.000     0.8613     0.8618   2.961575   2.961457    311.421    307.029     0.1243     0.0238     0.1412    330.074   78.81256   -6.00118  17.513510    34.6617    34.6596 0.0000e+00
    208.000     0.8661     0.8659   2.962120   2.961974    311.185    306.914     0.1240     0.0231     0.1418    331.086   78.81256   -6.00118  17.513744    34.6627    34.6611 0.0000e+00
    209.000     0.8942     0.8917   2.964991   2.964654    310.478    306.268     0.1237     0.0169     0.1413    332.101   78.81256   -6.00118  17.559047    34.6680    34.6665 0.0000e+00
    210.000     0.9293     0.9287   2.968625   2.968555    310.535    306.079     0.1234     0.0219     0.1411    333.106   78.81256   -6.00118  17.646201    34.6753    34.6750 0.0000e+00
    211.000     0.9508     0.9507   2.971015   2.970907    311.466    306.054     0.1231     0.0232     0.1417    334.110   78.81256   -6.00118  17.662172    34.6816    34.6803 0.0000e+00
    212.000     0.9667     0.9670   2.972822   2.972719    311.630    306.120     0.1228     0.0221     0.1413    335.120   78.81256   -6.00116  17.603771    34.6866    34.6850 0.0000e+00
    213.000     0.9746     0.9752   2.974019   2.973929    310.962    306.391     0.1226     0.0229     0.1419    336.130   78.81256   -6.00116  17.524436    34.6927    34.6909 0.0000e+00
    214.000     0.9798     0.9805   2.974751   2.974662    311.017    306.646     0.1224     0.0223     0.1412    337.137   78.81256   -6.00116  17.322012    34.6957    34.6938 0.0000e+00
    215.000     0.9775     0.9787   2.974829   2.974771    310.764    306.368     0.1222     0.0180     0.1410    338.141   78.81256   -6.00116  17.923062    34.6987    34.6966 0.0000e+00
    216.000     0.9674     0.9684   2.974285   2.974194    310.942    306.351     0.1220     0.0129     0.1408    339.147   78.81256   -6.00116  18.750265    34.7023    34.7001 0.0000e+00
    217.000     0.9796     0.9796   2.975644   2.975548    310.999    305.813     0.1218     0.0129     0.1402    340.165   78.81256   -6.00116  17.974516    34.7057    34.7044 0.0000e+00
    218.000     0.9990     0.9986   2.977818   2.977700    310.728    305.270     0.1216     0.0102     0.1400    341.186   78.81256   -6.00116  18.302023    34.7116    34.7105 0.0000e+00
    219.000     1.0138     1.0140   2.979610   2.979514    310.933    305.068     0.1215     0.0151     0.1400    342.226   78.81256   -6.00116  18.294561    34.7176    34.7161 0.0000e+00
    220.000     1.0178     1.0183   2.980221   2.980124    311.417    305.089     0.1213     0.0193     0.1399    343.256   78.81256   -6.00116  17.927246    34.7205    34.7186 0.0000e+00
    221.000     1.0199     1.0204   2.980648   2.980548    310.849    304.978     0.1212     0.0132     0.1394    344.266   78.81256   -6.00116  18.200261    34.7230    34.7211 0.0000e+00
    222.000     1.0197     1.0202   2.980873   2.980770    310.126    305.262     0.1210     0.0135     0.1391    345.280   78.81256   -6.00116  18.003841    34.7256    34.7237 0.0000e+00
    223.000     1.0202     1.0208   2.981158   2.981063    310.005    305.292     0.1209     0.0135     0.1390    346.281   78.81256   -6.00116  18.123245    34.7281    34.7261 0.0000e+00
    224.000     1.0220     1.0225   2.981819   2.981724    310.126    305.294     0.1208     0.0101     0.1390    347.283   78.81256   -6.00116  18.381307    34.7339    34.7322 0.0000e+00
    225.000     1.0322     1.0331   2.982906   2.982969    310.569    304.953     0.1206     0.0185     0.1391    348.280   78.81256   -6.00116  18.412038    34.7360    34.7359 0.0000e+00
    226.000     1.1215     1.1182   2.991480   2.991354    310.157    303.947     0.1205     0.0139     0.1391    349.292   78.81256   -6.00116  18.089559    34.7464    34.7484 0.0000e+00
    227.000     1.1693     1.1701   2.996362   2.996285    311.194    304.089     0.1204     0.0118     0.1390    350.307   78.81256   -6.00116  18.141506    34.7553    34.7534 0.0000e+00
    228.000     1.2022     1.1974   2.999822   2.999477    312.652    304.537     0.1202     0.0188     0.1390    351.317   78.81256   -6.00116  18.443358    34.7625    34.7635 0.0000e+00
    229.000     1.2615     1.2631   3.005662   3.005638    310.827    304.261     0.1201     0.0193     0.1390    352.327   78.81256   -6.00114  18.570334    34.7709    34.7688 0.0000e+00
    230.000     1.2777     1.2780   3.007412   3.007352    310.279    305.123     0.1199     0.0126     0.1385    353.340   78.81256   -6.00114  18.409154    34.7748    34.7736 0.0000e+00
    231.000     1.2621     1.2641   3.006286   3.006174    310.000    306.181     0.1198     0.0115     0.1377    354.365   78.81256   -6.00114  18.117626    34.7770    34.7733 0.0000e+00
    232.000     1.2537     1.2537   3.005719   3.005648    309.447    306.559     0.1196     0.0134     0.1383    355.377   78.81256   -6.00114  18.511192    34.7786    34.7777 0.0000e+00
    233.000     1.2674     1.2682   3.007279   3.007189    308.830    305.979     0.1194     0.0107     0.1383    356.382   78.81256   -6.00114  18.324730    34.7827    34.7806 0.0000e+00
    234.000     1.2858     1.2848   3.009352   3.009229    309.728    306.458     0.1193     0.0134     0.1383    357.395   78.81256   -6.00114  17.936025    34.7882    34.7877 0.0000e+00
    235.000     1.3508     1.3521   3.015697   3.016022    310.130    306.035     0.1191     0.0143     0.1382    358.404   78.81256   -6.00114  17.831283    34.7966    34.7992 0.0000e+00
    236.000     1.4145     1.4142   3.022102   3.021984    311.465    305.857     0.1190     0.0093     0.1380    359.423   78.81256   -6.00114  18.003980    34.8071    34.8058 0.0000e+00
    237.000     1.4373     1.4374   3.024474   3.024379    313.922    306.788     0.1189     0.0010     0.1379    360.436   78.81256   -6.00114  18.154523    34.8114    34.8101 0.0000e+00
    238.000     1.4083     1.4124   3.022065   3.022116    313.224    307.460     0.1187     0.0076     0.1373    361.435   78.81256   -6.00114  18.184521    34.8122    34.8084 0.0000e+00
    239.000     1.3913     1.3914   3.020602   3.020436    311.307    307.786     0.1186     0.0093     0.1380    362.435   78.81256   -6.00114  18.411548    34.8119    34.8096 0.0000e+00
    240.000     1.3881     1.3887   3.020376   3.020292    310.650    307.825     0.1185     0.0129     0.1379    363.436   78.81256   -6.00114  18.770334    34.8119    34.8103 0.0000e+00
    241.000     1.3889     1.3891   3.020531   3.020396    311.425    307.695     0.1184     0.0141     0.1373    364.439   78.81256   -6.00112  18.106034    34.8125    34.8105 0.0000e+00
    242.000     1.3843     1.3836   3.020150   3.019899    313.127    307.738     0.1183     0.0120     0.1372    365.439   78.81256   -6.00112  18.416175    34.8121    34.8098 0.0000e+00
    243.000     1.3688     1.3702   3.018886   3.018831    314.607    307.556     0.1182     0.0095     0.1368    366.445   78.81256   -6.00112  18.244662    34.8126    34.8104 0.0000e+00
    244.000     1.4025     1.4017   3.022275   3.022363    314.175    307.176     0.1181     0.0133     0.1365    367.457   78.81256   -6.00114  18.009391    34.8179    34.8198 0.0000e+00
    245.000     1.4582     1.4586   3.027897   3.027799    313.997    306.757     0.1180     0.0188     0.1362    368.478   78.81256   -6.00114  18.728855    34.8272    34.8255 0.0000e+00
    246.000     1.4206     1.4213   3.024720   3.024327    316.642    308.040     0.1179     0.0094     0.1368    369.500   78.81256   -6.00114  18.847925    34.8278    34.8220 0.0000e+00
    247.000     1.3947     1.3953   3.022379   3.022352    316.000    308.368     0.1178     0.0096     0.1367    370.516   78.81256   -6.00114  18.607955    34.8261    34.8251 0.0000e+00
    248.000     1.3939     1.3982   3.022392   3.022613    312.826    308.036     0.1177     0.0096     0.1367    371.532   78.81256   -6.00113  18.574426    34.8266    34.8246 0.0000e+00
    249.000     1.3931     1.3935   3.022356   3.022274    313.370    308.511     0.1177     0.0091     0.1364    372.541   78.81256   -6.00112  18.650300    34.8265    34.8250 0.0000e+00
    250.000     1.3971     1.3967   3.022808   3.022641    314.619    308.343     0.1176     0.0022     0.1370    373.552   78.81256   -6.00112  18.673016    34.8272    34.8255 0.0000e+00
    251.000     1.4172     1.4165   3.024877   3.024733    315.184    307.942     0.1175     0.0080     0.1368    374.545   78.81256   -6.00112  18.554356    34.8306    34.8297 0.0000e+00
    252.000     1.4393     1.4378   3.027167   3.027013    315.594    307.751     0.1174     0.0023     0.1360    375.515   78.81256   -6.00112  18.055167    34.8347    34.8345 0.0000e+00
    253.000     1.4810     1.4801   3.031407   3.031285    315.992    307.810     0.1174     0.0012     0.1359    376.485   78.81256   -6.00110  17.432212    34.8419    34.8414 0.0000e+00
    254.000     1.5033     1.5024   3.033714   3.033570    316.391    308.503     0.1173     0.0091     0.1358    377.480   78.81256   -6.00112  18.412275    34.8460    34.8451 0.0000e+00
    255.000     1.5242     1.5237   3.035874   3.035766    316.051    309.030     0.1173     0.0132     0.1359    378.478   78.81256   -6.00112  18.273234    34.8497    34.8489 0.0000e+00
    256.000     1.5390     1.5391   3.037572   3.037461    315.258    309.483     0.1172     0.0096     0.1360    379.481   78.81256   -6.00112  18.523099    34.8543    34.8528 0.0000e+00
