test_project/cnv_files/Sta0232_bin.cnv
* Sea-Bird SBE 9 Data File:
* FileName = C:\Seabird\CTDDATA\Sta0232.hex
* Software Version Seasave V 7.26.7.107
* Temperature SN = 03-4535
* Conductivity SN = 2860
* Number of Bytes Per Scan = 44
* Number of Voltage Words = 5
* Number of Scans Averaged by the Deck Unit = 1
* NMEA Latitude = 78 49.97 N
* NMEA Longitude = 009 45.12 W
* NMEA UTC (Time) = Sep 09 2019 23:35:58
* NMEA baud rate = 9600
** Ship: "Kronprins Haakon"
** Station: 0232
** Echodepth: 216
** Log: 6234.313
** Wind-Dir Force(m/s): 04 20
** Air-temp (dry): -2.8
** Weather Sky: 2 8
** Sea Ice: 1 4
** Small CTD, 12 bottles. No LADCP
# nquan = 17
# nvalues = 210                         
# units = specified
# name 0 = prDM: Pressure, Digiquartz [db]
# name 1 = t090C: Temperature [ITS-90, deg C]
# name 2 = t190C: Temperature, 2 [ITS-90, deg C]
# name 3 = c0S/m: Conductivity [S/m]
# name 4 = c1S/m: Conductivity, 2 [S/m]
# name 5 = sbox0Mm/Kg: Oxygen, SBE 43 [umol/kg]
# name 6 = sbox1Mm/Kg: Oxygen, SBE 43, 2 [umol/kg]
# name 7 = wetCDOM: Fluorescence, WET Labs CDOM [mg/m^3]
# name 8 = flECO-AFL: Fluorescence, WET Labs ECO-AFL/FL [mg/m^3]
# name 9 = CStarAt0: Beam Attenuation, WET Labs C-Star [1/m]
# name 10 = timeS: Time, Elapsed [seconds]
# name 11 = latitude: Latitude [deg]
# name 12 = longitude: Longitude [deg]
# name 13 = upoly0: Upoly 0, ISUS
# name 14 = sal00: Salinity, Practical [PSU]
# name 15 = sal11: Salinity, Practical, 2 [PSU]
# name 16 = flag: flag
# span 0 =      1.000,    210.000       
# span 1 =    -1.5055,     1.0974       
# span 2 =    -1.5056,     1.0977       
# span 3 =   2.449468,   2.991700       
# span 4 =   2.449854,   2.991710       
# span 5 =    307.130,    420.221       
# span 6 =    299.921,    417.766       
# span 7 =     0.0967,     0.1835       
# span 8 =     0.0096,     1.4904       
# span 9 =     0.1489,     0.3651       
# span 10 =    522.889,    755.928      
# span 11 =   78.83302,   78.83304      
# span 12 =   -9.75408,   -9.75396      
# span 13 =  12.066327,  24.751008      
# span 14 =    30.5107,    34.7855      
# span 15 =    30.5161,    34.7852      
# span 16 = 0.0000e+00, 0.0000e+00      
# interval = decibars: 1                
# start_time = Sep 09 2019 23:35:58 [NMEA time, header]
# bad_flag = -9.990e-29
*END*
      1.000    -1.5043    -1.5053   2.450613   2.450116    404.375    398.854     0.1763     0.7165     0.3651    522.889   78.83302   -9.75406  12.577088    30.5257    30.5199 0.0000e+00
      2.000    -1.5055    -1.5056   2.449468   2.449854    406.920    398.209     0.1779     0.6626     0.3164    525.019   78.83302   -9.75406  13.224576    30.5107    30.5161 0.0000e+00
      3.000    -1.5039    -1.5029   2.451504   2.451765    407.675    398.034     0.1798     0.6567     0.3056    526.628   78.83302   -9.75407  12.896345    30.5363    30.5388 0.0000e+00
      4.000    -1.4944    -1.4963   2.455919   2.454892    408.230    398.453     0.1818     0.6544     0.3110    528.006   78.83302   -9.75408  12.730481    30.5863    30.5742 0.0000e+00
      5.000    -1.4859    -1.4854   2.460404   2.460297    408.719    399.611     0.1835     0.6892     0.3113    529.327   78.83302   -9.75406  12.816288    30.6382    30.6363 0.0000e+00
      6.000    -1.4846    -1.4852   2.461168   2.460732    409.408    402.162     0.1820     0.7390     0.3061    530.679   78.83302   -9.75406  12.777947    30.6467    30.6414 0.0000e+00
      7.000    -1.4836    -1.4830   2.462268   2.462710    410.225    403.879     0.1824     0.6432     0.3091    532.013   78.83302   -9.75406  12.786925    30.6601    30.6656 0.0000e+00
      8.000    -1.4818    -1.4824   2.463377   2.462843    411.219    404.610     0.1826     0.6602     0.3118    533.295   78.83302   -9.75406  12.518300    30.6729    30.6661 0.0000e+00
      9.000    -1.4825    -1.4819   2.463162   2.463123    411.934    404.844     0.1825     0.7730     0.3139    534.580   78.83302   -9.75406  12.688555    30.6701    30.6689 0.0000e+00
     10.000    -1.4849    -1.4878   2.460483   2.458945    412.137    405.144     0.1821     0.8641     0.3123    535.883   78.83302   -9.75406  12.732052    30.6354    30.6173 0.0000e+00
     11.000    -1.4833    -1.4851   2.462300   2.460672    412.211    404.810     0.1811     0.8906     0.3136    538.467   78.83302   -9.75406  12.446412    30.6579    30.6376 0.0000e+00
     12.000    -1.4817    -1.4818   2.464599   2.464450    410.240    404.398     0.1795     0.9227     0.3165    541.347   78.83302   -9.75406  12.066327    30.6871    30.6852 0.0000e+00
     13.000    -1.4820    -1.4820   2.465987   2.465735    411.534    404.811     0.1776     0.9448     0.3203    543.533   78.83302   -9.75406  12.692984    30.7058    30.7024 0.0000e+00
     14.000    -1.4601    -1.4620   2.468854   2.468614    411.559    405.045     0.1757     1.0123     0.3177    545.592   78.83302   -9.75406  12.435395    30.7218    30.7204 0.0000e+00
     15.000    -1.4701    -1.4693   2.469313   2.469360    412.779    405.763     0.1740     1.1588     0.3167    547.638   78.83302   -9.75406  12.582975    30.7378    30.7376 0.0000e+00
     16.000    -1.4896    -1.4892   2.468411   2.468429    411.578    405.097     0.1726     1.2224     0.3182    549.807   78.83302   -9.75406  12.522854    30.7451    30.7449 0.0000e+00
     17.000    -1.4784    -1.4784   2.469790   2.469802    411.987    404.948     0.1709     1.2803     0.3212    552.130   78.83302   -9.75406  12.711194    30.7517    30.7519 0.0000e+00
     18.000    -1.4692    -1.4688   2.471101   2.471132    412.550    405.386     0.1686     1.3670     0.3257    554.409   78.83302   -9.75406  12.736106    30.7596    30.7596 0.0000e+00
     19.000    -1.4668    -1.4664   2.471546   2.471551    411.497    405.041     0.1657     1.4221     0.3304    556.403   78.83302   -9.75406  12.847580    30.7625    30.7622 0.0000e+00
     20.000    -1.4546    -1.4546   2.473088   2.473032    411.153    404.553     0.1623     1.3895     0.3302    558.255   78.83302   -9.75404  12.891374    30.7704    30.7697 0.0000e+00
     21.000    -1.4467    -1.4462   2.474248   2.474265    411.853    404.865     0.1595     1.4429     0.3359    560.026   78.83302   -9.75404  12.935431    30.7775    30.7772 0.0000e+00
     22.000    -1.4316    -1.4383   2.476683   2.475582    410.431    404.954     0.1570     1.4904     0.3396    564.254   78.83302   -9.75404  13.013429    30.7946    30.7864 0.0000e+00
     23.000    -1.4114    -1.4117   2.480421   2.480421    410.416    404.936     0.1548     1.4374     0.3429    567.352   78.83302   -9.75404  12.631222    30.8240    30.8243 0.0000e+00
     24.000    -1.3272    -1.3272   2.499974   2.500818    410.422    403.457     0.1529     1.4035     0.3535    568.802   78.83302   -9.75404  12.465778    31.0026    31.0141 0.0000e+00
     25.000    -1.2643    -1.2641   2.525744   2.526215    411.781    403.883     0.1515     1.4445     0.3493    570.196   78.83302   -9.75404  12.482357    31.2871    31.2933 0.0000e+00
     26.000    -1.1419    -1.1408   2.564296   2.565632    410.293    402.968     0.1509     1.4431     0.3525    571.580   78.83302   -9.75404  12.906838    31.6816    31.6985 0.0000e+00
     27.000    -1.0209    -1.0219   2.600830   2.600911    410.450    404.357     0.1511     1.3178     0.3542    572.888   78.83302   -9.75403  12.558275    32.0480    32.0501 0.0000e+00
     28.000    -0.8537    -0.8551   2.641795   2.641717    410.529    405.640     0.1523     1.1958     0.3527    574.132   78.83302   -9.75402  12.805512    32.4220    32.4224 0.0000e+00
     29.000    -0.8566    -0.8536   2.661926   2.661988    414.852    410.768     0.1535     1.0780     0.3596    575.284   78.83302   -9.75402  13.073884    32.6967    32.6943 0.0000e+00
     30.000    -0.8566    -0.8546   2.668573   2.668849    417.544    414.539     0.1543     1.0448     0.3564    576.433   78.83302   -9.75402  12.656647    32.7859    32.7874 0.0000e+00
     31.000    -0.7981    -0.7969   2.678156   2.678171    415.859    415.535     0.1544     1.0389     0.3438    577.566   78.83302   -9.75402  12.825233    32.8510    32.8499 0.0000e+00
     32.000    -0.9632    -0.9500   2.670423   2.671162    420.221    417.766     0.1537     0.9932     0.3342    578.686   78.83302   -9.75402  12.647412    32.9263    32.9218 0.0000e+00
     33.000    -0.9334    -0.9299   2.677048   2.677533    415.083    411.727     0.1531     0.9493     0.3301    579.852   78.83302   -9.75402  12.158971    32.9828    32.9855 0.0000e+00
     34.000    -0.7584    -0.7585   2.694239   2.694442    408.995    405.367     0.1525     0.8949     0.3205    581.000   78.83302   -9.75402  13.110287    33.0229    33.0258 0.0000e+00
     35.000    -0.7117    -0.7102   2.702787   2.702834    413.020    403.678     0.1520     0.8816     0.3163    582.117   78.83302   -9.75402  14.185056    33.0865    33.0855 0.0000e+00
     36.000    -0.7194    -0.7180   2.705261   2.705297    412.438    401.470     0.1515     0.8155     0.3100    583.240   78.83302   -9.75402  14.054356    33.1276    33.1267 0.0000e+00
     37.000    -0.7187    -0.7178   2.708441   2.708437    406.160    400.538     0.1511     0.7844     0.3024    584.369   78.83302   -9.75402  13.717858    33.1691    33.1682 0.0000e+00
     38.000    -0.7962    -0.8075   2.705151   2.703999    402.743    401.514     0.1508     0.7250     0.2973    585.509   78.83302   -9.75402  13.857305    33.2095    33.2063 0.0000e+00
     39.000    -1.0447    -1.0353   2.685672   2.686136    402.941    401.436     0.1505     0.6650     0.2920    586.662   78.83302   -9.75402  13.933351    33.2189    33.2149 0.0000e+00
     40.000    -1.1502    -1.1461   2.677546   2.677704    396.546    396.458     0.1503     0.6002     0.2868    587.819   78.83302   -9.75401  14.297305    33.2245    33.2221 0.0000e+00
     41.000    -1.2830    -1.2808   2.670032   2.670024    395.663    392.325     0.1502     0.5722     0.2833    588.984   78.83302   -9.75400  14.870021    33.2686    33.2661 0.0000e+00
     42.000    -1.2920    -1.2767   2.673572   2.673636    398.936    385.028     0.1502     0.5834     0.2655    591.041   78.83302   -9.75400  15.103343    33.3266    33.3104 0.0000e+00
     43.000    -1.3033    -1.2994   2.675894   2.675976    394.906    380.531     0.1501     0.6101     0.2547    593.669   78.83302   -9.75400  15.224177    33.3705    33.3672 0.0000e+00
     44.000    -1.2931    -1.2929   2.680997   2.681022    388.006    379.859     0.1502     0.4178     0.2429    594.817   78.83302   -9.75400  15.352308    33.4285    33.4286 0.0000e+00
     45.000    -1.3280    -1.3270   2.681585   2.681565    388.494    380.271     0.1503     0.3392     0.2295    595.757   78.83302   -9.75400  15.831503    33.4751    33.4736 0.0000e+00
     46.000    -1.3585    -1.3576   2.682541   2.682534    388.838    379.895     0.1504     0.2827     0.2222    596.684   78.83302   -9.75400  16.684059    33.5217    33.5207 0.0000e+00
     47.000    -1.3739    -1.3734   2.683382   2.683376    387.725    378.292     0.1505     0.2246     0.2157    597.615   78.83302   -9.75400  16.744594    33.5501    33.5494 0.0000e+00
     48.000    -1.3725    -1.3725   2.686230   2.686208    385.835    375.809     0.1507     0.1721     0.2068    598.541   78.83302   -9.75400  16.937296    33.5871    33.5868 0.0000e+00
     49.000    -1.3564    -1.3566   2.688342   2.688319    382.143    371.897     0.1508     0.1708     0.2001    599.476   78.83302   -9.75400  17.034649    33.5974    33.5972 0.0000e+00
     50.000    -1.3555    -1.3558   2.689506   2.689435    379.709    368.843     0.1510     0.1705     0.1967    600.426   78.83302   -9.75400  17.075868    33.6118    33.6111 0.0000e+00
     51.000    -1.3485    -1.3484   2.690698   2.690677    377.831    366.654     0.1511     0.1591     0.1920    601.397   78.83302   -9.75400  17.050864    33.6197    33.6193 0.0000e+00
     52.000    -1.3378    -1.3381   2.693033   2.692990    376.035    365.665     0.1512     0.1511     0.1874    602.379   78.83302   -9.75400  17.025133    33.6391    33.6389 0.0000e+00
     53.000    -1.2533    -1.2540   2.701979   2.701999    373.821    364.795     0.1512     0.1526     0.1853    603.374   78.83302   -9.75400  17.215509    33.6661    33.6672 0.0000e+00
     54.000    -1.2253    -1.2250   2.705354   2.705343    374.560    364.993     0.1512     0.1592     0.1826    604.370   78.83302   -9.75400  17.430205    33.6804    33.6798 0.0000e+00
     55.000    -1.2251    -1.2252   2.706233   2.706205    375.544    365.664     0.1511     0.1601     0.1820    605.354   78.83302   -9.75400  17.481672    33.6915    33.6912 0.0000e+00
     56.000    -1.2075    -1.2079   2.708642   2.708615    373.383    365.442     0.1510     0.1580     0.1822    606.317   78.83302   -9.75400  17.167724    33.7041    33.7042 0.0000e+00
     57.000    -1.1513    -1.1520   2.715010   2.714996    372.107    365.350     0.1508     0.1633     0.1828    607.262   78.83302   -9.75400  17.048738    33.7273    33.7280 0.0000e+00
     58.000    -1.0429    -1.0444   2.727554   2.727490    371.748    364.790     0.1506     0.1637     0.1818    608.196   78.83302   -9.75400  17.402817    33.7760    33.7768 0.0000e+00
     59.000    -1.1784    -1.1735   2.719524   2.719590    375.830    367.374     0.1503     0.1688     0.1812    609.117   78.83302   -9.75398  16.770393    33.8185    33.8138 0.0000e+00
     60.000    -1.2005    -1.2005   2.719525   2.719515    375.791    367.002     0.1500     0.1288     0.1813    610.039   78.83302   -9.75398  16.632857    33.8428    33.8427 0.0000e+00
     61.000    -1.1980    -1.1979   2.720800   2.720776    369.370    363.857     0.1497     0.0995     0.1819    610.976   78.83302   -9.75398  17.535400    33.8569    33.8565 0.0000e+00
     62.000    -1.1956    -1.1956   2.721997   2.721977    365.960    360.793     0.1493     0.0958     0.1797    611.928   78.83302   -9.75398  18.581702    33.8699    33.8697 0.0000e+00
     63.000    -1.1897    -1.1898   2.723324   2.723308    363.554    356.092     0.1488     0.1016     0.1752    612.905   78.83302   -9.75398  19.143598    33.8809    33.8808 0.0000e+00
     64.000    -1.1825    -1.1826   2.725343   2.725325    361.252    352.268     0.1484     0.0990     0.1717    613.898   78.83302   -9.75398  18.682942    33.8997    33.8997 0.0000e+00
     65.000    -1.1777    -1.1778   2.726757   2.726743    359.258    350.462     0.1479     0.1002     0.1699    614.902   78.83302   -9.75398  18.608261    33.9131    33.9130 0.0000e+00
     66.000    -1.1773    -1.1773   2.727677   2.727650    358.565    349.753     0.1473     0.0833     0.1681    615.908   78.83302   -9.75398  19.035779    33.9246    33.9242 0.0000e+00
     67.000    -1.1701    -1.1701   2.729171   2.729199    357.751    349.601     0.1468     0.0829     0.1667    616.896   78.83302   -9.75398  19.163697    33.9363    33.9366 0.0000e+00
     68.000    -1.1650    -1.1651   2.730557   2.730528    356.951    349.453     0.1463     0.0830     0.1658    617.866   78.83302   -9.75398  19.181259    33.9489    33.9486 0.0000e+00
     69.000    -1.1618    -1.1618   2.731789   2.731766    357.086    349.217     0.1458     0.0885     0.1651    618.817   78.83302   -9.75398  19.140006    33.9615    33.9612 0.0000e+00
     70.000    -1.1700    -1.1697   2.732317   2.732303    356.741    348.758     0.1454     0.0947     0.1647    619.756   78.83302   -9.75398  19.107537    33.9774    33.9769 0.0000e+00
     71.000    -1.1639    -1.1637   2.734808   2.734865    356.185    347.878     0.1449     0.0906     0.1648    620.693   78.83302   -9.75398  19.568931    34.0039    34.0046 0.0000e+00
     72.000    -1.1284    -1.1286   2.740270   2.740224    355.622    347.045     0.1445     0.0852     0.1645    621.633   78.83302   -9.75398  18.899649    34.0378    34.0374 0.0000e+00
     73.000    -1.1903    -1.1887   2.737673   2.737643    357.174    347.941     0.1441     0.0928     0.1637    622.586   78.83302   -9.75398  19.239637    34.0720    34.0697 0.0000e+00
     74.000    -1.2379    -1.2375   2.734410   2.734382    357.182    347.478     0.1437     0.1040     0.1636    623.551   78.83302   -9.75398  19.268178    34.0808    34.0799 0.0000e+00
     75.000    -1.2689    -1.2675   2.732150   2.732188    354.844    346.836     0.1433     0.1046     0.1635    624.527   78.83302   -9.75398  19.024766    34.0844    34.0833 0.0000e+00
     76.000    -1.2903    -1.2904   2.730605   2.730557    355.327    347.401     0.1429     0.1106     0.1622    625.508   78.83302   -9.75398  19.435544    34.0869    34.0864 0.0000e+00
     77.000    -1.3103    -1.3101   2.729214   2.729201    358.577    348.262     0.1425     0.1057     0.1618    626.483   78.83302   -9.75398  19.148313    34.0900    34.0896 0.0000e+00
     78.000    -1.3422    -1.3412   2.727263   2.727272    361.223    349.019     0.1421     0.1045     0.1623    627.449   78.83302   -9.75398  19.210123    34.0990    34.0979 0.0000e+00
     79.000    -1.3572    -1.3572   2.727644   2.727628    362.117    349.248     0.1417     0.1003     0.1602    628.400   78.83302   -9.75398  18.951163    34.1206    34.1205 0.0000e+00
     80.000    -1.3541    -1.3544   2.728634   2.728597    361.622    348.877     0.1412     0.0946     0.1591    629.339   78.83302   -9.75398  19.021836    34.1301    34.1299 0.0000e+00
     81.000    -1.3299    -1.3309   2.731965   2.731916    361.874    348.378     0.1406     0.0902     0.1581    630.274   78.83302   -9.75398  19.437987    34.1478    34.1482 0.0000e+00
     82.000    -1.2807    -1.2843   2.737164   2.736977    362.042    347.771     0.1401     0.0892     0.1567    631.209   78.83302   -9.75398  19.428158    34.1624    34.1639 0.0000e+00
     83.000    -1.1623    -1.1619   2.748596   2.748949    360.664    346.351     0.1395     0.0833     0.1547    632.151   78.83302   -9.75398  18.914103    34.1835    34.1879 0.0000e+00
     84.000    -0.9473    -0.9550   2.769000   2.768736    358.224    344.681     0.1389     0.0826     0.1540    633.110   78.83302   -9.75398  19.937127    34.2168    34.2219 0.0000e+00
     85.000    -0.8236    -0.8247   2.780955   2.780865    357.705    344.821     0.1383     0.0715     0.1538    634.091   78.83302   -9.75398  20.171280    34.2382    34.2381 0.0000e+00
