test_project/cnv_files/sta0243_bin.cnv
* Sea-Bird SBE 9 Data File:
* FileName = C:\Seabird\CTDDATA\Sta0243.hex
* Software Version Seasave V 7.26.7.107
* Temperature SN = 03-4535
* Conductivity SN = 2860
* Number of Bytes Per Scan = 44
* Number of Voltage Words = 5
* Number of Scans Averaged by the Deck Unit = 1
* NMEA Latitude = 78 49.97 N
* NMEA Longitude = 004 00.22 E
* NMEA UTC (Time) = Sep 14 2019 08:33:40
* NMEA baud rate = 9600
** Ship: "Kronprins Haakon"
** Station: 0243
** Echodepth: 2290
** Log: 6474.55
** Wind-Dir Force(m/s): 08 09
** Air-temp (dry): 5.6
** Weather Sky: 5 8
** Sea Ice: 4 0
# nquan = 16
# nvalues = 2319                        
# units = specified
# name 0 = prDM: Pressure, Digiquartz [db]
# name 1 = t090C: Temperature [ITS-90, deg C]
# name 2 = t190C: Temperature, 2 [ITS-90, deg C]
# name 3 = c0S/m: Conductivity [S/m]
# name 4 = c1S/m: Conductivity, 2 [S/m]
# name 5 = sbox0Mm/Kg: Oxygen, SBE 43 [umol/kg]
# name 6 = sbox1Mm/Kg: Oxygen, SBE 43, 2 [umol/kg]
# name 7 = wetCDOM: Fluorescence, WET Labs CDOM [mg/m^3]
# name 8 = flECO-AFL: Fluorescence, WET Labs ECO-AFL/FL [mg/m^3]
# name 9 = CStarAt0: Beam Attenuation, WET Labs C-Star [1/m]
# name 10 = timeS: Time, Elapsed [seconds]
# name 11 = latitude: Latitude [deg]
# name 12 = longitude: Longitude [deg]
# name 13 = sal00: Salinity, Practical [PSU]
# name 14 = sal11: Salinity, Practical, 2 [PSU]
# name 15 = flag: flag
# span 0 =      2.000,   2320.000       
# span 1 =    -0.7366,     5.8603       
# span 2 =    -0.7363,     5.8598       
# span 3 =   2.913616,   3.416752       
# span 4 =   2.913680,   3.416682       
# span 5 =    303.527,    329.506       
# span 6 =    298.748,    321.645       
# span 7 =     0.1058,     0.1278       
# span 8 =    -0.0113,     1.8403       
# span 9 =     0.1325,     0.4316       
# span 10 =    123.851,   2436.796      
# span 11 =   78.83298,   78.83302      
# span 12 =    4.00364,    4.00378      
# span 13 =    34.8922,    35.0400      
# span 14 =    34.8917,    35.0403      
# span 15 = 0.0000e+00, 0.0000e+00      
# interval = decibars: 1                
# start_time = Sep 14 2019 08:33:40 [NMEA time, header]
# bad_flag = -9.990e-29
*END*
[from data line 181]
    183.000     3.6096     3.6092   3.229735   3.229712    321.245    313.502     0.1250     0.0061     0.1611    325.050   78.83300    4.00368    35.0109    35.0110 0.0000e+00
    184.000     3.6048     3.6042   3.229333   3.229270    321.278    313.593     0.1250     0.0065     0.1610    326.024   78.83300    4.00368    35.0107    35.0105 0.0000e+00
    185.000     3.6034     3.6030   3.229265   3.229249    321.355    313.469     0.1249     0.0024     0.1620    327.009   78.83300    4.00368    35.0108    35.0111 0.0000e+00
    186.000     3.6079     3.6075   3.229817   3.229791    321.420    313.514     0.1248     0.0006     0.1616    327.992   78.83300    4.00368    35.0120    35.0122 0.0000e+00
    187.000     3.6110     3.6105   3.230238   3.230204    321.371    313.599     0.1247    -0.0039     0.1607    328.977   78.83300    4.00368    35.0132    35.0134 0.0000e+00
    188.000     3.6117     3.6111   3.230382   3.230326    321.382    313.724     0.1246     0.0023     0.1610    329.945   78.83300    4.00368    35.0137    35.0136 0.0000e+00
    189.000     3.6098     3.6096   3.230244   3.230239    321.620    313.955     0.1245     0.0088     0.1604    330.913   78.83300    4.00368    35.0136    35.0137 0.0000e+00
    190.000     3.6089     3.6082   3.230230   3.230182    321.558    313.978     0.1243     0.0095     0.1607    331.883   78.83300    4.00368    35.0138    35.0139 0.0000e+00
    191.000     3.6121     3.6115   3.230634   3.230605    321.361    314.133     0.1241     0.0045     0.1607    332.863   78.83300    4.00368    35.0146    35.0149 0.0000e+00
    192.000     3.6114     3.6107   3.230627   3.230547    321.475    314.385     0.1239     0.0023     0.1601    333.844   78.83300    4.00368    35.0147    35.0146 0.0000e+00
    193.000     3.6074     3.6066   3.230281   3.230196    321.384    314.465     0.1236     0.0023     0.1601    334.834   78.83300    4.00368    35.0143    35.0142 0.0000e+00
    194.000     3.6045     3.6044   3.230094   3.230072    321.284    314.279     0.1234    -0.0005     0.1619    335.828   78.83300    4.00368    35.0146    35.0145 0.0000e+00
    195.000     3.6008     3.6005   3.229825   3.229790    321.695    314.226     0.1231    -0.0006     0.1596    336.816   78.83300    4.00368    35.0148    35.0148 0.0000e+00
    196.000     3.5980     3.5978   3.229615   3.229592    321.591    314.413     0.1228     0.0080     0.1589    337.788   78.83300    4.00368    35.0148    35.0147 0.0000e+00
    197.000     3.5929     3.5926   3.229190   3.229148    321.591    314.968     0.1226     0.0025     0.1593    338.754   78.83300    4.00368    35.0146    35.0144 0.0000e+00
    198.000     3.5902     3.5899   3.228976   3.228953    321.486    315.030     0.1223     0.0023     0.1587    339.716   78.83300    4.00368    35.0143    35.0144 0.0000e+00
    199.000     3.5865     3.5862   3.228666   3.228640    321.906    315.201     0.1220     0.0023     0.1583    340.692   78.83300    4.00368    35.0141    35.0141 0.0000e+00
    200.000     3.5797     3.5796   3.228072   3.228042    322.496    315.031     0.1217     0.0023     0.1582    341.666   78.83300    4.00368    35.0137    35.0134 0.0000e+00
    201.000     3.5727     3.5729   3.227449   3.227440    322.506    314.781     0.1214     0.0023     0.1579    342.646   78.83300    4.00368    35.0132    35.0129 0.0000e+00
    202.000     3.5577     3.5577   3.226062   3.226034    322.238    314.839     0.1211     0.0023     0.1576    343.631   78.83300    4.00368    35.0121    35.0117 0.0000e+00
    203.000     3.5498     3.5495   3.225352   3.225303    321.950    314.706     0.1208     0.0023     0.1578    344.611   78.83300    4.00368    35.0115    35.0112 0.0000e+00
    204.000     3.5350     3.5351   3.224015   3.223968    322.019    315.143     0.1205     0.0049     0.1579    345.586   78.83300    4.00368    35.0108    35.0100 0.0000e+00
    205.000     3.5165     3.5163   3.222316   3.222264    322.725    314.976     0.1202     0.0076     0.1576    346.560   78.83300    4.00368    35.0096    35.0092 0.0000e+00
    206.000     3.5086     3.5083   3.221614   3.221577    322.723    314.508     0.1198     0.0024     0.1574    347.540   78.83300    4.00368    35.0091    35.0089 0.0000e+00
    207.000     3.5012     3.5009   3.220949   3.220900    322.514    314.410     0.1194     0.0023     0.1575    348.527   78.83300    4.00368    35.0085    35.0082 0.0000e+00
    208.000     3.4858     3.4857   3.219522   3.219473    323.107    314.907     0.1190     0.0023     0.1575    349.520   78.83300    4.00368    35.0073    35.0069 0.0000e+00
    209.000     3.4700     3.4703   3.218064   3.218084    323.246    314.971     0.1186     0.0023     0.1578    350.510   78.83300    4.00370    35.0062    35.0061 0.0000e+00
    210.000     3.4604     3.4606   3.217212   3.217218    322.634    314.755     0.1182     0.0023     0.1581    351.485   78.83300    4.00370    35.0057    35.0056 0.0000e+00
    211.000     3.4563     3.4558   3.216874   3.216826    322.561    314.740     0.1177     0.0023     0.1583    352.446   78.83300    4.00370    35.0055    35.0054 0.0000e+00
    212.000     3.4532     3.4523   3.216623   3.216553    322.658    314.782     0.1173     0.0023     0.1584    353.406   78.83300    4.00370    35.0052    35.0053 0.0000e+00
    213.000     3.4496     3.4491   3.216345   3.216289    322.909    314.790     0.1168     0.0055     0.1590    354.375   78.83300    4.00370    35.0052    35.0051 0.0000e+00
    214.000     3.4477     3.4474   3.216212   3.216178    322.770    315.048     0.1164     0.0074     0.1595    355.358   78.83300    4.00368    35.0051    35.0051 0.0000e+00
    215.000     3.4476     3.4471   3.216245   3.216196    322.530    314.882     0.1159     0.0024     0.1598    356.348   78.83300    4.00370    35.0051    35.0050 0.0000e+00
    216.000     3.4459     3.4453   3.216130   3.216088    322.541    314.549     0.1155     0.0023     0.1595    357.341   78.83300    4.00370    35.0050    35.0051 0.0000e+00
    217.000     3.4451     3.4445   3.216112   3.216071    322.120    314.503     0.1151     0.0023     0.1601    358.325   78.83300    4.00370    35.0051    35.0052 0.0000e+00
    218.000     3.4445     3.4440   3.216110   3.216072    321.739    314.633     0.1147     0.0023     0.1604    359.298   78.83300    4.00370    35.0051    35.0052 0.0000e+00
    219.000     3.4423     3.4419   3.215951   3.215915    321.609    314.453     0.1144     0.0023     0.1622    360.272   78.83300    4.00370    35.0051    35.0050 0.0000e+00
    220.000     3.4394     3.4391   3.215732   3.215708    321.781    314.394     0.1141     0.0023     0.1664    361.250   78.83300    4.00370    35.0050    35.0050 0.0000e+00
    221.000     3.4307     3.4308   3.214976   3.214959    321.991    314.452     0.1139     0.0026     0.1605    362.233   78.83300    4.00370    35.0047    35.0043 0.0000e+00
    222.000     3.4264     3.4261   3.214665   3.214647    321.617    314.645     0.1137     0.0023     0.1605    363.234   78.83300    4.00370    35.0050    35.0051 0.0000e+00
    223.000     3.4266     3.4264   3.214734   3.214727    321.681    314.797     0.1136     0.0059     0.1605    364.226   78.83300    4.00370    35.0050    35.0051 0.0000e+00
    224.000     3.4244     3.4242   3.214588   3.214563    321.890    314.498     0.1136     0.0070     0.1604    365.207   78.83300    4.00370    35.0050    35.0050 0.0000e+00
    225.000     3.4255     3.4247   3.214744   3.214679    322.459    314.479     0.1136     0.0023     0.1603    366.173   78.83300    4.00368    35.0052    35.0054 0.0000e+00
    226.000     3.4255     3.4245   3.214796   3.214713    322.883    315.270     0.1137     0.0023     0.1604    367.134   78.83300    4.00368    35.0053    35.0054 0.0000e+00
    227.000     3.4238     3.4236   3.214688   3.214674    323.138    315.365     0.1138     0.0028     0.1602    368.101   78.83298    4.00368    35.0053    35.0053 0.0000e+00
    228.000     3.4185     3.4184   3.214236   3.214190    323.351    315.308     0.1140     0.0086     0.1595    369.084   78.83298    4.00368    35.0050    35.0046 0.0000e+00
    229.000     3.4070     3.4071   3.213198   3.213188    322.835    315.329     0.1142     0.0033     0.1598    370.081   78.83300    4.00370    35.0042    35.0041 0.0000e+00
    230.000     3.4029     3.4028   3.212838   3.212829    322.257    315.320     0.1145     0.0023     0.1595    371.082   78.83300    4.00370    35.0038    35.0038 0.0000e+00
    231.000     3.3997     3.3994   3.212572   3.212538    322.331    315.368     0.1147     0.0023     0.1602    372.074   78.83300    4.00370    35.0035    35.0034 0.0000e+00
    232.000     3.3944     3.3947   3.212104   3.212122    322.340    315.446     0.1150     0.0023     0.1605    373.063   78.83300    4.00370    35.0030    35.0029 0.0000e+00
    233.000     3.3826     3.3822   3.211029   3.210979    322.718    315.445     0.1153     0.0058     0.1601    374.046   78.83300    4.00368    35.0021    35.0019 0.0000e+00
    234.000     3.3825     3.3819   3.211058   3.211013    322.917    315.210     0.1156     0.0074     0.1591    375.018   78.83300    4.00368    35.0021    35.0022 0.0000e+00
    235.000     3.3814     3.3810   3.210996   3.210953    322.964    314.879     0.1159     0.0025     0.1594    375.985   78.83299    4.00368    35.0020    35.0019 0.0000e+00
    236.000     3.3770     3.3766   3.210608   3.210572    323.089    314.956     0.1162     0.0023     0.1602    376.952   78.83298    4.00368    35.0015    35.0015 0.0000e+00
    237.000     3.3757     3.3753   3.210543   3.210508    322.752    315.016     0.1165     0.0023     0.1605    377.933   78.83298    4.00368    35.0015    35.0015 0.0000e+00
    238.000     3.3676     3.3677   3.209831   3.209789    322.607    315.130     0.1168     0.0020     0.1605    378.929   78.83299    4.00368    35.0011    35.0005 0.0000e+00
    239.000     3.3586     3.3584   3.209022   3.208993    322.530    314.882     0.1171    -0.0038     0.1612    379.923   78.83300    4.00368    35.0004    35.0003 0.0000e+00
    240.000     3.3552     3.3549   3.208740   3.208705    321.839    314.893     0.1174     0.0008     0.1613    380.912   78.83300    4.00368    35.0001    35.0001 0.0000e+00
    241.000     3.3483     3.3484   3.208125   3.208102    322.229    314.864     0.1176     0.0023     0.1616    381.894   78.83300    4.00368    34.9996    34.9993 0.0000e+00
    242.000     3.3333     3.3335   3.206766   3.206756    322.761    314.979     0.1179     0.0023     0.1616    382.869   78.83300    4.00368    34.9988    34.9985 0.0000e+00
    243.000     3.3084     3.3090   3.204467   3.204464    322.915    315.153     0.1182     0.0023     0.1625    383.847   78.83299    4.00368    34.9972    34.9965 0.0000e+00
    244.000     3.2960     3.2956   3.203349   3.203333    322.498    315.203     0.1185     0.0023     0.1629    384.831   78.83298    4.00368    34.9966    34.9968 0.0000e+00
    245.000     3.2939     3.2930   3.203193   3.203110    322.457    314.567     0.1188     0.0023     0.1632    385.823   78.83298    4.00368    34.9964    34.9963 0.0000e+00
    246.000     3.2817     3.2822   3.202105   3.202128    322.691    314.755     0.1190     0.0023     0.1640    386.816   78.83299    4.00368    34.9958    34.9955 0.0000e+00
    247.000     3.2750     3.2755   3.201513   3.201568    323.129    314.649     0.1193     0.0023     0.1649    387.807   78.83300    4.00368    34.9953    34.9954 0.0000e+00
    248.000     3.2721     3.2713   3.201276   3.201203    323.358    314.582     0.1196     0.0023     0.1656    388.788   78.83300    4.00368    34.9951    34.9950 0.0000e+00
    249.000     3.2672     3.2669   3.200875   3.200844    323.408    314.945     0.1199     0.0025     0.1653    389.766   78.83300    4.00368    34.9948    34.9948 0.0000e+00
    250.000     3.2642     3.2637   3.200632   3.200586    323.156    314.850     0.1202     0.0082     0.1658    390.735   78.83299    4.00368    34.9947    34.9946 0.0000e+00
    251.000     3.2524     3.2522   3.199565   3.199514    322.721    314.997     0.1205     0.0049     0.1658    391.709   78.83298    4.00368    34.9939    34.9935 0.0000e+00
    252.000     3.2244     3.2249   3.196933   3.196908    323.149    315.361     0.1208     0.0065     0.1658    392.690   78.83298    4.00368    34.9917    34.9908 0.0000e+00
    253.000     3.2031     3.2029   3.194980   3.194919    322.723    315.080     0.1211     0.0060     0.1666    393.678   78.83299    4.00369    34.9904    34.9899 0.0000e+00
    254.000     3.1919     3.1914   3.193958   3.193895    322.172    314.697     0.1213     0.0024     0.1663    394.667   78.83300    4.00370    34.9896    34.9893 0.0000e+00
    255.000     3.1851     3.1854   3.193375   3.193403    322.201    314.518     0.1216     0.0023     0.1675    395.655   78.83300    4.00370    34.9892    34.9892 0.0000e+00
    256.000     3.1803     3.1786   3.192944   3.192761    322.449    314.453     0.1218     0.0024     0.1689    396.629   78.83300    4.00369    34.9887    34.9883 0.0000e+00
    257.000     3.1713     3.1718   3.192123   3.192171    322.614    314.678     0.1220     0.0033     0.1710    397.601   78.83299    4.00368    34.9879    34.9879 0.0000e+00
    258.000     3.1664     3.1656   3.191727   3.191662    323.108    314.882     0.1222     0.0088     0.1726    398.575   78.83298    4.00368    34.9878    34.9878 0.0000e+00
    259.000     3.1631     3.1631   3.191467   3.191467    323.137    314.639     0.1224     0.0033     0.1727    399.553   78.83298    4.00368    34.9876    34.9877 0.0000e+00
    260.000     3.1573     3.1568   3.190971   3.190907    322.787    314.619     0.1226     0.0024     0.1742    400.539   78.83298    4.00368    34.9873    34.9871 0.0000e+00
    261.000     3.1484     3.1480   3.190168   3.190139    322.914    314.648     0.1227     0.0075     0.1747    401.525   78.83299    4.00368    34.9867    34.9867 0.0000e+00
    262.000     3.1468     3.1465   3.190094   3.190062    322.756    314.895     0.1228     0.0141     0.1755    402.502   78.83300    4.00368    34.9869    34.9869 0.0000e+00
    263.000     3.1458     3.1452   3.190068   3.190024    322.592    314.525     0.1228     0.0100     0.1760    403.473   78.83300    4.00370    34.9871    34.9872 0.0000e+00
    264.000     3.1446     3.1441   3.190032   3.189999    322.486    314.024     0.1228     0.0025     0.1766    404.442   78.83300    4.00370    34.9874    34.9875 0.0000e+00
    265.000     3.1430     3.1423   3.189957   3.189902    322.333    314.491     0.1228     0.0023     0.1764    405.422   78.83298    4.00370    34.9876    34.9878 0.0000e+00
    266.000     3.1374     3.1372   3.189509   3.189494    322.745    314.883     0.1228     0.0023     0.1763    406.414   78.83298    4.00370    34.9878    34.9878 0.0000e+00
    267.000     3.1312     3.1313   3.189026   3.189027    323.053    314.825     0.1228     0.0032     0.1768    407.412   78.83298    4.00368    34.9879    34.9879 0.0000e+00
    268.000     3.1214     3.1215   3.188238   3.188220    323.089    315.038     0.1228     0.0088     0.1752    408.415   78.83298    4.00368    34.9884    34.9881 0.0000e+00
    269.000     3.1122     3.1118   3.187481   3.187448    323.231    315.333     0.1228     0.0029     0.1744    409.408   78.83300    4.00368    34.9887    34.9887 0.0000e+00
    270.000     3.1098     3.1094   3.187317   3.187295    322.754    315.358     0.1227     0.0023     0.1734    410.384   78.83300    4.00368    34.9887    34.9889 0.0000e+00
    271.000     3.1064     3.1060   3.187065   3.187029    323.148    315.726     0.1227     0.0023     0.1731    411.340   78.83300    4.00368    34.9887    34.9887 0.0000e+00
    272.000     3.1047     3.1041   3.186964   3.186920    323.872    316.390     0.1227     0.0023     0.1707    412.291   78.83300    4.00370    34.9888    34.9888 0.0000e+00
