test_project/cnv_files/Sta0234_bin.cnv
* Sea-Bird SBE 9 Data File:
* FileName = C:\Seabird\CTDDATA\Sta0234.hex
* Software Version Seasave V 7.26.7.107
* Temperature SN = 03-4535
* Conductivity SN = 2860
* Number of Bytes Per Scan = 44
* Number of Voltage Words = 5
* Number of Scans Averaged by the Deck Unit = 1
* NMEA Latitude = 78 50.39 N
* NMEA Longitude = 008 06.49 W
* NMEA UTC (Time) = Sep 10 2019 07:23:30
* NMEA baud rate = 9600
** Ship: "Kronprins Haakon"
** Station: 0234
** Echodepth: 221
** Log: 6256.23
** Wind-Dir Force(m/s): 07 20
** Air-temp (dry): 0.5
** Weather Sky: 5 8
** Sea Ice: 2 5
# nquan = 17
# nvalues = 209                         
# units = specified
# name 0 = prDM: Pressure, Digiquartz [db]
# name 1 = t090C: Temperature [ITS-90, deg C]
# name 2 = t190C: Temperature, 2 [ITS-90, deg C]
# name 3 = c0S/m: Conductivity [S/m]
# name 4 = c1S/m: Conductivity, 2 [S/m]
# name 5 = sbox0Mm/Kg: Oxygen, SBE 43 [umol/kg]
# name 6 = sbox1Mm/Kg: Oxygen, SBE 43, 2 [umol/kg]
# name 7 = wetCDOM: Fluorescence, WET Labs CDOM [mg/m^3]
# name 8 = flECO-AFL: Fluorescence, WET Labs ECO-AFL/FL [mg/m^3]
# name 9 = CStarAt0: Beam Attenuation, WET Labs C-Star [1/m]
# name 10 = timeS: Time, Elapsed [seconds]
# name 11 = latitude: Latitude [deg]
# name 12 = longitude: Longitude [deg]
# name 13 = upoly0: Upoly 0, ISUS
# name 14 = sal00: Salinity, Practical [PSU]
# name 15 = sal11: Salinity, Practical, 2 [PSU]
# name 16 = flag: flag
# span 0 =      3.000,    213.000       
# span 1 =    -1.6770,     0.8783       
# span 2 =    -1.6772,     0.8763       
# span 3 =   2.416992,   2.963571       
# span 4 =   2.416964,   2.963419       
# span 5 =    310.507,    423.471       
# span 6 =    307.693,    415.924       
# span 7 =     0.1050,     0.2036       
# span 8 =     0.0139,     0.5876       
# span 9 =     0.1492,     0.2690       
# span 10 =    134.213,    410.189      
# span 11 =   78.80993,   78.84140      
# span 12 =   -8.12132,   -8.11336      
# span 13 =  12.132281,  24.178931      
# span 14 =    30.1238,    34.6701      
# span 15 =    30.1232,    34.6689      
# span 16 = 0.0000e+00, 0.0000e+00      
# interval = decibars: 1                
# start_time = Sep 10 2019 07:23:30 [NMEA time, header]
# bad_flag = -9.990e-29
*END*
[from data line 171]
    174.000     0.2615     0.2511   2.897291   2.896480    314.240    313.592     0.1274     0.0368     0.1589    319.969   78.84126   -8.12019  22.591037    34.5134    34.5143 0.0000e+00
    175.000     0.3314     0.3291   2.904838   2.904578    314.369    313.303     0.1271     0.0332     0.1601    321.054   78.84126   -8.12022  22.508922    34.5336    34.5327 0.0000e+00
    176.000     0.3712     0.3691   2.909087   2.908854    316.029    313.501     0.1267     0.0314     0.1566    322.132   78.84126   -8.12025  22.547148    34.5441    34.5434 0.0000e+00
    177.000     0.4087     0.4045   2.913163   2.912780    313.602    312.748     0.1264     0.0202     0.1583    323.210   78.84128   -8.12028  22.671257    34.5550    34.5546 0.0000e+00
    178.000     0.4778     0.4749   2.920586   2.920287    310.792    311.625     0.1260     0.0329     0.1598    324.300   78.84128   -8.12032  22.706365    34.5742    34.5734 0.0000e+00
    179.000     0.5015     0.5005   2.923138   2.922973    311.311    311.305     0.1256     0.0331     0.1618    325.393   78.84128   -8.12036  23.166916    34.5804    34.5793 0.0000e+00
    180.000     0.5264     0.5247   2.925852   2.925624    311.725    311.248     0.1251     0.0316     0.1640    326.492   78.84128   -8.12039  22.709006    34.5874    34.5863 0.0000e+00
    181.000     0.5394     0.5393   2.927273   2.927192    311.311    310.634     0.1247     0.0312     0.1652    327.595   78.84128   -8.12043  22.655162    34.5908    34.5899 0.0000e+00
    182.000     0.5455     0.5448   2.927953   2.927804    311.677    310.343     0.1244     0.0260     0.1666    328.690   78.84128   -8.12046  22.262747    34.5922    34.5910 0.0000e+00
    183.000     0.6301     0.6209   2.937040   2.936252    311.411    309.440     0.1243     0.0241     0.1680    329.769   78.84129   -8.12049  23.558693    34.6155    34.6156 0.0000e+00
    184.000     0.7045     0.7015   2.944959   2.944662    312.739    309.361     0.1242     0.0243     0.1694    330.832   78.84130   -8.12052  23.626500    34.6349    34.6343 0.0000e+00
    185.000     0.7365     0.7358   2.948379   2.948238    314.970    309.962     0.1239     0.0243     0.1702    331.877   78.84130   -8.12055  23.046506    34.6430    34.6419 0.0000e+00
    186.000     0.7639     0.7624   2.951427   2.951235    313.426    309.632     0.1233     0.0288     0.1708    332.905   78.84130   -8.12059  22.737297    34.6513    34.6504 0.0000e+00
    187.000     0.7755     0.7759   2.952717   2.952667    311.041    309.461     0.1223     0.0272     0.1713    333.920   78.84130   -8.12061  23.182820    34.6545    34.6534 0.0000e+00
    188.000     0.7815     0.7819   2.953372   2.953318    310.507    308.989     0.1210     0.0243     0.1727    334.938   78.84130   -8.12065  23.465810    34.6557    34.6546 0.0000e+00
    189.000     0.7872     0.7866   2.954009   2.953875    310.532    308.583     0.1195     0.0275     0.1742    335.963   78.84131   -8.12067  23.277872    34.6570    34.6560 0.0000e+00
    190.000     0.7935     0.7935   2.954730   2.954639    311.007    308.244     0.1182     0.0316     0.1761    337.007   78.84132   -8.12071  23.060614    34.6587    34.6575 0.0000e+00
    191.000     0.7999     0.7995   2.955435   2.955326    311.839    308.489     0.1173     0.0288     0.1768    338.061   78.84132   -8.12074  23.144521    34.6601    34.6592 0.0000e+00
    192.000     0.8095     0.8087   2.956488   2.956339    312.282    308.457     0.1171     0.0243     0.1785    339.121   78.84132   -8.12077  23.690249    34.6625    34.6614 0.0000e+00
    193.000     0.8191     0.8200   2.957561   2.957556    312.698    307.955     0.1176     0.0219     0.1788    340.176   78.84132   -8.12080  22.711584    34.6651    34.6640 0.0000e+00
    194.000     0.8211     0.8208   2.957783   2.957694    312.818    308.150     0.1189     0.0189     0.1794    341.220   78.84134   -8.12084  23.179731    34.6652    34.6643 0.0000e+00
    195.000     0.8260     0.8267   2.958357   2.958347    313.030    308.093     0.1210     0.0243     0.1809    342.259   78.84134   -8.12086  23.560503    34.6665    34.6655 0.0000e+00
    196.000     0.8283     0.8283   2.958632   2.958548    312.986    307.693     0.1233     0.0243     0.1812    343.290   78.84134   -8.12090  23.637853    34.6669    34.6658 0.0000e+00
    197.000     0.8281     0.8282   2.958642   2.958578    312.989    307.985     0.1253     0.0243     0.1815    344.308   78.84134   -8.12092  23.532811    34.6667    34.6657 0.0000e+00
    198.000     0.8314     0.8314   2.959032   2.958956    313.881    308.167     0.1266     0.0243     0.1821    345.326   78.84134   -8.12094  23.335725    34.6674    34.6665 0.0000e+00
    199.000     0.8331     0.8328   2.959244   2.959148    313.903    308.222     0.1267     0.0246     0.1823    346.344   78.84134   -8.12098  23.218807    34.6677    34.6668 0.0000e+00
    200.000     0.8336     0.8335   2.959349   2.959266    314.077    308.236     0.1256     0.0307     0.1823    347.359   78.84136   -8.12100  23.201239    34.6679    34.6670 0.0000e+00
    201.000     0.8338     0.8340   2.959407   2.959367    314.289    308.231     0.1234     0.0314     0.1828    348.375   78.84136   -8.12104  22.919888    34.6679    34.6671 0.0000e+00
    202.000     0.8350     0.8350   2.959583   2.959522    314.578    308.074     0.1205     0.0257     0.1851    349.396   78.84136   -8.12106  23.440688    34.6682    34.6674 0.0000e+00
    203.000     0.8359     0.8360   2.959714   2.959664    314.576    308.152     0.1173     0.0243     0.1820    350.409   78.84136   -8.12109  23.628040    34.6683    34.6675 0.0000e+00
    204.000     0.8347     0.8349   2.959658   2.959591    314.767    307.942     0.1142     0.0243     0.1820    351.458   78.84136   -8.12112  23.492160    34.6683    34.6673 0.0000e+00
    205.000     0.8360     0.8361   2.959825   2.959790    314.772    307.949     0.1115     0.0290     0.1812    352.515   78.84137   -8.12115  23.842262    34.6685    34.6678 0.0000e+00
    206.000     0.8342     0.8347   2.959703   2.959692    314.951    308.100     0.1104     0.0313     0.1816    353.568   78.84138   -8.12117  23.692794    34.6683    34.6676 0.0000e+00
    207.000     0.8364     0.8365   2.959996   2.959940    314.693    308.006     0.1050     0.0270     0.1816    354.626   78.84138   -8.12121  23.812529    34.6690    34.6681 0.0000e+00
    208.000     0.8394     0.8399   2.960340   2.960332    314.975    307.782     0.1055     0.0287     0.1823    355.768   78.84138   -8.12123  24.178931    34.6696    34.6688 0.0000e+00
    209.000     0.8401     0.8401   2.960457   2.960401    315.068    307.978     0.1068     0.0239     0.1835    357.285   78.84140   -8.12128  23.449554    34.6696    34.6689 0.0000e+00
    210.000     0.8422     0.8399   2.960714   2.960423    314.848    308.121     0.1095     0.0139     0.1829    359.454   78.84140   -8.12132  22.980081    34.6701    34.6688 0.0000e+00
    213.000     0.8783     0.8763   2.963571   2.963419    312.394    308.556     0.1358     0.0250     0.1817    410.189   78.80993   -8.11916  23.073218    34.6660    34.6663 0.0000e+00
