test_project/cnv_files/Sta0205_bin.cnv
* Sea-Bird SBE 9 Data File:
* FileName = C:\Seabird\CTDDATA\Sta0205.hex
* Software Version Seasave V 7.26.7.107
* Temperature SN = 03-4535
* Conductivity SN = 2860
* Number of Bytes Per Scan = 44
* Number of Voltage Words = 5
* Number of Scans Averaged by the Deck Unit = 1
* NMEA Latitude = 78 50.00 N
* NMEA Longitude = 006 29.99 W
* NMEA UTC (Time) = Sep 05 2019 01:08:09
* NMEA baud rate = 9600
** Ship: "Kronprins Haakon"
** Station: 0205
** Echodepth: 278
** Log: 5888.606
** Wind-Dir Force(m/s): 34 05
** Air-temp (dry): -1.2
** Weather Sky: 2 5
** Sea Ice: 1 4
# nquan = 17
# nvalues = 269                         
# units = specified
# name 0 = prDM: Pressure, Digiquartz [db]
# name 1 = t090C: Temperature [ITS-90, deg C]
# name 2 = t190C: Temperature, 2 [ITS-90, deg C]
# name 3 = c0S/m: Conductivity [S/m]
# name 4 = c1S/m: Conductivity, 2 [S/m]
# name 5 = sbox0Mm/Kg: Oxygen, SBE 43 [umol/kg]
# name 6 = sbox1Mm/Kg: Oxygen, SBE 43, 2 [umol/kg]
# name 7 = wetCDOM: Fluorescence, WET Labs CDOM [mg/m^3]
# name 8 = flECO-AFL: Fluorescence, WET Labs ECO-AFL/FL [mg/m^3]
# name 9 = CStarAt0: Beam Attenuation, WET Labs C-Star [1/m]
# name 10 = timeS: Time, Elapsed [seconds]
# name 11 = latitude: Latitude [deg]
# name 12 = longitude: Longitude [deg]
# name 13 = upoly0: Upoly 0, ISUS
# name 14 = sal00: Salinity, Practical [PSU]
# name 15 = sal11: Salinity, Practical, 2 [PSU]
# name 16 = flag: flag
# span 0 =      1.000,    269.000       
# span 1 =    -1.6997,     1.4769       
# span 2 =    -1.6991,     1.4766       
# span 3 =   2.428261,   3.031128       
# span 4 =   2.428192,   3.031024       
# span 5 =    308.719,    437.151       
# span 6 =    305.777,    423.369       
# span 7 =     0.1129,     0.1779       
# span 8 =     0.0021,     1.1007       
# span 9 =     0.1455,     0.3225       
# span 10 =    106.959,    429.715      
# span 11 =   78.83340,   78.83340      
# span 12 =   -6.50000,   -6.49996      
# span 13 =  11.192752,  23.486816      
# span 14 =    30.0261,    34.8336      
# span 15 =    30.0252,    34.8326      
# span 16 = 0.0000e+00, 0.0000e+00      
# interval = decibars: 1                
# start_time = Sep 05 2019 01:08:09 [NMEA time, header]
# bad_flag = -9.990e-29
*END*
[from data line 171]
    172.000    -0.7117    -0.7136   2.797892   2.797760    330.383    331.204     0.1372     0.0438     0.1518    290.042   78.83340   -6.49996  19.628574    34.2867    34.2871 0.0000e+00
    173.000    -0.6210    -0.6242   2.806796   2.806595    328.764    329.495     0.1370     0.0395     0.1512    291.051   78.83340   -6.49996  20.037371    34.3035    34.3044 0.0000e+00
    174.000    -0.5757    -0.5762   2.811263   2.811215    327.570    328.598     0.1368     0.0452     0.1517    292.064   78.83340   -6.49996  20.625750    34.3118    34.3116 0.0000e+00
    175.000    -0.5341    -0.5347   2.815350   2.815292    327.742    328.276     0.1367     0.0457     0.1517    293.085   78.83340   -6.49996  20.556962    34.3191    34.3191 0.0000e+00
    176.000    -0.5083    -0.5083   2.817920   2.817850    326.256    327.113     0.1366     0.0390     0.1516    294.116   78.83340   -6.49996  20.365349    34.3238    34.3230 0.0000e+00
    177.000    -0.4885    -0.4883   2.819881   2.819834    324.998    325.647     0.1365     0.0374     0.1517    295.165   78.83340   -6.49996  20.252851    34.3272    34.3263 0.0000e+00
    178.000    -0.4773    -0.4771   2.821009   2.820975    324.274    325.042     0.1364     0.0312     0.1511    296.223   78.83340   -6.49996  20.511046    34.3291    34.3284 0.0000e+00
    179.000    -0.4572    -0.4569   2.822985   2.822945    324.244    324.183     0.1363     0.0405     0.1519    297.282   78.83340   -6.49996  20.408501    34.3323    34.3314 0.0000e+00
    180.000    -0.4058    -0.4068   2.828097   2.828106    324.211    323.157     0.1362     0.0450     0.1518    298.331   78.83340   -6.49996  20.224899    34.3422    34.3434 0.0000e+00
    181.000    -0.2847    -0.2860   2.840290   2.840230    324.990    322.210     0.1362     0.0410     0.1519    299.370   78.83340   -6.49996  21.005723    34.3680    34.3687 0.0000e+00
    182.000    -0.2282    -0.2288   2.846141   2.846054    326.749    323.043     0.1361     0.0330     0.1535    300.400   78.83340   -6.49996  21.114151    34.3817    34.3812 0.0000e+00
    183.000    -0.1635    -0.1654   2.852664   2.852545    327.241    322.542     0.1361     0.0304     0.1516    301.418   78.83340   -6.49996  20.805043    34.3951    34.3957 0.0000e+00
    184.000    -0.0743    -0.0758   2.861719   2.861612    323.257    320.706     0.1361     0.0372     0.1515    302.432   78.83340   -6.49996  20.765147    34.4144    34.4147 0.0000e+00
    185.000     0.0130     0.0096   2.870609   2.870307    319.709    319.638     0.1360     0.0400     0.1513    303.441   78.83340   -6.49996  21.175122    34.4336    34.4334 0.0000e+00
    186.000     0.0380     0.0383   2.873280   2.873204    318.818    318.959     0.1360     0.0350     0.1507    304.453   78.83340   -6.49996  21.453086    34.4402    34.4389 0.0000e+00
    187.000     0.0627     0.0629   2.875838   2.875758    316.957    318.514     0.1359     0.0431     0.1505    305.473   78.83340   -6.49996  21.454403    34.4458    34.4444 0.0000e+00
    188.000     0.1083     0.1077   2.880554   2.880474    314.761    317.679     0.1358     0.0385     0.1497    306.502   78.83340   -6.49996  20.786551    34.4562    34.4558 0.0000e+00
    189.000     0.1443     0.1446   2.884278   2.884217    315.765    317.665     0.1357     0.0390     0.1508    307.538   78.83340   -6.49996  20.754290    34.4645    34.4632 0.0000e+00
    190.000     0.1752     0.1745   2.887558   2.887475    317.049    317.421     0.1356     0.0390     0.1508    308.576   78.83340   -6.49996  20.987260    34.4724    34.4721 0.0000e+00
    191.000     0.3057     0.3038   2.900974   2.900922    316.524    316.251     0.1354     0.0380     0.1512    309.619   78.83340   -6.49996  20.912429    34.5020    34.5034 0.0000e+00
    192.000     0.3735     0.3739   2.908069   2.908060    318.610    316.653     0.1352     0.0390     0.1518    310.660   78.83340   -6.49996  21.010088    34.5186    34.5180 0.0000e+00
    193.000     0.4001     0.4006   2.911068   2.911011    320.226    317.410     0.1350     0.0454     0.1518    311.697   78.83340   -6.49996  21.089444    34.5275    34.5262 0.0000e+00
    194.000     0.4661     0.4665   2.917834   2.917916    317.191    316.520     0.1347     0.0451     0.1518    312.728   78.83340   -6.49996  20.937132    34.5417    34.5423 0.0000e+00
    195.000     0.5054     0.5057   2.922190   2.922063    314.458    316.055     0.1344     0.0399     0.1518    313.746   78.83340   -6.49996  21.133728    34.5540    34.5520 0.0000e+00
    196.000     0.5073     0.5082   2.922510   2.922410    315.087    316.016     0.1341     0.0321     0.1518    314.766   78.83340   -6.49996  21.329039    34.5555    34.5532 0.0000e+00
    197.000     0.5063     0.5076   2.922442   2.922385    314.775    315.031     0.1337     0.0411     0.1524    315.788   78.83340   -6.49996  21.700769    34.5551    34.5529 0.0000e+00
    198.000     0.5021     0.5036   2.922050   2.922005    313.677    314.473     0.1333     0.0351     0.1524    316.809   78.83340   -6.49996  21.132435    34.5541    34.5519 0.0000e+00
    199.000     0.5033     0.5044   2.922181   2.922136    314.336    314.055     0.1330     0.0346     0.1525    317.837   78.83340   -6.49996  20.983600    34.5539    34.5521 0.0000e+00
    200.000     0.5391     0.5462   2.925803   2.926487    315.268    313.495     0.1326     0.0384     0.1520    318.863   78.83340   -6.49996  21.432415    34.5606    34.5616 0.0000e+00
    201.000     0.5604     0.5610   2.928049   2.927947    316.860    313.782     0.1321     0.0343     0.1509    319.895   78.83340   -6.49996  21.297343    34.5655    34.5635 0.0000e+00
    202.000     0.5690     0.5682   2.928940   2.928729    318.629    313.868     0.1317     0.0298     0.1513    320.931   78.83340   -6.49996  21.123722    34.5670    34.5651 0.0000e+00
    203.000     0.5946     0.5953   2.931558   2.931538    318.349    313.400     0.1313     0.0351     0.1521    321.966   78.83340   -6.49996  21.394988    34.5719    34.5708 0.0000e+00
    204.000     0.6115     0.6120   2.933421   2.933314    317.326    313.913     0.1308     0.0396     0.1514    322.997   78.83340   -6.49996  21.303478    34.5767    34.5746 0.0000e+00
    205.000     0.6252     0.6256   2.935070   2.934988    317.144    313.941     0.1304     0.0325     0.1509    324.028   78.83340   -6.49996  21.555246    34.5822    34.5808 0.0000e+00
    206.000     0.6462     0.6470   2.937674   2.937701    316.970    313.572     0.1299     0.0388     0.1507    325.063   78.83340   -6.49996  22.179818    34.5921    34.5915 0.0000e+00
    207.000     0.6970     0.6971   2.943405   2.943360    316.610    313.346     0.1295     0.0366     0.1502    326.099   78.83340   -6.49996  21.151205    34.6094    34.6086 0.0000e+00
    208.000     0.7320     0.7312   2.947181   2.946972    316.803    313.361     0.1291     0.0294     0.1502    327.132   78.83340   -6.49996  21.614134    34.6187    34.6169 0.0000e+00
    209.000     0.7446     0.7453   2.948644   2.948553    316.753    312.747     0.1286     0.0226     0.1499    328.164   78.83340   -6.49996  21.990485    34.6231    34.6211 0.0000e+00
    210.000     0.7656     0.7650   2.950944   2.950781    315.276    311.615     0.1282     0.0228     0.1493    329.204   78.83340   -6.49996  21.588160    34.6289    34.6275 0.0000e+00
    211.000     0.7915     0.7916   2.953762   2.953668    313.126    310.655     0.1278     0.0286     0.1486    330.238   78.83340   -6.49996  21.150675    34.6360    34.6347 0.0000e+00
    212.000     0.8097     0.8091   2.955747   2.955534    312.872    310.393     0.1274     0.0226     0.1481    331.270   78.83340   -6.49996  21.571134    34.6408    34.6387 0.0000e+00
    213.000     0.8412     0.8417   2.959115   2.959108    312.994    309.982     0.1270     0.0155     0.1485    332.297   78.83340   -6.49996  22.260217    34.6487    34.6480 0.0000e+00
    214.000     0.8732     0.8735   2.962607   2.962513    312.900    309.767     0.1266     0.0247     0.1486    333.319   78.83340   -6.49996  22.326626    34.6577    34.6561 0.0000e+00
    215.000     0.8833     0.8838   2.963777   2.963680    313.146    310.078     0.1262     0.0182     0.1486    334.348   78.83340   -6.49996  21.803276    34.6609    34.6592 0.0000e+00
    216.000     0.8876     0.8888   2.964290   2.964256    312.812    309.913     0.1259     0.0192     0.1475    335.371   78.83340   -6.49996  21.423007    34.6622    34.6605 0.0000e+00
    217.000     0.8908     0.8913   2.964663   2.964556    311.572    309.344     0.1255     0.0177     0.1470    336.399   78.83340   -6.49996  22.179421    34.6629    34.6609 0.0000e+00
    218.000     0.8926     0.8927   2.964896   2.964752    311.614    308.936     0.1251     0.0179     0.1466    337.433   78.83340   -6.49996  22.858200    34.6632    34.6613 0.0000e+00
    219.000     0.8946     0.8947   2.965133   2.964997    312.410    308.662     0.1248     0.0251     0.1463    338.487   78.83340   -6.49996  22.470906    34.6636    34.6617 0.0000e+00
    220.000     0.9313     0.9298   2.969152   2.968963    312.418    308.393     0.1244     0.0260     0.1461    339.544   78.83340   -6.49996  22.095136    34.6739    34.6732 0.0000e+00
    221.000     0.9480     0.9475   2.971037   2.970806    313.101    308.693     0.1241     0.0248     0.1455    340.580   78.83340   -6.49996  22.035846    34.6791    34.6767 0.0000e+00
    222.000     0.9718     0.9772   2.973696   2.974285    313.998    308.734     0.1238     0.0261     0.1457    341.609   78.83340   -6.49996  21.806154    34.6864    34.6880 0.0000e+00
    223.000     1.0060     1.0067   2.977837   2.977722    313.087    308.361     0.1235     0.0198     0.1456    342.637   78.83340   -6.49996  21.811287    34.7011    34.6988 0.0000e+00
    224.000     1.0066     1.0075   2.978860   2.978753    312.708    308.519     0.1232     0.0121     0.1459    343.671   78.83340   -6.49996  21.865269    34.7130    34.7106 0.0000e+00
    225.000     1.0162     1.0169   2.980047   2.980001    312.445    308.331     0.1229     0.0120     0.1465    344.708   78.83340   -6.49996  22.376552    34.7170    34.7156 0.0000e+00
    226.000     1.0247     1.0255   2.981070   2.981069    310.990    307.879     0.1227     0.0189     0.1466    345.740   78.83340   -6.49996  22.236353    34.7202    34.7193 0.0000e+00
    227.000     1.0708     1.0701   2.986350   2.986313    309.974    306.839     0.1224     0.0103     0.1480    346.774   78.83340   -6.49996  22.379595    34.7362    34.7365 0.0000e+00
    228.000     1.1233     1.1224   2.992519   2.992312    310.002    306.209     0.1222     0.0143     0.1507    347.801   78.83340   -6.49996  23.185875    34.7565    34.7549 0.0000e+00
    229.000     1.1310     1.1322   2.993554   2.993571    311.319    306.592     0.1220     0.0156     0.1513    348.833   78.83340   -6.49996  23.473677    34.7607    34.7595 0.0000e+00
    230.000     1.1443     1.1458   2.995251   2.995274    310.609    306.307     0.1219     0.0214     0.1534    349.860   78.83340   -6.49996  23.112129    34.7671    34.7657 0.0000e+00
    231.000     1.1491     1.1494   2.995875   2.995773    309.320    306.225     0.1217     0.0109     0.1555    350.878   78.83340   -6.49996  22.730148    34.7692    34.7676 0.0000e+00
    232.000     1.1610     1.1601   2.997268   2.997028    308.719    305.777     0.1215     0.0096     0.1594    351.889   78.83340   -6.49996  22.866769    34.7732    34.7712 0.0000e+00
    233.000     1.1612     1.1619   2.997365   2.997271    309.226    306.061     0.1214     0.0096     0.1617    352.903   78.83340   -6.49996  23.293833    34.7736    34.7717 0.0000e+00
    234.000     1.1844     1.1837   2.999861   2.999732    309.693    305.938     0.1212     0.0130     0.1646    353.918   78.83340   -6.49996  22.923196    34.7793    34.7784 0.0000e+00
    235.000     1.1975     1.1980   3.001328   3.001275    310.008    305.923     0.1211     0.0222     0.1671    354.944   78.83340   -6.49996  22.874614    34.7829    34.7817 0.0000e+00
    236.000     1.2162     1.2141   3.003278   3.002922    310.483    306.047     0.1209     0.0257     0.1701    355.975   78.83340   -6.49996  22.869494    34.7866    34.7844 0.0000e+00
    237.000     1.2136     1.2149   3.003088   3.003090    311.457    306.498     0.1208     0.0152     0.1716    357.014   78.83340   -6.49996  22.989227    34.7865    34.7850 0.0000e+00
    238.000     1.2286     1.2291   3.004598   3.004544    311.446    306.635     0.1207     0.0090     0.1740    358.059   78.83340   -6.49996  23.162246    34.7885    34.7873 0.0000e+00
    239.000     1.2674     1.2643   3.008472   3.008123    310.737    306.371     0.1205     0.0147     0.1759    359.102   78.83340   -6.49996  23.180401    34.7945    34.7934 0.0000e+00
    240.000     1.2998     1.3019   3.011868   3.011974    311.124    306.454     0.1204     0.0175     0.1762    360.147   78.83340   -6.49996  23.060857    34.8013    34.8003 0.0000e+00
    241.000     1.3075     1.3077   3.012918   3.012835    312.031    307.156     0.1203     0.0108     0.1787    361.176   78.83340   -6.49996  22.872657    34.8056    34.8043 0.0000e+00
    242.000     1.3356     1.3351   3.015873   3.015718    311.855    307.203     0.1203     0.0145     0.1798    362.191   78.83340   -6.49996  22.485839    34.8116    34.8102 0.0000e+00
    243.000     1.3443     1.3449   3.016816   3.016737    311.628    307.526     0.1204     0.0150     0.1816    363.200   78.83340   -6.49996  22.678822    34.8134    34.8117 0.0000e+00
    244.000     1.3482     1.3471   3.017244   3.017009    312.101    307.962     0.1206     0.0167     0.1841    364.209   78.83340   -6.49996  22.569725    34.8139    34.8122 0.0000e+00
    245.000     1.3556     1.3564   3.018014   3.017989    312.000    308.145     0.1208     0.0220     0.1864    365.214   78.83340   -6.49996  22.306567    34.8150    34.8138 0.0000e+00
    246.000     1.3594     1.3600   3.018510   3.018415    312.311    307.994     0.1211     0.0106     0.1875    366.221   78.83340   -6.49996  22.505794    34.8165    34.8146 0.0000e+00
    247.000     1.3491     1.3496   3.017674   3.017577    312.857    308.388     0.1214     0.0135     0.1920    367.233   78.83340   -6.49996  22.695211    34.8167    34.8149 0.0000e+00
    248.000     1.3545     1.3550   3.018250   3.018188    312.899    308.221     0.1216     0.0100     0.1954    368.264   78.83340   -6.49996  22.676916    34.8174    34.8161 0.0000e+00
    249.000     1.3544     1.3553   3.018304   3.018262    313.066    308.252     0.1218     0.0021     0.1978    369.306   78.83340   -6.49996  22.861751    34.8177    34.8161 0.0000e+00
    250.000     1.3574     1.3578   3.018693   3.018616    313.502    308.382     0.1219     0.0078     0.2007    370.418   78.83340   -6.49996  23.033956    34.8187    34.8173 0.0000e+00
    251.000     1.3602     1.3603   3.019019   3.018927    313.440    308.210     0.1217     0.0160     0.2050    377.406   78.83340   -6.49996  22.666355    34.8192    34.8179 0.0000e+00
    252.000     1.3699     1.3707   3.020033   3.020034    311.584    308.694     0.1212     0.0145     0.2133    404.664   78.83340   -6.49998  23.116151    34.8208    34.8199 0.0000e+00
    253.000     1.3732     1.3737   3.020409   3.020367    312.260    308.810     0.1203     0.0103     0.2198    406.260   78.83340   -6.49998  22.209006    34.8213    34.8203 0.0000e+00
    254.000     1.3776     1.3780   3.020886   3.020833    312.480    308.658     0.1191     0.0232     0.2257    408.044   78.83340   -6.49998  22.373834    34.8219    34.8209 0.0000e+00
    255.000     1.4046     1.4038   3.023515   3.023349    313.093    308.503     0.1176     0.0135     0.2141    409.824   78.83340   -6.49998  22.790222    34.8250    34.8237 0.0000e+00
