test_project/cnv_files/Sta0208_bin.cnv
* Sea-Bird SBE 9 Data File:
* FileName = C:\Seabird\CTDDATA\Sta0208.hex
* Software Version Seasave V 7.26.7.107
* Temperature SN = 03-4535
* Conductivity SN = 2860
* Number of Bytes Per Scan = 44
* Number of Voltage Words = 5
* Number of Scans Averaged by the Deck Unit = 1
* NMEA Latitude = 78 50.17 N
* NMEA Longitude = 008 09.17 W
* NMEA UTC (Time) = Sep 05 2019 09:21:07
* NMEA baud rate = 9600
** Ship: "Kronprins Haakon"
** Station: 0208
** Echodepth: 235
** Log: 5911.27
** Wind-Dir Force(m/s): 20 14
** Air-temp (dry): -1.3
** Weather Sky: 0 2
** Sea Ice: 0 4
# nquan = 17
# nvalues = 222                         
# units = specified
# name 0 = prDM: Pressure, Digiquartz [db]
# name 1 = t090C: Temperature [ITS-90, deg C]
# name 2 = t190C: Temperature, 2 [ITS-90, deg C]
# name 3 = c0S/m: Conductivity [S/m]
# name 4 = c1S/m: Conductivity, 2 [S/m]
# name 5 = sbox0Mm/Kg: Oxygen, SBE 43 [umol/kg]
# name 6 = sbox1Mm/Kg: Oxygen, SBE 43, 2 [umol/kg]
# name 7 = wetCDOM: Fluorescence, WET Labs CDOM [mg/m^3]
# name 8 = flECO-AFL: Fluorescence, WET Labs ECO-AFL/FL [mg/m^3]
# name 9 = CStarAt0: Beam Attenuation, WET Labs C-Star [1/m]
# name 10 = timeS: Time, Elapsed [seconds]
# name 11 = latitude: Latitude [deg]
# name 12 = longitude: Longitude [deg]
# name 13 = upoly0: Upoly 0, ISUS
# name 14 = sal00: Salinity, Practical [PSU]
# name 15 = sal11: Salinity, Practical, 2 [PSU]
# name 16 = flag: flag
# span 0 =      3.000,    224.000       
# span 1 =    -1.5588,     1.0818       
# span 2 =    -1.5580,     1.0823       
# span 3 =   2.462913,   2.988058       
# span 4 =   2.462781,   2.987947       
# span 5 =    305.044,    418.604       
# span 6 =    303.874,    406.526       
# span 7 =     0.1145,     0.1764       
# span 8 =     0.0031,     1.1465       
# span 9 =     0.1506,     0.3427       
# span 10 =    151.954,    390.644      
# span 11 =   78.83628,   78.83628      
# span 12 =   -8.15290,   -8.15288      
# span 13 =  12.797913,  24.761743      
# span 14 =    30.6413,    34.7479      
# span 15 =    30.6378,    34.7463      
# span 16 = 0.0000e+00, 0.0000e+00      
# interval = decibars: 1                
# start_time = Sep 05 2019 09:21:07 [NMEA time, header]
# bad_flag = -9.990e-29
*END*
[from data line 171]
    174.000     0.5822     0.5731   2.930461   2.929421    309.603    304.109     0.1274     0.0274     0.1786    339.136   78.83628   -8.15288  23.893383    34.5887    34.5853 0.0000e+00
    175.000     0.5954     0.5977   2.932027   2.932146    311.476    304.888     0.1271     0.0230     0.1758    340.143   78.83628   -8.15288  23.783926    34.5937    34.5928 0.0000e+00
    176.000     0.6030     0.6036   2.932947   2.932879    311.051    305.432     0.1267     0.0236     0.1761    341.150   78.83628   -8.15288  23.754054    34.5967    34.5951 0.0000e+00
    177.000     0.6137     0.6127   2.934242   2.934006    308.465    305.258     0.1264     0.0243     0.1757    342.155   78.83628   -8.15288  23.961866    34.6009    34.5991 0.0000e+00
    178.000     0.6381     0.6346   2.937007   2.936567    307.229    305.102     0.1260     0.0292     0.1748    343.161   78.83628   -8.15288  23.959132    34.6091    34.6073 0.0000e+00
    179.000     0.6489     0.6493   2.938277   2.938176    308.094    304.851     0.1257     0.0233     0.1746    344.163   78.83628   -8.15288  23.777812    34.6129    34.6112 0.0000e+00
    180.000     0.6806     0.6751   2.941813   2.941204    308.576    304.688     0.1253     0.0164     0.1782    345.177   78.83628   -8.15288  24.081803    34.6230    34.6213 0.0000e+00
    181.000     0.7498     0.7447   2.949562   2.949186    308.313    304.255     0.1250     0.0215     0.1768    346.193   78.83628   -8.15288  24.033265    34.6458    34.6466 0.0000e+00
    182.000     0.8585     0.8510   2.961795   2.961278    308.192    303.874     0.1246     0.0239     0.1726    347.199   78.83628   -8.15288  23.775339    34.6824    34.6842 0.0000e+00
    183.000     0.9538     0.9509   2.972240   2.971879    309.296    303.971     0.1243     0.0240     0.1735    348.208   78.83628   -8.15288  23.757250    34.7107    34.7091 0.0000e+00
    184.000     0.9752     0.9751   2.974648   2.974513    310.245    305.156     0.1239     0.0281     0.1742    349.214   78.83628   -8.15288  24.008199    34.7172    34.7156 0.0000e+00
    185.000     0.9861     0.9865   2.975854   2.975751    308.271    305.940     0.1236     0.0219     0.1761    350.227   78.83628   -8.15288  23.788037    34.7201    34.7183 0.0000e+00
    186.000     0.9842     0.9854   2.975698   2.975660    306.057    307.024     0.1233     0.0129     0.1742    351.241   78.83628   -8.15288  24.449150    34.7196    34.7178 0.0000e+00
    187.000     0.9858     0.9864   2.975911   2.975837    305.044    307.107     0.1230     0.0147     0.1764    352.248   78.83628   -8.15288  24.441056    34.7199    34.7183 0.0000e+00
    188.000     0.9915     0.9919   2.976565   2.976460    306.559    307.162     0.1226     0.0214     0.1822    353.255   78.83628   -8.15288  24.567475    34.7215    34.7197 0.0000e+00
    189.000     0.9944     0.9944   2.976902   2.976766    308.982    307.243     0.1223     0.0144     0.1787    354.264   78.83628   -8.15288  23.880652    34.7220    34.7203 0.0000e+00
    190.000     1.0063     1.0067   2.978183   2.978118    310.276    306.883     0.1221     0.0097     0.1797    355.277   78.83628   -8.15288  24.043415    34.7246    34.7234 0.0000e+00
    191.000     1.0207     1.0207   2.979780   2.979663    310.960    307.002     0.1218     0.0112     0.1807    356.290   78.83628   -8.15288  24.250023    34.7286    34.7272 0.0000e+00
    192.000     1.0284     1.0289   2.980723   2.980679    311.581    307.200     0.1215     0.0231     0.1820    357.292   78.83628   -8.15288  24.147716    34.7316    34.7305 0.0000e+00
    193.000     1.0465     1.0457   2.982720   2.982537    311.682    307.093     0.1213     0.0223     0.1831    358.297   78.83628   -8.15288  24.351000    34.7366    34.7351 0.0000e+00
    194.000     1.0514     1.0522   2.983352   2.983277    311.909    307.217     0.1211     0.0108     0.1831    359.309   78.83628   -8.15288  24.342217    34.7387    34.7368 0.0000e+00
    195.000     1.0646     1.0652   2.984816   2.984791    311.299    307.305     0.1210     0.0031     0.1836    360.322   78.83628   -8.15288  23.908952    34.7422    34.7412 0.0000e+00
    196.000     1.0720     1.0739   2.985665   2.985729    311.035    307.252     0.1212     0.0072     0.1849    361.333   78.83628   -8.15288  24.326763    34.7443    34.7430 0.0000e+00
    197.000     1.0762     1.0773   2.986150   2.986111    311.356    307.459     0.1215     0.0096     0.1853    362.337   78.83628   -8.15288  24.616501    34.7453    34.7436 0.0000e+00
    198.000     1.0774     1.0784   2.986310   2.986270    311.379    307.393     0.1219     0.0139     0.1859    363.343   78.83628   -8.15288  24.744313    34.7455    34.7438 0.0000e+00
    199.000     1.0775     1.0784   2.986370   2.986304    311.506    307.505     0.1224     0.0167     0.1864    364.353   78.83628   -8.15288  24.761743    34.7455    34.7437 0.0000e+00
    200.000     1.0791     1.0791   2.986589   2.986430    311.344    307.238     0.1228     0.0167     0.1880    365.362   78.83628   -8.15288  24.572727    34.7459    34.7440 0.0000e+00
    201.000     1.0792     1.0801   2.986630   2.986592    311.581    307.037     0.1229     0.0141     0.1892    366.370   78.83628   -8.15288  24.041289    34.7458    34.7442 0.0000e+00
    202.000     1.0801     1.0806   2.986766   2.986679    311.727    307.218     0.1227     0.0115     0.1896    367.372   78.83628   -8.15288  23.929994    34.7460    34.7442 0.0000e+00
    203.000     1.0803     1.0806   2.986835   2.986737    311.950    307.251     0.1222     0.0165     0.1904    368.382   78.83628   -8.15288  24.081869    34.7460    34.7444 0.0000e+00
    204.000     1.0799     1.0807   2.986855   2.986802    312.284    307.594     0.1212     0.0167     0.1907    369.395   78.83628   -8.15288  24.179401    34.7461    34.7445 0.0000e+00
    205.000     1.0798     1.0802   2.986884   2.986798    312.433    307.637     0.1200     0.0170     0.1914    370.407   78.83628   -8.15288  24.276055    34.7461    34.7445 0.0000e+00
    206.000     1.0804     1.0808   2.987007   2.986904    312.349    307.438     0.1186     0.0227     0.1955    371.411   78.83628   -8.15288  24.191338    34.7463    34.7446 0.0000e+00
    207.000     1.0811     1.0818   2.987131   2.987047    312.392    307.183     0.1172     0.0174     0.1955    372.414   78.83628   -8.15288  24.079867    34.7466    34.7448 0.0000e+00
    208.000     1.0815     1.0820   2.987194   2.987120    312.341    307.292     0.1160     0.0108     0.1925    373.425   78.83628   -8.15288  24.005894    34.7464    34.7449 0.0000e+00
    209.000     1.0805     1.0812   2.987176   2.987099    312.754    307.398     0.1152     0.0207     0.1934    374.434   78.83628   -8.15288  23.561535    34.7466    34.7449 0.0000e+00
    210.000     1.0805     1.0814   2.987231   2.987185    312.921    307.378     0.1147     0.0239     0.1948    375.439   78.83628   -8.15288  24.212621    34.7467    34.7452 0.0000e+00
    211.000     1.0807     1.0814   2.987315   2.987251    313.088    307.138     0.1145     0.0152     0.1942    376.439   78.83628   -8.15288  23.656012    34.7470    34.7455 0.0000e+00
    212.000     1.0811     1.0817   2.987411   2.987342    313.291    307.227     0.1147     0.0133     0.1943    377.441   78.83628   -8.15288  23.573504    34.7473    34.7457 0.0000e+00
    213.000     1.0813     1.0818   2.987483   2.987406    312.904    307.280     0.1152     0.0202     0.1950    378.453   78.83628   -8.15288  23.825211    34.7474    34.7458 0.0000e+00
    214.000     1.0808     1.0819   2.987466   2.987458    313.511    307.394     0.1158     0.0188     0.1953    379.452   78.83628   -8.15288  24.110043    34.7471    34.7457 0.0000e+00
    215.000     1.0810     1.0817   2.987540   2.987482    313.729    307.438     0.1165     0.0112     0.1961    380.395   78.83628   -8.15288  24.190258    34.7472    34.7457 0.0000e+00
    216.000     1.0803     1.0810   2.987482   2.987418    313.447    307.283     0.1172     0.0164     0.1970    381.375   78.83628   -8.15288  24.012657    34.7466    34.7451 0.0000e+00
    217.000     1.0806     1.0810   2.987559   2.987475    313.047    307.262     0.1179     0.0152     0.1975    382.534   78.83628   -8.15288  23.916161    34.7468    34.7453 0.0000e+00
    218.000     1.0806     1.0811   2.987617   2.987534    312.924    307.688     0.1186     0.0126     0.1978    383.813   78.83628   -8.15288  23.891392    34.7469    34.7452 0.0000e+00
    219.000     1.0810     1.0815   2.987716   2.987635    312.880    307.675     0.1192     0.0204     0.1965    385.109   78.83628   -8.15288  23.983190    34.7471    34.7456 0.0000e+00
    220.000     1.0813     1.0818   2.987801   2.987727    312.888    307.515     0.1204     0.0194     0.1962    386.261   78.83628   -8.15288  23.969213    34.7474    34.7458 0.0000e+00
    221.000     1.0812     1.0815   2.987836   2.987737    313.231    307.787     0.1206     0.0167     0.1979    387.303   78.83628   -8.15288  23.919290    34.7473    34.7456 0.0000e+00
    222.000     1.0817     1.0822   2.987955   2.987884    313.487    307.547     0.1209     0.0204     0.1975    388.357   78.83628   -8.15288  24.165073    34.7477    34.7462 0.0000e+00
    223.000     1.0817     1.0823   2.988021   2.987947    313.259    307.219     0.1211     0.0204     0.1983    389.406   78.83628   -8.15288  24.104210    34.7479    34.7463 0.0000e+00
    224.000     1.0818     1.0803   2.988058   2.987741    314.080    307.464     0.1209     0.0139     0.1983    390.644   78.83628   -8.15288  24.102899    34.7477    34.7453 0.0000e+00
