test_project/cnv_files/sta0241_bin.cnv
* Sea-Bird SBE 9 Data File:
* FileName = C:\Seabird\CTDDATA\Sta0241.hex
* Software Version Seasave V 7.26.7.107
* Temperature SN = 03-4535
* Conductivity SN = 2860
* Number of Bytes Per Scan = 44
* Number of Voltage Words = 5
* Number of Scans Averaged by the Deck Unit = 1
* NMEA Latitude = 78 49.94 N
* NMEA Longitude = 002 00.29 E
* NMEA UTC (Time) = Sep 14 2019 02:37:39
* NMEA baud rate = 9600
** Ship: "Kronprins Haakon"
** Station: 0241
** Echodepth: 2496
** Log: 6451.17
** Wind-Dir Force(m/s): 11 11
** Air-temp (dry): 5.5
** Weather Sky: 2 8
** Sea Ice: 3 0
# nquan = 16
# nvalues = 2528                        
# units = specified
# name 0 = prDM: Pressure, Digiquartz [db]
# name 1 = t090C: Temperature [ITS-90, deg C]
# name 2 = t190C: Temperature, 2 [ITS-90, deg C]
# name 3 = c0S/m: Conductivity [S/m]
# name 4 = c1S/m: Conductivity, 2 [S/m]
# name 5 = sbox0Mm/Kg: Oxygen, SBE 43 [umol/kg]
# name 6 = sbox1Mm/Kg: Oxygen, SBE 43, 2 [umol/kg]
# name 7 = wetCDOM: Fluorescence, WET Labs CDOM [mg/m^3]
# name 8 = flECO-AFL: Fluorescence, WET Labs ECO-AFL/FL [mg/m^3]
# name 9 = CStarAt0: Beam Attenuation, WET Labs C-Star [1/m]
# name 10 = timeS: Time, Elapsed [seconds]
# name 11 = latitude: Latitude [deg]
# name 12 = longitude: Longitude [deg]
# name 13 = sal00: Salinity, Practical [PSU]
# name 14 = sal11: Salinity, Practical, 2 [PSU]
# name 15 = flag: flag
# span 0 =      4.000,   2531.000       
# span 1 =    -0.7251,     5.5279       
# span 2 =    -0.7247,     5.5273       
# span 3 =   2.915976,   3.382788       
# span 4 =   2.916034,   3.382726       
# span 5 =    303.619,    327.593       
# span 6 =    299.641,    320.034       
# span 7 =     0.0947,     0.1292       
# span 8 =    -0.0061,     2.2206       
# span 9 =     0.1211,     0.4419       
# span 10 =    145.007,   2678.168      
# span 11 =   78.83242,   78.83248      
# span 12 =    2.00472,    2.00494      
# span 13 =    34.8490,    35.0436      
# span 14 =    34.8493,    35.0432      
# span 15 = 0.0000e+00, 0.0000e+00      
# interval = decibars: 1                
# start_time = Sep 14 2019 02:37:39 [NMEA time, header]
# bad_flag = -9.990e-29
*END*
[from data line 724]
    728.000     0.1703     0.1704   2.944502   2.944494    323.650    316.520     0.1156     0.0073     0.1282    888.372   78.83246    2.00484    34.9085    34.9084 0.0000e+00
    729.000     0.1681     0.1674   2.944328   2.944328    323.427    316.383     0.1155     0.0024     0.1282    889.328   78.83246    2.00484    34.9082    34.9089 0.0000e+00
    730.000     0.1748     0.1746   2.945027   2.945041    323.864    316.019     0.1154     0.0029     0.1281    890.289   78.83246    2.00484    34.9092    34.9095 0.0000e+00
    731.000     0.1744     0.1743   2.945062   2.945073    324.225    315.875     0.1153     0.0090     0.1281    891.249   78.83246    2.00484    34.9094    34.9098 0.0000e+00
    732.000     0.1730     0.1727   2.944976   2.944963    324.168    315.789     0.1152     0.0097     0.1281    892.213   78.83246    2.00484    34.9094    34.9096 0.0000e+00
    733.000     0.1724     0.1721   2.944973   2.944975    323.545    315.873     0.1152     0.0149     0.1277    893.180   78.83246    2.00484    34.9094    34.9098 0.0000e+00
    734.000     0.1723     0.1722   2.945019   2.945022    323.013    315.861     0.1150     0.0072     0.1279    894.153   78.83246    2.00484    34.9095    34.9098 0.0000e+00
    735.000     0.1687     0.1687   2.944748   2.944767    322.950    315.929     0.1149     0.0023     0.1277    895.123   78.83246    2.00484    34.9095    34.9097 0.0000e+00
    736.000     0.1657     0.1657   2.944539   2.944556    322.711    316.028     0.1148     0.0023     0.1276    896.081   78.83246    2.00484    34.9096    34.9098 0.0000e+00
    737.000     0.1642     0.1643   2.944454   2.944481    322.777    315.701     0.1147     0.0043     0.1276    897.032   78.83246    2.00484    34.9096    34.9098 0.0000e+00
    738.000     0.1616     0.1615   2.944269   2.944291    322.611    315.955     0.1147     0.0082     0.1278    897.987   78.83246    2.00484    34.9095    34.9098 0.0000e+00
    739.000     0.1592     0.1591   2.944118   2.944141    322.845    315.645     0.1146     0.0026     0.1278    898.942   78.83246    2.00484    34.9096    34.9100 0.0000e+00
    740.000     0.1578     0.1578   2.944045   2.944069    323.092    315.816     0.1145     0.0025     0.1277    899.900   78.83246    2.00484    34.9096    34.9100 0.0000e+00
    741.000     0.1564     0.1563   2.943972   2.943992    322.817    315.575     0.1145     0.0081     0.1276    900.861   78.83246    2.00484    34.9097    34.9100 0.0000e+00
    742.000     0.1525     0.1525   2.943690   2.943712    322.872    315.778     0.1145     0.0096     0.1273    901.832   78.83246    2.00484    34.9098    34.9101 0.0000e+00
    743.000     0.1516     0.1516   2.943666   2.943700    322.918    316.004     0.1144     0.0096     0.1273    902.812   78.83246    2.00484    34.9099    34.9104 0.0000e+00
    744.000     0.1494     0.1494   2.943534   2.943557    322.768    315.558     0.1144     0.0065     0.1274    903.779   78.83246    2.00484    34.9100    34.9104 0.0000e+00
    745.000     0.1444     0.1445   2.943152   2.943174    322.982    315.419     0.1144     0.0046     0.1275    904.738   78.83246    2.00484    34.9101    34.9103 0.0000e+00
    746.000     0.1424     0.1423   2.943027   2.943045    323.004    315.421     0.1144     0.0094     0.1277    905.692   78.83246    2.00484    34.9102    34.9105 0.0000e+00
    747.000     0.1395     0.1396   2.942812   2.942834    322.993    315.535     0.1144     0.0090     0.1281    906.641   78.83246    2.00485    34.9101    34.9102 0.0000e+00
    748.000     0.1344     0.1345   2.942413   2.942441    323.134    315.953     0.1144     0.0028     0.1282    907.593   78.83246    2.00486    34.9100    34.9102 0.0000e+00
    749.000     0.1339     0.1336   2.942405   2.942419    322.909    316.014     0.1144     0.0023     0.1282    908.551   78.83246    2.00486    34.9098    34.9104 0.0000e+00
    750.000     0.1316     0.1318   2.942259   2.942278    322.824    315.828     0.1144     0.0023     0.1276    909.514   78.83246    2.00486    34.9099    34.9100 0.0000e+00
    751.000     0.1252     0.1252   2.941743   2.941758    323.237    315.545     0.1144     0.0023     0.1287    910.475   78.83246    2.00486    34.9098    34.9100 0.0000e+00
    752.000     0.1214     0.1215   2.941458   2.941487    323.033    315.395     0.1145     0.0020     0.1317    911.434   78.83246    2.00484    34.9097    34.9100 0.0000e+00
    753.000     0.1185     0.1187   2.941243   2.941281    322.841    315.285     0.1145     0.0047     0.1275    912.399   78.83246    2.00484    34.9097    34.9099 0.0000e+00
    754.000     0.1154     0.1153   2.941020   2.941037    323.278    315.753     0.1146     0.0095     0.1278    913.367   78.83246    2.00484    34.9096    34.9100 0.0000e+00
    755.000     0.1138     0.1139   2.940944   2.940963    323.447    315.972     0.1146     0.0086     0.1277    914.339   78.83246    2.00484    34.9098    34.9100 0.0000e+00
    756.000     0.1126     0.1128   2.940877   2.940922    323.128    315.857     0.1147     0.0025     0.1280    915.308   78.83246    2.00486    34.9097    34.9101 0.0000e+00
    757.000     0.1117     0.1116   2.940848   2.940860    322.951    315.704     0.1148     0.0023     0.1273    916.272   78.83246    2.00486    34.9098    34.9101 0.0000e+00
    758.000     0.1107     0.1105   2.940792   2.940795    322.949    315.626     0.1149     0.0023     0.1274    917.236   78.83246    2.00486    34.9097    34.9099 0.0000e+00
    759.000     0.1087     0.1087   2.940688   2.940719    322.982    315.752     0.1150     0.0023     0.1275    918.195   78.83246    2.00486    34.9099    34.9103 0.0000e+00
    760.000     0.1081     0.1080   2.940684   2.940707    322.413    315.914     0.1151     0.0064     0.1277    919.154   78.83246    2.00486    34.9100    34.9104 0.0000e+00
    761.000     0.1072     0.1071   2.940654   2.940670    322.798    315.986     0.1152     0.0127     0.1272    920.110   78.83246    2.00484    34.9100    34.9103 0.0000e+00
    762.000     0.1067     0.1066   2.940666   2.940686    323.097    315.866     0.1154     0.0125     0.1279    921.061   78.83246    2.00484    34.9101    34.9105 0.0000e+00
    763.000     0.1047     0.1046   2.940520   2.940541    323.165    315.567     0.1155     0.0017     0.1275    922.016   78.83246    2.00486    34.9099    34.9103 0.0000e+00
    764.000     0.0972     0.0974   2.939911   2.939933    323.525    315.894     0.1156     0.0029     0.1288    922.972   78.83246    2.00486    34.9098    34.9099 0.0000e+00
    765.000     0.0916     0.0916   2.939468   2.939484    323.217    316.057     0.1157     0.0151     0.1274    923.932   78.83246    2.00486    34.9097    34.9099 0.0000e+00
    766.000     0.0877     0.0878   2.939176   2.939190    322.745    316.082     0.1159     0.0050     0.1272    924.897   78.83246    2.00486    34.9097    34.9098 0.0000e+00
    767.000     0.0856     0.0856   2.939025   2.939044    323.052    315.701     0.1160     0.0076     0.1274    925.879   78.83246    2.00486    34.9095    34.9098 0.0000e+00
    768.000     0.0833     0.0834   2.938865   2.938893    322.957    315.561     0.1161     0.0096     0.1278    926.867   78.83246    2.00486    34.9094    34.9097 0.0000e+00
    769.000     0.0792     0.0789   2.938547   2.938537    323.200    315.826     0.1162     0.0096     0.1277    927.844   78.83246    2.00486    34.9093    34.9095 0.0000e+00
    770.000     0.0745     0.0748   2.938167   2.938211    323.258    315.389     0.1163     0.0096     0.1278    928.798   78.83246    2.00486    34.9090    34.9092 0.0000e+00
    771.000     0.0731     0.0731   2.938108   2.938132    322.969    315.769     0.1164     0.0078     0.1281    929.733   78.83246    2.00485    34.9092    34.9096 0.0000e+00
    772.000     0.0692     0.0692   2.937801   2.937811    322.745    315.430     0.1165     0.0024     0.1274    930.672   78.83246    2.00485    34.9090    34.9092 0.0000e+00
    773.000     0.0672     0.0671   2.937676   2.937695    322.667    315.512     0.1166     0.0026     0.1273    931.627   78.83246    2.00486    34.9091    34.9094 0.0000e+00
    774.000     0.0671     0.0669   2.937700   2.937706    322.555    315.696     0.1167     0.0086     0.1273    932.594   78.83246    2.00486    34.9089    34.9092 0.0000e+00
    775.000     0.0659     0.0659   2.937650   2.937676    322.481    315.310     0.1168     0.0040     0.1273    933.572   78.83246    2.00486    34.9090    34.9094 0.0000e+00
    776.000     0.0651     0.0650   2.937619   2.937644    322.404    315.518     0.1169     0.0073     0.1273    934.544   78.83246    2.00486    34.9090    34.9093 0.0000e+00
    777.000     0.0645     0.0645   2.937613   2.937646    322.808    315.679     0.1170     0.0096     0.1272    935.515   78.83246    2.00486    34.9089    34.9094 0.0000e+00
    778.000     0.0635     0.0635   2.937572   2.937589    322.755    315.487     0.1170     0.0127     0.1272    936.484   78.83246    2.00486    34.9089    34.9092 0.0000e+00
    779.000     0.0610     0.0606   2.937397   2.937386    322.242    315.371     0.1171     0.0120     0.1271    937.458   78.83246    2.00486    34.9088    34.9092 0.0000e+00
    780.000     0.0563     0.0561   2.937002   2.936990    322.751    315.422     0.1172     0.0024     0.1272    938.423   78.83246    2.00486    34.9084    34.9085 0.0000e+00
    781.000     0.0496     0.0493   2.936474   2.936482    322.196    315.483     0.1172     0.0023     0.1273    939.383   78.83246    2.00486    34.9085    34.9089 0.0000e+00
    782.000     0.0474     0.0474   2.936315   2.936342    322.103    315.335     0.1173     0.0026     0.1272    940.330   78.83246    2.00486    34.9083    34.9086 0.0000e+00
    783.000     0.0456     0.0455   2.936199   2.936214    321.966    315.439     0.1173     0.0086     0.1272    941.272   78.83246    2.00486    34.9083    34.9085 0.0000e+00
    784.000     0.0437     0.0439   2.936091   2.936129    322.177    315.509     0.1174     0.0095     0.1273    942.225   78.83246    2.00486    34.9083    34.9087 0.0000e+00
    785.000     0.0405     0.0407   2.935858   2.935905    322.331    315.395     0.1174     0.0050     0.1272    943.192   78.83246    2.00486    34.9083    34.9088 0.0000e+00
    786.000     0.0371     0.0370   2.935610   2.935623    322.301    314.933     0.1175     0.0058     0.1272    944.166   78.83246    2.00486    34.9083    34.9086 0.0000e+00
    787.000     0.0361     0.0361   2.935578   2.935601    322.205    315.161     0.1175     0.0096     0.1270    945.141   78.83246    2.00486    34.9084    34.9087 0.0000e+00
    788.000     0.0359     0.0359   2.935598   2.935624    322.437    315.040     0.1175     0.0116     0.1269    946.108   78.83246    2.00486    34.9084    34.9088 0.0000e+00
    789.000     0.0358     0.0356   2.935629   2.935651    322.658    315.153     0.1175     0.0151     0.1271    947.069   78.83246    2.00486    34.9083    34.9087 0.0000e+00
    790.000     0.0345     0.0344   2.935569   2.935588    322.761    315.046     0.1175     0.0099     0.1272    948.025   78.83246    2.00486    34.9084    34.9088 0.0000e+00
    791.000     0.0321     0.0320   2.935417   2.935428    322.618    315.009     0.1175     0.0093     0.1272    948.981   78.83246    2.00486    34.9085    34.9087 0.0000e+00
    792.000     0.0309     0.0307   2.935356   2.935380    322.614    314.923     0.1175     0.0031     0.1267    949.939   78.83246    2.00486    34.9085    34.9090 0.0000e+00
    793.000     0.0295     0.0296   2.935290   2.935322    322.638    315.036     0.1174     0.0072     0.1266    950.898   78.83246    2.00486    34.9086    34.9090 0.0000e+00
    794.000     0.0277     0.0278   2.935182   2.935214    322.381    315.324     0.1172     0.0096     0.1271    951.862   78.83246    2.00486    34.9086    34.9090 0.0000e+00
    795.000     0.0239     0.0241   2.934864   2.934909    322.353    315.398     0.1171     0.0061     0.1265    952.825   78.83246    2.00486    34.9082    34.9085 0.0000e+00
    796.000     0.0232     0.0221   2.934850   2.934781    321.875    315.448     0.1169     0.0017     0.1265    953.790   78.83246    2.00486    34.9082    34.9086 0.0000e+00
    797.000     0.0194     0.0197   2.934555   2.934594    322.183    315.171     0.1167     0.0019     0.1267    954.749   78.83246    2.00486    34.9080    34.9082 0.0000e+00
    798.000     0.0187     0.0186   2.934546   2.934555    322.199    315.069     0.1164     0.0028     0.1264    955.709   78.83246    2.00486    34.9082    34.9084 0.0000e+00
    799.000     0.0139     0.0137   2.934152   2.934177    322.277    315.197     0.1161     0.0092     0.1266    956.672   78.83246    2.00486    34.9078    34.9083 0.0000e+00
    800.000     0.0143     0.0147   2.934248   2.934316    322.610    315.104     0.1159     0.0095     0.1277    957.636   78.83246    2.00486    34.9081    34.9085 0.0000e+00
    801.000     0.0098     0.0097   2.933875   2.933869    322.050    315.109     0.1156     0.0040     0.1263    958.598   78.83246    2.00486    34.9076    34.9076 0.0000e+00
    802.000    -0.0001    -0.0004   2.933020   2.933014    321.934    315.248     0.1153     0.0068     0.1266    959.564   78.83246    2.00486    34.9070    34.9072 0.0000e+00
    803.000    -0.0004    -0.0010   2.933040   2.933024    322.061    315.432     0.1150     0.0055     0.1262    960.531   78.83246    2.00486    34.9070    34.9074 0.0000e+00
    804.000    -0.0016    -0.0016   2.933000   2.933016    321.668    315.513     0.1147     0.0049     0.1262    961.501   78.83246    2.00486    34.9072    34.9074 0.0000e+00
    805.000    -0.0028    -0.0029   2.932932   2.932960    321.730    314.862     0.1144     0.0073     0.1262    962.460   78.83246    2.00486    34.9072    34.9076 0.0000e+00
    806.000    -0.0035    -0.0036   2.932931   2.932939    321.660    314.539     0.1142     0.0036     0.1260    963.418   78.83246    2.00488    34.9073    34.9075 0.0000e+00
    807.000    -0.0037    -0.0038   2.932949   2.932967    321.802    314.667     0.1140     0.0094     0.1261    964.381   78.83246    2.00488    34.9072    34.9075 0.0000e+00
    808.000    -0.0047    -0.0049   2.932913   2.932929    322.122    314.562     0.1139     0.0093     0.1266    965.354   78.83246    2.00486    34.9073    34.9076 0.0000e+00
    809.000    -0.0068    -0.0068   2.932764   2.932791    322.187    314.681     0.1137     0.0034     0.1267    966.333   78.83246    2.00486    34.9072    34.9074 0.0000e+00
    810.000    -0.0120    -0.0119   2.932348   2.932382    321.753    315.026     0.1136     0.0076     0.1258    967.316   78.83246    2.00486    34.9069    34.9072 0.0000e+00
    811.000    -0.0153    -0.0152   2.932096   2.932128    321.746    314.825     0.1136     0.0049     0.1259    968.293   78.83246    2.00486    34.9068    34.9070 0.0000e+00
    812.000    -0.0196    -0.0197   2.931737   2.931766    321.864    314.635     0.1135     0.0023     0.1259    969.268   78.83246    2.00488    34.9063    34.9067 0.0000e+00
    813.000    -0.0213    -0.0214   2.931640   2.931651    322.145    314.840     0.1135     0.0054     0.1259    970.233   78.83246    2.00488    34.9064    34.9066 0.0000e+00
    814.000    -0.0232    -0.0233   2.931520   2.931544    321.677    314.808     0.1135     0.0070     0.1259    971.199   78.83246    2.00488    34.9064    34.9068 0.0000e+00
    815.000    -0.0252    -0.0253   2.931414   2.931439    321.689    314.399     0.1135     0.0035     0.1253    972.170   78.83246    2.00488    34.9067    34.9070 0.0000e+00
    816.000    -0.0258    -0.0259   2.931422   2.931444    321.797    314.775     0.1134     0.0083     0.1258    973.143   78.83246    2.00488    34.9069    34.9073 0.0000e+00
