test_project/cnv_files/Sta0235_bin.cnv
* Sea-Bird SBE 9 Data File:
* FileName = C:\Seabird\CTDDATA\Sta0235.hex
* Software Version Seasave V 7.26.7.107
* Temperature SN = 03-4535
* Conductivity SN = 2860
* Number of Bytes Per Scan = 44
* Number of Voltage Words = 5
* Number of Scans Averaged by the Deck Unit = 1
* NMEA Latitude = 78 50.19 N
* NMEA Longitude = 005 32.49 W
* NMEA UTC (Time) = Sep 10 2019 19:10:13
* NMEA baud rate = 9600
** Ship: "Kronprins Haakon"
** Station: 0235
** Echodepth: 502
** Log: 6292.355
** Wind-Dir Force(m/s): 11 14
** Air-temp (dry): 0.9
** Weather Sky: 4 8
** Sea Ice: 5 5
# nquan = 17
# nvalues = 497                         
# units = specified
# name 0 = prDM: Pressure, Digiquartz [db]
# name 1 = t090C: Temperature [ITS-90, deg C]
# name 2 = t190C: Temperature, 2 [ITS-90, deg C]
# name 3 = c0S/m: Conductivity [S/m]
# name 4 = c1S/m: Conductivity, 2 [S/m]
# name 5 = sbox0Mm/Kg: Oxygen, SBE 43 [umol/kg]
# name 6 = sbox1Mm/Kg: Oxygen, SBE 43, 2 [umol/kg]
# name 7 = wetCDOM: Fluorescence, WET Labs CDOM [mg/m^3]
# name 8 = flECO-AFL: Fluorescence, WET Labs ECO-AFL/FL [mg/m^3]
# name 9 = CStarAt0: Beam Attenuation, WET Labs C-Star [1/m]
# name 10 = timeS: Time, Elapsed [seconds]
# name 11 = latitude: Latitude [deg]
# name 12 = longitude: Longitude [deg]
# name 13 = upoly0: Upoly 0, ISUS
# name 14 = sal00: Salinity, Practical [PSU]
# name 15 = sal11: Salinity, Practical, 2 [PSU]
# name 16 = flag: flag
# span 0 =      2.000,    498.000       
# span 1 =    -1.6514,     1.2247       
# span 2 =    -1.6512,     1.2242       
# span 3 =   2.374097,   3.008005       
# span 4 =   2.374136,   3.007903       
# span 5 =    307.518,    422.676       
# span 6 =    302.031,    414.304       
# span 7 =     0.0955,     0.1819       
# span 8 =     0.0017,     1.2408       
# span 9 =     0.1251,     0.2786       
# span 10 =    222.624,    708.672      
# span 11 =   78.83646,   78.83650      
# span 12 =   -5.54874,   -5.54427      
# span 13 =  11.693969,  24.503739      
# span 14 =    29.4195,    34.8608      
# span 15 =    29.4192,    34.8610      
# span 16 = 0.0000e+00, 0.0000e+00      
# interval = decibars: 1                
# start_time = Sep 10 2019 19:10:13 [NMEA time, header]
# bad_flag = -9.990e-29
*END*
      2.000    -1.4372    -1.4387   2.374441   2.374340    398.538    395.868     0.0955     0.2860     0.2517    222.624   78.83650   -5.54427  12.543442    29.4201    29.4202 0.0000e+00
      3.000    -1.4401    -1.4401   2.374298   2.374281    399.456    396.045     0.1146     0.2910     0.2561    225.375   78.83650   -5.54430  12.283694    29.4204    29.4202 0.0000e+00
      4.000    -1.4395    -1.4395   2.374337   2.374297    399.503    394.937     0.1224     0.2633     0.2580    227.001   78.83650   -5.54433  12.216373    29.4198    29.4192 0.0000e+00
      5.000    -1.4387    -1.4387   2.374417   2.374390    399.821    394.341     0.1274     0.2485     0.2546    227.994   78.83650   -5.54434  11.901751    29.4195    29.4192 0.0000e+00
      6.000    -1.4380    -1.4380   2.374509   2.374477    400.293    394.099     0.1311     0.2445     0.2549    228.872   78.83650   -5.54435  12.858832    29.4195    29.4192 0.0000e+00
      7.000    -1.4434    -1.4443   2.374276   2.374163    400.827    393.898     0.1295     0.2487     0.2522    229.732   78.83650   -5.54437  12.451497    29.4211    29.4206 0.0000e+00
      8.000    -1.4517    -1.4519   2.374097   2.374136    401.009    393.893     0.1324     0.2326     0.2511    230.607   78.83650   -5.54438  11.693969    29.4263    29.4270 0.0000e+00
      9.000    -1.4520    -1.4527   2.374769   2.374566    401.417    393.560     0.1345     0.2410     0.2509    231.556   78.83650   -5.54438  11.837387    29.4353    29.4332 0.0000e+00
     10.000    -1.4513    -1.4516   2.375058   2.374974    401.605    392.871     0.1365     0.2527     0.2517    232.578   78.83650   -5.54439  12.508409    29.4378    29.4370 0.0000e+00
     11.000    -1.4502    -1.4502   2.375299   2.375294    402.065    393.144     0.1384     0.2577     0.2516    233.640   78.83650   -5.54440  12.173397    29.4395    29.4394 0.0000e+00
     12.000    -1.4418    -1.4417   2.377075   2.377327    402.370    393.967     0.1403     0.2501     0.2499    234.735   78.83650   -5.54441  12.198769    29.4547    29.4581 0.0000e+00
     13.000    -1.2541    -1.2643   2.416709   2.416011    398.511    391.415     0.1422     0.2464     0.2500    235.793   78.83650   -5.54442  12.243429    29.8044    29.8052 0.0000e+00
     14.000    -1.0602    -1.0634   2.458741   2.458468    398.163    390.296     0.1438     0.2688     0.2504    236.764   78.83650   -5.54443  12.285007    30.1772    30.1767 0.0000e+00
     15.000    -1.0091    -1.0104   2.474621   2.474674    404.710    393.763     0.1449     0.3059     0.2496    237.667   78.83650   -5.54445  12.277020    30.3388    30.3408 0.0000e+00
     16.000    -0.9638    -0.9653   2.503904   2.503581    404.764    394.678     0.1451     0.3262     0.2507    238.551   78.83650   -5.54446  12.124305    30.6862    30.6834 0.0000e+00
     17.000    -0.9325    -0.9333   2.525353   2.524967    399.887    395.870     0.1441     0.3704     0.2508    239.466   78.83650   -5.54448  12.125840    30.9421    30.9377 0.0000e+00
     18.000    -0.9452    -0.9447   2.538111   2.538189    398.513    398.731     0.1421     0.4634     0.2498    240.426   78.83650   -5.54448  12.125840    31.1264    31.1270 0.0000e+00
     19.000    -0.9728    -0.9725   2.544719   2.544673    399.875    401.722     0.1392     0.5322     0.2514    241.458   78.83650   -5.54448  11.892648    31.2435    31.2426 0.0000e+00
     20.000    -0.9860    -0.9857   2.549930   2.549837    402.893    403.867     0.1357     0.5530     0.2511    242.570   78.83650   -5.54450  11.905875    31.3271    31.3255 0.0000e+00
     21.000    -0.9904    -0.9899   2.553363   2.553210    408.260    405.941     0.1322     0.6634     0.2509    243.684   78.83650   -5.54451  12.144869    31.3774    31.3747 0.0000e+00
     22.000    -1.0014    -1.0003   2.555227   2.555256    413.584    408.282     0.1293     0.6489     0.2522    244.719   78.83650   -5.54453  12.294077    31.4134    31.4127 0.0000e+00
     23.000    -1.0249    -1.0206   2.556670   2.556488    418.055    410.453     0.1274     0.6234     0.2529    245.673   78.83650   -5.54454  12.367641    31.4570    31.4500 0.0000e+00
     24.000    -1.0677    -1.0653   2.556340   2.556270    421.230    412.674     0.1266     0.6457     0.2596    246.565   78.83650   -5.54454  12.481480    31.4968    31.4934 0.0000e+00
     25.000    -1.1634    -1.1635   2.554480   2.554445    422.676    414.304     0.1269     0.7018     0.2600    247.432   78.83650   -5.54456  12.205238    31.5717    31.5713 0.0000e+00
     26.000    -1.2131    -1.2130   2.555963   2.555939    421.339    413.283     0.1282     0.8233     0.2621    248.313   78.83650   -5.54456  12.516526    31.6438    31.6433 0.0000e+00
     27.000    -1.2328    -1.2327   2.556633   2.556589    419.458    411.504     0.1301     0.8877     0.2667    249.265   78.83650   -5.54458  12.557292    31.6732    31.6725 0.0000e+00
     28.000    -1.2549    -1.2546   2.556688   2.556664    420.506    410.976     0.1324     0.8941     0.2697    250.329   78.83650   -5.54458  12.105292    31.6967    31.6961 0.0000e+00
     29.000    -1.2647    -1.2652   2.558831   2.558737    422.620    410.558     0.1347     0.8901     0.2729    251.477   78.83650   -5.54460  12.765999    31.7357    31.7350 0.0000e+00
     30.000    -1.2660    -1.2663   2.560162   2.560065    422.157    410.126     0.1368     1.2408     0.2767    252.605   78.83650   -5.54461  12.761094    31.7547    31.7537 0.0000e+00
     31.000    -1.2638    -1.2636   2.561281   2.561177    420.811    409.418     0.1385     0.7491     0.2786    253.642   78.83650   -5.54463  12.716244    31.7670    31.7654 0.0000e+00
     32.000    -1.3040    -1.3021   2.560812   2.560746    419.527    409.018     0.1397     0.5855     0.2761    254.571   78.83650   -5.54464  12.486907    31.8027    31.7998 0.0000e+00
     33.000    -1.3779    -1.3726   2.558957   2.558983    418.561    408.871     0.1406     0.5528     0.2706    255.430   78.83650   -5.54464  12.660368    31.8557    31.8504 0.0000e+00
     34.000    -1.4172    -1.4167   2.558274   2.558234    416.465    408.024     0.1414     0.5509     0.2642    256.257   78.83650   -5.54466  12.990683    31.8877    31.8866 0.0000e+00
     35.000    -1.4283    -1.4277   2.558820   2.558769    413.713    406.662     0.1424     0.5678     0.2561    257.105   78.83650   -5.54466  13.352099    31.9065    31.9051 0.0000e+00
     36.000    -1.4502    -1.4495   2.558649   2.558605    413.503    405.662     0.1433     0.5020     0.2499    258.021   78.83650   -5.54468  13.574908    31.9270    31.9257 0.0000e+00
     37.000    -1.4714    -1.4707   2.558951   2.558873    413.721    403.246     0.1444     0.4282     0.2476    259.053   78.83650   -5.54468  14.028114    31.9532    31.9514 0.0000e+00
     38.000    -1.4777    -1.4774   2.560194   2.560141    411.885    400.392     0.1454     0.3804     0.2404    260.210   78.83650   -5.54470  13.529571    31.9764    31.9755 0.0000e+00
     39.000    -1.4956    -1.4947   2.559868   2.559848    408.798    398.590     0.1465     0.3299     0.2347    261.393   78.83650   -5.54470  13.408922    31.9906    31.9894 0.0000e+00
     40.000    -1.5202    -1.5188   2.559169   2.559165    406.863    397.565     0.1476     0.3231     0.2295    262.480   78.83650   -5.54472  13.808630    32.0069    32.0053 0.0000e+00
     41.000    -1.5354    -1.5351   2.558726   2.558682    405.852    397.544     0.1488     0.3055     0.2244    263.448   78.83650   -5.54474  13.825010    32.0165    32.0156 0.0000e+00
     42.000    -1.5447    -1.5444   2.558852   2.558850    404.464    396.595     0.1500     0.3159     0.2059    265.785   78.83650   -5.54476  14.033943    32.0276    32.0273 0.0000e+00
     43.000    -1.5674    -1.5668   2.558540   2.558488    401.793    395.421     0.1512     0.2902     0.2034    267.383   78.83650   -5.54478  15.238374    32.0472    32.0458 0.0000e+00
     44.000    -1.5750    -1.5745   2.559414   2.559349    400.384    394.398     0.1524     0.2699     0.2023    268.556   78.83650   -5.54478  14.844954    32.0669    32.0654 0.0000e+00
     45.000    -1.5874    -1.5868   2.560027   2.559981    400.748    393.822     0.1537     0.2630     0.1998    269.650   78.83650   -5.54479  14.439351    32.0881    32.0868 0.0000e+00
     46.000    -1.5945    -1.5945   2.560319   2.560276    400.815    392.995     0.1549     0.2453     0.1994    270.690   78.83650   -5.54481  14.782961    32.0992    32.0986 0.0000e+00
     47.000    -1.5976    -1.5975   2.560888   2.560847    399.458    392.349     0.1561     0.2244     0.1988    271.646   78.83650   -5.54482  14.495756    32.1098    32.1091 0.0000e+00
     48.000    -1.5961    -1.5964   2.561687   2.561644    398.951    391.368     0.1573     0.2149     0.1975    272.528   78.83650   -5.54482  14.898624    32.1185    32.1183 0.0000e+00
     49.000    -1.5995    -1.5990   2.562545   2.562510    398.425    390.870     0.1585     0.2144     0.1956    273.378   78.83650   -5.54484  15.346500    32.1334    32.1324 0.0000e+00
     50.000    -1.6087    -1.6080   2.562533   2.562529    398.810    390.625     0.1597     0.2033     0.1950    274.229   78.83650   -5.54484  15.236710    32.1425    32.1418 0.0000e+00
     51.000    -1.6174    -1.6175   2.562925   2.562887    398.628    390.090     0.1608     0.1878     0.1941    275.120   78.83650   -5.54486  15.038387    32.1568    32.1564 0.0000e+00
     52.000    -1.6245    -1.6242   2.563800   2.563768    397.786    389.276     0.1619     0.1782     0.1919    276.112   78.83650   -5.54486  14.936549    32.1760    32.1752 0.0000e+00
     53.000    -1.6286    -1.6286   2.564070   2.564038    396.641    388.505     0.1630     0.1708     0.1910    277.254   78.83650   -5.54486  14.914820    32.1835    32.1830 0.0000e+00
     54.000    -1.6323    -1.6322   2.564143   2.564124    396.062    387.877     0.1640     0.1679     0.1903    278.477   78.83650   -5.54488  15.076541    32.1879    32.1876 0.0000e+00
     55.000    -1.6380    -1.6378   2.564072   2.564054    394.974    387.370     0.1650     0.1610     0.1892    279.612   78.83650   -5.54489  15.485398    32.1925    32.1920 0.0000e+00
     56.000    -1.6417    -1.6419   2.564241   2.564202    394.372    387.033     0.1660     0.1520     0.1880    280.594   78.83650   -5.54491  15.553396    32.1983    32.1979 0.0000e+00
     57.000    -1.6369    -1.6371   2.565254   2.565208    394.052    386.581     0.1669     0.1513     0.1871    281.458   78.83650   -5.54492  15.476493    32.2064    32.2060 0.0000e+00
     58.000    -1.6437    -1.6433   2.565346   2.565327    394.460    386.630     0.1678     0.1550     0.1863    282.252   78.83650   -5.54494  15.364766    32.2144    32.2137 0.0000e+00
     59.000    -1.6495    -1.6495   2.565678   2.565650    394.772    386.462     0.1687     0.1433     0.1858    283.020   78.83650   -5.54494  15.553535    32.2248    32.2244 0.0000e+00
     60.000    -1.6488    -1.6488   2.566657   2.566618    395.186    386.294     0.1695     0.1299     0.1850    283.808   78.83650   -5.54494  15.514357    32.2368    32.2363 0.0000e+00
     61.000    -1.6477    -1.6479   2.568094   2.568034    394.998    386.018     0.1702     0.1198     0.1839    284.666   78.83650   -5.54495  15.056604    32.2549    32.2542 0.0000e+00
     62.000    -1.6459    -1.6461   2.569287   2.569263    394.337    385.745     0.1710     0.1175     0.1830    285.663   78.83650   -5.54496  15.687638    32.2688    32.2687 0.0000e+00
     63.000    -1.6439    -1.6442   2.570893   2.570822    393.669    384.821     0.1717     0.1097     0.1828    286.870   78.83650   -5.54496  15.493602    32.2882    32.2875 0.0000e+00
     64.000    -1.6445    -1.6445   2.572292   2.572237    391.740    383.971     0.1723     0.1087     0.1821    288.193   78.83650   -5.54498  15.407677    32.3075    32.3067 0.0000e+00
     65.000    -1.6417    -1.6424   2.573536   2.573445    389.862    383.330     0.1729     0.1167     0.1816    289.368   78.83650   -5.54500  14.548311    32.3210    32.3206 0.0000e+00
     66.000    -1.6331    -1.6337   2.575139   2.575069    388.914    382.573     0.1735     0.1080     0.1804    290.343   78.83650   -5.54500  14.563252    32.3332    32.3329 0.0000e+00
     67.000    -1.6255    -1.6261   2.576724   2.576631    388.967    382.365     0.1741     0.0996     0.1819    291.192   78.83650   -5.54502  15.256155    32.3462    32.3456 0.0000e+00
     68.000    -1.6179    -1.6183   2.578635   2.578574    389.431    382.212     0.1747     0.1044     0.1798    291.980   78.83650   -5.54504  15.379307    32.3637    32.3632 0.0000e+00
     69.000    -1.6143    -1.6145   2.580028   2.579961    389.689    381.984     0.1753     0.0989     0.1797    292.758   78.83650   -5.54504  15.332246    32.3784    32.3776 0.0000e+00
     70.000    -1.6083    -1.6074   2.583427   2.583384    389.158    381.189     0.1758     0.0906     0.1799    293.574   78.83650   -5.54504  15.159444    32.4181    32.4166 0.0000e+00
     71.000    -1.6418    -1.6411   2.583586   2.583530    389.447    381.044     0.1764     0.0810     0.1800    294.471   78.83650   -5.54504  15.379958    32.4562    32.4547 0.0000e+00
     72.000    -1.6514    -1.6512   2.585417   2.585345    387.957    379.562     0.1770     0.0779     0.1805    295.515   78.83650   -5.54506  15.712888    32.4914    32.4903 0.0000e+00
     73.000    -1.6405    -1.6410   2.588975   2.588860    385.691    377.819     0.1776     0.0828     0.1800    296.724   78.83650   -5.54507  15.864636    32.5281    32.5270 0.0000e+00
     74.000    -1.6490    -1.6485   2.591286   2.591197    385.288    377.822     0.1782     0.0867     0.1798    297.927   78.83650   -5.54508  15.765631    32.5686    32.5669 0.0000e+00
     75.000    -1.6472    -1.6481   2.594759   2.594569    384.811    376.994     0.1787     0.0905     0.1793    298.976   78.83650   -5.54509  15.811969    32.6141    32.6124 0.0000e+00
     76.000    -1.6386    -1.6390   2.598651   2.598559    383.052    375.617     0.1792     0.0832     0.1795    299.883   78.83650   -5.54511  15.969011    32.6578    32.6570 0.0000e+00
     77.000    -1.6311    -1.6312   2.600749   2.600692    381.869    374.889     0.1797     0.0621     0.1791    300.708   78.83650   -5.54512  15.430151    32.6779    32.6773 0.0000e+00
     78.000    -1.6328    -1.6328   2.603181   2.603080    381.961    374.453     0.1802     0.0671     0.1790    301.506   78.83650   -5.54512  15.882153    32.7128    32.7115 0.0000e+00
     79.000    -1.6346    -1.6346   2.606468   2.606375    381.593    373.921     0.1806     0.0646     0.1782    302.321   78.83650   -5.54514  16.128716    32.7596    32.7583 0.0000e+00
     80.000    -1.6294    -1.6299   2.608422   2.608366    380.907    373.007     0.1809     0.0609     0.1774    303.203   78.83650   -5.54514  16.181125    32.7803    32.7801 0.0000e+00
     81.000    -1.6147    -1.6154   2.610958   2.610878    379.792    371.887     0.1812     0.0629     0.1767    304.210   78.83650   -5.54514  16.807043    32.7984    32.7982 0.0000e+00
     82.000    -1.6128    -1.6128   2.612804   2.612707    378.923    370.983     0.1815     0.0706     0.1758    305.379   78.83650   -5.54516  15.874167    32.8213    32.8199 0.0000e+00
     83.000    -1.6178    -1.6179   2.614496   2.614449    377.937    370.679     0.1817     0.0722     0.1749    306.606   78.83650   -5.54517  16.492444    32.8496    32.8490 0.0000e+00
     84.000    -1.6201    -1.6196   2.616065   2.615974    376.244    369.891     0.1818     0.0718     0.1759    307.729   78.83650   -5.54518  16.002299    32.8732    32.8714 0.0000e+00
     85.000    -1.5864    -1.5908   2.623465   2.623049    375.108    369.016     0.1819     0.0704     0.1759    308.709   78.83650   -5.54519  16.184974    32.9375    32.9367 0.0000e+00
     86.000    -1.5528    -1.5534   2.629480   2.629388    374.609    368.434     0.1819     0.0609     0.1755    309.581   78.83650   -5.54520  16.114034    32.9826    32.9821 0.0000e+00
