test_project/cnv_files/Sta0223_bin.cnv
* Sea-Bird SBE 9 Data File:
* FileName = C:\Seabird\CTDDATA\Sta0223.hex
* Software Version Seasave V 7.26.7.107
* Temperature SN = 03-4535
* Conductivity SN = 2860
* Number of Bytes Per Scan = 44
* Number of Voltage Words = 5
* Number of Scans Averaged by the Deck Unit = 1
* NMEA Latitude = 78 10.74 N
* NMEA Longitude = 015 42.49 W
* NMEA UTC (Time) = Sep 08 2019 00:25:10
* NMEA baud rate = 9600
** Ship: "Kronprins Haakon"
** Station: 0223
** Echodepth: 362
** Log: 6062.798
** Wind-Dir Force(m/s): 24 07
** Air-temp (dry): -2.1
** Weather Sky: 0 1
** Sea Ice: 1 4
# nquan = 17
# nvalues = 352                         
# units = specified
# name 0 = prDM: Pressure, Digiquartz [db]
# name 1 = t090C: Temperature [ITS-90, deg C]
# name 2 = t190C: Temperature, 2 [ITS-90, deg C]
# name 3 = c0S/m: Conductivity [S/m]
# name 4 = c1S/m: Conductivity, 2 [S/m]
# name 5 = sbox0Mm/Kg: Oxygen, SBE 43 [umol/kg]
# name 6 = sbox1Mm/Kg: Oxygen, SBE 43, 2 [umol/kg]
# name 7 = wetCDOM: Fluorescence, WET Labs CDOM [mg/m^3]
# name 8 = flECO-AFL: Fluorescence, WET Labs ECO-AFL/FL [mg/m^3]
# name 9 = CStarAt0: Beam Attenuation, WET Labs C-Star [1/m]
# name 10 = timeS: Time, Elapsed [seconds]
# name 11 = latitude: Latitude [deg]
# name 12 = longitude: Longitude [deg]
# name 13 = upoly0: Upoly 0, ISUS
# name 14 = sal00: Salinity, Practical [PSU]
# name 15 = sal11: Salinity, Practical, 2 [PSU]
# name 16 = flag: flag
# span 0 =      2.000,    353.000       
# span 1 =    -1.6599,     1.8737       
# span 2 =    -1.6600,     1.8740       
# span 3 =   2.415697,   3.071673       
# span 4 =   2.414705,   3.071638       
# span 5 =    306.903,    425.420       
# span 6 =    302.363,    417.935       
# span 7 =     0.1142,     0.1791       
# span 8 =    -0.0007,     2.5376       
# span 9 =     0.1358,     0.3597       
# span 10 =     66.902,    433.839      
# span 11 =   78.17900,   78.17900      
# span 12 =  -15.70822,  -15.70818      
# span 13 =  12.959657,  25.467039      
# span 14 =    29.5011,    34.9012      
# span 15 =    29.4876,    34.9007      
# span 16 = 0.0000e+00, 0.0000e+00      
# interval = decibars: 1                
# start_time = Sep 08 2019 00:25:10 [NMEA time, header]
# bad_flag = -9.990e-29
*END*
      2.000    -0.9561    -0.9565   2.417350   2.417333    397.745    394.083     0.1263     0.1518     0.2041     66.902   78.17900  -15.70820  12.959657    29.5246    29.5247 0.0000e+00
      3.000    -0.9566    -0.9567   2.415697   2.415304    398.822    394.511     0.1289     0.1504     0.2087     68.516   78.17900  -15.70820  13.111545    29.5023    29.4972 0.0000e+00
      4.000    -0.9559    -0.9565   2.416933   2.416631    399.615    394.335     0.1319     0.1504     0.2045     70.130   78.17900  -15.70820  13.189944    29.5177    29.5142 0.0000e+00
      5.000    -0.9532    -0.9562   2.416301   2.414705    400.029    393.459     0.1343     0.1481     0.2061     71.504   78.17900  -15.70820  13.521977    29.5059    29.4876 0.0000e+00
      6.000    -0.9467    -0.9487   2.417624   2.417421    400.188    392.847     0.1359     0.1553     0.2058     72.870   78.17900  -15.70820  13.455970    29.5167    29.5160 0.0000e+00
      7.000    -0.9483    -0.9477   2.417500   2.417299    400.934    393.072     0.1325     0.1641     0.2003     74.047   78.17900  -15.70820  13.191878    29.5161    29.5128 0.0000e+00
      8.000    -0.9521    -0.9488   2.416144   2.416723    401.195    392.558     0.1321     0.1496     0.2010     75.091   78.17900  -15.70820  13.149292    29.5011    29.5057 0.0000e+00
      9.000    -0.9507    -0.9502   2.418530   2.416860    401.452    393.081     0.1314     0.1387     0.2006     76.143   78.17900  -15.70820  13.259047    29.5311    29.5083 0.0000e+00
     10.000    -0.9487    -0.9502   2.418986   2.417994    401.700    393.470     0.1305     0.1438     0.2007     77.195   78.17900  -15.70820  13.491642    29.5347    29.5229 0.0000e+00
     11.000    -0.9505    -0.9495   2.420070   2.418900    402.085    393.661     0.1297     0.1530     0.2012     78.233   78.17900  -15.70820  13.476956    29.5505    29.5339 0.0000e+00
     12.000    -0.9457    -0.9464   2.421889   2.421059    402.169    394.412     0.1292     0.1494     0.2005     79.282   78.17900  -15.70820  13.494439    29.5695    29.5591 0.0000e+00
     13.000    -0.9541    -0.9540   2.421871   2.421873    402.783    394.535     0.1294     0.1546     0.1994     80.329   78.17900  -15.70820  13.396367    29.5770    29.5770 0.0000e+00
     14.000    -0.9587    -0.9582   2.420699   2.420522    403.242    394.603     0.1302     0.1485     0.1991     81.378   78.17900  -15.70820  13.063980    29.5653    29.5625 0.0000e+00
     15.000    -0.9672    -0.9668   2.426309   2.426163    402.692    394.987     0.1317     0.1602     0.2002     82.428   78.17900  -15.70820  13.055733    29.6482    29.6459 0.0000e+00
     16.000    -0.9852    -0.9854   2.457550   2.457280    402.029    394.048     0.1337     0.1505     0.2006     83.478   78.17900  -15.70820  13.380053    30.0848    30.0813 0.0000e+00
     17.000    -0.9877    -0.9879   2.468483   2.468634    401.565    393.574     0.1360     0.1841     0.1998     84.537   78.17900  -15.70820  13.210562    30.2336    30.2357 0.0000e+00
     18.000    -0.9869    -0.9874   2.471862   2.471725    402.643    394.494     0.1384     0.1990     0.2006     85.591   78.17900  -15.70820  13.243440    30.2776    30.2762 0.0000e+00
     19.000    -0.9764    -0.9766   2.487134   2.487095    406.179    396.539     0.1408     0.2011     0.2017     86.640   78.17900  -15.70820  13.245839    30.4717    30.4714 0.0000e+00
     20.000    -0.9417    -0.9422   2.516565   2.516811    409.321    398.885     0.1434     0.2214     0.2040     87.690   78.17900  -15.70820  13.528280    30.8316    30.8353 0.0000e+00
     21.000    -0.9144    -0.9161   2.533624   2.533122    411.418    401.205     0.1464     0.2673     0.2087     88.736   78.17900  -15.70820  13.764741    31.0324    31.0274 0.0000e+00
     22.000    -0.8691    -0.8711   2.555992   2.555302    413.516    403.105     0.1490     0.3175     0.2117     89.785   78.17900  -15.70820  13.433920    31.2858    31.2785 0.0000e+00
     23.000    -0.8883    -0.8847   2.564383   2.563928    417.572    407.610     0.1514     0.3785     0.2204     90.846   78.17900  -15.70820  13.705088    31.4182    31.4083 0.0000e+00
     24.000    -0.9237    -0.9250   2.580372   2.579959    419.963    411.176     0.1534     0.4379     0.2198     91.920   78.17900  -15.70820  13.514218    31.6702    31.6659 0.0000e+00
     25.000    -0.9401    -0.9365   2.580023   2.577300    423.448    415.601     0.1552     0.4628     0.2365     94.334   78.17900  -15.70820  13.630050    31.6821    31.6416 0.0000e+00
     26.000    -0.9733    -0.9674   2.578598   2.578859    425.420    417.935     0.1567     0.5044     0.2439     96.992   78.17900  -15.70820  13.465450    31.6974    31.6947 0.0000e+00
     27.000    -1.0837    -1.0830   2.579095   2.579032    424.297    417.605     0.1580     0.5706     0.2484     98.150   78.17900  -15.70820  13.560104    31.8203    31.8186 0.0000e+00
     28.000    -1.0649    -1.0623   2.583544   2.583563    421.009    415.059     0.1591     0.6967     0.2579     99.157   78.17900  -15.70820  13.741098    31.8600    31.8575 0.0000e+00
     29.000    -1.1495    -1.1466   2.580955   2.580961    422.919    415.642     0.1599     0.8088     0.2640    100.171   78.17900  -15.70820  13.983974    31.9143    31.9113 0.0000e+00
     30.000    -1.1994    -1.1980   2.580670   2.580657    424.050    414.083     0.1605     0.9050     0.2662    101.194   78.17900  -15.70820  13.232401    31.9630    31.9614 0.0000e+00
     31.000    -1.2284    -1.2274   2.581019   2.581004    422.936    412.813     0.1609     0.9562     0.2712    102.240   78.17900  -15.70820  13.996095    31.9983    31.9970 0.0000e+00
     32.000    -1.2699    -1.2686   2.580366   2.580345    422.790    411.441     0.1615     1.0126     0.2714    103.291   78.17900  -15.70820  14.079843    32.0332    32.0315 0.0000e+00
     33.000    -1.3102    -1.3091   2.580189   2.580177    420.934    408.834     0.1626     1.1222     0.2728    104.349   78.17900  -15.70820  14.627265    32.0733    32.0721 0.0000e+00
     34.000    -1.3318    -1.3318   2.580598   2.580593    418.436    406.741     0.1637     1.2105     0.2756    105.400   78.17900  -15.70820  14.421605    32.1016    32.1016 0.0000e+00
     35.000    -1.3534    -1.3527   2.580918   2.580893    417.239    405.417     0.1648     1.5313     0.2814    106.448   78.17900  -15.70820  14.623977    32.1286    32.1275 0.0000e+00
     36.000    -1.3772    -1.3769   2.580423   2.580400    417.093    404.857     0.1658     2.5376     0.2885    107.484   78.17900  -15.70820  14.761592    32.1469    32.1462 0.0000e+00
     37.000    -1.4068    -1.4055   2.578991   2.578951    418.860    406.509     0.1668     2.5121     0.2988    108.509   78.17900  -15.70820  14.443710    32.1585    32.1566 0.0000e+00
     38.000    -1.4669    -1.4659   2.575383   2.575374    423.167    410.457     0.1678     2.3879     0.3174    109.526   78.17900  -15.70820  14.109808    32.1733    32.1722 0.0000e+00
     39.000    -1.5008    -1.5003   2.574153   2.574143    424.854    412.714     0.1687     1.7996     0.3449    110.540   78.17900  -15.70820  14.239388    32.1925    32.1918 0.0000e+00
     40.000    -1.5185    -1.5181   2.573856   2.573845    425.157    412.781     0.1696     1.1427     0.3597    111.557   78.17900  -15.70820  14.826067    32.2070    32.2064 0.0000e+00
     41.000    -1.5222    -1.5224   2.574655   2.574641    422.353    408.992     0.1704     0.7797     0.3579    112.581   78.17900  -15.70820  16.011196    32.2214    32.2214 0.0000e+00
     42.000    -1.5263    -1.5264   2.575115   2.575109    414.305    402.019     0.1712     0.6788     0.3522    113.618   78.17900  -15.70820  14.685980    32.2315    32.2315 0.0000e+00
     43.000    -1.5366    -1.5364   2.575274   2.575270    406.600    395.616     0.1720     0.6588     0.3366    114.668   78.17900  -15.70820  15.935361    32.2442    32.2439 0.0000e+00
     44.000    -1.5531    -1.5528   2.575535   2.575530    401.982    392.221     0.1727     0.5851     0.3102    115.724   78.17900  -15.70820  15.908716    32.2651    32.2647 0.0000e+00
     45.000    -1.5647    -1.5648   2.575648   2.575642    399.585    391.023     0.1733     0.5069     0.2734    116.782   78.17900  -15.70820  15.792309    32.2786    32.2786 0.0000e+00
     46.000    -1.5675    -1.5675   2.576128   2.576110    398.521    390.122     0.1739     0.4624     0.2579    117.826   78.17900  -15.70820  16.131097    32.2877    32.2875 0.0000e+00
     47.000    -1.5771    -1.5770   2.576060   2.576044    397.468    389.017     0.1744     0.4427     0.2495    118.861   78.17900  -15.70820  16.049880    32.2966    32.2962 0.0000e+00
     48.000    -1.5871    -1.5871   2.575993   2.575987    396.844    388.186     0.1749     0.4021     0.2403    119.890   78.17900  -15.70820  15.441670    32.3060    32.3058 0.0000e+00
     49.000    -1.5952    -1.5951   2.576085   2.576074    396.238    387.386     0.1754     0.3510     0.2316    120.908   78.17900  -15.70820  15.657961    32.3155    32.3151 0.0000e+00
     50.000    -1.6086    -1.6084   2.575969   2.575967    395.901    387.206     0.1758     0.3284     0.2214    121.930   78.17900  -15.70820  16.703062    32.3278    32.3275 0.0000e+00
     51.000    -1.6159    -1.6158   2.576448   2.576446    395.199    386.522     0.1762     0.3070     0.2098    122.959   78.17900  -15.70820  17.159773    32.3416    32.3416 0.0000e+00
     52.000    -1.6275    -1.6272   2.576337   2.576330    394.432    385.907     0.1766     0.3048     0.2048    123.990   78.17900  -15.70820  16.508523    32.3522    32.3518 0.0000e+00
     53.000    -1.6397    -1.6396   2.576139   2.576140    394.076    385.534     0.1769     0.2477     0.1998    125.023   78.17900  -15.70820  16.703460    32.3621    32.3621 0.0000e+00
     54.000    -1.6447    -1.6448   2.576612   2.576619    394.345    385.070     0.1772     0.2199     0.1944    126.076   78.17900  -15.70820  16.274785    32.3736    32.3737 0.0000e+00
     55.000    -1.6440    -1.6444   2.578178   2.578164    393.677    384.418     0.1775     0.1992     0.1918    127.127   78.17900  -15.70820  16.712736    32.3938    32.3940 0.0000e+00
     56.000    -1.6437    -1.6434   2.579398   2.579392    392.344    382.760     0.1778     0.1856     0.1886    128.163   78.17900  -15.70820  16.882020    32.4096    32.4093 0.0000e+00
     57.000    -1.6518    -1.6517   2.579604   2.579599    390.707    381.298     0.1781     0.1782     0.1860    129.184   78.17900  -15.70820  16.788456    32.4208    32.4205 0.0000e+00
     58.000    -1.6543    -1.6545   2.580649   2.580628    389.434    380.942     0.1783     0.1835     0.1835    130.205   78.17900  -15.70820  17.189038    32.4373    32.4372 0.0000e+00
     59.000    -1.6553    -1.6554   2.582188   2.582184    389.587    381.244     0.1785     0.1646     0.1821    131.227   78.17900  -15.70820  17.517585    32.4591    32.4591 0.0000e+00
     60.000    -1.6599    -1.6600   2.582996   2.582989    389.155    380.425     0.1786     0.1485     0.1813    132.257   78.17900  -15.70820  16.743691    32.4746    32.4746 0.0000e+00
     61.000    -1.6580    -1.6584   2.584010   2.583993    387.648    378.616     0.1787     0.1403     0.1790    133.298   78.17900  -15.70820  16.750303    32.4859    32.4862 0.0000e+00
     62.000    -1.6578    -1.6580   2.585796   2.585784    386.472    377.426     0.1788     0.1323     0.1772    134.347   78.17900  -15.70820  16.368663    32.5099    32.5098 0.0000e+00
     63.000    -1.6573    -1.6574   2.588321   2.588305    386.057    377.537     0.1789     0.1214     0.1752    135.408   78.17900  -15.70820  16.723345    32.5435    32.5434 0.0000e+00
     64.000    -1.6545    -1.6548   2.590322   2.590323    385.787    377.519     0.1790     0.1125     0.1737    136.460   78.17900  -15.70820  17.034550    32.5675    32.5679 0.0000e+00
     65.000    -1.6502    -1.6506   2.592191   2.592175    384.799    376.686     0.1791     0.1057     0.1722    137.500   78.17900  -15.70820  17.267440    32.5881    32.5882 0.0000e+00
     66.000    -1.6491    -1.6493   2.594099   2.594084    383.784    375.440     0.1791     0.1071     0.1704    138.529   78.17900  -15.70820  17.411892    32.6126    32.6126 0.0000e+00
     67.000    -1.6475    -1.6477   2.596094   2.596085    383.085    374.830     0.1791     0.1102     0.1694    139.548   78.17900  -15.70820  17.387253    32.6378    32.6379 0.0000e+00
     68.000    -1.6479    -1.6480   2.597898   2.597883    382.828    374.559     0.1791     0.1066     0.1681    140.567   78.17900  -15.70820  17.297709    32.6626    32.6625 0.0000e+00
     69.000    -1.6485    -1.6487   2.600309   2.600286    382.294    374.048     0.1791     0.1024     0.1671    141.594   78.17900  -15.70820  17.674156    32.6959    32.6959 0.0000e+00
     70.000    -1.6466    -1.6468   2.602618   2.602607    381.195    373.609     0.1791     0.0996     0.1667    142.630   78.17900  -15.70820  17.417285    32.7251    32.7252 0.0000e+00
     71.000    -1.6457    -1.6460   2.604631   2.604589    380.508    373.065     0.1791     0.0932     0.1666    143.680   78.17900  -15.70820  17.989344    32.7513    32.7511 0.0000e+00
     72.000    -1.6437    -1.6439   2.606219   2.606214    379.855    372.064     0.1790     0.0828     0.1663    144.734   78.17900  -15.70820  17.923102    32.7705    32.7706 0.0000e+00
     73.000    -1.6383    -1.6386   2.607903   2.607883    378.494    371.039     0.1789     0.0829     0.1653    145.793   78.17900  -15.70820  17.910424    32.7872    32.7872 0.0000e+00
     74.000    -1.6349    -1.6351   2.609189   2.609174    378.576    370.458     0.1788     0.0816     0.1648    146.836   78.17900  -15.70820  17.536853    32.8007    32.8007 0.0000e+00
     75.000    -1.6354    -1.6355   2.611455   2.611432    377.929    369.996     0.1787     0.0767     0.1636    147.871   78.17900  -15.70820  17.543226    32.8319    32.8317 0.0000e+00
     76.000    -1.6343    -1.6347   2.614384   2.614369    377.527    369.810     0.1785     0.0818     0.1628    148.890   78.17900  -15.70820  17.649442    32.8706    32.8708 0.0000e+00
     77.000    -1.6245    -1.6248   2.617482   2.617449    377.184    369.275     0.1783     0.0763     0.1627    149.902   78.17900  -15.70820  17.751283    32.9019    32.9019 0.0000e+00
     78.000    -1.6226    -1.6230   2.621218   2.621196    376.964    368.538     0.1781     0.0815     0.1625    150.922   78.17900  -15.70820  17.905460    32.9509    32.9510 0.0000e+00
     79.000    -1.6142    -1.6146   2.624490   2.624464    376.356    368.010     0.1779     0.0704     0.1618    151.951   78.17900  -15.70820  17.579846    32.9862    32.9863 0.0000e+00
     80.000    -1.6120    -1.6123   2.626152   2.626102    375.563    367.344     0.1777     0.0685     0.1615    152.990   78.17900  -15.70820  18.057165    33.0061    33.0058 0.0000e+00
     81.000    -1.6091    -1.6093   2.630743   2.630692    374.449    366.910     0.1775     0.0793     0.1614    154.044   78.17900  -15.70820  17.315888    33.0657    33.0653 0.0000e+00
     82.000    -1.6036    -1.6041   2.635982   2.635946    373.176    365.951     0.1773     0.0717     0.1612    155.104   78.17900  -15.70820  18.203156    33.1314    33.1315 0.0000e+00
     83.000    -1.5973    -1.5976   2.638826   2.638794    372.388    364.893     0.1770     0.0574     0.1614    156.171   78.17900  -15.70820  18.367519    33.1631    33.1630 0.0000e+00
     84.000    -1.5965    -1.5966   2.641004   2.640981    371.761    364.246     0.1768     0.0480     0.1609    157.220   78.17900  -15.70820  18.342263    33.1917    33.1915 0.0000e+00
     85.000    -1.5938    -1.5941   2.642654   2.642623    371.081    363.478     0.1765     0.0452     0.1602    158.253   78.17900  -15.70820  18.338073    33.2110    33.2108 0.0000e+00
     86.000    -1.5962    -1.5965   2.643654   2.643621    369.996    362.750     0.1763     0.0454     0.1603    159.275   78.17900  -15.70820  18.264904    33.2268    33.2267 0.0000e+00
