test_project/cnv_files/sta0195_bin.cnv
* Sea-Bird SBE 9 Data File:
* FileName = C:\Seabird\CTDDATA\Sta0195.hex
* Software Version Seasave V 7.26.7.107
* Temperature SN = 03-4535
* Conductivity SN = 2860
* Number of Bytes Per Scan = 44
* Number of Voltage Words = 5
* Number of Scans Averaged by the Deck Unit = 1
* NMEA Latitude = 78 49.98 N
* NMEA Longitude = 001 00.14 W
* NMEA UTC (Time) = Sep 02 2019 13:35:34
* NMEA baud rate = 9600
** Ship: "Kronprins Haakon"
** Station: 195
** Echodepth: 2474
** Log: 5715.946
** Wind-Dir Force(m/s): 04 31
** Air-temp (dry): 0.0
** Weather Sky: 2 8
** Sea Ice: 4 0
# nquan = 16
# nvalues = 2549                        
# units = specified
# name 0 = prDM: Pressure, Digiquartz [db]
# name 1 = t090C: Temperature [ITS-90, deg C]
# name 2 = t190C: Temperature, 2 [ITS-90, deg C]
# name 3 = c0S/m: Conductivity [S/m]
# name 4 = c1S/m: Conductivity, 2 [S/m]
# name 5 = sbox0Mm/Kg: Oxygen, SBE 43 [umol/kg]
# name 6 = sbox1Mm/Kg: Oxygen, SBE 43, 2 [umol/kg]
# name 7 = wetCDOM: Fluorescence, WET Labs CDOM [mg/m^3]
# name 8 = flECO-AFL: Fluorescence, WET Labs ECO-AFL/FL [mg/m^3]
# name 9 = CStarAt0: Beam Attenuation, WET Labs C-Star [1/m]
# name 10 = timeS: Time, Elapsed [seconds]
# name 11 = latitude: Latitude [deg]
# name 12 = longitude: Longitude [deg]
# name 13 = sal00: Salinity, Practical [PSU]
# name 14 = sal11: Salinity, Practical, 2 [PSU]
# name 15 = flag: flag
# span 0 =      1.000,   2549.000       
# span 1 =    -1.7739,     3.2411       
# span 2 =    -1.7744,     3.2408       
# span 3 =   2.588759,   3.193207       
# span 4 =   2.588655,   3.193077       
# span 5 =    291.334,    461.823       
# span 6 =    303.536,    406.588       
# span 7 =     0.0996,     0.1749       
# span 8 =    -0.0063,     1.1393       
# span 9 =     0.1048,     1.2006       
# span 10 =    255.635,   2848.613      
# span 11 =   78.83296,   78.83304      
# span 12 =   -1.00274,   -1.00216      
# span 13 =    31.2384,    34.9700      
# span 14 =    31.2382,    34.9688      
# span 15 = 0.0000e+00, 0.0000e+00      
# interval = decibars: 1                
# start_time = Sep 02 2019 13:35:34 [NMEA time, header]
# bad_flag = -9.990e-29
*END*
[from data line 2441]
   2442.000    -0.7079    -0.7080   2.941586   2.941688    307.132    304.321     0.1162     0.0075     0.1126   2725.904   78.83296   -1.00251    34.9163    34.9177 0.0000e+00
   2443.000    -0.7082    -0.7084   2.941599   2.941699    306.842    304.712     0.1163     0.0096     0.1127   2726.877   78.83296   -1.00250    34.9163    34.9178 0.0000e+00
   2444.000    -0.7088    -0.7088   2.941604   2.941711    307.067    304.901     0.1163     0.0096     0.1127   2727.846   78.83296   -1.00250    34.9164    34.9178 0.0000e+00
   2445.000    -0.7087    -0.7089   2.941645   2.941731    307.535    304.452     0.1164     0.0047     0.1125   2728.829   78.83296   -1.00250    34.9164    34.9178 0.0000e+00
   2446.000    -0.7088    -0.7089   2.941674   2.941772    307.020    304.124     0.1164     0.0004     0.1131   2729.832   78.83296   -1.00250    34.9163    34.9178 0.0000e+00
   2447.000    -0.7089    -0.7090   2.941702   2.941809    307.663    304.968     0.1164     0.0036     0.1128   2730.842   78.83296   -1.00250    34.9163    34.9179 0.0000e+00
   2448.000    -0.7089    -0.7089   2.941749   2.941843    307.493    304.338     0.1165     0.0070     0.1125   2731.850   78.83296   -1.00250    34.9164    34.9177 0.0000e+00
   2449.000    -0.7090    -0.7091   2.941789   2.941878    306.740    304.720     0.1165     0.0009     0.1125   2732.850   78.83296   -1.00250    34.9166    34.9179 0.0000e+00
   2450.000    -0.7093    -0.7093   2.941800   2.941908    306.675    304.469     0.1165    -0.0013     0.1123   2733.837   78.83296   -1.00250    34.9165    34.9179 0.0000e+00
   2451.000    -0.7092    -0.7093   2.941847   2.941950    307.130    303.827     0.1166    -0.0012     0.1126   2734.821   78.83296   -1.00250    34.9165    34.9180 0.0000e+00
   2452.000    -0.7091    -0.7091   2.941900   2.942003    307.007    304.363     0.1165    -0.0008     0.1124   2735.814   78.83296   -1.00250    34.9166    34.9179 0.0000e+00
   2453.000    -0.7091    -0.7092   2.941932   2.942032    307.271    304.530     0.1165    -0.0001     0.1128   2736.812   78.83296   -1.00250    34.9165    34.9179 0.0000e+00
   2454.000    -0.7092    -0.7093   2.941961   2.942058    307.348    304.787     0.1165    -0.0002     0.1130   2737.796   78.83297   -1.00249    34.9165    34.9179 0.0000e+00
   2455.000    -0.7091    -0.7092   2.942019   2.942117    307.100    304.658     0.1165     0.0059     0.1124   2738.768   78.83298   -1.00248    34.9166    34.9181 0.0000e+00
   2456.000    -0.7090    -0.7090   2.942069   2.942166    306.599    304.143     0.1164     0.0095     0.1125   2739.746   78.83298   -1.00248    34.9166    34.9179 0.0000e+00
   2457.000    -0.7091    -0.7092   2.942094   2.942199    307.133    304.557     0.1164     0.0094     0.1130   2740.744   78.83298   -1.00249    34.9166    34.9180 0.0000e+00
   2458.000    -0.7092    -0.7092   2.942129   2.942230    306.822    304.667     0.1163     0.0088     0.1128   2741.766   78.83298   -1.00250    34.9166    34.9179 0.0000e+00
   2459.000    -0.7091    -0.7092   2.942171   2.942271    306.889    304.109     0.1163     0.0069     0.1124   2742.771   78.83298   -1.00250    34.9166    34.9180 0.0000e+00
   2460.000    -0.7089    -0.7090   2.942236   2.942329    307.066    304.429     0.1163     0.0000     0.1127   2743.756   78.83298   -1.00250    34.9167    34.9180 0.0000e+00
   2461.000    -0.7088    -0.7089   2.942278   2.942379    306.270    304.641     0.1163    -0.0017     0.1131   2744.742   78.83298   -1.00250    34.9166    34.9180 0.0000e+00
   2462.000    -0.7089    -0.7090   2.942312   2.942413    307.230    304.828     0.1162    -0.0006     0.1129   2745.837   78.83298   -1.00250    34.9167    34.9181 0.0000e+00
   2463.000    -0.7091    -0.7092   2.942324   2.942415    306.886    304.817     0.1162     0.0005     0.1128   2747.425   78.83298   -1.00250    34.9165    34.9178 0.0000e+00
   2464.000    -0.7088    -0.7088   2.942387   2.942477    305.481    304.550     0.1162    -0.0007     0.1126   2749.556   78.83298   -1.00250    34.9165    34.9177 0.0000e+00
   2465.000    -0.7089    -0.7089   2.942426   2.942530    304.869    304.510     0.1162     0.0045     0.1124   2750.721   78.83298   -1.00250    34.9166    34.9180 0.0000e+00
   2466.000    -0.7091    -0.7091   2.942454   2.942551    306.094    304.684     0.1161     0.0093     0.1122   2751.711   78.83298   -1.00250    34.9166    34.9180 0.0000e+00
   2467.000    -0.7091    -0.7090   2.942506   2.942611    306.011    304.183     0.1161     0.0096     0.1127   2752.679   78.83298   -1.00250    34.9168    34.9181 0.0000e+00
   2468.000    -0.7094    -0.7094   2.942525   2.942632    306.798    304.330     0.1161     0.0068     0.1133   2753.668   78.83298   -1.00250    34.9169    34.9183 0.0000e+00
   2469.000    -0.7098    -0.7098   2.942541   2.942639    307.100    304.633     0.1160     0.0005     0.1126   2754.682   78.83298   -1.00250    34.9170    34.9183 0.0000e+00
   2470.000    -0.7097    -0.7099   2.942577   2.942674    307.099    304.738     0.1159    -0.0009     0.1123   2755.732   78.83298   -1.00250    34.9169    34.9183 0.0000e+00
   2471.000    -0.7098    -0.7098   2.942610   2.942717    306.964    304.701     0.1159     0.0031     0.1124   2756.783   78.83298   -1.00250    34.9169    34.9184 0.0000e+00
   2472.000    -0.7099    -0.7099   2.942650   2.942753    306.909    304.377     0.1158     0.0192     0.1128   2757.815   78.83298   -1.00250    34.9170    34.9184 0.0000e+00
   2473.000    -0.7098    -0.7099   2.942699   2.942797    306.537    304.017     0.1157     0.0020     0.1125   2758.836   78.83298   -1.00250    34.9171    34.9185 0.0000e+00
   2474.000    -0.7099    -0.7100   2.942727   2.942829    306.685    304.320     0.1155     0.0016     0.1127   2759.854   78.83298   -1.00250    34.9170    34.9185 0.0000e+00
   2475.000    -0.7100    -0.7102   2.942758   2.942862    306.485    304.560     0.1154     0.0077     0.1131   2760.880   78.83298   -1.00251    34.9171    34.9186 0.0000e+00
   2476.000    -0.7101    -0.7102   2.942786   2.942890    306.471    304.633     0.1153     0.0012     0.1126   2761.923   78.83298   -1.00252    34.9170    34.9185 0.0000e+00
   2477.000    -0.7104    -0.7104   2.942811   2.942920    306.555    304.713     0.1152     0.0069     0.1128   2762.967   78.83298   -1.00252    34.9171    34.9186 0.0000e+00
   2478.000    -0.7103    -0.7104   2.942863   2.942954    306.595    304.580     0.1151     0.0022     0.1124   2764.013   78.83298   -1.00252    34.9172    34.9185 0.0000e+00
   2479.000    -0.7106    -0.7107   2.942873   2.942968    307.183    304.341     0.1150    -0.0008     0.1127   2765.053   78.83298   -1.00252    34.9172    34.9185 0.0000e+00
   2480.000    -0.7104    -0.7105   2.942941   2.943036    307.193    304.891     0.1149    -0.0013     0.1129   2766.078   78.83298   -1.00252    34.9173    34.9186 0.0000e+00
   2481.000    -0.7101    -0.7102   2.942999   2.943095    306.653    304.256     0.1148     0.0005     0.1123   2767.118   78.83298   -1.00252    34.9172    34.9187 0.0000e+00
   2482.000    -0.7098    -0.7098   2.943088   2.943187    306.564    304.623     0.1148    -0.0005     0.1126   2768.224   78.83298   -1.00252    34.9175    34.9189 0.0000e+00
   2483.000    -0.7104    -0.7106   2.943077   2.943161    306.844    304.299     0.1148    -0.0003     0.1123   2769.383   78.83298   -1.00252    34.9176    34.9189 0.0000e+00
   2484.000    -0.7110    -0.7112   2.943069   2.943164    306.781    304.537     0.1148    -0.0001     0.1125   2770.574   78.83298   -1.00252    34.9176    34.9191 0.0000e+00
   2485.000    -0.7112    -0.7113   2.943090   2.943182    306.742    304.558     0.1148    -0.0003     0.1130   2771.781   78.83298   -1.00252    34.9176    34.9189 0.0000e+00
   2486.000    -0.7114    -0.7116   2.943122   2.943214    306.159    304.907     0.1148     0.0110     0.1127   2772.999   78.83298   -1.00252    34.9178    34.9191 0.0000e+00
   2487.000    -0.7114    -0.7115   2.943158   2.943256    306.700    304.561     0.1149    -0.0010     0.1125   2774.194   78.83298   -1.00252    34.9177    34.9191 0.0000e+00
   2488.000    -0.7110    -0.7111   2.943234   2.943339    306.764    304.276     0.1150     0.0023     0.1126   2775.369   78.83298   -1.00252    34.9177    34.9192 0.0000e+00
   2489.000    -0.7111    -0.7112   2.943268   2.943364    306.466    304.149     0.1151     0.0066     0.1127   2776.551   78.83298   -1.00252    34.9178    34.9191 0.0000e+00
   2490.000    -0.7112    -0.7113   2.943298   2.943397    306.437    304.328     0.1152     0.0000     0.1127   2777.750   78.83298   -1.00252    34.9178    34.9191 0.0000e+00
   2491.000    -0.7113    -0.7113   2.943338   2.943441    306.634    304.623     0.1153    -0.0003     0.1129   2778.969   78.83298   -1.00252    34.9178    34.9193 0.0000e+00
   2492.000    -0.7114    -0.7114   2.943370   2.943460    306.438    304.814     0.1154     0.0013     0.1134   2780.180   78.83298   -1.00252    34.9179    34.9191 0.0000e+00
   2493.000    -0.7114    -0.7115   2.943404   2.943504    306.143    304.631     0.1155     0.0011     0.1138   2781.393   78.83298   -1.00252    34.9178    34.9193 0.0000e+00
   2494.000    -0.7113    -0.7113   2.943462   2.943559    306.314    304.766     0.1156     0.0007     0.1130   2782.641   78.83298   -1.00253    34.9179    34.9193 0.0000e+00
   2495.000    -0.7110    -0.7111   2.943530   2.943629    306.493    304.693     0.1157     0.0082     0.1122   2783.911   78.83298   -1.00254    34.9180    34.9194 0.0000e+00
   2496.000    -0.7110    -0.7110   2.943576   2.943677    306.387    304.072     0.1158     0.0026     0.1130   2785.145   78.83298   -1.00254    34.9181    34.9194 0.0000e+00
   2497.000    -0.7119    -0.7123   2.943530   2.943612    305.833    304.230     0.1160     0.0099     0.1123   2786.334   78.83298   -1.00254    34.9180    34.9195 0.0000e+00
   2498.000    -0.7130    -0.7126   2.943471   2.943614    306.458    304.517     0.1161    -0.0000     0.1126   2787.525   78.83298   -1.00254    34.9180    34.9194 0.0000e+00
   2499.000    -0.7141    -0.7140   2.943397   2.943515    306.796    304.744     0.1162     0.0004     0.1126   2788.770   78.83298   -1.00255    34.9177    34.9191 0.0000e+00
   2500.000    -0.7154    -0.7155   2.943312   2.943407    306.841    304.623     0.1163    -0.0010     0.1124   2790.072   78.83298   -1.00256    34.9176    34.9189 0.0000e+00
   2501.000    -0.7153    -0.7154   2.943372   2.943464    306.357    304.512     0.1164     0.0062     0.1130   2791.338   78.83298   -1.00258    34.9177    34.9190 0.0000e+00
   2502.000    -0.7150    -0.7149   2.943443   2.943559    306.735    304.560     0.1166     0.0023     0.1123   2792.548   78.83298   -1.00258    34.9177    34.9192 0.0000e+00
   2503.000    -0.7150    -0.7151   2.943499   2.943591    306.770    304.061     0.1166     0.0130     0.1124   2793.715   78.83298   -1.00258    34.9179    34.9193 0.0000e+00
   2504.000    -0.7133    -0.7133   2.943703   2.943803    306.360    304.623     0.1167     0.0074     0.1123   2794.906   78.83298   -1.00258    34.9182    34.9196 0.0000e+00
   2505.000    -0.7131    -0.7132   2.943769   2.943872    306.653    304.358     0.1168     0.0004     0.1130   2796.168   78.83298   -1.00258    34.9183    34.9198 0.0000e+00
   2506.000    -0.7125    -0.7125   2.943874   2.943972    305.692    304.427     0.1168    -0.0004     0.1124   2797.482   78.83298   -1.00261    34.9186    34.9199 0.0000e+00
   2507.000    -0.7122    -0.7123   2.943949   2.944050    306.603    303.771     0.1169     0.0003     0.1124   2798.759   78.83298   -1.00263    34.9187    34.9201 0.0000e+00
   2508.000    -0.7139    -0.7140   2.943847   2.943952    306.146    304.322     0.1169     0.0013     0.1127   2799.961   78.83297   -1.00264    34.9188    34.9202 0.0000e+00
   2509.000    -0.7146    -0.7146   2.943834   2.943937    306.383    304.212     0.1170    -0.0011     0.1124   2801.125   78.83298   -1.00264    34.9188    34.9202 0.0000e+00
   2510.000    -0.7151    -0.7151   2.943832   2.943939    306.696    304.431     0.1170     0.0001     0.1125   2802.307   78.83298   -1.00262    34.9188    34.9203 0.0000e+00
   2511.000    -0.7154    -0.7155   2.943832   2.943937    306.495    304.641     0.1171    -0.0012     0.1125   2803.565   78.83297   -1.00264    34.9187    34.9202 0.0000e+00
   2512.000    -0.7183    -0.7182   2.943621   2.943715    306.320    304.676     0.1171    -0.0013     0.1123   2804.882   78.83296   -1.00265    34.9187    34.9198 0.0000e+00
   2513.000    -0.7195    -0.7196   2.943535   2.943634    306.491    304.713     0.1171     0.0031     0.1123   2806.170   78.83296   -1.00268    34.9184    34.9198 0.0000e+00
   2514.000    -0.7204    -0.7205   2.943509   2.943590    306.107    303.740     0.1172     0.0032     0.1122   2807.396   78.83296   -1.00268    34.9185    34.9197 0.0000e+00
   2515.000    -0.7211    -0.7213   2.943471   2.943558    306.225    303.853     0.1172    -0.0009     0.1129   2808.569   78.83296   -1.00268    34.9183    34.9196 0.0000e+00
   2516.000    -0.7212    -0.7211   2.943502   2.943612    306.463    304.597     0.1172    -0.0009     0.1131   2809.739   78.83296   -1.00268    34.9182    34.9197 0.0000e+00
   2517.000    -0.7214    -0.7213   2.943521   2.943637    306.720    304.537     0.1172    -0.0015     0.1122   2810.920   78.83296   -1.00268    34.9183    34.9197 0.0000e+00
   2518.000    -0.7215    -0.7216   2.943544   2.943647    306.461    304.190     0.1171    -0.0012     0.1123   2812.117   78.83296   -1.00270    34.9182    34.9196 0.0000e+00
   2519.000    -0.7232    -0.7228   2.943430   2.943572    306.464    304.506     0.1171    -0.0002     0.1126   2813.320   78.83296   -1.00270    34.9181    34.9195 0.0000e+00
   2520.000    -0.7228    -0.7223   2.943518   2.943680    306.375    303.902     0.1173     0.0076     0.1129   2814.500   78.83296   -1.00272    34.9182    34.9198 0.0000e+00
   2521.000    -0.7140    -0.7141   2.944411   2.944513    306.342    303.960     0.1176     0.0022     0.1128   2815.648   78.83296   -1.00272    34.9197    34.9210 0.0000e+00
   2522.000    -0.7139    -0.7140   2.944471   2.944578    306.221    304.267     0.1179     0.0072     0.1132   2816.781   78.83296   -1.00272    34.9198    34.9213 0.0000e+00
   2523.000    -0.7140    -0.7139   2.944500   2.944619    306.497    304.228     0.1183     0.0009     0.1133   2817.919   78.83296   -1.00272    34.9198    34.9212 0.0000e+00
   2524.000    -0.7148    -0.7148   2.944485   2.944588    306.335    303.837     0.1186     0.0045     0.1136   2819.084   78.83296   -1.00272    34.9199    34.9213 0.0000e+00
   2525.000    -0.7179    -0.7178   2.944242   2.944352    305.751    304.114     0.1186     0.0116     0.1138   2820.273   78.83296   -1.00272    34.9197    34.9210 0.0000e+00
   2526.000    -0.7198    -0.7199   2.944111   2.944209    306.413    304.044     0.1184     0.0054     0.1137   2821.458   78.83296   -1.00274    34.9195    34.9210 0.0000e+00
   2527.000    -0.7205    -0.7206   2.944086   2.944191    306.356    304.143     0.1180     0.0001     0.1145   2822.620   78.83296   -1.00274    34.9195    34.9210 0.0000e+00
   2528.000    -0.7209    -0.7211   2.944093   2.944183    306.389    304.150     0.1175    -0.0001     0.1142   2823.766   78.83296   -1.00274    34.9196    34.9210 0.0000e+00
   2529.000    -0.7218    -0.7220   2.944074   2.944160    306.688    304.354     0.1169     0.0057     0.1140   2824.921   78.83296   -1.00274    34.9199    34.9212 0.0000e+00
   2530.000    -0.7221    -0.7221   2.944126   2.944228    306.633    304.518     0.1165     0.0092     0.1141   2826.088   78.83296   -1.00274    34.9203    34.9217 0.0000e+00
   2531.000    -0.7222    -0.7222   2.944168   2.944270    306.729    304.333     0.1161     0.0097     0.1143   2827.251   78.83296   -1.00274    34.9205    34.9218 0.0000e+00
