test_project/cnv_files/sta0238_bin.cnv
* Sea-Bird SBE 9 Data File:
* FileName = C:\Seabird\CTDDATA\Sta0238.hex
* Software Version Seasave V 7.26.7.107
* Temperature SN = 03-4535
* Conductivity SN = 2860
* Number of Bytes Per Scan = 44
* Number of Voltage Words = 5
* Number of Scans Averaged by the Deck Unit = 1
* NMEA Latitude = 78 49.27 N
* NMEA Longitude = 004 01.32 W
* NMEA UTC (Time) = Sep 12 2019 14:28:48
* NMEA baud rate = 9600
** Ship: "Kronprins Haakon"
** Station: 0238
** Echodepth: 1842
** Log: 6357.27
** Wind-Dir Force(m/s): 03 28
** Air-temp (dry): -0.4
** Weather Sky: 7 8
** Sea Ice: 4 1
# nquan = 16
# nvalues = 1869                        
# units = specified
# name 0 = prDM: Pressure, Digiquartz [db]
# name 1 = t090C: Temperature [ITS-90, deg C]
# name 2 = t190C: Temperature, 2 [ITS-90, deg C]
# name 3 = c0S/m: Conductivity [S/m]
# name 4 = c1S/m: Conductivity, 2 [S/m]
# name 5 = sbox0Mm/Kg: Oxygen, SBE 43 [umol/kg]
# name 6 = sbox1Mm/Kg: Oxygen, SBE 43, 2 [umol/kg]
# name 7 = wetCDOM: Fluorescence, WET Labs CDOM [mg/m^3]
# name 8 = flECO-AFL: Fluorescence, WET Labs ECO-AFL/FL [mg/m^3]
# name 9 = CStarAt0: Beam Attenuation, WET Labs C-Star [1/m]
# name 10 = timeS: Time, Elapsed [seconds]
# name 11 = latitude: Latitude [deg]
# name 12 = longitude: Longitude [deg]
# name 13 = sal00: Salinity, Practical [PSU]
# name 14 = sal11: Salinity, Practical, 2 [PSU]
# name 15 = flag: flag
# span 0 =      2.000,   1870.000       
# span 1 =    -1.5957,     2.8500       
# span 2 =    -1.5960,     2.8499       
# span 3 =   2.426862,   3.161601       
# span 4 =   2.426551,   3.161537       
# span 5 =    303.521,    413.707       
# span 6 =    301.979,    399.280       
# span 7 =     0.1023,     0.1831       
# span 8 =    -0.0041,     0.9908       
# span 9 =     0.1196,     0.3642       
# span 10 =    201.228,   2036.922      
# span 11 =   78.82116,   78.82120      
# span 12 =   -4.02224,   -4.02208      
# span 13 =    30.2613,    34.9684      
# span 14 =    30.2586,    34.9678      
# span 15 = 0.0000e+00, 0.0000e+00      
# interval = decibars: 1                
# start_time = Sep 12 2019 14:28:48 [NMEA time, header]
# bad_flag = -9.990e-29
*END*
[from data line 362]
    364.000     1.0421     1.0418   2.998030   2.998096    312.231    304.147     0.1197     0.0125     0.1348    562.998   78.82118   -4.02214    34.8382    34.8393 0.0000e+00
    365.000     1.0606     1.0583   2.999883   2.999807    311.333    303.690     0.1197     0.0096     0.1352    563.968   78.82118   -4.02214    34.8408    34.8425 0.0000e+00
    366.000     1.0855     1.0843   3.002341   3.002332    311.251    303.605     0.1196     0.0096     0.1355    564.937   78.82118   -4.02214    34.8441    34.8453 0.0000e+00
    367.000     1.0905     1.0901   3.002969   3.003014    312.127    304.320     0.1196     0.0096     0.1366    565.911   78.82118   -4.02213    34.8460    34.8470 0.0000e+00
    368.000     1.1158     1.1151   3.005506   3.005576    311.570    304.149     0.1195     0.0096     0.1378    566.879   78.82118   -4.02212    34.8498    34.8514 0.0000e+00
    369.000     1.1528     1.1510   3.009178   3.009203    310.633    303.939     0.1194     0.0096     0.1390    567.847   78.82118   -4.02212    34.8552    34.8575 0.0000e+00
    370.000     1.1712     1.1710   3.010971   3.010998    311.043    304.616     0.1193     0.0096     0.1400    568.808   78.82118   -4.02212    34.8571    34.8576 0.0000e+00
    371.000     1.1659     1.1663   3.010526   3.010553    311.589    305.345     0.1192     0.0097     0.1406    569.773   78.82118   -4.02212    34.8567    34.8566 0.0000e+00
    372.000     1.1272     1.1286   3.007057   3.007190    311.853    305.850     0.1190     0.0140     0.1406    570.741   78.82118   -4.02212    34.8547    34.8548 0.0000e+00
    373.000     1.1230     1.1240   3.006675   3.006769    310.324    305.426     0.1189     0.0090     0.1404    571.709   78.82118   -4.02212    34.8538    34.8539 0.0000e+00
    374.000     1.0756     1.0770   3.002297   3.002369    310.380    305.612     0.1188     0.0049     0.1409    572.674   78.82118   -4.02212    34.8499    34.8493 0.0000e+00
    375.000     1.0425     1.0427   2.999289   2.999339    311.241    305.751     0.1186     0.0075     0.1400    573.639   78.82118   -4.02212    34.8475    34.8480 0.0000e+00
    376.000     1.0395     1.0396   2.999036   2.999103    311.602    305.107     0.1185     0.0019     0.1391    574.603   78.82118   -4.02212    34.8471    34.8478 0.0000e+00
    377.000     1.0404     1.0402   2.999173   2.999213    312.397    304.623     0.1184     0.0031     0.1389    575.566   78.82118   -4.02212    34.8473    34.8480 0.0000e+00
    378.000     1.0457     1.0455   2.999748   2.999788    313.443    304.227     0.1183     0.0154     0.1377    576.520   78.82118   -4.02212    34.8481    34.8488 0.0000e+00
    379.000     1.0468     1.0470   2.999908   2.999974    313.716    304.240     0.1182     0.0164     0.1367    577.480   78.82118   -4.02212    34.8483    34.8490 0.0000e+00
    380.000     1.0508     1.0507   3.000349   3.000407    312.910    304.185     0.1182     0.0166     0.1360    578.446   78.82118   -4.02212    34.8491    34.8498 0.0000e+00
    381.000     1.0569     1.0567   3.001006   3.001040    311.890    304.251     0.1181     0.0074     0.1360    579.416   78.82118   -4.02212    34.8500    34.8507 0.0000e+00
    382.000     1.0506     1.0503   3.000498   3.000503    311.783    304.581     0.1180     0.0057     0.1383    580.387   78.82118   -4.02212    34.8499    34.8503 0.0000e+00
    383.000     1.0487     1.0481   3.000395   3.000399    311.830    304.375     0.1180     0.0118     0.1362    581.354   78.82118   -4.02212    34.8502    34.8509 0.0000e+00
    384.000     1.0431     1.0434   2.999959   2.999991    311.729    304.517     0.1180     0.0148     0.1367    582.321   78.82118   -4.02212    34.8503    34.8503 0.0000e+00
    385.000     1.0447     1.0445   3.000237   3.000283    311.229    304.380     0.1179     0.0097     0.1362    583.284   78.82118   -4.02212    34.8515    34.8523 0.0000e+00
    386.000     1.0513     1.0510   3.000928   3.000955    310.888    304.054     0.1179     0.0099     0.1357    584.249   78.82118   -4.02212    34.8523    34.8530 0.0000e+00
    387.000     1.0519     1.0517   3.001041   3.001062    311.239    304.460     0.1179     0.0160     0.1365    585.215   78.82118   -4.02212    34.8526    34.8530 0.0000e+00
    388.000     1.0472     1.0472   3.000674   3.000683    311.511    304.660     0.1179     0.0166     0.1364    586.185   78.82118   -4.02212    34.8525    34.8526 0.0000e+00
    389.000     1.0380     1.0380   2.999881   2.999901    311.384    304.609     0.1179     0.0114     0.1382    587.146   78.82118   -4.02212    34.8520    34.8523 0.0000e+00
    390.000     1.0322     1.0320   2.999449   2.999460    311.287    304.210     0.1178     0.0053     0.1363    588.103   78.82118   -4.02212    34.8523    34.8527 0.0000e+00
    391.000     1.0409     1.0405   3.000400   3.000412    310.875    304.298     0.1178     0.0015     0.1367    589.062   78.82118   -4.02210    34.8543    34.8549 0.0000e+00
    392.000     1.0453     1.0454   3.000889   3.000929    311.173    304.505     0.1178     0.0019     0.1365    590.026   78.82118   -4.02210    34.8551    34.8555 0.0000e+00
    393.000     1.0413     1.0411   3.000581   3.000591    311.404    304.501     0.1177     0.0034     0.1358    590.998   78.82118   -4.02210    34.8550    34.8553 0.0000e+00
    394.000     1.0304     1.0307   2.999619   2.999616    311.379    304.385     0.1176     0.0094     0.1366    591.974   78.82118   -4.02211    34.8541    34.8538 0.0000e+00
    395.000     1.0067     1.0067   2.997491   2.997445    311.360    304.494     0.1175     0.0100     0.1548    592.945   78.82118   -4.02212    34.8527    34.8521 0.0000e+00
    396.000     0.9929     0.9934   2.996256   2.996310    311.067    304.305     0.1174     0.0161     0.1363    593.919   78.82118   -4.02212    34.8516    34.8517 0.0000e+00
    397.000     0.9874     0.9873   2.995815   2.995842    310.823    304.058     0.1173     0.0109     0.1347    594.883   78.82118   -4.02211    34.8514    34.8519 0.0000e+00
    398.000     0.9922     0.9920   2.996332   2.996343    311.545    303.647     0.1172     0.0045     0.1348    595.849   78.82118   -4.02210    34.8522    34.8526 0.0000e+00
    399.000     0.9810     0.9820   2.995357   2.995428    312.246    303.707     0.1171     0.0023     0.1344    596.810   78.82118   -4.02210    34.8516    34.8514 0.0000e+00
    400.000     0.9713     0.9707   2.994562   2.994532    312.444    304.002     0.1170     0.0023     0.1346    597.774   78.82118   -4.02210    34.8515    34.8519 0.0000e+00
    401.000     0.9785     0.9790   2.995289   2.995373    312.064    303.947     0.1170     0.0043     0.1362    598.735   78.82118   -4.02210    34.8523    34.8528 0.0000e+00
    402.000     0.9779     0.9776   2.995293   2.995277    311.909    303.781     0.1169     0.0095     0.1341    599.699   78.82118   -4.02210    34.8524    34.8526 0.0000e+00
    403.000     0.9787     0.9775   2.995434   2.995336    311.941    303.937     0.1168     0.0096     0.1337    600.663   78.82118   -4.02210    34.8527    34.8529 0.0000e+00
    404.000     0.9793     0.9793   2.995525   2.995550    311.461    303.840     0.1168     0.0096     0.1334    601.632   78.82118   -4.02210    34.8527    34.8530 0.0000e+00
    405.000     0.9809     0.9804   2.995733   2.995722    311.452    303.662     0.1167     0.0095     0.1330    602.599   78.82118   -4.02210    34.8531    34.8534 0.0000e+00
    406.000     0.9724     0.9722   2.995023   2.995004    311.505    303.967     0.1167     0.0036     0.1330    603.555   78.82118   -4.02210    34.8528    34.8528 0.0000e+00
    407.000     0.9759     0.9747   2.995449   2.995365    310.602    303.715     0.1166     0.0066     0.1325    604.513   78.82118   -4.02210    34.8537    34.8540 0.0000e+00
    408.000     0.9740     0.9741   2.995316   2.995347    310.634    303.578     0.1166     0.0127     0.1325    605.471   78.82118   -4.02210    34.8536    34.8539 0.0000e+00
    409.000     0.9745     0.9747   2.995428   2.995467    310.541    303.697     0.1166     0.0160     0.1326    606.436   78.82118   -4.02210    34.8539    34.8541 0.0000e+00
    410.000     0.9729     0.9731   2.995358   2.995404    310.766    303.818     0.1165     0.0143     0.1329    607.407   78.82118   -4.02210    34.8542    34.8546 0.0000e+00
    411.000     0.9741     0.9741   2.995582   2.995594    311.150    303.905     0.1165     0.0084     0.1325    608.379   78.82118   -4.02210    34.8552    34.8553 0.0000e+00
    412.000     0.9711     0.9708   2.995354   2.995352    311.727    303.860     0.1165     0.0025     0.1326    609.347   78.82118   -4.02210    34.8550    34.8553 0.0000e+00
    413.000     0.9509     0.9519   2.993518   2.993564    312.404    303.945     0.1165     0.0025     0.1326    610.311   78.82118   -4.02210    34.8533    34.8528 0.0000e+00
    414.000     0.9286     0.9288   2.991526   2.991532    311.594    304.041     0.1166     0.0084     0.1326    611.272   78.82118   -4.02210    34.8520    34.8517 0.0000e+00
    415.000     0.9185     0.9187   2.990620   2.990665    310.624    303.669     0.1166     0.0147     0.1330    612.238   78.82118   -4.02210    34.8509    34.8513 0.0000e+00
    416.000     0.9119     0.9118   2.990069   2.990066    310.967    303.472     0.1166     0.0214     0.1330    613.214   78.82118   -4.02210    34.8506    34.8507 0.0000e+00
    417.000     0.9015     0.9014   2.989171   2.989151    311.615    303.290     0.1167     0.0130     0.1341    614.188   78.82118   -4.02210    34.8501    34.8499 0.0000e+00
    418.000     0.8833     0.8837   2.987564   2.987567    311.607    303.124     0.1167     0.0053     0.1340    615.155   78.82118   -4.02212    34.8491    34.8486 0.0000e+00
    419.000     0.8599     0.8613   2.985465   2.985579    311.979    303.174     0.1168     0.0112     0.1347    616.123   78.82118   -4.02210    34.8475    34.8474 0.0000e+00
    420.000     0.8588     0.8588   2.985416   2.985451    311.182    303.020     0.1168     0.0148     0.1364    617.087   78.82118   -4.02210    34.8476    34.8480 0.0000e+00
    421.000     0.8583     0.8581   2.985428   2.985437    310.839    303.067     0.1169     0.0102     0.1361    618.051   78.82118   -4.02210    34.8477    34.8480 0.0000e+00
    422.000     0.8573     0.8573   2.985404   2.985429    311.572    303.099     0.1169     0.0162     0.1356    619.011   78.82118   -4.02210    34.8479    34.8482 0.0000e+00
    423.000     0.8621     0.8619   2.985941   2.985971    311.775    302.937     0.1170     0.0166     0.1348    619.976   78.82118   -4.02210    34.8489    34.8495 0.0000e+00
    424.000     0.8569     0.8568   2.985554   2.985563    311.765    302.784     0.1171     0.0065     0.1348    620.938   78.82118   -4.02210    34.8491    34.8493 0.0000e+00
    425.000     0.8547     0.8541   2.985424   2.985396    311.372    302.701     0.1171     0.0066     0.1350    621.895   78.82118   -4.02210    34.8494    34.8496 0.0000e+00
    426.000     0.8509     0.8505   2.985134   2.985092    310.697    302.748     0.1172     0.0096     0.1360    622.851   78.82118   -4.02210    34.8493    34.8491 0.0000e+00
    427.000     0.8396     0.8396   2.984176   2.984185    310.585    303.001     0.1173     0.0119     0.1361    623.824   78.82118   -4.02210    34.8489    34.8490 0.0000e+00
    428.000     0.8376     0.8374   2.984049   2.984042    310.449    302.859     0.1174     0.0170     0.1355    624.799   78.82118   -4.02211    34.8489    34.8490 0.0000e+00
    429.000     0.8370     0.8369   2.984041   2.984056    310.464    302.831     0.1174     0.0146     0.1359    625.775   78.82118   -4.02212    34.8489    34.8492 0.0000e+00
    430.000     0.8374     0.8372   2.984140   2.984146    310.758    303.185     0.1175     0.0027     0.1349    626.741   78.82118   -4.02211    34.8491    34.8495 0.0000e+00
    431.000     0.8365     0.8362   2.984136   2.984098    310.999    302.783     0.1176     0.0022     0.1347    627.705   78.82118   -4.02210    34.8495    34.8493 0.0000e+00
    432.000     0.8322     0.8324   2.983837   2.983897    311.295    302.693     0.1177     0.0082     0.1347    628.668   78.82118   -4.02210    34.8499    34.8505 0.0000e+00
    433.000     0.8354     0.8352   2.984200   2.984187    310.851    302.691     0.1178     0.0096     0.1346    629.643   78.82118   -4.02210    34.8504    34.8504 0.0000e+00
    434.000     0.8270     0.8270   2.983516   2.983522    310.686    302.692     0.1179     0.0096     0.1348    630.623   78.82118   -4.02210    34.8504    34.8505 0.0000e+00
    435.000     0.8273     0.8269   2.983593   2.983587    310.386    302.908     0.1180     0.0056     0.1346    631.614   78.82118   -4.02211    34.8505    34.8508 0.0000e+00
    436.000     0.8320     0.8316   2.984116   2.984112    310.072    302.687     0.1181     0.0051     0.1351    632.601   78.82118   -4.02212    34.8514    34.8518 0.0000e+00
    437.000     0.8333     0.8332   2.984304   2.984317    310.218    302.790     0.1182     0.0070     0.1362    633.579   78.82118   -4.02211    34.8518    34.8521 0.0000e+00
    438.000     0.8297     0.8297   2.984052   2.984053    310.849    303.252     0.1183     0.0019     0.1350    634.546   78.82118   -4.02210    34.8520    34.8520 0.0000e+00
    439.000     0.8270     0.8269   2.983872   2.983879    310.144    303.008     0.1184     0.0026     0.1355    635.514   78.82118   -4.02210    34.8520    34.8522 0.0000e+00
    440.000     0.8260     0.8260   2.983844   2.983852    310.069    302.706     0.1184     0.0092     0.1358    636.487   78.82118   -4.02210    34.8522    34.8524 0.0000e+00
    441.000     0.8249     0.8248   2.983808   2.983798    310.140    302.948     0.1185     0.0154     0.1357    637.462   78.82118   -4.02210    34.8524    34.8524 0.0000e+00
    442.000     0.8266     0.8264   2.984036   2.984038    310.450    303.121     0.1186     0.0159     0.1361    638.448   78.82118   -4.02210    34.8528    34.8531 0.0000e+00
    443.000     0.8272     0.8271   2.984171   2.984169    310.331    303.294     0.1186     0.0165     0.1362    639.430   78.82118   -4.02210    34.8533    34.8534 0.0000e+00
    444.000     0.8272     0.8271   2.984240   2.984245    310.296    303.276     0.1187     0.0079     0.1361    640.411   78.82118   -4.02212    34.8537    34.8539 0.0000e+00
    445.000     0.8261     0.8260   2.984223   2.984224    310.118    303.215     0.1187     0.0055     0.1364    641.386   78.82118   -4.02212    34.8541    34.8542 0.0000e+00
    446.000     0.8254     0.8252   2.984232   2.984229    309.982    303.147     0.1188     0.0071     0.1364    642.364   78.82118   -4.02210    34.8545    34.8546 0.0000e+00
    447.000     0.8276     0.8275   2.984538   2.984565    309.460    303.014     0.1188     0.0020     0.1363    643.339   78.82118   -4.02210    34.8553    34.8557 0.0000e+00
    448.000     0.8298     0.8297   2.984821   2.984828    310.105    303.406     0.1188     0.0018     0.1363    644.316   78.82118   -4.02210    34.8559    34.8561 0.0000e+00
    449.000     0.8242     0.8240   2.984380   2.984356    310.175    303.277     0.1188     0.0028     0.1369    645.286   78.82118   -4.02210    34.8559    34.8558 0.0000e+00
    450.000     0.8184     0.8182   2.983915   2.983910    310.163    303.111     0.1188     0.0090     0.1372    646.261   78.82118   -4.02210    34.8559    34.8559 0.0000e+00
    451.000     0.8074     0.8072   2.982976   2.982956    310.088    303.103     0.1188     0.0095     0.1373    647.233   78.82118   -4.02210    34.8554    34.8553 0.0000e+00
    452.000     0.8042     0.8040   2.982751   2.982747    309.979    303.355     0.1188     0.0041     0.1368    648.210   78.82118   -4.02212    34.8555    34.8556 0.0000e+00
