test_project/cnv_files/Sta0228_bin.cnv
* Sea-Bird SBE 9 Data File:
* FileName = C:\Seabird\CTDDATA\Sta0228.hex
* Software Version Seasave V 7.26.7.107
* Temperature SN = 03-4535
* Conductivity SN = 2860
* Number of Bytes Per Scan = 44
* Number of Voltage Words = 5
* Number of Scans Averaged by the Deck Unit = 1
* NMEA Latitude = 77 57.40 N
* NMEA Longitude = 016 55.44 W
* NMEA UTC (Time) = Sep 08 2019 11:16:49
* NMEA baud rate = 9600
** Ship: "Kronprins Haakon"
** Station: 0228
** Echodepth: 402
** Log: 6083.721
** Wind-Dir Force(m/s): 34 12
** Air-temp (dry): -3.6
** Weather Sky: 0 1
** Sea Ice: 0 5
# nquan = 17
# nvalues = 391                         
# units = specified
# name 0 = prDM: Pressure, Digiquartz [db]
# name 1 = t090C: Temperature [ITS-90, deg C]
# name 2 = t190C: Temperature, 2 [ITS-90, deg C]
# name 3 = c0S/m: Conductivity [S/m]
# name 4 = c1S/m: Conductivity, 2 [S/m]
# name 5 = sbox0Mm/Kg: Oxygen, SBE 43 [umol/kg]
# name 6 = sbox1Mm/Kg: Oxygen, SBE 43, 2 [umol/kg]
# name 7 = wetCDOM: Fluorescence, WET Labs CDOM [mg/m^3]
# name 8 = flECO-AFL: Fluorescence, WET Labs ECO-AFL/FL [mg/m^3]
# name 9 = CStarAt0: Beam Attenuation, WET Labs C-Star [1/m]
# name 10 = timeS: Time, Elapsed [seconds]
# name 11 = latitude: Latitude [deg]
# name 12 = longitude: Longitude [deg]
# name 13 = upoly0: Upoly 0, ISUS
# name 14 = sal00: Salinity, Practical [PSU]
# name 15 = sal11: Salinity, Practical, 2 [PSU]
# name 16 = flag: flag
# span 0 =      7.000,    397.000       
# span 1 =    -1.6788,     1.6814       
# span 2 =    -1.6788,     1.6817       
# span 3 =   2.354909,   3.055299       
# span 4 =   2.354473,   3.055299       
# span 5 =    302.756,    426.266       
# span 6 =    296.091,    415.606       
# span 7 =     0.1099,     0.1756       
# span 8 =    -0.0037,     1.1318       
# span 9 =     0.1391,     0.2715       
# span 10 =    149.953,    635.129      
# span 11 =   77.95587,   77.95656      
# span 12 =  -16.92313,  -16.92018      
# span 13 =  11.846875,  25.111059      
# span 14 =    28.9941,    34.9102      
# span 15 =    28.9928,    34.9100      
# span 16 = 0.0000e+00, 0.0000e+00      
# interval = decibars: 1                
# start_time = Sep 08 2019 11:16:49 [NMEA time, header]
# bad_flag = -9.990e-29
*END*
[from data line 256]
    263.000     1.4180     1.4180   3.022637   3.022623    308.708    303.415     0.1220     0.0086     0.1421    486.610   77.95608  -16.92106  23.639072    34.7943    34.7940 0.0000e+00
    264.000     1.4259     1.4261   3.023540   3.023556    309.215    303.729     0.1220     0.0095     0.1422    487.644   77.95608  -16.92106  23.748661    34.7964    34.7964 0.0000e+00
    265.000     1.4315     1.4317   3.024185   3.024168    309.083    303.529     0.1219     0.0040     0.1422    488.680   77.95608  -16.92105  23.568887    34.7979    34.7974 0.0000e+00
    266.000     1.4503     1.4497   3.026213   3.026192    308.528    303.037     0.1219     0.0131     0.1428    489.720   77.95608  -16.92104  23.434707    34.8023    34.8027 0.0000e+00
    267.000     1.4838     1.4838   3.029653   3.029650    308.087    302.622     0.1218     0.0170     0.1425    490.763   77.95608  -16.92104  23.473363    34.8084    34.8084 0.0000e+00
    268.000     1.4914     1.4915   3.030511   3.030501    308.522    302.863     0.1217     0.0119     0.1429    491.806   77.95608  -16.92104  23.330749    34.8103    34.8100 0.0000e+00
    269.000     1.4789     1.4790   3.029521   3.029455    308.560    303.000     0.1216     0.0096     0.1423    492.844   77.95608  -16.92103  23.420226    34.8110    34.8100 0.0000e+00
    270.000     1.4739     1.4742   3.029155   3.029161    307.590    302.431     0.1215     0.0096     0.1423    493.879   77.95608  -16.92102  23.604434    34.8113    34.8111 0.0000e+00
    271.000     1.4715     1.4723   3.029069   3.029094    306.714    301.877     0.1214     0.0059     0.1422    494.901   77.95608  -16.92102  23.377810    34.8122    34.8117 0.0000e+00
    272.000     1.4720     1.4719   3.029224   3.029211    306.979    301.791     0.1213     0.0020     0.1423    495.929   77.95607  -16.92101  23.354206    34.8131    34.8131 0.0000e+00
    273.000     1.4903     1.4902   3.031226   3.031230    307.134    301.350     0.1213     0.0049     0.1429    496.966   77.95606  -16.92100  23.210072    34.8177    34.8178 0.0000e+00
    274.000     1.4995     1.4996   3.032256   3.032258    307.533    300.936     0.1212     0.0069     0.1433    498.006   77.95606  -16.92100  23.319149    34.8201    34.8200 0.0000e+00
    275.000     1.5041     1.5042   3.032883   3.032864    307.737    301.171     0.1211     0.0022     0.1441    499.044   77.95606  -16.92098  23.405624    34.8224    34.8220 0.0000e+00
    276.000     1.5110     1.5110   3.033742   3.033734    307.362    301.379     0.1210     0.0040     0.1443    500.094   77.95606  -16.92098  23.440793    34.8251    34.8249 0.0000e+00
    277.000     1.5127     1.5130   3.034024   3.034015    307.379    301.485     0.1209     0.0075     0.1443    501.147   77.95606  -16.92098  23.506501    34.8261    34.8257 0.0000e+00
    278.000     1.5147     1.5148   3.034314   3.034294    307.111    301.299     0.1208     0.0039     0.1449    502.207   77.95606  -16.92098  23.448647    34.8271    34.8267 0.0000e+00
    279.000     1.5189     1.5190   3.034852   3.034839    306.836    301.340     0.1207     0.0079     0.1452    503.268   77.95606  -16.92096  23.715576    34.8287    34.8284 0.0000e+00
    280.000     1.5212     1.5214   3.035160   3.035159    307.070    301.450     0.1206     0.0041     0.1456    504.319   77.95606  -16.92096  23.831576    34.8295    34.8292 0.0000e+00
    281.000     1.5225     1.5227   3.035395   3.035394    306.965    301.400     0.1205     0.0142     0.1456    505.372   77.95606  -16.92096  23.989928    34.8304    34.8301 0.0000e+00
    282.000     1.5255     1.5256   3.035792   3.035785    306.947    301.470     0.1204     0.0029     0.1459    506.422   77.95604  -16.92094  24.099108    34.8316    34.8314 0.0000e+00
    283.000     1.5328     1.5323   3.036669   3.036627    307.089    301.440     0.1203     0.0088     0.1459    507.476   77.95604  -16.92094  23.677251    34.8341    34.8341 0.0000e+00
    284.000     1.5470     1.5471   3.038378   3.038365    307.534    301.334     0.1201     0.0034     0.1464    508.518   77.95604  -16.92094  23.540644    34.8395    34.8392 0.0000e+00
    285.000     1.5466     1.5470   3.038558   3.038557    307.840    301.409     0.1200     0.0148     0.1466    509.561   77.95604  -16.92092  23.602172    34.8416    34.8412 0.0000e+00
    286.000     1.5419     1.5423   3.038344   3.038346    307.416    301.469     0.1198     0.0040     0.1472    510.613   77.95604  -16.92092  23.751673    34.8435    34.8431 0.0000e+00
    287.000     1.5425     1.5425   3.038740   3.038729    306.964    301.386     0.1197     0.0026     0.1475    511.660   77.95604  -16.92092  23.619574    34.8474    34.8472 0.0000e+00
    288.000     1.5448     1.5449   3.039142   3.039128    306.580    300.798     0.1196     0.0142     0.1488    512.708   77.95604  -16.92091  23.354617    34.8493    34.8490 0.0000e+00
    289.000     1.5477     1.5475   3.039527   3.039516    307.021    300.568     0.1194     0.0225     0.1514    513.755   77.95604  -16.92090  23.503955    34.8504    34.8504 0.0000e+00
    290.000     1.5656     1.5647   3.041554   3.041488    306.482    300.302     0.1193     0.0130     0.1535    514.804   77.95604  -16.92090  23.535401    34.8557    34.8559 0.0000e+00
    291.000     1.5861     1.5857   3.043768   3.043719    306.373    299.998     0.1192     0.0143     0.1549    515.858   77.95604  -16.92089  23.798539    34.8605    34.8604 0.0000e+00
    292.000     1.5952     1.5952   3.044760   3.044752    307.080    299.740     0.1190     0.0069     0.1570    516.907   77.95604  -16.92088  24.220253    34.8625    34.8624 0.0000e+00
    293.000     1.6002     1.6002   3.045359   3.045339    306.740    300.044     0.1189     0.0069     0.1579    517.955   77.95604  -16.92088  23.400939    34.8640    34.8637 0.0000e+00
    294.000     1.6033     1.6036   3.045761   3.045747    306.574    300.316     0.1188     0.0096     0.1575    519.006   77.95604  -16.92087  23.613496    34.8651    34.8646 0.0000e+00
    295.000     1.6071     1.6072   3.046269   3.046241    306.335    300.681     0.1187     0.0096     0.1581    520.056   77.95604  -16.92086  24.313623    34.8667    34.8663 0.0000e+00
    296.000     1.6102     1.6100   3.046704   3.046678    306.769    300.824     0.1186     0.0096     0.1577    521.107   77.95604  -16.92086  24.632614    34.8683    34.8682 0.0000e+00
    297.000     1.6247     1.6244   3.048240   3.048252    306.589    300.466     0.1185     0.0096     0.1581    522.153   77.95602  -16.92086  24.112839    34.8711    34.8716 0.0000e+00
    298.000     1.6405     1.6408   3.049963   3.050005    306.591    300.173     0.1184     0.0061     0.1577    523.199   77.95602  -16.92084  23.712161    34.8748    34.8750 0.0000e+00
    299.000     1.6504     1.6505   3.051019   3.051015    306.832    300.490     0.1183     0.0020     0.1572    524.249   77.95602  -16.92084  23.876374    34.8767    34.8765 0.0000e+00
    300.000     1.6551     1.6552   3.051560   3.051554    306.992    300.918     0.1183     0.0050     0.1554    525.295   77.95602  -16.92084  24.077437    34.8778    34.8775 0.0000e+00
    301.000     1.6553     1.6555   3.051665   3.051666    307.141    301.254     0.1182     0.0096     0.1540    526.351   77.95602  -16.92082  23.811491    34.8783    34.8781 0.0000e+00
    302.000     1.6590     1.6592   3.052156   3.052152    307.882    301.853     0.1182     0.0073     0.1521    527.395   77.95602  -16.92082  23.289425    34.8799    34.8796 0.0000e+00
    303.000     1.6578     1.6583   3.052142   3.052167    308.381    302.163     0.1181     0.0024     0.1504    528.446   77.95602  -16.92082  23.840691    34.8804    34.8802 0.0000e+00
    304.000     1.6673     1.6661   3.053201   3.053155    308.531    302.378     0.1181     0.0020     0.1495    529.500   77.95602  -16.92080  23.917682    34.8828    34.8835 0.0000e+00
    305.000     1.6806     1.6808   3.054665   3.054671    308.887    301.975     0.1180     0.0039     0.1484    530.548   77.95602  -16.92080  24.193970    34.8860    34.8859 0.0000e+00
    306.000     1.6807     1.6809   3.054843   3.054830    309.414    302.051     0.1180     0.0082     0.1469    531.598   77.95601  -16.92080  24.145023    34.8876    34.8871 0.0000e+00
    307.000     1.6814     1.6817   3.055165   3.055154    309.744    303.010     0.1179     0.0025     0.1456    532.645   77.95600  -16.92079  24.076308    34.8902    34.8898 0.0000e+00
    308.000     1.6810     1.6813   3.055286   3.055280    310.115    303.854     0.1179     0.0022     0.1452    533.695   77.95600  -16.92078  24.088120    34.8916    34.8913 0.0000e+00
    309.000     1.6806     1.6807   3.055299   3.055299    310.627    304.352     0.1178     0.0021     0.1443    534.746   77.95600  -16.92078  23.940083    34.8917    34.8916 0.0000e+00
    310.000     1.6745     1.6752   3.054891   3.054902    311.187    305.056     0.1178     0.0028     0.1438    535.797   77.95600  -16.92077  23.668205    34.8927    34.8921 0.0000e+00
    311.000     1.6707     1.6710   3.054652   3.054645    311.868    305.483     0.1178     0.0087     0.1434    536.843   77.95600  -16.92076  23.596632    34.8933    34.8929 0.0000e+00
    312.000     1.6672     1.6676   3.054416   3.054413    312.583    305.709     0.1177     0.0030     0.1433    537.894   77.95600  -16.92076  23.965474    34.8936    34.8932 0.0000e+00
    313.000     1.6610     1.6613   3.053963   3.053947    312.528    305.494     0.1177     0.0081     0.1430    538.945   77.95600  -16.92075  23.391218    34.8941    34.8936 0.0000e+00
    314.000     1.6539     1.6544   3.053427   3.053427    312.699    305.417     0.1177     0.0032     0.1427    539.994   77.95600  -16.92074  23.981798    34.8946    34.8941 0.0000e+00
    315.000     1.6432     1.6439   3.052601   3.052624    312.030    305.120     0.1177     0.0023     0.1436    541.044   77.95600  -16.92074  24.238871    34.8954    34.8950 0.0000e+00
    316.000     1.6392     1.6394   3.052301   3.052290    311.564    304.556     0.1177     0.0024     0.1432    542.110   77.95600  -16.92074  23.979780    34.8955    34.8951 0.0000e+00
    317.000     1.6314     1.6321   3.051674   3.051682    311.743    304.637     0.1178     0.0080     0.1431    543.180   77.95600  -16.92072  23.841243    34.8957    34.8949 0.0000e+00
    318.000     1.6206     1.6209   3.050795   3.050796    311.778    304.773     0.1178     0.0096     0.1431    544.237   77.95600  -16.92072  23.532685    34.8959    34.8955 0.0000e+00
    319.000     1.6176     1.6178   3.050678   3.050676    311.765    304.395     0.1178     0.0096     0.1431    545.284   77.95600  -16.92072  23.486848    34.8972    34.8969 0.0000e+00
    320.000     1.6210     1.6211   3.051206   3.051190    311.051    304.009     0.1178     0.0096     0.1423    546.330   77.95600  -16.92070  23.668274    34.8995    34.8992 0.0000e+00
    321.000     1.6199     1.6204   3.051248   3.051268    310.891    303.689     0.1178     0.0047     0.1422    547.379   77.95600  -16.92070  23.868465    34.9007    34.9003 0.0000e+00
    322.000     1.6151     1.6152   3.050919   3.050896    309.613    303.102     0.1178     0.0023     0.1417    548.431   77.95598  -16.92070  24.158913    34.9012    34.9008 0.0000e+00
    323.000     1.6083     1.6094   3.050370   3.050432    308.491    302.410     0.1178     0.0023     0.1412    549.478   77.95598  -16.92070  23.805090    34.9012    34.9008 0.0000e+00
    324.000     1.6008     1.6016   3.049762   3.049806    307.235    301.737     0.1179     0.0063     0.1410    550.531   77.95598  -16.92068  23.861339    34.9012    34.9009 0.0000e+00
    325.000     1.5991     1.5992   3.049644   3.049654    306.978    301.023     0.1179     0.0058     0.1402    551.581   77.95598  -16.92068  24.056670    34.9010    34.9010 0.0000e+00
    326.000     1.5958     1.5960   3.049422   3.049418    306.844    300.723     0.1179     0.0023     0.1402    552.630   77.95598  -16.92067  24.374255    34.9014    34.9010 0.0000e+00
    327.000     1.5943     1.5945   3.049341   3.049352    307.135    300.743     0.1180     0.0020     0.1401    553.677   77.95598  -16.92066  24.279811    34.9013    34.9012 0.0000e+00
    328.000     1.5918     1.5922   3.049182   3.049192    307.513    300.479     0.1180     0.0023     0.1399    554.726   77.95598  -16.92066  23.904958    34.9015    34.9012 0.0000e+00
    329.000     1.5886     1.5889   3.048978   3.048991    307.463    300.518     0.1181     0.0020     0.1395    555.772   77.95598  -16.92066  23.972761    34.9019    34.9018 0.0000e+00
    330.000     1.5869     1.5872   3.048901   3.048908    306.997    300.452     0.1181     0.0044     0.1404    556.818   77.95598  -16.92065  24.099286    34.9022    34.9021 0.0000e+00
    331.000     1.5868     1.5869   3.048960   3.048962    307.140    300.315     0.1182     0.0095     0.1400    557.864   77.95598  -16.92064  23.945806    34.9025    34.9024 0.0000e+00
    332.000     1.5851     1.5853   3.048872   3.048884    307.634    300.487     0.1182     0.0096     0.1400    558.906   77.95598  -16.92064  23.704588    34.9027    34.9026 0.0000e+00
    333.000     1.5832     1.5834   3.048759   3.048773    307.941    300.493     0.1182     0.0096     0.1391    559.956   77.95598  -16.92063  23.721048    34.9028    34.9027 0.0000e+00
    334.000     1.5803     1.5809   3.048561   3.048608    307.678    300.642     0.1182     0.0107     0.1396    561.003   77.95598  -16.92062  23.926334    34.9029    34.9028 0.0000e+00
    335.000     1.5788     1.5790   3.048482   3.048504    307.801    300.377     0.1183     0.0145     0.1400    562.052   77.95598  -16.92062  24.809082    34.9030    34.9031 0.0000e+00
    336.000     1.5762     1.5765   3.048319   3.048342    307.263    300.197     0.1182     0.0031     0.1400    563.103   77.95598  -16.92062  23.875599    34.9033    34.9032 0.0000e+00
    337.000     1.5749     1.5752   3.048265   3.048279    307.260    300.373     0.1182     0.0078     0.1400    564.153   77.95596  -16.92060  24.011799    34.9034    34.9033 0.0000e+00
    338.000     1.5727     1.5728   3.048150   3.048159    307.264    300.262     0.1182    -0.0037     0.1398    565.201   77.95596  -16.92060  23.613995    34.9039    34.9039 0.0000e+00
    339.000     1.5730     1.5732   3.048216   3.048230    307.198    300.295     0.1181     0.0019     0.1397    566.249   77.95596  -16.92060  24.157293    34.9038    34.9037 0.0000e+00
    340.000     1.5729     1.5732   3.048251   3.048279    307.418    300.147     0.1181     0.0088     0.1400    567.298   77.95596  -16.92058  24.286209    34.9037    34.9038 0.0000e+00
    341.000     1.5704     1.5708   3.048110   3.048124    307.480    300.236     0.1180     0.0094     0.1397    568.348   77.95596  -16.92058  24.136274    34.9041    34.9039 0.0000e+00
    342.000     1.5686     1.5688   3.048008   3.048023    307.434    300.384     0.1179     0.0037     0.1394    569.397   77.95596  -16.92058  24.052776    34.9043    34.9042 0.0000e+00
    343.000     1.5681     1.5683   3.048011   3.048018    307.371    300.567     0.1178     0.0081     0.1396    570.441   77.95596  -16.92058  23.967772    34.9043    34.9042 0.0000e+00
    344.000     1.5680     1.5682   3.048037   3.048056    307.115    300.564     0.1177     0.0039     0.1399    571.486   77.95596  -16.92056  24.087948    34.9042    34.9042 0.0000e+00
    345.000     1.5676     1.5679   3.048061   3.048080    306.882    300.170     0.1177     0.0023     0.1393    572.536   77.95596  -16.92056  24.110890    34.9043    34.9043 0.0000e+00
    346.000     1.5658     1.5660   3.047950   3.047976    306.746    300.067     0.1176     0.0023     0.1399    573.584   77.95595  -16.92055  24.282630    34.9044    34.9044 0.0000e+00
