test_project/cnv_files/Sta0223_bin.cnv
* Sea-Bird SBE 9 Data File:
* FileName = C:\Seabird\CTDDATA\Sta0223.hex
* Software Version Seasave V 7.26.7.107
* Temperature SN = 03-4535
* Conductivity SN = 2860
* Number of Bytes Per Scan = 44
* Number of Voltage Words = 5
* Number of Scans Averaged by the Deck Unit = 1
* NMEA Latitude = 78 10.74 N
* NMEA Longitude = 015 42.49 W
* NMEA UTC (Time) = Sep 08 2019 00:25:10
* NMEA baud rate = 9600
** Ship: "Kronprins Haakon"
** Station: 0223
** Echodepth: 362
** Log: 6062.798
** Wind-Dir Force(m/s): 24 07
** Air-temp (dry): -2.1
** Weather Sky: 0 1
** Sea Ice: 1 4
# nquan = 17
# nvalues = 352                         
# units = specified
# name 0 = prDM: Pressure, Digiquartz [db]
# name 1 = t090C: Temperature [ITS-90, deg C]
# name 2 = t190C: Temperature, 2 [ITS-90, deg C]
# name 3 = c0S/m: Conductivity [S/m]
# name 4 = c1S/m: Conductivity, 2 [S/m]
# name 5 = sbox0Mm/Kg: Oxygen, SBE 43 [umol/kg]
# name 6 = sbox1Mm/Kg: Oxygen, SBE 43, 2 [umol/kg]
# name 7 = wetCDOM: Fluorescence, WET Labs CDOM [mg/m^3]
# name 8 = flECO-AFL: Fluorescence, WET Labs ECO-AFL/FL [mg/m^3]
# name 9 = CStarAt0: Beam Attenuation, WET Labs C-Star [1/m]
# name 10 = timeS: Time, Elapsed [seconds]
# name 11 = latitude: Latitude [deg]
# name 12 = longitude: Longitude [deg]
# name 13 = upoly0: Upoly 0, ISUS
# name 14 = sal00: Salinity, Practical [PSU]
# name 15 = sal11: Salinity, Practical, 2 [PSU]
# name 16 = flag: flag
# span 0 =      2.000,    353.000       
# span 1 =    -1.6599,     1.8737       
# span 2 =    -1.6600,     1.8740       
# span 3 =   2.415697,   3.071673       
# span 4 =   2.414705,   3.071638       
# span 5 =    306.903,    425.420       
# span 6 =    302.363,    417.935       
# span 7 =     0.1142,     0.1791       
# span 8 =    -0.0007,     2.5376       
# span 9 =     0.1358,     0.3597       
# span 10 =     66.902,    433.839      
# span 11 =   78.17900,   78.17900      
# span 12 =  -15.70822,  -15.70818      
# span 13 =  12.959657,  25.467039      
# span 14 =    29.5011,    34.9012      
# span 15 =    29.4876,    34.9007      
# span 16 = 0.0000e+00, 0.0000e+00      
# interval = decibars: 1                
# start_time = Sep 08 2019 00:25:10 [NMEA time, header]
# bad_flag = -9.990e-29
*END*
[from data line 171]
    173.000     0.1850     0.1833   2.886167   2.885995    316.274    315.208     0.1383     0.0261     0.1539    249.214   78.17900  -15.70822  23.700903    34.4533    34.4529 0.0000e+00
    174.000     0.1992     0.1979   2.887945   2.887769    316.333    315.071     0.1377     0.0035     0.1532    250.247   78.17900  -15.70822  23.877352    34.4601    34.4594 0.0000e+00
    175.000     0.2316     0.2296   2.891596   2.891451    315.216    314.424     0.1372     0.0091     0.1530    251.274   78.17900  -15.70822  23.671599    34.4714    34.4717 0.0000e+00
    176.000     0.2497     0.2487   2.893585   2.893458    314.275    313.725     0.1367     0.0141     0.1520    252.307   78.17900  -15.70822  23.328673    34.4767    34.4761 0.0000e+00
    177.000     0.2743     0.2726   2.896333   2.896146    314.327    313.149     0.1361     0.0029     0.1513    253.344   78.17900  -15.70822  24.283198    34.4846    34.4841 0.0000e+00
    178.000     0.2931     0.2923   2.898458   2.898314    314.464    312.873     0.1356     0.0003     0.1501    254.380   78.17900  -15.70822  24.012716    34.4909    34.4899 0.0000e+00
    179.000     0.2982     0.2969   2.899011   2.898817    314.377    312.803     0.1350     0.0179     0.1500    255.418   78.17900  -15.70822  23.682434    34.4918    34.4908 0.0000e+00
    180.000     0.3176     0.3165   2.900892   2.900794    314.192    312.225     0.1345     0.0146     0.1486    256.450   78.17900  -15.70822  23.342412    34.4942    34.4942 0.0000e+00
    181.000     0.3366     0.3368   2.902848   2.902762    314.400    312.000     0.1339     0.0135     0.1481    257.478   78.17900  -15.70820  23.559677    34.4980    34.4967 0.0000e+00
    182.000     0.3218     0.3228   2.901877   2.901815    315.335    312.224     0.1334     0.0108     0.1475    258.507   78.17900  -15.70820  23.956271    34.5013    34.4994 0.0000e+00
    183.000     0.3221     0.3218   2.902164   2.902053    314.883    311.767     0.1328     0.0124     0.1466    259.527   78.17900  -15.70820  23.886418    34.5041    34.5030 0.0000e+00
    184.000     0.3290     0.3287   2.902922   2.902844    314.507    311.307     0.1323     0.0151     0.1451    260.552   78.17900  -15.70820  23.868044    34.5057    34.5050 0.0000e+00
    185.000     0.3521     0.3507   2.905325   2.905179    315.288    311.005     0.1318     0.0189     0.1443    261.575   78.17900  -15.70820  23.777701    34.5107    34.5104 0.0000e+00
    186.000     0.3642     0.3637   2.906624   2.906508    315.980    311.193     0.1312     0.0178     0.1438    262.601   78.17900  -15.70820  23.589474    34.5137    34.5127 0.0000e+00
    187.000     0.3641     0.3640   2.906903   2.906764    316.628    311.437     0.1307     0.0096     0.1440    263.637   78.17900  -15.70820  23.991046    34.5168    34.5151 0.0000e+00
    188.000     0.3634     0.3621   2.907014   2.906844    316.191    311.121     0.1302     0.0111     0.1434    264.670   78.17900  -15.70820  23.786575    34.5185    34.5177 0.0000e+00
    189.000     0.4598     0.4542   2.916516   2.916194    314.398    309.875     0.1297     0.0153     0.1427    265.703   78.17900  -15.70820  23.783878    34.5345    34.5365 0.0000e+00
    190.000     0.5226     0.5196   2.922965   2.922774    314.729    309.846     0.1293     0.0157     0.1442    266.736   78.17900  -15.70820  23.932372    34.5479    34.5488 0.0000e+00
    191.000     0.5297     0.5328   2.924577   2.924509    316.173    310.026     0.1288     0.0168     0.1430    267.772   78.17900  -15.70820  23.824922    34.5605    34.5561 0.0000e+00
    192.000     0.5197     0.5168   2.924492   2.924285    314.878    310.067     0.1284     0.0205     0.1412    268.810   78.17900  -15.70820  23.558922    34.5700    34.5704 0.0000e+00
    193.000     0.5454     0.5449   2.927166   2.927067    311.310    309.701     0.1280     0.0026     0.1410    269.851   78.17900  -15.70820  23.816769    34.5755    34.5747 0.0000e+00
    194.000     0.5481     0.5478   2.927759   2.927618    311.583    309.730     0.1276     0.0131     0.1419    270.895   78.17900  -15.70820  23.953296    34.5797    34.5781 0.0000e+00
    195.000     0.5640     0.5626   2.929750   2.929631    311.549    309.157     0.1272     0.0144     0.1432    271.938   78.17900  -15.70820  24.432183    34.5873    34.5872 0.0000e+00
    196.000     0.6002     0.5983   2.933373   2.933242    311.187    308.102     0.1268     0.0100     0.1436    272.977   78.17900  -15.70820  24.442165    34.5934    34.5938 0.0000e+00
    197.000     0.6892     0.6843   2.941913   2.941643    311.616    307.598     0.1265     0.0094     0.1431    274.007   78.17900  -15.70820  23.737963    34.6045    34.6065 0.0000e+00
    198.000     0.7319     0.7307   2.946239   2.946094    313.406    308.221     0.1262     0.0095     0.1432    275.028   78.17900  -15.70820  23.569526    34.6126    34.6120 0.0000e+00
    199.000     0.7520     0.7508   2.948522   2.948372    314.108    308.642     0.1259     0.0035     0.1432    276.038   78.17900  -15.70820  24.064482    34.6191    34.6185 0.0000e+00
    200.000     0.7731     0.7724   2.950928   2.950801    312.716    308.936     0.1257     0.0067     0.1432    277.049   78.17900  -15.70820  24.252758    34.6262    34.6254 0.0000e+00
    201.000     0.7751     0.7756   2.951361   2.951283    311.428    309.249     0.1254     0.0165     0.1421    278.065   78.17900  -15.70820  24.126741    34.6290    34.6275 0.0000e+00
    202.000     0.7784     0.7776   2.951968   2.951856    311.574    309.448     0.1251     0.0159     0.1406    279.097   78.17900  -15.70820  24.103426    34.6327    34.6320 0.0000e+00
    203.000     0.7933     0.7928   2.953668   2.953575    311.635    309.380     0.1249     0.0091     0.1401    280.145   78.17900  -15.70820  23.974937    34.6375    34.6368 0.0000e+00
    204.000     0.8023     0.8020   2.954683   2.954586    312.467    309.342     0.1247     0.0096     0.1399    281.206   78.17900  -15.70820  25.136635    34.6400    34.6391 0.0000e+00
    205.000     0.8074     0.8072   2.955259   2.955166    313.564    309.341     0.1244     0.0096     0.1385    282.271   78.17900  -15.70820  23.988940    34.6412    34.6402 0.0000e+00
    206.000     0.8128     0.8124   2.955913   2.955799    313.810    309.299     0.1242     0.0096     0.1393    283.327   78.17900  -15.70820  24.837310    34.6431    34.6420 0.0000e+00
    207.000     0.8280     0.8274   2.957625   2.957529    313.934    308.712     0.1240     0.0108     0.1392    284.368   78.17900  -15.70820  24.246113    34.6477    34.6471 0.0000e+00
    208.000     0.8406     0.8405   2.959332   2.959254    313.958    308.729     0.1237     0.0145     0.1382    285.391   78.17900  -15.70820  24.057039    34.6551    34.6542 0.0000e+00
    209.000     0.8470     0.8469   2.960278   2.960182    314.021    308.763     0.1235     0.0136     0.1380    286.396   78.17900  -15.70820  24.004166    34.6597    34.6585 0.0000e+00
    210.000     0.8475     0.8473   2.960565   2.960480    313.495    308.357     0.1233     0.0097     0.1380    287.398   78.17900  -15.70820  24.113886    34.6622    34.6613 0.0000e+00
    211.000     0.8563     0.8559   2.961573   2.961464    312.193    307.523     0.1230     0.0096     0.1393    288.399   78.17900  -15.70820  24.212728    34.6648    34.6639 0.0000e+00
    212.000     0.8627     0.8631   2.962289   2.962244    310.819    306.232     0.1228     0.0099     0.1393    289.414   78.17900  -15.70820  23.990338    34.6664    34.6654 0.0000e+00
    213.000     0.8715     0.8710   2.963312   2.963200    309.748    305.106     0.1226     0.0143     0.1407    290.447   78.17900  -15.70820  23.860597    34.6692    34.6684 0.0000e+00
    214.000     0.8786     0.8779   2.964106   2.963983    308.976    304.789     0.1224     0.0138     0.1421    291.517   78.17900  -15.70820  24.501237    34.6710    34.6702 0.0000e+00
    215.000     0.8913     0.8908   2.965454   2.965364    309.162    304.563     0.1221     0.0104     0.1431    292.609   78.17900  -15.70820  24.747597    34.6737    34.6730 0.0000e+00
    216.000     0.8923     0.8925   2.965623   2.965559    309.421    304.498     0.1219     0.0140     0.1435    293.677   78.17900  -15.70820  23.896516    34.6742    34.6731 0.0000e+00
    217.000     0.8944     0.8936   2.966001   2.965898    309.286    304.783     0.1218     0.0108     0.1443    294.731   78.17900  -15.70820  24.116667    34.6761    34.6757 0.0000e+00
    218.000     0.8968     0.8962   2.966389   2.966292    309.808    305.054     0.1216     0.0204     0.1453    295.769   78.17900  -15.70820  24.280872    34.6779    34.6772 0.0000e+00
    219.000     0.9119     0.9118   2.968048   2.967979    309.714    304.759     0.1214     0.0124     0.1457    296.790   78.17900  -15.70820  24.214076    34.6819    34.6811 0.0000e+00
    220.000     0.9156     0.9155   2.968462   2.968415    309.955    304.522     0.1213     0.0136     0.1471    297.809   78.17900  -15.70820  24.122016    34.6825    34.6820 0.0000e+00
    221.000     0.9234     0.9237   2.969276   2.969237    309.571    304.220     0.1211     0.0159     0.1483    298.814   78.17900  -15.70820  24.271606    34.6838    34.6830 0.0000e+00
    222.000     0.9255     0.9251   2.969548   2.969433    309.798    304.051     0.1210     0.0109     0.1486    299.829   78.17900  -15.70820  24.569469    34.6843    34.6834 0.0000e+00
    223.000     0.9283     0.9279   2.969981   2.969861    310.084    303.914     0.1209     0.0057     0.1486    300.843   78.17900  -15.70820  24.411299    34.6862    34.6851 0.0000e+00
    224.000     0.9277     0.9278   2.969979   2.969923    310.239    304.288     0.1207     0.0074     0.1488    301.874   78.17900  -15.70820  24.472539    34.6863    34.6855 0.0000e+00
    225.000     0.9309     0.9305   2.970400   2.970323    309.971    304.558     0.1206     0.0128     0.1494    302.921   78.17900  -15.70820  24.531108    34.6876    34.6870 0.0000e+00
    226.000     0.9527     0.9523   2.972684   2.972609    309.735    304.306     0.1205     0.0096     0.1498    303.975   78.17900  -15.70820  24.320964    34.6922    34.6917 0.0000e+00
    227.000     0.9504     0.9504   2.972642   2.972582    310.443    304.382     0.1204     0.0096     0.1497    305.030   78.17900  -15.70820  24.159227    34.6936    34.6929 0.0000e+00
    228.000     0.9593     0.9592   2.973620   2.973578    310.740    303.988     0.1203     0.0112     0.1501    306.074   78.17900  -15.70820  24.101680    34.6958    34.6953 0.0000e+00
    229.000     0.9637     0.9637   2.974168   2.974099    310.404    304.319     0.1202     0.0149     0.1507    307.112   78.17900  -15.70820  24.239229    34.6973    34.6964 0.0000e+00
    230.000     0.9646     0.9644   2.974379   2.974303    310.048    304.447     0.1200     0.0154     0.1503    308.136   78.17900  -15.70820  24.453595    34.6984    34.6977 0.0000e+00
    231.000     0.9738     0.9729   2.975411   2.975319    309.546    303.917     0.1199     0.0134     0.1511    309.146   78.17900  -15.70820  24.582711    34.7009    34.7008 0.0000e+00
    232.000     0.9942     0.9934   2.977469   2.977386    309.266    303.733     0.1198     0.0028     0.1516    310.152   78.17900  -15.70820  24.666085    34.7042    34.7040 0.0000e+00
    233.000     1.0123     1.0129   2.979388   2.979378    309.925    303.698     0.1198     0.0087     0.1520    311.162   78.17900  -15.70820  24.666019    34.7082    34.7073 0.0000e+00
    234.000     0.9932     0.9939   2.977805   2.977746    310.844    304.083     0.1197     0.0132     0.1529    312.192   78.17900  -15.70820  24.708026    34.7084    34.7069 0.0000e+00
    235.000     1.0017     1.0005   2.978710   2.978597    310.237    304.026     0.1196     0.0137     0.1528    313.241   78.17900  -15.70820  24.267925    34.7100    34.7099 0.0000e+00
    236.000     1.0200     1.0190   2.980593   2.980496    309.371    303.836     0.1196     0.0100     0.1528    314.302   78.17900  -15.70820  24.085242    34.7134    34.7132 0.0000e+00
    237.000     1.0369     1.0360   2.982409   2.982320    309.236    303.780     0.1195     0.0141     0.1532    315.366   78.17900  -15.70820  24.319049    34.7173    34.7172 0.0000e+00
    238.000     1.0891     1.0871   2.987594   2.987505    309.120    303.199     0.1195     0.0160     0.1537    316.427   78.17900  -15.70820  24.583468    34.7255    34.7265 0.0000e+00
    239.000     1.1011     1.1013   2.989120   2.989043    309.754    303.503     0.1195     0.0157     0.1539    317.467   78.17900  -15.70820  24.571828    34.7311    34.7299 0.0000e+00
    240.000     1.1018     1.1019   2.989403   2.989363    309.975    304.010     0.1195     0.0203     0.1541    318.483   78.17900  -15.70820  24.439161    34.7333    34.7328 0.0000e+00
    241.000     1.1122     1.1118   2.990560   2.990479    309.073    304.028     0.1195     0.0153     0.1541    319.475   78.17900  -15.70820  24.398394    34.7361    34.7354 0.0000e+00
    242.000     1.1178     1.1175   2.991225   2.991147    308.631    304.253     0.1195     0.0049     0.1540    320.457   78.17900  -15.70820  24.085785    34.7378    34.7371 0.0000e+00
    243.000     1.1243     1.1239   2.991967   2.991906    308.371    304.308     0.1195     0.0045     0.1540    321.451   78.17900  -15.70820  24.547425    34.7395    34.7392 0.0000e+00
    244.000     1.1385     1.1380   2.993514   2.993469    308.712    303.792     0.1196     0.0096     0.1541    322.458   78.17900  -15.70820  24.350000    34.7430    34.7430 0.0000e+00
    245.000     1.1608     1.1603   2.995954   2.995875    308.871    303.440     0.1196     0.0096     0.1540    323.497   78.17900  -15.70820  24.281818    34.7490    34.7485 0.0000e+00
    246.000     1.1584     1.1584   2.996042   2.995990    309.311    303.352     0.1197     0.0112     0.1542    324.540   78.17900  -15.70820  24.322075    34.7522    34.7515 0.0000e+00
    247.000     1.1853     1.1828   2.998775   2.998644    308.820    303.204     0.1197     0.0159     0.1541    325.584   78.17900  -15.70820  24.397183    34.7568    34.7578 0.0000e+00
    248.000     1.2258     1.2250   3.002832   3.002717    308.286    303.088     0.1198     0.0142     0.1547    326.633   78.17900  -15.70820  24.422313    34.7632    34.7626 0.0000e+00
    249.000     1.2305     1.2293   3.003479   3.003309    308.889    303.260     0.1199     0.0144     0.1548    327.667   78.17900  -15.70820  24.672147    34.7657    34.7648 0.0000e+00
    250.000     1.2181     1.2183   3.002463   3.002396    308.846    303.187     0.1200     0.0100     0.1550    328.689   78.17900  -15.70820  25.335214    34.7658    34.7647 0.0000e+00
    251.000     1.2281     1.2283   3.003538   3.003572    307.619    303.023     0.1201     0.0142     0.1543    329.691   78.17900  -15.70820  24.092488    34.7679    34.7681 0.0000e+00
    252.000     1.2424     1.2418   3.005009   3.004981    307.444    302.977     0.1201     0.0103     0.1549    330.661   78.17900  -15.70820  24.532053    34.7702    34.7706 0.0000e+00
    253.000     1.2962     1.2930   3.010336   3.010180    307.534    302.594     0.1202     0.0091     0.1549    331.623   78.17900  -15.70820  24.548392    34.7781    34.7796 0.0000e+00
    254.000     1.3462     1.3458   3.015376   3.015348    307.963    302.363     0.1203     0.0119     0.1551    332.596   78.17900  -15.70820  24.642008    34.7865    34.7866 0.0000e+00
    255.000     1.3626     1.3619   3.017119   3.017057    308.982    302.985     0.1203     0.0146     0.1551    333.595   78.17900  -15.70820  24.665330    34.7900    34.7900 0.0000e+00
    256.000     1.3922     1.3898   3.020037   3.019918    307.991    303.188     0.1204     0.0153     0.1538    334.616   78.17900  -15.70820  24.577804    34.7938    34.7949 0.0000e+00
