test_project/cnv_files/sta0239_bin.cnv
* Sea-Bird SBE 9 Data File:
* FileName = C:\Seabird\CTDDATA\Sta0239.hex
* Software Version Seasave V 7.26.7.107
* Temperature SN = 03-4535
* Conductivity SN = 2860
* Number of Bytes Per Scan = 44
* Number of Voltage Words = 5
* Number of Scans Averaged by the Deck Unit = 1
* NMEA Latitude = 78 48.99 N
* NMEA Longitude = 003 00.39 W
* NMEA UTC (Time) = Sep 13 2019 10:18:50
* NMEA baud rate = 9600
** Ship: "Kronprins Haakon"
** Station: 0239
** Echodepth: 2487
** Log: 6389.727
** Wind-Dir Force(m/s): 09 16
** Air-temp (dry): 1.2
** Weather Sky: 4 8
** Sea Ice: 4 5
# nquan = 16
# nvalues = 2525                        
# units = specified
# name 0 = prDM: Pressure, Digiquartz [db]
# name 1 = t090C: Temperature [ITS-90, deg C]
# name 2 = t190C: Temperature, 2 [ITS-90, deg C]
# name 3 = c0S/m: Conductivity [S/m]
# name 4 = c1S/m: Conductivity, 2 [S/m]
# name 5 = sbox0Mm/Kg: Oxygen, SBE 43 [umol/kg]
# name 6 = sbox1Mm/Kg: Oxygen, SBE 43, 2 [umol/kg]
# name 7 = wetCDOM: Fluorescence, WET Labs CDOM [mg/m^3]
# name 8 = flECO-AFL: Fluorescence, WET Labs ECO-AFL/FL [mg/m^3]
# name 9 = CStarAt0: Beam Attenuation, WET Labs C-Star [1/m]
# name 10 = timeS: Time, Elapsed [seconds]
# name 11 = latitude: Latitude [deg]
# name 12 = longitude: Longitude [deg]
# name 13 = sal00: Salinity, Practical [PSU]
# name 14 = sal11: Salinity, Practical, 2 [PSU]
# name 15 = flag: flag
# span 0 =      1.000,   2525.000       
# span 1 =    -1.6434,     1.4883       
# span 2 =    -1.6437,     1.4890       
# span 3 =   2.417939,   3.041334       
# span 4 =   2.417886,   3.041370       
# span 5 =    304.399,    414.265       
# span 6 =    299.187,    407.510       
# span 7 =     0.1086,     0.1920       
# span 8 =    -0.0051,     1.4114       
# span 9 =     0.1197,     0.4040       
# span 10 =    145.436,   2605.772      
# span 11 =   78.81630,   78.81666      
# span 12 =   -3.01438,   -3.00708      
# span 13 =    30.1984,    34.9227      
# span 14 =    30.1962,    34.9238      
# span 15 = 0.0000e+00, 0.0000e+00      
# interval = decibars: 1                
# start_time = Sep 13 2019 10:18:50 [NMEA time, header]
# bad_flag = -9.990e-29
*END*
[from data line 543]
    544.000     0.5628     0.5622   2.967433   2.967400    313.759    306.086     0.1141     0.0061     0.1246    681.289   78.81656   -3.00904    34.8736    34.8739 0.0000e+00
    545.000     0.5651     0.5648   2.967704   2.967695    313.454    305.983     0.1142     0.0020     0.1244    682.269   78.81656   -3.00906    34.8739    34.8742 0.0000e+00
    546.000     0.5668     0.5666   2.967919   2.967929    313.080    306.030     0.1142     0.0006     0.1247    683.241   78.81656   -3.00906    34.8743    34.8746 0.0000e+00
    547.000     0.5708     0.5705   2.968360   2.968385    313.294    306.044     0.1142     0.0016     0.1247    684.210   78.81656   -3.00906    34.8750    34.8756 0.0000e+00
    548.000     0.5783     0.5778   2.969139   2.969107    313.236    306.214     0.1142     0.0017     0.1245    685.176   78.81656   -3.00906    34.8761    34.8762 0.0000e+00
    549.000     0.5718     0.5717   2.968587   2.968583    313.472    306.491     0.1143     0.0087     0.1243    686.150   78.81656   -3.00906    34.8756    34.8757 0.0000e+00
    550.000     0.5490     0.5493   2.966533   2.966487    313.806    306.718     0.1143     0.0033     0.1247    687.119   78.81656   -3.00906    34.8739    34.8730 0.0000e+00
    551.000     0.5461     0.5461   2.966323   2.966369    313.387    306.491     0.1144     0.0076     0.1249    688.093   78.81656   -3.00908    34.8738    34.8744 0.0000e+00
    552.000     0.5630     0.5614   2.967970   2.967928    312.797    305.935     0.1144     0.0096     0.1243    689.072   78.81656   -3.00908    34.8757    34.8769 0.0000e+00
    553.000     0.5727     0.5736   2.968949   2.969064    313.836    305.969     0.1145     0.0057     0.1243    690.050   78.81656   -3.00908    34.8770    34.8775 0.0000e+00
    554.000     0.5755     0.5743   2.969276   2.969180    314.605    306.607     0.1145     0.0009     0.1248    691.028   78.81656   -3.00908    34.8775    34.8776 0.0000e+00
    555.000     0.5878     0.5875   2.970520   2.970584    313.983    306.706     0.1146     0.0008     0.1244    692.009   78.81656   -3.00908    34.8793    34.8805 0.0000e+00
    556.000     0.6029     0.6026   2.972004   2.972003    313.595    306.917     0.1146     0.0013     0.1249    692.994   78.81656   -3.00909    34.8810    34.8814 0.0000e+00
    557.000     0.6093     0.6094   2.972663   2.972715    313.896    307.212     0.1147     0.0015     0.1250    693.977   78.81656   -3.00910    34.8819    34.8824 0.0000e+00
    558.000     0.6187     0.6183   2.973609   2.973635    313.649    306.927     0.1148     0.0021     0.1250    694.957   78.81656   -3.00910    34.8830    34.8838 0.0000e+00
    559.000     0.6226     0.6227   2.974019   2.974047    314.054    307.488     0.1148     0.0012     0.1249    695.929   78.81656   -3.00911    34.8834    34.8836 0.0000e+00
    560.000     0.6200     0.6194   2.973824   2.973759    314.571    307.970     0.1149     0.0080     0.1250    696.901   78.81656   -3.00912    34.8832    34.8830 0.0000e+00
    561.000     0.6079     0.6069   2.972758   2.972630    314.812    308.049     0.1150     0.0039     0.1250    697.872   78.81656   -3.00912    34.8823    34.8818 0.0000e+00
    562.000     0.5965     0.5963   2.971741   2.971734    314.063    308.120     0.1151     0.0059     0.1248    698.846   78.81656   -3.00912    34.8814    34.8814 0.0000e+00
    563.000     0.5928     0.5930   2.971451   2.971461    313.898    307.496     0.1152     0.0096     0.1247    699.814   78.81656   -3.00912    34.8811    34.8810 0.0000e+00
    564.000     0.5840     0.5841   2.970660   2.970656    314.176    307.729     0.1153     0.0064     0.1247    700.786   78.81656   -3.00912    34.8801    34.8799 0.0000e+00
    565.000     0.5706     0.5705   2.969501   2.969474    314.240    307.688     0.1154     0.0017     0.1243    701.762   78.81656   -3.00913    34.8795    34.8793 0.0000e+00
    566.000     0.5403     0.5341   2.966770   2.966035    315.114    307.854     0.1154     0.0032     0.1244    702.736   78.81656   -3.00914    34.8775    34.8748 0.0000e+00
    567.000     0.5196     0.5156   2.964863   2.964425    314.847    307.736     0.1155     0.0093     0.1245    703.712   78.81656   -3.00914    34.8752    34.8741 0.0000e+00
    568.000     0.5105     0.5098   2.964029   2.963961    313.992    307.159     0.1156     0.0096     0.1249    704.692   78.81656   -3.00915    34.8740    34.8739 0.0000e+00
    569.000     0.4992     0.4983   2.963050   2.962999    314.570    307.048     0.1156     0.0095     0.1243    705.674   78.81656   -3.00916    34.8734    34.8738 0.0000e+00
    570.000     0.5012     0.5005   2.963271   2.963211    315.179    306.575     0.1157     0.0036     0.1236    706.656   78.81656   -3.00916    34.8734    34.8734 0.0000e+00
    571.000     0.4956     0.4957   2.962810   2.962848    315.204    306.480     0.1158     0.0021     0.1230    707.633   78.81656   -3.00916    34.8731    34.8735 0.0000e+00
    572.000     0.4990     0.4990   2.963185   2.963221    314.920    306.458     0.1158     0.0056     0.1231    708.613   78.81656   -3.00916    34.8737    34.8741 0.0000e+00
    573.000     0.5053     0.5053   2.963847   2.963886    314.430    306.365     0.1159     0.0096     0.1229    709.586   78.81656   -3.00916    34.8746    34.8751 0.0000e+00
    574.000     0.5045     0.5053   2.963820   2.963920    313.911    306.607     0.1159     0.0073     0.1236    710.553   78.81656   -3.00917    34.8745    34.8749 0.0000e+00
    575.000     0.5003     0.5003   2.963494   2.963495    313.913    306.461     0.1160     0.0032     0.1238    711.522   78.81656   -3.00918    34.8744    34.8745 0.0000e+00
    576.000     0.5031     0.5031   2.963787   2.963808    314.242    306.494     0.1161     0.0084     0.1228    712.495   78.81656   -3.00918    34.8745    34.8748 0.0000e+00
    577.000     0.4906     0.4915   2.962674   2.962737    313.915    307.001     0.1162     0.0021     0.1229    713.467   78.81656   -3.00918    34.8734    34.8732 0.0000e+00
    578.000     0.4784     0.4779   2.961607   2.961540    313.935    306.825     0.1163     0.0016     0.1232    714.445   78.81656   -3.00918    34.8726    34.8724 0.0000e+00
    579.000     0.4689     0.4687   2.960768   2.960757    313.495    306.763     0.1164     0.0016     0.1234    715.429   78.81656   -3.00920    34.8718    34.8720 0.0000e+00
    580.000     0.4682     0.4680   2.960759   2.960771    313.382    306.975     0.1166     0.0073     0.1229    716.411   78.81656   -3.00920    34.8719    34.8723 0.0000e+00
    581.000     0.4702     0.4698   2.961025   2.961041    313.753    306.817     0.1167     0.0041     0.1233    717.390   78.81656   -3.00920    34.8726    34.8732 0.0000e+00
    582.000     0.4739     0.4737   2.961427   2.961440    314.006    306.412     0.1169     0.0053     0.1230    718.370   78.81656   -3.00922    34.8730    34.8734 0.0000e+00
    583.000     0.4669     0.4669   2.960824   2.960812    314.036    306.717     0.1171     0.0061     0.1229    719.341   78.81656   -3.00922    34.8725    34.8723 0.0000e+00
    584.000     0.4537     0.4527   2.959674   2.959546    313.686    306.451     0.1172     0.0012     0.1229    720.314   78.81656   -3.00922    34.8717    34.8712 0.0000e+00
    585.000     0.4426     0.4419   2.958705   2.958652    313.422    306.593     0.1174     0.0010     0.1227    721.286   78.81656   -3.00922    34.8710    34.8711 0.0000e+00
    586.000     0.4405     0.4406   2.958561   2.958581    313.213    306.391     0.1176     0.0008     0.1225    722.256   78.81656   -3.00922    34.8709    34.8710 0.0000e+00
    587.000     0.4410     0.4402   2.958637   2.958588    313.240    306.320     0.1177     0.0000     0.1225    723.233   78.81656   -3.00922    34.8708    34.8710 0.0000e+00
    588.000     0.4388     0.4386   2.958492   2.958496    313.877    306.261     0.1179     0.0014     0.1226    724.211   78.81656   -3.00924    34.8707    34.8710 0.0000e+00
    589.000     0.4446     0.4445   2.959109   2.959145    313.849    306.423     0.1180     0.0001     0.1225    725.189   78.81656   -3.00924    34.8717    34.8723 0.0000e+00
    590.000     0.4538     0.4527   2.960047   2.960010    313.622    306.123     0.1181     0.0007     0.1225    726.160   78.81656   -3.00924    34.8730    34.8737 0.0000e+00
    591.000     0.4661     0.4664   2.961271   2.961352    313.779    306.153     0.1182     0.0010     0.1224    727.138   78.81656   -3.00924    34.8745    34.8753 0.0000e+00
    592.000     0.4777     0.4844   2.962457   2.963203    314.010    306.308     0.1183     0.0011     0.1226    728.114   78.81656   -3.00924    34.8764    34.8786 0.0000e+00
    593.000     0.5078     0.5078   2.965344   2.965395    313.510    306.609     0.1184     0.0000     0.1229    729.090   78.81656   -3.00926    34.8796    34.8802 0.0000e+00
    594.000     0.5241     0.5238   2.966988   2.967019    313.637    306.723     0.1184     0.0014     0.1222    730.069   78.81656   -3.00926    34.8821    34.8829 0.0000e+00
    595.000     0.5268     0.5268   2.967320   2.967339    314.056    306.887     0.1184     0.0022     0.1224    731.050   78.81656   -3.00926    34.8828    34.8831 0.0000e+00
    596.000     0.5277     0.5277   2.967463   2.967489    313.514    307.194     0.1184     0.0085     0.1229    732.027   78.81656   -3.00928    34.8831    34.8834 0.0000e+00
    597.000     0.5281     0.5281   2.967586   2.967612    313.384    307.701     0.1184     0.0013     0.1227    733.002   78.81655   -3.00928    34.8837    34.8840 0.0000e+00
    598.000     0.5289     0.5287   2.967730   2.967740    313.626    308.380     0.1184     0.0012     0.1231    733.971   78.81654   -3.00928    34.8841    34.8844 0.0000e+00
    599.000     0.5287     0.5285   2.967762   2.967753    314.124    308.764     0.1183     0.0071     0.1237    734.943   78.81654   -3.00928    34.8841    34.8842 0.0000e+00
    600.000     0.5277     0.5278   2.967722   2.967734    314.782    308.771     0.1182     0.0096     0.1533    735.918   78.81654   -3.00928    34.8841    34.8842 0.0000e+00
    601.000     0.5250     0.5253   2.967525   2.967554    315.338    308.735     0.1181     0.0093     0.1367    736.892   78.81654   -3.00928    34.8840    34.8840 0.0000e+00
    602.000     0.5172     0.5178   2.966875   2.966920    315.318    308.917     0.1180     0.0062     0.1231    737.868   78.81654   -3.00928    34.8838    34.8837 0.0000e+00
    603.000     0.5117     0.5118   2.966426   2.966442    315.279    308.593     0.1179     0.0006     0.1235    738.845   78.81654   -3.00929    34.8835    34.8836 0.0000e+00
    604.000     0.5099     0.5094   2.966305   2.966296    314.776    308.470     0.1177     0.0030     0.1233    739.821   78.81654   -3.00930    34.8834    34.8838 0.0000e+00
    605.000     0.5108     0.5106   2.966431   2.966441    314.812    308.475     0.1176     0.0086     0.1235    740.794   78.81654   -3.00930    34.8834    34.8837 0.0000e+00
    606.000     0.5108     0.5107   2.966478   2.966495    315.422    308.543     0.1174     0.0019     0.1240    741.768   78.81654   -3.00930    34.8834    34.8837 0.0000e+00
    607.000     0.5112     0.5110   2.966555   2.966567    315.823    308.643     0.1172     0.0011     0.1241    742.746   78.81654   -3.00931    34.8835    34.8837 0.0000e+00
    608.000     0.5136     0.5135   2.966859   2.966865    315.452    308.648     0.1171     0.0079     0.1241    743.720   78.81654   -3.00932    34.8840    34.8843 0.0000e+00
    609.000     0.5141     0.5139   2.966941   2.966947    315.457    308.660     0.1169     0.0093     0.1238    744.696   78.81654   -3.00932    34.8840    34.8843 0.0000e+00
    610.000     0.5150     0.5146   2.967080   2.967067    314.878    308.694     0.1167     0.0092     0.1239    745.668   78.81654   -3.00932    34.8842    34.8845 0.0000e+00
    611.000     0.5192     0.5190   2.967539   2.967558    314.774    308.691     0.1165     0.0057     0.1238    746.644   78.81654   -3.00932    34.8849    34.8853 0.0000e+00
    612.000     0.5157     0.5142   2.967295   2.967169    315.517    308.810     0.1164     0.0010     0.1237    747.619   78.81654   -3.00932    34.8851    34.8851 0.0000e+00
    613.000     0.5083     0.5080   2.966653   2.966625    315.795    308.883     0.1162     0.0030     0.1239    748.597   78.81654   -3.00932    34.8845    34.8844 0.0000e+00
    614.000     0.5058     0.5052   2.966486   2.966457    315.954    308.818     0.1161     0.0094     0.1240    749.573   78.81654   -3.00933    34.8845    34.8848 0.0000e+00
    615.000     0.5130     0.5127   2.967217   2.967243    315.321    308.561     0.1160     0.0091     0.1241    750.553   78.81654   -3.00934    34.8853    34.8861 0.0000e+00
    616.000     0.5187     0.5186   2.967790   2.967829    315.760    308.949     0.1158     0.0022     0.1238    751.527   78.81654   -3.00934    34.8859    34.8864 0.0000e+00
    617.000     0.5215     0.5225   2.968107   2.968224    316.064    309.118     0.1157     0.0080     0.1240    752.506   78.81654   -3.00934    34.8862    34.8866 0.0000e+00
    618.000     0.5278     0.5276   2.968754   2.968770    315.768    308.919     0.1156     0.0095     0.1241    753.483   78.81654   -3.00934    34.8870    34.8874 0.0000e+00
    619.000     0.5287     0.5286   2.968889   2.968892    315.638    309.082     0.1155     0.0045     0.1261    754.455   78.81654   -3.00934    34.8871    34.8873 0.0000e+00
    620.000     0.5299     0.5308   2.969057   2.969179    315.238    309.556     0.1154     0.0012     0.1254    755.429   78.81654   -3.00934    34.8874    34.8879 0.0000e+00
    621.000     0.5373     0.5376   2.969791   2.969868    315.030    309.267     0.1154     0.0070     0.1248    756.402   78.81654   -3.00936    34.8881    34.8888 0.0000e+00
    622.000     0.5424     0.5422   2.970332   2.970331    315.058    309.141     0.1153     0.0116     0.1246    757.381   78.81654   -3.00936    34.8888    34.8890 0.0000e+00
    623.000     0.5418     0.5417   2.970318   2.970324    315.815    309.345     0.1152     0.0027     0.1242    758.354   78.81654   -3.00936    34.8887    34.8890 0.0000e+00
    624.000     0.5420     0.5421   2.970389   2.970413    316.127    309.564     0.1152     0.0093     0.1245    759.331   78.81654   -3.00936    34.8888    34.8890 0.0000e+00
    625.000     0.5381     0.5389   2.970066   2.970147    315.726    309.739     0.1152     0.0098     0.1240    760.306   78.81654   -3.00938    34.8884    34.8886 0.0000e+00
    626.000     0.5207     0.5217   2.968521   2.968520    315.454    309.463     0.1151     0.0150     0.1247    761.283   78.81654   -3.00938    34.8872    34.8862 0.0000e+00
    627.000     0.4915     0.4915   2.965898   2.965831    315.979    309.764     0.1151     0.0105     0.1250    762.257   78.81654   -3.00938    34.8854    34.8845 0.0000e+00
    628.000     0.4750     0.4751   2.964443   2.964462    315.675    309.651     0.1151     0.0039     0.1244    763.230   78.81654   -3.00938    34.8844    34.8845 0.0000e+00
    629.000     0.4761     0.4758   2.964604   2.964605    315.518    309.259     0.1151     0.0022     0.1246    764.207   78.81654   -3.00938    34.8846    34.8850 0.0000e+00
    630.000     0.4732     0.4730   2.964383   2.964349    316.534    309.416     0.1152     0.0052     0.1244    765.182   78.81654   -3.00938    34.8844    34.8842 0.0000e+00
    631.000     0.4534     0.4533   2.962631   2.962607    317.596    309.335     0.1152     0.0095     0.1244    766.156   78.81654   -3.00938    34.8833    34.8831 0.0000e+00
    632.000     0.4404     0.4405   2.961515   2.961511    316.938    309.047     0.1152     0.0076     0.1242    767.131   78.81654   -3.00940    34.8828    34.8826 0.0000e+00
