test_project/cnv_files/Sta0213_bin.cnv
* Sea-Bird SBE 9 Data File:
* FileName = C:\Seabird\CTDDATA\Sta0213.hex
* Software Version Seasave V 7.26.7.107
* Temperature SN = 03-4535
* Conductivity SN = 2860
* Number of Bytes Per Scan = 44
* Number of Voltage Words = 5
* Number of Scans Averaged by the Deck Unit = 1
* NMEA Latitude = 78 49.98 N
* NMEA Longitude = 010 30.02 W
* NMEA UTC (Time) = Sep 05 2019 20:53:02
* NMEA baud rate = 9600
** Ship: "Kronprins Haakon"
** Station: 0213
** Echodepth: 371
** Log: 5937.892
** Wind-Dir Force(m/s): 01 09
** Air-temp (dry): -1.2
** Weather Sky: 2 5
** Sea Ice: 1 4
# nquan = 17
# nvalues = 363                         
# units = specified
# name 0 = prDM: Pressure, Digiquartz [db]
# name 1 = t090C: Temperature [ITS-90, deg C]
# name 2 = t190C: Temperature, 2 [ITS-90, deg C]
# name 3 = c0S/m: Conductivity [S/m]
# name 4 = c1S/m: Conductivity, 2 [S/m]
# name 5 = sbox0Mm/Kg: Oxygen, SBE 43 [umol/kg]
# name 6 = sbox1Mm/Kg: Oxygen, SBE 43, 2 [umol/kg]
# name 7 = wetCDOM: Fluorescence, WET Labs CDOM [mg/m^3]
# name 8 = flECO-AFL: Fluorescence, WET Labs ECO-AFL/FL [mg/m^3]
# name 9 = CStarAt0: Beam Attenuation, WET Labs C-Star [1/m]
# name 10 = timeS: Time, Elapsed [seconds]
# name 11 = latitude: Latitude [deg]
# name 12 = longitude: Longitude [deg]
# name 13 = upoly0: Upoly 0, ISUS
# name 14 = sal00: Salinity, Practical [PSU]
# name 15 = sal11: Salinity, Practical, 2 [PSU]
# name 16 = flag: flag
# span 0 =      2.000,    364.000       
# span 1 =    -1.7008,     1.2369       
# span 2 =    -1.7005,     1.2363       
# span 3 =   2.440420,   3.013259       
# span 4 =   2.440765,   3.013183       
# span 5 =    304.040,    419.914       
# span 6 =    298.469,    416.174       
# span 7 =     0.1170,     0.1784       
# span 8 =     0.0011,     0.9087       
# span 9 =     0.1498,     0.3319       
# span 10 =    380.169,    758.587      
# span 11 =   78.83234,   78.83264      
# span 12 =  -10.49946,  -10.49818      
# span 13 =  12.534783,  25.258103      
# span 14 =    30.1259,    34.8168      
# span 15 =    30.1320,    34.8165      
# span 16 = 0.0000e+00, 0.0000e+00      
# interval = decibars: 1                
# start_time = Sep 05 2019 20:53:02 [NMEA time, header]
# bad_flag = -9.990e-29
*END*
[from data line 86]
     88.000    -1.5312    -1.5315   2.616453   2.616401    377.454    372.728     0.1780     0.0565     0.1626    473.004   78.83258  -10.49922  18.152412    32.7779    32.7776 0.0000e+00
     89.000    -1.5089    -1.5092   2.621374   2.621323    375.033    371.395     0.1779     0.0563     0.1632    474.055   78.83258  -10.49922  17.716728    32.8205    32.8202 0.0000e+00
     90.000    -1.4832    -1.4834   2.627406   2.627377    373.833    370.312     0.1777     0.0637     0.1628    475.097   78.83258  -10.49922  18.063374    32.8746    32.8745 0.0000e+00
     91.000    -1.4592    -1.4596   2.632048   2.632003    372.988    369.320     0.1776     0.0755     0.1628    476.137   78.83258  -10.49920  17.896669    32.9114    32.9112 0.0000e+00
     92.000    -1.4383    -1.4385   2.636577   2.636512    372.257    368.473     0.1774     0.0853     0.1637    477.173   78.83258  -10.49920  17.801816    32.9500    32.9493 0.0000e+00
     93.000    -1.4124    -1.4129   2.641435   2.641401    371.270    367.617     0.1771     0.0703     0.1640    478.189   78.83258  -10.49920  17.514988    32.9876    32.9876 0.0000e+00
     94.000    -1.4135    -1.4128   2.643235   2.643200    370.279    367.119     0.1769     0.0537     0.1641    479.203   78.83258  -10.49920  17.582373    33.0129    33.0117 0.0000e+00
     95.000    -1.4372    -1.4360   2.643475   2.643451    368.679    365.689     0.1766     0.0543     0.1638    480.216   78.83258  -10.49920  18.017332    33.0418    33.0402 0.0000e+00
     96.000    -1.4416    -1.4413   2.645906   2.645859    365.107    363.196     0.1763     0.0599     0.1639    481.233   78.83258  -10.49918  18.014795    33.0795    33.0786 0.0000e+00
     97.000    -1.4239    -1.4241   2.651422   2.651367    362.727    361.102     0.1760     0.0541     0.1644    482.263   78.83258  -10.49918  18.892434    33.1352    33.1346 0.0000e+00
     98.000    -1.4034    -1.4041   2.656307   2.656242    363.388    360.221     0.1757     0.0592     0.1638    483.298   78.83256  -10.49918  18.008510    33.1790    33.1788 0.0000e+00
     99.000    -1.3752    -1.3757   2.661403   2.661352    365.135    360.125     0.1753     0.0602     0.1638    484.341   78.83256  -10.49918  17.739781    33.2170    33.2168 0.0000e+00
    100.000    -1.3337    -1.3348   2.668729   2.668676    365.745    359.714     0.1749     0.0541     0.1634    485.389   78.83256  -10.49916  18.219115    33.2708    33.2713 0.0000e+00
    101.000    -1.2849    -1.2856   2.675965   2.675900    365.040    359.077     0.1745     0.0584     0.1626    486.430   78.83256  -10.49916  18.626389    33.3150    33.3149 0.0000e+00
    102.000    -1.2728    -1.2723   2.678539   2.678505    363.448    358.464     0.1741     0.0548     0.1626    487.467   78.83256  -10.49916  18.801025    33.3362    33.3352 0.0000e+00
    103.000    -1.2567    -1.2574   2.683209   2.683101    360.468    356.843     0.1737     0.0580     0.1620    488.492   78.83256  -10.49914  18.889167    33.3816    33.3809 0.0000e+00
    104.000    -1.2761    -1.2746   2.684154   2.684116    356.917    355.463     0.1732     0.0605     0.1624    489.516   78.83256  -10.49912  19.020423    33.4156    33.4135 0.0000e+00
    105.000    -1.3107    -1.3088   2.682467   2.682447    355.589    354.329     0.1727     0.0733     0.1622    490.538   78.83256  -10.49910  19.088838    33.4306    33.4281 0.0000e+00
    106.000    -1.2596    -1.2623   2.689222   2.689209    353.657    352.314     0.1723     0.0918     0.1618    491.554   78.83256  -10.49910  19.276908    33.4653    33.4683 0.0000e+00
    107.000    -1.2035    -1.2035   2.696323   2.696161    354.815    352.041     0.1717     0.0867     0.1616    492.579   78.83256  -10.49909  18.618710    33.4993    33.4971 0.0000e+00
    108.000    -1.1875    -1.1900   2.700339   2.700353    361.622    354.907     0.1712     0.0711     0.1632    493.608   78.83256  -10.49908  18.576690    33.5357    33.5386 0.0000e+00
    109.000    -1.1196    -1.1192   2.708664   2.708624    362.616    354.905     0.1707     0.0698     0.1637    494.649   78.83256  -10.49908  18.824326    33.5728    33.5718 0.0000e+00
    110.000    -1.1263    -1.1255   2.709665   2.709600    360.418    354.393     0.1701     0.0627     0.1643    495.697   78.83256  -10.49908  19.302042    33.5935    33.5916 0.0000e+00
    111.000    -1.1627    -1.1617   2.708022   2.707941    357.106    352.970     0.1696     0.0716     0.1644    496.746   78.83256  -10.49907  19.140967    33.6112    33.6089 0.0000e+00
    112.000    -1.1941    -1.1921   2.707068   2.707019    352.178    350.661     0.1690     0.0842     0.1643    497.788   78.83256  -10.49906  19.121201    33.6327    33.6298 0.0000e+00
    113.000    -1.3577    -1.3486   2.695918   2.696099    351.880    350.608     0.1684     0.0917     0.1655    498.814   78.83256  -10.49906  19.271206    33.6631    33.6554 0.0000e+00
    114.000    -1.4537    -1.4538   2.689970   2.689841    352.636    351.101     0.1678     0.1041     0.1649    499.828   78.83256  -10.49905  18.935692    33.6889    33.6873 0.0000e+00
    115.000    -1.4667    -1.4666   2.689396   2.689365    353.573    351.049     0.1672     0.1277     0.1663    500.839   78.83256  -10.49904  18.489077    33.6951    33.6945 0.0000e+00
    116.000    -1.4668    -1.4670   2.689614   2.689557    362.595    355.151     0.1666     0.1375     0.1680    501.856   78.83256  -10.49904  17.936714    33.6976    33.6971 0.0000e+00
    117.000    -1.4411    -1.4414   2.693088   2.693030    375.271    361.025     0.1660     0.1310     0.1673    502.877   78.83256  -10.49904  17.935768    33.7158    33.7154 0.0000e+00
    118.000    -1.4574    -1.4567   2.693974   2.693940    382.672    365.695     0.1653     0.1267     0.1687    503.909   78.83256  -10.49903  17.423945    33.7459    33.7445 0.0000e+00
    119.000    -1.4708    -1.4704   2.694779   2.694746    382.700    367.599     0.1647     0.1201     0.1695    504.951   78.83256  -10.49902  17.615067    33.7715    33.7705 0.0000e+00
    120.000    -1.4608    -1.4611   2.696973   2.696913    378.671    366.601     0.1640     0.1270     0.1702    506.008   78.83256  -10.49902  18.080684    33.7898    33.7893 0.0000e+00
    121.000    -1.4530    -1.4528   2.698715   2.698612    376.511    366.337     0.1634     0.1293     0.1706    507.054   78.83254  -10.49902  17.469884    33.8044    33.8028 0.0000e+00
    122.000    -1.4478    -1.4478   2.699894   2.699853    376.391    366.328     0.1627     0.1218     0.1713    508.100   78.83254  -10.49900  17.052171    33.8142    33.8135 0.0000e+00
    123.000    -1.4459    -1.4456   2.700175   2.700153    375.080    365.781     0.1620     0.1261     0.1705    509.136   78.83254  -10.49900  17.492756    33.8152    33.8146 0.0000e+00
    124.000    -1.4360    -1.4369   2.701906   2.701739    372.960    364.944     0.1613     0.1311     0.1706    510.168   78.83254  -10.49900  17.530046    33.8273    33.8260 0.0000e+00
    125.000    -1.4271    -1.4268   2.704261   2.704234    370.779    364.073     0.1606     0.1370     0.1714    511.195   78.83254  -10.49900  18.110850    33.8490    33.8483 0.0000e+00
    126.000    -1.4259    -1.4256   2.705162   2.705137    370.083    363.588     0.1600     0.1455     0.1705    512.211   78.83254  -10.49898  17.834381    33.8594    33.8588 0.0000e+00
    127.000    -1.4232    -1.4231   2.706450   2.706413    369.116    362.680     0.1593     0.1483     0.1702    513.230   78.83254  -10.49898  18.295626    33.8735    33.8729 0.0000e+00
    128.000    -1.4167    -1.4163   2.708845   2.708839    367.573    361.832     0.1585     0.1461     0.1702    514.251   78.83254  -10.49898  18.667396    33.8986    33.8980 0.0000e+00
    129.000    -1.4138    -1.4137   2.710574   2.710540    366.138    360.875     0.1578     0.1287     0.1701    515.285   78.83254  -10.49898  18.763862    33.9185    33.9178 0.0000e+00
    130.000    -1.3952    -1.3961   2.713171   2.713123    365.438    359.946     0.1571     0.1280     0.1691    516.329   78.83254  -10.49896  18.436274    33.9324    33.9329 0.0000e+00
    131.000    -1.3034    -1.3057   2.723260   2.723203    363.752    358.386     0.1564     0.1269     0.1684    517.374   78.83254  -10.49896  18.749152    33.9664    33.9681 0.0000e+00
    132.000    -1.2503    -1.2512   2.728860   2.728785    363.941    358.153     0.1557     0.1249     0.1664    518.420   78.83254  -10.49896  19.136101    33.9824    33.9823 0.0000e+00
    133.000    -1.1831    -1.1857   2.735863   2.735738    364.099    357.359     0.1550     0.1014     0.1653    519.460   78.83254  -10.49896  19.012002    34.0015    34.0027 0.0000e+00
    134.000    -1.1540    -1.1535   2.739476   2.739433    359.514    355.244     0.1543     0.0949     0.1647    520.487   78.83254  -10.49894  19.787584    34.0173    34.0161 0.0000e+00
    135.000    -1.1912    -1.1899   2.736884   2.736840    354.566    353.309     0.1536     0.0701     0.1625    521.516   78.83254  -10.49894  19.618011    34.0234    34.0213 0.0000e+00
    136.000    -1.1670    -1.1678   2.739424   2.739342    347.790    348.593     0.1530     0.0685     0.1617    522.536   78.83254  -10.49894  20.161048    34.0301    34.0299 0.0000e+00
    137.000    -1.1487    -1.1494   2.741860   2.741786    343.122    345.116     0.1523     0.0744     0.1608    523.561   78.83254  -10.49893  20.015482    34.0421    34.0419 0.0000e+00
    138.000    -1.1440    -1.1434   2.743267   2.743218    344.186    344.075     0.1516     0.0751     0.1588    524.593   78.83254  -10.49892  19.777100    34.0554    34.0540 0.0000e+00
    139.000    -1.1434    -1.1439   2.744000   2.743929    345.917    343.824     0.1510     0.0640     0.1585    525.631   78.83254  -10.49892  19.932705    34.0641    34.0636 0.0000e+00
    140.000    -1.1249    -1.1247   2.747501   2.747480    345.668    342.936     0.1504     0.0609     0.1567    526.678   78.83254  -10.49892  20.367758    34.0903    34.0899 0.0000e+00
    141.000    -1.1328    -1.1315   2.747291   2.747295    345.533    342.705     0.1498     0.0608     0.1557    527.726   78.83254  -10.49892  20.623725    34.0958    34.0944 0.0000e+00
    142.000    -1.1183    -1.1184   2.748945   2.748935    345.338    341.791     0.1492     0.0606     0.1555    528.772   78.83254  -10.49891  20.771936    34.1014    34.1013 0.0000e+00
    143.000    -1.0704    -1.0731   2.753658   2.753528    344.133    340.447     0.1486     0.0516     0.1543    529.812   78.83254  -10.49890  20.879832    34.1107    34.1120 0.0000e+00
    144.000    -0.9854    -0.9872   2.761804   2.761693    343.708    339.315     0.1480     0.0501     0.1537    530.844   78.83253  -10.49890  20.455806    34.1247    34.1252 0.0000e+00
    145.000    -0.9627    -0.9635   2.764593   2.764464    344.733    339.677     0.1475     0.0498     0.1519    531.874   78.83252  -10.49890  20.848009    34.1363    34.1355 0.0000e+00
    146.000    -0.9541    -0.9541   2.765908   2.765857    343.291    338.456     0.1470     0.0494     0.1515    532.899   78.83252  -10.49889  20.568330    34.1439    34.1431 0.0000e+00
    147.000    -0.9794    -0.9777   2.764677   2.764636    338.109    336.353     0.1465     0.0509     0.1516    533.924   78.83252  -10.49888  21.042827    34.1551    34.1527 0.0000e+00
    148.000    -0.9710    -0.9722   2.766169   2.766094    334.167    334.098     0.1460     0.0440     0.1516    534.953   78.83252  -10.49888  21.213890    34.1653    34.1656 0.0000e+00
    149.000    -0.8918    -0.8973   2.773723   2.773363    332.078    331.932     0.1455     0.0391     0.1508    535.992   78.83252  -10.49888  21.493477    34.1775    34.1789 0.0000e+00
    150.000    -0.8414    -0.8408   2.779191   2.779086    334.705    332.005     0.1451     0.0402     0.1503    537.032   78.83252  -10.49886  21.237545    34.1940    34.1920 0.0000e+00
    151.000    -0.8448    -0.8444   2.779824   2.779784    337.981    332.762     0.1446     0.0430     0.1498    538.073   78.83252  -10.49886  21.145517    34.2059    34.2048 0.0000e+00
    152.000    -0.8527    -0.8522   2.779476   2.779432    335.057    331.382     0.1442     0.0340     0.1505    539.114   78.83252  -10.49886  21.952842    34.2095    34.2083 0.0000e+00
    153.000    -0.8198    -0.8217   2.782569   2.782406    330.619    329.286     0.1438     0.0441     0.1499    540.160   78.83252  -10.49886  21.964245    34.2135    34.2134 0.0000e+00
    154.000    -0.8042    -0.8031   2.784221   2.784209    330.448    328.751     0.1434     0.0456     0.1504    541.200   78.83252  -10.49886  21.900651    34.2176    34.2163 0.0000e+00
    155.000    -0.8115    -0.8102   2.783798   2.783796    332.491    329.236     0.1430     0.0450     0.1510    542.239   78.83252  -10.49884  21.464528    34.2196    34.2180 0.0000e+00
    156.000    -0.7523    -0.7601   2.789359   2.788929    331.855    328.365     0.1427     0.0394     0.1517    543.270   78.83252  -10.49884  21.949213    34.2272    34.2302 0.0000e+00
    157.000    -0.6434    -0.6460   2.799771   2.799483    330.213    327.229     0.1423     0.0447     0.1518    544.291   78.83252  -10.49884  22.216421    34.2439    34.2430 0.0000e+00
    158.000    -0.6286    -0.6300   2.801586   2.801474    333.768    328.429     0.1420     0.0398     0.1518    545.316   78.83252  -10.49884  22.191993    34.2510    34.2511 0.0000e+00
    159.000    -0.5701    -0.5716   2.807234   2.807103    331.615    327.324     0.1416     0.0323     0.1524    546.336   78.83252  -10.49882  22.028913    34.2604    34.2603 0.0000e+00
    160.000    -0.4675    -0.4715   2.816977   2.816783    326.578    325.267     0.1413     0.0305     0.1529    547.360   78.83252  -10.49882  21.932286    34.2749    34.2768 0.0000e+00
    161.000    -0.4412    -0.4392   2.820312   2.820280    325.462    324.420     0.1410     0.0307     0.1550    548.387   78.83252  -10.49882  21.994151    34.2893    34.2867 0.0000e+00
    162.000    -0.4822    -0.4808   2.817178   2.817096    325.222    323.923     0.1407     0.0299     0.1545    549.425   78.83252  -10.49882  22.151090    34.2929    34.2903 0.0000e+00
    163.000    -0.5148    -0.5142   2.814581   2.814516    319.762    320.966     0.1404     0.0266     0.1555    550.477   78.83252  -10.49882  22.568886    34.2943    34.2928 0.0000e+00
    164.000    -0.5248    -0.5239   2.813945   2.813887    316.201    318.823     0.1401     0.0240     0.1567    551.535   78.83252  -10.49880  22.450109    34.2964    34.2947 0.0000e+00
    165.000    -0.5324    -0.5320   2.813557   2.813511    318.488    319.010     0.1399     0.0273     0.1574    552.593   78.83252  -10.49880  22.676286    34.2992    34.2981 0.0000e+00
    166.000    -0.5245    -0.5248   2.814714   2.814641    322.514    319.854     0.1396     0.0313     0.1582    553.642   78.83252  -10.49880  22.682035    34.3052    34.3046 0.0000e+00
    167.000    -0.4988    -0.4987   2.817503   2.817465    325.146    320.350     0.1393     0.0346     0.1597    554.677   78.83252  -10.49879  22.417999    34.3130    34.3124 0.0000e+00
    168.000    -0.4764    -0.4768   2.819934   2.819851    327.270    320.757     0.1391     0.0362     0.1601    555.704   78.83252  -10.49878  22.381304    34.3198    34.3191 0.0000e+00
    169.000    -0.4452    -0.4464   2.823176   2.823081    327.792    321.208     0.1388     0.0355     0.1603    556.714   78.83252  -10.49878  22.613539    34.3275    34.3274 0.0000e+00
    170.000    -0.4316    -0.4316   2.824660   2.824572    327.167    321.126     0.1386     0.0444     0.1612    557.724   78.83252  -10.49878  22.772616    34.3314    34.3302 0.0000e+00
    171.000    -0.4150    -0.4157   2.826417   2.826309    326.272    320.695     0.1384     0.0388     0.1604    558.735   78.83252  -10.49878  22.806519    34.3355    34.3348 0.0000e+00
