test_project/cnv_files/Sta0234_bin.cnv
* Sea-Bird SBE 9 Data File:
* FileName = C:\Seabird\CTDDATA\Sta0234.hex
* Software Version Seasave V 7.26.7.107
* Temperature SN = 03-4535
* Conductivity SN = 2860
* Number of Bytes Per Scan = 44
* Number of Voltage Words = 5
* Number of Scans Averaged by the Deck Unit = 1
* NMEA Latitude = 78 50.39 N
* NMEA Longitude = 008 06.49 W
* NMEA UTC (Time) = Sep 10 2019 07:23:30
* NMEA baud rate = 9600
** Ship: "Kronprins Haakon"
** Station: 0234
** Echodepth: 221
** Log: 6256.23
** Wind-Dir Force(m/s): 07 20
** Air-temp (dry): 0.5
** Weather Sky: 5 8
** Sea Ice: 2 5
# nquan = 17
# nvalues = 209                         
# units = specified
# name 0 = prDM: Pressure, Digiquartz [db]
# name 1 = t090C: Temperature [ITS-90, deg C]
# name 2 = t190C: Temperature, 2 [ITS-90, deg C]
# name 3 = c0S/m: Conductivity [S/m]
# name 4 = c1S/m: Conductivity, 2 [S/m]
# name 5 = sbox0Mm/Kg: Oxygen, SBE 43 [umol/kg]
# name 6 = sbox1Mm/Kg: Oxygen, SBE 43, 2 [umol/kg]
# name 7 = wetCDOM: Fluorescence, WET Labs CDOM [mg/m^3]
# name 8 = flECO-AFL: Fluorescence, WET Labs ECO-AFL/FL [mg/m^3]
# name 9 = CStarAt0: Beam Attenuation, WET Labs C-Star [1/m]
# name 10 = timeS: Time, Elapsed [seconds]
# name 11 = latitude: Latitude [deg]
# name 12 = longitude: Longitude [deg]
# name 13 = upoly0: Upoly 0, ISUS
# name 14 = sal00: Salinity, Practical [PSU]
# name 15 = sal11: Salinity, Practical, 2 [PSU]
# name 16 = flag: flag
# span 0 =      3.000,    213.000       
# span 1 =    -1.6770,     0.8783       
# span 2 =    -1.6772,     0.8763       
# span 3 =   2.416992,   2.963571       
# span 4 =   2.416964,   2.963419       
# span 5 =    310.507,    423.471       
# span 6 =    307.693,    415.924       
# span 7 =     0.1050,     0.2036       
# span 8 =     0.0139,     0.5876       
# span 9 =     0.1492,     0.2690       
# span 10 =    134.213,    410.189      
# span 11 =   78.80993,   78.84140      
# span 12 =   -8.12132,   -8.11336      
# span 13 =  12.132281,  24.178931      
# span 14 =    30.1238,    34.6701      
# span 15 =    30.1232,    34.6689      
# span 16 = 0.0000e+00, 0.0000e+00      
# interval = decibars: 1                
# start_time = Sep 10 2019 07:23:30 [NMEA time, header]
# bad_flag = -9.990e-29
*END*
      3.000    -1.5614    -1.5611   2.417096   2.417158    404.745    400.860     0.1662     0.5523     0.2653    134.213   78.84052   -8.11336  12.684645    30.1248    30.1253 0.0000e+00
      4.000    -1.5606    -1.5602   2.417245   2.417273    404.713    400.952     0.1683     0.5453     0.2647    135.280   78.84052   -8.11340  12.911193    30.1254    30.1254 0.0000e+00
      5.000    -1.5609    -1.5605   2.417279   2.417288    405.368    400.587     0.1710     0.5106     0.2653    136.271   78.84052   -8.11344  12.978298    30.1256    30.1253 0.0000e+00
      6.000    -1.5609    -1.5608   2.417324   2.417311    406.447    400.415     0.1740     0.4924     0.2660    137.261   78.84052   -8.11348  12.763467    30.1256    30.1254 0.0000e+00
      7.000    -1.5616    -1.5597   2.417228   2.417387    407.333    400.788     0.1771     0.4861     0.2661    138.209   78.84054   -8.11352  12.185894    30.1245    30.1247 0.0000e+00
      8.000    -1.5578    -1.5582   2.417502   2.417449    407.782    400.741     0.1824     0.4853     0.2670    139.151   78.84054   -8.11356  12.661246    30.1238    30.1234 0.0000e+00
      9.000    -1.5583    -1.5582   2.417524   2.417546    408.121    400.504     0.1863     0.4685     0.2665    140.156   78.84054   -8.11360  12.672417    30.1240    30.1242 0.0000e+00
     10.000    -1.5614    -1.5573   2.417376   2.417578    408.030    400.664     0.1903     0.4691     0.2658    141.145   78.84054   -8.11363  12.594934    30.1245    30.1232 0.0000e+00
     11.000    -1.5686    -1.5686   2.416992   2.416964    407.670    401.226     0.1942     0.4799     0.2670    142.110   78.84054   -8.11367  12.501970    30.1261    30.1256 0.0000e+00
     12.000    -1.5692    -1.5692   2.417104   2.416971    407.921    400.976     0.1977     0.4929     0.2642    143.109   78.84056   -8.11370  12.707624    30.1276    30.1257 0.0000e+00
     13.000    -1.5696    -1.5694   2.417117   2.417083    408.276    400.800     0.2006     0.5037     0.2679    144.124   78.84056   -8.11373  13.125901    30.1276    30.1270 0.0000e+00
     14.000    -1.5700    -1.5700   2.417264   2.417308    409.118    401.096     0.2027     0.5129     0.2674    145.131   78.84056   -8.11377  12.860815    30.1295    30.1300 0.0000e+00
     15.000    -1.5703    -1.5703   2.417222   2.417216    409.099    401.147     0.2036     0.5285     0.2685    146.150   78.84056   -8.11382  12.670801    30.1286    30.1285 0.0000e+00
     16.000    -1.5655    -1.5684   2.418621   2.417990    408.695    401.147     0.2034     0.5475     0.2668    147.176   78.84056   -8.11386  12.821065    30.1423    30.1366 0.0000e+00
     17.000    -1.5316    -1.5336   2.426972   2.426730    408.188    400.444     0.2020     0.5612     0.2670    148.202   78.84056   -8.11390  12.677014    30.2214    30.2201 0.0000e+00
     18.000    -1.5128    -1.5122   2.431272   2.431389    408.923    400.787     0.1997     0.5763     0.2690    149.242   78.84058   -8.11394  12.602345    30.2604    30.2613 0.0000e+00
     19.000    -1.4892    -1.4925   2.436468   2.435929    409.732    400.983     0.1966     0.5876     0.2687    150.282   78.84058   -8.11398  12.398432    30.3067    30.3027 0.0000e+00
     20.000    -1.4539    -1.4573   2.445720   2.445112    409.028    400.886     0.1930     0.5540     0.2665    151.314   78.84058   -8.11402  12.326164    30.3963    30.3914 0.0000e+00
     21.000    -1.1301    -1.1543   2.528432   2.524630    403.335    396.055     0.1893     0.5565     0.2642    152.354   78.84060   -8.11406  12.415679    31.1848    31.1585 0.0000e+00
     22.000    -0.9519    -0.9507   2.580689   2.580165    407.068    397.278     0.1857     0.5305     0.2650    153.414   78.84060   -8.11409  12.392747    31.7053    31.6970 0.0000e+00
     23.000    -0.9868    -0.9853   2.584141   2.583977    416.171    404.321     0.1826     0.4913     0.2661    154.473   78.84060   -8.11413  12.350601    31.7883    31.7845 0.0000e+00
     24.000    -1.0058    -1.0039   2.585122   2.585077    411.479    407.431     0.1801     0.4968     0.2528    155.549   78.84060   -8.11417  12.431953    31.8211    31.8184 0.0000e+00
     25.000    -1.0580    -1.0567   2.584271   2.584247    408.668    413.013     0.1782     0.4580     0.2312    156.634   78.84060   -8.11421  12.735143    31.8644    31.8627 0.0000e+00
     26.000    -1.1517    -1.1471   2.578531   2.578622    411.735    415.924     0.1769     0.3919     0.2248    157.718   78.84061   -8.11426  12.132281    31.8854    31.8818 0.0000e+00
     27.000    -1.1767    -1.1769   2.578119   2.578046    414.997    414.902     0.1760     0.3898     0.2218    158.806   78.84062   -8.11430  12.372423    31.9059    31.9052 0.0000e+00
     28.000    -1.2052    -1.2015   2.577093   2.577244    418.378    413.762     0.1753     0.4445     0.2110    159.878   78.84062   -8.11434  12.462552    31.9217    31.9198 0.0000e+00
     29.000    -1.2562    -1.2516   2.574283   2.574405    423.076    413.673     0.1748     0.4356     0.2125    160.955   78.84062   -8.11439  12.290654    31.9374    31.9341 0.0000e+00
     30.000    -1.2783    -1.2748   2.573834   2.573963    423.471    411.796     0.1742     0.4516     0.2128    162.020   78.84062   -8.11443  12.744164    31.9542    31.9522 0.0000e+00
     31.000    -1.3340    -1.3286   2.570468   2.570780    421.821    410.204     0.1736     0.4598     0.2135    163.097   78.84064   -8.11446  12.661733    31.9673    31.9657 0.0000e+00
     32.000    -1.3835    -1.3799   2.567571   2.567680    418.933    408.200     0.1728     0.4433     0.2161    164.180   78.84064   -8.11450  12.857162    31.9801    31.9778 0.0000e+00
     33.000    -1.4547    -1.4472   2.563355   2.563688    415.467    405.739     0.1719     0.4336     0.2157    165.260   78.84064   -8.11454  13.053980    31.9981    31.9947 0.0000e+00
     34.000    -1.5029    -1.5018   2.560486   2.560495    412.433    403.425     0.1708     0.4016     0.2152    166.348   78.84064   -8.11458  13.777964    32.0100    32.0089 0.0000e+00
     35.000    -1.5128    -1.5133   2.560447   2.560341    410.524    400.530     0.1697     0.3423     0.2206    167.442   78.84066   -8.11463  14.279880    32.0195    32.0185 0.0000e+00
     36.000    -1.5222    -1.5217   2.560386   2.560341    410.381    398.926     0.1687     0.3067     0.2333    168.538   78.84066   -8.11467  14.259628    32.0282    32.0270 0.0000e+00
     37.000    -1.5275    -1.5276   2.560848   2.560782    409.738    397.363     0.1677     0.2912     0.2038    169.626   78.84066   -8.11471  14.662126    32.0396    32.0388 0.0000e+00
     38.000    -1.5634    -1.5611   2.559308   2.559354    408.163    396.392     0.1668     0.2959     0.1981    170.711   78.84066   -8.11476  15.090113    32.0565    32.0546 0.0000e+00
     39.000    -1.5867    -1.5868   2.558013   2.557970    406.007    395.268     0.1660     0.2796     0.1953    171.776   78.84066   -8.11479  14.605478    32.0632    32.0628 0.0000e+00
     40.000    -1.5895    -1.5895   2.558084   2.558045    403.240    393.752     0.1652     0.2851     0.1938    172.827   78.84067   -8.11482  14.259733    32.0666    32.0661 0.0000e+00
     41.000    -1.5902    -1.5882   2.558870   2.558894    402.683    393.094     0.1646     0.2956     0.1922    173.874   78.84068   -8.11486  14.765976    32.0775    32.0757 0.0000e+00
     42.000    -1.6152    -1.6156   2.557686   2.557612    403.349    393.114     0.1640     0.2515     0.1891    174.927   78.84068   -8.11491  14.510303    32.0877    32.0871 0.0000e+00
     43.000    -1.6253    -1.6251   2.557591   2.557526    402.433    392.663     0.1636     0.2106     0.1880    175.978   78.84069   -8.11495  14.743072    32.0967    32.0955 0.0000e+00
     44.000    -1.5998    -1.6007   2.560581   2.560515    400.715    391.521     0.1632     0.1773     0.1848    177.041   78.84070   -8.11499  15.381226    32.1097    32.1098 0.0000e+00
     45.000    -1.6037    -1.6029   2.560693   2.560690    400.728    390.894     0.1630     0.1416     0.1814    178.108   78.84070   -8.11503  15.558067    32.1148    32.1140 0.0000e+00
     46.000    -1.6192    -1.6184   2.560240   2.560245    400.614    390.282     0.1628     0.1306     0.1777    179.171   78.84070   -8.11508  15.287104    32.1248    32.1240 0.0000e+00
     47.000    -1.6286    -1.6282   2.559814   2.559806    398.664    389.274     0.1627     0.1220     0.1749    180.239   78.84070   -8.11512  14.879575    32.1285    32.1279 0.0000e+00
     48.000    -1.6326    -1.6324   2.559650   2.559639    396.905    388.375     0.1628     0.1043     0.1722    181.299   78.84070   -8.11516  14.857515    32.1299    32.1295 0.0000e+00
     49.000    -1.6341    -1.6337   2.559816   2.559816    396.544    387.911     0.1629     0.0977     0.1709    182.353   78.84072   -8.11518  14.867589    32.1332    32.1328 0.0000e+00
     50.000    -1.6452    -1.6448   2.559789   2.559759    396.787    387.572     0.1630     0.1077     0.1693    183.407   78.84072   -8.11523  14.796084    32.1442    32.1433 0.0000e+00
     51.000    -1.6491    -1.6489   2.560013   2.559993    396.236    387.322     0.1633     0.1130     0.1707    184.459   78.84072   -8.11527  15.396739    32.1510    32.1504 0.0000e+00
     52.000    -1.6560    -1.6556   2.560540   2.560495    396.124    387.423     0.1636     0.0990     0.1740    185.516   78.84072   -8.11531  15.242044    32.1651    32.1640 0.0000e+00
     53.000    -1.6604    -1.6602   2.560818   2.560792    396.638    387.429     0.1639     0.0902     0.1708    186.583   78.84073   -8.11535  15.526744    32.1731    32.1725 0.0000e+00
     54.000    -1.6642    -1.6641   2.561102   2.561078    396.114    386.836     0.1643     0.0850     0.1686    187.656   78.84074   -8.11540  15.006008    32.1806    32.1801 0.0000e+00
     55.000    -1.6668    -1.6666   2.561914   2.561831    395.915    386.370     0.1647     0.0757     0.1681    188.726   78.84074   -8.11544  15.303588    32.1940    32.1926 0.0000e+00
     56.000    -1.6677    -1.6677   2.563287   2.563213    394.661    385.600     0.1652     0.0708     0.1680    189.805   78.84074   -8.11547  15.256825    32.2133    32.2123 0.0000e+00
     57.000    -1.6685    -1.6685   2.564148   2.564105    394.137    385.390     0.1657     0.0679     0.1684    190.880   78.84075   -8.11550  15.241331    32.2254    32.2248 0.0000e+00
     58.000    -1.6681    -1.6682   2.564568   2.564535    393.797    384.898     0.1662     0.0785     0.1678    191.946   78.84076   -8.11555  15.355161    32.2302    32.2299 0.0000e+00
     59.000    -1.6658    -1.6660   2.565766   2.565713    393.378    384.773     0.1667     0.0684     0.1675    193.002   78.84076   -8.11559  15.829099    32.2437    32.2431 0.0000e+00
     60.000    -1.6683    -1.6682   2.566851   2.566796    393.516    384.540     0.1672     0.0718     0.1695    194.056   78.84076   -8.11563  16.143920    32.2607    32.2598 0.0000e+00
     61.000    -1.6707    -1.6705   2.567434   2.567399    393.411    384.615     0.1678     0.0810     0.1711    195.113   78.84076   -8.11567  15.999140    32.2707    32.2700 0.0000e+00
     62.000    -1.6742    -1.6740   2.567961   2.567928    393.308    384.648     0.1684     0.0786     0.1725    196.177   78.84078   -8.11571  15.660623    32.2813    32.2805 0.0000e+00
     63.000    -1.6765    -1.6767   2.568888   2.568804    393.274    384.704     0.1690     0.0885     0.1736    197.257   78.84078   -8.11576  15.614715    32.2960    32.2949 0.0000e+00
     64.000    -1.6740    -1.6741   2.570333   2.570283    393.199    384.627     0.1696     0.0788     0.1736    198.343   78.84078   -8.11580  15.603177    32.3126    32.3120 0.0000e+00
     65.000    -1.6755    -1.6753   2.571084   2.571054    393.219    384.400     0.1703     0.0615     0.1732    199.427   78.84078   -8.11583  15.499184    32.3240    32.3234 0.0000e+00
     66.000    -1.6770    -1.6772   2.572206   2.572110    392.701    383.760     0.1709     0.0609     0.1719    200.510   78.84078   -8.11587  15.973191    32.3405    32.3394 0.0000e+00
     67.000    -1.6729    -1.6731   2.573847   2.573790    391.734    383.039     0.1716     0.0609     0.1725    201.582   78.84079   -8.11591  16.010512    32.3581    32.3575 0.0000e+00
     68.000    -1.6712    -1.6714   2.574938   2.574899    391.377    382.649     0.1723     0.0598     0.1716    202.644   78.84080   -8.11596  16.193066    32.3707    32.3704 0.0000e+00
     69.000    -1.6649    -1.6655   2.577837   2.577680    391.140    382.064     0.1731     0.0538     0.1706    203.706   78.84080   -8.11600  16.210216    32.4032    32.4018 0.0000e+00
     70.000    -1.6559    -1.6562   2.580124   2.580131    390.712    381.791     0.1738     0.0536     0.1711    204.771   78.84081   -8.11604  16.048430    32.4245    32.4249 0.0000e+00
     71.000    -1.6478    -1.6481   2.582457   2.582354    389.692    381.068     0.1745     0.0542     0.1704    205.839   78.84082   -8.11608  15.862735    32.4472    32.4461 0.0000e+00
     72.000    -1.6434    -1.6436   2.584874   2.584784    388.033    380.232     0.1752     0.0604     0.1702    206.919   78.84082   -8.11613  16.014829    32.4752    32.4742 0.0000e+00
     73.000    -1.6385    -1.6389   2.586746   2.586646    387.149    379.390     0.1758     0.0609     0.1706    208.012   78.84082   -8.11615  15.717737    32.4951    32.4942 0.0000e+00
     74.000    -1.6334    -1.6338   2.588710   2.588617    386.289    378.778     0.1764     0.0609     0.1716    209.103   78.84082   -8.11619  15.903829    32.5160    32.5152 0.0000e+00
     75.000    -1.6302    -1.6302   2.590439   2.590367    385.125    378.056     0.1770     0.0609     0.1718    210.189   78.84082   -8.11624  16.125119    32.5357    32.5347 0.0000e+00
     76.000    -1.6282    -1.6288   2.592456   2.592277    384.066    377.091     0.1774     0.0609     0.1740    211.262   78.84084   -8.11628  16.253242    32.5608    32.5591 0.0000e+00
     77.000    -1.6099    -1.6111   2.597815   2.597576    383.129    376.359     0.1778     0.0605     0.1739    212.322   78.84084   -8.11632  16.455769    32.6142    32.6121 0.0000e+00
     78.000    -1.5978    -1.5984   2.601688   2.601550    383.294    376.193     0.1781     0.0543     0.1738    213.368   78.84084   -8.11636  16.173715    32.6537    32.6525 0.0000e+00
     79.000    -1.5827    -1.5838   2.605481   2.605282    382.479    375.311     0.1783     0.0533     0.1732    214.418   78.84086   -8.11641  16.011122    32.6888    32.6873 0.0000e+00
     80.000    -1.5721    -1.5728   2.608199   2.608100    381.231    374.445     0.1784     0.0475     0.1727    215.493   78.84086   -8.11645  17.017569    32.7141    32.7135 0.0000e+00
     81.000    -1.5402    -1.5420   2.613382   2.613132    379.783    373.116     0.1784     0.0590     0.1723    216.589   78.84086   -8.11647  16.979504    32.7498    32.7484 0.0000e+00
     82.000    -1.5433    -1.5425   2.616355   2.616293    378.990    372.211     0.1785     0.0671     0.1725    217.687   78.84086   -8.11652  16.458826    32.7936    32.7918 0.0000e+00
     83.000    -1.5381    -1.5386   2.618102   2.618014    378.079    371.338     0.1784     0.0617     0.1745    218.801   78.84086   -8.11656  16.945932    32.8113    32.8107 0.0000e+00
     84.000    -1.5341    -1.5342   2.619213   2.619161    376.433    370.236     0.1783     0.0601     0.1747    219.910   78.84087   -8.11660  16.365850    32.8216    32.8210 0.0000e+00
     85.000    -1.5481    -1.5472   2.619123   2.619093    375.402    369.521     0.1782     0.0473     0.1727    220.995   78.84088   -8.11665  17.085904    32.8352    32.8338 0.0000e+00
     86.000    -1.5446    -1.5453   2.621033   2.620908    374.256    368.258     0.1781     0.0404     0.1722    222.053   78.84088   -8.11669  17.279816    32.8571    32.8561 0.0000e+00
     87.000    -1.5294    -1.5303   2.624508   2.624366    373.614    367.015     0.1779     0.0575     0.1722    223.093   78.84088   -8.11673  16.950236    32.8876    32.8866 0.0000e+00
