test_project/cnv_files/Sta0233_bin.cnv
* Sea-Bird SBE 9 Data File:
* FileName = C:\Seabird\CTDDATA\Sta0233.hex
* Software Version Seasave V 7.26.7.107
* Temperature SN = 03-4535
* Conductivity SN = 2860
* Number of Bytes Per Scan = 44
* Number of Voltage Words = 5
* Number of Scans Averaged by the Deck Unit = 1
* NMEA Latitude = 78 49.99 N
* NMEA Longitude = 009 15.43 W
* NMEA UTC (Time) = Sep 10 2019 01:09:36
* NMEA baud rate = 9600
** Ship: "Kronprins Haakon"
** Station: 0233
** Echodepth: 193
** Log: 6240.235
** Wind-Dir Force(m/s): 04 18
** Air-temp (dry): -2.5
** Weather Sky: 2 8
** Sea Ice: 2 4
** Small CTD, 12 bottles. No LADCP
# nquan = 17
# nvalues = 181                         
# units = specified
# name 0 = prDM: Pressure, Digiquartz [db]
# name 1 = t090C: Temperature [ITS-90, deg C]
# name 2 = t190C: Temperature, 2 [ITS-90, deg C]
# name 3 = c0S/m: Conductivity [S/m]
# name 4 = c1S/m: Conductivity, 2 [S/m]
# name 5 = sbox0Mm/Kg: Oxygen, SBE 43 [umol/kg]
# name 6 = sbox1Mm/Kg: Oxygen, SBE 43, 2 [umol/kg]
# name 7 = wetCDOM: Fluorescence, WET Labs CDOM [mg/m^3]
# name 8 = flECO-AFL: Fluorescence, WET Labs ECO-AFL/FL [mg/m^3]
# name 9 = CStarAt0: Beam Attenuation, WET Labs C-Star [1/m]
# name 10 = timeS: Time, Elapsed [seconds]
# name 11 = latitude: Latitude [deg]
# name 12 = longitude: Longitude [deg]
# name 13 = upoly0: Upoly 0, ISUS
# name 14 = sal00: Salinity, Practical [PSU]
# name 15 = sal11: Salinity, Practical, 2 [PSU]
# name 16 = flag: flag
# span 0 =      1.000,    181.000       
# span 1 =    -1.5643,     0.8452       
# span 2 =    -1.5659,     0.8448       
# span 3 =   2.444307,   2.960917       
# span 4 =   2.444001,   2.960854       
# span 5 =    311.403,    423.714       
# span 6 =    304.480,    416.869       
# span 7 =     0.0967,     0.1752       
# span 8 =     0.0114,     1.5373       
# span 9 =     0.1502,     0.3688       
# span 10 =    207.517,    391.128      
# span 11 =   78.83320,   78.83322      
# span 12 =   -9.25728,   -9.25718      
# span 13 =  13.506155,  25.128600      
# span 14 =    30.5010,    34.6865      
# span 15 =    30.4985,    34.6862      
# span 16 = 0.0000e+00, 0.0000e+00      
# interval = decibars: 1                
# start_time = Sep 10 2019 01:09:36 [NMEA time, header]
# bad_flag = -9.990e-29
*END*
[from data line 86]
     87.000    -1.0198    -1.0217   2.762322   2.762258    343.790    339.934     0.1171     0.0634     0.1533    299.969   78.83322   -9.25726  21.716957    34.2064    34.2076 0.0000e+00
     88.000    -0.9227    -0.9278   2.772250   2.772102    343.074    338.579     0.1172     0.0663     0.1539    300.854   78.83322   -9.25726  21.410286    34.2306    34.2343 0.0000e+00
     89.000    -0.8721    -0.8715   2.777216   2.777289    343.929    338.222     0.1174     0.0599     0.1530    301.747   78.83322   -9.25726  21.206844    34.2399    34.2403 0.0000e+00
     90.000    -0.8549    -0.8584   2.778966   2.778652    345.963    338.740     0.1176     0.0543     0.1531    302.670   78.83322   -9.25726  22.026723    34.2435    34.2433 0.0000e+00
     91.000    -0.8260    -0.8266   2.781964   2.782027    343.594    337.317     0.1177     0.0592     0.1531    303.631   78.83322   -9.25726  21.685764    34.2508    34.2524 0.0000e+00
     92.000    -0.7135    -0.7194   2.793297   2.793084    338.446    334.709     0.1179     0.0608     0.1521    304.645   78.83322   -9.25726  21.896059    34.2761    34.2798 0.0000e+00
     93.000    -0.6286    -0.6306   2.802160   2.802091    336.921    333.889     0.1180     0.0603     0.1518    305.696   78.83322   -9.25726  21.464189    34.2989    34.3002 0.0000e+00
     94.000    -0.5840    -0.5850   2.806978   2.806920    337.501    333.500     0.1182     0.0601     0.1518    306.750   78.83322   -9.25726  21.642892    34.3127    34.3131 0.0000e+00
     95.000    -0.5334    -0.5367   2.812271   2.812168    334.004    331.456     0.1183     0.0563     0.1512    307.775   78.83322   -9.25726  22.100562    34.3261    34.3285 0.0000e+00
     96.000    -0.4759    -0.4779   2.818230   2.818085    329.087    329.161     0.1184     0.0494     0.1508    308.754   78.83322   -9.25726  22.316987    34.3405    34.3408 0.0000e+00
     97.000    -0.3806    -0.3844   2.828022   2.827867    326.459    327.175     0.1185     0.0433     0.1505    309.690   78.83322   -9.25726  22.666465    34.3636    34.3657 0.0000e+00
     98.000    -0.3454    -0.3464   2.831669   2.831574    326.453    326.303     0.1186     0.0384     0.1504    310.591   78.83322   -9.25726  22.521500    34.3720    34.3718 0.0000e+00
     99.000    -0.3099    -0.3121   2.835265   2.835081    326.152    325.571     0.1187     0.0389     0.1506    311.476   78.83322   -9.25726  22.617087    34.3795    34.3795 0.0000e+00
    100.000    -0.2889    -0.2847   2.837463   2.837900    324.599    324.230     0.1188     0.0388     0.1503    312.368   78.83322   -9.25726  22.671683    34.3845    34.3856 0.0000e+00
    101.000    -0.2680    -0.2683   2.839560   2.839558    323.031    322.820     0.1188     0.0437     0.1502    313.279   78.83322   -9.25726  22.740392    34.3882    34.3886 0.0000e+00
    102.000    -0.2435    -0.2461   2.842031   2.841794    322.579    321.936     0.1189     0.0496     0.1507    314.226   78.83322   -9.25726  23.046737    34.3931    34.3927 0.0000e+00
    103.000    -0.2323    -0.2341   2.843192   2.843013    322.856    321.371     0.1189     0.0497     0.1503    315.219   78.83322   -9.25726  22.492854    34.3952    34.3949 0.0000e+00
    104.000    -0.1516    -0.1471   2.851458   2.852246    322.462    320.342     0.1189     0.0402     0.1508    316.257   78.83322   -9.25726  22.914945    34.4138    34.4193 0.0000e+00
    105.000    -0.0408    -0.0432   2.863041   2.863093    322.914    320.064     0.1190     0.0391     0.1508    317.319   78.83322   -9.25726  23.088962    34.4423    34.4458 0.0000e+00
    106.000     0.0541     0.0525   2.872877   2.872785    325.139    320.370     0.1190     0.0509     0.1511    318.364   78.83322   -9.25726  23.046938    34.4653    34.4658 0.0000e+00
    107.000     0.0621     0.0615   2.873787   2.873679    325.511    320.727     0.1191     0.0441     0.1512    319.362   78.83322   -9.25726  23.126746    34.4677    34.4670 0.0000e+00
    108.000     0.0751     0.0751   2.875168   2.875128    321.545    319.060     0.1192     0.0391     0.1520    320.310   78.83322   -9.25726  23.270140    34.4707    34.4703 0.0000e+00
    109.000     0.0866     0.0861   2.876373   2.876271    317.077    317.402     0.1193     0.0391     0.1526    321.220   78.83322   -9.25726  23.224181    34.4732    34.4724 0.0000e+00
    110.000     0.1133     0.1104   2.879199   2.878962    315.574    316.389     0.1194     0.0443     0.1533    322.101   78.83322   -9.25726  23.192105    34.4800    34.4801 0.0000e+00
    111.000     0.1466     0.1464   2.882678   2.882654    316.055    315.601     0.1196     0.0455     0.1541    322.975   78.83322   -9.25726  23.445528    34.4879    34.4878 0.0000e+00
    112.000     0.1611     0.1631   2.884212   2.884390    318.041    315.692     0.1198     0.0410     0.1546    323.859   78.83322   -9.25726  23.572838    34.4912    34.4913 0.0000e+00
    113.000     0.1807     0.1797   2.886250   2.886132    319.525    315.546     0.1201     0.0310     0.1557    324.776   78.83322   -9.25726  23.488325    34.4954    34.4950 0.0000e+00
    114.000     0.2087     0.2067   2.889214   2.889105    319.104    314.848     0.1203     0.0315     0.1568    325.737   78.83322   -9.25726  23.484179    34.5025    34.5033 0.0000e+00
    115.000     0.2557     0.2529   2.894200   2.894068    319.096    314.399     0.1207     0.0379     0.1573    326.751   78.83322   -9.25726  23.827746    34.5148    34.5162 0.0000e+00
    116.000     0.3333     0.3327   2.902491   2.902485    318.902    314.274     0.1210     0.0311     0.1589    327.811   78.83322   -9.25726  23.518433    34.5361    34.5367 0.0000e+00
    117.000     0.3775     0.3725   2.907325   2.906839    319.077    314.233     0.1214     0.0249     0.1582    328.891   78.83322   -9.25726  23.662308    34.5494    34.5487 0.0000e+00
    118.000     0.4061     0.4047   2.910547   2.910384    318.059    313.990     0.1218     0.0371     0.1583    329.938   78.83322   -9.25726  23.728884    34.5591    34.5585 0.0000e+00
    119.000     0.4078     0.4065   2.910778   2.910534    316.148    313.421     0.1223     0.0261     0.1593    330.938   78.83322   -9.25726  23.750274    34.5595    34.5578 0.0000e+00
    120.000     0.4069     0.4061   2.910692   2.910529    314.228    312.420     0.1227     0.0239     0.1615    331.884   78.83322   -9.25726  23.912729    34.5588    34.5576 0.0000e+00
    121.000     0.4231     0.4232   2.912545   2.912621    313.003    311.275     0.1232     0.0230     0.1650    332.788   78.83322   -9.25726  24.339157    34.5643    34.5652 0.0000e+00
    122.000     0.4861     0.4826   2.919418   2.919144    313.090    310.291     0.1237     0.0259     0.1650    333.664   78.83322   -9.25726  23.913580    34.5832    34.5835 0.0000e+00
    123.000     0.5022     0.5015   2.921197   2.921046    314.423    310.431     0.1242     0.0300     0.1661    334.533   78.83322   -9.25726  24.320783    34.5878    34.5865 0.0000e+00
    124.000     0.5042     0.5039   2.921485   2.921373    315.668    310.694     0.1247     0.0305     0.1682    335.410   78.83322   -9.25726  24.447822    34.5887    34.5876 0.0000e+00
    125.000     0.5068     0.5071   2.921800   2.921751    315.351    310.246     0.1251     0.0315     0.1703    336.321   78.83322   -9.25726  24.125770    34.5893    34.5883 0.0000e+00
    126.000     0.5098     0.5098   2.922155   2.922074    313.917    309.489     0.1255     0.0262     0.1727    337.274   78.83322   -9.25726  24.498634    34.5901    34.5890 0.0000e+00
    127.000     0.5166     0.5150   2.922933   2.922684    313.041    308.717     0.1258     0.0240     0.1751    338.283   78.83322   -9.25726  24.503847    34.5920    34.5905 0.0000e+00
    128.000     0.5238     0.5237   2.923743   2.923655    313.264    308.519     0.1261     0.0199     0.1766    339.332   78.83322   -9.25726  24.078377    34.5938    34.5928 0.0000e+00
    129.000     0.5274     0.5275   2.924160   2.924103    313.922    308.424     0.1263     0.0205     0.1769    340.397   78.83322   -9.25726  24.016677    34.5947    34.5938 0.0000e+00
    130.000     0.5311     0.5310   2.924604   2.924527    313.987    308.501     0.1265     0.0277     0.1777    341.443   78.83322   -9.25726  24.112807    34.5958    34.5948 0.0000e+00
    131.000     0.5395     0.5393   2.925572   2.925501    313.822    308.524     0.1266     0.0310     0.1786    342.447   78.83322   -9.25726  24.224259    34.5984    34.5977 0.0000e+00
    132.000     0.5485     0.5477   2.926594   2.926457    313.454    308.371     0.1267     0.0274     0.1799    343.404   78.83322   -9.25726  24.372322    34.6011    34.6002 0.0000e+00
    133.000     0.5551     0.5551   2.927354   2.927281    313.526    308.309     0.1267     0.0177     0.1801    344.327   78.83322   -9.25726  24.670675    34.6030    34.6021 0.0000e+00
    134.000     0.5562     0.5570   2.927534   2.927550    314.002    308.251     0.1266     0.0231     0.1815    345.225   78.83322   -9.25726  24.696952    34.6035    34.6028 0.0000e+00
    135.000     0.5649     0.5639   2.928546   2.928410    313.728    307.805     0.1265     0.0239     0.1825    346.115   78.83322   -9.25726  24.851646    34.6064    34.6058 0.0000e+00
    136.000     0.5744     0.5739   2.929641   2.929535    313.656    307.549     0.1264     0.0288     0.1840    347.015   78.83322   -9.25726  24.709891    34.6095    34.6087 0.0000e+00
    137.000     0.5928     0.5919   2.931755   2.931660    313.832    307.390     0.1261     0.0316     0.1837    347.941   78.83322   -9.25726  24.401055    34.6158    34.6157 0.0000e+00
    138.000     0.6108     0.6105   2.933768   2.933703    314.014    307.303     0.1259     0.0287     0.1848    348.901   78.83322   -9.25726  24.924205    34.6214    34.6209 0.0000e+00
    139.000     0.6138     0.6139   2.934159   2.934105    314.343    307.599     0.1256     0.0257     0.1845    349.900   78.83322   -9.25726  24.537430    34.6225    34.6217 0.0000e+00
    140.000     0.6259     0.6233   2.935501   2.935178    313.289    307.296     0.1254     0.0315     0.1871    350.927   78.83322   -9.25726  24.506152    34.6259    34.6245 0.0000e+00
    141.000     0.6317     0.6307   2.936143   2.935990    312.889    306.560     0.1251     0.0300     0.1893    351.961   78.83322   -9.25726  24.416797    34.6272    34.6262 0.0000e+00
    142.000     0.6348     0.6345   2.936524   2.936419    312.005    306.482     0.1248     0.0245     0.1913    352.982   78.83322   -9.25726  24.640272    34.6281    34.6270 0.0000e+00
    143.000     0.6368     0.6364   2.936782   2.936688    312.137    306.202     0.1246     0.0240     0.1926    353.971   78.83322   -9.25726  24.684732    34.6286    34.6278 0.0000e+00
    144.000     0.6388     0.6390   2.937037   2.936982    311.990    305.965     0.1244     0.0177     0.1944    354.928   78.83322   -9.25726  24.516770    34.6290    34.6281 0.0000e+00
    145.000     0.6391     0.6393   2.937106   2.937071    311.812    305.953     0.1241     0.0114     0.1953    355.857   78.83322   -9.25726  24.375726    34.6290    34.6283 0.0000e+00
    146.000     0.6400     0.6402   2.937240   2.937210    312.104    305.758     0.1239     0.0137     0.1963    356.771   78.83322   -9.25726  24.284297    34.6292    34.6286 0.0000e+00
    147.000     0.6399     0.6395   2.937262   2.937175    312.841    305.784     0.1238     0.0193     0.1971    357.684   78.83322   -9.25726  24.982417    34.6290    34.6283 0.0000e+00
    148.000     0.6409     0.6407   2.937417   2.937343    313.032    305.688     0.1236     0.0259     0.1974    358.612   78.83322   -9.25726  24.958355    34.6292    34.6285 0.0000e+00
    149.000     0.6413     0.6410   2.937488   2.937415    312.963    305.467     0.1234     0.0304     0.1973    359.559   78.83322   -9.25726  24.516228    34.6291    34.6285 0.0000e+00
    150.000     0.6514     0.6508   2.938628   2.938553    313.004    305.463     0.1231     0.0245     0.1970    360.534   78.83321   -9.25726  24.176740    34.6321    34.6318 0.0000e+00
    151.000     0.6569     0.6560   2.939261   2.939117    313.031    305.750     0.1229     0.0240     0.1973    361.538   78.83320   -9.25726  24.114697    34.6336    34.6327 0.0000e+00
    152.000     0.6568     0.6581   2.939310   2.939421    313.282    305.962     0.1231     0.0181     0.1975    362.552   78.83320   -9.25726  24.837446    34.6337    34.6337 0.0000e+00
    153.000     0.6625     0.6621   2.939963   2.939864    312.742    305.962     0.1238     0.0224     0.1978    363.561   78.83320   -9.25726  24.889963    34.6352    34.6345 0.0000e+00
    154.000     0.6659     0.6652   2.940364   2.940265    312.257    305.837     0.1248     0.0243     0.1984    364.553   78.83320   -9.25726  24.748434    34.6361    34.6356 0.0000e+00
    155.000     0.6681     0.6677   2.940662   2.940572    312.667    305.586     0.1260     0.0243     0.2030    365.526   78.83320   -9.25726  24.455458    34.6369    34.6362 0.0000e+00
    156.000     0.6690     0.6689   2.940801   2.940460    312.396    305.297     0.1273     0.0207     0.2038    366.475   78.83320   -9.25726  24.362721    34.6371    34.6328 0.0000e+00
    157.000     0.6716     0.6714   2.941123   2.941069    312.201    305.533     0.1284     0.0191     0.1997    367.408   78.83320   -9.25726  24.729072    34.6378    34.6373 0.0000e+00
    158.000     0.6724     0.6722   2.941262   2.941199    312.554    305.469     0.1292     0.0243     0.1996    368.329   78.83320   -9.25726  24.778067    34.6381    34.6375 0.0000e+00
    159.000     0.6725     0.6724   2.941340   2.941285    312.623    305.416     0.1297     0.0243     0.1999    369.253   78.83320   -9.25726  24.605091    34.6384    34.6378 0.0000e+00
    160.000     0.6748     0.6737   2.941673   2.941511    312.222    305.464     0.1298     0.0302     0.2005    370.197   78.83320   -9.25726  24.471869    34.6396    34.6387 0.0000e+00
    161.000     0.6817     0.6811   2.942456   2.942369    311.868    305.101     0.1298     0.0200     0.2009    371.161   78.83320   -9.25726  24.376139    34.6414    34.6410 0.0000e+00
    162.000     0.6832     0.6831   2.942656   2.942613    312.748    305.160     0.1297     0.0218     0.2022    372.147   78.83320   -9.25726  24.355492    34.6418    34.6413 0.0000e+00
    163.000     0.6881     0.6875   2.943222   2.943150    313.131    305.361     0.1294     0.0243     0.2030    373.153   78.83320   -9.25726  24.796061    34.6431    34.6429 0.0000e+00
    164.000     0.7017     0.7012   2.944757   2.944703    312.206    305.059     0.1294     0.0280     0.2030    374.167   78.83320   -9.25726  24.975662    34.6472    34.6470 0.0000e+00
    165.000     0.7126     0.7124   2.945971   2.945940    312.098    305.081     0.1295     0.0213     0.2034    375.170   78.83320   -9.25726  24.714193    34.6503    34.6500 0.0000e+00
    166.000     0.7239     0.7239   2.947278   2.947294    312.349    305.172     0.1295     0.0147     0.2025    376.156   78.83320   -9.25726  24.666032    34.6540    34.6542 0.0000e+00
    167.000     0.7333     0.7335   2.948348   2.948359    312.217    304.992     0.1292     0.0241     0.2033    377.121   78.83320   -9.25726  24.869678    34.6568    34.6567 0.0000e+00
    168.000     0.7434     0.7429   2.949512   2.949466    312.271    304.807     0.1282     0.0235     0.2045    378.069   78.83320   -9.25726  24.774189    34.6600    34.6600 0.0000e+00
    169.000     0.7564     0.7557   2.950957   2.950864    311.856    304.778     0.1262     0.0177     0.2065    378.999   78.83320   -9.25726  24.264481    34.6637    34.6633 0.0000e+00
    170.000     0.7703     0.7662   2.952528   2.952078    311.801    304.852     0.1232     0.0228     0.2061    379.922   78.83320   -9.25726  24.651504    34.6680    34.6667 0.0000e+00
