test_project/cnv_files/sta0200_bin.cnv
* Sea-Bird SBE 9 Data File:
* FileName = C:\Seabird\CTDDATA\Sta0200.hex
* Software Version Seasave V 7.26.7.107
* Temperature SN = 03-4535
* Conductivity SN = 2860
* Number of Bytes Per Scan = 44
* Number of Voltage Words = 5
* Number of Scans Averaged by the Deck Unit = 1
* NMEA Latitude = 78 49.95 N
* NMEA Longitude = 004 00.86 W
* NMEA UTC (Time) = Sep 03 2019 09:07:39
* NMEA baud rate = 9600
** Ship: "Kronprins Haakon"
** Station: 200
** Echodepth: 1870
** Log: 5767.74
** Wind-Dir Force(m/s): 03 32
** Air-temp (dry): -2.0
** Weather Sky: 8 8
** Sea Ice: 5 0
# nquan = 16
# nvalues = 1881                        
# units = specified
# name 0 = prDM: Pressure, Digiquartz [db]
# name 1 = t090C: Temperature [ITS-90, deg C]
# name 2 = t190C: Temperature, 2 [ITS-90, deg C]
# name 3 = c0S/m: Conductivity [S/m]
# name 4 = c1S/m: Conductivity, 2 [S/m]
# name 5 = sbox0Mm/Kg: Oxygen, SBE 43 [umol/kg]
# name 6 = sbox1Mm/Kg: Oxygen, SBE 43, 2 [umol/kg]
# name 7 = wetCDOM: Fluorescence, WET Labs CDOM [mg/m^3]
# name 8 = flECO-AFL: Fluorescence, WET Labs ECO-AFL/FL [mg/m^3]
# name 9 = CStarAt0: Beam Attenuation, WET Labs C-Star [1/m]
# name 10 = timeS: Time, Elapsed [seconds]
# name 11 = latitude: Latitude [deg]
# name 12 = longitude: Longitude [deg]
# name 13 = sal00: Salinity, Practical [PSU]
# name 14 = sal11: Salinity, Practical, 2 [PSU]
# name 15 = flag: flag
# span 0 =      2.000,   1882.000       
# span 1 =    -1.6487,     2.7755       
# span 2 =    -1.6484,     2.7757       
# span 3 =   2.494371,   3.156450       
# span 4 =   2.494248,   3.156386       
# span 5 =    305.383,    427.810       
# span 6 =    304.896,    416.207       
# span 7 =     0.1023,     0.1764       
# span 8 =    -0.0082,     1.1460       
# span 9 =     0.1056,     0.3618       
# span 10 =    351.545,   2301.687      
# span 11 =   78.83258,   78.83264      
# span 12 =   -4.01470,   -4.01432      
# span 13 =    31.0288,    34.9820      
# span 14 =    31.0281,    34.9808      
# span 15 = 0.0000e+00, 0.0000e+00      
# interval = decibars: 1                
# start_time = Sep 03 2019 09:07:39 [NMEA time, header]
# bad_flag = -9.990e-29
*END*
[from data line 633]
    635.000     0.4197     0.4202   2.958969   2.958959    313.836    310.637     0.1193     0.0006     0.1079   1005.869   78.83264   -4.01448    34.8711    34.8704 0.0000e+00
    636.000     0.4191     0.4194   2.958961   2.958944    314.530    310.178     0.1193     0.0070     0.1080   1006.866   78.83264   -4.01448    34.8710    34.8704 0.0000e+00
    637.000     0.4190     0.4195   2.958991   2.958987    314.636    310.310     0.1194     0.0044     0.1080   1007.867   78.83264   -4.01449    34.8710    34.8704 0.0000e+00
    638.000     0.4176     0.4184   2.958908   2.958942    314.234    310.218     0.1195     0.0053     0.1080   1008.873   78.83264   -4.01450    34.8709    34.8704 0.0000e+00
    639.000     0.4101     0.4111   2.958276   2.958301    313.923    309.931     0.1195     0.0053     0.1080   1009.876   78.83264   -4.01449    34.8704    34.8697 0.0000e+00
    640.000     0.4066     0.4070   2.958010   2.958011    314.049    309.927     0.1196     0.0040     0.1079   1010.882   78.83264   -4.01448    34.8704    34.8700 0.0000e+00
    641.000     0.4076     0.4080   2.958164   2.958165    313.470    310.349     0.1197     0.0095     0.1076   1011.889   78.83264   -4.01447    34.8706    34.8702 0.0000e+00
    642.000     0.4061     0.4066   2.958076   2.958081    313.693    310.409     0.1197     0.0073     0.1080   1012.901   78.83264   -4.01446    34.8706    34.8702 0.0000e+00
    643.000     0.4055     0.4064   2.958085   2.958138    313.993    309.795     0.1198     0.0014     0.1073   1013.916   78.83264   -4.01446    34.8709    34.8705 0.0000e+00
    644.000     0.4175     0.4177   2.959276   2.959277    313.321    309.879     0.1199    -0.0003     0.1069   1014.916   78.83264   -4.01446    34.8723    34.8721 0.0000e+00
    645.000     0.4215     0.4220   2.959730   2.959717    313.769    309.915     0.1200     0.0011     0.1077   1015.919   78.83264   -4.01447    34.8732    34.8724 0.0000e+00
    646.000     0.4230     0.4233   2.959939   2.959938    313.752    309.650     0.1201     0.0085     0.1073   1016.913   78.83264   -4.01448    34.8736    34.8732 0.0000e+00
    647.000     0.4243     0.4247   2.960135   2.960140    313.224    309.813     0.1202     0.0092     0.1080   1017.897   78.83264   -4.01449    34.8741    34.8737 0.0000e+00
    648.000     0.4265     0.4269   2.960401   2.960395    313.529    310.046     0.1203     0.0117     0.1083   1018.885   78.83264   -4.01449    34.8745    34.8740 0.0000e+00
    649.000     0.4280     0.4282   2.960586   2.960581    313.674    310.187     0.1204     0.0059     0.1076   1019.873   78.83264   -4.01448    34.8747    34.8744 0.0000e+00
    650.000     0.4296     0.4298   2.960804   2.960795    313.917    310.207     0.1205     0.0010     0.1087   1020.878   78.83264   -4.01447    34.8751    34.8748 0.0000e+00
    651.000     0.4294     0.4298   2.960836   2.960832    313.648    310.597     0.1206     0.0003     0.1084   1021.910   78.83264   -4.01445    34.8752    34.8747 0.0000e+00
    652.000     0.4215     0.4226   2.960159   2.960206    314.202    310.915     0.1206    -0.0004     0.1085   1022.940   78.83264   -4.01445    34.8746    34.8741 0.0000e+00
    653.000     0.4215     0.4220   2.960231   2.960228    313.843    310.494     0.1207     0.0039     0.1089   1023.943   78.83264   -4.01446    34.8750    34.8745 0.0000e+00
    654.000     0.4175     0.4181   2.959911   2.959924    313.994    310.679     0.1208     0.0078     0.1091   1024.924   78.83264   -4.01447    34.8748    34.8743 0.0000e+00
    655.000     0.4134     0.4140   2.959609   2.959612    314.055    310.316     0.1209     0.0015     0.1083   1025.903   78.83264   -4.01448    34.8748    34.8742 0.0000e+00
    656.000     0.4128     0.4132   2.959614   2.959610    313.918    310.472     0.1209     0.0007     0.1085   1026.883   78.83264   -4.01448    34.8751    34.8745 0.0000e+00
    657.000     0.4080     0.4086   2.959224   2.959224    314.091    311.085     0.1210     0.0087     0.1086   1027.879   78.83264   -4.01448    34.8748    34.8740 0.0000e+00
    658.000     0.4014     0.4020   2.958678   2.958677    314.142    310.591     0.1210     0.0098     0.1088   1028.893   78.83264   -4.01447    34.8745    34.8738 0.0000e+00
    659.000     0.3978     0.3983   2.958396   2.958390    313.784    310.491     0.1210     0.0146     0.1089   1029.919   78.83264   -4.01446    34.8743    34.8736 0.0000e+00
    660.000     0.3952     0.3958   2.958208   2.958220    314.208    310.822     0.1211     0.0039     0.1091   1030.942   78.83264   -4.01446    34.8741    34.8736 0.0000e+00
    661.000     0.3921     0.3926   2.957989   2.957992    314.369    310.243     0.1211     0.0108     0.1092   1031.949   78.83264   -4.01446    34.8742    34.8736 0.0000e+00
    662.000     0.3922     0.3928   2.958053   2.958072    314.218    310.361     0.1211     0.0055     0.1100   1032.949   78.83264   -4.01446    34.8743    34.8739 0.0000e+00
    663.000     0.4028     0.4013   2.959096   2.958965    313.912    310.649     0.1211     0.0048     0.1099   1033.946   78.83264   -4.01446    34.8754    34.8755 0.0000e+00
    664.000     0.4081     0.4085   2.959657   2.959648    314.059    310.431     0.1211     0.0096     0.1102   1034.954   78.83264   -4.01446    34.8762    34.8756 0.0000e+00
    665.000     0.4063     0.4067   2.959558   2.959548    313.960    310.537     0.1210     0.0109     0.1095   1035.957   78.83264   -4.01446    34.8763    34.8757 0.0000e+00
    666.000     0.4032     0.4038   2.959313   2.959320    314.062    310.561     0.1210     0.0103     0.1093   1036.945   78.83264   -4.01446    34.8761    34.8754 0.0000e+00
    667.000     0.3959     0.3962   2.958700   2.958702    313.641    311.058     0.1209    -0.0005     0.1093   1037.930   78.83264   -4.01446    34.8757    34.8754 0.0000e+00
    668.000     0.3969     0.3975   2.958875   2.958874    314.061    311.084     0.1209    -0.0005     0.1089   1038.915   78.83264   -4.01446    34.8762    34.8756 0.0000e+00
    669.000     0.3931     0.3937   2.958592   2.958596    314.201    311.101     0.1208     0.0006     0.1088   1039.908   78.83264   -4.01446    34.8762    34.8757 0.0000e+00
    670.000     0.3917     0.3922   2.958497   2.958496    314.584    311.168     0.1208     0.0077     0.1090   1040.911   78.83264   -4.01446    34.8761    34.8755 0.0000e+00
    671.000     0.3887     0.3896   2.958283   2.958303    314.798    311.158     0.1207     0.0018     0.1086   1041.923   78.83264   -4.01446    34.8760    34.8753 0.0000e+00
    672.000     0.3834     0.3839   2.957841   2.957838    315.012    311.062     0.1206    -0.0003     0.1086   1042.937   78.83264   -4.01445    34.8756    34.8750 0.0000e+00
    673.000     0.3809     0.3811   2.957655   2.957637    314.860    310.806     0.1206     0.0063     0.1091   1043.967   78.83264   -4.01444    34.8754    34.8750 0.0000e+00
    674.000     0.3777     0.3781   2.957417   2.957393    314.371    310.837     0.1205     0.0031     0.1088   1044.993   78.83264   -4.01444    34.8754    34.8745 0.0000e+00
    675.000     0.3735     0.3740   2.957082   2.957090    313.895    311.037     0.1204     0.0054     0.1089   1046.002   78.83264   -4.01444    34.8751    34.8746 0.0000e+00
    676.000     0.3720     0.3725   2.956994   2.957001    314.017    310.922     0.1204     0.0092     0.1091   1046.994   78.83264   -4.01444    34.8750    34.8746 0.0000e+00
    677.000     0.3687     0.3692   2.956760   2.956766    314.419    310.634     0.1203     0.0053     0.1094   1047.974   78.83264   -4.01444    34.8752    34.8747 0.0000e+00
    678.000     0.3677     0.3681   2.956722   2.956727    314.866    310.726     0.1203     0.0039     0.1108   1048.960   78.83264   -4.01444    34.8752    34.8748 0.0000e+00
    679.000     0.3669     0.3672   2.956729   2.956713    314.773    310.437     0.1202     0.0097     0.1104   1049.946   78.83264   -4.01444    34.8756    34.8750 0.0000e+00
    680.000     0.3704     0.3707   2.957123   2.957081    314.422    310.651     0.1202     0.0006     0.1100   1050.936   78.83264   -4.01444    34.8762    34.8753 0.0000e+00
    681.000     0.3651     0.3657   2.956687   2.956693    314.771    310.864     0.1201     0.0080     0.1091   1051.937   78.83264   -4.01443    34.8759    34.8754 0.0000e+00
    682.000     0.3630     0.3634   2.956566   2.956544    314.473    310.441     0.1201     0.0003     0.1092   1052.947   78.83264   -4.01442    34.8761    34.8754 0.0000e+00
    683.000     0.3615     0.3620   2.956505   2.956485    314.393    310.680     0.1200    -0.0009     0.1092   1053.965   78.83264   -4.01442    34.8764    34.8756 0.0000e+00
    684.000     0.3615     0.3618   2.956535   2.956523    314.169    310.875     0.1200    -0.0001     0.1091   1054.969   78.83264   -4.01443    34.8763    34.8757 0.0000e+00
    685.000     0.3597     0.3601   2.956422   2.956428    314.270    310.802     0.1199     0.0062     0.1091   1055.949   78.83264   -4.01444    34.8762    34.8758 0.0000e+00
    686.000     0.3577     0.3582   2.956297   2.956328    314.281    310.913     0.1198     0.0020     0.1090   1056.936   78.83264   -4.01444    34.8762    34.8761 0.0000e+00
    687.000     0.3585     0.3589   2.956429   2.956425    314.715    310.738     0.1197     0.0001     0.1090   1057.936   78.83264   -4.01443    34.8765    34.8760 0.0000e+00
    688.000     0.3604     0.3607   2.956653   2.956629    314.850    310.763     0.1196     0.0038     0.1094   1058.963   78.83264   -4.01442    34.8767    34.8760 0.0000e+00
    689.000     0.3602     0.3607   2.956712   2.956687    314.825    310.697     0.1195     0.0052     0.1092   1059.999   78.83264   -4.01441    34.8770    34.8762 0.0000e+00
    690.000     0.3540     0.3545   2.956204   2.956187    314.892    310.907     0.1194     0.0036     0.1096   1061.007   78.83264   -4.01441    34.8768    34.8761 0.0000e+00
    691.000     0.3528     0.3533   2.956158   2.956171    314.645    310.889     0.1192     0.0091     0.1094   1061.996   78.83264   -4.01442    34.8770    34.8767 0.0000e+00
    692.000     0.3506     0.3515   2.956038   2.956057    314.576    310.813     0.1191     0.0015     0.1091   1062.977   78.83264   -4.01443    34.8773    34.8766 0.0000e+00
    693.000     0.3490     0.3495   2.955935   2.955945    314.664    311.054     0.1189     0.0093     0.1089   1063.954   78.83264   -4.01444    34.8772    34.8768 0.0000e+00
    694.000     0.3392     0.3396   2.955111   2.955075    315.051    311.243     0.1187     0.0091     0.1092   1064.937   78.83263   -4.01443    34.8769    34.8760 0.0000e+00
    695.000     0.3341     0.3343   2.954694   2.954672    314.963    311.039     0.1185     0.0006     0.1094   1065.931   78.83262   -4.01442    34.8766    34.8760 0.0000e+00
    696.000     0.3345     0.3354   2.954776   2.954831    315.113    310.842     0.1183     0.0000     0.1085   1066.940   78.83262   -4.01442    34.8767    34.8763 0.0000e+00
    697.000     0.3354     0.3362   2.954909   2.954941    315.148    311.212     0.1182    -0.0010     0.1087   1067.948   78.83263   -4.01442    34.8768    34.8763 0.0000e+00
    698.000     0.3392     0.3394   2.955315   2.955293    315.133    311.007     0.1180     0.0075     0.1090   1068.948   78.83264   -4.01442    34.8772    34.8767 0.0000e+00
    699.000     0.3393     0.3398   2.955386   2.955378    315.252    311.038     0.1179     0.0041     0.1091   1069.946   78.83264   -4.01442    34.8774    34.8768 0.0000e+00
    700.000     0.3401     0.3405   2.955522   2.955509    314.993    311.215     0.1177     0.0032     0.1097   1070.969   78.83264   -4.01442    34.8778    34.8772 0.0000e+00
    701.000     0.3370     0.3376   2.955332   2.955342    314.447    311.362     0.1176     0.0048     0.1102   1072.004   78.83264   -4.01443    34.8781    34.8776 0.0000e+00
    702.000     0.3343     0.3351   2.955148   2.955169    313.999    311.396     0.1175    -0.0012     0.1099   1073.025   78.83264   -4.01444    34.8782    34.8776 0.0000e+00
    703.000     0.3327     0.3326   2.955036   2.954976    314.196    311.126     0.1173     0.0014     0.1091   1074.015   78.83264   -4.01445    34.8780    34.8773 0.0000e+00
    704.000     0.3279     0.3282   2.954656   2.954644    314.563    311.087     0.1172     0.0097     0.1090   1074.992   78.83264   -4.01445    34.8779    34.8773 0.0000e+00
    705.000     0.3262     0.3268   2.954544   2.954565    315.033    311.232     0.1171     0.0111     0.1091   1075.968   78.83263   -4.01444    34.8778    34.8774 0.0000e+00
    706.000     0.3236     0.3227   2.954361   2.954207    315.228    311.488     0.1170     0.0097     0.1091   1076.969   78.83262   -4.01443    34.8777    34.8767 0.0000e+00
    707.000     0.3114     0.3119   2.953300   2.953287    315.495    311.550     0.1170     0.0092     0.1091   1077.984   78.83262   -4.01442    34.8769    34.8762 0.0000e+00
    708.000     0.3081     0.3085   2.953028   2.953032    315.386    311.162     0.1169     0.0007     0.1091   1078.982   78.83262   -4.01443    34.8765    34.8761 0.0000e+00
    709.000     0.3071     0.3074   2.952989   2.952981    315.052    310.981     0.1169     0.0069     0.1091   1079.963   78.83262   -4.01444    34.8766    34.8761 0.0000e+00
    710.000     0.3062     0.3068   2.952952   2.952972    315.356    310.861     0.1168     0.0096     0.1091   1080.953   78.83262   -4.01445    34.8765    34.8761 0.0000e+00
    711.000     0.3027     0.3032   2.952704   2.952687    315.542    311.025     0.1168     0.0036     0.1090   1081.947   78.83262   -4.01446    34.8766    34.8759 0.0000e+00
    712.000     0.3012     0.3016   2.952622   2.952624    315.562    311.292     0.1167    -0.0012     0.1090   1082.936   78.83262   -4.01446    34.8766    34.8763 0.0000e+00
    713.000     0.3089     0.3085   2.953411   2.953348    314.793    311.097     0.1167    -0.0024     0.1096   1083.939   78.83262   -4.01446    34.8777    34.8773 0.0000e+00
    714.000     0.3138     0.3141   2.953940   2.953943    314.462    310.754     0.1167     0.0042     0.1088   1084.961   78.83262   -4.01446    34.8785    34.8783 0.0000e+00
    715.000     0.3157     0.3161   2.954183   2.954170    314.859    310.863     0.1167     0.0112     0.1089   1085.996   78.83262   -4.01446    34.8791    34.8785 0.0000e+00
    716.000     0.3121     0.3127   2.953923   2.953909    314.832    311.249     0.1166     0.0068     0.1087   1087.035   78.83262   -4.01446    34.8791    34.8783 0.0000e+00
    717.000     0.3085     0.3091   2.953644   2.953645    314.843    311.286     0.1166     0.0001     0.1085   1088.054   78.83262   -4.01446    34.8789    34.8783 0.0000e+00
    718.000     0.3079     0.3083   2.953651   2.953639    314.567    311.370     0.1166     0.0087     0.1085   1089.041   78.83262   -4.01446    34.8791    34.8785 0.0000e+00
    719.000     0.3060     0.3071   2.953534   2.953573    314.965    311.452     0.1165     0.0089     0.1098   1090.012   78.83262   -4.01446    34.8791    34.8784 0.0000e+00
    720.000     0.3016     0.3022   2.953184   2.953206    315.438    311.565     0.1165     0.0125     0.1086   1090.988   78.83262   -4.01446    34.8789    34.8785 0.0000e+00
    721.000     0.3024     0.3032   2.953315   2.953368    315.072    311.504     0.1165     0.0025     0.1087   1091.967   78.83262   -4.01446    34.8792    34.8790 0.0000e+00
    722.000     0.3040     0.3045   2.953521   2.953545    314.909    311.536     0.1165    -0.0009     0.1088   1092.947   78.83262   -4.01446    34.8795    34.8792 0.0000e+00
    723.000     0.3037     0.3039   2.953551   2.953534    315.069    311.560     0.1164    -0.0011     0.1092   1093.943   78.83262   -4.01446    34.8797    34.8792 0.0000e+00
    724.000     0.3055     0.3058   2.953771   2.953773    315.046    311.387     0.1164     0.0034     0.1091   1094.960   78.83262   -4.01446    34.8799    34.8796 0.0000e+00
