test_project/cnv_files/Sta0210_bin.cnv
* Sea-Bird SBE 9 Data File:
* FileName = C:\Seabird\CTDDATA\Sta0210.hex
* Software Version Seasave V 7.26.7.107
* Temperature SN = 03-4535
* Conductivity SN = 2860
* Number of Bytes Per Scan = 44
* Number of Voltage Words = 5
* Number of Scans Averaged by the Deck Unit = 1
* NMEA Latitude = 78 49.82 N
* NMEA Longitude = 009 00.87 W
* NMEA UTC (Time) = Sep 05 2019 15:05:36
* NMEA baud rate = 9600
** Ship: "Kronprins Haakon"
** Station: 0210
** Echodepth: 209
** Log: 5920.69
** Wind-Dir Force(m/s): 21 05
** Air-temp (dry): -0.7
** Weather Sky: 0 2
** Sea Ice: 0 5
# nquan = 17
# nvalues = 193                         
# units = specified
# name 0 = prDM: Pressure, Digiquartz [db]
# name 1 = t090C: Temperature [ITS-90, deg C]
# name 2 = t190C: Temperature, 2 [ITS-90, deg C]
# name 3 = c0S/m: Conductivity [S/m]
# name 4 = c1S/m: Conductivity, 2 [S/m]
# name 5 = sbox0Mm/Kg: Oxygen, SBE 43 [umol/kg]
# name 6 = sbox1Mm/Kg: Oxygen, SBE 43, 2 [umol/kg]
# name 7 = wetCDOM: Fluorescence, WET Labs CDOM [mg/m^3]
# name 8 = flECO-AFL: Fluorescence, WET Labs ECO-AFL/FL [mg/m^3]
# name 9 = CStarAt0: Beam Attenuation, WET Labs C-Star [1/m]
# name 10 = timeS: Time, Elapsed [seconds]
# name 11 = latitude: Latitude [deg]
# name 12 = longitude: Longitude [deg]
# name 13 = upoly0: Upoly 0, ISUS
# name 14 = sal00: Salinity, Practical [PSU]
# name 15 = sal11: Salinity, Practical, 2 [PSU]
# name 16 = flag: flag
# span 0 =      3.000,    195.000       
# span 1 =    -1.5598,     1.3988       
# span 2 =    -1.5596,     1.4141       
# span 3 =   2.454045,   3.019786       
# span 4 =   2.453675,   3.021407       
# span 5 =    311.272,    415.676       
# span 6 =    307.820,    419.708       
# span 7 =     0.1136,     0.1570       
# span 8 =     0.0076,     1.1119       
# span 9 =     0.1453,     0.3676       
# span 10 =    569.245,    907.876      
# span 11 =   78.82990,   78.83035      
# span 12 =   -9.02301,   -9.01980      
# span 13 =  10.394164,  23.571808      
# span 14 =    30.5536,    34.8189      
# span 15 =    30.5553,    34.8226      
# span 16 = 0.0000e+00, 0.0000e+00      
# interval = decibars: 1                
# start_time = Sep 05 2019 15:05:36 [NMEA time, header]
# bad_flag = -9.990e-29
*END*
[from data line 171]
    174.000     1.2988     1.2989   3.008146   3.008065    313.987    308.477     0.1150     0.0169     0.2319    760.111   78.83004   -9.02154  23.279365    34.7935    34.7924 0.0000e+00
    175.000     1.2965     1.2969   3.008014   3.007953    314.428    308.418     0.1158     0.0129     0.2329    761.033   78.83004   -9.02156  23.079045    34.7937    34.7925 0.0000e+00
    176.000     1.3027     1.3014   3.008661   3.008469    314.314    308.488     0.1168     0.0151     0.2352    761.941   78.83004   -9.02156  22.458406    34.7946    34.7935 0.0000e+00
    177.000     1.3086     1.3078   3.009311   3.009140    314.593    308.010     0.1179     0.0187     0.2377    763.021   78.83004   -9.02156  22.211649    34.7957    34.7945 0.0000e+00
    178.000     1.3150     1.3148   3.010033   3.009933    315.016    307.820     0.1188     0.0098     0.2439    764.322   78.83004   -9.02158  22.800491    34.7973    34.7962 0.0000e+00
    179.000     1.3203     1.3210   3.010672   3.010685    314.218    307.917     0.1195     0.0151     0.2477    765.707   78.83004   -9.02158  22.808690    34.7990    34.7983 0.0000e+00
    180.000     1.3241     1.3243   3.011162   3.011091    313.237    308.076     0.1198     0.0105     0.2514    766.925   78.83004   -9.02159  22.916821    34.8004    34.7993 0.0000e+00
    181.000     1.3242     1.3244   3.011232   3.011161    313.151    308.176     0.1198     0.0099     0.2503    768.033   78.83005   -9.02160  22.847010    34.8006    34.7995 0.0000e+00
    182.000     1.3233     1.3234   3.011202   3.011143    313.570    308.102     0.1196     0.0163     0.2527    769.064   78.83006   -9.02162  22.568149    34.8007    34.7998 0.0000e+00
    183.000     1.3242     1.3243   3.011361   3.011287    313.778    308.134     0.1192     0.0229     0.2569    770.092   78.83006   -9.02162  23.033850    34.8011    34.8001 0.0000e+00
    184.000     1.3257     1.3259   3.011581   3.011518    313.992    308.088     0.1188     0.0185     0.2605    771.133   78.83006   -9.02162  22.990868    34.8016    34.8006 0.0000e+00
    185.000     1.3268     1.3270   3.011767   3.011701    313.993    308.224     0.1183     0.0111     0.2628    772.243   78.83006   -9.02164  22.630787    34.8022    34.8012 0.0000e+00
    186.000     1.3266     1.3267   3.011815   3.011741    313.572    308.317     0.1178     0.0096     0.2663    773.380   78.83006   -9.02164  22.485258    34.8025    34.8014 0.0000e+00
    187.000     1.3291     1.3295   3.012158   3.012121    314.026    307.867     0.1173     0.0106     0.2686    774.567   78.83007   -9.02165  22.878670    34.8035    34.8026 0.0000e+00
    188.000     1.3331     1.3332   3.012633   3.012574    313.929    307.888     0.1167     0.0220     0.2722    775.830   78.83008   -9.02166  23.021265    34.8046    34.8037 0.0000e+00
    189.000     1.3353     1.3354   3.012913   3.012857    314.213    308.048     0.1162     0.0145     0.2762    777.117   78.83008   -9.02166  23.365740    34.8051    34.8043 0.0000e+00
    190.000     1.3415     1.3408   3.013602   3.013476    314.161    308.109     0.1160     0.0097     0.2778    778.440   78.83008   -9.02168  22.760548    34.8064    34.8056 0.0000e+00
    191.000     1.3514     1.3513   3.014689   3.014618    313.860    308.032     0.1147     0.0096     0.2828    779.811   78.83008   -9.02169  23.158252    34.8087    34.8080 0.0000e+00
    192.000     1.3565     1.3562   3.015272   3.015161    313.656    308.049     0.1143     0.0130     0.2861    781.286   78.83008   -9.02170  23.571808    34.8099    34.8089 0.0000e+00
    193.000     1.3638     1.3642   3.016068   3.016060    313.336    308.307     0.1140     0.0198     0.2896    782.904   78.83008   -9.02171  23.247426    34.8114    34.8108 0.0000e+00
    194.000     1.3969     1.3951   3.019569   3.019330    313.206    308.124     0.1136     0.0213     0.2943    785.063   78.83009   -9.02172  22.635191    34.8188    34.8178 0.0000e+00
    195.000     1.3988     1.4141   3.019786   3.021407    311.373    309.265     0.1246     0.0076     0.2715    907.876   78.83035   -9.02301  22.101358    34.8189    34.8226 0.0000e+00
