test_project/cnv_files/Sta0237_bin.cnv
* Sea-Bird SBE 9 Data File:
* FileName = C:\Seabird\CTDDATA\Sta0237.hex
* Software Version Seasave V 7.26.7.107
* Temperature SN = 03-4535
* Conductivity SN = 2860
* Number of Bytes Per Scan = 44
* Number of Voltage Words = 5
* Number of Scans Averaged by the Deck Unit = 1
* NMEA Latitude = 78 50.19 N
* NMEA Longitude = 004 59.44 W
* NMEA UTC (Time) = Sep 11 2019 12:40:38
* NMEA baud rate = 9600
** Ship: "Kronprins Haakon"
** Station: 0237
** Echodepth: 1022
** Log: 6312.532
** Wind-Dir Force(m/s): 20 25
** Air-temp (dry): -1.5
** Weather Sky: 8 8
** Sea Ice: 4 4
# nquan = 17
# nvalues = 981                         
# units = specified
# name 0 = prDM: Pressure, Digiquartz [db]
# name 1 = t090C: Temperature [ITS-90, deg C]
# name 2 = t190C: Temperature, 2 [ITS-90, deg C]
# name 3 = c0S/m: Conductivity [S/m]
# name 4 = c1S/m: Conductivity, 2 [S/m]
# name 5 = sbox0Mm/Kg: Oxygen, SBE 43 [umol/kg]
# name 6 = sbox1Mm/Kg: Oxygen, SBE 43, 2 [umol/kg]
# name 7 = wetCDOM: Fluorescence, WET Labs CDOM [mg/m^3]
# name 8 = flECO-AFL: Fluorescence, WET Labs ECO-AFL/FL [mg/m^3]
# name 9 = CStarAt0: Beam Attenuation, WET Labs C-Star [1/m]
# name 10 = timeS: Time, Elapsed [seconds]
# name 11 = latitude: Latitude [deg]
# name 12 = longitude: Longitude [deg]
# name 13 = upoly0: Upoly 0, ISUS
# name 14 = sal00: Salinity, Practical [PSU]
# name 15 = sal11: Salinity, Practical, 2 [PSU]
# name 16 = flag: flag
# span 0 =      1.000,    981.000       
# span 1 =    -1.6863,     1.0833       
# span 2 =    -1.6869,     1.0823       
# span 3 =   2.390321,   2.994782       
# span 4 =   2.390442,   2.994732       
# span 5 =    306.180,    420.312       
# span 6 =    299.902,    411.483       
# span 7 =     0.1206,     0.1955       
# span 8 =     0.0002,     0.7654       
# span 9 =     0.1212,     0.2775       
# span 10 =    268.777,   1261.995      
# span 11 =   78.83554,   78.83626      
# span 12 =   -4.98569,   -4.96731      
# span 13 =  11.384199,  24.596830      
# span 14 =    29.6893,    34.8931      
# span 15 =    29.6902,    34.8938      
# span 16 = 0.0000e+00, 0.0000e+00      
# interval = decibars: 1                
# start_time = Sep 11 2019 12:40:38 [NMEA time, header]
# bad_flag = -9.990e-29
*END*
[from data line 256]
    257.000     0.8118     0.8117   2.971601   2.971582    309.720    303.087     0.1235     0.0159     0.1293    534.541   78.83604   -4.98007  23.351773    34.8172    34.8171 0.0000e+00
    258.000     0.8148     0.8143   2.971925   2.971916    309.630    303.073     0.1236     0.0102     0.1292    535.503   78.83604   -4.98006  23.386913    34.8175    34.8179 0.0000e+00
    259.000     0.8343     0.8336   2.973845   2.973812    309.925    302.677     0.1236     0.0158     0.1293    536.467   78.83604   -4.98004  23.073585    34.8199    34.8202 0.0000e+00
    260.000     0.8395     0.8389   2.974392   2.974378    310.964    302.752     0.1236     0.0109     0.1297    537.455   78.83604   -4.98002  22.948124    34.8206    34.8212 0.0000e+00
    261.000     0.8442     0.8430   2.974925   2.974782    311.270    303.227     0.1236     0.0145     0.1293    538.460   78.83604   -4.98002  23.116849    34.8217    34.8211 0.0000e+00
    262.000     0.8231     0.8247   2.973088   2.973210    311.690    303.677     0.1236     0.0118     0.1293    539.481   78.83604   -4.98000  23.192697    34.8209    34.8207 0.0000e+00
    263.000     0.8086     0.8100   2.971797   2.971893    310.408    303.649     0.1236     0.0096     0.1293    540.497   78.83604   -4.97998  23.012932    34.8198    34.8195 0.0000e+00
    264.000     0.8143     0.8106   2.972401   2.972199    310.068    303.531     0.1236     0.0132     0.1294    541.504   78.83604   -4.97996  23.607699    34.8207    34.8223 0.0000e+00
    265.000     0.8747     0.8750   2.978179   2.978283    310.173    302.901     0.1236     0.0165     0.1292    542.489   78.83602   -4.97994  23.419581    34.8273    34.8282 0.0000e+00
    266.000     0.8779     0.8794   2.978613   2.978741    311.883    303.505     0.1236     0.0139     0.1287    543.463   78.83602   -4.97992  23.631889    34.8287    34.8287 0.0000e+00
    267.000     0.8986     0.8949   2.980625   2.980403    312.327    303.542     0.1235     0.0083     0.1299    544.435   78.83602   -4.97990  23.425102    34.8310    34.8323 0.0000e+00
    268.000     0.9191     0.9205   2.982620   2.982709    311.037    303.101     0.1235     0.0038     0.1296    545.417   78.83602   -4.97988  23.265481    34.8333    34.8328 0.0000e+00
    269.000     0.9001     0.9013   2.980949   2.981044    310.321    303.667     0.1235     0.0152     0.1299    546.416   78.83602   -4.97986  23.105423    34.8323    34.8322 0.0000e+00
    270.000     0.9000     0.8997   2.981030   2.981009    309.519    303.865     0.1235     0.0105     0.1298    547.423   78.83604   -4.97986  22.954538    34.8328    34.8330 0.0000e+00
    271.000     0.8996     0.8999   2.981036   2.981057    309.649    303.748     0.1235     0.0152     0.1298    548.431   78.83602   -4.97984  23.292426    34.8329    34.8327 0.0000e+00
    272.000     0.8957     0.8950   2.980719   2.980653    310.293    304.270     0.1235     0.0163     0.1302    549.440   78.83602   -4.97982  23.414319    34.8325    34.8324 0.0000e+00
    273.000     0.8803     0.8811   2.979362   2.979389    310.770    304.337     0.1236     0.0115     0.1301    550.432   78.83602   -4.97980  22.925053    34.8316    34.8311 0.0000e+00
    274.000     0.8763     0.8764   2.979055   2.979058    310.825    304.103     0.1236     0.0051     0.1304    551.417   78.83602   -4.97978  23.525018    34.8315    34.8314 0.0000e+00
    275.000     0.8810     0.8793   2.979566   2.979479    310.844    303.850     0.1236     0.0058     0.1303    552.394   78.83602   -4.97976  23.659028    34.8322    34.8331 0.0000e+00
    276.000     0.9010     0.8991   2.981514   2.981366    311.134    303.220     0.1236     0.0125     0.1303    553.373   78.83602   -4.97974  23.398562    34.8345    34.8346 0.0000e+00
    277.000     0.9219     0.9198   2.983562   2.983451    311.535    303.436     0.1237     0.0170     0.1305    554.364   78.83602   -4.97972  23.169402    34.8369    34.8379 0.0000e+00
    278.000     0.9355     0.9360   2.984947   2.984949    311.720    303.730     0.1237     0.0147     0.1310    555.367   78.83602   -4.97972  23.835581    34.8391    34.8385 0.0000e+00
    279.000     0.9163     0.9155   2.983307   2.983241    311.854    304.318     0.1237     0.0084     0.1301    556.373   78.83602   -4.97970  23.547785    34.8388    34.8388 0.0000e+00
    280.000     0.9366     0.9347   2.985262   2.985155    310.976    303.847     0.1237     0.0030     0.1300    557.379   78.83602   -4.97968  23.114521    34.8408    34.8415 0.0000e+00
    281.000     0.9506     0.9508   2.986663   2.986693    310.461    303.838     0.1238     0.0095     0.1303    558.373   78.83602   -4.97966  23.038586    34.8426    34.8427 0.0000e+00
    282.000     0.9569     0.9542   2.987327   2.987115    310.950    304.398     0.1237     0.0156     0.1300    559.357   78.83602   -4.97964  23.183611    34.8436    34.8438 0.0000e+00
    283.000     0.9713     0.9714   2.988747   2.988770    311.063    304.190     0.1237     0.0110     0.1299    560.337   78.83602   -4.97962  23.103546    34.8451    34.8453 0.0000e+00
    284.000     0.9746     0.9737   2.989118   2.989046    311.206    304.517     0.1237     0.0096     0.1304    561.316   78.83602   -4.97960  22.911533    34.8456    34.8457 0.0000e+00
    285.000     0.9886     0.9881   2.990587   2.990544    311.615    304.653     0.1237     0.0139     0.1307    562.311   78.83602   -4.97958  23.037773    34.8484    34.8483 0.0000e+00
    286.000     0.9892     0.9891   2.990762   2.990753    311.517    304.907     0.1236     0.0170     0.1313    563.310   78.83602   -4.97956  22.870372    34.8493    34.8494 0.0000e+00
    287.000     0.9891     0.9890   2.990797   2.990808    311.833    304.950     0.1236     0.0136     0.1307    564.315   78.83602   -4.97956  23.372815    34.8494    34.8495 0.0000e+00
    288.000     0.9904     0.9894   2.990980   2.990909    311.854    304.723     0.1236     0.0066     0.1312    565.309   78.83602   -4.97954  23.065621    34.8497    34.8498 0.0000e+00
    289.000     0.9947     0.9944   2.991421   2.991408    311.517    305.018     0.1235     0.0020     0.1304    566.299   78.83602   -4.97952  22.991640    34.8499    34.8501 0.0000e+00
    290.000     0.9954     0.9954   2.991542   2.991556    311.948    305.279     0.1235     0.0044     0.1304    567.278   78.83602   -4.97950  23.098935    34.8502    34.8503 0.0000e+00
    291.000     0.9970     0.9971   2.991800   2.991790    312.207    305.154     0.1235     0.0163     0.1304    568.261   78.83602   -4.97948  23.386520    34.8511    34.8509 0.0000e+00
    292.000     0.9909     0.9913   2.991306   2.991330    312.413    305.008     0.1234     0.0164     0.1309    569.251   78.83602   -4.97946  23.954776    34.8509    34.8508 0.0000e+00
    293.000     0.9847     0.9849   2.990785   2.990775    311.625    304.705     0.1234     0.0104     0.1306    570.247   78.83602   -4.97944  23.382353    34.8506    34.8502 0.0000e+00
    294.000     0.9799     0.9802   2.990406   2.990404    311.352    305.022     0.1234     0.0095     0.1304    571.251   78.83602   -4.97942  23.387067    34.8504    34.8501 0.0000e+00
    295.000     0.9770     0.9770   2.990197   2.990194    311.403    304.992     0.1234     0.0036     0.1302    572.255   78.83602   -4.97940  23.220046    34.8505    34.8504 0.0000e+00
    296.000     0.9767     0.9768   2.990267   2.990279    311.827    304.649     0.1233     0.0116     0.1304    573.245   78.83602   -4.97938  23.505401    34.8511    34.8511 0.0000e+00
    297.000     0.9793     0.9789   2.990565   2.990560    312.464    304.590     0.1233     0.0207     0.1300    574.229   78.83602   -4.97936  23.528369    34.8514    34.8518 0.0000e+00
    298.000     0.9801     0.9802   2.990722   2.990706    312.766    304.219     0.1233     0.0147     0.1298    575.203   78.83602   -4.97936  23.384925    34.8520    34.8516 0.0000e+00
    299.000     0.9765     0.9767   2.990455   2.990448    312.938    304.560     0.1233     0.0072     0.1294    576.181   78.83602   -4.97934  23.439679    34.8520    34.8516 0.0000e+00
    300.000     0.9735     0.9737   2.990236   2.990230    312.613    304.683     0.1233     0.0165     0.1301    577.162   78.83602   -4.97932  24.114279    34.8519    34.8516 0.0000e+00
    301.000     0.9674     0.9680   2.989750   2.989792    312.597    304.577     0.1232     0.0158     0.1293    578.163   78.83602   -4.97932  23.598169    34.8518    34.8517 0.0000e+00
    302.000     0.9624     0.9624   2.989347   2.989334    312.447    304.877     0.1232     0.0098     0.1293    579.171   78.83602   -4.97930  23.432068    34.8516    34.8515 0.0000e+00
    303.000     0.9599     0.9591   2.989165   2.989075    312.061    305.263     0.1232     0.0096     0.1293    580.177   78.83602   -4.97928  23.368701    34.8515    34.8512 0.0000e+00
    304.000     0.9520     0.9520   2.988488   2.988481    312.129    305.469     0.1231     0.0096     0.1293    581.176   78.83600   -4.97926  23.383862    34.8510    34.8509 0.0000e+00
    305.000     0.9475     0.9475   2.988122   2.988121    312.518    304.969     0.1231     0.0095     0.1298    582.161   78.83600   -4.97922  23.323183    34.8507    34.8507 0.0000e+00
    306.000     0.9495     0.9492   2.988355   2.988346    312.834    304.761     0.1230     0.0040     0.1291    583.141   78.83600   -4.97920  23.056496    34.8509    34.8511 0.0000e+00
    307.000     0.9521     0.9519   2.988653   2.988647    312.812    305.012     0.1230     0.0066     0.1289    584.113   78.83600   -4.97920  23.056865    34.8513    34.8514 0.0000e+00
    308.000     0.9488     0.9492   2.988419   2.988444    313.112    304.826     0.1229     0.0058     0.1285    585.086   78.83602   -4.97918  23.449795    34.8513    34.8512 0.0000e+00
    309.000     0.9488     0.9490   2.988494   2.988505    313.064    304.669     0.1228     0.0023     0.1286    586.069   78.83602   -4.97916  23.353075    34.8517    34.8517 0.0000e+00
    310.000     0.9461     0.9463   2.988286   2.988314    313.161    304.902     0.1227     0.0064     0.1284    587.066   78.83602   -4.97916  23.475289    34.8515    34.8516 0.0000e+00
    311.000     0.9404     0.9407   2.987816   2.987848    312.937    304.589     0.1227     0.0166     0.1282    588.073   78.83600   -4.97914  23.586006    34.8512    34.8513 0.0000e+00
    312.000     0.9313     0.9315   2.987029   2.987043    312.779    304.716     0.1226     0.0156     0.1286    589.087   78.83600   -4.97912  23.442128    34.8507    34.8506 0.0000e+00
    313.000     0.9251     0.9256   2.986525   2.986555    312.781    305.076     0.1225     0.0098     0.1287    590.096   78.83600   -4.97910  23.152678    34.8504    34.8503 0.0000e+00
    314.000     0.9180     0.9181   2.985917   2.985934    312.543    304.791     0.1224     0.0099     0.1282    591.091   78.83600   -4.97908  23.474979    34.8500    34.8501 0.0000e+00
    315.000     0.9165     0.9164   2.985842   2.985850    312.238    304.712     0.1223     0.0157     0.1282    592.074   78.83600   -4.97906  23.621843    34.8501    34.8503 0.0000e+00
    316.000     0.9156     0.9156   2.985816   2.985821    312.145    304.917     0.1222     0.0107     0.1277    593.038   78.83600   -4.97904  23.152083    34.8501    34.8502 0.0000e+00
    317.000     0.9136     0.9137   2.985684   2.985694    312.420    304.475     0.1221     0.0038     0.1281    594.002   78.83600   -4.97903  23.153967    34.8501    34.8501 0.0000e+00
    318.000     0.9078     0.9080   2.985209   2.985212    312.555    304.743     0.1221     0.0064     0.1282    594.980   78.83600   -4.97902  23.322854    34.8498    34.8497 0.0000e+00
    319.000     0.9029     0.9029   2.984815   2.984822    312.531    304.566     0.1220     0.0060     0.1282    595.970   78.83600   -4.97901  23.382150    34.8497    34.8497 0.0000e+00
    320.000     0.8999     0.9001   2.984585   2.984611    312.576    304.564     0.1219     0.0054     0.1279    596.980   78.83600   -4.97899  23.349349    34.8494    34.8495 0.0000e+00
    321.000     0.8988     0.8988   2.984528   2.984551    312.458    304.369     0.1219     0.0096     0.1281    597.999   78.83600   -4.97897  23.149391    34.8494    34.8497 0.0000e+00
    322.000     0.8979     0.8981   2.984507   2.984533    312.309    304.512     0.1218     0.0096     0.1284    599.019   78.83600   -4.97895  22.876907    34.8495    34.8497 0.0000e+00
    323.000     0.8932     0.8933   2.984121   2.984113    312.372    304.808     0.1218     0.0079     0.1286    600.024   78.83600   -4.97892  23.911307    34.8493    34.8490 0.0000e+00
    324.000     0.8849     0.8850   2.983418   2.983447    312.746    304.553     0.1218     0.0026     0.1281    601.009   78.83600   -4.97891  23.470988    34.8489    34.8490 0.0000e+00
    325.000     0.8788     0.8789   2.982935   2.982940    312.447    304.427     0.1217     0.0092     0.1281    601.975   78.83600   -4.97889  23.240713    34.8488    34.8488 0.0000e+00
    326.000     0.8685     0.8691   2.982050   2.982080    312.523    304.401     0.1217     0.0096     0.1277    602.933   78.83600   -4.97887  23.461567    34.8483    34.8480 0.0000e+00
    327.000     0.8586     0.8596   2.981201   2.981264    312.626    304.416     0.1217     0.0097     0.1280    603.901   78.83600   -4.97886  23.593048    34.8478    34.8476 0.0000e+00
    328.000     0.8491     0.8495   2.980379   2.980419    312.518    304.386     0.1218     0.0144     0.1278    604.888   78.83600   -4.97885  23.638579    34.8473    34.8473 0.0000e+00
    329.000     0.8534     0.8533   2.980837   2.980866    312.511    304.219     0.1218     0.0166     0.1277    605.893   78.83600   -4.97883  22.891770    34.8477    34.8482 0.0000e+00
    330.000     0.8508     0.8510   2.980666   2.980699    312.318    304.226     0.1218     0.0126     0.1278    606.913   78.83600   -4.97881  22.989757    34.8479    34.8480 0.0000e+00
    331.000     0.8464     0.8467   2.980341   2.980374    312.501    304.517     0.1219     0.0096     0.1273    607.930   78.83600   -4.97879  23.541040    34.8480    34.8481 0.0000e+00
    332.000     0.8426     0.8427   2.980084   2.980110    312.181    304.188     0.1219     0.0147     0.1278    608.937   78.83600   -4.97877  23.844243    34.8483    34.8485 0.0000e+00
    333.000     0.8432     0.8439   2.980197   2.980286    312.038    304.252     0.1220     0.0218     0.1281    609.926   78.83600   -4.97875  23.753111    34.8485    34.8489 0.0000e+00
    334.000     0.8405     0.8402   2.980022   2.979990    312.073    304.563     0.1221     0.0151     0.1276    610.896   78.83600   -4.97873  23.591138    34.8487    34.8486 0.0000e+00
    335.000     0.8362     0.8359   2.979675   2.979666    312.450    304.318     0.1221     0.0095     0.1273    611.863   78.83600   -4.97871  23.505110    34.8485    34.8487 0.0000e+00
    336.000     0.8363     0.8361   2.979728   2.979733    312.311    304.243     0.1222     0.0093     0.1272    612.832   78.83600   -4.97870  23.011201    34.8484    34.8487 0.0000e+00
    337.000     0.8317     0.8346   2.979365   2.979604    312.119    304.472     0.1223     0.0031     0.1273    613.815   78.83600   -4.97869  23.610271    34.8482    34.8481 0.0000e+00
    338.000     0.8245     0.8244   2.978750   2.978754    311.913    304.526     0.1224     0.0133     0.1275    614.807   78.83600   -4.97867  23.778607    34.8478    34.8479 0.0000e+00
    339.000     0.8259     0.8258   2.978932   2.978957    311.782    304.091     0.1226     0.0115     0.1273    615.810   78.83600   -4.97865  23.515592    34.8480    34.8485 0.0000e+00
    340.000     0.8259     0.8259   2.979004   2.979021    311.926    304.318     0.1227     0.0096     0.1274    616.816   78.83600   -4.97863  23.398760    34.8484    34.8485 0.0000e+00
