test_project/cnv_files/Sta0222_bin.cnv
* Sea-Bird SBE 9 Data File:
* FileName = C:\Seabird\CTDDATA\Sta0222.hex
* Software Version Seasave V 7.26.7.107
* Temperature SN = 03-4535
* Conductivity SN = 2860
* Number of Bytes Per Scan = 44
* Number of Voltage Words = 5
* Number of Scans Averaged by the Deck Unit = 1
* NMEA Latitude = 78 13.52 N
* NMEA Longitude = 015 27.38 W
* NMEA UTC (Time) = Sep 07 2019 23:00:02
* NMEA baud rate = 9600
** Ship: "Kronprins Haakon"
** Station: 0222
** Echodepth: 228
** Log: 6058.490
** Wind-Dir Force(m/s): 25 06
** Air-temp (dry): -1.7
** Weather Sky: 0 1
** Sea Ice: 0 4
# nquan = 17
# nvalues = 213                         
# units = specified
# name 0 = prDM: Pressure, Digiquartz [db]
# name 1 = t090C: Temperature [ITS-90, deg C]
# name 2 = t190C: Temperature, 2 [ITS-90, deg C]
# name 3 = c0S/m: Conductivity [S/m]
# name 4 = c1S/m: Conductivity, 2 [S/m]
# name 5 = sbox0Mm/Kg: Oxygen, SBE 43 [umol/kg]
# name 6 = sbox1Mm/Kg: Oxygen, SBE 43, 2 [umol/kg]
# name 7 = wetCDOM: Fluorescence, WET Labs CDOM [mg/m^3]
# name 8 = flECO-AFL: Fluorescence, WET Labs ECO-AFL/FL [mg/m^3]
# name 9 = CStarAt0: Beam Attenuation, WET Labs C-Star [1/m]
# name 10 = timeS: Time, Elapsed [seconds]
# name 11 = latitude: Latitude [deg]
# name 12 = longitude: Longitude [deg]
# name 13 = upoly0: Upoly 0, ISUS
# name 14 = sal00: Salinity, Practical [PSU]
# name 15 = sal11: Salinity, Practical, 2 [PSU]
# name 16 = flag: flag
# span 0 =      2.000,    214.000       
# span 1 =    -1.6639,     1.0359       
# span 2 =    -1.6635,     1.0345       
# span 3 =   2.409684,   2.980865       
# span 4 =   2.409652,   2.980760       
# span 5 =    307.298,    425.799       
# span 6 =    304.596,    417.337       
# span 7 =     0.1200,     0.1834       
# span 8 =     0.0034,     1.8835       
# span 9 =     0.1358,     0.3498       
# span 10 =    544.988,    792.065      
# span 11 =   78.22544,   78.22544      
# span 12 =  -15.45643,  -15.45640      
# span 13 =  12.621271,  24.475715      
# span 14 =    29.4319,    34.7128      
# span 15 =    29.4315,    34.7125      
# span 16 = 0.0000e+00, 0.0000e+00      
# interval = decibars: 1                
# start_time = Sep 07 2019 23:00:02 [NMEA time, header]
# bad_flag = -9.990e-29
*END*
[from data line 171]
    173.000     0.0662     0.0662   2.871726   2.871667    318.204    315.579     0.1383     0.0146     0.1381    725.395   78.22544  -15.45642  23.481495    34.3958    34.3951 0.0000e+00
    174.000     0.0955     0.0947   2.875182   2.875079    316.181    314.133     0.1378     0.0212     0.1398    726.496   78.22544  -15.45642  23.083741    34.4081    34.4076 0.0000e+00
    175.000     0.0986     0.0996   2.876197   2.876183    314.505    312.921     0.1372     0.0228     0.1393    727.595   78.22544  -15.45642  23.180499    34.4174    34.4161 0.0000e+00
    176.000     0.1303     0.1288   2.879712   2.879579    313.056    311.217     0.1367     0.0168     0.1397    728.679   78.22544  -15.45642  23.226086    34.4277    34.4276 0.0000e+00
    177.000     0.1589     0.1588   2.882876   2.882822    311.422    309.872     0.1362     0.0105     0.1471    729.732   78.22544  -15.45642  23.573485    34.4367    34.4361 0.0000e+00
    178.000     0.1797     0.1792   2.885127   2.885109    311.698    309.723     0.1357     0.0135     0.1449    730.746   78.22544  -15.45642  23.456939    34.4425    34.4428 0.0000e+00
    179.000     0.2172     0.2165   2.889117   2.889092    312.405    309.700     0.1353     0.0143     0.1427    731.732   78.22544  -15.45642  23.261847    34.4525    34.4529 0.0000e+00
    180.000     0.2985     0.2969   2.897706   2.897708    312.399    309.511     0.1348     0.0187     0.1441    732.695   78.22544  -15.45642  23.400395    34.4737    34.4755 0.0000e+00
    181.000     0.3246     0.3247   2.900667   2.900597    313.510    310.235     0.1344     0.0177     0.1437    733.656   78.22544  -15.45642  23.965044    34.4828    34.4818 0.0000e+00
    182.000     0.3297     0.3301   2.901332   2.901284    314.634    310.825     0.1340     0.0096     0.1435    734.629   78.22544  -15.45642  23.865847    34.4852    34.4842 0.0000e+00
    183.000     0.3365     0.3356   2.902183   2.902002    314.307    310.892     0.1335     0.0079     0.1438    735.625   78.22544  -15.45642  23.447895    34.4882    34.4868 0.0000e+00
    184.000     0.3390     0.3394   2.902629   2.902567    313.366    311.533     0.1332     0.0034     0.1426    736.658   78.22544  -15.45642  23.141823    34.4906    34.4894 0.0000e+00
    185.000     0.3588     0.3579   2.904711   2.904659    313.268    311.262     0.1325     0.0170     0.1418    737.732   78.22544  -15.45642  23.372390    34.4953    34.4955 0.0000e+00
    186.000     0.4251     0.4244   2.911541   2.911484    313.553    310.592     0.1316     0.0204     0.1415    738.843   78.22544  -15.45642  23.430711    34.5099    34.5100 0.0000e+00
    187.000     0.4536     0.4537   2.914809   2.914734    315.113    311.224     0.1304     0.0099     0.1413    739.950   78.22544  -15.45642  23.381842    34.5202    34.5191 0.0000e+00
    188.000     0.4549     0.4555   2.915134   2.915108    315.311    311.246     0.1289     0.0106     0.1394    741.038   78.22544  -15.45642  23.479823    34.5225    34.5214 0.0000e+00
    189.000     0.4602     0.4610   2.915996   2.915975    313.808    310.980     0.1272     0.0159     0.1393    742.088   78.22544  -15.45642  23.478932    34.5272    34.5261 0.0000e+00
    190.000     0.4781     0.4782   2.918158   2.918139    313.322    310.492     0.1256     0.0222     0.1390    743.102   78.22544  -15.45642  23.559894    34.5349    34.5345 0.0000e+00
    191.000     0.4847     0.4861   2.919260   2.919224    313.512    310.111     0.1243     0.0159     0.1392    744.091   78.22544  -15.45642  23.770294    34.5413    34.5393 0.0000e+00
    192.000     0.5019     0.5003   2.921730   2.921660    314.292    310.124     0.1234     0.0165     0.1373    745.063   78.22544  -15.45642  23.288311    34.5538    34.5546 0.0000e+00
    193.000     0.5539     0.5519   2.927256   2.927168    314.066    310.022     0.1231     0.0211     0.1375    746.035   78.22544  -15.45642  23.735329    34.5672    34.5683 0.0000e+00
    194.000     0.6449     0.6424   2.936370   2.936327    314.419    310.088     0.1234     0.0229     0.1361    747.028   78.22544  -15.45642  23.691005    34.5837    34.5859 0.0000e+00
    195.000     0.7055     0.7055   2.942955   2.942937    315.635    310.791     0.1242     0.0198     0.1363    748.043   78.22544  -15.45642  23.533899    34.6011    34.6009 0.0000e+00
    196.000     0.7335     0.7330   2.946166   2.946107    315.866    311.349     0.1255     0.0128     0.1360    749.087   78.22544  -15.45642  23.725915    34.6110    34.6107 0.0000e+00
    197.000     0.7683     0.7681   2.950239   2.950167    313.090    310.195     0.1270     0.0093     0.1359    750.151   78.22544  -15.45642  23.860823    34.6245    34.6237 0.0000e+00
    198.000     0.7865     0.7867   2.952849   2.952796    310.483    309.655     0.1284     0.0096     0.1365    751.218   78.22544  -15.45642  23.441122    34.6374    34.6365 0.0000e+00
    199.000     0.7792     0.7802   2.952849   2.952785    309.799    309.348     0.1294     0.0093     0.1358    752.283   78.22544  -15.45642  23.826758    34.6449    34.6430 0.0000e+00
    200.000     0.7903     0.7894   2.954627   2.954554    309.060    308.521     0.1300     0.0126     0.1371    753.337   78.22544  -15.45642  23.945303    34.6550    34.6551 0.0000e+00
    201.000     0.8341     0.8335   2.959385   2.959293    308.731    307.786     0.1302     0.0131     0.1373    754.384   78.22544  -15.45642  23.952986    34.6672    34.6667 0.0000e+00
    202.000     0.8610     0.8595   2.962282   2.962115    310.440    307.707     0.1301     0.0096     0.1389    755.420   78.22544  -15.45642  24.053365    34.6742    34.6736 0.0000e+00
    203.000     0.9028     0.9023   2.966638   2.966712    310.850    307.036     0.1298     0.0133     0.1394    756.450   78.22544  -15.45642  24.189814    34.6833    34.6848 0.0000e+00
    204.000     0.9674     0.9679   2.973354   2.973340    309.895    306.157     0.1293     0.0211     0.1406    757.457   78.22544  -15.45642  23.791733    34.6975    34.6967 0.0000e+00
    205.000     0.9742     0.9719   2.974121   2.973845    310.068    306.734     0.1288     0.0104     0.1415    758.251   78.22544  -15.45642  23.839216    34.6992    34.6982 0.0000e+00
    206.000     1.0081     1.0050   2.977648   2.977404    309.688    306.588     0.1284     0.0177     0.1429    758.915   78.22544  -15.45642  24.434666    34.7063    34.7067 0.0000e+00
    207.000     1.0253     1.0247   2.979514   2.979388    309.062    305.884     0.1281     0.0226     0.1447    759.553   78.22544  -15.45642  24.285074    34.7106    34.7097 0.0000e+00
    208.000     1.0271     1.0275   2.979791   2.979703    308.608    305.694     0.1279     0.0119     0.1491    760.207   78.22544  -15.45642  24.120625    34.7116    34.7100 0.0000e+00
    209.000     1.0283     1.0286   2.979963   2.979893    308.095    305.735     0.1278     0.0097     0.1530    760.976   78.22544  -15.45642  24.342360    34.7119    34.7107 0.0000e+00
    210.000     1.0295     1.0300   2.980138   2.980089    307.867    305.015     0.1274     0.0117     0.1570    761.947   78.22544  -15.45642  24.205814    34.7122    34.7111 0.0000e+00
    211.000     1.0305     1.0312   2.980277   2.980247    307.308    304.615     0.1277     0.0165     0.1614    762.979   78.22544  -15.45642  24.245130    34.7123    34.7112 0.0000e+00
    212.000     1.0326     1.0330   2.980540   2.980456    307.298    304.596     0.1281     0.0120     0.1640    764.032   78.22544  -15.45642  24.475715    34.7128    34.7113 0.0000e+00
    213.000     1.0339     1.0345   2.980680   2.980647    308.083    304.892     0.1288     0.0043     0.1648    765.075   78.22544  -15.45642  24.213119    34.7126    34.7115 0.0000e+00
    214.000     1.0359     1.0343   2.980865   2.980760    308.725    304.711     0.1268     0.0161     0.1654    792.065   78.22544  -15.45643  24.163547    34.7121    34.7125 0.0000e+00
