test_project/cnv_files/Sta0207_bin.cnv
* Sea-Bird SBE 9 Data File:
* FileName = C:\Seabird\CTDDATA\Sta0207.hex
* Software Version Seasave V 7.26.7.107
* Temperature SN = 03-4535
* Conductivity SN = 2860
* Number of Bytes Per Scan = 44
* Number of Voltage Words = 5
* Number of Scans Averaged by the Deck Unit = 1
* NMEA Latitude = 78 50.14 N
* NMEA Longitude = 007 30.89 W
* NMEA UTC (Time) = Sep 05 2019 04:28:48
* NMEA baud rate = 9600
** Ship: "Kronprins Haakon"
** Station: 0207
** Echodepth: 245
** Log: 5900.60
** Wind-Dir Force(m/s): 25 05
** Air-temp (dry): -1.8
** Weather Sky: 2 4
** Sea Ice: 0 3
# nquan = 17
# nvalues = 169                         
# units = specified
# name 0 = prDM: Pressure, Digiquartz [db]
# name 1 = t090C: Temperature [ITS-90, deg C]
# name 2 = t190C: Temperature, 2 [ITS-90, deg C]
# name 3 = c0S/m: Conductivity [S/m]
# name 4 = c1S/m: Conductivity, 2 [S/m]
# name 5 = sbox0Mm/Kg: Oxygen, SBE 43 [umol/kg]
# name 6 = sbox1Mm/Kg: Oxygen, SBE 43, 2 [umol/kg]
# name 7 = wetCDOM: Fluorescence, WET Labs CDOM [mg/m^3]
# name 8 = flECO-AFL: Fluorescence, WET Labs ECO-AFL/FL [mg/m^3]
# name 9 = CStarAt0: Beam Attenuation, WET Labs C-Star [1/m]
# name 10 = timeS: Time, Elapsed [seconds]
# name 11 = latitude: Latitude [deg]
# name 12 = longitude: Longitude [deg]
# name 13 = upoly0: Upoly 0, ISUS
# name 14 = sal00: Salinity, Practical [PSU]
# name 15 = sal11: Salinity, Practical, 2 [PSU]
# name 16 = flag: flag
# span 0 =      3.000,    171.000       
# span 1 =    -1.6607,     0.1445       
# span 2 =    -1.6605,     0.1522       
# span 3 =   1.270935,   2.884163       
# span 4 =   2.195393,   2.884979       
# span 5 =    315.327,    430.007       
# span 6 =    315.581,    739.126       
# span 7 =     0.1230,     0.1751       
# span 8 =     0.0252,     0.8669       
# span 9 =     0.1437,     0.3253       
# span 10 =     38.046,    423.790      
# span 11 =   78.83576,   78.83680      
# span 12 =   -7.51977,   -7.51535      
# span 13 =  13.179901,  23.472062      
# span 14 =    14.8541,    34.4736      
# span 15 =    26.6767,    34.4757      
# span 16 = 0.0000e+00, 0.0000e+00      
# interval = decibars: 1                
# start_time = Sep 05 2019 04:28:48 [NMEA time, header]
# bad_flag = -9.990e-29
*END*
      3.000    -1.3220    -1.3292   1.270935   2.384017    384.751    493.965     0.1330     0.4516     0.2762     38.046   78.83576   -7.51535  14.544453    14.8541    29.4418 0.0000e+00
      4.000    -1.3230    -1.3143   1.350799   2.291479    362.171    544.743     0.1338     0.4881     0.2790     40.773   78.83576   -7.51539  14.931973    15.8671    28.1792 0.0000e+00
      5.000    -1.3146    -1.3027   1.460730   2.247066    344.498    590.658     0.1343     0.5143     0.2757     43.696   78.83576   -7.51542  13.954119    17.2639    27.5705 0.0000e+00
      6.000    -1.3060    -1.3032   1.552873   2.267727    339.208    624.591     0.1348     0.5504     0.2757     46.348   78.83577   -7.51545  14.336469    18.4412    27.8479 0.0000e+00
      7.000    -1.3006    -1.3008   1.587830   2.257246    339.532    662.225     0.1362     0.5535     0.2755     48.808   78.83578   -7.51548  14.473869    18.8879    27.7044 0.0000e+00
      8.000    -1.2776    -1.2220   1.629443   2.205599    339.783    708.674     0.1389     0.5654     0.2819     51.484   78.83578   -7.51551  14.460454    19.4103    26.9405 0.0000e+00
      9.000    -1.2640    -1.0800   1.681986   2.195393    339.830    739.126     0.1400     0.5841     0.2805     54.440   78.83580   -7.51555  14.227573    20.0812    26.6767 0.0000e+00
     10.000    -1.2664    -1.2527   1.766523   2.214928    338.077    585.284     0.1410     0.5900     0.2789     61.766   78.83581   -7.51563  14.217587    21.1878    27.0924 0.0000e+00
     11.000    -1.2861    -1.2860   2.442124   2.444181    403.410    399.417     0.1417     0.4913     0.2841    195.055   78.83616   -7.51719  14.156947    30.1831    30.2100 0.0000e+00
     12.000    -1.2569    -1.2590   2.459835   2.458936    404.195    398.912     0.1422     0.5190     0.2874    196.773   78.83616   -7.51721  14.017164    30.3921    30.3820 0.0000e+00
     13.000    -1.2427    -1.2413   2.468224   2.469005    404.803    399.448     0.1424     0.5528     0.2870    197.808   78.83616   -7.51723  13.924797    30.4907    30.4999 0.0000e+00
     14.000    -1.2332    -1.2325   2.473915   2.474198    405.765    400.488     0.1425     0.6106     0.2890    198.837   78.83616   -7.51724  13.893480    30.5576    30.5608 0.0000e+00
     15.000    -1.2311    -1.2307   2.475317   2.475376    406.755    402.118     0.1423     0.6515     0.2889    199.873   78.83616   -7.51725  13.756580    30.5738    30.5743 0.0000e+00
     16.000    -1.2198    -1.2202   2.481442   2.481065    407.482    403.441     0.1421     0.6797     0.2913    200.907   78.83616   -7.51726  13.635528    30.6447    30.6401 0.0000e+00
     17.000    -1.2103    -1.2104   2.484843   2.484746    408.414    404.265     0.1420     0.6667     0.2916    201.924   78.83617   -7.51727  13.986588    30.6805    30.6793 0.0000e+00
     18.000    -1.2169    -1.2156   2.486992   2.486974    410.790    404.838     0.1419     0.7094     0.2927    202.930   78.83618   -7.51729  14.134943    30.7158    30.7143 0.0000e+00
     19.000    -1.2302    -1.2298   2.489901   2.489818    412.067    405.380     0.1418     0.7331     0.2953    203.936   78.83618   -7.51730  13.680290    30.7684    30.7669 0.0000e+00
     20.000    -1.2297    -1.2294   2.492374   2.492300    411.810    405.319     0.1418     0.7818     0.3026    204.951   78.83618   -7.51731  13.888248    30.8008    30.7996 0.0000e+00
     21.000    -1.2282    -1.2284   2.494741   2.494692    411.605    405.321     0.1418     0.8154     0.3023    205.971   78.83618   -7.51732  13.888682    30.8309    30.8303 0.0000e+00
     22.000    -1.2221    -1.2220   2.496861   2.496791    412.329    405.226     0.1419     0.8284     0.3181    206.985   78.83618   -7.51733  13.774278    30.8527    30.8517 0.0000e+00
     23.000    -1.2103    -1.2117   2.502711   2.502586    413.195    405.172     0.1423     0.8479     0.3253    208.004   78.83618   -7.51734  13.904322    30.9193    30.9191 0.0000e+00
     24.000    -1.0015    -1.0128   2.542590   2.542006    410.566    401.949     0.1429     0.8669     0.3098    209.043   78.83618   -7.51736  13.925682    31.2414    31.2452 0.0000e+00
     25.000    -0.8216    -0.8219   2.580775   2.580536    412.072    401.783     0.1438     0.7738     0.3075    210.087   78.83620   -7.51738  13.536260    31.5676    31.5648 0.0000e+00
     26.000    -0.8587    -0.8576   2.582925   2.582832    419.958    407.048     0.1448     0.5730     0.3065    211.121   78.83620   -7.51738  13.179901    31.6350    31.6326 0.0000e+00
     27.000    -0.8771    -0.8751   2.582907   2.582829    417.543    409.411     0.1460     0.4318     0.2986    212.141   78.83620   -7.51740  13.328730    31.6534    31.6503 0.0000e+00
     28.000    -0.9574    -0.9549   2.583666   2.583611    413.565    413.128     0.1473     0.4054     0.2842    213.158   78.83620   -7.51740  13.977771    31.7478    31.7444 0.0000e+00
     29.000    -1.0246    -1.0229   2.584458   2.584387    414.819    415.766     0.1487     0.4009     0.2766    214.182   78.83620   -7.51742  14.301913    31.8291    31.8263 0.0000e+00
     30.000    -1.1598    -1.1560   2.578533   2.578458    419.858    417.558     0.1500     0.3773     0.2660    215.208   78.83620   -7.51744  14.118395    31.8918    31.8868 0.0000e+00
     31.000    -1.2471    -1.2462   2.574809   2.574798    423.924    417.394     0.1511     0.3931     0.2555    216.232   78.83622   -7.51744  13.184448    31.9336    31.9325 0.0000e+00
     32.000    -1.2399    -1.2399   2.575957   2.575918    423.572    414.327     0.1522     0.5176     0.2431    217.246   78.83622   -7.51746  13.605959    31.9409    31.9404 0.0000e+00
     33.000    -1.2489    -1.2480   2.575767   2.575727    427.022    412.995     0.1531     0.5241     0.2376    218.266   78.83622   -7.51746  13.824480    31.9474    31.9458 0.0000e+00
     34.000    -1.2819    -1.2807   2.573772   2.573731    430.007    411.970     0.1539     0.5458     0.2350    219.291   78.83622   -7.51748  13.470379    31.9548    31.9530 0.0000e+00
     35.000    -1.3409    -1.3391   2.570914   2.570845    427.803    410.691     0.1547     0.6035     0.2352    220.317   78.83622   -7.51750  13.686267    31.9783    31.9755 0.0000e+00
     36.000    -1.3929    -1.3917   2.567875   2.568022    423.066    409.161     0.1554     0.6614     0.2350    221.340   78.83622   -7.51750  14.445309    31.9920    31.9927 0.0000e+00
     37.000    -1.4150    -1.4140   2.567228   2.567204    419.474    407.305     0.1562     0.6016     0.2339    222.360   78.83622   -7.51752  14.369025    32.0062    32.0048 0.0000e+00
     38.000    -1.4305    -1.4296   2.566694   2.566663    418.569    405.768     0.1570     0.5196     0.2306    223.387   78.83622   -7.51752  14.341137    32.0150    32.0135 0.0000e+00
     39.000    -1.4500    -1.4489   2.565986   2.565952    416.828    403.045     0.1578     0.4654     0.2281    224.419   78.83622   -7.51754  15.045976    32.0256    32.0239 0.0000e+00
     40.000    -1.4735    -1.4726   2.565033   2.564987    413.123    399.934     0.1586     0.4279     0.2242    225.447   78.83624   -7.51754  15.186335    32.0372    32.0356 0.0000e+00
     41.000    -1.4865    -1.4858   2.564394   2.564356    410.126    397.823     0.1593     0.3740     0.2188    226.472   78.83624   -7.51756  15.548250    32.0418    32.0405 0.0000e+00
     42.000    -1.5042    -1.5031   2.563486   2.563463    407.993    396.405     0.1601     0.3396     0.2123    227.494   78.83624   -7.51758  15.883037    32.0478    32.0462 0.0000e+00
     43.000    -1.5311    -1.5296   2.562499   2.562478    406.925    395.438     0.1608     0.3300     0.2066    228.529   78.83624   -7.51759  15.600346    32.0626    32.0607 0.0000e+00
     44.000    -1.5489    -1.5485   2.562056   2.562039    406.029    394.526     0.1616     0.3174     0.2003    229.558   78.83625   -7.51760  15.437876    32.0751    32.0743 0.0000e+00
     45.000    -1.5561    -1.5555   2.562016   2.561987    405.526    393.779     0.1623     0.3037     0.1986    230.584   78.83626   -7.51761  16.054469    32.0817    32.0806 0.0000e+00
     46.000    -1.5690    -1.5682   2.561637   2.561600    406.537    393.568     0.1630     0.2665     0.1949    231.607   78.83626   -7.51763  15.982101    32.0898    32.0884 0.0000e+00
     47.000    -1.5817    -1.5809   2.561093   2.561078    405.670    393.088     0.1637     0.2362     0.1884    232.627   78.83626   -7.51764  15.585282    32.0954    32.0944 0.0000e+00
     48.000    -1.5934    -1.5927   2.560515   2.560487    404.288    392.032     0.1644     0.2010     0.1850    233.654   78.83626   -7.51765  15.468241    32.0994    32.0983 0.0000e+00
     49.000    -1.6053    -1.6046   2.560010   2.559991    403.376    391.318     0.1650     0.1967     0.1831    234.677   78.83626   -7.51766  16.296758    32.1047    32.1037 0.0000e+00
     50.000    -1.6145    -1.6134   2.559830   2.559824    402.787    390.636     0.1656     0.1690     0.1825    235.694   78.83626   -7.51767  16.223212    32.1116    32.1103 0.0000e+00
     51.000    -1.6405    -1.6392   2.558385   2.558378    402.088    390.408     0.1662     0.1473     0.1806    236.717   78.83626   -7.51768  15.826166    32.1192    32.1177 0.0000e+00
     52.000    -1.6436    -1.6434   2.558496   2.558482    400.788    389.800     0.1668     0.1570     0.1748    237.743   78.83626   -7.51769  15.820463    32.1234    32.1231 0.0000e+00
     53.000    -1.6414    -1.6411   2.558995   2.558977    401.006    389.805     0.1674     0.1244     0.1722    238.775   78.83627   -7.51771  16.259454    32.1274    32.1268 0.0000e+00
     54.000    -1.6445    -1.6441   2.559475   2.559450    402.823    389.973     0.1679     0.1252     0.1706    239.804   78.83628   -7.51772  16.746015    32.1367    32.1359 0.0000e+00
     55.000    -1.6506    -1.6502   2.559955   2.559945    402.608    389.505     0.1684     0.1090     0.1687    240.830   78.83628   -7.51773  16.695107    32.1493    32.1488 0.0000e+00
     56.000    -1.6572    -1.6565   2.559849   2.559839    401.135    388.657     0.1689     0.0894     0.1665    241.852   78.83628   -7.51774  16.455709    32.1544    32.1535 0.0000e+00
     57.000    -1.6607    -1.6605   2.559899   2.559879    400.102    388.499     0.1694     0.0745     0.1656    242.882   78.83628   -7.51775  16.027456    32.1583    32.1578 0.0000e+00
     58.000    -1.6567    -1.6568   2.560906   2.560878    399.207    387.765     0.1698     0.0799     0.1638    243.911   78.83628   -7.51777  16.003560    32.1673    32.1670 0.0000e+00
     59.000    -1.6553    -1.6550   2.562152   2.562134    398.689    387.002     0.1703     0.0935     0.1629    244.934   78.83628   -7.51778  16.487179    32.1823    32.1818 0.0000e+00
     60.000    -1.6553    -1.6551   2.562752   2.562730    398.475    386.496     0.1707     0.0946     0.1628    245.953   78.83628   -7.51779  16.575530    32.1900    32.1895 0.0000e+00
     61.000    -1.6550    -1.6548   2.563358   2.563325    398.104    386.783     0.1711     0.0875     0.1622    246.978   78.83629   -7.51780  16.865355    32.1974    32.1968 0.0000e+00
     62.000    -1.6536    -1.6536   2.564069   2.564033    398.201    387.258     0.1714     0.0879     0.1618    248.016   78.83630   -7.51781  16.970159    32.2052    32.2046 0.0000e+00
     63.000    -1.6522    -1.6520   2.564741   2.564710    398.669    386.712     0.1718     0.1030     0.1624    249.048   78.83630   -7.51782  16.627340    32.2122    32.2117 0.0000e+00
     64.000    -1.6496    -1.6496   2.566106   2.566075    398.915    386.646     0.1721     0.1062     0.1632    250.080   78.83630   -7.51784  16.632904    32.2277    32.2272 0.0000e+00
     65.000    -1.6458    -1.6459   2.568321   2.568280    398.400    386.505     0.1724     0.1009     0.1637    251.106   78.83630   -7.51786  16.483145    32.2535    32.2531 0.0000e+00
     66.000    -1.6282    -1.6289   2.571196   2.571136    398.269    386.652     0.1727     0.0968     0.1635    252.134   78.83630   -7.51786  16.737634    32.2735    32.2734 0.0000e+00
     67.000    -1.6242    -1.6241   2.572407   2.572368    398.009    386.955     0.1730     0.0904     0.1646    253.167   78.83632   -7.51788  16.744896    32.2852    32.2845 0.0000e+00
     68.000    -1.6274    -1.6268   2.573005   2.572981    398.044    386.765     0.1732     0.0900     0.1663    254.198   78.83632   -7.51788  16.519251    32.2963    32.2954 0.0000e+00
     69.000    -1.6349    -1.6342   2.573389   2.573350    396.888    385.794     0.1735     0.0902     0.1654    255.231   78.83632   -7.51790  16.619912    32.3092    32.3079 0.0000e+00
     70.000    -1.6408    -1.6409   2.575950   2.575852    395.829    384.905     0.1737     0.0896     0.1658    256.259   78.83632   -7.51790  16.746450    32.3503    32.3491 0.0000e+00
     71.000    -1.6311    -1.6309   2.579739   2.579644    394.954    383.971     0.1739     0.0665     0.1673    257.298   78.83632   -7.51792  16.905312    32.3914    32.3900 0.0000e+00
     72.000    -1.6311    -1.6309   2.583030   2.582957    395.029    383.631     0.1741     0.0663     0.1675    258.337   78.83632   -7.51794  17.217085    32.4363    32.4350 0.0000e+00
     73.000    -1.6305    -1.6303   2.586282   2.586194    394.842    382.758     0.1742     0.0575     0.1674    259.372   78.83632   -7.51794  17.459158    32.4799    32.4785 0.0000e+00
     74.000    -1.6283    -1.6282   2.588808   2.588769    393.506    381.563     0.1744     0.0582     0.1669    260.406   78.83632   -7.51796  17.394331    32.5118    32.5112 0.0000e+00
     75.000    -1.6258    -1.6257   2.590892   2.590810    392.043    380.637     0.1745     0.0513     0.1666    261.438   78.83634   -7.51796  17.501299    32.5372    32.5360 0.0000e+00
     76.000    -1.6157    -1.6166   2.594968   2.594783    390.940    379.274     0.1747     0.0461     0.1663    262.480   78.83634   -7.51798  18.156816    32.5819    32.5802 0.0000e+00
     77.000    -1.5804    -1.5825   2.604563   2.604130    389.569    377.493     0.1748     0.0499     0.1664    263.517   78.83634   -7.51800  17.775798    32.6749    32.6712 0.0000e+00
     78.000    -1.5642    -1.5644   2.608616   2.608581    389.376    376.774     0.1749     0.0531     0.1658    264.548   78.83634   -7.51801  18.003445    32.7123    32.7121 0.0000e+00
     79.000    -1.5469    -1.5478   2.612986   2.612848    387.934    376.006     0.1750     0.0502     0.1658    265.577   78.83634   -7.51802  18.271898    32.7530    32.7520 0.0000e+00
     80.000    -1.5264    -1.5274   2.618746   2.618556    384.897    374.228     0.1750     0.0509     0.1657    266.608   78.83634   -7.51803  18.205043    32.8092    32.8076 0.0000e+00
     81.000    -1.5161    -1.5161   2.621455   2.621403    382.228    372.625     0.1751     0.0597     0.1652    267.647   78.83634   -7.51804  18.033293    32.8345    32.8338 0.0000e+00
     82.000    -1.5137    -1.5136   2.622047   2.622007    380.027    371.416     0.1751     0.0559     0.1649    268.672   78.83635   -7.51805  18.059070    32.8394    32.8387 0.0000e+00
     83.000    -1.5107    -1.5107   2.622725   2.622690    377.828    369.858     0.1751     0.0452     0.1648    269.700   78.83636   -7.51807  18.164569    32.8449    32.8444 0.0000e+00
     84.000    -1.5059    -1.5060   2.623927   2.623846    376.388    368.558     0.1751     0.0483     0.1648    270.733   78.83636   -7.51808  18.570125    32.8555    32.8545 0.0000e+00
     85.000    -1.5019    -1.5019   2.624710   2.624654    375.668    367.525     0.1751     0.0581     0.1649    271.769   78.83636   -7.51809  17.626401    32.8613    32.8604 0.0000e+00
     86.000    -1.4998    -1.4998   2.625149   2.625088    376.302    367.202     0.1750     0.0459     0.1648    272.818   78.83636   -7.51810  18.633841    32.8644    32.8635 0.0000e+00
     87.000    -1.4975    -1.4975   2.625681   2.625609    376.955    367.210     0.1749     0.0572     0.1647    273.860   78.83636   -7.51811  18.573784    32.8685    32.8676 0.0000e+00
