test_project/cnv_files/Sta0230_bin.cnv
* Sea-Bird SBE 9 Data File:
* FileName = C:\Seabird\CTDDATA\Sta0230.hex
* Software Version Seasave V 7.26.7.107
* Temperature SN = 03-4535
* Conductivity SN = 2860
* Number of Bytes Per Scan = 44
* Number of Voltage Words = 5
* Number of Scans Averaged by the Deck Unit = 1
* NMEA Latitude = 77 52.90 N
* NMEA Longitude = 017 14.43 W
* NMEA UTC (Time) = Sep 08 2019 14:57:58
* NMEA baud rate = 9600
** Ship: "Kronprins Haakon"
** Station: 0230
** Echodepth: 305
** Log: 6090.06
** Wind-Dir Force(m/s): 35 12
** Air-temp (dry): -2.5
** Weather Sky: 0 0
** Sea Ice: 0 8
# nquan = 17
# nvalues = 296                         
# units = specified
# name 0 = prDM: Pressure, Digiquartz [db]
# name 1 = t090C: Temperature [ITS-90, deg C]
# name 2 = t190C: Temperature, 2 [ITS-90, deg C]
# name 3 = c0S/m: Conductivity [S/m]
# name 4 = c1S/m: Conductivity, 2 [S/m]
# name 5 = sbox0Mm/Kg: Oxygen, SBE 43 [umol/kg]
# name 6 = sbox1Mm/Kg: Oxygen, SBE 43, 2 [umol/kg]
# name 7 = wetCDOM: Fluorescence, WET Labs CDOM [mg/m^3]
# name 8 = flECO-AFL: Fluorescence, WET Labs ECO-AFL/FL [mg/m^3]
# name 9 = CStarAt0: Beam Attenuation, WET Labs C-Star [1/m]
# name 10 = timeS: Time, Elapsed [seconds]
# name 11 = latitude: Latitude [deg]
# name 12 = longitude: Longitude [deg]
# name 13 = upoly0: Upoly 0, ISUS
# name 14 = sal00: Salinity, Practical [PSU]
# name 15 = sal11: Salinity, Practical, 2 [PSU]
# name 16 = flag: flag
# span 0 =      3.000,    298.000       
# span 1 =    -1.6864,     1.5565       
# span 2 =    -1.6860,     1.5563       
# span 3 =   0.177344,   3.042735       
# span 4 =   2.350051,   3.042747       
# span 5 =    302.573,    421.738       
# span 6 =    298.844,    594.124       
# span 7 =     0.1047,     0.1822       
# span 8 =     0.0020,     0.5767       
# span 9 =     0.1390,     0.2779       
# span 10 =     48.529,    583.468      
# span 11 =   77.88101,   77.88176      
# span 12 =  -17.24042,  -17.23921      
# span 13 =  14.067916,  26.175010      
# span 14 =     1.8218,    34.8762      
# span 15 =    29.1424,    34.8765      
# span 16 = 0.0000e+00, 0.0000e+00      
# interval = decibars: 1                
# start_time = Sep 08 2019 14:57:58 [NMEA time, header]
# bad_flag = -9.990e-29
*END*
[from data line 86]
     89.000    -1.6078    -1.6078   2.631866   2.631943    370.782    365.065     0.1799     0.0617     0.1605    314.789   77.88136  -17.23967  19.282609    33.0749    33.0759 0.0000e+00
     90.000    -1.6086    -1.6084   2.634111   2.634179    370.594    364.862     0.1794     0.0667     0.1610    315.829   77.88136  -17.23966  18.819922    33.1062    33.1069 0.0000e+00
     91.000    -1.6146    -1.6143   2.636302   2.636404    371.033    364.699     0.1790     0.0508     0.1613    316.869   77.88136  -17.23966  19.403985    33.1425    33.1436 0.0000e+00
     92.000    -1.6116    -1.6115   2.638915   2.639008    369.871    364.105     0.1785     0.0517     0.1614    317.908   77.88136  -17.23966  18.972257    33.1747    33.1759 0.0000e+00
     93.000    -1.6067    -1.6065   2.640501   2.640603    369.202    363.563     0.1780     0.0485     0.1613    318.945   77.88136  -17.23966  18.767148    33.1906    33.1918 0.0000e+00
     94.000    -1.6072    -1.6070   2.642033   2.642171    369.620    363.210     0.1775     0.0463     0.1629    319.984   77.88136  -17.23966  19.082727    33.2117    33.2134 0.0000e+00
     95.000    -1.6045    -1.6045   2.645222   2.645345    369.255    362.858     0.1769     0.0463     0.1622    321.021   77.88136  -17.23966  19.145627    33.2522    33.2539 0.0000e+00
     96.000    -1.5804    -1.5804   2.649636   2.649715    367.990    362.196     0.1764     0.0381     0.1615    322.061   77.88136  -17.23966  19.205392    33.2856    33.2867 0.0000e+00
     97.000    -1.5773    -1.5771   2.652433   2.652494    367.910    361.961     0.1758     0.0390     0.1615    323.095   77.88136  -17.23966  19.402877    33.3202    33.3208 0.0000e+00
     98.000    -1.5720    -1.5721   2.655976   2.656024    367.757    361.311     0.1752     0.0463     0.1615    324.133   77.88136  -17.23964  19.276988    33.3627    33.3634 0.0000e+00
     99.000    -1.5611    -1.5611   2.658675   2.658731    365.788    360.444     0.1745     0.0433     0.1612    325.172   77.88136  -17.23964  19.295295    33.3871    33.3879 0.0000e+00
    100.000    -1.5527    -1.5527   2.660944   2.661021    364.508    359.532     0.1739     0.0390     0.1613    326.213   77.88134  -17.23964  19.259778    33.4084    33.4095 0.0000e+00
    101.000    -1.5350    -1.5347   2.664966   2.665055    363.835    358.254     0.1732     0.0366     0.1609    327.248   77.88134  -17.23964  19.669491    33.4435    33.4443 0.0000e+00
    102.000    -1.5400    -1.5400   2.667326   2.667416    362.630    357.403     0.1726     0.0357     0.1597    328.288   77.88134  -17.23964  19.717473    33.4811    33.4823 0.0000e+00
    103.000    -1.5367    -1.5364   2.670061   2.670119    361.375    356.832     0.1719     0.0479     0.1597    329.329   77.88134  -17.23964  19.957748    33.5146    33.5151 0.0000e+00
    104.000    -1.5167    -1.5172   2.673327   2.673416    360.541    356.211     0.1712     0.0519     0.1596    330.365   77.88134  -17.23964  20.174895    33.5365    33.5383 0.0000e+00
    105.000    -1.5312    -1.5305   2.673538   2.673610    361.004    355.991     0.1705     0.0452     0.1600    331.402   77.88134  -17.23964  19.973218    33.5552    33.5553 0.0000e+00
    106.000    -1.5280    -1.5281   2.674634   2.674693    360.559    355.325     0.1698     0.0401     0.1594    332.440   77.88134  -17.23962  20.120475    33.5660    33.5670 0.0000e+00
    107.000    -1.5237    -1.5235   2.675629   2.675721    359.527    353.822     0.1691     0.0459     0.1593    333.479   77.88134  -17.23962  20.012359    33.5744    33.5754 0.0000e+00
    108.000    -1.5228    -1.5223   2.676441   2.676500    359.610    353.748     0.1683     0.0459     0.1584    334.516   77.88134  -17.23962  20.014040    33.5839    33.5842 0.0000e+00
    109.000    -1.5352    -1.5349   2.676770   2.676859    360.025    353.771     0.1676     0.0399     0.1579    335.550   77.88134  -17.23962  20.570893    33.6019    33.6028 0.0000e+00
    110.000    -1.4857    -1.4878   2.682427   2.682450    358.939    352.889     0.1669     0.0450     0.1570    336.585   77.88134  -17.23962  20.243281    33.6235    33.6261 0.0000e+00
    111.000    -1.4845    -1.4833   2.684223   2.684302    359.055    353.271     0.1662     0.0341     0.1566    337.621   77.88134  -17.23962  20.009717    33.6462    33.6460 0.0000e+00
    112.000    -1.5238    -1.5222   2.682726   2.682799    360.866    353.738     0.1654     0.0317     0.1562    338.658   77.88134  -17.23962  20.191998    33.6694    33.6686 0.0000e+00
    113.000    -1.5393    -1.5392   2.682110   2.682152    358.440    352.615     0.1647     0.0373     0.1561    339.697   77.88134  -17.23962  20.338245    33.6778    33.6782 0.0000e+00
    114.000    -1.5404    -1.5403   2.682431   2.682510    355.830    351.286     0.1640     0.0339     0.1566    340.733   77.88134  -17.23962  20.244389    33.6828    33.6839 0.0000e+00
    115.000    -1.5343    -1.5342   2.683290   2.683367    356.207    350.793     0.1633     0.0408     0.1560    341.767   77.88134  -17.23961  20.077924    33.6872    33.6882 0.0000e+00
    116.000    -1.5140    -1.5152   2.685811   2.685855    358.249    350.955     0.1626     0.0375     0.1551    342.810   77.88134  -17.23960  20.158255    33.6984    33.7003 0.0000e+00
    117.000    -1.4913    -1.4905   2.689347   2.689418    359.241    351.095     0.1619     0.0395     0.1543    343.845   77.88133  -17.23960  20.563113    33.7210    33.7211 0.0000e+00
    118.000    -1.5107    -1.5105   2.688801   2.688864    359.954    351.848     0.1612     0.0351     0.1539    344.883   77.88132  -17.23960  20.437121    33.7348    33.7354 0.0000e+00
    119.000    -1.4996    -1.4996   2.690974   2.691046    358.113    350.746     0.1606     0.0275     0.1537    345.923   77.88132  -17.23960  20.737967    33.7515    33.7526 0.0000e+00
    120.000    -1.4902    -1.4904   2.692582   2.692692    356.235    350.186     0.1599     0.0316     0.1540    346.958   77.88132  -17.23960  20.783686    33.7625    33.7642 0.0000e+00
    121.000    -1.4695    -1.4688   2.695463   2.695551    356.156    350.019     0.1592     0.0343     0.1537    347.997   77.88132  -17.23960  20.784969    33.7782    33.7787 0.0000e+00
    122.000    -1.4379    -1.4385   2.699509   2.699567    356.397    349.527     0.1586     0.0389     0.1534    349.032   77.88132  -17.23958  20.826826    33.7976    33.7991 0.0000e+00
    123.000    -1.4152    -1.4165   2.702678   2.702743    355.891    349.024     0.1580     0.0390     0.1534    350.066   77.88132  -17.23958  20.895396    33.8149    33.8173 0.0000e+00
    124.000    -1.4131    -1.4119   2.704602   2.704691    355.184    348.812     0.1573     0.0376     0.1529    351.101   77.88132  -17.23958  20.955501    33.8385    33.8383 0.0000e+00
    125.000    -1.3900    -1.3909   2.708198   2.708246    353.240    347.775     0.1567     0.0317     0.1520    352.135   77.88132  -17.23958  21.117931    33.8611    33.8629 0.0000e+00
    126.000    -1.3832    -1.3830   2.709668   2.709758    351.409    346.456     0.1561     0.0316     0.1523    353.168   77.88132  -17.23958  21.527051    33.8731    33.8740 0.0000e+00
    127.000    -1.3898    -1.3879   2.710231   2.710286    351.379    346.206     0.1555     0.0323     0.1525    354.205   77.88132  -17.23958  21.257391    33.8877    33.8863 0.0000e+00
    128.000    -1.4594    -1.4592   2.705445   2.705473    351.318    346.349     0.1549     0.0380     0.1529    355.240   77.88132  -17.23958  21.174956    33.9001    33.9003 0.0000e+00
    129.000    -1.4054    -1.4058   2.711405   2.711529    348.034    343.744     0.1543     0.0314     0.1525    356.276   77.88130  -17.23958  21.329079    33.9203    33.9225 0.0000e+00
    130.000    -1.3883    -1.3903   2.714161   2.714161    347.743    343.566     0.1538     0.0187     0.1514    357.311   77.88130  -17.23958  21.283480    33.9383    33.9405 0.0000e+00
    131.000    -1.3126    -1.3145   2.721164   2.721098    350.927    343.622     0.1532     0.0236     0.1497    358.347   77.88130  -17.23958  21.079981    33.9481    33.9492 0.0000e+00
    132.000    -1.2982    -1.2974   2.722914   2.722918    353.022    344.332     0.1526     0.0362     0.1488    359.383   77.88130  -17.23956  20.975645    33.9551    33.9543 0.0000e+00
    133.000    -1.2933    -1.2941   2.724535   2.724603    351.597    344.173     0.1521     0.0388     0.1485    360.418   77.88130  -17.23956  21.269773    33.9712    33.9730 0.0000e+00
    134.000    -1.2463    -1.2478   2.730281   2.730308    346.965    342.518     0.1516     0.0284     0.1478    361.448   77.88130  -17.23956  21.644484    33.9961    33.9982 0.0000e+00
    135.000    -1.1823    -1.1850   2.737003   2.737034    345.155    341.428     0.1511     0.0243     0.1481    362.484   77.88130  -17.23956  21.806261    34.0149    34.0184 0.0000e+00
    136.000    -1.1031    -1.1030   2.744888   2.744992    345.136    340.867     0.1506     0.0198     0.1475    363.523   77.88130  -17.23956  22.133957    34.0324    34.0337 0.0000e+00
    137.000    -1.0364    -1.0391   2.751934   2.751882    345.787    340.600     0.1501     0.0209     0.1477    364.558   77.88130  -17.23956  22.090023    34.0524    34.0547 0.0000e+00
    138.000    -1.0262    -1.0261   2.753696   2.753719    344.095    339.986     0.1496     0.0243     0.1484    365.596   77.88130  -17.23956  22.778402    34.0642    34.0643 0.0000e+00
    139.000    -1.0131    -1.0136   2.755394   2.755449    340.691    338.422     0.1491     0.0243     0.1485    366.630   77.88130  -17.23956  22.358477    34.0719    34.0731 0.0000e+00
    140.000    -0.9880    -0.9879   2.758165   2.758229    337.620    336.368     0.1487     0.0243     0.1483    367.663   77.88130  -17.23956  22.425877    34.0806    34.0813 0.0000e+00
    141.000    -0.9910    -0.9910   2.758539   2.758576    336.789    335.656     0.1483     0.0243     0.1483    368.697   77.88130  -17.23955  22.448196    34.0884    34.0889 0.0000e+00
    142.000    -0.9348    -0.9364   2.764238   2.764308    336.324    334.638     0.1478     0.0221     0.1487    369.730   77.88130  -17.23954  22.419230    34.1017    34.1045 0.0000e+00
    143.000    -0.8864    -0.8870   2.769412   2.769451    337.032    333.973     0.1474     0.0189     0.1478    370.766   77.88130  -17.23954  22.553474    34.1166    34.1178 0.0000e+00
    144.000    -0.8721    -0.8720   2.771114   2.771152    339.296    334.700     0.1470     0.0227     0.1470    371.801   77.88130  -17.23954  22.850449    34.1229    34.1233 0.0000e+00
    145.000    -0.8289    -0.8307   2.776014   2.776019    338.691    333.880     0.1466     0.0171     0.1464    372.835   77.88130  -17.23954  22.843998    34.1399    34.1420 0.0000e+00
    146.000    -0.7747    -0.7775   2.781371   2.781323    336.960    332.953     0.1462     0.0179     0.1456    373.869   77.88129  -17.23954  22.901262    34.1506    34.1530 0.0000e+00
    147.000    -0.7441    -0.7434   2.784896   2.784960    336.446    332.650     0.1459     0.0240     0.1453    374.898   77.88128  -17.23954  23.510319    34.1630    34.1631 0.0000e+00
    148.000    -0.7261    -0.7258   2.787004   2.787028    336.099    332.384     0.1455     0.0243     0.1453    375.931   77.88128  -17.23954  22.554230    34.1705    34.1706 0.0000e+00
    149.000    -0.7235    -0.7235   2.787972   2.788015    333.756    331.345     0.1451     0.0240     0.1453    376.967   77.88128  -17.23954  22.856597    34.1801    34.1807 0.0000e+00
    150.000    -0.6573    -0.6592   2.794441   2.794495    331.371    329.854     0.1448     0.0180     0.1455    378.005   77.88128  -17.23954  22.538400    34.1921    34.1949 0.0000e+00
    151.000    -0.5670    -0.5688   2.803363   2.803413    331.771    329.339     0.1444     0.0230     0.1464    379.043   77.88128  -17.23954  22.408858    34.2097    34.2124 0.0000e+00
    152.000    -0.5239    -0.5244   2.807820   2.807878    334.617    329.967     0.1441     0.0241     0.1460    380.080   77.88128  -17.23952  22.758097    34.2204    34.2218 0.0000e+00
    153.000    -0.4863    -0.4863   2.811608   2.811661    334.422    329.797     0.1437     0.0133     0.1453    381.116   77.88128  -17.23952  23.171272    34.2283    34.2290 0.0000e+00
    154.000    -0.4799    -0.4796   2.812653   2.812700    331.172    329.075     0.1434     0.0199     0.1453    382.158   77.88128  -17.23952  23.327613    34.2344    34.2348 0.0000e+00
    155.000    -0.4672    -0.4671   2.814133   2.814179    327.841    327.383     0.1430     0.0143     0.1447    383.199   77.88128  -17.23952  23.483900    34.2394    34.2399 0.0000e+00
    156.000    -0.4350    -0.4355   2.817691   2.817734    326.058    325.703     0.1426     0.0186     0.1444    384.232   77.88128  -17.23952  23.542076    34.2503    34.2514 0.0000e+00
    157.000    -0.4104    -0.4113   2.820541   2.820531    325.945    325.115     0.1423     0.0200     0.1446    385.265   77.88128  -17.23952  23.542910    34.2601    34.2610 0.0000e+00
    158.000    -0.3730    -0.3727   2.824404   2.824551    326.943    324.496     0.1419     0.0131     0.1445    386.300   77.88128  -17.23952  23.103700    34.2691    34.2707 0.0000e+00
    159.000    -0.3131    -0.3146   2.830198   2.830193    327.239    323.664     0.1415     0.0129     0.1445    387.338   77.88128  -17.23952  23.306693    34.2786    34.2801 0.0000e+00
    160.000    -0.2806    -0.2807   2.833811   2.833804    328.184    323.920     0.1412     0.0170     0.1447    388.372   77.88128  -17.23952  24.054174    34.2896    34.2896 0.0000e+00
    161.000    -0.2685    -0.2686   2.835336   2.835349    327.756    324.078     0.1408     0.0196     0.1445    389.406   77.88128  -17.23950  24.204766    34.2957    34.2960 0.0000e+00
    162.000    -0.2528    -0.2541   2.837236   2.837116    325.257    322.678     0.1404     0.0218     0.1446    390.439   77.88128  -17.23950  23.989057    34.3028    34.3027 0.0000e+00
    163.000    -0.2294    -0.2297   2.840180   2.840159    323.434    321.299     0.1401     0.0170     0.1450    391.476   77.88126  -17.23950  23.911189    34.3152    34.3152 0.0000e+00
    164.000    -0.1969    -0.1977   2.844010   2.843997    322.933    320.816     0.1397     0.0186     0.1446    392.516   77.88126  -17.23950  23.877352    34.3290    34.3298 0.0000e+00
    165.000    -0.1736    -0.1736   2.846575   2.846582    323.697    320.417     0.1393     0.0218     0.1459    393.556   77.88126  -17.23950  23.504224    34.3364    34.3364 0.0000e+00
    166.000    -0.1647    -0.1645   2.847604   2.847599    324.333    320.620     0.1389     0.0128     0.1445    394.590   77.88126  -17.23950  24.285318    34.3395    34.3392 0.0000e+00
    167.000    -0.1432    -0.1437   2.849637   2.850039    324.038    320.213     0.1386     0.0292     0.1440    395.626   77.88126  -17.23950  23.884365    34.3417    34.3476 0.0000e+00
    168.000    -0.1093    -0.1102   2.853666   2.853635    322.823    319.883     0.1382     0.0177     0.1442    396.667   77.88126  -17.23950  23.997564    34.3566    34.3572 0.0000e+00
    169.000    -0.0628    -0.0639   2.858514   2.858485    323.274    319.583     0.1378     0.0174     0.1434    397.705   77.88126  -17.23949  24.030044    34.3680    34.3690 0.0000e+00
    170.000    -0.0322    -0.0325   2.861770   2.861763    323.685    319.582     0.1374     0.0235     0.1437    398.736   77.88126  -17.23948  23.735131    34.3763    34.3765 0.0000e+00
    171.000    -0.0122    -0.0123   2.863974   2.863976    323.530    319.443     0.1370     0.0240     0.1444    399.776   77.88126  -17.23948  24.225552    34.3825    34.3826 0.0000e+00
    172.000     0.0009    -0.0002   2.865431   2.865391    321.883    318.804     0.1366     0.0123     0.1451    400.809   77.88126  -17.23948  24.484287    34.3864    34.3871 0.0000e+00
