test_project/cnv_files/sta0247_bin.cnv
* Sea-Bird SBE 9 Data File:
* FileName = C:\Seabird\CTDDATA\Sta0247.hex
* Software Version Seasave V 7.26.7.107
* Temperature SN = 03-4535
* Conductivity SN = 2860
* Number of Bytes Per Scan = 44
* Number of Voltage Words = 5
* Number of Scans Averaged by the Deck Unit = 1
* NMEA Latitude = 78 50.01 N
* NMEA Longitude = 007 29.79 E
* NMEA UTC (Time) = Sep 14 2019 19:26:11
* NMEA baud rate = 9600
** Ship: "Kronprins Haakon"
** Station: 0247
** Echodepth: 1144
** Log: 6515.467
** Wind-Dir Force(m/s): 03 01
** Air-temp (dry): 6.9
** Weather Sky: 1 3
** Sea Ice: 3 0
# nquan = 16
# nvalues = 1150                        
# units = specified
# name 0 = prDM: Pressure, Digiquartz [db]
# name 1 = t090C: Temperature [ITS-90, deg C]
# name 2 = t190C: Temperature, 2 [ITS-90, deg C]
# name 3 = c0S/m: Conductivity [S/m]
# name 4 = c1S/m: Conductivity, 2 [S/m]
# name 5 = sbox0Mm/Kg: Oxygen, SBE 43 [umol/kg]
# name 6 = sbox1Mm/Kg: Oxygen, SBE 43, 2 [umol/kg]
# name 7 = wetCDOM: Fluorescence, WET Labs CDOM [mg/m^3]
# name 8 = flECO-AFL: Fluorescence, WET Labs ECO-AFL/FL [mg/m^3]
# name 9 = CStarAt0: Beam Attenuation, WET Labs C-Star [1/m]
# name 10 = timeS: Time, Elapsed [seconds]
# name 11 = latitude: Latitude [deg]
# name 12 = longitude: Longitude [deg]
# name 13 = sal00: Salinity, Practical [PSU]
# name 14 = sal11: Salinity, Practical, 2 [PSU]
# name 15 = flag: flag
# span 0 =      1.000,   1150.000       
# span 1 =    -0.8117,     6.7123       
# span 2 =    -0.8115,     6.7115       
# span 3 =   2.877076,   3.496595       
# span 4 =   2.877115,   3.496545       
# span 5 =    300.508,    329.679       
# span 6 =    291.945,    320.972       
# span 7 =     0.0929,     0.1303       
# span 8 =    -0.0126,     2.3990       
# span 9 =     0.1347,     0.7199       
# span 10 =    135.642,   1250.343      
# span 11 =   78.83358,   78.83362      
# span 12 =    7.49650,    7.49658      
# span 13 =    34.7396,    35.0507      
# span 14 =    34.7411,    35.0508      
# span 15 = 0.0000e+00, 0.0000e+00      
# interval = decibars: 1                
# start_time = Sep 14 2019 19:26:11 [NMEA time, header]
# bad_flag = -9.990e-29
*END*
[from data line 91]
     92.000     5.6479     5.6475   3.411953   3.411902    303.950    297.330     0.0982     0.0343     0.1626    232.350   78.83360    7.49652    35.0377    35.0374 0.0000e+00
     93.000     5.6367     5.6362   3.410957   3.410939    303.876    297.281     0.0982     0.0281     0.1626    233.292   78.83360    7.49652    35.0374    35.0378 0.0000e+00
     94.000     5.6333     5.6326   3.410682   3.410655    304.204    297.344     0.0983     0.0274     0.1626    234.343   78.83360    7.49652    35.0373    35.0377 0.0000e+00
     95.000     5.6283     5.6277   3.410226   3.410189    305.031    297.561     0.0984     0.0285     0.1632    235.395   78.83360    7.49652    35.0368    35.0370 0.0000e+00
     96.000     5.6152     5.6146   3.409000   3.408936    305.972    297.703     0.0984     0.0264     0.1648    236.370   78.83360    7.49652    35.0359    35.0358 0.0000e+00
     97.000     5.5988     5.5987   3.407482   3.407467    305.924    297.892     0.0986     0.0323     0.1626    237.291   78.83360    7.49652    35.0351    35.0351 0.0000e+00
     98.000     5.5879     5.5875   3.406571   3.406556    305.390    297.677     0.0987     0.0389     0.1618    238.210   78.83360    7.49652    35.0356    35.0358 0.0000e+00
     99.000     5.5784     5.5780   3.405746   3.405718    305.199    297.612     0.0988     0.0452     0.1618    239.163   78.83360    7.49652    35.0355    35.0356 0.0000e+00
    100.000     5.5724     5.5719   3.405208   3.405180    305.168    297.526     0.0989     0.0407     0.1622    240.125   78.83360    7.49652    35.0351    35.0353 0.0000e+00
    101.000     5.5684     5.5677   3.404900   3.404858    305.569    297.766     0.0991     0.0390     0.1634    241.055   78.83360    7.49652    35.0352    35.0355 0.0000e+00
    102.000     5.5676     5.5667   3.404906   3.404873    306.004    298.347     0.0992     0.0390     0.1626    241.961   78.83360    7.49652    35.0355    35.0361 0.0000e+00
    103.000     5.5757     5.5746   3.405925   3.405920    306.101    298.231     0.0993     0.0390     0.1616    242.897   78.83360    7.49652    35.0383    35.0393 0.0000e+00
    104.000     5.5828     5.5822   3.406885   3.406845    306.332    298.400     0.0995     0.0369     0.1616    243.933   78.83360    7.49652    35.0413    35.0415 0.0000e+00
    105.000     5.5844     5.5837   3.407188   3.407142    305.887    298.602     0.0996     0.0293     0.1614    245.062   78.83360    7.49652    35.0426    35.0427 0.0000e+00
    106.000     5.5864     5.5858   3.407587   3.407546    305.105    298.429     0.0997     0.0243     0.1614    246.164   78.83360    7.49654    35.0445    35.0447 0.0000e+00
    107.000     5.5821     5.5818   3.407287   3.407243    304.387    298.196     0.0998     0.0243     0.1600    247.120   78.83360    7.49654    35.0451    35.0448 0.0000e+00
    108.000     5.5652     5.5652   3.405719   3.405709    303.622    298.100     0.0998     0.0243     0.1593    247.971   78.83360    7.49654    35.0443    35.0441 0.0000e+00
    109.000     5.5529     5.5529   3.404648   3.404645    303.119    297.790     0.0999     0.0243     0.1594    248.794   78.83360    7.49654    35.0442    35.0443 0.0000e+00
    110.000     5.5429     5.5425   3.403745   3.403716    302.998    297.420     0.0999     0.0205     0.1594    249.662   78.83360    7.49653    35.0439    35.0439 0.0000e+00
    111.000     5.5372     5.5366   3.403345   3.403318    303.272    297.028     0.1000     0.0170     0.1588    250.611   78.83360    7.49652    35.0447    35.0451 0.0000e+00
    112.000     5.5319     5.5311   3.402987   3.402935    303.816    297.303     0.1000     0.0189     0.1581    251.611   78.83360    7.49652    35.0456    35.0458 0.0000e+00
    113.000     5.5283     5.5277   3.402715   3.402677    304.699    297.431     0.1001     0.0215     0.1583    252.590   78.83360    7.49652    35.0457    35.0459 0.0000e+00
    114.000     5.5239     5.5229   3.402322   3.402236    304.955    297.578     0.1001     0.0100     0.1583    253.563   78.83360    7.49652    35.0453    35.0454 0.0000e+00
    115.000     5.5156     5.5152   3.401584   3.401543    304.909    297.673     0.1002     0.0105     0.1586    254.570   78.83360    7.49653    35.0449    35.0449 0.0000e+00
    116.000     5.4978     5.4976   3.399867   3.399828    304.956    298.227     0.1002     0.0223     0.1582    255.615   78.83360    7.49654    35.0434    35.0431 0.0000e+00
    117.000     5.4795     5.4792   3.398175   3.398138    305.291    298.224     0.1003     0.0114     0.1577    256.668   78.83360    7.49654    35.0425    35.0425 0.0000e+00
    118.000     5.4725     5.4720   3.397551   3.397534    305.447    298.115     0.1003     0.0156     0.1577    257.666   78.83360    7.49654    35.0422    35.0425 0.0000e+00
    119.000     5.4683     5.4678   3.397197   3.397167    306.120    298.784     0.1004     0.0063     0.1572    258.588   78.83360    7.49654    35.0420    35.0422 0.0000e+00
    120.000     5.4630     5.4625   3.396763   3.396730    306.954    298.975     0.1004     0.0022     0.1565    259.474   78.83360    7.49654    35.0420    35.0422 0.0000e+00
    121.000     5.4554     5.4548   3.396118   3.396074    307.236    299.235     0.1005     0.0023     0.1568    260.367   78.83360    7.49654    35.0421    35.0421 0.0000e+00
    122.000     5.4457     5.4453   3.395367   3.395309    307.088    299.403     0.1005     0.0023     0.1557    261.289   78.83360    7.49654    35.0430    35.0428 0.0000e+00
    123.000     5.4379     5.4373   3.394741   3.394689    307.217    299.670     0.1004     0.0027     0.1551    262.225   78.83360    7.49654    35.0435    35.0435 0.0000e+00
    124.000     5.4332     5.4326   3.394355   3.394304    306.915    299.740     0.1004     0.0089     0.1554    263.175   78.83360    7.49654    35.0434    35.0435 0.0000e+00
    125.000     5.4291     5.4287   3.394014   3.393989    306.934    299.929     0.1002     0.0096     0.1558    264.145   78.83360    7.49654    35.0433    35.0434 0.0000e+00
    126.000     5.4272     5.4266   3.393908   3.393878    307.582    300.209     0.1000     0.0096     0.1556    265.161   78.83360    7.49654    35.0436    35.0438 0.0000e+00
    127.000     5.4232     5.4228   3.393650   3.393609    307.557    300.439     0.0998     0.0096     0.1553    266.231   78.83360    7.49654    35.0442    35.0442 0.0000e+00
    128.000     5.4196     5.4190   3.393361   3.393309    307.453    300.497     0.0995     0.0045     0.1553    267.325   78.83360    7.49654    35.0441    35.0442 0.0000e+00
    129.000     5.4087     5.4082   3.392393   3.392352    307.041    300.064     0.0992     0.0023     0.1556    268.349   78.83360    7.49654    35.0439    35.0440 0.0000e+00
    130.000     5.4022     5.4016   3.391858   3.391804    306.760    300.066     0.0989     0.0056     0.1557    269.241   78.83360    7.49654    35.0441    35.0441 0.0000e+00
    131.000     5.4003     5.3996   3.391736   3.391697    306.661    300.282     0.0985     0.0095     0.1551    270.036   78.83360    7.49654    35.0441    35.0444 0.0000e+00
    132.000     5.3957     5.3953   3.391385   3.391344    306.924    300.430     0.0981     0.0096     0.1551    270.809   78.83360    7.49654    35.0443    35.0442 0.0000e+00
    133.000     5.3790     5.3790   3.389950   3.389925    307.302    300.550     0.0978     0.0096     0.1553    271.647   78.83360    7.49654    35.0447    35.0445 0.0000e+00
    134.000     5.3718     5.3712   3.389355   3.389313    307.365    300.217     0.0974     0.0139     0.1556    272.654   78.83360    7.49654    35.0450    35.0451 0.0000e+00
    135.000     5.3676     5.3668   3.389035   3.388983    307.260    299.993     0.0971     0.0076     0.1547    273.787   78.83360    7.49654    35.0452    35.0454 0.0000e+00
    136.000     5.3603     5.3597   3.388392   3.388348    307.752    300.154     0.0968     0.0067     0.1542    274.848   78.83360    7.49654    35.0449    35.0450 0.0000e+00
    137.000     5.3579     5.3572   3.388238   3.388194    307.871    300.451     0.0965     0.0131     0.1544    275.786   78.83360    7.49654    35.0451    35.0453 0.0000e+00
    138.000     5.3565     5.3559   3.388188   3.388156    307.817    300.513     0.0963     0.0123     0.1548    276.716   78.83360    7.49654    35.0455    35.0457 0.0000e+00
    139.000     5.3487     5.3483   3.387543   3.387495    307.762    300.688     0.0961     0.0052     0.1539    277.789   78.83360    7.49654    35.0457    35.0455 0.0000e+00
    140.000     5.3389     5.3383   3.386685   3.386638    307.772    300.944     0.0959     0.0062     0.1539    279.042   78.83360    7.49654    35.0455    35.0456 0.0000e+00
    141.000     5.3376     5.3369   3.386608   3.386557    307.308    300.685     0.0958     0.0055     0.1540    280.167   78.83360    7.49654    35.0454    35.0456 0.0000e+00
    142.000     5.3342     5.3331   3.386373   3.386267    307.315    300.859     0.0957     0.0082     0.1539    281.011   78.83360    7.49654    35.0458    35.0458 0.0000e+00
    143.000     5.3265     5.3259   3.385736   3.385703    307.571    300.983     0.0956     0.0027     0.1536    281.709   78.83360    7.49654    35.0460    35.0462 0.0000e+00
    144.000     5.3245     5.3238   3.385604   3.385553    307.555    301.008     0.0955     0.0023     0.1531    282.348   78.83360    7.49654    35.0460    35.0461 0.0000e+00
    145.000     5.3222     5.3218   3.385452   3.385422    307.454    300.690     0.0955     0.0023     0.1529    283.001   78.83362    7.49654    35.0462    35.0463 0.0000e+00
    146.000     5.3147     5.3140   3.384817   3.384760    307.495    300.400     0.0954     0.0024     0.1529    283.754   78.83361    7.49654    35.0462    35.0462 0.0000e+00
    147.000     5.3067     5.3060   3.384105   3.384041    307.934    300.545     0.0954     0.0074     0.1530    284.825   78.83360    7.49654    35.0458    35.0459 0.0000e+00
    148.000     5.2996     5.2993   3.383490   3.383474    308.385    301.057     0.0953     0.0081     0.1536    286.460   78.83360    7.49654    35.0457    35.0459 0.0000e+00
    149.000     5.2947     5.2942   3.383107   3.383077    307.973    301.440     0.0953     0.0124     0.1530    288.009   78.83360    7.49654    35.0459    35.0460 0.0000e+00
    150.000     5.2952     5.2943   3.383196   3.383140    307.987    301.501     0.0952     0.0060     0.1529    288.933   78.83360    7.49654    35.0459    35.0461 0.0000e+00
    151.000     5.2951     5.2945   3.383243   3.383210    308.175    301.353     0.0952     0.0033     0.1530    289.686   78.83361    7.49655    35.0459    35.0462 0.0000e+00
    152.000     5.2951     5.2944   3.383285   3.383247    308.069    301.322     0.0951     0.0091     0.1529    290.387   78.83362    7.49656    35.0459    35.0462 0.0000e+00
    153.000     5.2939     5.2934   3.383236   3.383216    307.773    301.137     0.0951     0.0096     0.1532    291.105   78.83362    7.49656    35.0461    35.0463 0.0000e+00
    154.000     5.2929     5.2924   3.383195   3.383164    307.708    300.879     0.0951     0.0082     0.1538    291.889   78.83362    7.49655    35.0461    35.0463 0.0000e+00
    155.000     5.2868     5.2864   3.382778   3.382738    307.942    300.921     0.0950     0.0033     0.1539    292.802   78.83362    7.49654    35.0472    35.0471 0.0000e+00
    156.000     5.2804     5.2797   3.382326   3.382276    307.647    301.080     0.0950     0.0092     0.1539    293.862   78.83362    7.49654    35.0482    35.0483 0.0000e+00
    157.000     5.2700     5.2696   3.381435   3.381367    307.569    300.836     0.0950     0.0096     0.1543    295.012   78.83361    7.49654    35.0482    35.0479 0.0000e+00
    158.000     5.2529     5.2523   3.379920   3.379874    307.878    301.172     0.0950     0.0096     0.1539    296.126   78.83360    7.49654    35.0482    35.0482 0.0000e+00
    159.000     5.2491     5.2485   3.379602   3.379564    307.805    301.419     0.0949     0.0087     0.1536    297.187   78.83360    7.49654    35.0480    35.0482 0.0000e+00
    160.000     5.2452     5.2447   3.379282   3.379237    307.882    301.431     0.0949     0.0026     0.1538    298.214   78.83360    7.49654    35.0479    35.0479 0.0000e+00
    161.000     5.2426     5.2420   3.379078   3.379037    308.375    301.446     0.0948     0.0026     0.1538    299.177   78.83362    7.49654    35.0477    35.0479 0.0000e+00
    162.000     5.2376     5.2369   3.378650   3.378586    308.698    301.631     0.0946     0.0082     0.1539    300.052   78.83362    7.49656    35.0475    35.0474 0.0000e+00
    163.000     5.2195     5.2190   3.377016   3.376924    308.769    301.568     0.0945     0.0096     0.1534    300.874   78.83362    7.49656    35.0471    35.0466 0.0000e+00
    164.000     5.2091     5.2083   3.376113   3.376048    308.756    301.359     0.0943     0.0082     0.1533    301.679   78.83362    7.49656    35.0470    35.0471 0.0000e+00
    165.000     5.2062     5.2057   3.375887   3.375862    308.218    301.128     0.0941     0.0027     0.1536    302.509   78.83362    7.49656    35.0470    35.0471 0.0000e+00
    166.000     5.2031     5.2026   3.375628   3.375596    308.014    301.322     0.0939     0.0024     0.1532    303.385   78.83362    7.49656    35.0467    35.0468 0.0000e+00
    167.000     5.1945     5.1944   3.374878   3.374862    308.598    301.717     0.0937     0.0119     0.1536    304.327   78.83362    7.49654    35.0465    35.0464 0.0000e+00
    168.000     5.1764     5.1763   3.373245   3.373209    309.492    301.979     0.0935     0.0079     0.1546    305.383   78.83362    7.49654    35.0461    35.0458 0.0000e+00
    169.000     5.1656     5.1649   3.372292   3.372242    308.850    302.001     0.0933     0.0028     0.1540    306.687   78.83360    7.49654    35.0459    35.0461 0.0000e+00
    170.000     5.1577     5.1570   3.371607   3.371551    309.285    302.253     0.0932     0.0077     0.1538    308.153   78.83360    7.49654    35.0458    35.0459 0.0000e+00
    171.000     5.1517     5.1513   3.371125   3.371087    310.060    302.470     0.0930     0.0022     0.1533    309.345   78.83362    7.49654    35.0460    35.0460 0.0000e+00
    172.000     5.1470     5.1464   3.370751   3.370711    309.963    302.759     0.0930     0.0027     0.1539    310.218   78.83362    7.49654    35.0460    35.0462 0.0000e+00
    173.000     5.1420     5.1416   3.370343   3.370317    309.632    302.844     0.0929     0.0082     0.1534    310.927   78.83362    7.49655    35.0460    35.0462 0.0000e+00
    174.000     5.1352     5.1346   3.369782   3.369741    309.645    302.733     0.0929     0.0096     0.1527    311.563   78.83362    7.49656    35.0462    35.0463 0.0000e+00
    175.000     5.1296     5.1291   3.369333   3.369287    309.828    302.493     0.0929     0.0096     0.1527    312.176   78.83362    7.49656    35.0463    35.0464 0.0000e+00
    176.000     5.1257     5.1248   3.369016   3.368962    309.838    302.455     0.0930     0.0068     0.1529    312.814   78.83362    7.49656    35.0463    35.0465 0.0000e+00
    177.000     5.1142     5.1136   3.368052   3.367977    309.677    302.588     0.0930     0.0032     0.1529    313.533   78.83362    7.49656    35.0466    35.0464 0.0000e+00
    178.000     5.1062     5.1056   3.367370   3.367343    309.633    302.262     0.0931     0.0084     0.1534    314.492   78.83362    7.49655    35.0466    35.0469 0.0000e+00
    179.000     5.1020     5.1014   3.367037   3.366994    310.509    302.240     0.0932     0.0029     0.1540    315.827   78.83362    7.49654    35.0466    35.0467 0.0000e+00
    180.000     5.0983     5.0976   3.366730   3.366703    310.623    302.939     0.0934     0.0023     0.1530    317.463   78.83360    7.49654    35.0465    35.0468 0.0000e+00
