test_project/cnv_files/sta0195_bin.cnv
* Sea-Bird SBE 9 Data File:
* FileName = C:\Seabird\CTDDATA\Sta0195.hex
* Software Version Seasave V 7.26.7.107
* Temperature SN = 03-4535
* Conductivity SN = 2860
* Number of Bytes Per Scan = 44
* Number of Voltage Words = 5
* Number of Scans Averaged by the Deck Unit = 1
* NMEA Latitude = 78 49.98 N
* NMEA Longitude = 001 00.14 W
* NMEA UTC (Time) = Sep 02 2019 13:35:34
* NMEA baud rate = 9600
** Ship: "Kronprins Haakon"
** Station: 195
** Echodepth: 2474
** Log: 5715.946
** Wind-Dir Force(m/s): 04 31
** Air-temp (dry): 0.0
** Weather Sky: 2 8
** Sea Ice: 4 0
# nquan = 16
# nvalues = 2549                        
# units = specified
# name 0 = prDM: Pressure, Digiquartz [db]
# name 1 = t090C: Temperature [ITS-90, deg C]
# name 2 = t190C: Temperature, 2 [ITS-90, deg C]
# name 3 = c0S/m: Conductivity [S/m]
# name 4 = c1S/m: Conductivity, 2 [S/m]
# name 5 = sbox0Mm/Kg: Oxygen, SBE 43 [umol/kg]
# name 6 = sbox1Mm/Kg: Oxygen, SBE 43, 2 [umol/kg]
# name 7 = wetCDOM: Fluorescence, WET Labs CDOM [mg/m^3]
# name 8 = flECO-AFL: Fluorescence, WET Labs ECO-AFL/FL [mg/m^3]
# name 9 = CStarAt0: Beam Attenuation, WET Labs C-Star [1/m]
# name 10 = timeS: Time, Elapsed [seconds]
# name 11 = latitude: Latitude [deg]
# name 12 = longitude: Longitude [deg]
# name 13 = sal00: Salinity, Practical [PSU]
# name 14 = sal11: Salinity, Practical, 2 [PSU]
# name 15 = flag: flag
# span 0 =      1.000,   2549.000       
# span 1 =    -1.7739,     3.2411       
# span 2 =    -1.7744,     3.2408       
# span 3 =   2.588759,   3.193207       
# span 4 =   2.588655,   3.193077       
# span 5 =    291.334,    461.823       
# span 6 =    303.536,    406.588       
# span 7 =     0.0996,     0.1749       
# span 8 =    -0.0063,     1.1393       
# span 9 =     0.1048,     1.2006       
# span 10 =    255.635,   2848.613      
# span 11 =   78.83296,   78.83304      
# span 12 =   -1.00274,   -1.00216      
# span 13 =    31.2384,    34.9700      
# span 14 =    31.2382,    34.9688      
# span 15 = 0.0000e+00, 0.0000e+00      
# interval = decibars: 1                
# start_time = Sep 02 2019 13:35:34 [NMEA time, header]
# bad_flag = -9.990e-29
*END*
[from data line 1628]
   1629.000    -0.5190    -0.5192   2.924634   2.924685    317.810    316.487     0.1131     0.0005     0.1084   1921.437   78.83300   -1.00228    34.9140    34.9149 0.0000e+00
   1630.000    -0.5196    -0.5200   2.924625   2.924667    318.040    316.659     0.1132     0.0005     0.1081   1922.460   78.83302   -1.00228    34.9140    34.9151 0.0000e+00
   1631.000    -0.5201    -0.5203   2.924629   2.924677    318.526    316.549     0.1133     0.0004     0.1080   1923.486   78.83302   -1.00230    34.9142    34.9149 0.0000e+00
   1632.000    -0.5203    -0.5205   2.924652   2.924709    317.781    316.096     0.1134     0.0011     0.1080   1924.492   78.83302   -1.00230    34.9141    34.9151 0.0000e+00
   1633.000    -0.5206    -0.5207   2.924694   2.924745    317.630    316.424     0.1135     0.0004     0.1076   1925.476   78.83302   -1.00230    34.9144    34.9153 0.0000e+00
   1634.000    -0.5204    -0.5206   2.924754   2.924816    317.749    316.513     0.1136     0.0007     0.1071   1926.444   78.83302   -1.00230    34.9144    34.9155 0.0000e+00
   1635.000    -0.5207    -0.5207   2.924774   2.924842    317.527    316.307     0.1138     0.0010     0.1081   1927.413   78.83302   -1.00228    34.9145    34.9154 0.0000e+00
   1636.000    -0.5205    -0.5203   2.924825   2.924905    317.749    316.166     0.1139    -0.0007     0.1075   1928.393   78.83302   -1.00228    34.9145    34.9153 0.0000e+00
   1637.000    -0.5207    -0.5208   2.924858   2.924919    317.554    316.081     0.1141     0.0007     0.1079   1929.392   78.83302   -1.00228    34.9145    34.9154 0.0000e+00
   1638.000    -0.5213    -0.5216   2.924845   2.924888    316.966    315.401     0.1143     0.0013     0.1080   1930.410   78.83302   -1.00228    34.9144    34.9154 0.0000e+00
   1639.000    -0.5214    -0.5215   2.924873   2.924936    316.855    315.194     0.1144    -0.0003     0.1080   1931.426   78.83302   -1.00228    34.9144    34.9154 0.0000e+00
   1640.000    -0.5215    -0.5218   2.924909   2.924959    316.752    315.255     0.1146     0.0059     0.1084   1932.432   78.83302   -1.00228    34.9144    34.9155 0.0000e+00
   1641.000    -0.5208    -0.5213   2.925014   2.925056    316.988    315.141     0.1147     0.0036     0.1070   1933.422   78.83302   -1.00230    34.9145    34.9156 0.0000e+00
   1642.000    -0.5206    -0.5210   2.925075   2.925110    316.683    315.207     0.1148     0.0008     0.1070   1934.395   78.83302   -1.00228    34.9145    34.9155 0.0000e+00
   1643.000    -0.5200    -0.5199   2.925169   2.925251    316.178    315.210     0.1149     0.0012     0.1075   1935.367   78.83302   -1.00228    34.9146    34.9156 0.0000e+00
   1644.000    -0.5196    -0.5198   2.925237   2.925287    316.740    315.153     0.1150     0.0005     0.1073   1936.354   78.83302   -1.00228    34.9144    34.9154 0.0000e+00
   1645.000    -0.5212    -0.5210   2.925143   2.925240    317.194    315.669     0.1150     0.0008     0.1076   1937.357   78.83302   -1.00226    34.9144    34.9156 0.0000e+00
   1646.000    -0.5213    -0.5213   2.925181   2.925261    317.070    315.423     0.1151    -0.0008     0.1076   1938.367   78.83302   -1.00226    34.9146    34.9156 0.0000e+00
   1647.000    -0.5209    -0.5211   2.925254   2.925316    316.749    315.327     0.1151     0.0003     0.1079   1939.378   78.83302   -1.00228    34.9146    34.9155 0.0000e+00
   1648.000    -0.5216    -0.5220   2.925233   2.925273    316.998    315.113     0.1151    -0.0006     0.1079   1940.381   78.83302   -1.00228    34.9145    34.9155 0.0000e+00
   1649.000    -0.5225    -0.5226   2.925211   2.925274    316.997    315.420     0.1151     0.0081     0.1076   1941.370   78.83302   -1.00228    34.9146    34.9155 0.0000e+00
   1650.000    -0.5227    -0.5230   2.925236   2.925282    316.663    315.360     0.1151     0.0024     0.1078   1942.348   78.83302   -1.00228    34.9146    34.9156 0.0000e+00
   1651.000    -0.5238    -0.5237   2.925185   2.925248    316.761    314.984     0.1151    -0.0008     0.1070   1943.323   78.83302   -1.00228    34.9146    34.9154 0.0000e+00
   1652.000    -0.5235    -0.5239   2.925241   2.925282    316.810    315.035     0.1151     0.0054     0.1073   1944.311   78.83302   -1.00226    34.9146    34.9155 0.0000e+00
   1653.000    -0.5253    -0.5251   2.925131   2.925218    317.270    315.354     0.1151     0.0087     0.1090   1945.310   78.83302   -1.00226    34.9145    34.9155 0.0000e+00
   1654.000    -0.5270    -0.5271   2.925027   2.925087    316.578    314.888     0.1151     0.0051     0.1088   1946.319   78.83302   -1.00226    34.9145    34.9154 0.0000e+00
   1655.000    -0.5272    -0.5273   2.925051   2.925123    316.451    314.927     0.1151    -0.0002     0.1075   1947.329   78.83302   -1.00226    34.9145    34.9155 0.0000e+00
   1656.000    -0.5268    -0.5271   2.925128   2.925176    316.713    314.980     0.1152    -0.0005     0.1071   1948.335   78.83302   -1.00228    34.9146    34.9155 0.0000e+00
   1657.000    -0.5268    -0.5272   2.925174   2.925206    316.088    315.148     0.1152     0.0008     0.1079   1949.317   78.83302   -1.00226    34.9146    34.9155 0.0000e+00
   1658.000    -0.5299    -0.5300   2.924955   2.924996    316.745    314.758     0.1152     0.0003     0.1080   1950.283   78.83302   -1.00226    34.9147    34.9153 0.0000e+00
   1659.000    -0.5338    -0.5340   2.924656   2.924705    316.727    314.967     0.1153     0.0083     0.1080   1951.257   78.83302   -1.00226    34.9145    34.9154 0.0000e+00
   1660.000    -0.5348    -0.5349   2.924616   2.924672    316.550    315.226     0.1153     0.0027     0.1075   1952.257   78.83302   -1.00226    34.9146    34.9154 0.0000e+00
   1661.000    -0.5345    -0.5347   2.924677   2.924738    316.878    315.120     0.1153     0.0001     0.1070   1953.278   78.83302   -1.00226    34.9145    34.9155 0.0000e+00
   1662.000    -0.5361    -0.5356   2.924578   2.924680    316.266    314.759     0.1154    -0.0003     0.1071   1954.290   78.83302   -1.00226    34.9144    34.9153 0.0000e+00
   1663.000    -0.5360    -0.5364   2.924627   2.924664    316.875    314.970     0.1154    -0.0004     0.1075   1955.267   78.83302   -1.00226    34.9144    34.9154 0.0000e+00
   1664.000    -0.5368    -0.5371   2.924594   2.924629    317.199    314.908     0.1154    -0.0005     0.1071   1956.225   78.83302   -1.00226    34.9144    34.9151 0.0000e+00
   1665.000    -0.5391    -0.5391   2.924428   2.924496    316.997    315.019     0.1154    -0.0010     0.1076   1957.177   78.83302   -1.00226    34.9142    34.9151 0.0000e+00
   1666.000    -0.5407    -0.5403   2.924307   2.924435    316.631    315.272     0.1153     0.0018     0.1080   1958.136   78.83302   -1.00226    34.9138    34.9151 0.0000e+00
   1667.000    -0.5437    -0.5438   2.924100   2.924169    316.686    314.928     0.1153     0.0077     0.1074   1959.115   78.83302   -1.00224    34.9140    34.9150 0.0000e+00
   1668.000    -0.5437    -0.5437   2.924136   2.924212    316.883    314.790     0.1153     0.0008     0.1079   1960.120   78.83302   -1.00224    34.9139    34.9149 0.0000e+00
   1669.000    -0.5438    -0.5440   2.924177   2.924232    317.090    315.308     0.1152     0.0000     0.1080   1961.146   78.83302   -1.00226    34.9140    34.9149 0.0000e+00
   1670.000    -0.5437    -0.5439   2.924232   2.924278    317.791    315.790     0.1152     0.0086     0.1076   1962.179   78.83302   -1.00226    34.9140    34.9149 0.0000e+00
   1671.000    -0.5438    -0.5439   2.924260   2.924323    317.242    315.850     0.1151     0.0088     0.1071   1963.184   78.83302   -1.00226    34.9140    34.9150 0.0000e+00
   1672.000    -0.5437    -0.5438   2.924311   2.924391    317.405    315.965     0.1151     0.0028     0.1071   1964.165   78.83302   -1.00226    34.9140    34.9152 0.0000e+00
   1673.000    -0.5435    -0.5437   2.924383   2.924424    317.442    315.894     0.1150     0.0062     0.1077   1965.136   78.83302   -1.00226    34.9141    34.9150 0.0000e+00
   1674.000    -0.5433    -0.5437   2.924429   2.924464    317.030    315.782     0.1149     0.0042     0.1079   1966.101   78.83302   -1.00224    34.9141    34.9149 0.0000e+00
   1675.000    -0.5433    -0.5435   2.924470   2.924531    317.239    315.842     0.1148    -0.0002     0.1080   1967.064   78.83302   -1.00224    34.9140    34.9151 0.0000e+00
   1676.000    -0.5429    -0.5431   2.924552   2.924603    317.908    315.446     0.1147     0.0003     0.1078   1968.032   78.83302   -1.00224    34.9141    34.9150 0.0000e+00
   1677.000    -0.5431    -0.5433   2.924575   2.924636    318.058    315.604     0.1145     0.0006     0.1074   1969.011   78.83302   -1.00224    34.9141    34.9151 0.0000e+00
   1678.000    -0.5433    -0.5435   2.924602   2.924656    317.898    315.486     0.1144     0.0009     0.1073   1969.996   78.83302   -1.00225    34.9141    34.9151 0.0000e+00
   1679.000    -0.5440    -0.5441   2.924579   2.924632    317.085    315.549     0.1143     0.0011     0.1077   1970.985   78.83302   -1.00226    34.9140    34.9149 0.0000e+00
   1680.000    -0.5445    -0.5447   2.924578   2.924626    317.432    315.500     0.1141    -0.0002     0.1079   1971.967   78.83302   -1.00226    34.9141    34.9150 0.0000e+00
   1681.000    -0.5458    -0.5459   2.924521   2.924582    317.475    315.627     0.1140    -0.0044     0.1079   1972.950   78.83302   -1.00225    34.9142    34.9151 0.0000e+00
   1682.000    -0.5459    -0.5461   2.924561   2.924614    317.689    315.848     0.1138    -0.0012     0.1079   1973.944   78.83302   -1.00224    34.9143    34.9152 0.0000e+00
   1683.000    -0.5471    -0.5471   2.924492   2.924556    317.873    315.902     0.1137     0.0064     0.1079   1974.952   78.83302   -1.00224    34.9142    34.9150 0.0000e+00
   1684.000    -0.5479    -0.5481   2.924478   2.924533    317.568    315.931     0.1136     0.0034     0.1079   1975.961   78.83302   -1.00224    34.9144    34.9153 0.0000e+00
   1685.000    -0.5479    -0.5481   2.924518   2.924576    317.091    315.829     0.1134     0.0005     0.1074   1976.955   78.83302   -1.00224    34.9143    34.9153 0.0000e+00
   1686.000    -0.5479    -0.5481   2.924560   2.924622    317.166    315.314     0.1133     0.0002     0.1075   1977.943   78.83302   -1.00224    34.9144    34.9154 0.0000e+00
   1687.000    -0.5480    -0.5481   2.924595   2.924666    317.019    315.087     0.1133     0.0052     0.1077   1978.932   78.83302   -1.00224    34.9144    34.9155 0.0000e+00
   1688.000    -0.5481    -0.5483   2.924632   2.924695    316.713    315.570     0.1132     0.0116     0.1074   1979.921   78.83302   -1.00224    34.9145    34.9155 0.0000e+00
   1689.000    -0.5493    -0.5494   2.924588   2.924644    316.601    315.134     0.1131     0.0025     0.1081   1980.908   78.83302   -1.00224    34.9146    34.9155 0.0000e+00
   1690.000    -0.5503    -0.5504   2.924543   2.924614    316.657    315.284     0.1130     0.0093     0.1083   1981.906   78.83303   -1.00223    34.9146    34.9157 0.0000e+00
   1691.000    -0.5502    -0.5504   2.924589   2.924645    316.833    315.366     0.1130     0.0091     0.1074   1982.910   78.83304   -1.00222    34.9145    34.9156 0.0000e+00
   1692.000    -0.5514    -0.5515   2.924538   2.924606    316.736    315.129     0.1129     0.0012     0.1073   1983.912   78.83303   -1.00222    34.9148    34.9157 0.0000e+00
   1693.000    -0.5527    -0.5528   2.924472   2.924533    316.252    314.890     0.1129    -0.0001     0.1073   1984.910   78.83302   -1.00223    34.9148    34.9156 0.0000e+00
   1694.000    -0.5533    -0.5534   2.924466   2.924527    316.298    315.167     0.1129    -0.0004     0.1074   1985.898   78.83302   -1.00224    34.9148    34.9158 0.0000e+00
   1695.000    -0.5552    -0.5557   2.924334   2.924356    316.487    314.936     0.1128     0.0008     0.1070   1986.891   78.83302   -1.00224    34.9146    34.9155 0.0000e+00
   1696.000    -0.5562    -0.5565   2.924285   2.924346    315.955    314.601     0.1129    -0.0000     0.1073   1987.878   78.83303   -1.00223    34.9146    34.9157 0.0000e+00
   1697.000    -0.5566    -0.5568   2.924290   2.924350    315.603    314.532     0.1129     0.0051     0.1072   1988.856   78.83304   -1.00222    34.9146    34.9155 0.0000e+00
   1698.000    -0.5570    -0.5573   2.924300   2.924346    315.861    314.230     0.1129     0.0066     0.1077   1989.839   78.83304   -1.00222    34.9145    34.9155 0.0000e+00
   1699.000    -0.5574    -0.5577   2.924291   2.924365    316.061    314.454     0.1129     0.0030     0.1070   1990.838   78.83304   -1.00222    34.9144    34.9157 0.0000e+00
   1700.000    -0.5577    -0.5577   2.924318   2.924394    316.569    314.352     0.1130     0.0092     0.1075   1991.850   78.83304   -1.00222    34.9145    34.9155 0.0000e+00
   1701.000    -0.5578    -0.5577   2.924353   2.924419    316.161    314.709     0.1130     0.0085     0.1073   1992.859   78.83304   -1.00222    34.9145    34.9153 0.0000e+00
   1702.000    -0.5578    -0.5579   2.924392   2.924446    315.837    314.963     0.1130     0.0017     0.1078   1993.850   78.83304   -1.00222    34.9145    34.9154 0.0000e+00
   1703.000    -0.5577    -0.5578   2.924442   2.924520    316.433    314.700     0.1130    -0.0009     0.1070   1994.836   78.83304   -1.00222    34.9145    34.9157 0.0000e+00
   1704.000    -0.5578    -0.5576   2.924476   2.924584    316.536    314.356     0.1131    -0.0001     0.1073   1995.824   78.83304   -1.00222    34.9146    34.9158 0.0000e+00
   1705.000    -0.5592    -0.5584   2.924398   2.924543    316.331    314.395     0.1131     0.0064     0.1082   1996.813   78.83304   -1.00222    34.9145    34.9156 0.0000e+00
   1706.000    -0.5587    -0.5586   2.924481   2.924563    316.385    314.833     0.1131     0.0019     0.1078   1997.802   78.83304   -1.00221    34.9145    34.9155 0.0000e+00
   1707.000    -0.5596    -0.5597   2.924429   2.924487    316.296    314.503     0.1131    -0.0008     0.1079   1998.793   78.83304   -1.00220    34.9143    34.9152 0.0000e+00
   1708.000    -0.5599    -0.5600   2.924463   2.924513    315.927    314.578     0.1131    -0.0000     0.1080   1999.786   78.83304   -1.00220    34.9145    34.9153 0.0000e+00
   1709.000    -0.5597    -0.5599   2.924513   2.924562    316.227    314.498     0.1132     0.0005     0.1079   2000.784   78.83304   -1.00220    34.9144    34.9153 0.0000e+00
   1710.000    -0.5599    -0.5600   2.924540   2.924605    316.050    314.577     0.1132     0.0006     0.1077   2001.775   78.83304   -1.00221    34.9145    34.9154 0.0000e+00
   1711.000    -0.5599    -0.5600   2.924583   2.924656    315.979    314.681     0.1133    -0.0001     0.1079   2002.759   78.83304   -1.00222    34.9144    34.9155 0.0000e+00
   1712.000    -0.5598    -0.5599   2.924636   2.924694    316.574    314.839     0.1133     0.0011     0.1074   2003.738   78.83304   -1.00221    34.9146    34.9155 0.0000e+00
   1713.000    -0.5596    -0.5598   2.924684   2.924750    316.443    314.928     0.1134     0.0086     0.1073   2004.730   78.83304   -1.00220    34.9144    34.9155 0.0000e+00
   1714.000    -0.5597    -0.5598   2.924731   2.924781    316.481    314.973     0.1135     0.0016     0.1070   2005.726   78.83304   -1.00220    34.9146    34.9154 0.0000e+00
   1715.000    -0.5597    -0.5598   2.924776   2.924820    316.005    314.918     0.1135     0.0078     0.1073   2006.730   78.83304   -1.00220    34.9146    34.9153 0.0000e+00
   1716.000    -0.5601    -0.5602   2.924788   2.924847    315.985    314.431     0.1136     0.0094     0.1074   2007.738   78.83304   -1.00220    34.9146    34.9156 0.0000e+00
   1717.000    -0.5601    -0.5604   2.924820   2.924876    316.173    314.235     0.1137     0.0096     0.1078   2008.730   78.83304   -1.00220    34.9146    34.9157 0.0000e+00
