test_project/cnv_files/Sta0216_bin.cnv
* Sea-Bird SBE 9 Data File:
* FileName = C:\Seabird\CTDDATA\Sta0216.hex
* Software Version Seasave V 7.26.7.107
* Temperature SN = 03-4535
* Conductivity SN = 2860
* Number of Bytes Per Scan = 44
* Number of Voltage Words = 5
* Number of Scans Averaged by the Deck Unit = 1
* NMEA Latitude = 78 49.98 N
* NMEA Longitude = 012 00.02 W
* NMEA UTC (Time) = Sep 06 2019 01:21:40
* NMEA baud rate = 9600
** Ship: "Kronprins Haakon"
** Station: 0216
** Echodepth: 202
** Log: 5956.148
** Wind-Dir Force(m/s): 34 04
** Air-temp (dry): -0.9
** Weather Sky: 2 6
** Sea Ice: 1 2
# nquan = 17
# nvalues = 192                         
# units = specified
# name 0 = prDM: Pressure, Digiquartz [db]
# name 1 = t090C: Temperature [ITS-90, deg C]
# name 2 = t190C: Temperature, 2 [ITS-90, deg C]
# name 3 = c0S/m: Conductivity [S/m]
# name 4 = c1S/m: Conductivity, 2 [S/m]
# name 5 = sbox0Mm/Kg: Oxygen, SBE 43 [umol/kg]
# name 6 = sbox1Mm/Kg: Oxygen, SBE 43, 2 [umol/kg]
# name 7 = wetCDOM: Fluorescence, WET Labs CDOM [mg/m^3]
# name 8 = flECO-AFL: Fluorescence, WET Labs ECO-AFL/FL [mg/m^3]
# name 9 = CStarAt0: Beam Attenuation, WET Labs C-Star [1/m]
# name 10 = timeS: Time, Elapsed [seconds]
# name 11 = latitude: Latitude [deg]
# name 12 = longitude: Longitude [deg]
# name 13 = upoly0: Upoly 0, ISUS
# name 14 = sal00: Salinity, Practical [PSU]
# name 15 = sal11: Salinity, Practical, 2 [PSU]
# name 16 = flag: flag
# span 0 =      1.000,    192.000       
# span 1 =    -1.7111,     0.1576       
# span 2 =    -1.7108,     0.1576       
# span 3 =   2.439437,   2.884311       
# span 4 =   2.439425,   2.884222       
# span 5 =    313.103,    429.584       
# span 6 =    310.370,    418.632       
# span 7 =     0.1340,     0.1786       
# span 8 =     0.0093,     0.6764       
# span 9 =     0.1575,     0.2924       
# span 10 =    296.892,    497.203      
# span 11 =   78.83316,   78.83316      
# span 12 =  -12.00040,  -12.00038      
# span 13 =  13.882896,  24.674137      
# span 14 =    30.0214,    34.4481      
# span 15 =    30.0216,    34.4469      
# span 16 = 0.0000e+00, 0.0000e+00      
# interval = decibars: 1                
# start_time = Sep 06 2019 01:21:40 [NMEA time, header]
# bad_flag = -9.990e-29
*END*
      1.000    -1.1745    -1.1703   2.439944   2.439829    400.477    397.596     0.1549     0.4597     0.2764    296.892   78.83316  -12.00040  14.958007    30.0460    30.0402 0.0000e+00
      2.000    -1.1600    -1.1714   2.439652   2.439787    400.439    398.210     0.1533     0.3947     0.2752    298.803   78.83316  -12.00040  14.635747    30.0268    30.0402 0.0000e+00
      3.000    -1.1580    -1.1584   2.439437   2.439425    401.440    397.792     0.1512     0.3694     0.2732    300.234   78.83316  -12.00040  14.328535    30.0214    30.0216 0.0000e+00
      4.000    -1.1668    -1.1652   2.439734   2.439662    402.563    397.815     0.1489     0.3592     0.2743    301.339   78.83316  -12.00040  14.194313    30.0337    30.0311 0.0000e+00
      5.000    -1.1811    -1.1819   2.441711   2.441711    402.721    397.229     0.1463     0.3496     0.2753    302.381   78.83316  -12.00040  14.637171    30.0742    30.0750 0.0000e+00
      6.000    -1.1818    -1.1819   2.442166   2.442114    402.313    396.344     0.1438     0.3559     0.2713    303.432   78.83316  -12.00040  14.470932    30.0805    30.0799 0.0000e+00
      7.000    -1.1834    -1.1834   2.442941   2.443165    402.245    396.000     0.1416     0.3880     0.2716    304.483   78.83316  -12.00040  14.246331    30.0920    30.0950 0.0000e+00
      8.000    -1.1849    -1.1837   2.444059   2.443901    403.352    396.315     0.1397     0.4214     0.2750    305.520   78.83316  -12.00040  14.241651    30.1080    30.1047 0.0000e+00
      9.000    -1.1846    -1.1843   2.444000   2.444029    403.951    397.393     0.1381     0.4188     0.2739    306.563   78.83316  -12.00040  14.478658    30.1063    30.1065 0.0000e+00
     10.000    -1.1832    -1.1828   2.443968   2.443738    404.660    397.866     0.1367     0.4189     0.2748    307.612   78.83316  -12.00040  14.497622    30.1040    30.1004 0.0000e+00
     11.000    -1.1833    -1.1839   2.444171   2.444313    405.455    398.711     0.1357     0.4197     0.2764    308.678   78.83316  -12.00040  14.332451    30.1062    30.1087 0.0000e+00
     12.000    -1.1856    -1.1849   2.444776   2.444756    405.582    398.766     0.1351     0.4311     0.2777    309.735   78.83316  -12.00040  14.235297    30.1161    30.1152 0.0000e+00
     13.000    -1.1862    -1.1859   2.445182   2.445194    405.222    398.352     0.1348     0.4312     0.2782    310.793   78.83316  -12.00040  13.882896    30.1217    30.1215 0.0000e+00
     14.000    -1.1907    -1.1877   2.445295   2.445084    404.539    398.141     0.1348     0.4327     0.2804    311.869   78.83316  -12.00040  13.884825    30.1272    30.1213 0.0000e+00
     15.000    -1.1874    -1.1882   2.448576   2.448469    404.844    398.007     0.1349     0.4467     0.2813    312.942   78.83316  -12.00040  14.281099    30.1676    30.1670 0.0000e+00
     16.000    -1.1294    -1.1312   2.454468   2.454391    404.196    397.186     0.1352     0.4484     0.2818    314.004   78.83316  -12.00040  14.186929    30.1881    30.1889 0.0000e+00
     17.000    -1.1233    -1.1226   2.456352   2.456327    405.784    397.981     0.1356     0.4545     0.2845    315.071   78.83316  -12.00040  14.301135    30.2069    30.2058 0.0000e+00
     18.000    -1.1149    -1.1154   2.457413   2.457359    407.081    398.909     0.1360     0.4749     0.2812    316.145   78.83316  -12.00040  14.218467    30.2121    30.2118 0.0000e+00
     19.000    -1.0963    -1.0952   2.459816   2.459783    405.504    398.956     0.1364     0.4687     0.2816    317.219   78.83316  -12.00040  14.432779    30.2252    30.2236 0.0000e+00
     20.000    -1.1149    -1.1141   2.459437   2.459383    404.970    399.546     0.1370     0.4770     0.2844    318.284   78.83316  -12.00040  14.442032    30.2382    30.2367 0.0000e+00
     21.000    -1.1634    -1.1623   2.459223   2.459073    404.648    399.420     0.1380     0.4965     0.2891    319.354   78.83316  -12.00040  15.121037    30.2838    30.2807 0.0000e+00
     22.000    -1.1534    -1.1527   2.479029   2.478801    402.670    398.053     0.1394     0.5581     0.2866    320.425   78.83316  -12.00040  14.605096    30.5408    30.5370 0.0000e+00
     23.000    -1.0767    -1.0838   2.511258   2.510862    401.494    396.210     0.1413     0.6764     0.2905    321.491   78.83316  -12.00040  14.588978    30.8968    30.8989 0.0000e+00
     24.000    -0.9563    -0.9567   2.540179   2.540123    403.695    396.248     0.1434     0.6643     0.2924    322.568   78.83316  -12.00040  14.414260    31.1623    31.1620 0.0000e+00
     25.000    -0.9451    -0.9559   2.546341   2.542643    414.729    407.584     0.1458     0.5651     0.2729    325.005   78.83316  -12.00040  14.644564    31.2331    31.1945 0.0000e+00
     26.000    -0.9217    -0.9222   2.555401   2.555151    416.239    413.074     0.1484     0.5190     0.2578    327.175   78.83316  -12.00040  14.166646    31.3302    31.3274 0.0000e+00
     27.000    -0.8962    -0.8987   2.569246   2.568545    418.168    412.215     0.1509     0.4802     0.2533    328.331   78.83316  -12.00040  14.044434    31.4896    31.4827 0.0000e+00
     28.000    -0.9153    -0.9103   2.585312   2.585136    419.816    413.015     0.1533     0.4687     0.2458    329.360   78.83316  -12.00040  14.279604    31.7256    31.7179 0.0000e+00
     29.000    -0.9945    -0.9869   2.584451   2.584537    421.171    415.435     0.1555     0.4984     0.2399    330.407   78.83316  -12.00040  14.366209    31.7970    31.7902 0.0000e+00
     30.000    -1.1221    -1.1201   2.577982   2.577955    421.705    417.265     0.1573     0.4751     0.2378    331.451   78.83316  -12.00040  14.258645    31.8442    31.8416 0.0000e+00
     31.000    -1.1653    -1.1634   2.576430   2.576394    421.610    417.553     0.1587     0.4099     0.2357    332.504   78.83316  -12.00040  14.243812    31.8684    31.8659 0.0000e+00
     32.000    -1.2025    -1.2010   2.575506   2.575482    425.354    418.632     0.1597     0.4386     0.2289    333.560   78.83316  -12.00040  14.475105    31.8949    31.8929 0.0000e+00
     33.000    -1.2267    -1.2253   2.574642   2.574608    429.476    418.353     0.1607     0.5217     0.2225    334.616   78.83316  -12.00040  14.219025    31.9083    31.9064 0.0000e+00
     34.000    -1.2461    -1.2451   2.574228   2.574186    429.584    416.763     0.1617     0.5779     0.2203    335.680   78.83316  -12.00040  14.280142    31.9228    31.9212 0.0000e+00
     35.000    -1.2611    -1.2601   2.573999   2.573971    427.160    414.564     0.1627     0.6040     0.2183    336.736   78.83316  -12.00040  14.900210    31.9352    31.9337 0.0000e+00
     36.000    -1.3227    -1.3181   2.570192   2.570304    424.939    413.782     0.1637     0.6004     0.2175    337.787   78.83316  -12.00040  14.710477    31.9484    31.9451 0.0000e+00
     37.000    -1.3459    -1.3453   2.568856   2.568837    421.123    412.292     0.1647     0.6762     0.2176    338.835   78.83316  -12.00040  14.418896    31.9544    31.9535 0.0000e+00
     38.000    -1.3455    -1.3454   2.569319   2.569269    418.521    410.783     0.1656     0.6689     0.2221    339.877   78.83316  -12.00040  14.464538    31.9597    31.9589 0.0000e+00
     39.000    -1.3457    -1.3454   2.569468   2.569421    419.365    410.658     0.1664     0.6061     0.2291    340.926   78.83316  -12.00040  14.596450    31.9613    31.9604 0.0000e+00
     40.000    -1.3632    -1.3608   2.568872   2.568870    420.154    410.063     0.1672     0.5728     0.2279    341.967   78.83316  -12.00040  14.631526    31.9713    31.9687 0.0000e+00
     41.000    -1.4292    -1.4280   2.565286   2.565241    418.567    409.440     0.1680     0.5325     0.2319    343.016   78.83316  -12.00040  14.595460    31.9924    31.9905 0.0000e+00
     42.000    -1.4166    -1.4172   2.566794   2.566726    414.327    407.290     0.1687     0.4687     0.2310    344.072   78.83316  -12.00040  14.953156    31.9989    31.9986 0.0000e+00
     43.000    -1.4277    -1.4265   2.566828   2.566768    412.917    406.299     0.1694     0.4151     0.2255    345.122   78.83316  -12.00040  15.628281    32.0108    32.0086 0.0000e+00
     44.000    -1.4588    -1.4590   2.565221   2.565125    412.218    404.615     0.1701     0.3769     0.2238    346.177   78.83316  -12.00040  15.818958    32.0216    32.0205 0.0000e+00
     45.000    -1.4573    -1.4571   2.566177   2.566127    408.821    401.612     0.1706     0.3460     0.2198    347.223   78.83316  -12.00040  16.107761    32.0324    32.0315 0.0000e+00
     46.000    -1.4747    -1.4731   2.565742   2.565720    406.382    399.798     0.1712     0.3100     0.2137    348.263   78.83316  -12.00040  16.448245    32.0446    32.0426 0.0000e+00
     47.000    -1.4970    -1.4957   2.564920   2.564905    404.627    398.277     0.1717     0.2726     0.2073    349.298   78.83316  -12.00040  15.842642    32.0567    32.0550 0.0000e+00
     48.000    -1.5217    -1.5206   2.563933   2.563913    402.541    396.571     0.1721     0.2468     0.2012    350.321   78.83316  -12.00040  16.331170    32.0691    32.0677 0.0000e+00
     49.000    -1.5595    -1.5566   2.561528   2.561552    401.027    395.084     0.1725     0.2337     0.1954    351.326   78.83316  -12.00040  16.569256    32.0762    32.0734 0.0000e+00
     50.000    -1.6118    -1.6106   2.558382   2.558346    399.751    393.780     0.1728     0.2579     0.1944    352.351   78.83316  -12.00040  16.644895    32.0887    32.0869 0.0000e+00
     51.000    -1.6142    -1.6144   2.558808   2.558766    398.558    392.160     0.1731     0.3130     0.1880    353.380   78.83316  -12.00040  16.649135    32.0965    32.0962 0.0000e+00
     52.000    -1.5919    -1.5928   2.561511   2.561465    398.731    391.612     0.1734     0.2987     0.1848    354.411   78.83316  -12.00040  16.636339    32.1091    32.1095 0.0000e+00
     53.000    -1.5846    -1.5841   2.562871   2.562844    401.788    392.131     0.1736     0.2210     0.1833    355.441   78.83316  -12.00040  16.811268    32.1193    32.1185 0.0000e+00
     54.000    -1.6234    -1.6209   2.561656   2.561675    402.196    392.081     0.1738     0.1567     0.1822    356.482   78.83316  -12.00040  16.873316    32.1440    32.1416 0.0000e+00
     55.000    -1.6460    -1.6459   2.560160   2.560106    398.738    391.076     0.1739     0.1659     0.1813    357.519   78.83316  -12.00040  17.481328    32.1472    32.1464 0.0000e+00
     56.000    -1.6509    -1.6527   2.559907   2.559705    395.347    389.677     0.1741     0.1822     0.1803    358.553   78.83316  -12.00040  17.305251    32.1483    32.1476 0.0000e+00
     57.000    -1.6524    -1.6519   2.560259   2.560265    394.987    388.839     0.1742     0.2064     0.1766    359.588   78.83316  -12.00040  17.470798    32.1543    32.1538 0.0000e+00
     58.000    -1.6547    -1.6551   2.560743   2.560715    396.043    388.529     0.1743     0.1946     0.1754    360.619   78.83316  -12.00040  17.521226    32.1629    32.1629 0.0000e+00
     59.000    -1.6260    -1.6246   2.563732   2.563843    396.105    387.903     0.1744     0.1852     0.1746    361.657   78.83316  -12.00040  17.145429    32.1724    32.1725 0.0000e+00
     60.000    -1.6393    -1.6386   2.563802   2.563769    396.730    388.438     0.1744     0.1367     0.1748    362.687   78.83316  -12.00040  17.184934    32.1871    32.1859 0.0000e+00
     61.000    -1.6656    -1.6644   2.562816   2.562793    396.463    388.433     0.1745     0.1021     0.1745    363.717   78.83316  -12.00040  17.456169    32.2015    32.1998 0.0000e+00
     62.000    -1.6782    -1.6779   2.562222   2.562210    394.422    387.753     0.1747     0.1202     0.1726    364.742   78.83316  -12.00040  17.173139    32.2064    32.2058 0.0000e+00
     63.000    -1.6825    -1.6823   2.562651   2.562637    392.883    386.952     0.1748     0.1378     0.1711    365.767   78.83316  -12.00040  17.424985    32.2163    32.2159 0.0000e+00
     64.000    -1.6843    -1.6840   2.562843   2.562834    393.126    386.627     0.1749     0.1335     0.1734    366.798   78.83316  -12.00040  17.631456    32.2203    32.2198 0.0000e+00
     65.000    -1.6911    -1.6904   2.563603   2.563569    393.811    386.539     0.1751     0.1219     0.1705    367.833   78.83316  -12.00040  17.871136    32.2376    32.2363 0.0000e+00
     66.000    -1.6972    -1.6969   2.564469   2.564440    393.538    386.320     0.1752     0.1078     0.1697    368.869   78.83316  -12.00040  17.896266    32.2556    32.2549 0.0000e+00
     67.000    -1.6993    -1.6989   2.565403   2.565368    393.348    386.015     0.1754     0.0962     0.1692    369.915   78.83316  -12.00040  17.352808    32.2701    32.2693 0.0000e+00
     68.000    -1.7021    -1.7017   2.565919   2.565900    393.085    385.553     0.1756     0.0890     0.1700    370.961   78.83316  -12.00040  17.237656    32.2797    32.2791 0.0000e+00
     69.000    -1.7054    -1.7051   2.566470   2.566443    393.505    385.626     0.1758     0.0819     0.1695    372.013   78.83316  -12.00040  17.708043    32.2903    32.2896 0.0000e+00
     70.000    -1.7055    -1.7053   2.566649   2.566632    393.085    385.409     0.1761     0.0757     0.1695    373.060   78.83316  -12.00040  17.928128    32.2923    32.2919 0.0000e+00
     71.000    -1.7071    -1.7068   2.566966   2.566944    392.632    385.558     0.1763     0.0754     0.1683    374.096   78.83316  -12.00040  17.560653    32.2978    32.2971 0.0000e+00
     72.000    -1.7111    -1.7108   2.567637   2.567597    392.487    385.538     0.1765     0.0751     0.1676    375.134   78.83316  -12.00040  17.327076    32.3109    32.3100 0.0000e+00
     73.000    -1.7109    -1.7107   2.569643   2.569614    391.236    385.220     0.1768     0.0689     0.1673    376.161   78.83316  -12.00040  17.674817    32.3378    32.3371 0.0000e+00
     74.000    -1.7084    -1.7083   2.571460   2.571440    391.576    384.978     0.1770     0.0681     0.1672    377.187   78.83316  -12.00040  17.706147    32.3595    32.3592 0.0000e+00
     75.000    -1.7048    -1.7046   2.572795   2.572800    391.582    384.966     0.1772     0.0622     0.1659    378.210   78.83316  -12.00040  17.776851    32.3735    32.3733 0.0000e+00
     76.000    -1.6998    -1.6999   2.574401   2.574369    391.210    384.534     0.1774     0.0661     0.1655    379.233   78.83316  -12.00040  17.713910    32.3897    32.3892 0.0000e+00
     77.000    -1.6925    -1.6928   2.576311   2.576241    390.430    383.649     0.1777     0.0578     0.1652    380.271   78.83316  -12.00040  17.704998    32.4075    32.4068 0.0000e+00
     78.000    -1.6817    -1.6816   2.579127   2.579102    389.337    382.965     0.1778     0.0635     0.1640    381.316   78.83316  -12.00040  17.706151    32.4339    32.4336 0.0000e+00
     79.000    -1.6772    -1.6772   2.580761   2.580729    388.270    382.536     0.1780     0.0773     0.1638    382.366   78.83316  -12.00040  17.627268    32.4511    32.4506 0.0000e+00
     80.000    -1.6713    -1.6713   2.582290   2.582267    387.207    381.792     0.1782     0.0689     0.1644    383.415   78.83316  -12.00040  17.852105    32.4651    32.4648 0.0000e+00
     81.000    -1.6552    -1.6557   2.585512   2.585453    385.758    380.685     0.1783     0.0601     0.1633    384.461   78.83316  -12.00040  18.116367    32.4915    32.4912 0.0000e+00
     82.000    -1.6447    -1.6450   2.586996   2.586947    385.482    379.915     0.1784     0.0648     0.1626    385.510   78.83316  -12.00040  17.938974    32.4998    32.4995 0.0000e+00
     83.000    -1.6345    -1.6340   2.589458   2.589393    384.828    379.419     0.1785     0.0751     0.1630    386.550   78.83316  -12.00040  18.175238    32.5221    32.5206 0.0000e+00
     84.000    -1.6375    -1.6373   2.591889   2.591852    384.221    378.950     0.1786     0.0767     0.1628    387.583   78.83316  -12.00040  18.507768    32.5583    32.5575 0.0000e+00
     85.000    -1.6236    -1.6241   2.595561   2.595496    382.803    378.072     0.1786     0.0655     0.1631    388.614   78.83316  -12.00040  18.780838    32.5931    32.5928 0.0000e+00
