test_project/cnv_files/Sta0206_bin.cnv
* Sea-Bird SBE 9 Data File:
* FileName = C:\Seabird\CTDDATA\Sta0206.hex
* Software Version Seasave V 7.26.7.107
* Temperature SN = 03-4535
* Conductivity SN = 2860
* Number of Bytes Per Scan = 44
* Number of Voltage Words = 5
* Number of Scans Averaged by the Deck Unit = 1
* NMEA Latitude = 78 50.03 N
* NMEA Longitude = 007 00.25 W
* NMEA UTC (Time) = Sep 05 2019 02:51:49
* NMEA baud rate = 9600
** Ship: "Kronprins Haakon"
** Station: 0206
** Echodepth: 245
** Log: 5894.66
** Wind-Dir Force(m/s): 28 03
** Air-temp (dry): -1.4
** Weather Sky: 0 4
** Sea Ice: 0 3
# nquan = 17
# nvalues = 233                         
# units = specified
# name 0 = prDM: Pressure, Digiquartz [db]
# name 1 = t090C: Temperature [ITS-90, deg C]
# name 2 = t190C: Temperature, 2 [ITS-90, deg C]
# name 3 = c0S/m: Conductivity [S/m]
# name 4 = c1S/m: Conductivity, 2 [S/m]
# name 5 = sbox0Mm/Kg: Oxygen, SBE 43 [umol/kg]
# name 6 = sbox1Mm/Kg: Oxygen, SBE 43, 2 [umol/kg]
# name 7 = wetCDOM: Fluorescence, WET Labs CDOM [mg/m^3]
# name 8 = flECO-AFL: Fluorescence, WET Labs ECO-AFL/FL [mg/m^3]
# name 9 = CStarAt0: Beam Attenuation, WET Labs C-Star [1/m]
# name 10 = timeS: Time, Elapsed [seconds]
# name 11 = latitude: Latitude [deg]
# name 12 = longitude: Longitude [deg]
# name 13 = upoly0: Upoly 0, ISUS
# name 14 = sal00: Salinity, Practical [PSU]
# name 15 = sal11: Salinity, Practical, 2 [PSU]
# name 16 = flag: flag
# span 0 =      3.000,    235.000       
# span 1 =    -1.7050,     1.3569       
# span 2 =    -1.7047,     1.3570       
# span 3 =   2.422827,   3.015529       
# span 4 =   2.422777,   3.015388       
# span 5 =    310.216,    432.896       
# span 6 =    309.056,    419.497       
# span 7 =     0.1116,     0.1767       
# span 8 =     0.0112,     0.9350       
# span 9 =     0.1458,     0.3163       
# span 10 =     27.469,    266.709      
# span 11 =   78.83390,   78.83390      
# span 12 =   -7.00428,   -7.00416      
# span 13 =  12.298580,  24.263833      
# span 14 =    29.8913,    34.7877      
# span 15 =    29.8903,    34.7857      
# span 16 = 0.0000e+00, 0.0000e+00      
# interval = decibars: 1                
# start_time = Sep 05 2019 02:51:49 [NMEA time, header]
# bad_flag = -9.990e-29
*END*
[from data line 171]
    174.000    -0.4550    -0.4564   2.823043   2.822905    330.958    326.623     0.1370     0.0446     0.1485    200.007   78.83390   -7.00424  21.755764    34.3336    34.3334 0.0000e+00
    175.000    -0.4389    -0.4385   2.824678   2.824623    328.585    325.473     0.1370     0.0445     0.1490    201.015   78.83390   -7.00424  21.599616    34.3368    34.3355 0.0000e+00
    176.000    -0.3839    -0.3867   2.830157   2.830021    324.878    323.716     0.1370     0.0383     0.1478    202.025   78.83390   -7.00424  21.700706    34.3474    34.3488 0.0000e+00
    177.000    -0.3072    -0.3080   2.837907   2.837811    322.368    321.544     0.1370     0.0318     0.1471    203.024   78.83390   -7.00424  22.131898    34.3640    34.3636 0.0000e+00
    178.000    -0.2337    -0.2366   2.845460   2.845399    323.366    320.894     0.1371     0.0338     0.1469    204.019   78.83390   -7.00424  22.129264    34.3813    34.3837 0.0000e+00
    179.000    -0.1560    -0.1585   2.853584   2.853347    324.240    320.228     0.1371     0.0381     0.1474    205.010   78.83390   -7.00424  21.949501    34.4014    34.4010 0.0000e+00
    180.000    -0.1283    -0.1278   2.856497   2.856425    325.356    319.958     0.1370     0.0344     0.1470    206.015   78.83390   -7.00424  22.704538    34.4083    34.4068 0.0000e+00
    181.000    -0.1237    -0.1229   2.857013   2.856986    324.204    318.974     0.1370     0.0327     0.1459    207.015   78.83390   -7.00424  22.675055    34.4093    34.4082 0.0000e+00
    182.000    -0.0954    -0.0943   2.859969   2.860018    321.145    317.569     0.1369     0.0435     0.1460    208.010   78.83390   -7.00424  21.822733    34.4162    34.4156 0.0000e+00
    183.000    -0.0626    -0.0624   2.863435   2.863357    319.653    316.577     0.1369     0.0437     0.1458    209.004   78.83390   -7.00423  22.034982    34.4247    34.4234 0.0000e+00
    184.000    -0.0306    -0.0309   2.866774   2.866708    321.161    316.146     0.1367     0.0381     0.1497    210.004   78.83390   -7.00422  22.350513    34.4324    34.4319 0.0000e+00
    185.000     0.0027     0.0032   2.870328   2.870245    323.120    315.625     0.1366     0.0300     0.1486    211.019   78.83390   -7.00422  22.369865    34.4415    34.4398 0.0000e+00
    186.000     0.0315     0.0302   2.873454   2.873345    323.742    315.433     0.1364     0.0347     0.1461    212.027   78.83390   -7.00422  22.451834    34.4498    34.4499 0.0000e+00
    187.000     0.1157     0.1146   2.882323   2.882235    323.501    314.659     0.1362     0.0407     0.1471    213.031   78.83390   -7.00422  22.738733    34.4719    34.4720 0.0000e+00
    188.000     0.1679     0.1667   2.887876   2.887700    324.734    314.826     0.1359     0.0384     0.1467    214.033   78.83390   -7.00422  22.324554    34.4860    34.4850 0.0000e+00
    189.000     0.1867     0.1862   2.889939   2.889795    325.248    315.017     0.1356     0.0393     0.1473    215.036   78.83390   -7.00422  22.420891    34.4915    34.4902 0.0000e+00
    190.000     0.2093     0.2096   2.892347   2.892251    323.846    314.828     0.1353     0.0450     0.1476    216.040   78.83390   -7.00422  22.040640    34.4972    34.4957 0.0000e+00
    191.000     0.2273     0.2273   2.894280   2.894191    320.774    314.652     0.1350     0.0389     0.1477    217.035   78.83390   -7.00422  22.419070    34.5019    34.5007 0.0000e+00
    192.000     0.2699     0.2686   2.898765   2.898623    318.280    314.591     0.1346     0.0270     0.1485    218.027   78.83390   -7.00422  22.784923    34.5125    34.5121 0.0000e+00
    193.000     0.3236     0.3228   2.904495   2.904356    317.913    314.386     0.1342     0.0280     0.1485    219.015   78.83390   -7.00422  22.932862    34.5270    34.5261 0.0000e+00
    194.000     0.3431     0.3432   2.906730   2.906608    318.850    314.489     0.1338     0.0481     0.1480    220.013   78.83390   -7.00422  22.871403    34.5339    34.5322 0.0000e+00
    195.000     0.3676     0.3673   2.909463   2.909332    318.361    314.419     0.1334     0.0285     0.1480    221.014   78.83390   -7.00422  22.765749    34.5418    34.5404 0.0000e+00
    196.000     0.3847     0.3849   2.911298   2.911202    317.184    314.188     0.1329     0.0237     0.1483    222.011   78.83390   -7.00422  22.918249    34.5460    34.5445 0.0000e+00
    197.000     0.4035     0.4034   2.913304   2.913196    317.030    313.733     0.1324     0.0292     0.1483    223.013   78.83390   -7.00422  23.602177    34.5507    34.5493 0.0000e+00
    198.000     0.4233     0.4232   2.915466   2.915306    317.289    313.457     0.1318     0.0287     0.1489    224.024   78.83390   -7.00422  23.264799    34.5562    34.5543 0.0000e+00
    199.000     0.4359     0.4357   2.916853   2.916702    317.545    313.142     0.1313     0.0298     0.1492    225.043   78.83390   -7.00422  22.902410    34.5596    34.5579 0.0000e+00
    200.000     0.4647     0.4638   2.919923   2.919770    316.919    312.714     0.1307     0.0307     0.1486    226.059   78.83390   -7.00422  23.064093    34.5669    34.5660 0.0000e+00
    201.000     0.5178     0.5166   2.925496   2.925356    316.725    312.309     0.1301     0.0303     0.1488    227.064   78.83390   -7.00422  23.361716    34.5798    34.5793 0.0000e+00
    202.000     0.5469     0.5467   2.928695   2.928530    317.451    312.544     0.1295     0.0250     0.1488    228.064   78.83390   -7.00420  23.397478    34.5884    34.5864 0.0000e+00
    203.000     0.6136     0.6095   2.935502   2.935168    317.479    312.378     0.1289     0.0203     0.1489    229.068   78.83390   -7.00420  23.459071    34.6020    34.6023 0.0000e+00
    204.000     0.7351     0.7315   2.947838   2.947601    315.933    311.379     0.1283     0.0235     0.1492    230.074   78.83390   -7.00420  23.590998    34.6262    34.6271 0.0000e+00
    205.000     0.8062     0.8037   2.955396   2.955094    316.508    312.357     0.1278     0.0276     0.1491    231.075   78.83390   -7.00420  23.461770    34.6443    34.6432 0.0000e+00
    206.000     0.8439     0.8432   2.959494   2.959336    316.511    312.736     0.1272     0.0281     0.1489    232.069   78.83390   -7.00420  23.446751    34.6547    34.6534 0.0000e+00
    207.000     0.8818     0.8811   2.963444   2.963278    313.799    312.043     0.1266     0.0205     0.1487    233.062   78.83390   -7.00420  23.653844    34.6630    34.6616 0.0000e+00
    208.000     0.9318     0.9306   2.968654   2.968526    310.585    311.499     0.1260     0.0220     0.1490    234.065   78.83390   -7.00420  23.296388    34.6741    34.6737 0.0000e+00
    209.000     0.9660     0.9655   2.972230   2.972104    310.216    311.092     0.1255     0.0210     0.1490    235.070   78.83390   -7.00420  22.933688    34.6815    34.6805 0.0000e+00
    210.000     0.9966     0.9985   2.975433   2.975506    311.569    311.350     0.1250     0.0274     0.1503    236.069   78.83390   -7.00420  23.306204    34.6882    34.6870 0.0000e+00
    211.000     1.0037     1.0031   2.976214   2.975993    312.071    311.572     0.1248     0.0166     0.1500    237.070   78.83390   -7.00420  23.592165    34.6898    34.6876 0.0000e+00
    212.000     1.0265     1.0288   2.978612   2.978786    312.021    310.993     0.1246     0.0231     0.1506    238.068   78.83390   -7.00420  23.158359    34.6947    34.6944 0.0000e+00
    213.000     1.0849     1.0808   2.984666   2.984265    312.439    310.171     0.1245     0.0176     0.1508    239.081   78.83390   -7.00420  23.688233    34.7071    34.7065 0.0000e+00
    214.000     1.1405     1.1396   2.990537   2.990324    313.121    310.249     0.1243     0.0130     0.1511    240.086   78.83390   -7.00420  23.730010    34.7202    34.7185 0.0000e+00
    215.000     1.1705     1.1724   2.993829   2.993918    314.870    310.607     0.1236     0.0170     0.1522    241.078   78.83390   -7.00420  23.462344    34.7285    34.7276 0.0000e+00
    216.000     1.1820     1.1831   2.995154   2.995117    314.870    310.706     0.1225     0.0242     0.1522    242.083   78.83390   -7.00420  23.423425    34.7322    34.7305 0.0000e+00
    217.000     1.2067     1.2069   2.997898   2.997790    313.099    310.654     0.1209     0.0236     0.1523    243.403   78.83390   -7.00419  23.568669    34.7393    34.7377 0.0000e+00
    218.000     1.2505     1.2511   3.002576   3.002616    312.215    310.613     0.1189     0.0211     0.1546    245.284   78.83390   -7.00418  23.543089    34.7500    34.7498 0.0000e+00
    219.000     1.2584     1.2593   3.003607   3.003551    312.565    310.679     0.1168     0.0257     0.1584    247.166   78.83390   -7.00418  23.708031    34.7539    34.7521 0.0000e+00
    220.000     1.2606     1.2611   3.003929   3.003804    312.709    310.124     0.1147     0.0218     0.1624    248.931   78.83390   -7.00418  23.452631    34.7549    34.7528 0.0000e+00
    221.000     1.2625     1.2633   3.004177   3.004097    312.848    310.034     0.1130     0.0236     0.1644    250.596   78.83390   -7.00418  23.803204    34.7554    34.7535 0.0000e+00
    222.000     1.2676     1.2678   3.004832   3.004660    313.586    309.651     0.1119     0.0258     0.1646    252.058   78.83390   -7.00418  24.189757    34.7576    34.7552 0.0000e+00
    223.000     1.2703     1.2711   3.005198   3.005100    313.796    310.098     0.1116     0.0227     0.1749    253.413   78.83390   -7.00418  23.719695    34.7587    34.7566 0.0000e+00
    224.000     1.2733     1.2738   3.005613   3.005490    313.763    310.025     0.1122     0.0212     0.1670    254.579   78.83390   -7.00418  23.404167    34.7601    34.7580 0.0000e+00
    225.000     1.2778     1.2786   3.006207   3.006136    313.767    309.929     0.1137     0.0157     0.1686    255.650   78.83390   -7.00418  23.348123    34.7621    34.7603 0.0000e+00
    226.000     1.2871     1.2873   3.007323   3.007222    313.725    309.712     0.1157     0.0140     0.1748    256.669   78.83390   -7.00417  23.665396    34.7655    34.7639 0.0000e+00
    227.000     1.3122     1.3115   3.010169   3.010018    314.069    309.311     0.1178     0.0199     0.1728    257.681   78.83390   -7.00416  23.671339    34.7735    34.7723 0.0000e+00
    228.000     1.3315     1.3322   3.012378   3.012290    314.559    309.511     0.1197     0.0267     0.1734    258.701   78.83390   -7.00416  23.531839    34.7797    34.7778 0.0000e+00
    229.000     1.3382     1.3386   3.013177   3.013056    314.809    309.625     0.1211     0.0184     0.1747    259.711   78.83390   -7.00416  23.338578    34.7819    34.7799 0.0000e+00
    230.000     1.3437     1.3442   3.013833   3.013724    314.573    309.366     0.1220     0.0121     0.1774    260.727   78.83390   -7.00416  23.752087    34.7835    34.7816 0.0000e+00
    231.000     1.3463     1.3465   3.014168   3.014030    314.159    309.432     0.1251     0.0171     0.1822    261.764   78.83390   -7.00416  23.730695    34.7843    34.7823 0.0000e+00
    232.000     1.3495     1.3505   3.014565   3.014500    314.050    309.056     0.1240     0.0215     0.1821    262.875   78.83390   -7.00416  23.583430    34.7853    34.7834 0.0000e+00
    233.000     1.3514     1.3524   3.014828   3.014766    313.809    309.316     0.1222     0.0151     0.1829    264.043   78.83390   -7.00416  24.051683    34.7859    34.7841 0.0000e+00
    234.000     1.3532     1.3537   3.015061   3.014981    314.114    309.525     0.1197     0.0139     0.1867    265.361   78.83390   -7.00416  24.064243    34.7864    34.7847 0.0000e+00
    235.000     1.3569     1.3570   3.015529   3.015388    313.962    309.406     0.1176     0.0112     0.1890    266.709   78.83390   -7.00416  24.263833    34.7877    34.7857 0.0000e+00
