test_project/cnv_files/sta0198_bin.cnv
* Sea-Bird SBE 9 Data File:
* FileName = C:\Seabird\CTDDATA\Sta0198.hex
* Software Version Seasave V 7.26.7.107
* Temperature SN = 03-4535
* Conductivity SN = 2860
* Number of Bytes Per Scan = 44
* Number of Voltage Words = 5
* Number of Scans Averaged by the Deck Unit = 1
* NMEA Latitude = 78 49.87 N
* NMEA Longitude = 003 30.40 W
* NMEA UTC (Time) = Sep 03 2019 02:21:04
* NMEA baud rate = 9600
** Ship: "Kronprins Haakon"
** Station: 198
** Echodepth: 2247
** Log: 5749.70
** Wind-Dir Force(m/s): 03 35
** Air-temp (dry): -2.0
** Weather Sky: 7 8
** Sea Ice: 5 0
# nquan = 16
# nvalues = 2267                        
# units = specified
# name 0 = prDM: Pressure, Digiquartz [db]
# name 1 = t090C: Temperature [ITS-90, deg C]
# name 2 = t190C: Temperature, 2 [ITS-90, deg C]
# name 3 = c0S/m: Conductivity [S/m]
# name 4 = c1S/m: Conductivity, 2 [S/m]
# name 5 = sbox0Mm/Kg: Oxygen, SBE 43 [umol/kg]
# name 6 = sbox1Mm/Kg: Oxygen, SBE 43, 2 [umol/kg]
# name 7 = wetCDOM: Fluorescence, WET Labs CDOM [mg/m^3]
# name 8 = flECO-AFL: Fluorescence, WET Labs ECO-AFL/FL [mg/m^3]
# name 9 = CStarAt0: Beam Attenuation, WET Labs C-Star [1/m]
# name 10 = timeS: Time, Elapsed [seconds]
# name 11 = latitude: Latitude [deg]
# name 12 = longitude: Longitude [deg]
# name 13 = sal00: Salinity, Practical [PSU]
# name 14 = sal11: Salinity, Practical, 2 [PSU]
# name 15 = flag: flag
# span 0 =      4.000,   2270.000       
# span 1 =    -1.7341,     2.9943       
# span 2 =    -1.7342,     2.9946       
# span 3 =   2.495999,   3.172396       
# span 4 =   2.495882,   3.172362       
# span 5 =    306.547,    418.446       
# span 6 =    301.764,    407.041       
# span 7 =     0.1036,     0.1568       
# span 8 =    -0.0073,     1.4081       
# span 9 =     0.1045,     0.3678       
# span 10 =     10.956,   2333.958      
# span 11 =   78.83130,   78.83134      
# span 12 =   -3.50708,   -3.50672      
# span 13 =    31.0351,    34.9687      
# span 14 =    31.0347,    34.9683      
# span 15 = 0.0000e+00, 0.0000e+00      
# interval = decibars: 1                
# start_time = Sep 03 2019 02:21:04 [NMEA time, header]
# bad_flag = -9.990e-29
*END*
[from data line 2170]
   2174.000    -0.6360    -0.6357   2.937560   2.937659    309.411    302.540     0.1195     0.0048     0.1073   2194.271   78.83132   -3.50690    34.9225    34.9236 0.0000e+00
   2175.000    -0.6371    -0.6368   2.937505   2.937600    309.220    302.576     0.1196     0.0055     0.1065   2195.307   78.83132   -3.50690    34.9225    34.9235 0.0000e+00
   2176.000    -0.6374    -0.6371   2.937515   2.937616    309.941    302.657     0.1197    -0.0005     0.1070   2196.342   78.83132   -3.50690    34.9224    34.9235 0.0000e+00
   2177.000    -0.6377    -0.6374   2.937532   2.937628    309.940    302.521     0.1198     0.0009     0.1073   2197.356   78.83132   -3.50690    34.9225    34.9235 0.0000e+00
   2178.000    -0.6386    -0.6383   2.937495   2.937591    309.904    302.722     0.1199     0.0001     0.1067   2198.344   78.83132   -3.50690    34.9225    34.9235 0.0000e+00
   2179.000    -0.6390    -0.6387   2.937498   2.937598    310.326    302.628     0.1200     0.0005     0.1067   2199.302   78.83132   -3.50690    34.9224    34.9235 0.0000e+00
   2180.000    -0.6396    -0.6393   2.937496   2.937589    310.263    302.732     0.1201     0.0006     0.1069   2200.236   78.83132   -3.50690    34.9226    34.9235 0.0000e+00
   2181.000    -0.6414    -0.6411   2.937387   2.937482    310.254    302.817     0.1202     0.0001     0.1068   2201.161   78.83132   -3.50692    34.9226    34.9235 0.0000e+00
   2182.000    -0.6418    -0.6416   2.937392   2.937489    309.773    302.724     0.1203     0.0064     0.1068   2202.089   78.83132   -3.50692    34.9226    34.9237 0.0000e+00
   2183.000    -0.6419    -0.6416   2.937423   2.937524    309.712    302.539     0.1204     0.0036     0.1068   2203.038   78.83132   -3.50692    34.9226    34.9236 0.0000e+00
   2184.000    -0.6421    -0.6420   2.937443   2.937532    309.999    302.745     0.1204     0.0003     0.1067   2204.023   78.83132   -3.50690    34.9226    34.9236 0.0000e+00
   2185.000    -0.6423    -0.6421   2.937468   2.937570    309.899    303.117     0.1204    -0.0006     0.1069   2205.057   78.83132   -3.50690    34.9226    34.9237 0.0000e+00
   2186.000    -0.6428    -0.6425   2.937466   2.937566    309.853    302.738     0.1205    -0.0004     0.1069   2206.124   78.83132   -3.50690    34.9226    34.9236 0.0000e+00
   2187.000    -0.6461    -0.6459   2.937203   2.937296    310.209    302.895     0.1205     0.0018     0.1067   2207.185   78.83132   -3.50690    34.9224    34.9233 0.0000e+00
   2188.000    -0.6492    -0.6490   2.936960   2.937061    309.418    302.806     0.1206     0.0066     0.1067   2208.208   78.83132   -3.50690    34.9220    34.9232 0.0000e+00
   2189.000    -0.6508    -0.6507   2.936856   2.936945    309.167    302.635     0.1206    -0.0000     0.1069   2209.186   78.83132   -3.50690    34.9219    34.9230 0.0000e+00
   2190.000    -0.6527    -0.6525   2.936720   2.936815    309.791    302.292     0.1207     0.0001     0.1069   2210.146   78.83132   -3.50692    34.9218    34.9228 0.0000e+00
   2191.000    -0.6534    -0.6531   2.936708   2.936801    309.943    302.312     0.1207     0.0002     0.1069   2211.106   78.83132   -3.50692    34.9218    34.9228 0.0000e+00
   2192.000    -0.6536    -0.6534   2.936721   2.936818    310.130    302.237     0.1208     0.0004     0.1069   2212.067   78.83132   -3.50690    34.9218    34.9228 0.0000e+00
   2193.000    -0.6541    -0.6539   2.936720   2.936827    309.613    302.534     0.1209     0.0007     0.1069   2213.037   78.83132   -3.50690    34.9217    34.9229 0.0000e+00
   2194.000    -0.6533    -0.6532   2.936833   2.936932    309.865    302.424     0.1210     0.0019     0.1068   2214.015   78.83132   -3.50690    34.9219    34.9230 0.0000e+00
   2195.000    -0.6526    -0.6524   2.936959   2.937052    309.840    302.567     0.1211     0.0006     0.1069   2214.997   78.83132   -3.50690    34.9221    34.9232 0.0000e+00
   2196.000    -0.6527    -0.6525   2.936993   2.937098    310.006    302.703     0.1212     0.0000     0.1069   2215.973   78.83132   -3.50691    34.9223    34.9234 0.0000e+00
   2197.000    -0.6534    -0.6531   2.936986   2.937090    309.714    302.895     0.1213    -0.0009     0.1069   2216.947   78.83132   -3.50692    34.9223    34.9234 0.0000e+00
   2198.000    -0.6534    -0.6532   2.937028   2.937119    309.983    302.644     0.1214    -0.0019     0.1066   2217.933   78.83132   -3.50692    34.9225    34.9234 0.0000e+00
   2199.000    -0.6534    -0.6531   2.937081   2.937181    309.337    302.496     0.1215    -0.0056     0.1069   2218.933   78.83132   -3.50692    34.9226    34.9236 0.0000e+00
   2200.000    -0.6539    -0.6537   2.937080   2.937171    309.452    303.095     0.1216    -0.0001     0.1068   2219.952   78.83132   -3.50692    34.9226    34.9236 0.0000e+00
   2201.000    -0.6540    -0.6539   2.937101   2.937194    309.608    302.480     0.1217    -0.0004     0.1066   2220.969   78.83132   -3.50692    34.9225    34.9236 0.0000e+00
   2202.000    -0.6545    -0.6543   2.937109   2.937199    309.994    302.732     0.1218    -0.0002     0.1068   2221.958   78.83132   -3.50692    34.9227    34.9236 0.0000e+00
   2203.000    -0.6561    -0.6559   2.937002   2.937091    309.585    302.495     0.1219    -0.0002     0.1071   2222.976   78.83132   -3.50692    34.9225    34.9234 0.0000e+00
   2204.000    -0.6572    -0.6569   2.936945   2.937041    309.465    302.639     0.1220    -0.0007     0.1072   2224.139   78.83132   -3.50692    34.9224    34.9234 0.0000e+00
   2205.000    -0.6606    -0.6605   2.936672   2.936766    309.200    302.810     0.1221    -0.0006     0.1074   2225.834   78.83132   -3.50692    34.9222    34.9232 0.0000e+00
   2206.000    -0.6622    -0.6619   2.936564   2.936672    308.717    302.654     0.1222    -0.0008     0.1077   2227.768   78.83132   -3.50692    34.9220    34.9231 0.0000e+00
   2207.000    -0.6623    -0.6620   2.936604   2.936696    308.118    302.215     0.1223    -0.0000     0.1079   2229.256   78.83132   -3.50692    34.9221    34.9230 0.0000e+00
   2208.000    -0.6634    -0.6631   2.936555   2.936652    309.262    302.726     0.1223    -0.0006     0.1078   2230.477   78.83132   -3.50694    34.9221    34.9231 0.0000e+00
   2209.000    -0.6645    -0.6642   2.936508   2.936612    309.349    302.883     0.1224    -0.0012     0.1080   2231.491   78.83132   -3.50694    34.9222    34.9233 0.0000e+00
   2210.000    -0.6648    -0.6647   2.936519   2.936593    309.691    302.930     0.1225    -0.0001     0.1079   2232.485   78.83132   -3.50694    34.9221    34.9230 0.0000e+00
   2211.000    -0.6667    -0.6665   2.936384   2.936476    310.092    302.991     0.1225     0.0005     0.1075   2233.507   78.83132   -3.50694    34.9221    34.9230 0.0000e+00
   2212.000    -0.6666    -0.6665   2.936430   2.936522    309.613    302.920     0.1225     0.0008     0.1076   2234.555   78.83132   -3.50693    34.9220    34.9230 0.0000e+00
   2213.000    -0.6666    -0.6664   2.936474   2.936575    309.374    302.373     0.1226    -0.0006     0.1074   2235.605   78.83132   -3.50693    34.9220    34.9231 0.0000e+00
   2214.000    -0.6667    -0.6664   2.936509   2.936609    309.234    302.355     0.1226     0.0028     0.1077   2236.628   78.83132   -3.50694    34.9221    34.9230 0.0000e+00
   2215.000    -0.6668    -0.6665   2.936547   2.936648    309.480    302.739     0.1226     0.0091     0.1075   2237.634   78.83132   -3.50694    34.9222    34.9231 0.0000e+00
   2216.000    -0.6675    -0.6672   2.936534   2.936632    309.803    302.441     0.1226     0.0093     0.1075   2238.637   78.83132   -3.50694    34.9222    34.9232 0.0000e+00
   2217.000    -0.6675    -0.6673   2.936564   2.936663    309.302    302.445     0.1226     0.0068     0.1073   2239.653   78.83132   -3.50694    34.9222    34.9232 0.0000e+00
   2218.000    -0.6679    -0.6676   2.936582   2.936676    309.335    302.659     0.1225    -0.0010     0.1075   2240.687   78.83132   -3.50694    34.9223    34.9232 0.0000e+00
   2219.000    -0.6687    -0.6684   2.936550   2.936645    309.927    302.512     0.1225    -0.0026     0.1070   2241.730   78.83132   -3.50694    34.9222    34.9232 0.0000e+00
   2220.000    -0.6698    -0.6695   2.936493   2.936582    309.687    302.477     0.1225    -0.0020     0.1069   2242.768   78.83131   -3.50694    34.9222    34.9230 0.0000e+00
   2221.000    -0.6703    -0.6701   2.936495   2.936591    309.755    302.441     0.1224    -0.0069     0.1069   2243.790   78.83131   -3.50694    34.9223    34.9233 0.0000e+00
   2222.000    -0.6707    -0.6706   2.936503   2.936585    309.876    302.748     0.1224     0.0064     0.1075   2244.784   78.83132   -3.50694    34.9223    34.9232 0.0000e+00
   2223.000    -0.6721    -0.6718   2.936414   2.936515    309.975    302.890     0.1224     0.0005     0.1073   2245.769   78.83132   -3.50694    34.9222    34.9232 0.0000e+00
   2224.000    -0.6725    -0.6723   2.936422   2.936521    310.011    302.632     0.1223    -0.0009     0.1069   2246.786   78.83132   -3.50694    34.9222    34.9232 0.0000e+00
   2225.000    -0.6728    -0.6726   2.936428   2.936533    310.016    302.681     0.1223    -0.0009     0.1069   2247.874   78.83132   -3.50694    34.9221    34.9232 0.0000e+00
   2226.000    -0.6747    -0.6744   2.936308   2.936406    309.774    302.624     0.1223    -0.0017     0.1069   2249.026   78.83132   -3.50694    34.9221    34.9230 0.0000e+00
   2227.000    -0.6752    -0.6750   2.936305   2.936406    309.249    302.388     0.1222    -0.0003     0.1069   2250.242   78.83130   -3.50694    34.9221    34.9232 0.0000e+00
   2228.000    -0.6765    -0.6762   2.936244   2.936345    309.361    302.704     0.1222     0.0062     0.1069   2251.629   78.83130   -3.50694    34.9222    34.9232 0.0000e+00
   2229.000    -0.6780    -0.6779   2.936145   2.936239    308.772    302.811     0.1221    -0.0007     0.1072   2253.170   78.83131   -3.50694    34.9221    34.9232 0.0000e+00
   2230.000    -0.6780    -0.6777   2.936187   2.936297    307.899    303.025     0.1220    -0.0009     0.1070   2259.134   78.83131   -3.50695    34.9221    34.9232 0.0000e+00
   2231.000    -0.6762    -0.6768   2.936367   2.936401    306.547    302.610     0.1219     0.0020     0.1069   2268.543   78.83130   -3.50696    34.9219    34.9231 0.0000e+00
   2232.000    -0.6811    -0.6810   2.935992   2.936087    307.361    302.482     0.1218     0.0054     0.1071   2274.059   78.83130   -3.50697    34.9220    34.9231 0.0000e+00
   2233.000    -0.6824    -0.6823   2.935912   2.936015    307.890    302.767     0.1217     0.0051     0.1069   2276.742   78.83130   -3.50698    34.9218    34.9231 0.0000e+00
   2234.000    -0.6833    -0.6834   2.935883   2.935968    307.605    302.594     0.1216     0.0096     0.1069   2278.836   78.83131   -3.50698    34.9220    34.9231 0.0000e+00
   2235.000    -0.6841    -0.6841   2.935861   2.935949    307.519    302.522     0.1214     0.0019     0.1072   2280.853   78.83132   -3.50698    34.9220    34.9232 0.0000e+00
   2236.000    -0.6841    -0.6840   2.935900   2.935997    307.527    302.446     0.1213     0.0045     0.1082   2282.996   78.83132   -3.50700    34.9220    34.9232 0.0000e+00
   2237.000    -0.6841    -0.6839   2.935937   2.936042    307.645    302.503     0.1211    -0.0004     0.1078   2284.752   78.83130   -3.50702    34.9220    34.9232 0.0000e+00
   2238.000    -0.6845    -0.6843   2.935959   2.936059    307.886    302.767     0.1209     0.0010     0.1072   2286.262   78.83130   -3.50702    34.9222    34.9232 0.0000e+00
   2239.000    -0.6845    -0.6843   2.936007   2.936100    308.320    302.698     0.1207     0.0022     0.1079   2287.659   78.83130   -3.50700    34.9223    34.9233 0.0000e+00
   2240.000    -0.6849    -0.6846   2.936017   2.936103    308.561    302.402     0.1205     0.0053     0.1081   2288.966   78.83130   -3.50700    34.9223    34.9232 0.0000e+00
   2241.000    -0.6853    -0.6852   2.936008   2.936107    307.945    302.268     0.1203     0.0001     0.1081   2290.224   78.83130   -3.50700    34.9222    34.9233 0.0000e+00
   2242.000    -0.6857    -0.6855   2.936020   2.936115    308.851    302.351     0.1202    -0.0001     0.1081   2291.533   78.83132   -3.50702    34.9222    34.9233 0.0000e+00
   2243.000    -0.6866    -0.6864   2.935986   2.936076    308.803    302.508     0.1203    -0.0013     0.1076   2292.987   78.83132   -3.50703    34.9223    34.9233 0.0000e+00
   2244.000    -0.6873    -0.6872   2.935966   2.936053    308.430    302.716     0.1205    -0.0011     0.1087   2294.533   78.83132   -3.50704    34.9223    34.9233 0.0000e+00
   2245.000    -0.6878    -0.6874   2.935968   2.936066    308.700    302.720     0.1209     0.0067     0.1076   2295.969   78.83132   -3.50703    34.9223    34.9232 0.0000e+00
   2246.000    -0.6878    -0.6875   2.936003   2.936104    308.226    302.731     0.1211     0.0070     0.1080   2297.341   78.83132   -3.50702    34.9223    34.9233 0.0000e+00
   2247.000    -0.6884    -0.6881   2.935998   2.936094    308.613    302.343     0.1211    -0.0016     0.1080   2298.727   78.83131   -3.50702    34.9223    34.9233 0.0000e+00
   2248.000    -0.6886    -0.6884   2.936026   2.936128    308.816    302.355     0.1209    -0.0009     0.1081   2300.031   78.83130   -3.50702    34.9224    34.9235 0.0000e+00
   2249.000    -0.6887    -0.6884   2.936057   2.936165    308.749    302.765     0.1205    -0.0020     0.1083   2301.253   78.83132   -3.50702    34.9224    34.9236 0.0000e+00
   2250.000    -0.6890    -0.6886   2.936078   2.936179    309.369    302.406     0.1201    -0.0006     0.1080   2302.473   78.83132   -3.50704    34.9225    34.9234 0.0000e+00
   2251.000    -0.6892    -0.6889   2.936095   2.936196    308.460    302.442     0.1198     0.0065     0.1083   2303.780   78.83132   -3.50704    34.9224    34.9234 0.0000e+00
   2252.000    -0.6891    -0.6889   2.936140   2.936242    308.672    302.729     0.1196    -0.0005     0.1083   2305.257   78.83132   -3.50704    34.9224    34.9235 0.0000e+00
   2253.000    -0.6897    -0.6894   2.936141   2.936240    308.457    302.721     0.1194     0.0054     0.1082   2306.781   78.83132   -3.50703    34.9225    34.9235 0.0000e+00
   2254.000    -0.6916    -0.6914   2.935995   2.936086    308.421    302.569     0.1195     0.0003     0.1080   2308.278   78.83132   -3.50702    34.9222    34.9232 0.0000e+00
   2255.000    -0.6959    -0.6956   2.935653   2.935749    307.864    302.345     0.1199    -0.0009     0.1082   2309.761   78.83132   -3.50702    34.9220    34.9229 0.0000e+00
   2256.000    -0.6968    -0.6966   2.935606   2.935704    308.807    302.397     0.1204    -0.0013     0.1096   2311.253   78.83132   -3.50704    34.9219    34.9229 0.0000e+00
   2257.000    -0.6969    -0.6967   2.935634   2.935737    308.325    302.539     0.1210    -0.0006     0.1144   2312.756   78.83132   -3.50704    34.9219    34.9230 0.0000e+00
   2258.000    -0.6969    -0.6967   2.935675   2.935771    308.753    302.563     0.1216    -0.0004     0.1090   2314.217   78.83132   -3.50704    34.9219    34.9229 0.0000e+00
   2259.000    -0.6969    -0.6967   2.935714   2.935819    308.917    301.764     0.1217    -0.0018     0.1088   2315.631   78.83132   -3.50702    34.9219    34.9230 0.0000e+00
   2260.000    -0.6971    -0.6969   2.935754   2.935848    308.620    302.202     0.1212    -0.0012     0.1088   2317.022   78.83132   -3.50702    34.9221    34.9231 0.0000e+00
   2261.000    -0.6979    -0.6975   2.935735   2.935845    308.767    302.511     0.1204    -0.0012     0.1091   2318.479   78.83132   -3.50701    34.9222    34.9233 0.0000e+00
   2262.000    -0.6990    -0.6988   2.935698   2.935795    308.496    302.310     0.1192    -0.0017     0.1091   2320.017   78.83132   -3.50702    34.9224    34.9235 0.0000e+00
