test_project/cnv_files/Sta0228_bin.cnv
* Sea-Bird SBE 9 Data File:
* FileName = C:\Seabird\CTDDATA\Sta0228.hex
* Software Version Seasave V 7.26.7.107
* Temperature SN = 03-4535
* Conductivity SN = 2860
* Number of Bytes Per Scan = 44
* Number of Voltage Words = 5
* Number of Scans Averaged by the Deck Unit = 1
* NMEA Latitude = 77 57.40 N
* NMEA Longitude = 016 55.44 W
* NMEA UTC (Time) = Sep 08 2019 11:16:49
* NMEA baud rate = 9600
** Ship: "Kronprins Haakon"
** Station: 0228
** Echodepth: 402
** Log: 6083.721
** Wind-Dir Force(m/s): 34 12
** Air-temp (dry): -3.6
** Weather Sky: 0 1
** Sea Ice: 0 5
# nquan = 17
# nvalues = 391                         
# units = specified
# name 0 = prDM: Pressure, Digiquartz [db]
# name 1 = t090C: Temperature [ITS-90, deg C]
# name 2 = t190C: Temperature, 2 [ITS-90, deg C]
# name 3 = c0S/m: Conductivity [S/m]
# name 4 = c1S/m: Conductivity, 2 [S/m]
# name 5 = sbox0Mm/Kg: Oxygen, SBE 43 [umol/kg]
# name 6 = sbox1Mm/Kg: Oxygen, SBE 43, 2 [umol/kg]
# name 7 = wetCDOM: Fluorescence, WET Labs CDOM [mg/m^3]
# name 8 = flECO-AFL: Fluorescence, WET Labs ECO-AFL/FL [mg/m^3]
# name 9 = CStarAt0: Beam Attenuation, WET Labs C-Star [1/m]
# name 10 = timeS: Time, Elapsed [seconds]
# name 11 = latitude: Latitude [deg]
# name 12 = longitude: Longitude [deg]
# name 13 = upoly0: Upoly 0, ISUS
# name 14 = sal00: Salinity, Practical [PSU]
# name 15 = sal11: Salinity, Practical, 2 [PSU]
# name 16 = flag: flag
# span 0 =      7.000,    397.000       
# span 1 =    -1.6788,     1.6814       
# span 2 =    -1.6788,     1.6817       
# span 3 =   2.354909,   3.055299       
# span 4 =   2.354473,   3.055299       
# span 5 =    302.756,    426.266       
# span 6 =    296.091,    415.606       
# span 7 =     0.1099,     0.1756       
# span 8 =    -0.0037,     1.1318       
# span 9 =     0.1391,     0.2715       
# span 10 =    149.953,    635.129      
# span 11 =   77.95587,   77.95656      
# span 12 =  -16.92313,  -16.92018      
# span 13 =  11.846875,  25.111059      
# span 14 =    28.9941,    34.9102      
# span 15 =    28.9928,    34.9100      
# span 16 = 0.0000e+00, 0.0000e+00      
# interval = decibars: 1                
# start_time = Sep 08 2019 11:16:49 [NMEA time, header]
# bad_flag = -9.990e-29
*END*
[from data line 171]
    178.000     0.3557     0.3556   2.902824   2.902805    317.093    311.538     0.1305     0.0040     0.1464    398.386   77.95620  -16.92162  22.498385    34.4781    34.4780 0.0000e+00
    179.000     0.3689     0.3686   2.904311   2.904280    317.250    311.537     0.1304     0.0088     0.1470    399.421   77.95620  -16.92160  22.699781    34.4823    34.4821 0.0000e+00
    180.000     0.3622     0.3629   2.904041   2.904063    317.538    311.442     0.1302     0.0212     0.1465    400.459   77.95620  -16.92160  22.479981    34.4856    34.4851 0.0000e+00
    181.000     0.3633     0.3633   2.904295   2.904304    317.093    311.139     0.1300     0.0182     0.1465    401.497   77.95620  -16.92160  22.354837    34.4871    34.4872 0.0000e+00
    182.000     0.3697     0.3695   2.905018   2.905001    316.416    310.868     0.1299     0.0221     0.1465    402.534   77.95620  -16.92159  21.900761    34.4889    34.4888 0.0000e+00
    183.000     0.3759     0.3757   2.905852   2.905865    316.906    311.368     0.1298     0.0191     0.1465    403.577   77.95620  -16.92158  22.497837    34.4923    34.4927 0.0000e+00
    184.000     0.3935     0.3932   2.907816   2.907822    318.411    311.494     0.1297     0.0170     0.1465    404.619   77.95620  -16.92158  22.853091    34.4976    34.4981 0.0000e+00
    185.000     0.4043     0.4042   2.908988   2.908993    318.976    311.936     0.1296     0.0124     0.1466    405.662   77.95620  -16.92157  23.032028    34.5004    34.5006 0.0000e+00
    186.000     0.4149     0.4145   2.910181   2.910175    319.085    312.214     0.1295     0.0215     0.1465    406.702   77.95620  -16.92156  23.100486    34.5035    34.5039 0.0000e+00
    187.000     0.4430     0.4422   2.913216   2.913197    318.151    311.798     0.1295     0.0199     0.1465    407.742   77.95620  -16.92156  22.483406    34.5112    34.5119 0.0000e+00
    188.000     0.4589     0.4586   2.914936   2.914936    318.233    312.212     0.1294     0.0129     0.1465    408.784   77.95620  -16.92155  21.862526    34.5153    34.5158 0.0000e+00
    189.000     0.4734     0.4731   2.916537   2.916520    317.939    312.332     0.1294     0.0108     0.1464    409.820   77.95620  -16.92154  22.409643    34.5195    34.5196 0.0000e+00
    190.000     0.4866     0.4864   2.917997   2.917985    317.217    312.214     0.1293     0.0043     0.1468    410.856   77.95620  -16.92154  22.546747    34.5232    34.5234 0.0000e+00
    191.000     0.4998     0.4998   2.919455   2.919464    316.580    311.876     0.1293     0.0118     0.1465    411.890   77.95620  -16.92153  22.452687    34.5270    34.5271 0.0000e+00
    192.000     0.5092     0.5088   2.920517   2.920489    316.627    311.397     0.1293     0.0145     0.1466    412.929   77.95619  -16.92152  22.763753    34.5297    34.5299 0.0000e+00
    193.000     0.5403     0.5392   2.923869   2.923844    316.035    310.778     0.1292     0.0096     0.1471    413.964   77.95618  -16.92152  22.803044    34.5382    34.5390 0.0000e+00
    194.000     0.5616     0.5609   2.926192   2.926180    315.929    310.591     0.1292     0.0121     0.1468    415.001   77.95618  -16.92151  22.850366    34.5441    34.5447 0.0000e+00
    195.000     0.5759     0.5758   2.927796   2.927784    316.165    310.725     0.1292     0.0228     0.1473    416.042   77.95618  -16.92150  22.937595    34.5484    34.5484 0.0000e+00
    196.000     0.5870     0.5867   2.928992   2.928987    315.694    310.621     0.1292     0.0163     0.1470    417.083   77.95618  -16.92150  22.979499    34.5511    34.5513 0.0000e+00
    197.000     0.5996     0.5994   2.930402   2.930404    315.024    310.019     0.1291     0.0099     0.1472    418.125   77.95618  -16.92148  22.833652    34.5547    34.5550 0.0000e+00
    198.000     0.6218     0.6213   2.932838   2.932836    314.588    309.611     0.1291     0.0091     0.1472    419.173   77.95618  -16.92148  22.573218    34.5612    34.5617 0.0000e+00
    199.000     0.6408     0.6404   2.934817   2.934819    314.872    309.313     0.1291     0.0028     0.1523    420.211   77.95618  -16.92148  22.519532    34.5651    34.5656 0.0000e+00
    200.000     0.6525     0.6522   2.936161   2.936163    314.419    309.530     0.1291     0.0087     0.1608    421.250   77.95618  -16.92148  22.328880    34.5689    34.5693 0.0000e+00
    201.000     0.6859     0.6851   2.939635   2.939623    314.076    309.131     0.1290     0.0094     0.1466    422.295   77.95618  -16.92146  23.157035    34.5762    34.5770 0.0000e+00
    202.000     0.7031     0.7029   2.941534   2.941522    313.719    308.376     0.1290     0.0036     0.1465    423.335   77.95616  -16.92146  23.086541    34.5812    34.5813 0.0000e+00
    203.000     0.7094     0.7094   2.942399   2.942384    313.130    307.816     0.1290     0.0024     0.1465    424.380   77.95616  -16.92146  23.422316    34.5848    34.5846 0.0000e+00
    204.000     0.7189     0.7191   2.943586   2.943585    311.922    306.752     0.1290     0.0074     0.1469    425.417   77.95616  -16.92144  23.530664    34.5890    34.5888 0.0000e+00
    205.000     0.7189     0.7188   2.943996   2.943980    310.726    306.211     0.1290     0.0045     0.1474    426.457   77.95616  -16.92144  23.509744    34.5938    34.5937 0.0000e+00
    206.000     0.7324     0.7320   2.945552   2.945539    310.036    305.665     0.1289     0.0112     0.1473    427.500   77.95616  -16.92144  23.332632    34.5984    34.5985 0.0000e+00
    207.000     0.7495     0.7486   2.947500   2.947441    310.557    305.578     0.1289     0.0080     0.1471    428.540   77.95616  -16.92142  23.015531    34.6040    34.6042 0.0000e+00
    208.000     0.7683     0.7680   2.949567   2.949547    311.493    306.157     0.1289     0.0064     0.1460    429.580   77.95616  -16.92142  22.776147    34.6092    34.6093 0.0000e+00
    209.000     0.7764     0.7763   2.950503   2.950512    312.320    306.288     0.1288     0.0096     0.1454    430.621   77.95616  -16.92141  22.944597    34.6118    34.6120 0.0000e+00
    210.000     0.7872     0.7871   2.951713   2.951707    312.057    306.234     0.1287     0.0096     0.1451    431.661   77.95616  -16.92140  22.742423    34.6148    34.6147 0.0000e+00
    211.000     0.7902     0.7903   2.952097   2.952099    311.562    306.110     0.1287     0.0064     0.1451    432.703   77.95616  -16.92140  22.747119    34.6158    34.6158 0.0000e+00
    212.000     0.8011     0.8009   2.953328   2.953312    311.187    305.861     0.1286     0.0050     0.1451    433.742   77.95616  -16.92139  23.175939    34.6191    34.6191 0.0000e+00
    213.000     0.8118     0.8115   2.954584   2.954564    310.733    305.384     0.1285     0.0072     0.1454    434.785   77.95616  -16.92138  23.340935    34.6228    34.6228 0.0000e+00
    214.000     0.8353     0.8345   2.957186   2.957140    310.540    305.212     0.1283     0.0064     0.1458    435.829   77.95616  -16.92138  22.965636    34.6297    34.6300 0.0000e+00
    215.000     0.8581     0.8578   2.959703   2.959673    311.055    305.351     0.1282     0.0184     0.1457    436.871   77.95616  -16.92137  23.087225    34.6363    34.6362 0.0000e+00
    216.000     0.8647     0.8646   2.960519   2.960512    311.316    305.344     0.1281     0.0212     0.1454    437.911   77.95615  -16.92136  23.364631    34.6389    34.6389 0.0000e+00
    217.000     0.8752     0.8750   2.961751   2.961735    310.727    305.305     0.1279     0.0100     0.1454    438.952   77.95614  -16.92136  23.327470    34.6426    34.6425 0.0000e+00
    218.000     0.8901     0.8895   2.963462   2.963436    310.061    305.189     0.1278     0.0096     0.1447    439.993   77.95614  -16.92136  22.978314    34.6475    34.6479 0.0000e+00
    219.000     0.9228     0.9222   2.966950   2.966933    310.146    304.913     0.1276     0.0110     0.1450    441.032   77.95614  -16.92134  22.879397    34.6556    34.6560 0.0000e+00
    220.000     0.9329     0.9329   2.968067   2.968077    310.813    305.263     0.1274     0.0222     0.1452    442.075   77.95614  -16.92134  23.414693    34.6581    34.6583 0.0000e+00
    221.000     0.9400     0.9400   2.968902   2.968878    310.818    305.188     0.1272     0.0106     0.1444    443.114   77.95614  -16.92134  23.319561    34.6604    34.6601 0.0000e+00
    222.000     0.9501     0.9499   2.970082   2.970055    310.186    304.840     0.1271     0.0096     0.1443    444.151   77.95614  -16.92132  23.523102    34.6639    34.6638 0.0000e+00
    223.000     0.9584     0.9584   2.971007   2.970989    310.128    305.335     0.1269     0.0096     0.1441    445.193   77.95614  -16.92132  23.542813    34.6660    34.6657 0.0000e+00
    224.000     0.9723     0.9718   2.972568   2.972540    310.124    305.308     0.1267     0.0097     0.1435    446.253   77.95614  -16.92132  23.384769    34.6700    34.6703 0.0000e+00
    225.000     0.9880     0.9881   2.974358   2.974365    310.524    305.259     0.1265     0.0155     0.1443    447.313   77.95614  -16.92130  23.261028    34.6750    34.6751 0.0000e+00
    226.000     0.9916     0.9916   2.974779   2.974786    310.709    305.446     0.1263     0.0167     0.1443    448.349   77.95614  -16.92130  23.147568    34.6759    34.6761 0.0000e+00
    227.000     0.9976     0.9976   2.975497   2.975491    310.750    305.654     0.1261     0.0168     0.1451    449.390   77.95614  -16.92130  23.271549    34.6779    34.6778 0.0000e+00
    228.000     1.0057     1.0056   2.976438   2.976429    311.035    305.569     0.1259     0.0116     0.1441    450.428   77.95614  -16.92128  23.481226    34.6805    34.6804 0.0000e+00
    229.000     1.0114     1.0115   2.977088   2.977090    311.162    305.574     0.1257     0.0140     0.1431    451.469   77.95614  -16.92128  23.419603    34.6819    34.6818 0.0000e+00
    230.000     1.0211     1.0209   2.978196   2.978174    311.256    305.214     0.1255     0.0126     0.1431    452.512   77.95614  -16.92128  23.441657    34.6847    34.6848 0.0000e+00
    231.000     1.0407     1.0402   2.980459   2.980427    310.654    304.781     0.1254     0.0135     0.1428    453.554   77.95613  -16.92127  23.445363    34.6916    34.6917 0.0000e+00
    232.000     1.0540     1.0539   2.981965   2.981942    310.626    304.942     0.1252     0.0170     0.1450    454.592   77.95612  -16.92126  23.131454    34.6956    34.6954 0.0000e+00
    233.000     1.0727     1.0731   2.984094   2.984158    310.539    304.701     0.1250     0.0134     0.1429    455.629   77.95612  -16.92126  23.139955    34.7015    34.7020 0.0000e+00
    234.000     1.0973     1.0969   2.986699   2.986707    310.086    304.313     0.1249     0.0061     0.1425    456.672   77.95612  -16.92125  23.061947    34.7071    34.7076 0.0000e+00
    235.000     1.1137     1.1138   2.988403   2.988401    309.723    304.082     0.1248     0.0050     0.1417    457.707   77.95612  -16.92124  23.029978    34.7102    34.7101 0.0000e+00
    236.000     1.1184     1.1184   2.988940   2.988922    309.541    304.247     0.1246     0.0117     0.1414    458.745   77.95612  -16.92124  23.030001    34.7113    34.7111 0.0000e+00
    237.000     1.1301     1.1299   2.990211   2.990198    308.599    303.580     0.1245     0.0147     0.1411    459.780   77.95612  -16.92123  23.437040    34.7140    34.7141 0.0000e+00
    238.000     1.1499     1.1497   2.992291   2.992271    307.974    303.388     0.1244     0.0079     0.1406    460.821   77.95612  -16.92122  23.629275    34.7182    34.7181 0.0000e+00
    239.000     1.1555     1.1556   2.992906   2.992905    308.092    303.238     0.1243     0.0064     0.1406    461.863   77.95612  -16.92122  23.361046    34.7192    34.7191 0.0000e+00
    240.000     1.1677     1.1674   2.994260   2.994239    308.800    302.867     0.1242     0.0212     0.1402    462.906   77.95612  -16.92121  23.555737    34.7225    34.7226 0.0000e+00
    241.000     1.1822     1.1823   2.995853   2.995852    308.674    302.909     0.1241     0.0101     0.1397    463.951   77.95611  -16.92120  23.314475    34.7262    34.7261 0.0000e+00
    242.000     1.1927     1.1923   2.997038   2.996994    308.756    303.153     0.1240     0.0096     0.1394    464.988   77.95610  -16.92120  23.225321    34.7292    34.7291 0.0000e+00
    243.000     1.2055     1.2055   2.998486   2.998467    308.721    303.320     0.1239     0.0096     0.1394    466.033   77.95610  -16.92120  23.474463    34.7330    34.7327 0.0000e+00
    244.000     1.2090     1.2092   2.999022   2.998999    308.923    303.723     0.1238     0.0096     0.1398    467.074   77.95610  -16.92118  23.460734    34.7353    34.7349 0.0000e+00
    245.000     1.2210     1.2207   3.000427   3.000375    308.879    303.492     0.1237     0.0096     0.1397    468.115   77.95610  -16.92118  23.408927    34.7395    34.7392 0.0000e+00
    246.000     1.2315     1.2315   3.001656   3.001629    309.055    303.560     0.1236     0.0096     0.1405    469.150   77.95610  -16.92118  23.696015    34.7429    34.7426 0.0000e+00
    247.000     1.2454     1.2451   3.003219   3.003174    309.764    303.811     0.1235     0.0096     0.1415    470.183   77.95610  -16.92116  23.963864    34.7469    34.7467 0.0000e+00
    248.000     1.2553     1.2554   3.004331   3.004313    309.636    303.863     0.1234     0.0096     0.1419    471.219   77.95610  -16.92116  23.782706    34.7496    34.7493 0.0000e+00
    249.000     1.2623     1.2625   3.005132   3.005115    309.398    303.771     0.1233     0.0096     0.1422    472.257   77.95610  -16.92116  23.341210    34.7515    34.7511 0.0000e+00
    250.000     1.2696     1.2696   3.005979   3.005971    309.331    303.576     0.1232     0.0097     0.1422    473.297   77.95610  -16.92114  23.005295    34.7537    34.7535 0.0000e+00
    251.000     1.2752     1.2752   3.006655   3.006635    309.144    303.639     0.1231     0.0186     0.1422    474.332   77.95610  -16.92114  22.814572    34.7555    34.7552 0.0000e+00
    252.000     1.2966     1.2957   3.008989   3.008936    308.813    303.280     0.1230     0.0199     0.1429    475.371   77.95610  -16.92114  22.975656    34.7611    34.7614 0.0000e+00
    253.000     1.3129     1.3127   3.010743   3.010733    308.783    303.271     0.1229     0.0126     0.1431    476.416   77.95610  -16.92112  23.574604    34.7648    34.7649 0.0000e+00
    254.000     1.3249     1.3249   3.012103   3.012076    309.221    303.157     0.1228     0.0132     0.1424    477.460   77.95610  -16.92112  23.445348    34.7683    34.7679 0.0000e+00
    255.000     1.3322     1.3322   3.012938   3.012924    308.867    303.077     0.1226     0.0134     0.1427    478.496   77.95610  -16.92112  23.745790    34.7703    34.7701 0.0000e+00
    256.000     1.3380     1.3381   3.013704   3.013698    308.364    303.026     0.1225     0.0069     0.1423    479.509   77.95610  -16.92112  23.647484    34.7731    34.7729 0.0000e+00
    257.000     1.3440     1.3438   3.014452   3.014433    308.354    302.796     0.1224     0.0024     0.1416    480.507   77.95608  -16.92110  23.193534    34.7754    34.7754 0.0000e+00
    258.000     1.3638     1.3636   3.016534   3.016545    308.121    302.575     0.1223     0.0023     0.1414    481.512   77.95608  -16.92110  22.963645    34.7794    34.7797 0.0000e+00
    259.000     1.3804     1.3803   3.018297   3.018290    308.274    302.667     0.1223     0.0023     0.1411    482.523   77.95608  -16.92109  23.383497    34.7829    34.7829 0.0000e+00
    260.000     1.3917     1.3917   3.019591   3.019576    308.601    302.720     0.1222     0.0023     0.1405    483.544   77.95608  -16.92108  23.379884    34.7863    34.7861 0.0000e+00
    261.000     1.3994     1.3993   3.020473   3.020449    308.840    302.827     0.1221     0.0023     0.1410    484.572   77.95608  -16.92108  23.227971    34.7885    34.7883 0.0000e+00
