test_project/cnv_files/Sta0210_bin.cnv
* Sea-Bird SBE 9 Data File:
* FileName = C:\Seabird\CTDDATA\Sta0210.hex
* Software Version Seasave V 7.26.7.107
* Temperature SN = 03-4535
* Conductivity SN = 2860
* Number of Bytes Per Scan = 44
* Number of Voltage Words = 5
* Number of Scans Averaged by the Deck Unit = 1
* NMEA Latitude = 78 49.82 N
* NMEA Longitude = 009 00.87 W
* NMEA UTC (Time) = Sep 05 2019 15:05:36
* NMEA baud rate = 9600
** Ship: "Kronprins Haakon"
** Station: 0210
** Echodepth: 209
** Log: 5920.69
** Wind-Dir Force(m/s): 21 05
** Air-temp (dry): -0.7
** Weather Sky: 0 2
** Sea Ice: 0 5
# nquan = 17
# nvalues = 193                         
# units = specified
# name 0 = prDM: Pressure, Digiquartz [db]
# name 1 = t090C: Temperature [ITS-90, deg C]
# name 2 = t190C: Temperature, 2 [ITS-90, deg C]
# name 3 = c0S/m: Conductivity [S/m]
# name 4 = c1S/m: Conductivity, 2 [S/m]
# name 5 = sbox0Mm/Kg: Oxygen, SBE 43 [umol/kg]
# name 6 = sbox1Mm/Kg: Oxygen, SBE 43, 2 [umol/kg]
# name 7 = wetCDOM: Fluorescence, WET Labs CDOM [mg/m^3]
# name 8 = flECO-AFL: Fluorescence, WET Labs ECO-AFL/FL [mg/m^3]
# name 9 = CStarAt0: Beam Attenuation, WET Labs C-Star [1/m]
# name 10 = timeS: Time, Elapsed [seconds]
# name 11 = latitude: Latitude [deg]
# name 12 = longitude: Longitude [deg]
# name 13 = upoly0: Upoly 0, ISUS
# name 14 = sal00: Salinity, Practical [PSU]
# name 15 = sal11: Salinity, Practical, 2 [PSU]
# name 16 = flag: flag
# span 0 =      3.000,    195.000       
# span 1 =    -1.5598,     1.3988       
# span 2 =    -1.5596,     1.4141       
# span 3 =   2.454045,   3.019786       
# span 4 =   2.453675,   3.021407       
# span 5 =    311.272,    415.676       
# span 6 =    307.820,    419.708       
# span 7 =     0.1136,     0.1570       
# span 8 =     0.0076,     1.1119       
# span 9 =     0.1453,     0.3676       
# span 10 =    569.245,    907.876      
# span 11 =   78.82990,   78.83035      
# span 12 =   -9.02301,   -9.01980      
# span 13 =  10.394164,  23.571808      
# span 14 =    30.5536,    34.8189      
# span 15 =    30.5553,    34.8226      
# span 16 = 0.0000e+00, 0.0000e+00      
# interval = decibars: 1                
# start_time = Sep 05 2019 15:05:36 [NMEA time, header]
# bad_flag = -9.990e-29
*END*
      3.000    -1.4960    -1.5039   2.454045   2.453675    401.115    399.542     0.1416     0.3496     0.3480    569.245   78.82990   -9.01980  15.959233    30.5629    30.5659 0.0000e+00
      4.000    -1.4696    -1.4711   2.455476   2.455407    402.529    399.457     0.1398     0.3392     0.3445    572.985   78.82990   -9.01984  18.069221    30.5547    30.5553 0.0000e+00
      5.000    -1.4763    -1.4764   2.455667   2.455493    400.613    398.830     0.1415     0.3472     0.3446    576.293   78.82990   -9.01989  17.213266    30.5636    30.5614 0.0000e+00
      6.000    -1.4174    -1.4578   2.459410   2.456920    403.012    399.052     0.1412     0.3100     0.3484    578.905   78.82990   -9.01991  16.361331    30.5536    30.5612 0.0000e+00
      7.000    -1.4725    -1.4671   2.455854   2.456175    402.052    399.336     0.1415     0.3254     0.3411    581.204   78.82990   -9.01994  13.810785    30.5611    30.5600 0.0000e+00
      8.000    -1.5308    -1.5167   2.455290   2.454844    400.870    398.567     0.1466     0.3628     0.3386    583.357   78.82990   -9.01997  12.402049    30.6128    30.5922 0.0000e+00
      9.000    -1.5276    -1.5244   2.458817   2.458317    404.201    398.659     0.1483     0.4428     0.3400    585.337   78.82990   -9.01999  10.761209    30.6572    30.6470 0.0000e+00
     10.000    -1.5292    -1.5292   2.459604   2.459526    407.520    398.545     0.1501     0.5281     0.3413    587.121   78.82990   -9.02000  10.673179    30.6689    30.6679 0.0000e+00
     11.000    -1.5377    -1.5365   2.459578   2.459552    406.347    399.898     0.1516     0.5524     0.3422    588.816   78.82990   -9.02003  10.846263    30.6768    30.6752 0.0000e+00
     12.000    -1.5460    -1.5459   2.459693   2.459684    405.995    400.625     0.1528     0.5927     0.3431    590.377   78.82990   -9.02004  10.394164    30.6864    30.6861 0.0000e+00
     13.000    -1.5397    -1.5333   2.459333   2.458844    406.258    401.174     0.1537     0.6396     0.3460    591.821   78.82990   -9.02006  11.476353    30.6744    30.6610 0.0000e+00
     14.000    -1.5316    -1.5271   2.459051   2.458884    406.723    401.628     0.1542     0.6741     0.3429    593.147   78.82990   -9.02008  11.508593    30.6615    30.6547 0.0000e+00
     15.000    -1.5598    -1.5596   2.461210   2.461234    407.646    402.239     0.1543     0.8243     0.3413    594.451   78.82990   -9.02008  11.665604    30.7197    30.7197 0.0000e+00
     16.000    -1.5597    -1.5595   2.461377   2.461395    405.694    401.434     0.1542     0.9601     0.3404    595.695   78.82990   -9.02010  11.989531    30.7213    30.7213 0.0000e+00
     17.000    -1.5591    -1.5591   2.461591   2.461551    406.618    401.394     0.1541     1.0118     0.3374    596.865   78.82990   -9.02011  11.901761    30.7230    30.7224 0.0000e+00
     18.000    -1.5589    -1.5589   2.461740   2.461702    408.281    402.053     0.1541     1.0361     0.3388    598.026   78.82990   -9.02012  13.686879    30.7242    30.7237 0.0000e+00
     19.000    -1.5588    -1.5583   2.462002   2.462035    409.132    401.929     0.1543     1.0801     0.3413    599.175   78.82990   -9.02014  13.678293    30.7271    30.7271 0.0000e+00
     20.000    -1.5586    -1.5586   2.462040   2.462030    408.395    402.174     0.1547     1.0489     0.3440    600.327   78.82990   -9.02014  13.654992    30.7268    30.7267 0.0000e+00
     21.000    -1.5561    -1.5560   2.461422   2.461547    408.469    402.352     0.1553     1.0348     0.3397    601.476   78.82990   -9.02016  13.798560    30.7152    30.7168 0.0000e+00
     22.000    -1.5541    -1.5541   2.461580   2.461556    408.569    402.146     0.1561     1.0328     0.3399    602.810   78.82990   -9.02018  12.880010    30.7147    30.7144 0.0000e+00
     23.000    -1.5543    -1.5544   2.461655   2.461670    406.389    402.136     0.1566     1.1119     0.3402    606.836   78.82990   -9.02022  13.085931    30.7154    30.7157 0.0000e+00
     24.000    -1.5550    -1.5575   2.461660   2.461919    405.779    402.168     0.1569     1.1117     0.3384    608.889   78.82990   -9.02024  12.652091    30.7156    30.7217 0.0000e+00
     25.000    -1.5596    -1.5594   2.462168   2.462135    406.308    402.262     0.1570     1.0332     0.3400    609.963   78.82990   -9.02025  13.978003    30.7267    30.7261 0.0000e+00
     26.000    -1.5509    -1.5520   2.463600   2.463478    406.694    402.153     0.1567     1.0331     0.3406    610.968   78.82990   -9.02026  13.036569    30.7368    30.7362 0.0000e+00
     27.000    -1.4549    -1.4662   2.483040   2.482294    406.430    400.469     0.1561     1.0698     0.3416    611.991   78.82990   -9.02027  13.248105    30.9022    30.9037 0.0000e+00
     28.000    -1.0769    -1.0921   2.572587   2.570853    401.323    394.396     0.1553     1.0831     0.3419    612.999   78.82990   -9.02028  13.467847    31.7239    31.7164 0.0000e+00
     29.000    -0.9370    -0.9389   2.611129   2.611342    408.328    397.540     0.1542     0.9741     0.3454    614.017   78.82990   -9.02029  13.652122    32.0966    32.1014 0.0000e+00
     30.000    -0.8670    -0.8695   2.623260   2.623084    414.059    402.209     0.1530     0.8924     0.3518    615.031   78.82990   -9.02030  13.915539    32.1851    32.1853 0.0000e+00
     31.000    -0.7209    -0.7280   2.647414   2.647053    410.055    406.290     0.1519     0.8609     0.3676    616.027   78.82990   -9.02032  13.861645    32.3533    32.3561 0.0000e+00
     32.000    -0.6201    -0.6252   2.663129   2.662712    410.072    413.939     0.1509     0.8209     0.3551    617.017   78.82990   -9.02032  13.952885    32.4557    32.4555 0.0000e+00
     33.000    -0.4768    -0.4867   2.683328   2.682852    412.832    417.873     0.1500     0.7799     0.3446    618.000   78.82990   -9.02033  13.953880    32.5714    32.5757 0.0000e+00
     34.000    -0.3730    -0.3746   2.703118   2.702962    413.826    418.615     0.1494     0.7537     0.3414    618.999   78.82990   -9.02034  14.355020    32.7233    32.7230 0.0000e+00
     35.000    -0.3162    -0.3203   2.711414   2.711075    415.676    419.708     0.1487     0.7349     0.3313    620.010   78.82990   -9.02035  14.184258    32.7720    32.7719 0.0000e+00
     36.000    -0.2426    -0.2443   2.720735   2.720568    413.184    417.873     0.1479     0.7196     0.3208    621.033   78.82990   -9.02036  14.006387    32.8160    32.8156 0.0000e+00
     37.000    -0.2074    -0.2081   2.725888   2.725787    410.833    416.807     0.1471     0.7076     0.3167    622.057   78.82990   -9.02038  14.087422    32.8459    32.8453 0.0000e+00
     38.000    -0.1885    -0.1890   2.728331   2.728203    410.196    416.041     0.1463     0.7076     0.3140    623.080   78.82990   -9.02038  14.261646    32.8574    32.8562 0.0000e+00
     39.000    -0.1683    -0.1693   2.731104   2.730952    409.511    414.576     0.1454     0.7059     0.3096    624.108   78.82990   -9.02040  14.215519    32.8718    32.8709 0.0000e+00
     40.000    -0.1184    -0.1204   2.737949   2.737732    409.014    413.098     0.1445     0.7117     0.3036    625.126   78.82990   -9.02040  14.751889    32.9081    32.9073 0.0000e+00
     41.000    -0.0886    -0.0903   2.743124   2.742829    410.961    412.800     0.1435     0.6971     0.2996    626.129   78.82990   -9.02042  13.790993    32.9437    32.9417 0.0000e+00
     42.000    -0.0136    -0.0197   2.758269   2.757426    412.156    411.740     0.1425     0.7064     0.2966    627.128   78.82992   -9.02042  13.949040    33.0623    33.0578 0.0000e+00
     43.000     0.0446     0.0430   2.771061   2.770720    412.029    410.734     0.1415     0.6874     0.2956    628.124   78.82992   -9.02044  14.190999    33.1676    33.1649 0.0000e+00
     44.000     0.0885     0.0864   2.781681   2.781404    412.130    409.934     0.1405     0.6797     0.2929    629.110   78.82992   -9.02046  13.952444    33.2595    33.2580 0.0000e+00
     45.000     0.1181     0.1179   2.789955   2.789740    409.049    407.983     0.1395     0.6800     0.2924    630.113   78.82992   -9.02046  13.112474    33.3357    33.3330 0.0000e+00
     46.000     0.1236     0.1232   2.793404   2.793213    405.311    406.029     0.1384     0.6435     0.2900    631.116   78.82992   -9.02048  13.158758    33.3745    33.3724 0.0000e+00
     47.000     0.1505     0.1500   2.797822   2.797690    400.806    403.219     0.1374     0.5986     0.2879    632.119   78.82992   -9.02048  13.703624    33.4028    33.4016 0.0000e+00
     48.000     0.1640     0.1637   2.799751   2.799589    398.119    400.824     0.1364     0.5829     0.2847    633.129   78.82992   -9.02050  12.974329    33.4129    33.4111 0.0000e+00
     49.000     0.1840     0.1830   2.803812   2.803606    397.577    399.032     0.1354     0.5809     0.2816    634.142   78.82992   -9.02050  13.568133    33.4439    33.4423 0.0000e+00
     50.000     0.2026     0.2023   2.808959   2.808721    397.664    397.671     0.1345     0.5566     0.2767    635.147   78.82992   -9.02052  13.542290    33.4907    33.4879 0.0000e+00
     51.000     0.2064     0.2073   2.814820   2.814708    398.343    397.079     0.1335     0.5231     0.2728    636.152   78.82992   -9.02052  13.819192    33.5631    33.5607 0.0000e+00
     52.000     0.1780     0.1794   2.817292   2.817161    398.440    396.617     0.1327     0.4708     0.2710    637.154   78.82992   -9.02054  14.266353    33.6260    33.6229 0.0000e+00
     53.000     0.1616     0.1620   2.821577   2.821451    395.950    395.250     0.1318     0.4276     0.2672    638.156   78.82992   -9.02054  14.137447    33.7000    33.6979 0.0000e+00
     54.000     0.1699     0.1697   2.825640   2.825509    393.349    392.926     0.1311     0.3720     0.2638    639.159   78.82992   -9.02056  14.959575    33.7437    33.7422 0.0000e+00
     55.000     0.1712     0.1715   2.827791   2.827629    392.131    390.505     0.1303     0.3471     0.2586    640.153   78.82992   -9.02056  14.377461    33.7700    33.7676 0.0000e+00
     56.000     0.1722     0.1723   2.830637   2.830448    390.534    387.648     0.1297     0.3312     0.2538    641.146   78.82992   -9.02058  14.631365    33.8058    33.8033 0.0000e+00
     57.000     0.1757     0.1760   2.836970   2.836739    388.520    384.965     0.1291     0.3121     0.2482    642.147   78.82992   -9.02058  14.783756    33.8849    33.8815 0.0000e+00
     58.000     0.1685     0.1691   2.838254   2.838121    386.888    383.063     0.1285     0.2932     0.2403    643.144   78.82992   -9.02060  14.823404    33.9092    33.9067 0.0000e+00
     59.000     0.1345     0.1368   2.839085   2.838962    384.816    381.298     0.1280     0.2776     0.2372    644.143   78.82992   -9.02060  14.836173    33.9571    33.9529 0.0000e+00
     60.000     0.1086     0.1098   2.839462   2.839369    381.743    378.612     0.1276     0.2597     0.2339    645.140   78.82992   -9.02062  14.688745    33.9902    33.9877 0.0000e+00
     61.000     0.0896     0.0913   2.840401   2.840284    378.058    375.604     0.1272     0.2296     0.2298    646.139   78.82992   -9.02062  14.036977    34.0231    34.0197 0.0000e+00
     62.000     0.0390     0.0413   2.839377   2.839307    376.714    372.984     0.1269     0.2219     0.2269    647.147   78.82992   -9.02064  14.657523    34.0653    34.0618 0.0000e+00
     63.000     0.0241     0.0248   2.838852   2.838768    374.118    369.575     0.1266     0.2151     0.2207    648.149   78.82992   -9.02064  16.068259    34.0743    34.0725 0.0000e+00
     64.000     0.0167     0.0171   2.839769   2.839586    371.522    366.471     0.1264     0.2021     0.2142    649.150   78.82992   -9.02066  15.932422    34.0940    34.0912 0.0000e+00
     65.000    -0.0334    -0.0300   2.838939   2.838858    369.904    363.916     0.1263     0.1998     0.2082    650.146   78.82992   -9.02066  14.948842    34.1384    34.1336 0.0000e+00
     66.000    -0.0901    -0.0868   2.836893   2.837100    368.354    361.988     0.1261     0.1794     0.2061    651.139   78.82992   -9.02068  14.573995    34.1741    34.1731 0.0000e+00
     67.000    -0.0973    -0.0963   2.837783   2.837740    365.559    359.376     0.1261     0.1569     0.2031    652.142   78.82992   -9.02068  15.540398    34.1933    34.1916 0.0000e+00
     68.000    -0.0912    -0.0907   2.839056   2.839004    362.761    356.341     0.1261     0.1448     0.2003    653.148   78.82992   -9.02070  16.601572    34.2028    34.2016 0.0000e+00
     69.000    -0.0890    -0.0888   2.839482   2.839378    361.826    352.821     0.1261     0.1358     0.1957    654.152   78.82992   -9.02070  17.826934    34.2054    34.2037 0.0000e+00
     70.000    -0.0895    -0.0893   2.839532   2.839437    359.784    349.798     0.1261     0.1354     0.1911    655.155   78.82992   -9.02072  17.585318    34.2060    34.2046 0.0000e+00
     71.000    -0.0889    -0.0887   2.839879   2.839756    357.048    348.064     0.1262     0.1384     0.1880    656.158   78.82992   -9.02072  17.543963    34.2093    34.2075 0.0000e+00
     72.000    -0.0923    -0.0901   2.840151   2.840070    355.227    347.662     0.1263     0.1339     0.1857    657.173   78.82992   -9.02074  17.463233    34.2161    34.2126 0.0000e+00
     73.000    -0.0963    -0.0967   2.840145   2.840064    354.707    347.618     0.1265     0.1384     0.1838    658.181   78.82992   -9.02074  17.160166    34.2200    34.2193 0.0000e+00
     74.000    -0.0975    -0.0983   2.840162   2.840052    355.029    347.599     0.1266     0.1284     0.1821    659.181   78.82992   -9.02076  16.847621    34.2209    34.2204 0.0000e+00
     75.000    -0.1005    -0.0999   2.840329   2.840177    354.455    347.361     0.1268     0.1382     0.1814    660.183   78.82992   -9.02076  16.958257    34.2259    34.2232 0.0000e+00
     76.000    -0.1063    -0.1054   2.840746   2.840665    354.324    346.674     0.1270     0.1396     0.1813    661.190   78.82992   -9.02078  18.064234    34.2373    34.2352 0.0000e+00
     77.000    -0.1372    -0.1343   2.839059   2.839078    354.641    346.524     0.1272     0.1285     0.1815    662.206   78.82992   -9.02078  18.240299    34.2489    34.2460 0.0000e+00
     78.000    -0.1348    -0.1367   2.840093   2.839862    353.581    345.962     0.1275     0.1146     0.1807    663.215   78.82992   -9.02080  17.628136    34.2594    34.2585 0.0000e+00
     79.000    -0.1281    -0.1276   2.842665   2.842559    352.126    344.999     0.1277     0.1061     0.1796    664.224   78.82992   -9.02080  18.500292    34.2856    34.2835 0.0000e+00
     80.000    -0.1274    -0.1275   2.843792   2.843694    352.395    343.838     0.1280     0.0991     0.1789    665.231   78.82992   -9.02082  18.805137    34.2992    34.2979 0.0000e+00
     81.000    -0.1415    -0.1389   2.843126   2.843211    351.131    342.046     0.1282     0.0976     0.1761    666.238   78.82992   -9.02082  18.528175    34.3056    34.3037 0.0000e+00
     82.000    -0.1653    -0.1642   2.841911   2.841887    348.126    340.111     0.1285     0.0940     0.1738    667.252   78.82994   -9.02084  18.272701    34.3155    34.3139 0.0000e+00
     83.000    -0.1839    -0.1830   2.841594   2.841563    345.226    337.834     0.1287     0.0873     0.1734    668.255   78.82994   -9.02084  17.907498    34.3316    34.3302 0.0000e+00
     84.000    -0.1681    -0.1696   2.844369   2.844246    342.513    335.764     0.1290     0.0783     0.1717    669.260   78.82994   -9.02084  17.922475    34.3502    34.3502 0.0000e+00
     85.000    -0.1245    -0.1262   2.849157   2.849030    341.130    333.684     0.1292     0.0685     0.1697    670.267   78.82994   -9.02086  18.628849    34.3642    34.3644 0.0000e+00
     86.000    -0.1091    -0.1096   2.850991   2.850906    340.717    332.115     0.1294     0.0683     0.1684    671.281   78.82994   -9.02086  19.971077    34.3707    34.3701 0.0000e+00
     87.000    -0.0883    -0.0904   2.853508   2.853403    338.128    329.724     0.1296     0.0673     0.1659    672.294   78.82994   -9.02088  20.132847    34.3802    34.3811 0.0000e+00
