test_project/cnv_files/sta0246_bin.cnv
* Sea-Bird SBE 9 Data File:
* FileName = C:\Seabird\CTDDATA\Sta0246.hex
* Software Version Seasave V 7.26.7.107
* Temperature SN = 03-4535
* Conductivity SN = 2860
* Number of Bytes Per Scan = 44
* Number of Voltage Words = 5
* Number of Scans Averaged by the Deck Unit = 1
* NMEA Latitude = 78 50.02 N
* NMEA Longitude = 007 00.62 E
* NMEA UTC (Time) = Sep 14 2019 17:29:16
* NMEA baud rate = 9600
** Ship: "Kronprins Haakon"
** Station: 0246
** Echodepth: 1418
** Log: 6509.70
** Wind-Dir Force(m/s): 04 02
** Air-temp (dry): 6.7
** Weather Sky: 2 8
** Sea Ice: 0 0
# nquan = 16
# nvalues = 1426                        
# units = specified
# name 0 = prDM: Pressure, Digiquartz [db]
# name 1 = t090C: Temperature [ITS-90, deg C]
# name 2 = t190C: Temperature, 2 [ITS-90, deg C]
# name 3 = c0S/m: Conductivity [S/m]
# name 4 = c1S/m: Conductivity, 2 [S/m]
# name 5 = sbox0Mm/Kg: Oxygen, SBE 43 [umol/kg]
# name 6 = sbox1Mm/Kg: Oxygen, SBE 43, 2 [umol/kg]
# name 7 = wetCDOM: Fluorescence, WET Labs CDOM [mg/m^3]
# name 8 = flECO-AFL: Fluorescence, WET Labs ECO-AFL/FL [mg/m^3]
# name 9 = CStarAt0: Beam Attenuation, WET Labs C-Star [1/m]
# name 10 = timeS: Time, Elapsed [seconds]
# name 11 = latitude: Latitude [deg]
# name 12 = longitude: Longitude [deg]
# name 13 = sal00: Salinity, Practical [PSU]
# name 14 = sal11: Salinity, Practical, 2 [PSU]
# name 15 = flag: flag
# span 0 =      3.000,   1428.000       
# span 1 =    -0.7981,     7.2607       
# span 2 =    -0.7980,     7.0926       
# span 3 =   2.705098,   3.514913       
# span 4 =   2.884975,   3.514812       
# span 5 =    284.159,    329.367       
# span 6 =    289.678,    494.877       
# span 7 =     0.0997,     0.1322       
# span 8 =    -0.0112,     2.3465       
# span 9 =     0.1399,     0.5071       
# span 10 =    124.762,   1685.100      
# span 11 =   78.83378,   78.83478      
# span 12 =    7.00986,    7.01050      
# span 13 =    25.8965,    35.0505      
# span 14 =    31.5058,    35.0508      
# span 15 = 0.0000e+00, 0.0000e+00      
# interval = decibars: 1                
# start_time = Sep 14 2019 17:29:16 [NMEA time, header]
# bad_flag = -9.990e-29
*END*
[from data line 91]
     94.000     5.7254     5.7246   3.419671   3.419612    303.874    295.992     0.1049     0.0308     0.1600    366.997   78.83378    7.01036    35.0440    35.0442 0.0000e+00
     95.000     5.7127     5.7115   3.418548   3.418433    303.953    296.199     0.1050     0.0249     0.1594    367.970   78.83378    7.01036    35.0438    35.0438 0.0000e+00
     96.000     5.6976     5.6964   3.417226   3.417104    303.543    296.178     0.1050     0.0242     0.1595    368.961   78.83378    7.01036    35.0440    35.0439 0.0000e+00
     97.000     5.6881     5.6873   3.416435   3.416394    303.666    296.099     0.1051     0.0187     0.1599    369.969   78.83378    7.01036    35.0443    35.0447 0.0000e+00
     98.000     5.6843     5.6834   3.416161   3.416115    303.657    296.126     0.1051     0.0170     0.1596    370.994   78.83378    7.01036    35.0447    35.0450 0.0000e+00
     99.000     5.6796     5.6788   3.415788   3.415741    303.726    296.234     0.1052     0.0121     0.1599    372.013   78.83378    7.01036    35.0447    35.0451 0.0000e+00
    100.000     5.6747     5.6738   3.415390   3.415347    303.843    296.358     0.1052     0.0096     0.1590    373.014   78.83378    7.01036    35.0448    35.0452 0.0000e+00
    101.000     5.6720     5.6713   3.415202   3.415166    303.673    296.582     0.1053     0.0163     0.1583    373.999   78.83378    7.01036    35.0449    35.0453 0.0000e+00
    102.000     5.6669     5.6660   3.414789   3.414718    304.159    296.788     0.1053     0.0189     0.1581    374.977   78.83378    7.01036    35.0450    35.0451 0.0000e+00
    103.000     5.6534     5.6524   3.413590   3.413487    304.027    296.863     0.1054     0.0097     0.1582    375.954   78.83378    7.01036    35.0448    35.0447 0.0000e+00
    104.000     5.6408     5.6402   3.412472   3.412420    303.904    296.514     0.1054     0.0096     0.1584    376.932   78.83378    7.01036    35.0446    35.0448 0.0000e+00
    105.000     5.6289     5.6281   3.411456   3.411374    303.698    296.433     0.1054     0.0102     0.1592    377.913   78.83378    7.01036    35.0449    35.0449 0.0000e+00
    106.000     5.6095     5.6085   3.409675   3.409554    303.899    296.887     0.1055     0.0160     0.1587    378.891   78.83378    7.01036    35.0444    35.0440 0.0000e+00
    107.000     5.5863     5.5857   3.407568   3.407493    304.801    297.147     0.1055     0.0106     0.1580    379.878   78.83378    7.01036    35.0439    35.0437 0.0000e+00
    108.000     5.5774     5.5767   3.406752   3.406687    304.901    297.305     0.1055     0.0156     0.1585    380.872   78.83378    7.01037    35.0433    35.0434 0.0000e+00
    109.000     5.5719     5.5710   3.406277   3.406245    305.112    297.609     0.1056     0.0218     0.1583    381.867   78.83378    7.01038    35.0431    35.0436 0.0000e+00
    110.000     5.5525     5.5513   3.404486   3.404348    305.834    298.074     0.1056     0.0198     0.1577    382.865   78.83378    7.01038    35.0423    35.0420 0.0000e+00
    111.000     5.5407     5.5399   3.403478   3.403433    306.419    298.244     0.1056     0.0206     0.1577    383.854   78.83378    7.01037    35.0426    35.0429 0.0000e+00
    112.000     5.5392     5.5385   3.403463   3.403442    306.267    298.243     0.1056     0.0179     0.1577    384.847   78.83378    7.01036    35.0434    35.0440 0.0000e+00
    113.000     5.5385     5.5377   3.403513   3.403478    306.942    298.406     0.1056     0.0120     0.1582    385.838   78.83378    7.01036    35.0442    35.0446 0.0000e+00
    114.000     5.5364     5.5356   3.403422   3.403389    307.075    298.292     0.1056     0.0153     0.1572    386.831   78.83378    7.01036    35.0449    35.0452 0.0000e+00
    115.000     5.5333     5.5326   3.403207   3.403156    306.771    297.930     0.1056     0.0097     0.1577    387.817   78.83378    7.01036    35.0451    35.0452 0.0000e+00
    116.000     5.5224     5.5217   3.402246   3.402183    306.551    298.172     0.1056     0.0106     0.1577    388.797   78.83378    7.01036    35.0450    35.0450 0.0000e+00
    117.000     5.5034     5.5027   3.400557   3.400484    305.806    298.392     0.1056     0.0228     0.1571    389.774   78.83378    7.01036    35.0449    35.0448 0.0000e+00
    118.000     5.4941     5.4935   3.399766   3.399702    304.606    298.328     0.1055     0.0183     0.1572    390.745   78.83378    7.01036    35.0450    35.0449 0.0000e+00
    119.000     5.4821     5.4813   3.398719   3.398673    304.771    298.499     0.1055     0.0223     0.1575    391.718   78.83378    7.01037    35.0451    35.0453 0.0000e+00
    120.000     5.4747     5.4730   3.398100   3.397948    305.267    298.572     0.1054     0.0197     0.1576    392.698   78.83378    7.01038    35.0451    35.0452 0.0000e+00
    121.000     5.4727     5.4717   3.397940   3.397883    305.712    298.392     0.1054     0.0170     0.1573    393.689   78.83378    7.01038    35.0448    35.0453 0.0000e+00
    122.000     5.4710     5.4694   3.397815   3.397683    306.372    298.562     0.1053     0.0105     0.1575    394.694   78.83378    7.01038    35.0446    35.0448 0.0000e+00
    123.000     5.4587     5.4606   3.396638   3.396832    306.889    299.217     0.1052     0.0053     0.1573    395.707   78.83378    7.01038    35.0435    35.0437 0.0000e+00
    124.000     5.4497     5.4495   3.395804   3.395809    306.673    299.412     0.1051     0.0095     0.1574    396.715   78.83378    7.01038    35.0428    35.0430 0.0000e+00
    125.000     5.4442     5.4434   3.395322   3.395269    306.182    299.624     0.1050     0.0128     0.1571    397.705   78.83378    7.01038    35.0425    35.0428 0.0000e+00
    126.000     5.4393     5.4386   3.394922   3.394875    305.712    299.401     0.1049     0.0223     0.1568    398.669   78.83378    7.01038    35.0425    35.0427 0.0000e+00
    127.000     5.4346     5.4338   3.394531   3.394493    306.245    299.271     0.1048     0.0103     0.1572    399.626   78.83378    7.01038    35.0424    35.0428 0.0000e+00
    128.000     5.4305     5.4302   3.394213   3.394193    306.973    299.565     0.1048     0.0096     0.1567    400.588   78.83378    7.01038    35.0425    35.0427 0.0000e+00
    129.000     5.4268     5.4262   3.393924   3.393890    306.894    299.568     0.1047     0.0096     0.1569    401.557   78.83378    7.01038    35.0425    35.0428 0.0000e+00
    130.000     5.4250     5.4242   3.393796   3.393752    307.314    299.679     0.1046     0.0096     0.1572    402.536   78.83378    7.01038    35.0425    35.0427 0.0000e+00
    131.000     5.4223     5.4213   3.393608   3.393545    307.141    299.843     0.1046     0.0096     0.1573    403.529   78.83378    7.01038    35.0426    35.0429 0.0000e+00
    132.000     5.4175     5.4156   3.393213   3.393046    307.078    299.888     0.1045     0.0130     0.1574    404.522   78.83378    7.01038    35.0425    35.0426 0.0000e+00
    133.000     5.4056     5.4046   3.392227   3.392155    307.201    300.106     0.1045     0.0141     0.1574    405.517   78.83378    7.01038    35.0431    35.0433 0.0000e+00
    134.000     5.3971     5.3964   3.391584   3.391537    306.713    300.026     0.1044     0.0075     0.1568    406.511   78.83378    7.01038    35.0441    35.0443 0.0000e+00
    135.000     5.3913     5.3904   3.391147   3.391078    306.425    300.136     0.1044     0.0051     0.1572    407.495   78.83378    7.01038    35.0446    35.0447 0.0000e+00
    136.000     5.3803     5.3791   3.390287   3.390082    306.883    300.004     0.1043     0.0158     0.1571    408.459   78.83378    7.01038    35.0457    35.0446 0.0000e+00
    137.000     5.3676     5.3659   3.389232   3.389083    306.809    299.542     0.1043     0.0097     0.1571    409.423   78.83378    7.01038    35.0463    35.0464 0.0000e+00
    138.000     5.3640     5.3637   3.388939   3.388937    306.942    299.696     0.1043     0.0034     0.1574    410.395   78.83378    7.01038    35.0462    35.0465 0.0000e+00
    139.000     5.3605     5.3598   3.388662   3.388625    306.707    299.794     0.1042     0.0026     0.1578    411.383   78.83378    7.01038    35.0462    35.0465 0.0000e+00
    140.000     5.3575     5.3568   3.388453   3.388409    306.917    299.793     0.1042     0.0125     0.1572    412.366   78.83378    7.01038    35.0464    35.0466 0.0000e+00
    141.000     5.3548     5.3542   3.388262   3.388218    307.206    299.925     0.1042     0.0125     0.1565    413.337   78.83378    7.01038    35.0464    35.0467 0.0000e+00
    142.000     5.3512     5.3504   3.387964   3.387927    307.377    300.136     0.1041     0.0096     0.1565    414.301   78.83378    7.01040    35.0463    35.0467 0.0000e+00
    143.000     5.3414     5.3406   3.387173   3.387098    307.424    300.293     0.1041     0.0096     0.1566    415.265   78.83378    7.01040    35.0469    35.0469 0.0000e+00
    144.000     5.3221     5.3209   3.385475   3.385325    307.121    300.368     0.1040     0.0079     0.1560    416.236   78.83378    7.01040    35.0471    35.0466 0.0000e+00
    145.000     5.3094     5.3086   3.384358   3.384320    306.625    300.168     0.1040     0.0024     0.1558    417.226   78.83380    7.01040    35.0470    35.0473 0.0000e+00
    146.000     5.3060     5.3054   3.384100   3.384065    306.692    300.209     0.1039     0.0023     0.1558    418.242   78.83380    7.01040    35.0471    35.0473 0.0000e+00
    147.000     5.3044     5.3037   3.383993   3.383953    307.272    300.467     0.1038     0.0024     0.1550    419.263   78.83380    7.01040    35.0469    35.0472 0.0000e+00
    148.000     5.3027     5.3019   3.383886   3.383851    307.418    300.573     0.1038     0.0025     0.1550    420.264   78.83378    7.01040    35.0470    35.0474 0.0000e+00
    149.000     5.3022     5.3016   3.383902   3.383872    307.843    300.615     0.1037     0.0023     0.1554    421.239   78.83378    7.01040    35.0471    35.0475 0.0000e+00
    150.000     5.2975     5.2964   3.383538   3.383441    308.228    300.660     0.1036     0.0023     0.1552    422.195   78.83378    7.01040    35.0474    35.0474 0.0000e+00
    151.000     5.2897     5.2888   3.382906   3.382852    307.878    300.633     0.1036     0.0023     0.1551    423.147   78.83378    7.01040    35.0477    35.0480 0.0000e+00
    152.000     5.2814     5.2804   3.382178   3.382080    307.312    300.319     0.1035     0.0085     0.1551    424.100   78.83378    7.01042    35.0475    35.0474 0.0000e+00
    153.000     5.2670     5.2663   3.380927   3.380879    307.311    300.617     0.1034     0.0147     0.1551    425.061   78.83380    7.01042    35.0476    35.0479 0.0000e+00
    154.000     5.2621     5.2613   3.380577   3.380531    307.513    300.567     0.1034     0.0081     0.1550    426.045   78.83380    7.01042    35.0482    35.0485 0.0000e+00
    155.000     5.2582     5.2574   3.380276   3.380222    307.738    300.541     0.1033     0.0037     0.1550    427.046   78.83380    7.01042    35.0483    35.0486 0.0000e+00
    156.000     5.2484     5.2477   3.379406   3.379347    307.625    300.866     0.1032     0.0086     0.1541    428.056   78.83380    7.01042    35.0480    35.0481 0.0000e+00
    157.000     5.2403     5.2395   3.378696   3.378632    307.658    300.973     0.1031     0.0031     0.1540    429.064   78.83380    7.01042    35.0478    35.0479 0.0000e+00
    158.000     5.2310     5.2302   3.377914   3.377840    307.860    301.073     0.1030     0.0086     0.1539    430.058   78.83380    7.01042    35.0480    35.0480 0.0000e+00
    159.000     5.2223     5.2217   3.377173   3.377129    308.028    301.177     0.1030     0.0036     0.1538    431.042   78.83380    7.01042    35.0480    35.0482 0.0000e+00
    160.000     5.2149     5.2141   3.376541   3.376475    308.293    301.130     0.1029     0.0076     0.1542    432.023   78.83380    7.01042    35.0480    35.0481 0.0000e+00
    161.000     5.2043     5.2037   3.375627   3.375569    308.401    300.970     0.1028     0.0052     0.1541    432.998   78.83380    7.01042    35.0480    35.0480 0.0000e+00
    162.000     5.1940     5.1933   3.374744   3.374695    308.486    300.998     0.1028     0.0024     0.1541    433.973   78.83380    7.01042    35.0481    35.0483 0.0000e+00
    163.000     5.1887     5.1882   3.374302   3.374264    308.163    300.947     0.1028     0.0026     0.1542    434.938   78.83380    7.01042    35.0481    35.0482 0.0000e+00
    164.000     5.1859     5.1851   3.374103   3.374068    308.531    301.151     0.1027     0.0043     0.1544    435.905   78.83380    7.01042    35.0482    35.0486 0.0000e+00
    165.000     5.1786     5.1779   3.373462   3.373386    309.023    301.495     0.1027     0.0094     0.1548    436.882   78.83380    7.01042    35.0479    35.0478 0.0000e+00
    166.000     5.1587     5.1580   3.371722   3.371648    309.431    301.819     0.1027     0.0089     0.1546    437.879   78.83380    7.01042    35.0481    35.0481 0.0000e+00
    167.000     5.1520     5.1514   3.371165   3.371121    309.323    301.586     0.1027     0.0028     0.1544    438.888   78.83380    7.01042    35.0482    35.0484 0.0000e+00
    168.000     5.1459     5.1451   3.370650   3.370576    309.317    301.670     0.1027     0.0024     0.1542    439.894   78.83380    7.01042    35.0481    35.0481 0.0000e+00
    169.000     5.1325     5.1319   3.369488   3.369439    309.941    301.878     0.1027     0.0026     0.1539    440.883   78.83380    7.01042    35.0482    35.0483 0.0000e+00
    170.000     5.1253     5.1246   3.368887   3.368851    309.755    301.800     0.1027     0.0078     0.1534    441.864   78.83380    7.01042    35.0483    35.0486 0.0000e+00
    171.000     5.1224     5.1214   3.368673   3.368604    309.412    301.777     0.1028     0.0096     0.1529    442.845   78.83380    7.01042    35.0484    35.0486 0.0000e+00
    172.000     5.1042     5.1042   3.366971   3.366939    309.535    301.947     0.1028     0.0054     0.1529    443.837   78.83380    7.01042    35.0473    35.0469 0.0000e+00
    173.000     5.0866     5.0858   3.365339   3.365253    309.676    302.160     0.1028     0.0023     0.1533    444.831   78.83380    7.01042    35.0463    35.0462 0.0000e+00
    174.000     5.0772     5.0762   3.364491   3.364411    309.051    302.238     0.1029     0.0051     0.1534    445.825   78.83380    7.01042    35.0459    35.0460 0.0000e+00
    175.000     5.0620     5.0613   3.363153   3.363083    309.419    302.166     0.1029     0.0096     0.1542    446.802   78.83380    7.01042    35.0459    35.0458 0.0000e+00
    176.000     5.0543     5.0535   3.362511   3.362464    309.990    302.219     0.1030     0.0096     0.1544    447.776   78.83380    7.01042    35.0460    35.0463 0.0000e+00
    177.000     5.0432     5.0427   3.361541   3.361488    310.097    302.110     0.1031     0.0096     0.1548    448.766   78.83380    7.01042    35.0458    35.0458 0.0000e+00
    178.000     5.0336     5.0329   3.360717   3.360674    310.088    302.132     0.1031     0.0092     0.1550    449.773   78.83380    7.01042    35.0459    35.0461 0.0000e+00
    179.000     5.0261     5.0253   3.360093   3.360030    310.545    302.334     0.1032     0.0032     0.1550    450.782   78.83380    7.01042    35.0460    35.0461 0.0000e+00
    180.000     5.0219     5.0216   3.359760   3.359752    310.709    302.722     0.1033     0.0084     0.1549    451.777   78.83380    7.01042    35.0460    35.0463 0.0000e+00
    181.000     5.0149     5.0144   3.359201   3.359157    311.074    303.112     0.1034     0.0043     0.1546    452.757   78.83379    7.01042    35.0463    35.0463 0.0000e+00
    182.000     5.0125     5.0115   3.359032   3.358974    311.262    303.309     0.1035     0.0023     0.1550    453.728   78.83378    7.01042    35.0464    35.0468 0.0000e+00
