test_project/cnv_files/Sta0215_bin.cnv
* Sea-Bird SBE 9 Data File:
* FileName = C:\Seabird\CTDDATA\Sta0215.hex
* Software Version Seasave V 7.26.7.107
* Temperature SN = 03-4535
* Conductivity SN = 2860
* Number of Bytes Per Scan = 44
* Number of Voltage Words = 5
* Number of Scans Averaged by the Deck Unit = 1
* NMEA Latitude = 78 49.96 N
* NMEA Longitude = 011 30.03 W
* NMEA UTC (Time) = Sep 05 2019 23:48:37
* NMEA baud rate = 9600
** Ship: "Kronprins Haakon"
** Station: 0215
** Echodepth: 234
** Log: 5950.084
** Wind-Dir Force(m/s): 01 12
** Air-temp (dry): -0.7
** Weather Sky: 2 6
** Sea Ice: 1 4
# nquan = 17
# nvalues = 222                         
# units = specified
# name 0 = prDM: Pressure, Digiquartz [db]
# name 1 = t090C: Temperature [ITS-90, deg C]
# name 2 = t190C: Temperature, 2 [ITS-90, deg C]
# name 3 = c0S/m: Conductivity [S/m]
# name 4 = c1S/m: Conductivity, 2 [S/m]
# name 5 = sbox0Mm/Kg: Oxygen, SBE 43 [umol/kg]
# name 6 = sbox1Mm/Kg: Oxygen, SBE 43, 2 [umol/kg]
# name 7 = wetCDOM: Fluorescence, WET Labs CDOM [mg/m^3]
# name 8 = flECO-AFL: Fluorescence, WET Labs ECO-AFL/FL [mg/m^3]
# name 9 = CStarAt0: Beam Attenuation, WET Labs C-Star [1/m]
# name 10 = timeS: Time, Elapsed [seconds]
# name 11 = latitude: Latitude [deg]
# name 12 = longitude: Longitude [deg]
# name 13 = upoly0: Upoly 0, ISUS
# name 14 = sal00: Salinity, Practical [PSU]
# name 15 = sal11: Salinity, Practical, 2 [PSU]
# name 16 = flag: flag
# span 0 =      1.000,    222.000       
# span 1 =    -1.6403,     0.6638       
# span 2 =    -1.6402,     0.6639       
# span 3 =   2.441086,   2.942263       
# span 4 =   2.441278,   2.942165       
# span 5 =    302.077,    428.645       
# span 6 =    298.990,    420.765       
# span 7 =     0.1248,     0.1744       
# span 8 =     0.0096,     0.7284       
# span 9 =     0.1390,     0.3083       
# span 10 =    355.613,    593.228      
# span 11 =   78.83288,   78.83288      
# span 12 =  -11.50046,  -11.50040      
# span 13 =  12.751962,  25.508392      
# span 14 =    30.0952,    34.6238      
# span 15 =    30.0971,    34.6225      
# span 16 = 0.0000e+00, 0.0000e+00      
# interval = decibars: 1                
# start_time = Sep 05 2019 23:48:37 [NMEA time, header]
# bad_flag = -9.990e-29
*END*
[from data line 171]
    172.000    -0.5238    -0.5254   2.813387   2.813255    325.374    329.439     0.1362     0.0285     0.1454    537.299   78.83288  -11.50046  22.646734    34.2829    34.2829 0.0000e+00
    173.000    -0.4763    -0.4774   2.818414   2.818392    318.615    325.611     0.1360     0.0251     0.1477    538.344   78.83288  -11.50044  22.851266    34.2961    34.2971 0.0000e+00
    174.000    -0.4685    -0.4691   2.819926   2.819835    315.354    323.415     0.1359     0.0241     0.1471    539.378   78.83288  -11.50044  23.063766    34.3070    34.3065 0.0000e+00
    175.000    -0.4349    -0.4318   2.823678   2.824232    314.792    321.326     0.1357     0.0280     0.1474    540.400   78.83288  -11.50044  22.901037    34.3188    34.3228 0.0000e+00
    176.000    -0.3372    -0.3354   2.833076   2.833450    314.983    319.468     0.1356     0.0298     0.1484    541.416   78.83288  -11.50044  22.900914    34.3338    34.3368 0.0000e+00
    177.000    -0.2768    -0.2797   2.838761   2.838530    318.763    319.925     0.1355     0.0232     0.1486    542.431   78.83288  -11.50044  22.197425    34.3411    34.3413 0.0000e+00
    178.000    -0.1799    -0.1854   2.848730   2.848552    320.752    319.312     0.1353     0.0296     0.1502    543.449   78.83288  -11.50044  22.985202    34.3642    34.3680 0.0000e+00
    179.000    -0.1063    -0.1055   2.856409   2.856540    319.415    318.080     0.1352     0.0372     0.1519    544.476   78.83288  -11.50044  23.473380    34.3830    34.3838 0.0000e+00
    180.000    -0.0872    -0.0873   2.858819   2.858699    318.062    317.611     0.1350     0.0243     0.1528    545.506   78.83288  -11.50044  23.342207    34.3929    34.3915 0.0000e+00
    181.000    -0.0890    -0.0891   2.858854   2.858740    314.590    316.013     0.1349     0.0235     0.1540    546.550   78.83288  -11.50044  23.115444    34.3948    34.3934 0.0000e+00
    182.000    -0.0799    -0.0812   2.860160   2.860032    310.612    313.937     0.1347     0.0237     0.1546    547.601   78.83288  -11.50044  23.309264    34.4013    34.4010 0.0000e+00
    183.000    -0.0310    -0.0340   2.865152   2.864947    309.840    312.456     0.1346     0.0201     0.1563    548.654   78.83288  -11.50044  23.584613    34.4120    34.4125 0.0000e+00
    184.000     0.0050     0.0043   2.868936   2.868868    311.946    312.406     0.1344     0.0112     0.1568    549.697   78.83288  -11.50044  23.159032    34.4210    34.4209 0.0000e+00
    185.000     0.0946     0.0892   2.878182   2.877984    313.956    312.307     0.1343     0.0161     0.1573    550.730   78.83288  -11.50044  23.638107    34.4420    34.4455 0.0000e+00
    186.000     0.1740     0.1724   2.886394   2.886279    314.339    311.760     0.1341     0.0236     0.1577    551.758   78.83288  -11.50044  23.639289    34.4608    34.4610 0.0000e+00
    187.000     0.1981     0.1971   2.889003   2.888840    315.314    312.340     0.1339     0.0247     0.1580    552.782   78.83288  -11.50044  23.689243    34.4676    34.4665 0.0000e+00
    188.000     0.2074     0.2071   2.889992   2.889901    312.449    311.354     0.1338     0.0293     0.1592    553.800   78.83288  -11.50044  23.703534    34.4695    34.4686 0.0000e+00
    189.000     0.2235     0.2234   2.891646   2.891607    308.699    309.464     0.1336     0.0119     0.1611    554.818   78.83288  -11.50044  24.239636    34.4726    34.4723 0.0000e+00
    190.000     0.2600     0.2582   2.895411   2.895281    306.620    308.047     0.1334     0.0098     0.1594    555.838   78.83288  -11.50044  24.199715    34.4807    34.4810 0.0000e+00
    191.000     0.3279     0.3259   2.902466   2.902375    306.973    307.281     0.1332     0.0208     0.1601    556.870   78.83288  -11.50044  23.869335    34.4967    34.4978 0.0000e+00
    192.000     0.3491     0.3491   2.904706   2.904613    309.018    307.433     0.1330     0.0242     0.1612    557.909   78.83288  -11.50044  24.082814    34.5018    34.5006 0.0000e+00
    193.000     0.3489     0.3493   2.904752   2.904675    309.358    307.104     0.1326     0.0141     0.1615    558.959   78.83288  -11.50044  24.218043    34.5020    34.5006 0.0000e+00
    194.000     0.3482     0.3482   2.904731   2.904635    306.858    305.972     0.1321     0.0096     0.1618    560.009   78.83288  -11.50044  24.513008    34.5020    34.5007 0.0000e+00
    195.000     0.3537     0.3530   2.905406   2.905255    304.981    305.014     0.1314     0.0096     0.1628    561.052   78.83288  -11.50044  24.410305    34.5040    34.5029 0.0000e+00
    196.000     0.3631     0.3626   2.906508   2.906382    305.571    304.648     0.1304     0.0134     0.1638    562.098   78.83288  -11.50044  24.347827    34.5074    34.5063 0.0000e+00
    197.000     0.3740     0.3723   2.907735   2.907488    306.711    304.542     0.1292     0.0163     0.1668    563.135   78.83288  -11.50044  24.376774    34.5107    34.5093 0.0000e+00
    198.000     0.3854     0.3849   2.908902   2.908784    307.739    304.595     0.1278     0.0199     0.1641    564.163   78.83288  -11.50044  24.567737    34.5126    34.5116 0.0000e+00
    199.000     0.4012     0.3990   2.910683   2.910420    307.868    304.559     0.1265     0.0240     0.1642    565.186   78.83288  -11.50044  24.714761    34.5177    34.5167 0.0000e+00
    200.000     0.4313     0.4312   2.914091   2.914061    307.747    304.222     0.1255     0.0237     0.1651    566.198   78.83288  -11.50044  24.762256    34.5281    34.5277 0.0000e+00
    201.000     0.4548     0.4534   2.916851   2.916685    308.110    303.953     0.1249     0.0240     0.1655    567.219   78.83288  -11.50044  24.602399    34.5373    34.5366 0.0000e+00
    202.000     0.4655     0.4653   2.918154   2.918025    308.292    303.820     0.1248     0.0222     0.1658    568.245   78.83288  -11.50044  24.427706    34.5418    34.5402 0.0000e+00
    203.000     0.4672     0.4669   2.918399   2.918269    307.582    304.032     0.1252     0.0161     0.1658    569.282   78.83288  -11.50044  25.176958    34.5424    34.5410 0.0000e+00
    204.000     0.4747     0.4739   2.919275   2.919106    306.673    303.364     0.1260     0.0168     0.1667    570.330   78.83288  -11.50044  24.282617    34.5449    34.5436 0.0000e+00
    205.000     0.4862     0.4860   2.920625   2.920511    305.973    302.721     0.1270     0.0165     0.1679    571.382   78.83288  -11.50044  24.280706    34.5491    34.5478 0.0000e+00
    206.000     0.4922     0.4919   2.921365   2.921262    306.245    302.640     0.1280     0.0167     0.1678    572.440   78.83288  -11.50044  24.442697    34.5515    34.5504 0.0000e+00
    207.000     0.4992     0.4980   2.922217   2.921976    306.042    302.738     0.1289     0.0160     0.1672    573.484   78.83288  -11.50044  24.657209    34.5542    34.5524 0.0000e+00
    208.000     0.5142     0.5131   2.923973   2.923784    306.118    302.345     0.1295     0.0106     0.1679    574.520   78.83288  -11.50044  25.127507    34.5597    34.5585 0.0000e+00
    209.000     0.5245     0.5232   2.925183   2.924979    306.299    302.231     0.1298     0.0217     0.1679    575.542   78.83288  -11.50044  24.796263    34.5635    34.5623 0.0000e+00
    210.000     0.5402     0.5402   2.927050   2.926974    306.580    301.869     0.1300     0.0177     0.1688    576.554   78.83288  -11.50044  24.370942    34.5696    34.5687 0.0000e+00
    211.000     0.5564     0.5562   2.928911   2.928842    306.347    301.482     0.1300     0.0226     0.1692    577.563   78.83288  -11.50044  24.858407    34.5753    34.5745 0.0000e+00
    212.000     0.5831     0.5810   2.932024   2.931791    305.668    301.333     0.1301     0.0242     0.1690    578.575   78.83288  -11.50044  24.986133    34.5855    34.5848 0.0000e+00
    213.000     0.6010     0.6005   2.934143   2.934028    305.196    300.988     0.1304     0.0192     0.1697    579.598   78.83288  -11.50044  24.986100    34.5924    34.5915 0.0000e+00
    214.000     0.6177     0.6171   2.936142   2.936018    305.309    300.875     0.1308     0.0158     0.1708    580.653   78.83288  -11.50044  24.728473    34.5993    34.5983 0.0000e+00
    215.000     0.6243     0.6244   2.937051   2.936967    304.975    300.495     0.1313     0.0120     0.1714    581.732   78.83288  -11.50044  24.551741    34.6031    34.6019 0.0000e+00
    216.000     0.6342     0.6337   2.938331   2.938221    303.435    299.967     0.1316     0.0164     0.1735    582.745   78.83288  -11.50044  24.851922    34.6081    34.6073 0.0000e+00
    217.000     0.6453     0.6446   2.939734   2.939616    302.641    299.657     0.1317     0.0229     0.1745    583.500   78.83288  -11.50044  25.144720    34.6133    34.6126 0.0000e+00
    218.000     0.6585     0.6579   2.941406   2.941300    302.685    299.431     0.1334     0.0170     0.1764    584.158   78.83288  -11.50044  25.508392    34.6198    34.6190 0.0000e+00
    219.000     0.6615     0.6615   2.941873   2.941765    303.241    299.343     0.1331     0.0141     0.1799    584.804   78.83288  -11.50044  25.300987    34.6219    34.6205 0.0000e+00
    220.000     0.6638     0.6639   2.942263   2.942165    303.430    299.231     0.1326     0.0099     0.1827    585.495   78.83288  -11.50044  25.114064    34.6238    34.6225 0.0000e+00
    221.000     0.6500     0.6544   2.940624   2.941116    302.457    299.025     0.1282     0.0177     0.1843    589.402   78.83288  -11.50044  25.078871    34.6174    34.6188 0.0000e+00
    222.000     0.6352     0.6433   2.938835   2.939716    302.077    298.990     0.1255     0.0213     0.1835    593.228   78.83288  -11.50044  24.882249    34.6100    34.6124 0.0000e+00
