test_project/cnv_files/sta0245_bin.cnv
* Sea-Bird SBE 9 Data File:
* FileName = C:\Seabird\CTDDATA\Sta0245.hex
* Software Version Seasave V 7.26.7.107
* Temperature SN = 03-4535
* Conductivity SN = 2860
* Number of Bytes Per Scan = 44
* Number of Voltage Words = 5
* Number of Scans Averaged by the Deck Unit = 1
* NMEA Latitude = 78 50.05 N
* NMEA Longitude = 006 00.46 E
* NMEA UTC (Time) = Sep 14 2019 14:36:50
* NMEA baud rate = 9600
** Ship: "Kronprins Haakon"
** Station: 0245
** Echodepth: 2414
** Log: 6497.98
** Wind-Dir Force(m/s): 06 08
** Air-temp (dry): 5.8
** Weather Sky: 2 8
** Sea Ice: 3 0
# nquan = 16
# nvalues = 2445                        
# units = specified
# name 0 = prDM: Pressure, Digiquartz [db]
# name 1 = t090C: Temperature [ITS-90, deg C]
# name 2 = t190C: Temperature, 2 [ITS-90, deg C]
# name 3 = c0S/m: Conductivity [S/m]
# name 4 = c1S/m: Conductivity, 2 [S/m]
# name 5 = sbox0Mm/Kg: Oxygen, SBE 43 [umol/kg]
# name 6 = sbox1Mm/Kg: Oxygen, SBE 43, 2 [umol/kg]
# name 7 = wetCDOM: Fluorescence, WET Labs CDOM [mg/m^3]
# name 8 = flECO-AFL: Fluorescence, WET Labs ECO-AFL/FL [mg/m^3]
# name 9 = CStarAt0: Beam Attenuation, WET Labs C-Star [1/m]
# name 10 = timeS: Time, Elapsed [seconds]
# name 11 = latitude: Latitude [deg]
# name 12 = longitude: Longitude [deg]
# name 13 = sal00: Salinity, Practical [PSU]
# name 14 = sal11: Salinity, Practical, 2 [PSU]
# name 15 = flag: flag
# span 0 =      3.000,   2447.000       
# span 1 =    -0.7577,     5.6985       
# span 2 =    -0.7576,     5.6975       
# span 3 =   2.900559,   3.395479       
# span 4 =   2.900593,   3.395432       
# span 5 =    303.056,    337.664       
# span 6 =    297.711,    321.456       
# span 7 =     0.0947,     0.1323       
# span 8 =    -0.0076,     2.4110       
# span 9 =     0.1305,     0.4828       
# span 10 =    146.735,   2567.022      
# span 11 =   78.83428,   78.83432      
# span 12 =    6.00770,    6.00778      
# span 13 =    34.8410,    35.0218      
# span 14 =    34.8411,    35.0228      
# span 15 = 0.0000e+00, 0.0000e+00      
# interval = decibars: 1                
# start_time = Sep 14 2019 14:36:50 [NMEA time, header]
# bad_flag = -9.990e-29
*END*
[from data line 1899]
   1902.000    -0.7553    -0.7553   2.915715   2.915779    306.175    300.333     0.1195     0.0096     0.1407   2000.398   78.83430    6.00776    34.9134    34.9143 0.0000e+00
   1903.000    -0.7554    -0.7553   2.915750   2.915823    306.553    300.475     0.1196     0.0096     0.1409   2001.368   78.83430    6.00776    34.9134    34.9143 0.0000e+00
   1904.000    -0.7556    -0.7557   2.915776   2.915836    306.110    300.321     0.1198     0.0096     0.1404   2002.323   78.83430    6.00776    34.9134    34.9143 0.0000e+00
   1905.000    -0.7560    -0.7561   2.915773   2.915842    306.060    300.028     0.1199     0.0070     0.1408   2003.273   78.83430    6.00776    34.9133    34.9143 0.0000e+00
   1906.000    -0.7560    -0.7561   2.915812   2.915882    306.174    299.675     0.1201     0.0012     0.1408   2004.233   78.83430    6.00776    34.9133    34.9143 0.0000e+00
   1907.000    -0.7560    -0.7561   2.915859   2.915932    306.768    300.030     0.1204     0.0016     0.1409   2005.197   78.83430    6.00776    34.9134    34.9145 0.0000e+00
   1908.000    -0.7559    -0.7560   2.915900   2.915973    306.084    300.345     0.1206     0.0016     0.1407   2006.158   78.83430    6.00776    34.9133    34.9143 0.0000e+00
   1909.000    -0.7559    -0.7559   2.915956   2.916022    305.725    300.414     0.1209     0.0010     0.1410   2007.126   78.83430    6.00776    34.9134    34.9143 0.0000e+00
   1910.000    -0.7558    -0.7558   2.916004   2.916069    306.373    300.164     0.1212     0.0012     0.1410   2008.089   78.83430    6.00776    34.9134    34.9143 0.0000e+00
   1911.000    -0.7558    -0.7558   2.916044   2.916121    306.177    299.864     0.1215     0.0061     0.1405   2009.047   78.83430    6.00776    34.9134    34.9145 0.0000e+00
   1912.000    -0.7557    -0.7558   2.916088   2.916158    306.197    299.983     0.1218     0.0096     0.1406   2010.006   78.83430    6.00776    34.9134    34.9144 0.0000e+00
   1913.000    -0.7557    -0.7558   2.916134   2.916201    306.039    300.126     0.1222     0.0095     0.1411   2010.976   78.83430    6.00776    34.9134    34.9144 0.0000e+00
   1914.000    -0.7557    -0.7558   2.916165   2.916238    306.449    300.209     0.1225     0.0072     0.1413   2011.963   78.83430    6.00776    34.9133    34.9144 0.0000e+00
   1915.000    -0.7556    -0.7557   2.916215   2.916283    306.297    300.223     0.1229     0.0021     0.1411   2012.961   78.83430    6.00776    34.9133    34.9144 0.0000e+00
   1916.000    -0.7556    -0.7558   2.916258   2.916320    306.268    300.394     0.1233     0.0084     0.1411   2013.945   78.83430    6.00776    34.9134    34.9144 0.0000e+00
   1917.000    -0.7558    -0.7558   2.916294   2.916364    305.996    300.374     0.1236     0.0010     0.1414   2014.910   78.83430    6.00776    34.9135    34.9144 0.0000e+00
   1918.000    -0.7556    -0.7557   2.916337   2.916404    306.200    299.648     0.1240     0.0011     0.1413   2015.859   78.83430    6.00776    34.9133    34.9143 0.0000e+00
   1919.000    -0.7556    -0.7557   2.916377   2.916451    305.966    299.601     0.1243     0.0117     0.1411   2016.802   78.83430    6.00776    34.9133    34.9143 0.0000e+00
   1920.000    -0.7556    -0.7556   2.916425   2.916498    305.842    300.044     0.1246     0.0121     0.1416   2017.750   78.83430    6.00776    34.9134    34.9144 0.0000e+00
   1921.000    -0.7555    -0.7556   2.916474   2.916537    306.573    300.206     0.1248     0.0093     0.1413   2018.699   78.83430    6.00776    34.9134    34.9144 0.0000e+00
   1922.000    -0.7556    -0.7556   2.916508   2.916579    306.340    300.247     0.1250     0.0093     0.1410   2019.654   78.83430    6.00776    34.9134    34.9144 0.0000e+00
   1923.000    -0.7555    -0.7557   2.916547   2.916608    306.372    299.963     0.1252     0.0077     0.1415   2020.618   78.83430    6.00776    34.9133    34.9143 0.0000e+00
   1924.000    -0.7555    -0.7556   2.916596   2.916665    306.427    299.269     0.1254     0.0016     0.1415   2021.591   78.83430    6.00776    34.9134    34.9144 0.0000e+00
   1925.000    -0.7555    -0.7555   2.916640   2.916709    305.816    299.989     0.1255     0.0080     0.1412   2022.573   78.83430    6.00776    34.9134    34.9144 0.0000e+00
   1926.000    -0.7557    -0.7557   2.916659   2.916729    305.932    300.132     0.1256     0.0018     0.1407   2023.569   78.83430    6.00776    34.9133    34.9143 0.0000e+00
   1927.000    -0.7557    -0.7558   2.916707   2.916778    305.745    300.195     0.1257     0.0076     0.1410   2024.565   78.83430    6.00775    34.9135    34.9144 0.0000e+00
   1928.000    -0.7557    -0.7557   2.916742   2.916822    305.961    300.113     0.1258     0.0142     0.1410   2025.542   78.83430    6.00774    34.9134    34.9145 0.0000e+00
   1929.000    -0.7556    -0.7557   2.916785   2.916862    305.782    300.010     0.1258     0.0117     0.1411   2026.503   78.83430    6.00774    34.9133    34.9144 0.0000e+00
   1930.000    -0.7558    -0.7557   2.916817   2.916898    306.538    299.958     0.1259     0.0121     0.1411   2027.445   78.83430    6.00774    34.9134    34.9144 0.0000e+00
   1931.000    -0.7558    -0.7559   2.916859   2.916933    306.265    299.637     0.1260     0.0151     0.1418   2028.387   78.83430    6.00774    34.9134    34.9145 0.0000e+00
   1932.000    -0.7558    -0.7558   2.916893   2.916964    305.712    299.633     0.1260     0.0139     0.1420   2029.333   78.83430    6.00774    34.9134    34.9143 0.0000e+00
   1933.000    -0.7557    -0.7559   2.916946   2.917010    305.959    300.085     0.1260     0.0097     0.1417   2030.294   78.83430    6.00774    34.9134    34.9144 0.0000e+00
   1934.000    -0.7558    -0.7558   2.916978   2.917050    306.016    300.206     0.1261     0.0096     0.1415   2031.271   78.83430    6.00774    34.9134    34.9144 0.0000e+00
   1935.000    -0.7560    -0.7561   2.916998   2.917072    306.199    299.912     0.1261     0.0147     0.1423   2032.257   78.83430    6.00774    34.9133    34.9144 0.0000e+00
   1936.000    -0.7560    -0.7562   2.917046   2.917110    306.062    300.294     0.1261     0.0105     0.1422   2033.239   78.83430    6.00776    34.9134    34.9145 0.0000e+00
   1937.000    -0.7560    -0.7561   2.917080   2.917154    305.812    299.607     0.1261     0.0094     0.1416   2034.205   78.83430    6.00776    34.9133    34.9144 0.0000e+00
   1938.000    -0.7560    -0.7561   2.917118   2.917201    305.943    299.337     0.1261     0.0049     0.1417   2035.158   78.83430    6.00774    34.9133    34.9145 0.0000e+00
   1939.000    -0.7564    -0.7565   2.917126   2.917198    305.847    300.076     0.1261     0.0008     0.1419   2036.113   78.83430    6.00774    34.9133    34.9144 0.0000e+00
   1940.000    -0.7567    -0.7568   2.917146   2.917223    305.631    300.126     0.1260     0.0009     0.1417   2037.074   78.83430    6.00774    34.9134    34.9145 0.0000e+00
   1941.000    -0.7566    -0.7567   2.917192   2.917273    306.170    299.597     0.1259     0.0021     0.1414   2038.042   78.83430    6.00774    34.9133    34.9145 0.0000e+00
   1942.000    -0.7565    -0.7565   2.917251   2.917326    306.149    299.040     0.1258     0.0093     0.1422   2039.016   78.83430    6.00774    34.9134    34.9145 0.0000e+00
   1943.000    -0.7565    -0.7566   2.917293   2.917367    305.527    299.339     0.1257     0.0090     0.1422   2039.986   78.83430    6.00774    34.9135    34.9146 0.0000e+00
   1944.000    -0.7565    -0.7565   2.917323   2.917404    305.600    299.889     0.1255     0.0016     0.1422   2040.956   78.83430    6.00774    34.9133    34.9145 0.0000e+00
   1945.000    -0.7564    -0.7566   2.917376   2.917449    306.005    299.789     0.1252     0.0075     0.1423   2041.929   78.83430    6.00774    34.9134    34.9146 0.0000e+00
   1946.000    -0.7564    -0.7565   2.917422   2.917493    305.910    299.663     0.1249     0.0090     0.1430   2042.901   78.83430    6.00774    34.9135    34.9145 0.0000e+00
   1947.000    -0.7565    -0.7565   2.917448   2.917524    305.897    299.976     0.1246     0.0090     0.1433   2043.877   78.83430    6.00774    34.9134    34.9144 0.0000e+00
   1948.000    -0.7564    -0.7565   2.917499   2.917573    305.778    299.649     0.1242     0.0096     0.1430   2044.851   78.83430    6.00774    34.9134    34.9146 0.0000e+00
   1949.000    -0.7563    -0.7564   2.917548   2.917625    305.786    300.006     0.1238     0.0096     0.1429   2045.816   78.83430    6.00774    34.9134    34.9145 0.0000e+00
   1950.000    -0.7563    -0.7564   2.917594   2.917670    306.079    299.721     0.1234     0.0069     0.1435   2046.776   78.83430    6.00774    34.9135    34.9146 0.0000e+00
   1951.000    -0.7564    -0.7564   2.917633   2.917699    305.944    299.773     0.1231    -0.0004     0.1435   2047.727   78.83430    6.00774    34.9135    34.9145 0.0000e+00
   1952.000    -0.7564    -0.7565   2.917667   2.917743    306.097    299.878     0.1227     0.0000     0.1432   2048.677   78.83430    6.00774    34.9134    34.9146 0.0000e+00
   1953.000    -0.7563    -0.7563   2.917717   2.917782    305.578    300.004     0.1223     0.0078     0.1434   2049.638   78.83430    6.00774    34.9135    34.9144 0.0000e+00
   1954.000    -0.7563    -0.7564   2.917760   2.917825    305.387    299.676     0.1220     0.0095     0.1443   2050.610   78.83430    6.00774    34.9135    34.9145 0.0000e+00
   1955.000    -0.7562    -0.7564   2.917806   2.917872    305.625    299.869     0.1217     0.0040     0.1442   2051.581   78.83430    6.00774    34.9135    34.9145 0.0000e+00
   1956.000    -0.7562    -0.7563   2.917842   2.917911    305.664    299.363     0.1214     0.0048     0.1440   2052.546   78.83430    6.00774    34.9135    34.9145 0.0000e+00
   1957.000    -0.7562    -0.7562   2.917882   2.917958    306.161    299.583     0.1211     0.0096     0.1443   2053.514   78.83430    6.00774    34.9134    34.9144 0.0000e+00
   1958.000    -0.7561    -0.7562   2.917937   2.918011    305.468    299.674     0.1209     0.0109     0.1443   2054.488   78.83430    6.00774    34.9135    34.9145 0.0000e+00
   1959.000    -0.7560    -0.7561   2.917978   2.918058    305.844    299.937     0.1207     0.0140     0.1444   2055.467   78.83430    6.00774    34.9134    34.9146 0.0000e+00
   1960.000    -0.7567    -0.7563   2.917962   2.918072    305.488    299.473     0.1205     0.0097     0.1445   2056.446   78.83430    6.00774    34.9134    34.9144 0.0000e+00
   1961.000    -0.7568    -0.7568   2.917994   2.918066    305.760    299.404     0.1203     0.0096     0.1449   2057.422   78.83430    6.00774    34.9134    34.9144 0.0000e+00
   1962.000    -0.7569    -0.7570   2.918027   2.918090    305.794    299.573     0.1202     0.0097     0.1447   2058.391   78.83430    6.00774    34.9134    34.9144 0.0000e+00
   1963.000    -0.7571    -0.7571   2.918043   2.918115    305.385    299.653     0.1201     0.0146     0.1458   2059.352   78.83430    6.00774    34.9134    34.9143 0.0000e+00
   1964.000    -0.7572    -0.7571   2.918079   2.918159    305.466    299.729     0.1200     0.0114     0.1475   2060.312   78.83430    6.00774    34.9133    34.9143 0.0000e+00
   1965.000    -0.7571    -0.7571   2.918120   2.918198    305.300    299.147     0.1199     0.0052     0.1500   2061.273   78.83430    6.00774    34.9133    34.9143 0.0000e+00
   1966.000    -0.7573    -0.7570   2.918141   2.918244    305.344    299.060     0.1199     0.0041     0.1522   2062.231   78.83430    6.00774    34.9132    34.9143 0.0000e+00
   1967.000    -0.7572    -0.7572   2.918196   2.918269    305.624    299.192     0.1199     0.0096     0.1538   2063.176   78.83430    6.00774    34.9133    34.9143 0.0000e+00
   1968.000    -0.7572    -0.7572   2.918233   2.918315    305.392    298.727     0.1199     0.0096     0.1559   2064.121   78.83430    6.00774    34.9133    34.9144 0.0000e+00
   1969.000    -0.7575    -0.7576   2.918246   2.918317    305.127    298.887     0.1199     0.0099     0.1572   2065.074   78.83430    6.00774    34.9133    34.9143 0.0000e+00
   1970.000    -0.7577    -0.7576   2.918280   2.918353    305.157    299.078     0.1200     0.0145     0.1578   2066.044   78.83430    6.00774    34.9133    34.9142 0.0000e+00
   1971.000    -0.7576    -0.7576   2.918319   2.918397    304.660    298.693     0.1201     0.0045     0.1598   2067.034   78.83430    6.00774    34.9132    34.9142 0.0000e+00
   1972.000    -0.7575    -0.7575   2.918371   2.918439    304.940    298.852     0.1202     0.0121     0.1612   2068.032   78.83430    6.00774    34.9132    34.9142 0.0000e+00
   1973.000    -0.7573    -0.7573   2.918420   2.918502    305.061    299.119     0.1204     0.0116     0.1625   2069.026   78.83430    6.00774    34.9131    34.9143 0.0000e+00
   1974.000    -0.7572    -0.7572   2.918471   2.918539    304.533    298.795     0.1206     0.0096     0.1643   2070.006   78.83429    6.00774    34.9132    34.9141 0.0000e+00
   1975.000    -0.7572    -0.7573   2.918509   2.918588    304.598    298.715     0.1208     0.0096     0.1662   2070.969   78.83428    6.00774    34.9132    34.9143 0.0000e+00
   1976.000    -0.7573    -0.7572   2.918547   2.918627    304.712    298.614     0.1210     0.0073     0.1659   2071.923   78.83428    6.00774    34.9132    34.9142 0.0000e+00
   1977.000    -0.7572    -0.7572   2.918588   2.918666    304.576    298.955     0.1213     0.0016     0.1667   2072.868   78.83428    6.00774    34.9132    34.9142 0.0000e+00
   1978.000    -0.7571    -0.7572   2.918644   2.918706    304.278    298.361     0.1215     0.0011     0.1674   2073.808   78.83429    6.00774    34.9132    34.9141 0.0000e+00
   1979.000    -0.7570    -0.7571   2.918685   2.918762    304.527    298.358     0.1218     0.0084     0.1675   2074.763   78.83430    6.00774    34.9132    34.9142 0.0000e+00
   1980.000    -0.7570    -0.7570   2.918733   2.918810    304.970    298.713     0.1220     0.0096     0.1680   2075.729   78.83430    6.00774    34.9132    34.9142 0.0000e+00
   1981.000    -0.7570    -0.7570   2.918778   2.918853    304.509    298.726     0.1223     0.0096     0.1687   2076.700   78.83430    6.00774    34.9132    34.9143 0.0000e+00
   1982.000    -0.7569    -0.7569   2.918826   2.918901    304.229    298.383     0.1225     0.0049     0.1689   2077.673   78.83429    6.00774    34.9132    34.9142 0.0000e+00
   1983.000    -0.7568    -0.7568   2.918870   2.918945    304.872    298.217     0.1228     0.0054     0.1694   2078.641   78.83428    6.00774    34.9131    34.9141 0.0000e+00
   1984.000    -0.7567    -0.7567   2.918917   2.918998    304.893    298.670     0.1230     0.0117     0.1700   2079.610   78.83429    6.00774    34.9131    34.9143 0.0000e+00
   1985.000    -0.7566    -0.7567   2.918968   2.919047    304.442    298.751     0.1232     0.0133     0.1699   2080.579   78.83430    6.00774    34.9132    34.9143 0.0000e+00
   1986.000    -0.7566    -0.7567   2.919015   2.919089    304.120    298.759     0.1234     0.0026     0.1700   2081.558   78.83429    6.00774    34.9132    34.9143 0.0000e+00
   1987.000    -0.7564    -0.7565   2.919065   2.919141    304.469    298.312     0.1236     0.0021     0.1695   2082.544   78.83428    6.00774    34.9131    34.9143 0.0000e+00
   1988.000    -0.7564    -0.7565   2.919115   2.919192    304.564    298.284     0.1238     0.0022     0.1706   2083.528   78.83428    6.00774    34.9133    34.9144 0.0000e+00
   1989.000    -0.7563    -0.7564   2.919162   2.919235    304.599    298.415     0.1239     0.0025     0.1704   2084.502   78.83428    6.00774    34.9133    34.9143 0.0000e+00
   1990.000    -0.7562    -0.7563   2.919199   2.919283    304.448    298.684     0.1241     0.0126     0.1691   2085.461   78.83428    6.00774    34.9131    34.9143 0.0000e+00
