test_project/cnv_files/Sta0215_bin.cnv
* Sea-Bird SBE 9 Data File:
* FileName = C:\Seabird\CTDDATA\Sta0215.hex
* Software Version Seasave V 7.26.7.107
* Temperature SN = 03-4535
* Conductivity SN = 2860
* Number of Bytes Per Scan = 44
* Number of Voltage Words = 5
* Number of Scans Averaged by the Deck Unit = 1
* NMEA Latitude = 78 49.96 N
* NMEA Longitude = 011 30.03 W
* NMEA UTC (Time) = Sep 05 2019 23:48:37
* NMEA baud rate = 9600
** Ship: "Kronprins Haakon"
** Station: 0215
** Echodepth: 234
** Log: 5950.084
** Wind-Dir Force(m/s): 01 12
** Air-temp (dry): -0.7
** Weather Sky: 2 6
** Sea Ice: 1 4
# nquan = 17
# nvalues = 222                         
# units = specified
# name 0 = prDM: Pressure, Digiquartz [db]
# name 1 = t090C: Temperature [ITS-90, deg C]
# name 2 = t190C: Temperature, 2 [ITS-90, deg C]
# name 3 = c0S/m: Conductivity [S/m]
# name 4 = c1S/m: Conductivity, 2 [S/m]
# name 5 = sbox0Mm/Kg: Oxygen, SBE 43 [umol/kg]
# name 6 = sbox1Mm/Kg: Oxygen, SBE 43, 2 [umol/kg]
# name 7 = wetCDOM: Fluorescence, WET Labs CDOM [mg/m^3]
# name 8 = flECO-AFL: Fluorescence, WET Labs ECO-AFL/FL [mg/m^3]
# name 9 = CStarAt0: Beam Attenuation, WET Labs C-Star [1/m]
# name 10 = timeS: Time, Elapsed [seconds]
# name 11 = latitude: Latitude [deg]
# name 12 = longitude: Longitude [deg]
# name 13 = upoly0: Upoly 0, ISUS
# name 14 = sal00: Salinity, Practical [PSU]
# name 15 = sal11: Salinity, Practical, 2 [PSU]
# name 16 = flag: flag
# span 0 =      1.000,    222.000       
# span 1 =    -1.6403,     0.6638       
# span 2 =    -1.6402,     0.6639       
# span 3 =   2.441086,   2.942263       
# span 4 =   2.441278,   2.942165       
# span 5 =    302.077,    428.645       
# span 6 =    298.990,    420.765       
# span 7 =     0.1248,     0.1744       
# span 8 =     0.0096,     0.7284       
# span 9 =     0.1390,     0.3083       
# span 10 =    355.613,    593.228      
# span 11 =   78.83288,   78.83288      
# span 12 =  -11.50046,  -11.50040      
# span 13 =  12.751962,  25.508392      
# span 14 =    30.0952,    34.6238      
# span 15 =    30.0971,    34.6225      
# span 16 = 0.0000e+00, 0.0000e+00      
# interval = decibars: 1                
# start_time = Sep 05 2019 23:48:37 [NMEA time, header]
# bad_flag = -9.990e-29
*END*
      1.000    -1.2046    -1.2025   2.442088   2.442356    396.890    398.065     0.1520     0.5151     0.2974    355.613   78.83288  -11.50040  12.751962    30.1051    30.1067 0.0000e+00
      2.000    -1.2035    -1.2041   2.442322   2.442187    397.814    397.622     0.1528     0.4637     0.2884    357.522   78.83288  -11.50040  13.607900    30.1066    30.1054 0.0000e+00
      3.000    -1.2020    -1.2016   2.442645   2.442629    398.581    397.124     0.1534     0.4416     0.2866    358.934   78.83288  -11.50040  14.034838    30.1090    30.1083 0.0000e+00
      4.000    -1.2085    -1.2071   2.441765   2.441956    398.724    397.737     0.1537     0.4461     0.2872    360.051   78.83288  -11.50040  13.294454    30.1030    30.1042 0.0000e+00
      5.000    -1.2096    -1.2101   2.441452   2.441322    398.964    397.053     0.1540     0.4349     0.2842    361.082   78.83288  -11.50040  13.049041    30.0993    30.0981 0.0000e+00
      6.000    -1.2110    -1.2103   2.441086   2.441278    399.433    396.334     0.1540     0.4385     0.2849    362.123   78.83288  -11.50040  13.295661    30.0952    30.0971 0.0000e+00
      7.000    -1.2099    -1.2099   2.441405   2.441554    400.095    395.737     0.1542     0.4344     0.2847    363.170   78.83288  -11.50040  13.467083    30.0979    30.0999 0.0000e+00
      8.000    -1.2107    -1.2106   2.441698   2.441721    400.509    395.619     0.1544     0.4466     0.2847    364.225   78.83288  -11.50040  13.078316    30.1021    30.1023 0.0000e+00
      9.000    -1.2087    -1.2092   2.442419   2.442392    400.725    395.178     0.1545     0.4356     0.2841    365.292   78.83288  -11.50040  13.136354    30.1092    30.1094 0.0000e+00
     10.000    -1.2079    -1.2082   2.442554   2.442489    401.332    394.880     0.1547     0.4535     0.2833    366.352   78.83288  -11.50040  13.672015    30.1097    30.1090 0.0000e+00
     11.000    -1.1973    -1.2045   2.444308   2.443035    401.782    395.377     0.1549     0.4546     0.2833    367.396   78.83288  -11.50040  13.402548    30.1222    30.1121 0.0000e+00
     12.000    -1.1716    -1.1649   2.448149   2.448196    402.181    395.616     0.1551     0.4565     0.2813    368.440   78.83288  -11.50040  13.048074    30.1476    30.1414 0.0000e+00
     13.000    -1.1737    -1.1771   2.449715   2.449247    403.424    396.816     0.1555     0.4980     0.2816    369.483   78.83288  -11.50040  13.405200    30.1703    30.1674 0.0000e+00
     14.000    -1.1932    -1.1935   2.448631   2.448555    404.375    397.361     0.1558     0.4874     0.2818    370.531   78.83288  -11.50040  13.822880    30.1747    30.1740 0.0000e+00
     15.000    -1.1979    -1.1979   2.449016   2.449003    403.073    397.309     0.1562     0.4960     0.2828    371.579   78.83288  -11.50040  13.688810    30.1841    30.1839 0.0000e+00
     16.000    -1.2132    -1.2120   2.449321   2.449303    402.835    397.536     0.1567     0.5098     0.2829    372.630   78.83288  -11.50040  13.928118    30.2031    30.2016 0.0000e+00
     17.000    -1.2491    -1.2487   2.448981   2.448957    403.818    397.912     0.1573     0.5433     0.2838    373.680   78.83288  -11.50040  13.631980    30.2343    30.2335 0.0000e+00
     18.000    -1.2433    -1.2440   2.451394   2.451330    403.640    397.196     0.1579     0.5919     0.2846    374.728   78.83288  -11.50040  13.487868    30.2604    30.2603 0.0000e+00
     19.000    -1.2091    -1.2123   2.458196   2.458056    404.370    397.271     0.1586     0.6243     0.2885    375.784   78.83288  -11.50040  13.568421    30.3174    30.3186 0.0000e+00
     20.000    -1.0698    -1.0777   2.492972   2.492539    404.370    396.226     0.1593     0.6583     0.2924    376.834   78.83288  -11.50040  13.678184    30.6447    30.6470 0.0000e+00
     21.000    -0.9213    -0.9286   2.535966   2.535302    405.171    395.841     0.1601     0.7284     0.2931    377.879   78.83288  -11.50040  13.864774    31.0710    31.0696 0.0000e+00
     22.000    -0.8098    -0.8103   2.579104   2.578915    407.260    397.033     0.1609     0.7274     0.2995    378.923   78.83288  -11.50040  13.985366    31.5346    31.5326 0.0000e+00
     23.000    -0.8550    -0.8524   2.589192   2.589087    409.821    402.251     0.1618     0.5878     0.3065    379.973   78.83288  -11.50040  14.164742    31.7172    31.7130 0.0000e+00
     24.000    -0.8676    -0.8677   2.589439   2.589393    409.705    407.828     0.1627     0.4622     0.3083    381.007   78.83288  -11.50040  13.989713    31.7333    31.7327 0.0000e+00
     25.000    -0.8989    -0.8931   2.590622   2.590685    412.332    413.955     0.1636     0.4404     0.2925    382.037   78.83288  -11.50040  13.938352    31.7817    31.7763 0.0000e+00
     26.000    -1.0726    -1.0640   2.580973   2.581075    420.961    420.765     0.1644     0.4483     0.2751    383.078   78.83288  -11.50040  13.160216    31.8345    31.8268 0.0000e+00
     27.000    -1.1069    -1.1068   2.579626   2.579656    423.126    420.760     0.1651     0.4617     0.2616    384.134   78.83288  -11.50040  13.655914    31.8521    31.8524 0.0000e+00
     28.000    -1.0884    -1.0872   2.581293   2.581092    428.645    419.181     0.1658     0.5392     0.2267    387.148   78.83288  -11.50040  13.794362    31.8544    31.8505 0.0000e+00
     29.000    -1.0495    -1.0521   2.584928   2.584831    425.959    418.519     0.1663     0.5538     0.2189    389.316   78.83288  -11.50040  13.731315    31.8618    31.8632 0.0000e+00
     30.000    -1.1343    -1.1259   2.579608   2.579660    426.315    420.055     0.1669     0.6560     0.2220    390.408   78.83288  -11.50040  13.638842    31.8792    31.8710 0.0000e+00
     31.000    -1.2099    -1.2078   2.575577   2.575553    426.637    420.368     0.1673     0.7275     0.2355    391.416   78.83288  -11.50040  13.700545    31.9043    31.9018 0.0000e+00
     32.000    -1.2241    -1.2237   2.574971   2.574934    423.089    418.820     0.1677     0.6000     0.2433    392.451   78.83288  -11.50040  13.885046    31.9107    31.9097 0.0000e+00
     33.000    -1.2336    -1.2333   2.574654   2.574624    423.420    418.189     0.1681     0.5874     0.2440    393.467   78.83288  -11.50040  13.786290    31.9159    31.9151 0.0000e+00
     34.000    -1.2447    -1.2447   2.574321   2.574253    423.876    415.837     0.1685     0.5885     0.2270    394.500   78.83288  -11.50040  14.208077    31.9226    31.9217 0.0000e+00
     35.000    -1.2561    -1.2550   2.574447   2.574407    422.269    413.254     0.1689     0.5938     0.2246    395.550   78.83288  -11.50040  14.215717    31.9359    31.9342 0.0000e+00
     36.000    -1.2732    -1.2728   2.573946   2.573914    420.407    412.038     0.1692     0.6107     0.2227    396.603   78.83288  -11.50040  14.164840    31.9467    31.9459 0.0000e+00
     37.000    -1.2877    -1.2866   2.573355   2.573318    418.734    411.306     0.1695     0.6272     0.2252    397.654   78.83288  -11.50040  14.033774    31.9536    31.9519 0.0000e+00
     38.000    -1.3212    -1.3197   2.571643   2.571598    418.172    411.088     0.1698     0.6037     0.2267    398.690   78.83288  -11.50040  13.769198    31.9654    31.9632 0.0000e+00
     39.000    -1.3404    -1.3400   2.570924   2.570886    417.644    410.240     0.1701     0.5590     0.2223    399.725   78.83288  -11.50040  13.760911    31.9756    31.9747 0.0000e+00
     40.000    -1.3518    -1.3507   2.570491   2.570447    416.310    409.067     0.1703     0.5416     0.2218    400.755   78.83288  -11.50040  13.609414    31.9813    31.9795 0.0000e+00
     41.000    -1.4210    -1.4189   2.566044   2.565918    415.792    408.545     0.1705     0.5450     0.2208    401.774   78.83288  -11.50040  13.606236    31.9941    31.9900 0.0000e+00
     42.000    -1.4897    -1.4886   2.561722   2.561699    414.093    406.600     0.1707     0.5358     0.2170    402.800   78.83288  -11.50040  14.342151    32.0079    32.0064 0.0000e+00
     43.000    -1.5119    -1.5107   2.560935   2.560903    410.317    403.970     0.1709     0.5229     0.2183    403.826   78.83288  -11.50040  14.478845    32.0204    32.0187 0.0000e+00
     44.000    -1.5349    -1.5343   2.560001   2.559967    410.872    402.844     0.1711     0.5102     0.2201    404.862   78.83288  -11.50040  14.959771    32.0317    32.0306 0.0000e+00
     45.000    -1.5616    -1.5612   2.559208   2.559206    413.098    401.839     0.1712     0.4703     0.2206    405.907   78.83288  -11.50040  15.545443    32.0490    32.0485 0.0000e+00
     46.000    -1.5377    -1.5401   2.562327   2.562220    411.591    399.989     0.1713     0.4252     0.2177    406.953   78.83288  -11.50040  15.845819    32.0655    32.0666 0.0000e+00
     47.000    -1.5333    -1.5331   2.563190   2.563152    410.121    398.867     0.1714     0.3448     0.2139    407.999   78.83288  -11.50041  15.881957    32.0720    32.0713 0.0000e+00
     48.000    -1.5343    -1.5351   2.563429   2.563341    407.949    396.672     0.1715     0.2600     0.2055    409.033   78.83288  -11.50042  15.791684    32.0758    32.0754 0.0000e+00
     49.000    -1.5359    -1.5360   2.563712   2.563658    402.976    393.588     0.1716     0.2424     0.1944    410.067   78.83288  -11.50042  15.464006    32.0808    32.0802 0.0000e+00
     50.000    -1.5459    -1.5451   2.563352   2.563380    398.735    391.866     0.1716     0.2227     0.1878    411.102   78.83288  -11.50042  16.097596    32.0860    32.0856 0.0000e+00
     51.000    -1.5502    -1.5498   2.563786   2.563772    396.564    390.980     0.1716     0.2143     0.1817    412.133   78.83288  -11.50042  15.374733    32.0960    32.0954 0.0000e+00
     52.000    -1.5609    -1.5606   2.563809   2.563792    396.368    390.584     0.1717     0.1935     0.1797    413.170   78.83288  -11.50042  15.999247    32.1072    32.1067 0.0000e+00
     53.000    -1.5707    -1.5702   2.563817   2.563797    397.088    390.262     0.1717     0.1654     0.1779    414.209   78.83288  -11.50042  16.106523    32.1174    32.1165 0.0000e+00
     54.000    -1.5887    -1.5882   2.563115   2.563093    397.381    390.169     0.1717     0.1474     0.1763    415.253   78.83288  -11.50042  16.147658    32.1265    32.1257 0.0000e+00
     55.000    -1.5969    -1.5967   2.563877   2.563863    396.833    389.425     0.1717     0.1511     0.1742    416.294   78.83288  -11.50042  16.148812    32.1453    32.1448 0.0000e+00
     56.000    -1.6001    -1.5998   2.564439   2.564412    396.198    388.652     0.1717     0.1224     0.1726    417.323   78.83288  -11.50042  16.447331    32.1559    32.1553 0.0000e+00
     57.000    -1.6106    -1.6103   2.563895   2.563875    396.883    388.133     0.1718     0.1047     0.1698    418.360   78.83288  -11.50042  16.596880    32.1592    32.1586 0.0000e+00
     58.000    -1.6119    -1.6121   2.564681   2.564670    396.197    387.530     0.1718     0.1113     0.1697    419.389   78.83288  -11.50042  16.195236    32.1708    32.1708 0.0000e+00
     59.000    -1.6160    -1.6156   2.565698   2.565675    395.329    387.284     0.1718     0.1096     0.1679    420.422   78.83288  -11.50042  15.987269    32.1886    32.1879 0.0000e+00
     60.000    -1.6240    -1.6240   2.565821   2.565808    394.958    386.870     0.1719     0.0967     0.1673    421.457   78.83288  -11.50042  16.266903    32.1985    32.1982 0.0000e+00
     61.000    -1.6265    -1.6262   2.566493   2.566516    394.409    386.304     0.1719     0.0868     0.1667    422.496   78.83288  -11.50042  16.694190    32.2098    32.2098 0.0000e+00
     62.000    -1.6310    -1.6311   2.566890   2.566855    393.500    385.699     0.1720     0.0829     0.1684    423.537   78.83288  -11.50042  16.115386    32.2196    32.2191 0.0000e+00
     63.000    -1.6331    -1.6330   2.567727   2.567705    392.750    385.207     0.1721     0.0829     0.1660    424.577   78.83288  -11.50042  16.492898    32.2328    32.2324 0.0000e+00
     64.000    -1.6357    -1.6356   2.568196   2.568187    392.023    384.952     0.1722     0.0829     0.1648    425.629   78.83288  -11.50042  16.374230    32.2414    32.2412 0.0000e+00
     65.000    -1.6380    -1.6380   2.569600   2.569615    391.474    384.416     0.1723     0.0829     0.1648    426.678   78.83288  -11.50042  16.205929    32.2627    32.2629 0.0000e+00
     66.000    -1.6403    -1.6402   2.570625   2.570613    390.742    384.337     0.1724     0.0808     0.1648    427.718   78.83288  -11.50042  16.295945    32.2788    32.2784 0.0000e+00
     67.000    -1.6400    -1.6401   2.572042   2.572047    390.771    383.893     0.1725     0.0706     0.1653    428.759   78.83288  -11.50042  16.533083    32.2974    32.2976 0.0000e+00
     68.000    -1.6373    -1.6373   2.573231   2.573221    390.663    383.597     0.1727     0.0546     0.1656    429.788   78.83288  -11.50042  16.703646    32.3102    32.3101 0.0000e+00
     69.000    -1.6362    -1.6363   2.574023   2.573999    390.436    382.807     0.1728     0.0623     0.1652    430.823   78.83288  -11.50042  16.605215    32.3194    32.3191 0.0000e+00
     70.000    -1.6350    -1.6350   2.574919   2.574903    390.004    382.281     0.1730     0.0738     0.1650    431.855   78.83288  -11.50042  16.779481    32.3299    32.3296 0.0000e+00
     71.000    -1.6337    -1.6339   2.575738   2.575716    388.824    381.655     0.1731     0.0619     0.1648    432.882   78.83288  -11.50042  17.125376    32.3391    32.3389 0.0000e+00
     72.000    -1.6309    -1.6310   2.576797   2.576798    388.178    381.298     0.1733     0.0671     0.1648    433.916   78.83288  -11.50042  16.946907    32.3500    32.3502 0.0000e+00
     73.000    -1.6236    -1.6238   2.579181   2.579163    387.665    380.697     0.1735     0.0616     0.1649    434.957   78.83288  -11.50042  16.953147    32.3744    32.3743 0.0000e+00
     74.000    -1.6189    -1.6190   2.580563   2.580542    387.319    380.773     0.1736     0.0609     0.1644    436.001   78.83288  -11.50042  17.005791    32.3877    32.3876 0.0000e+00
     75.000    -1.6160    -1.6161   2.581566   2.581557    386.806    380.568     0.1738     0.0598     0.1648    437.049   78.83288  -11.50042  17.238223    32.3978    32.3977 0.0000e+00
     76.000    -1.6110    -1.6112   2.583190   2.583166    385.875    380.113     0.1739     0.0489     0.1643    438.078   78.83288  -11.50042  17.272380    32.4141    32.4140 0.0000e+00
     77.000    -1.6067    -1.6070   2.585711   2.585635    385.241    379.616     0.1740     0.0453     0.1650    439.127   78.83288  -11.50042  17.033532    32.4436    32.4428 0.0000e+00
     78.000    -1.5963    -1.5965   2.588267   2.588285    384.527    379.100     0.1741     0.0455     0.1655    440.178   78.83288  -11.50042  17.041746    32.4669    32.4673 0.0000e+00
     79.000    -1.5917    -1.5917   2.589537   2.589515    384.208    378.400     0.1742     0.0545     0.1641    441.220   78.83288  -11.50042  17.059830    32.4788    32.4784 0.0000e+00
     80.000    -1.5914    -1.5914   2.590026   2.589992    383.713    377.954     0.1743     0.0563     0.1650    442.259   78.83288  -11.50044  17.042221    32.4845    32.4841 0.0000e+00
     81.000    -1.5907    -1.5907   2.591660   2.591712    382.850    377.135     0.1743     0.0568     0.1650    443.283   78.83288  -11.50044  17.408516    32.5057    32.5064 0.0000e+00
     82.000    -1.5927    -1.5924   2.592971   2.592919    382.195    376.348     0.1744     0.0502     0.1655    444.308   78.83288  -11.50044  17.329841    32.5254    32.5243 0.0000e+00
     83.000    -1.5908    -1.5911   2.594478   2.594424    381.714    375.858     0.1744     0.0391     0.1650    445.330   78.83288  -11.50044  17.464525    32.5435    32.5431 0.0000e+00
     84.000    -1.5812    -1.5816   2.597623   2.597620    380.621    375.107     0.1744     0.0464     0.1651    446.352   78.83288  -11.50044  17.493628    32.5757    32.5761 0.0000e+00
     85.000    -1.5628    -1.5634   2.603355   2.603342    380.197    374.488     0.1744     0.0582     0.1652    447.381   78.83288  -11.50044  17.524572    32.6340    32.6344 0.0000e+00
