test_project/cnv_files/sta0201_bin.cnv
* Sea-Bird SBE 9 Data File:
* FileName = C:\Seabird\CTDDATA\Sta0201.hex
* Software Version Seasave V 7.26.7.107
* Temperature SN = 03-4535
* Conductivity SN = 2860
* Number of Bytes Per Scan = 44
* Number of Voltage Words = 5
* Number of Scans Averaged by the Deck Unit = 1
* NMEA Latitude = 78 50.00 N
* NMEA Longitude = 004 30.03 W
* NMEA UTC (Time) = Sep 03 2019 11:55:51
* NMEA baud rate = 9600
** Ship: "Kronprins Haakon"
** Station: 201
** Echodepth: 1473
** Log: 5773.778
** Wind-Dir Force(m/s): 02 31
** Air-temp (dry): -2.0
** Weather Sky: 7 8
** Sea Ice: 4 1
# nquan = 16
# nvalues = 1473                        
# units = specified
# name 0 = prDM: Pressure, Digiquartz [db]
# name 1 = t090C: Temperature [ITS-90, deg C]
# name 2 = t190C: Temperature, 2 [ITS-90, deg C]
# name 3 = c0S/m: Conductivity [S/m]
# name 4 = c1S/m: Conductivity, 2 [S/m]
# name 5 = sbox0Mm/Kg: Oxygen, SBE 43 [umol/kg]
# name 6 = sbox1Mm/Kg: Oxygen, SBE 43, 2 [umol/kg]
# name 7 = wetCDOM: Fluorescence, WET Labs CDOM [mg/m^3]
# name 8 = flECO-AFL: Fluorescence, WET Labs ECO-AFL/FL [mg/m^3]
# name 9 = CStarAt0: Beam Attenuation, WET Labs C-Star [1/m]
# name 10 = timeS: Time, Elapsed [seconds]
# name 11 = latitude: Latitude [deg]
# name 12 = longitude: Longitude [deg]
# name 13 = sal00: Salinity, Practical [PSU]
# name 14 = sal11: Salinity, Practical, 2 [PSU]
# name 15 = flag: flag
# span 0 =      2.000,   1474.000       
# span 1 =    -1.6297,     3.3842       
# span 2 =    -1.6235,     3.3829       
# span 3 =   2.478326,   3.206529       
# span 4 =   2.478169,   3.206156       
# span 5 =    290.965,    413.500       
# span 6 =    306.173,    406.837       
# span 7 =     0.1047,     0.1731       
# span 8 =    -0.0045,     0.8071       
# span 9 =     0.1063,     0.3879       
# span 10 =    189.821,   1683.529      
# span 11 =   78.83332,   78.83334      
# span 12 =   -4.50066,   -4.50048      
# span 13 =    30.6811,    34.9909      
# span 14 =    30.6802,    34.9905      
# span 15 = 0.0000e+00, 0.0000e+00      
# interval = decibars: 1                
# start_time = Sep 03 2019 11:55:51 [NMEA time, header]
# bad_flag = -9.990e-29
*END*
[from data line 1447]
   1449.000    -0.3210    -0.3207   2.933917   2.933953    315.798    310.814     0.1194     0.0034     0.1101   1656.719   78.83332   -4.50060    34.9130    34.9132 0.0000e+00
   1450.000    -0.3212    -0.3209   2.933947   2.933983    316.029    310.848     0.1193     0.0094     0.1100   1657.733   78.83332   -4.50060    34.9131    34.9132 0.0000e+00
   1451.000    -0.3212    -0.3210   2.933983   2.934016    315.807    310.653     0.1191     0.0094     0.1100   1658.747   78.83332   -4.50059    34.9130    34.9132 0.0000e+00
   1452.000    -0.3215    -0.3212   2.934003   2.934045    315.931    310.642     0.1185     0.0096     0.1101   1659.759   78.83332   -4.50058    34.9130    34.9132 0.0000e+00
   1453.000    -0.3224    -0.3222   2.933974   2.934014    315.729    310.863     0.1177     0.0082     0.1103   1660.770   78.83332   -4.50058    34.9131    34.9134 0.0000e+00
   1454.000    -0.3228    -0.3226   2.933984   2.934022    315.603    310.603     0.1167     0.0005     0.1110   1661.776   78.83332   -4.50058    34.9132    34.9134 0.0000e+00
   1455.000    -0.3231    -0.3229   2.934002   2.934046    315.724    310.723     0.1157     0.0085     0.1106   1662.767   78.83332   -4.50058    34.9132    34.9135 0.0000e+00
   1456.000    -0.3236    -0.3233   2.934008   2.934050    315.293    310.932     0.1148     0.0095     0.1103   1663.758   78.83332   -4.50058    34.9132    34.9135 0.0000e+00
   1457.000    -0.3239    -0.3238   2.934015   2.934056    315.508    310.718     0.1142     0.0093     0.1101   1664.758   78.83332   -4.50058    34.9131    34.9135 0.0000e+00
   1458.000    -0.3257    -0.3252   2.933918   2.933964    316.004    310.249     0.1142     0.0090     0.1101   1665.767   78.83332   -4.50058    34.9133    34.9134 0.0000e+00
   1459.000    -0.3282    -0.3280   2.933745   2.933785    315.885    310.403     0.1147     0.0096     0.1102   1666.782   78.83332   -4.50058    34.9133    34.9136 0.0000e+00
   1460.000    -0.3286    -0.3284   2.933758   2.933793    315.302    310.357     0.1157     0.0037     0.1099   1667.795   78.83332   -4.50058    34.9134    34.9136 0.0000e+00
   1461.000    -0.3288    -0.3285   2.933778   2.933822    315.384    310.517     0.1172     0.0046     0.1101   1668.818   78.83332   -4.50058    34.9133    34.9136 0.0000e+00
   1462.000    -0.3291    -0.3288   2.933806   2.933846    315.825    310.314     0.1190     0.0090     0.1106   1669.849   78.83332   -4.50058    34.9134    34.9136 0.0000e+00
   1463.000    -0.3295    -0.3292   2.933805   2.933844    316.100    310.588     0.1209     0.0055     0.1109   1670.872   78.83332   -4.50058    34.9133    34.9135 0.0000e+00
   1464.000    -0.3295    -0.3293   2.933853   2.933884    315.582    310.624     0.1226     0.0003     0.1120   1671.884   78.83332   -4.50058    34.9135    34.9136 0.0000e+00
   1465.000    -0.3301    -0.3299   2.933843   2.933875    315.158    310.141     0.1239     0.0002     0.1117   1672.881   78.83332   -4.50058    34.9134    34.9135 0.0000e+00
   1466.000    -0.3304    -0.3301   2.933861   2.933895    315.521    310.213     0.1247    -0.0011     0.1120   1673.882   78.83332   -4.50058    34.9134    34.9135 0.0000e+00
   1467.000    -0.3305    -0.3302   2.933897   2.933937    315.559    310.396     0.1251     0.0007     0.1123   1674.910   78.83332   -4.50058    34.9134    34.9136 0.0000e+00
   1468.000    -0.3305    -0.3302   2.933935   2.933976    315.913    310.494     0.1250     0.0077     0.1129   1675.947   78.83332   -4.50058    34.9134    34.9136 0.0000e+00
   1469.000    -0.3305    -0.3303   2.933977   2.934015    315.755    310.474     0.1247     0.0012     0.1133   1676.985   78.83332   -4.50058    34.9134    34.9136 0.0000e+00
   1470.000    -0.3306    -0.3303   2.934016   2.934050    315.292    310.339     0.1240     0.0082     0.1132   1678.059   78.83332   -4.50056    34.9134    34.9136 0.0000e+00
   1471.000    -0.3305    -0.3302   2.934065   2.934105    315.529    310.165     0.1232     0.0010     0.1137   1679.190   78.83332   -4.50056    34.9134    34.9136 0.0000e+00
   1472.000    -0.3307    -0.3303   2.934086   2.934134    315.205    310.543     0.1226     0.0000     0.1137   1680.387   78.83332   -4.50056    34.9133    34.9135 0.0000e+00
   1473.000    -0.3305    -0.3302   2.934141   2.934183    314.865    310.538     0.1220     0.0045     0.1144   1681.780   78.83332   -4.50058    34.9134    34.9135 0.0000e+00
   1474.000    -0.3306    -0.3305   2.934173   2.934208    315.340    310.506     0.1213     0.0035     0.1141   1683.529   78.83332   -4.50060    34.9133    34.9136 0.0000e+00
