test_project/cnv_files/Sta0210_bin.cnv
* Sea-Bird SBE 9 Data File:
* FileName = C:\Seabird\CTDDATA\Sta0210.hex
* Software Version Seasave V 7.26.7.107
* Temperature SN = 03-4535
* Conductivity SN = 2860
* Number of Bytes Per Scan = 44
* Number of Voltage Words = 5
* Number of Scans Averaged by the Deck Unit = 1
* NMEA Latitude = 78 49.82 N
* NMEA Longitude = 009 00.87 W
* NMEA UTC (Time) = Sep 05 2019 15:05:36
* NMEA baud rate = 9600
** Ship: "Kronprins Haakon"
** Station: 0210
** Echodepth: 209
** Log: 5920.69
** Wind-Dir Force(m/s): 21 05
** Air-temp (dry): -0.7
** Weather Sky: 0 2
** Sea Ice: 0 5
# nquan = 17
# nvalues = 193                         
# units = specified
# name 0 = prDM: Pressure, Digiquartz [db]
# name 1 = t090C: Temperature [ITS-90, deg C]
# name 2 = t190C: Temperature, 2 [ITS-90, deg C]
# name 3 = c0S/m: Conductivity [S/m]
# name 4 = c1S/m: Conductivity, 2 [S/m]
# name 5 = sbox0Mm/Kg: Oxygen, SBE 43 [umol/kg]
# name 6 = sbox1Mm/Kg: Oxygen, SBE 43, 2 [umol/kg]
# name 7 = wetCDOM: Fluorescence, WET Labs CDOM [mg/m^3]
# name 8 = flECO-AFL: Fluorescence, WET Labs ECO-AFL/FL [mg/m^3]
# name 9 = CStarAt0: Beam Attenuation, WET Labs C-Star [1/m]
# name 10 = timeS: Time, Elapsed [seconds]
# name 11 = latitude: Latitude [deg]
# name 12 = longitude: Longitude [deg]
# name 13 = upoly0: Upoly 0, ISUS
# name 14 = sal00: Salinity, Practical [PSU]
# name 15 = sal11: Salinity, Practical, 2 [PSU]
# name 16 = flag: flag
# span 0 =      3.000,    195.000       
# span 1 =    -1.5598,     1.3988       
# span 2 =    -1.5596,     1.4141       
# span 3 =   2.454045,   3.019786       
# span 4 =   2.453675,   3.021407       
# span 5 =    311.272,    415.676       
# span 6 =    307.820,    419.708       
# span 7 =     0.1136,     0.1570       
# span 8 =     0.0076,     1.1119       
# span 9 =     0.1453,     0.3676       
# span 10 =    569.245,    907.876      
# span 11 =   78.82990,   78.83035      
# span 12 =   -9.02301,   -9.01980      
# span 13 =  10.394164,  23.571808      
# span 14 =    30.5536,    34.8189      
# span 15 =    30.5553,    34.8226      
# span 16 = 0.0000e+00, 0.0000e+00      
# interval = decibars: 1                
# start_time = Sep 05 2019 15:05:36 [NMEA time, header]
# bad_flag = -9.990e-29
*END*
[from data line 86]
     89.000    -0.0240    -0.0247   2.860631   2.860525    332.047    326.287     0.1300     0.0473     0.1595    674.302   78.82994   -9.02090  19.830570    34.4012    34.4006 0.0000e+00
     90.000    -0.0066    -0.0115   2.862792   2.862370    330.881    325.254     0.1302     0.0528     0.1584    675.315   78.82994   -9.02090  20.277083    34.4096    34.4095 0.0000e+00
     91.000     0.0461     0.0437   2.868369   2.868162    328.594    323.657     0.1303     0.0653     0.1565    676.324   78.82994   -9.02092  20.162468    34.4237    34.4236 0.0000e+00
     92.000     0.0977     0.0956   2.874605   2.874462    327.389    323.024     0.1304     0.0626     0.1553    677.333   78.82994   -9.02092  20.514980    34.4476    34.4481 0.0000e+00
     93.000     0.1184     0.1183   2.877178   2.877110    326.970    322.610     0.1305     0.0506     0.1550    678.339   78.82994   -9.02092  20.441725    34.4578    34.4570 0.0000e+00
     94.000     0.1310     0.1301   2.878849   2.878732    325.408    321.731     0.1306     0.0417     0.1545    679.348   78.82994   -9.02094  21.024716    34.4651    34.4646 0.0000e+00
     95.000     0.1517     0.1508   2.881448   2.881308    322.306    319.734     0.1306     0.0390     0.1535    680.362   78.82994   -9.02094  21.039898    34.4755    34.4747 0.0000e+00
     96.000     0.1545     0.1547   2.881799   2.881739    320.499    318.208     0.1307     0.0387     0.1532    681.373   78.82994   -9.02096  20.913497    34.4764    34.4754 0.0000e+00
     97.000     0.1585     0.1584   2.882227   2.882177    320.166    316.921     0.1307     0.0414     0.1521    682.384   78.82994   -9.02096  21.201248    34.4770    34.4764 0.0000e+00
     98.000     0.1688     0.1684   2.883445   2.883349    319.304    315.628     0.1307     0.0457     0.1516    683.391   78.82994   -9.02098  21.546364    34.4809    34.4801 0.0000e+00
     99.000     0.1743     0.1742   2.884105   2.884044    319.272    315.394     0.1307     0.0440     0.1498    684.398   78.82994   -9.02098  21.311010    34.4828    34.4821 0.0000e+00
    100.000     0.1831     0.1822   2.885088   2.884965    319.849    315.351     0.1306     0.0377     0.1486    685.416   78.82994   -9.02100  21.932993    34.4854    34.4847 0.0000e+00
    101.000     0.1982     0.1972   2.886687   2.886561    319.768    314.900     0.1306     0.0344     0.1487    686.428   78.82994   -9.02100  21.199473    34.4889    34.4884 0.0000e+00
    102.000     0.2282     0.2255   2.889856   2.889650    319.961    314.936     0.1306     0.0570     0.1477    687.435   78.82994   -9.02100  20.746143    34.4963    34.4967 0.0000e+00
    103.000     0.2766     0.2734   2.895207   2.894959    320.156    314.761     0.1305     0.0280     0.1482    688.439   78.82994   -9.02102  20.999276    34.5119    34.5121 0.0000e+00
    104.000     0.3240     0.3225   2.900229   2.900098    320.836    314.545     0.1305     0.0290     0.1467    689.449   78.82994   -9.02102  21.546902    34.5241    34.5241 0.0000e+00
    105.000     0.3409     0.3410   2.902059   2.901998    321.128    314.920     0.1304     0.0307     0.1471    690.470   78.82994   -9.02104  21.770891    34.5285    34.5276 0.0000e+00
    106.000     0.3530     0.3525   2.903345   2.903259    319.723    314.233     0.1303     0.0260     0.1469    691.480   78.82996   -9.02104  21.735480    34.5313    34.5307 0.0000e+00
    107.000     0.3670     0.3666   2.904833   2.904753    317.482    313.353     0.1302     0.0277     0.1470    692.486   78.82996   -9.02104  22.533417    34.5345    34.5339 0.0000e+00
    108.000     0.3832     0.3828   2.906546   2.906461    315.956    312.968     0.1301     0.0312     0.1466    693.477   78.82996   -9.02106  21.617933    34.5382    34.5376 0.0000e+00
    109.000     0.4024     0.4020   2.908562   2.908483    316.218    312.650     0.1300     0.0375     0.1465    694.478   78.82996   -9.02106  21.586776    34.5426    34.5420 0.0000e+00
    110.000     0.4369     0.4361   2.912197   2.912180    316.568    312.389     0.1299     0.0371     0.1460    695.490   78.82996   -9.02108  21.416562    34.5509    34.5516 0.0000e+00
    111.000     0.4725     0.4703   2.915958   2.915670    317.264    312.053     0.1297     0.0261     0.1453    696.497   78.82996   -9.02108  21.514935    34.5597    34.5585 0.0000e+00
    112.000     0.4808     0.4808   2.916888   2.916803    317.788    312.577     0.1295     0.0305     0.1461    697.500   78.82996   -9.02108  21.559603    34.5620    34.5609 0.0000e+00
    113.000     0.4913     0.4908   2.918028   2.917925    317.185    312.356     0.1293     0.0293     0.1459    698.502   78.82996   -9.02110  21.649869    34.5646    34.5638 0.0000e+00
    114.000     0.5147     0.5137   2.920487   2.920373    315.644    312.118     0.1291     0.0242     0.1454    699.513   78.82996   -9.02110  22.165412    34.5699    34.5696 0.0000e+00
    115.000     0.5342     0.5342   2.922556   2.922502    315.630    312.069     0.1289     0.0237     0.1454    700.525   78.82996   -9.02112  22.127808    34.5745    34.5738 0.0000e+00
    116.000     0.6070     0.6005   2.930199   2.929845    315.810    311.621     0.1287     0.0239     0.1457    701.531   78.82996   -9.02112  22.281337    34.5922    34.5948 0.0000e+00
    117.000     0.7008     0.6991   2.940041   2.939844    315.835    311.149     0.1285     0.0167     0.1463    702.538   78.82996   -9.02113  22.159689    34.6150    34.6143 0.0000e+00
    118.000     0.7296     0.7290   2.943202   2.943105    317.846    312.149     0.1283     0.0274     0.1465    703.546   78.82996   -9.02114  22.027527    34.6233    34.6227 0.0000e+00
    119.000     0.7466     0.7466   2.945046   2.945003    316.849    311.897     0.1281     0.0259     0.1467    704.553   78.82997   -9.02114  22.152114    34.6276    34.6271 0.0000e+00
    120.000     0.7635     0.7636   2.946855   2.946791    313.147    311.188     0.1278     0.0240     0.1469    705.557   78.82998   -9.02115  22.191859    34.6317    34.6307 0.0000e+00
    121.000     0.7710     0.7713   2.947688   2.947623    311.272    310.907     0.1276     0.0198     0.1466    706.556   78.82998   -9.02116  21.557681    34.6335    34.6323 0.0000e+00
    122.000     0.7747     0.7739   2.948098   2.947924    311.619    310.756     0.1274     0.0166     0.1466    707.555   78.82998   -9.02117  21.565493    34.6341    34.6327 0.0000e+00
    123.000     0.7800     0.7804   2.948676   2.948622    312.427    310.702     0.1271     0.0183     0.1476    708.560   78.82998   -9.02118  21.845932    34.6352    34.6339 0.0000e+00
    124.000     0.7927     0.7921   2.950035   2.949944    313.167    310.427     0.1269     0.0231     0.1494    709.564   78.82998   -9.02118  22.419329    34.6380    34.6375 0.0000e+00
    125.000     0.8279     0.8271   2.953769   2.953682    314.261    309.914     0.1266     0.0254     0.1496    710.570   78.82998   -9.02119  22.135233    34.6465    34.6462 0.0000e+00
    126.000     0.8471     0.8468   2.955857   2.955773    315.129    310.402     0.1263     0.0297     0.1495    711.565   78.82998   -9.02120  22.189554    34.6516    34.6508 0.0000e+00
    127.000     0.8600     0.8593   2.957280   2.957099    316.045    310.493     0.1260     0.0243     0.1496    712.563   78.82998   -9.02121  22.146653    34.6550    34.6535 0.0000e+00
    128.000     0.8638     0.8634   2.957716   2.957601    315.842    310.347     0.1257     0.0236     0.1504    713.570   78.82998   -9.02122  21.604225    34.6559    34.6547 0.0000e+00
    129.000     0.8684     0.8676   2.958262   2.958064    315.169    310.392     0.1254     0.0235     0.1512    714.572   78.82998   -9.02122  21.596837    34.6571    34.6555 0.0000e+00
    130.000     0.8700     0.8700   2.958469   2.958362    314.500    310.244     0.1250     0.0297     0.1508    715.572   78.82998   -9.02123  22.063520    34.6574    34.6561 0.0000e+00
    131.000     0.8705     0.8706   2.958546   2.958474    314.305    310.408     0.1247     0.0257     0.1513    716.573   78.82998   -9.02124  22.213781    34.6574    34.6562 0.0000e+00
    132.000     0.8815     0.8813   2.959757   2.959695    314.048    310.386     0.1244     0.0241     0.1514    717.580   78.82998   -9.02124  22.274152    34.6601    34.6595 0.0000e+00
    133.000     0.9420     0.9385   2.966184   2.965917    314.552    309.798     0.1240     0.0285     0.1519    718.595   78.82998   -9.02125  22.124827    34.6752    34.6757 0.0000e+00
    134.000     0.9709     0.9702   2.969344   2.969172    315.682    310.164     0.1237     0.0276     0.1526    719.608   78.82998   -9.02126  22.003730    34.6832    34.6818 0.0000e+00
    135.000     0.9748     0.9747   2.969831   2.969721    316.933    310.667     0.1234     0.0237     0.1529    720.614   78.82998   -9.02127  22.018492    34.6846    34.6833 0.0000e+00
    136.000     0.9773     0.9793   2.970157   2.970281    315.312    310.326     0.1231     0.0265     0.1532    721.620   78.82998   -9.02128  22.124263    34.6853    34.6848 0.0000e+00
    137.000     0.9836     0.9838   2.970859   2.970773    313.097    310.191     0.1228     0.0291     0.1537    722.629   78.82998   -9.02128  22.533830    34.6869    34.6855 0.0000e+00
    138.000     0.9896     0.9886   2.971555   2.971375    312.635    310.019     0.1225     0.0249     0.1541    723.641   78.82998   -9.02129  22.705639    34.6885    34.6873 0.0000e+00
    139.000     1.0006     1.0007   2.972777   2.972705    313.521    310.005     0.1222     0.0292     0.1553    724.648   78.82998   -9.02130  22.657017    34.6915    34.6905 0.0000e+00
    140.000     1.0211     1.0201   2.975095   2.974972    314.422    310.159     0.1219     0.0243     0.1560    725.646   78.82998   -9.02130  22.083547    34.6979    34.6974 0.0000e+00
    141.000     1.0333     1.0334   2.976573   2.976549    315.190    310.239     0.1217     0.0238     0.1566    726.645   78.82998   -9.02131  21.781135    34.7028    34.7023 0.0000e+00
    142.000     1.0457     1.0452   2.978064   2.977967    315.641    309.951     0.1214     0.0172     0.1566    727.647   78.82999   -9.02132  21.883096    34.7077    34.7069 0.0000e+00
    143.000     1.0648     1.0644   2.980271   2.980139    314.630    309.680     0.1212     0.0285     0.1570    728.656   78.83000   -9.02132  22.326199    34.7141    34.7130 0.0000e+00
    144.000     1.0658     1.0672   2.980429   2.980471    314.384    309.643     0.1209     0.0200     0.1577    729.664   78.83000   -9.02133  22.847973    34.7145    34.7135 0.0000e+00
    145.000     1.0646     1.0638   2.980347   2.980157    314.391    309.728     0.1207     0.0214     0.1598    730.671   78.83000   -9.02134  22.574083    34.7142    34.7126 0.0000e+00
    146.000     1.0684     1.0687   2.980787   2.980730    313.659    309.541     0.1205     0.0149     0.1619    731.681   78.83000   -9.02134  22.273254    34.7151    34.7140 0.0000e+00
    147.000     1.0701     1.0728   2.981010   2.981185    313.852    309.188     0.1203     0.0096     0.1626    732.692   78.83000   -9.02135  22.260183    34.7155    34.7147 0.0000e+00
    148.000     1.0800     1.0758   2.982092   2.981588    314.101    308.826     0.1201     0.0161     0.1640    733.709   78.83000   -9.02136  22.573418    34.7178    34.7160 0.0000e+00
    149.000     1.1069     1.0999   2.984992   2.984207    313.886    308.677     0.1199     0.0239     0.1654    734.717   78.83000   -9.02136  22.166245    34.7246    34.7222 0.0000e+00
    150.000     1.1187     1.1172   2.986316   2.986125    314.384    308.962     0.1197     0.0215     0.1659    735.725   78.83000   -9.02137  22.299832    34.7278    34.7271 0.0000e+00
    151.000     1.1297     1.1299   2.987543   2.987492    314.796    308.902     0.1196     0.0166     0.1670    736.737   78.83000   -9.02138  22.748558    34.7308    34.7299 0.0000e+00
    152.000     1.1392     1.1409   2.988582   2.988721    314.246    308.786     0.1194     0.0168     0.1674    737.756   78.83000   -9.02138  22.484610    34.7330    34.7329 0.0000e+00
    153.000     1.1629     1.1625   2.991146   2.991061    313.483    308.664     0.1193     0.0170     0.1671    738.771   78.83000   -9.02139  22.946300    34.7390    34.7384 0.0000e+00
    154.000     1.1746     1.1742   2.992437   2.992322    313.622    308.866     0.1191     0.0162     0.1681    739.779   78.83000   -9.02140  23.149950    34.7420    34.7410 0.0000e+00
    155.000     1.1852     1.1840   2.993683   2.993498    313.894    309.247     0.1190     0.0170     0.1694    740.793   78.83000   -9.02140  22.351868    34.7456    34.7445 0.0000e+00
    156.000     1.1951     1.1943   2.994823   2.994661    313.927    309.098     0.1189     0.0171     0.1704    741.807   78.83000   -9.02141  22.949297    34.7487    34.7474 0.0000e+00
    157.000     1.2120     1.2104   2.996745   2.996531    313.867    309.167     0.1188     0.0226     0.1711    742.827   78.83000   -9.02142  22.831814    34.7539    34.7529 0.0000e+00
    158.000     1.2248     1.2228   2.998539   2.998255    313.407    309.146     0.1187     0.0183     0.1714    743.842   78.83000   -9.02143  22.462435    34.7620    34.7607 0.0000e+00
    159.000     1.2379     1.2351   3.000111   2.999716    313.707    309.146     0.1186     0.0115     0.1725    744.856   78.83000   -9.02144  22.356295    34.7671    34.7652 0.0000e+00
    160.000     1.2563     1.2550   3.002329   3.002123    313.737    308.688     0.1186     0.0096     0.1740    745.873   78.83001   -9.02144  22.408924    34.7745    34.7733 0.0000e+00
    161.000     1.2626     1.2629   3.003163   3.003123    313.701    308.583     0.1185     0.0136     0.1763    746.899   78.83002   -9.02145  22.603131    34.7776    34.7767 0.0000e+00
    162.000     1.2741     1.2726   3.004524   3.004308    313.440    308.138     0.1184     0.0167     0.1784    747.914   78.83002   -9.02146  22.994051    34.7817    34.7805 0.0000e+00
    163.000     1.2869     1.2870   3.006092   3.006000    313.101    308.004     0.1183     0.0170     0.1816    748.928   78.83002   -9.02146  23.087666    34.7868    34.7855 0.0000e+00
    164.000     1.2875     1.2872   3.006366   3.006247    313.445    308.446     0.1182     0.0170     0.1882    749.939   78.83002   -9.02147  22.845273    34.7891    34.7880 0.0000e+00
    165.000     1.2910     1.2908   3.006784   3.006693    313.416    308.401     0.1181     0.0146     0.1947    750.956   78.83002   -9.02148  22.858003    34.7899    34.7890 0.0000e+00
    166.000     1.3022     1.3007   3.007935   3.007704    312.975    308.340     0.1178     0.0130     0.2012    751.977   78.83002   -9.02148  22.750488    34.7917    34.7904 0.0000e+00
    167.000     1.3031     1.3032   3.008088   3.008003    313.061    308.040     0.1173     0.0230     0.2074    752.993   78.83002   -9.02149  22.696879    34.7921    34.7909 0.0000e+00
    168.000     1.3034     1.3036   3.008173   3.008094    313.579    308.217     0.1166     0.0172     0.2107    754.004   78.83002   -9.02150  22.774975    34.7923    34.7910 0.0000e+00
    169.000     1.3040     1.3040   3.008282   3.008192    313.371    308.307     0.1159     0.0170     0.2173    755.018   78.83002   -9.02151  22.315357    34.7924    34.7912 0.0000e+00
    170.000     1.3043     1.3045   3.008354   3.008297    313.480    308.327     0.1151     0.0173     0.2219    756.041   78.83004   -9.02152  23.051363    34.7924    34.7914 0.0000e+00
    171.000     1.3033     1.3044   3.008311   3.008323    313.443    308.385     0.1146     0.0234     0.2257    757.066   78.83004   -9.02152  22.675088    34.7923    34.7913 0.0000e+00
    172.000     1.3029     1.3024   3.008307   3.008154    313.469    308.445     0.1144     0.0242     0.2284    758.083   78.83004   -9.02154  22.645104    34.7922    34.7908 0.0000e+00
