test_project/cnv_files/Sta0231_bin.cnv
* Sea-Bird SBE 9 Data File:
* FileName = C:\Seabird\CTDDATA\Sta0231.hex
* Software Version Seasave V 7.26.7.107
* Temperature SN = 03-4535
* Conductivity SN = 2860
* Number of Bytes Per Scan = 44
* Number of Voltage Words = 5
* Number of Scans Averaged by the Deck Unit = 1
* NMEA Latitude = 78 49.97 N
* NMEA Longitude = 010 14.95 W
* NMEA UTC (Time) = Sep 09 2019 21:34:49
* NMEA baud rate = 9600
** Ship: "Kronprins Haakon"
** Station: 0231
** Echodepth: 372
** Log: 6228.115
** Wind-Dir Force(m/s): 05 12
** Air-temp (dry): -2.9
** Weather Sky: 2 3
** Sea Ice: 1 5
# nquan = 17
# nvalues = 364                         
# units = specified
# name 0 = prDM: Pressure, Digiquartz [db]
# name 1 = t090C: Temperature [ITS-90, deg C]
# name 2 = t190C: Temperature, 2 [ITS-90, deg C]
# name 3 = c0S/m: Conductivity [S/m]
# name 4 = c1S/m: Conductivity, 2 [S/m]
# name 5 = sbox0Mm/Kg: Oxygen, SBE 43 [umol/kg]
# name 6 = sbox1Mm/Kg: Oxygen, SBE 43, 2 [umol/kg]
# name 7 = wetCDOM: Fluorescence, WET Labs CDOM [mg/m^3]
# name 8 = flECO-AFL: Fluorescence, WET Labs ECO-AFL/FL [mg/m^3]
# name 9 = CStarAt0: Beam Attenuation, WET Labs C-Star [1/m]
# name 10 = timeS: Time, Elapsed [seconds]
# name 11 = latitude: Latitude [deg]
# name 12 = longitude: Longitude [deg]
# name 13 = upoly0: Upoly 0, ISUS
# name 14 = sal00: Salinity, Practical [PSU]
# name 15 = sal11: Salinity, Practical, 2 [PSU]
# name 16 = flag: flag
# span 0 =      3.000,    366.000       
# span 1 =    -1.5868,     1.2438       
# span 2 =    -1.5868,     1.2438       
# span 3 =   2.414228,   3.014411       
# span 4 =   2.414258,   3.014383       
# span 5 =    276.520,    416.919       
# span 6 =    300.525,    636.416       
# span 7 =     0.1171,     0.1704       
# span 8 =     0.0025,     1.5023       
# span 9 =     0.1448,     0.3705       
# span 10 =    134.643,    739.990      
# span 11 =   78.83066,   78.83252      
# span 12 =  -10.25761,  -10.25096      
# span 13 =  0.1004950,  22.494539      
# span 14 =    30.1062,    35.0184      
# span 15 =    30.1066,    35.2221      
# span 16 = 0.0000e+00, 0.0000e+00      
# interval = decibars: 1                
# start_time = Sep 09 2019 21:34:49 [NMEA time, header]
# bad_flag = -9.990e-29
*END*
[from data line 256]
    259.000     0.9139     0.9138   2.974839   2.974793    308.827    301.767     0.1250     0.0046     0.1921    582.285   78.83116  -10.25606  21.780653    34.7438    34.7434 0.0000e+00
    260.000     0.9069     0.9075   2.974242   2.974237    308.732    301.448     0.1250     0.0220     0.1928    583.330   78.83116  -10.25606  21.562719    34.7433    34.7426 0.0000e+00
    261.000     0.9004     0.9011   2.973745   2.973766    308.432    301.488     0.1250     0.0112     0.1930    584.419   78.83114  -10.25606  22.040469    34.7436    34.7430 0.0000e+00
    262.000     0.9070     0.9085   2.974411   2.974568    307.784    301.062     0.1251     0.0170     0.1934    585.524   78.83114  -10.25609  21.646296    34.7443    34.7446 0.0000e+00
    263.000     0.9123     0.9104   2.974991   2.974767    308.020    301.202     0.1251     0.0227     0.1948    586.629   78.83114  -10.25610  22.040527    34.7453    34.7444 0.0000e+00
    264.000     0.9171     0.9187   2.975524   2.975637    307.882    301.115     0.1251     0.0105     0.1951    587.725   78.83114  -10.25611  22.028605    34.7462    34.7458 0.0000e+00
    265.000     0.9220     0.9219   2.976016   2.975972    307.785    301.227     0.1251     0.0105     0.1955    588.800   78.83114  -10.25612  20.958865    34.7465    34.7460 0.0000e+00
    266.000     0.9210     0.9211   2.975988   2.975945    307.743    301.383     0.1252     0.0223     0.1990    589.857   78.83114  -10.25613  21.412616    34.7467    34.7460 0.0000e+00
    267.000     0.9189     0.9189   2.975881   2.975825    307.713    301.429     0.1252     0.0112     0.1965    590.889   78.83113  -10.25614  21.916141    34.7469    34.7463 0.0000e+00
    268.000     0.9191     0.9189   2.975981   2.975922    307.973    301.279     0.1252     0.0156     0.1957    591.911   78.83112  -10.25615  22.014666    34.7475    34.7470 0.0000e+00
    269.000     0.9198     0.9196   2.976144   2.976099    308.109    301.168     0.1252     0.0055     0.1978    592.938   78.83112  -10.25616  22.077202    34.7482    34.7478 0.0000e+00
    270.000     0.9211     0.9209   2.976387   2.976336    308.298    301.113     0.1253     0.0078     0.1962    593.982   78.83112  -10.25617  22.107351    34.7493    34.7489 0.0000e+00
    271.000     0.9217     0.9216   2.976525   2.976454    308.166    301.295     0.1253     0.0096     0.1957    595.040   78.83112  -10.25618  22.011469    34.7498    34.7491 0.0000e+00
    272.000     0.9223     0.9221   2.976628   2.976582    308.130    301.233     0.1253     0.0147     0.1962    596.102   78.83110  -10.25620  21.900283    34.7499    34.7495 0.0000e+00
    273.000     0.9234     0.9230   2.976792   2.976726    308.097    300.992     0.1253     0.0169     0.1967    597.179   78.83110  -10.25620  21.919636    34.7502    34.7497 0.0000e+00
    274.000     0.9235     0.9234   2.976855   2.976813    307.456    301.569     0.1254     0.0071     0.1973    598.268   78.83110  -10.25622  21.634472    34.7503    34.7498 0.0000e+00
    275.000     0.9252     0.9249   2.977077   2.977024    307.352    301.328     0.1253     0.0078     0.1982    599.366   78.83110  -10.25622  21.877854    34.7507    34.7503 0.0000e+00
    276.000     0.9258     0.9258   2.977201   2.977155    307.658    300.882     0.1253     0.0147     0.1986    600.455   78.83110  -10.25624  21.871538    34.7510    34.7505 0.0000e+00
    277.000     0.9268     0.9267   2.977357   2.977316    307.990    300.978     0.1253     0.0119     0.1991    601.538   78.83110  -10.25625  21.815998    34.7514    34.7510 0.0000e+00
    278.000     0.9262     0.9261   2.977387   2.977350    307.720    300.843     0.1252     0.0149     0.1993    602.624   78.83109  -10.25626  21.902931    34.7519    34.7514 0.0000e+00
    279.000     0.9236     0.9237   2.977260   2.977219    307.802    301.013     0.1251     0.0170     0.2001    603.702   78.83108  -10.25627  21.549846    34.7525    34.7519 0.0000e+00
    280.000     0.9274     0.9270   2.977706   2.977657    307.652    301.115     0.1250     0.0170     0.2001    604.769   78.83108  -10.25628  22.298566    34.7535    34.7533 0.0000e+00
    281.000     0.9305     0.9305   2.978083   2.978046    307.637    301.208     0.1249     0.0120     0.2019    605.837   78.83108  -10.25629  22.037293    34.7542    34.7538 0.0000e+00
    282.000     0.9300     0.9297   2.978096   2.978041    307.788    301.137     0.1248     0.0096     0.2036    606.903   78.83108  -10.25630  22.334642    34.7544    34.7540 0.0000e+00
    283.000     0.9275     0.9271   2.977921   2.977835    307.902    300.736     0.1247     0.0096     0.2045    607.961   78.83108  -10.25631  22.166470    34.7543    34.7537 0.0000e+00
    284.000     0.9276     0.9273   2.977990   2.977952    307.895    300.811     0.1246     0.0061     0.2038    609.014   78.83108  -10.25632  21.681877    34.7545    34.7544 0.0000e+00
    285.000     0.9316     0.9312   2.978436   2.978374    307.578    300.933     0.1245     0.0062     0.2039    610.065   78.83108  -10.25634  21.850249    34.7553    34.7549 0.0000e+00
    286.000     0.9431     0.9419   2.979640   2.979524    307.570    300.709     0.1244     0.0096     0.2059    611.132   78.83106  -10.25634  22.241142    34.7574    34.7572 0.0000e+00
    287.000     0.9612     0.9597   2.981427   2.981298    307.741    300.594     0.1243     0.0133     0.2042    612.214   78.83106  -10.25636  22.072853    34.7596    34.7597 0.0000e+00
    288.000     0.9651     0.9653   2.981858   2.981836    307.720    301.301     0.1242     0.0170     0.2049    613.312   78.83106  -10.25636  21.962928    34.7603    34.7597 0.0000e+00
    289.000     0.9620     0.9619   2.981670   2.981622    307.435    301.120     0.1241     0.0170     0.2049    614.408   78.83106  -10.25638  21.595546    34.7607    34.7602 0.0000e+00
    290.000     0.9594     0.9593   2.981508   2.981455    307.608    301.248     0.1240     0.0170     0.2054    615.506   78.83105  -10.25639  21.867980    34.7609    34.7604 0.0000e+00
    291.000     0.9602     0.9601   2.981622   2.981597    307.752    301.441     0.1239     0.0170     0.2055    616.599   78.83104  -10.25640  21.531088    34.7610    34.7607 0.0000e+00
    292.000     0.9622     0.9621   2.981874   2.981832    307.712    300.988     0.1238     0.0133     0.2066    617.678   78.83104  -10.25641  22.200413    34.7613    34.7610 0.0000e+00
    293.000     0.9632     0.9631   2.982016   2.981985    307.818    301.137     0.1237     0.0096     0.2080    618.741   78.83104  -10.25642  22.225800    34.7615    34.7612 0.0000e+00
    294.000     0.9663     0.9659   2.982386   2.982328    307.744    301.188     0.1236     0.0096     0.2120    619.782   78.83104  -10.25643  21.748896    34.7622    34.7619 0.0000e+00
    295.000     0.9756     0.9752   2.983348   2.983306    307.557    301.264     0.1235     0.0072     0.2097    620.823   78.83104  -10.25644  21.730550    34.7637    34.7636 0.0000e+00
    296.000     0.9814     0.9812   2.983970   2.983915    307.995    301.655     0.1234     0.0078     0.2109    621.867   78.83104  -10.25645  21.760975    34.7646    34.7641 0.0000e+00
    297.000     0.9827     0.9826   2.984142   2.984115    308.279    301.539     0.1233     0.0168     0.2110    622.924   78.83103  -10.25646  21.483148    34.7648    34.7645 0.0000e+00
    298.000     0.9828     0.9830   2.984262   2.984247    308.214    301.700     0.1232     0.0170     0.2117    624.004   78.83102  -10.25647  21.199217    34.7657    34.7652 0.0000e+00
    299.000     0.9828     0.9830   2.984335   2.984302    308.336    302.044     0.1232     0.0197     0.2119    625.106   78.83102  -10.25648  21.251669    34.7660    34.7653 0.0000e+00
    300.000     0.9800     0.9802   2.984129   2.984097    308.322    301.813     0.1231     0.0217     0.2130    626.225   78.83102  -10.25650  21.488633    34.7659    34.7653 0.0000e+00
    301.000     0.9824     0.9824   2.984418   2.984389    308.216    301.760     0.1230     0.0170     0.2136    627.335   78.83102  -10.25650  22.005078    34.7664    34.7660 0.0000e+00
    302.000     0.9857     0.9854   2.984802   2.984746    308.325    301.710     0.1229     0.0170     0.2131    628.426   78.83100  -10.25652  22.208729    34.7671    34.7667 0.0000e+00
    303.000     0.9882     0.9879   2.985108   2.985062    308.426    301.616     0.1229     0.0143     0.2139    629.494   78.83100  -10.25652  21.778857    34.7676    34.7673 0.0000e+00
    304.000     0.9915     0.9912   2.985490   2.985439    308.517    301.509     0.1228     0.0072     0.2149    630.549   78.83100  -10.25654  21.954248    34.7682    34.7679 0.0000e+00
    305.000     0.9925     0.9924   2.985625   2.985583    308.329    301.330     0.1227     0.0063     0.2150    631.598   78.83100  -10.25655  22.003482    34.7683    34.7679 0.0000e+00
    306.000     0.9963     0.9957   2.986073   2.986010    308.200    301.403     0.1226     0.0168     0.2162    632.646   78.83100  -10.25656  21.702082    34.7693    34.7691 0.0000e+00
    307.000     1.0028     1.0024   2.986764   2.986708    308.336    301.595     0.1226     0.0186     0.2170    633.696   78.83100  -10.25657  21.450800    34.7704    34.7700 0.0000e+00
    308.000     1.0050     1.0048   2.987041   2.986993    308.463    301.633     0.1225     0.0211     0.2164    634.766   78.83100  -10.25658  21.562753    34.7709    34.7705 0.0000e+00
    309.000     1.0083     1.0081   2.987430   2.987375    308.623    301.738     0.1225     0.0107     0.2664    635.850   78.83099  -10.25659  21.668972    34.7716    34.7712 0.0000e+00
    310.000     1.0102     1.0101   2.987669   2.987626    308.762    302.205     0.1225     0.0116     0.2893    636.952   78.83098  -10.25660  22.131643    34.7720    34.7716 0.0000e+00
    311.000     1.0128     1.0127   2.987982   2.987943    308.506    302.047     0.1224     0.0096     0.2161    638.056   78.83098  -10.25662  22.419023    34.7725    34.7722 0.0000e+00
    312.000     1.0177     1.0176   2.988521   2.988492    308.733    302.428     0.1224     0.0113     0.2155    639.171   78.83098  -10.25662  21.875769    34.7734    34.7732 0.0000e+00
    313.000     1.0196     1.0195   2.988769   2.988718    308.731    302.393     0.1224     0.0151     0.2141    640.266   78.83098  -10.25664  21.843462    34.7739    34.7733 0.0000e+00
    314.000     1.0198     1.0197   2.988858   2.988803    308.441    302.284     0.1223     0.0114     0.2129    641.322   78.83098  -10.25664  21.951199    34.7742    34.7737 0.0000e+00
    315.000     1.0206     1.0205   2.989000   2.988954    308.557    302.594     0.1223     0.0155     0.2122    642.370   78.83096  -10.25666  21.777487    34.7746    34.7741 0.0000e+00
    316.000     1.0212     1.0210   2.989114   2.989061    309.038    302.549     0.1222     0.0120     0.2111    643.413   78.83096  -10.25666  21.839206    34.7748    34.7744 0.0000e+00
    317.000     1.0169     1.0171   2.988792   2.988766    309.357    302.552     0.1221     0.0228     0.2120    644.476   78.83096  -10.25668  21.869103    34.7749    34.7744 0.0000e+00
    318.000     1.0142     1.0133   2.988651   2.988531    309.083    302.076     0.1221     0.0183     0.2122    645.556   78.83096  -10.25669  22.241904    34.7755    34.7750 0.0000e+00
    319.000     1.0415     1.0412   2.991428   2.991386    308.674    301.875     0.1220     0.0230     0.2120    646.653   78.83095  -10.25670  22.213000    34.7802    34.7801 0.0000e+00
    320.000     1.0519     1.0524   2.992444   2.992470    309.379    302.106     0.1218     0.0173     0.2130    647.761   78.83094  -10.25671  21.747712    34.7812    34.7810 0.0000e+00
    321.000     1.0580     1.0578   2.993074   2.993010    309.657    302.581     0.1217     0.0159     0.2125    648.861   78.83094  -10.25672  21.731371    34.7818    34.7812 0.0000e+00
    322.000     1.0676     1.0690   2.994097   2.994222    309.371    302.578     0.1216     0.0098     0.2127    649.959   78.83094  -10.25673  22.026081    34.7838    34.7838 0.0000e+00
    323.000     1.0884     1.0882   2.996053   2.996006    308.787    302.990     0.1215     0.0096     0.2137    651.032   78.83094  -10.25674  22.066164    34.7851    34.7848 0.0000e+00
    324.000     1.1027     1.1022   2.997563   2.997520    309.325    303.541     0.1214     0.0103     0.2139    652.088   78.83094  -10.25674  22.172158    34.7881    34.7881 0.0000e+00
    325.000     1.1145     1.1145   2.998809   2.998780    309.705    303.885     0.1212     0.0173     0.2129    653.133   78.83094  -10.25676  22.025621    34.7904    34.7899 0.0000e+00
    326.000     1.0847     1.0875   2.996077   2.996202    310.195    304.943     0.1211     0.0240     0.2125    654.181   78.83094  -10.25678  21.973429    34.7878    34.7863 0.0000e+00
    327.000     1.0483     1.0485   2.992860   2.992814    310.200    305.308     0.1210     0.0234     0.2119    655.238   78.83092  -10.25678  21.935183    34.7864    34.7856 0.0000e+00
    328.000     1.0369     1.0376   2.991822   2.991834    309.663    304.666     0.1208     0.0115     0.2116    656.319   78.83092  -10.25680  21.855466    34.7852    34.7845 0.0000e+00
    329.000     1.0351     1.0351   2.991729   2.991709    310.420    304.456     0.1207     0.0221     0.2213    657.411   78.83092  -10.25680  21.725182    34.7854    34.7851 0.0000e+00
    330.000     1.0382     1.0382   2.992095   2.992065    310.970    303.968     0.1205     0.0109     0.2120    658.513   78.83091  -10.25682  21.575524    34.7860    34.7857 0.0000e+00
    331.000     1.0387     1.0383   2.992243   2.992176    311.008    303.252     0.1204     0.0096     0.2128    659.609   78.83090  -10.25683  21.789965    34.7869    34.7864 0.0000e+00
    332.000     1.0752     1.0722   2.995880   2.995648    310.562    303.177     0.1203     0.0096     0.2143    660.694   78.83090  -10.25684  22.003693    34.7924    34.7927 0.0000e+00
    333.000     1.1022     1.1010   2.998581   2.998491    310.289    303.048     0.1202     0.0100     0.2129    661.766   78.83090  -10.25685  21.946962    34.7964    34.7966 0.0000e+00
    334.000     1.1170     1.1169   3.000068   3.000014    310.374    303.193     0.1201     0.0163     0.2139    662.823   78.83090  -10.25686  21.224129    34.7985    34.7979 0.0000e+00
    335.000     1.1240     1.1250   3.000834   3.000893    310.221    303.926     0.1200     0.0168     0.2168    663.884   78.83090  -10.25687  21.217264    34.7999    34.7996 0.0000e+00
    336.000     1.1470     1.1453   3.003117   3.002965    309.370    304.084     0.1199     0.0104     0.2194    664.950   78.83090  -10.25688  21.897240    34.8031    34.8030 0.0000e+00
    337.000     1.1575     1.1572   3.004346   3.004282    309.598    304.350     0.1197     0.0038     0.2235    666.030   78.83089  -10.25689  22.367713    34.8065    34.8060 0.0000e+00
    338.000     1.1659     1.1657   3.005226   3.005182    310.206    304.611     0.1193     0.0086     0.2274    667.123   78.83088  -10.25690  21.927148    34.8079    34.8075 0.0000e+00
    339.000     1.1741     1.1761   3.006118   3.006308    310.226    304.785     0.1190     0.0096     0.2299    668.224   78.83088  -10.25692  21.525817    34.8097    34.8098 0.0000e+00
    340.000     1.1885     1.1878   3.007546   3.007461    310.099    304.989     0.1186     0.0096     0.2309    669.321   78.83088  -10.25692  22.085871    34.8114    34.8111 0.0000e+00
    341.000     1.1901     1.1899   3.007770   3.007708    310.670    305.236     0.1184     0.0096     0.2298    670.403   78.83088  -10.25694  22.184452    34.8119    34.8113 0.0000e+00
    342.000     1.1919     1.1917   3.008036   3.007979    311.392    305.347     0.1183     0.0096     0.2280    671.467   78.83088  -10.25694  21.900324    34.8127    34.8122 0.0000e+00
