test_project/cnv_files/sta0246_bin.cnv
* Sea-Bird SBE 9 Data File:
* FileName = C:\Seabird\CTDDATA\Sta0246.hex
* Software Version Seasave V 7.26.7.107
* Temperature SN = 03-4535
* Conductivity SN = 2860
* Number of Bytes Per Scan = 44
* Number of Voltage Words = 5
* Number of Scans Averaged by the Deck Unit = 1
* NMEA Latitude = 78 50.02 N
* NMEA Longitude = 007 00.62 E
* NMEA UTC (Time) = Sep 14 2019 17:29:16
* NMEA baud rate = 9600
** Ship: "Kronprins Haakon"
** Station: 0246
** Echodepth: 1418
** Log: 6509.70
** Wind-Dir Force(m/s): 04 02
** Air-temp (dry): 6.7
** Weather Sky: 2 8
** Sea Ice: 0 0
# nquan = 16
# nvalues = 1426                        
# units = specified
# name 0 = prDM: Pressure, Digiquartz [db]
# name 1 = t090C: Temperature [ITS-90, deg C]
# name 2 = t190C: Temperature, 2 [ITS-90, deg C]
# name 3 = c0S/m: Conductivity [S/m]
# name 4 = c1S/m: Conductivity, 2 [S/m]
# name 5 = sbox0Mm/Kg: Oxygen, SBE 43 [umol/kg]
# name 6 = sbox1Mm/Kg: Oxygen, SBE 43, 2 [umol/kg]
# name 7 = wetCDOM: Fluorescence, WET Labs CDOM [mg/m^3]
# name 8 = flECO-AFL: Fluorescence, WET Labs ECO-AFL/FL [mg/m^3]
# name 9 = CStarAt0: Beam Attenuation, WET Labs C-Star [1/m]
# name 10 = timeS: Time, Elapsed [seconds]
# name 11 = latitude: Latitude [deg]
# name 12 = longitude: Longitude [deg]
# name 13 = sal00: Salinity, Practical [PSU]
# name 14 = sal11: Salinity, Practical, 2 [PSU]
# name 15 = flag: flag
# span 0 =      3.000,   1428.000       
# span 1 =    -0.7981,     7.2607       
# span 2 =    -0.7980,     7.0926       
# span 3 =   2.705098,   3.514913       
# span 4 =   2.884975,   3.514812       
# span 5 =    284.159,    329.367       
# span 6 =    289.678,    494.877       
# span 7 =     0.0997,     0.1322       
# span 8 =    -0.0112,     2.3465       
# span 9 =     0.1399,     0.5071       
# span 10 =    124.762,   1685.100      
# span 11 =   78.83378,   78.83478      
# span 12 =    7.00986,    7.01050      
# span 13 =    25.8965,    35.0505      
# span 14 =    31.5058,    35.0508      
# span 15 = 0.0000e+00, 0.0000e+00      
# interval = decibars: 1                
# start_time = Sep 14 2019 17:29:16 [NMEA time, header]
# bad_flag = -9.990e-29
*END*
[from data line 1176]
   1179.000    -0.7565    -0.7566   2.885164   2.885206    309.243    302.890     0.1276     0.0096     0.1520   1421.858   78.83412    7.00986    34.9117    34.9123 0.0000e+00
   1180.000    -0.7567    -0.7567   2.885200   2.885239    309.384    302.491     0.1276     0.0094     0.1522   1422.825   78.83412    7.00986    34.9117    34.9123 0.0000e+00
   1181.000    -0.7565    -0.7566   2.885254   2.885300    309.277    302.838     0.1276     0.0035     0.1526   1423.798   78.83412    7.00986    34.9117    34.9124 0.0000e+00
   1182.000    -0.7567    -0.7567   2.885285   2.885328    309.516    303.008     0.1275     0.0074     0.1528   1424.779   78.83413    7.00986    34.9118    34.9123 0.0000e+00
   1183.000    -0.7569    -0.7568   2.885311   2.885358    309.219    303.094     0.1275     0.0096     0.1520   1425.754   78.83414    7.00986    34.9118    34.9123 0.0000e+00
   1184.000    -0.7569    -0.7567   2.885365   2.885408    308.603    303.072     0.1275     0.0096     0.1519   1426.730   78.83414    7.00986    34.9119    34.9123 0.0000e+00
   1185.000    -0.7571    -0.7570   2.885389   2.885426    309.060    303.058     0.1275     0.0096     0.1533   1427.697   78.83414    7.00986    34.9118    34.9122 0.0000e+00
   1186.000    -0.7572    -0.7571   2.885424   2.885458    309.309    302.555     0.1275     0.0096     0.1531   1428.668   78.83414    7.00986    34.9119    34.9122 0.0000e+00
   1187.000    -0.7580    -0.7578   2.885404   2.885443    309.187    302.632     0.1274     0.0085     0.1528   1429.645   78.83414    7.00986    34.9119    34.9122 0.0000e+00
   1188.000    -0.7590    -0.7591   2.885340   2.885385    309.143    302.949     0.1274     0.0035     0.1544   1430.629   78.83415    7.00986    34.9117    34.9124 0.0000e+00
   1189.000    -0.7591    -0.7591   2.885393   2.885426    308.929    302.927     0.1274     0.0152     0.1521   1431.604   78.83416    7.00986    34.9119    34.9123 0.0000e+00
   1190.000    -0.7595    -0.7594   2.885391   2.885443    308.960    302.851     0.1274     0.0107     0.1520   1432.568   78.83416    7.00986    34.9118    34.9124 0.0000e+00
   1191.000    -0.7604    -0.7603   2.885362   2.885407    309.604    302.948     0.1274     0.0148     0.1520   1433.529   78.83416    7.00986    34.9118    34.9123 0.0000e+00
   1192.000    -0.7613    -0.7612   2.885316   2.885363    308.921    302.729     0.1273     0.0075     0.1523   1434.490   78.83416    7.00986    34.9117    34.9122 0.0000e+00
   1193.000    -0.7621    -0.7620   2.885302   2.885344    309.731    302.866     0.1273     0.0056     0.1517   1435.447   78.83416    7.00986    34.9118    34.9122 0.0000e+00
   1194.000    -0.7628    -0.7627   2.885287   2.885329    309.808    302.821     0.1273     0.0095     0.1527   1436.408   78.83416    7.00986    34.9118    34.9123 0.0000e+00
   1195.000    -0.7631    -0.7632   2.885303   2.885337    309.330    302.367     0.1273     0.0096     0.1523   1437.380   78.83416    7.00986    34.9118    34.9123 0.0000e+00
   1196.000    -0.7633    -0.7633   2.885328   2.885370    308.798    302.473     0.1273     0.0082     0.1536   1438.355   78.83416    7.00986    34.9117    34.9123 0.0000e+00
   1197.000    -0.7632    -0.7632   2.885376   2.885410    308.644    302.596     0.1273     0.0025     0.1534   1439.326   78.83416    7.00986    34.9117    34.9122 0.0000e+00
   1198.000    -0.7633    -0.7633   2.885404   2.885439    308.672    302.015     0.1273     0.0024     0.1540   1440.300   78.83416    7.00986    34.9117    34.9121 0.0000e+00
   1199.000    -0.7640    -0.7638   2.885401   2.885456    308.563    302.398     0.1273     0.0082     0.1548   1441.266   78.83418    7.00988    34.9118    34.9124 0.0000e+00
   1200.000    -0.7641    -0.7640   2.885429   2.885474    308.710    302.323     0.1273     0.0096     0.1556   1442.238   78.83418    7.00988    34.9118    34.9122 0.0000e+00
   1201.000    -0.7653    -0.7649   2.885380   2.885448    308.395    301.968     0.1273     0.0096     0.1563   1443.212   78.83418    7.00988    34.9118    34.9124 0.0000e+00
   1202.000    -0.7653    -0.7654   2.885419   2.885458    308.632    302.335     0.1274     0.0096     0.1562   1444.187   78.83418    7.00988    34.9119    34.9125 0.0000e+00
   1203.000    -0.7660    -0.7660   2.885400   2.885433    308.499    302.090     0.1274     0.0096     0.1563   1445.157   78.83418    7.00988    34.9118    34.9123 0.0000e+00
   1204.000    -0.7666    -0.7665   2.885398   2.885431    308.465    302.337     0.1274     0.0096     0.1566   1446.123   78.83418    7.00988    34.9119    34.9122 0.0000e+00
   1205.000    -0.7666    -0.7666   2.885438   2.885479    308.341    302.288     0.1274     0.0096     0.1570   1447.087   78.83418    7.00988    34.9118    34.9124 0.0000e+00
   1206.000    -0.7662    -0.7660   2.885509   2.885566    307.928    302.294     0.1275     0.0096     0.1570   1448.047   78.83420    7.00988    34.9118    34.9122 0.0000e+00
   1207.000    -0.7672    -0.7670   2.885481   2.885526    308.736    302.500     0.1275     0.0096     0.1579   1449.008   78.83420    7.00988    34.9119    34.9123 0.0000e+00
   1208.000    -0.7672    -0.7671   2.885517   2.885561    308.850    302.565     0.1275     0.0096     0.1574   1449.964   78.83420    7.00988    34.9119    34.9123 0.0000e+00
   1209.000    -0.7676    -0.7675   2.885528   2.885570    308.579    302.380     0.1275     0.0096     0.1572   1450.919   78.83420    7.00989    34.9119    34.9124 0.0000e+00
   1210.000    -0.7678    -0.7677   2.885563   2.885606    308.457    302.005     0.1276     0.0055     0.1575   1451.884   78.83420    7.00990    34.9120    34.9124 0.0000e+00
   1211.000    -0.7679    -0.7680   2.885584   2.885618    308.539    302.053     0.1276     0.0057     0.1579   1452.850   78.83420    7.00990    34.9118    34.9124 0.0000e+00
   1212.000    -0.7687    -0.7686   2.885555   2.885607    308.407    302.356     0.1276     0.0070     0.1578   1453.822   78.83420    7.00990    34.9118    34.9123 0.0000e+00
   1213.000    -0.7691    -0.7691   2.885563   2.885603    308.742    302.410     0.1276     0.0041     0.1581   1454.798   78.83420    7.00990    34.9118    34.9123 0.0000e+00
   1214.000    -0.7702    -0.7701   2.885520   2.885571    308.496    302.239     0.1276     0.0084     0.1577   1455.779   78.83420    7.00991    34.9119    34.9124 0.0000e+00
   1215.000    -0.7704    -0.7703   2.885547   2.885599    308.396    302.122     0.1276     0.0025     0.1576   1456.755   78.83421    7.00992    34.9119    34.9124 0.0000e+00
   1216.000    -0.7713    -0.7711   2.885519   2.885565    308.243    302.036     0.1276     0.0025     0.1583   1457.731   78.83422    7.00992    34.9120    34.9124 0.0000e+00
   1217.000    -0.7717    -0.7716   2.885522   2.885571    308.308    302.287     0.1276     0.0083     0.1586   1458.702   78.83422    7.00992    34.9119    34.9124 0.0000e+00
   1218.000    -0.7717    -0.7715   2.885573   2.885614    308.908    302.410     0.1276     0.0043     0.1579   1459.669   78.83422    7.00992    34.9120    34.9124 0.0000e+00
   1219.000    -0.7724    -0.7723   2.885558   2.885607    308.366    302.110     0.1276     0.0067     0.1581   1460.625   78.83422    7.00992    34.9120    34.9125 0.0000e+00
   1220.000    -0.7725    -0.7724   2.885596   2.885641    308.298    302.368     0.1275     0.0096     0.1582   1461.580   78.83422    7.00992    34.9120    34.9126 0.0000e+00
   1221.000    -0.7724    -0.7724   2.885637   2.885692    308.560    302.359     0.1275     0.0070     0.1571   1462.537   78.83422    7.00993    34.9120    34.9126 0.0000e+00
   1222.000    -0.7726    -0.7726   2.885673   2.885714    308.314    302.118     0.1275     0.0021     0.1569   1463.500   78.83422    7.00994    34.9121    34.9126 0.0000e+00
   1223.000    -0.7730    -0.7730   2.885686   2.885732    308.715    302.436     0.1275     0.0030     0.1555   1464.472   78.83422    7.00994    34.9122    34.9127 0.0000e+00
   1224.000    -0.7731    -0.7731   2.885720   2.885769    308.839    302.463     0.1275     0.0088     0.1537   1465.448   78.83422    7.00996    34.9121    34.9127 0.0000e+00
   1225.000    -0.7733    -0.7733   2.885741   2.885789    308.771    302.342     0.1275     0.0032     0.1524   1466.427   78.83424    7.00996    34.9121    34.9127 0.0000e+00
   1226.000    -0.7737    -0.7737   2.885758   2.885801    308.916    302.530     0.1275     0.0082     0.1515   1467.392   78.83424    7.00996    34.9122    34.9127 0.0000e+00
   1227.000    -0.7740    -0.7739   2.885773   2.885820    308.568    302.596     0.1275     0.0096     0.1509   1468.356   78.83424    7.00996    34.9121    34.9126 0.0000e+00
   1228.000    -0.7743    -0.7741   2.885798   2.885839    308.876    302.693     0.1275     0.0052     0.1508   1469.322   78.83424    7.00996    34.9122    34.9126 0.0000e+00
   1229.000    -0.7743    -0.7743   2.885832   2.885874    308.413    302.566     0.1275     0.0023     0.1504   1470.291   78.83424    7.00996    34.9121    34.9126 0.0000e+00
   1230.000    -0.7752    -0.7750   2.885804   2.885849    308.288    302.443     0.1275     0.0023     0.1507   1471.265   78.83424    7.00996    34.9122    34.9125 0.0000e+00
   1231.000    -0.7766    -0.7764   2.885713   2.885765    309.245    302.200     0.1275     0.0040     0.1500   1472.236   78.83424    7.00998    34.9120    34.9125 0.0000e+00
   1232.000    -0.7772    -0.7770   2.885698   2.885742    308.829    302.152     0.1275     0.0095     0.1503   1473.206   78.83426    7.00998    34.9119    34.9123 0.0000e+00
   1233.000    -0.7775    -0.7774   2.885713   2.885765    308.549    302.465     0.1275     0.0092     0.1515   1474.175   78.83426    7.00998    34.9118    34.9124 0.0000e+00
   1234.000    -0.7778    -0.7777   2.885730   2.885777    308.448    302.449     0.1275     0.0030     0.1531   1475.147   78.83426    7.01000    34.9118    34.9123 0.0000e+00
   1235.000    -0.7787    -0.7785   2.885695   2.885742    308.062    301.740     0.1275     0.0025     0.1556   1476.115   78.83426    7.01000    34.9119    34.9123 0.0000e+00
   1236.000    -0.7792    -0.7792   2.885698   2.885733    307.604    301.724     0.1275     0.0126     0.1585   1477.082   78.83426    7.01000    34.9119    34.9123 0.0000e+00
   1237.000    -0.7794    -0.7793   2.885721   2.885763    307.864    301.773     0.1275     0.0084     0.1611   1478.053   78.83426    7.01000    34.9118    34.9123 0.0000e+00
   1238.000    -0.7797    -0.7794   2.885734   2.885799    307.672    301.857     0.1276     0.0057     0.1629   1479.020   78.83426    7.01000    34.9117    34.9124 0.0000e+00
   1239.000    -0.7800    -0.7799   2.885752   2.885796    306.956    301.334     0.1276     0.0070     0.1651   1479.981   78.83426    7.01000    34.9118    34.9123 0.0000e+00
   1240.000    -0.7804    -0.7802   2.885770   2.885813    306.950    300.938     0.1276     0.0041     0.1660   1480.943   78.83426    7.01001    34.9119    34.9123 0.0000e+00
   1241.000    -0.7808    -0.7807   2.885774   2.885811    307.395    301.183     0.1277     0.0094     0.1671   1481.913   78.83427    7.01002    34.9118    34.9122 0.0000e+00
   1242.000    -0.7810    -0.7810   2.885798   2.885830    307.237    301.518     0.1277     0.0096     0.1690   1482.888   78.83428    7.01002    34.9119    34.9123 0.0000e+00
   1243.000    -0.7811    -0.7810   2.885837   2.885886    307.613    301.176     0.1278     0.0096     0.1701   1483.872   78.83428    7.01003    34.9118    34.9124 0.0000e+00
   1244.000    -0.7812    -0.7810   2.885871   2.885921    307.515    301.216     0.1278     0.0097     0.1706   1484.855   78.83428    7.01004    34.9119    34.9123 0.0000e+00
   1245.000    -0.7813    -0.7812   2.885910   2.885951    307.013    301.358     0.1278     0.0146     0.1717   1485.825   78.83428    7.01004    34.9120    34.9124 0.0000e+00
   1246.000    -0.7820    -0.7819   2.885885   2.885937    307.188    300.710     0.1279     0.0122     0.1730   1486.789   78.83428    7.01004    34.9118    34.9124 0.0000e+00
   1247.000    -0.7826    -0.7824   2.885875   2.885929    306.789    301.150     0.1279     0.0131     0.1732   1487.753   78.83428    7.01004    34.9118    34.9123 0.0000e+00
   1248.000    -0.7834    -0.7832   2.885865   2.885909    307.160    301.369     0.1280     0.0117     0.1727   1488.723   78.83429    7.01004    34.9120    34.9124 0.0000e+00
   1249.000    -0.7839    -0.7837   2.885855   2.885910    307.098    301.224     0.1280     0.0045     0.1735   1489.698   78.83430    7.01005    34.9119    34.9124 0.0000e+00
   1250.000    -0.7845    -0.7844   2.885849   2.885890    306.448    301.196     0.1280     0.0105     0.1734   1490.670   78.83430    7.01006    34.9118    34.9123 0.0000e+00
   1251.000    -0.7849    -0.7848   2.885858   2.885900    306.795    301.016     0.1280     0.0161     0.1740   1491.630   78.83430    7.01006    34.9119    34.9123 0.0000e+00
   1252.000    -0.7849    -0.7849   2.885895   2.885941    306.937    301.320     0.1280     0.0101     0.1739   1492.589   78.83430    7.01006    34.9119    34.9124 0.0000e+00
   1253.000    -0.7851    -0.7850   2.885932   2.885966    306.783    301.279     0.1280     0.0096     0.1741   1493.554   78.83430    7.01006    34.9120    34.9124 0.0000e+00
   1254.000    -0.7853    -0.7852   2.885948   2.885998    307.394    300.702     0.1280     0.0096     0.1743   1494.527   78.83430    7.01007    34.9118    34.9124 0.0000e+00
   1255.000    -0.7859    -0.7857   2.885945   2.885997    307.635    300.964     0.1280     0.0096     0.1745   1495.509   78.83430    7.01008    34.9119    34.9123 0.0000e+00
   1256.000    -0.7861    -0.7860   2.885973   2.886017    307.105    301.324     0.1280     0.0096     0.1747   1496.494   78.83432    7.01008    34.9119    34.9124 0.0000e+00
   1257.000    -0.7867    -0.7866   2.885956   2.886003    307.264    301.017     0.1279     0.0096     0.1750   1497.472   78.83432    7.01008    34.9119    34.9124 0.0000e+00
   1258.000    -0.7872    -0.7871   2.885960   2.886013    307.149    300.817     0.1279     0.0074     0.1751   1498.446   78.83432    7.01008    34.9118    34.9125 0.0000e+00
   1259.000    -0.7876    -0.7875   2.885977   2.886020    306.993    300.749     0.1278     0.0036     0.1754   1499.407   78.83432    7.01008    34.9119    34.9124 0.0000e+00
   1260.000    -0.7879    -0.7879   2.885986   2.886030    307.206    300.818     0.1278     0.0093     0.1749   1500.369   78.83432    7.01008    34.9119    34.9124 0.0000e+00
   1261.000    -0.7887    -0.7885   2.885966   2.886018    307.385    300.611     0.1278     0.0094     0.1754   1501.331   78.83432    7.01008    34.9119    34.9124 0.0000e+00
   1262.000    -0.7893    -0.7892   2.885959   2.886012    307.092    300.760     0.1277     0.0036     0.1756   1502.300   78.83432    7.01010    34.9119    34.9126 0.0000e+00
   1263.000    -0.7894    -0.7893   2.885997   2.886047    306.321    300.990     0.1277     0.0130     0.1765   1503.279   78.83432    7.01010    34.9119    34.9125 0.0000e+00
   1264.000    -0.7894    -0.7894   2.886035   2.886083    307.069    301.001     0.1276     0.0214     0.1766   1504.265   78.83434    7.01010    34.9119    34.9126 0.0000e+00
   1265.000    -0.7895    -0.7894   2.886073   2.886123    306.890    301.072     0.1276     0.0163     0.1766   1505.244   78.83434    7.01010    34.9120    34.9126 0.0000e+00
   1266.000    -0.7896    -0.7895   2.886114   2.886161    306.816    300.841     0.1276     0.0067     0.1763   1506.216   78.83434    7.01010    34.9120    34.9126 0.0000e+00
   1267.000    -0.7895    -0.7894   2.886166   2.886205    306.957    300.355     0.1276     0.0043     0.1752   1507.177   78.83434    7.01010    34.9121    34.9125 0.0000e+00
