test_project/cnv_files/sta0199_bin.cnv
* Sea-Bird SBE 9 Data File:
* FileName = C:\Seabird\CTDDATA\Sta0199.hex
* Software Version Seasave V 7.26.7.107
* Temperature SN = 03-4535
* Conductivity SN = 2860
* Number of Bytes Per Scan = 44
* Number of Voltage Words = 5
* Number of Scans Averaged by the Deck Unit = 1
* NMEA Latitude = 78 50.00 N
* NMEA Longitude = 003 00.59 W
* NMEA UTC (Time) = Sep 03 2019 05:07:04
* NMEA baud rate = 9600
** Ship: "Kronprins Haakon"
** Station: 199
** Echodepth: 2474
** Log: 5755.56
** Wind-Dir Force(m/s): 02 32
** Air-temp (dry): -1.8
** Weather Sky: 7 8
** Sea Ice: 5 0
# nquan = 16
# nvalues = 2502                        
# units = specified
# name 0 = prDM: Pressure, Digiquartz [db]
# name 1 = t090C: Temperature [ITS-90, deg C]
# name 2 = t190C: Temperature, 2 [ITS-90, deg C]
# name 3 = c0S/m: Conductivity [S/m]
# name 4 = c1S/m: Conductivity, 2 [S/m]
# name 5 = sbox0Mm/Kg: Oxygen, SBE 43 [umol/kg]
# name 6 = sbox1Mm/Kg: Oxygen, SBE 43, 2 [umol/kg]
# name 7 = wetCDOM: Fluorescence, WET Labs CDOM [mg/m^3]
# name 8 = flECO-AFL: Fluorescence, WET Labs ECO-AFL/FL [mg/m^3]
# name 9 = CStarAt0: Beam Attenuation, WET Labs C-Star [1/m]
# name 10 = timeS: Time, Elapsed [seconds]
# name 11 = latitude: Latitude [deg]
# name 12 = longitude: Longitude [deg]
# name 13 = sal00: Salinity, Practical [PSU]
# name 14 = sal11: Salinity, Practical, 2 [PSU]
# name 15 = flag: flag
# span 0 =      2.000,   2503.000       
# span 1 =    -1.7488,     3.2726       
# span 2 =    -1.7494,     3.2737       
# span 3 =   2.278094,   3.197086       
# span 4 =   2.325739,   3.197087       
# span 5 =    303.917,    410.858       
# span 6 =    301.168,    402.730       
# span 7 =     0.1000,     0.1705       
# span 8 =    -0.0084,     0.9366       
# span 9 =     0.1056,     0.4532       
# span 10 =    157.717,   2937.177      
# span 11 =   78.83340,   78.83348      
# span 12 =   -3.01032,   -3.00986      
# span 13 =    28.0438,    34.9794      
# span 14 =    28.6612,    34.9791      
# span 15 = 0.0000e+00, 0.0000e+00      
# interval = decibars: 1                
# start_time = Sep 03 2019 05:07:04 [NMEA time, header]
# bad_flag = -9.990e-29
*END*
[from data line 91]
     93.000    -1.6979    -1.6985   2.700204   2.700177    370.381    359.383     0.1316     0.1640     0.1467    451.818   78.83346   -3.01019    34.1223    34.1226 0.0000e+00
     94.000    -1.6981    -1.6968   2.700381   2.700453    369.603    358.962     0.1310     0.1556     0.1460    452.850   78.83346   -3.01018    34.1244    34.1238 0.0000e+00
     95.000    -1.7384    -1.7360   2.697202   2.697311    368.679    358.857     0.1304     0.1451     0.1439    453.870   78.83346   -3.01018    34.1258    34.1246 0.0000e+00
     96.000    -1.7473    -1.7473   2.696628   2.696643    366.603    357.858     0.1299     0.1415     0.1432    454.874   78.83346   -3.01018    34.1274    34.1276 0.0000e+00
     97.000    -1.7488    -1.7494   2.696670   2.696659    365.327    357.299     0.1294     0.1346     0.1420    455.875   78.83345   -3.01019    34.1291    34.1296 0.0000e+00
     98.000    -1.7289    -1.7308   2.698459   2.698457    366.286    357.111     0.1289     0.1195     0.1416    456.871   78.83344   -3.01020    34.1305    34.1326 0.0000e+00
     99.000    -1.6759    -1.6750   2.703166   2.703271    367.654    356.996     0.1284     0.1186     0.1406    457.871   78.83344   -3.01020    34.1344    34.1348 0.0000e+00
    100.000    -1.6785    -1.6791   2.703171   2.703127    369.258    358.344     0.1280     0.1131     0.1391    458.857   78.83344   -3.01020    34.1368    34.1368 0.0000e+00
    101.000    -1.6967    -1.6961   2.701776   2.701742    368.600    358.362     0.1277     0.1188     0.1393    459.832   78.83344   -3.01019    34.1377    34.1365 0.0000e+00
    102.000    -1.7178    -1.7175   2.700238   2.700232    364.973    356.867     0.1274     0.1135     0.1392    460.812   78.83344   -3.01018    34.1399    34.1394 0.0000e+00
    103.000    -1.7338    -1.7336   2.699139   2.699153    361.398    354.958     0.1271     0.1178     0.1384    461.804   78.83344   -3.01018    34.1423    34.1423 0.0000e+00
    104.000    -1.7342    -1.7346   2.699395   2.699393    360.468    353.828     0.1269     0.1044     0.1379    462.818   78.83344   -3.01018    34.1457    34.1462 0.0000e+00
    105.000    -1.7296    -1.7298   2.700083   2.700086    362.103    353.751     0.1267     0.0965     0.1368    463.844   78.83344   -3.01018    34.1494    34.1496 0.0000e+00
    106.000    -1.7294    -1.7295   2.700206   2.700210    363.977    354.274     0.1266     0.0907     0.1370    464.864   78.83344   -3.01018    34.1502    34.1504 0.0000e+00
    107.000    -1.7294    -1.7295   2.700350   2.700348    364.093    354.268     0.1266     0.0863     0.1366    465.884   78.83344   -3.01018    34.1516    34.1518 0.0000e+00
    108.000    -1.7297    -1.7297   2.700427   2.700427    363.281    353.496     0.1266     0.0837     0.1359    466.897   78.83344   -3.01018    34.1524    34.1524 0.0000e+00
    109.000    -1.7262    -1.7267   2.700921   2.700892    362.434    353.217     0.1267     0.0816     0.1356    467.897   78.83344   -3.01018    34.1546    34.1548 0.0000e+00
    110.000    -1.7031    -1.7048   2.703193   2.703136    361.649    352.822     0.1268     0.0863     0.1351    468.896   78.83344   -3.01018    34.1591    34.1602 0.0000e+00
    111.000    -1.6735    -1.6746   2.706064   2.706032    361.640    352.653     0.1270     0.0863     0.1336    469.892   78.83344   -3.01018    34.1642    34.1651 0.0000e+00
    112.000    -1.6542    -1.6547   2.707933   2.707919    362.147    352.546     0.1272     0.0785     0.1335    470.890   78.83344   -3.01017    34.1674    34.1678 0.0000e+00
    113.000    -1.6183    -1.6213   2.711269   2.711175    361.251    351.877     0.1275     0.0710     0.1344    471.905   78.83344   -3.01016    34.1718    34.1740 0.0000e+00
    114.000    -1.5150    -1.5197   2.720807   2.720676    358.672    349.893     0.1278     0.0672     0.1337    472.912   78.83344   -3.01016    34.1848    34.1884 0.0000e+00
    115.000    -1.4380    -1.4396   2.728112   2.728019    357.879    349.370     0.1281     0.0647     0.1333    473.909   78.83344   -3.01016    34.1969    34.1974 0.0000e+00
    116.000    -1.4156    -1.4159   2.730245   2.730370    358.410    349.309     0.1285     0.0565     0.1326    474.891   78.83344   -3.01016    34.2000    34.2021 0.0000e+00
    117.000    -1.4066    -1.4067   2.731284   2.731290    354.551    347.555     0.1289     0.0620     0.1324    475.876   78.83344   -3.01016    34.2034    34.2036 0.0000e+00
    118.000    -1.4012    -1.4013   2.731873   2.731871    348.689    345.413     0.1294     0.0587     0.1320    476.858   78.83344   -3.01016    34.2047    34.2048 0.0000e+00
    119.000    -1.3645    -1.3679   2.735304   2.735168    344.676    343.139     0.1298     0.0550     0.1318    477.848   78.83344   -3.01016    34.2093    34.2114 0.0000e+00
    120.000    -1.2458    -1.2480   2.746405   2.746377    343.437    341.178     0.1302     0.0489     0.1330    478.848   78.83345   -3.01016    34.2257    34.2278 0.0000e+00
    121.000    -1.2235    -1.2248   2.748710   2.748564    346.660    342.506     0.1307     0.0434     0.1314    479.869   78.83346   -3.01015    34.2312    34.2306 0.0000e+00
    122.000    -1.2164    -1.2171   2.749499   2.749415    348.576    342.790     0.1311     0.0500     0.1315    480.911   78.83345   -3.01014    34.2333    34.2329 0.0000e+00
    123.000    -1.2071    -1.2089   2.750545   2.750391    344.467    340.928     0.1315     0.0521     0.1315    481.959   78.83344   -3.01014    34.2363    34.2363 0.0000e+00
    124.000    -1.1319    -1.1359   2.757632   2.757477    340.186    338.760     0.1319     0.0473     0.1315    482.986   78.83344   -3.01014    34.2469    34.2494 0.0000e+00
    125.000    -1.0468    -1.0486   2.765859   2.765847    340.202    337.656     0.1323     0.0455     0.1315    483.983   78.83344   -3.01014    34.2617    34.2636 0.0000e+00
    126.000    -0.9102    -0.9155   2.778763   2.778600    342.415    337.259     0.1326     0.0344     0.1314    484.953   78.83344   -3.01014    34.2812    34.2852 0.0000e+00
    127.000    -0.7314    -0.7365   2.795444   2.795308    342.740    336.197     0.1330     0.0402     0.1314    485.924   78.83344   -3.01014    34.3037    34.3077 0.0000e+00
    128.000    -0.5669    -0.5754   2.810768   2.810291    341.324    335.518     0.1332     0.0477     0.1321    486.903   78.83344   -3.01013    34.3234    34.3267 0.0000e+00
    129.000    -0.4212    -0.4245   2.824361   2.824215    337.447    334.138     0.1335     0.0606     0.1324    487.882   78.83344   -3.01012    34.3407    34.3425 0.0000e+00
    130.000    -0.4758    -0.4691   2.820275   2.820411    334.023    333.557     0.1337     0.0686     0.1336    488.864   78.83344   -3.01012    34.3469    34.3412 0.0000e+00
    131.000    -0.5246    -0.5261   2.816939   2.816821    326.656    331.698     0.1339     0.0559     0.1340    489.857   78.83344   -3.01012    34.3567    34.3569 0.0000e+00
    132.000    -0.4618    -0.4645   2.822892   2.822728    316.940    328.071     0.1340     0.0381     0.1341    490.868   78.83344   -3.01012    34.3651    34.3659 0.0000e+00
    133.000    -0.3973    -0.3991   2.828994   2.828850    317.333    327.110     0.1341     0.0375     0.1350    491.865   78.83344   -3.01012    34.3733    34.3735 0.0000e+00
    134.000    -0.3205    -0.3238   2.836307   2.836052    324.144    326.231     0.1342     0.0425     0.1355    492.864   78.83345   -3.01012    34.3838    34.3841 0.0000e+00
    135.000    -0.2962    -0.2943   2.838641   2.838795    328.540    325.182     0.1342     0.0456     0.1356    493.890   78.83346   -3.01012    34.3870    34.3870 0.0000e+00
    136.000    -0.2574    -0.2571   2.842353   2.842355    327.430    324.569     0.1341     0.0353     0.1348    494.928   78.83346   -3.01012    34.3921    34.3918 0.0000e+00
    137.000    -0.2313    -0.2308   2.845155   2.845086    325.664    323.979     0.1340     0.0422     0.1340    495.967   78.83345   -3.01012    34.3995    34.3980 0.0000e+00
    138.000    -0.2113    -0.2120   2.847479   2.847372    325.622    323.986     0.1338     0.0547     0.1334    496.992   78.83344   -3.01012    34.4074    34.4067 0.0000e+00
    139.000    -0.2048    -0.2041   2.849091   2.849009    325.036    323.789     0.1336     0.0479     0.1336    497.994   78.83344   -3.01011    34.4209    34.4190 0.0000e+00
    140.000    -0.1188    -0.1287   2.857425   2.856788    324.278    322.601     0.1333     0.0407     0.1337    498.979   78.83344   -3.01010    34.4343    34.4369 0.0000e+00
    141.000     0.0189     0.0140   2.870451   2.870139    323.491    320.495     0.1329     0.0350     0.1337    499.967   78.83344   -3.01010    34.4515    34.4528 0.0000e+00
    142.000     0.1356     0.1283   2.881456   2.881049    325.030    320.020     0.1325     0.0339     0.1335    500.953   78.83344   -3.01009    34.4652    34.4680 0.0000e+00
    143.000     0.3492     0.3395   2.901576   2.901133    324.918    319.118     0.1320     0.0349     0.1329    501.932   78.83344   -3.01009    34.4900    34.4951 0.0000e+00
    144.000     0.6831     0.6651   2.933333   2.932485    322.541    318.519     0.1314     0.0381     0.1369    502.909   78.83344   -3.01010    34.5312    34.5402 0.0000e+00
    145.000     0.8900     0.8888   2.953347   2.953169    322.887    320.314     0.1308     0.0475     0.1470    503.898   78.83344   -3.01011    34.5600    34.5589 0.0000e+00
    146.000     0.9786     0.9677   2.961974   2.961148    323.674    323.066     0.1302     0.0534     0.1356    504.893   78.83344   -3.01012    34.5724    34.5738 0.0000e+00
    147.000     1.1705     1.1706   2.980703   2.980959    315.289    320.911     0.1295     0.0504     0.1338    505.904   78.83345   -3.01012    34.5999    34.6032 0.0000e+00
    148.000     1.2787     1.2753   2.991419   2.990976    308.356    321.013     0.1288     0.0591     0.1341    506.929   78.83346   -3.01011    34.6169    34.6151 0.0000e+00
    149.000     1.3760     1.3702   3.000835   3.000596    307.537    320.940     0.1280     0.0718     0.1357    507.955   78.83346   -3.01009    34.6291    34.6325 0.0000e+00
    150.000     1.4969     1.5023   3.012689   3.013074    307.006    319.540     0.1272     0.0679     0.1376    508.982   78.83346   -3.01008    34.6461    34.6451 0.0000e+00
    151.000     1.5399     1.5381   3.016942   3.016693    310.198    320.315     0.1265     0.0709     0.1381    510.022   78.83344   -3.01008    34.6522    34.6510 0.0000e+00
    152.000     1.5930     1.5890   3.022161   3.021676    311.942    319.457     0.1257     0.0786     0.1401    511.050   78.83344   -3.01008    34.6594    34.6577 0.0000e+00
    153.000     1.6677     1.6571   3.029439   3.028440    312.133    318.269     0.1249     0.0790     0.1426    512.052   78.83344   -3.01010    34.6689    34.6678 0.0000e+00
    154.000     1.6963     1.6972   3.032730   3.032551    313.849    318.027     0.1241     0.0743     0.1441    513.023   78.83344   -3.01010    34.6784    34.6752 0.0000e+00
    155.000     1.7410     1.7348   3.037367   3.036703    315.907    318.118     0.1233     0.0691     0.1459    513.988   78.83344   -3.01010    34.6874    34.6857 0.0000e+00
    156.000     1.8278     1.8214   3.046158   3.045677    315.326    317.051     0.1225     0.0679     0.1474    514.961   78.83344   -3.01010    34.7023    34.7032 0.0000e+00
    157.000     2.1237     2.1087   3.076292   3.075495    314.103    314.712     0.1218     0.0631     0.1488    515.942   78.83344   -3.01009    34.7556    34.7620 0.0000e+00
    158.000     2.2854     2.2858   3.093034   3.092921    317.471    315.571     0.1211     0.0548     0.1486    516.920   78.83345   -3.01008    34.7872    34.7854 0.0000e+00
    159.000     2.3111     2.3087   3.095799   3.095322    320.871    317.843     0.1204     0.0474     0.1490    517.908   78.83346   -3.01008    34.7931    34.7897 0.0000e+00
    160.000     2.3154     2.3153   3.096311   3.096044    314.658    316.582     0.1198     0.0425     0.1491    518.923   78.83346   -3.01008    34.7941    34.7909 0.0000e+00
    161.000     2.3263     2.3262   3.097350   3.097178    305.751    314.876     0.1192     0.0493     0.1494    519.949   78.83346   -3.01008    34.7946    34.7925 0.0000e+00
    162.000     2.3456     2.3438   3.099272   3.098876    303.917    314.061     0.1186     0.0413     0.1487    520.983   78.83346   -3.01008    34.7969    34.7939 0.0000e+00
    163.000     2.3604     2.3580   3.100733   3.100306    307.841    313.717     0.1180     0.0410     0.1494    522.022   78.83344   -3.01008    34.7982    34.7956 0.0000e+00
    164.000     2.3971     2.3924   3.104402   3.103919    311.511    313.375     0.1175     0.0484     0.1496    523.035   78.83344   -3.01010    34.8032    34.8023 0.0000e+00
    165.000     2.4650     2.4644   3.111332   3.111113    314.125    313.072     0.1170     0.0436     0.1486    524.031   78.83346   -3.01010    34.8146    34.8125 0.0000e+00
    166.000     2.4799     2.4809   3.112884   3.112770    316.377    313.459     0.1166     0.0486     0.1486    525.016   78.83346   -3.01010    34.8170    34.8146 0.0000e+00
    167.000     2.5246     2.5217   3.117434   3.117132    316.490    313.173     0.1161     0.0429     0.1493    525.990   78.83346   -3.01010    34.8241    34.8236 0.0000e+00
    168.000     2.6053     2.6040   3.125761   3.125588    314.593    312.213     0.1157     0.0408     0.1486    526.989   78.83346   -3.01009    34.8387    34.8378 0.0000e+00
    169.000     2.6876     2.6809   3.134165   3.133578    314.133    312.080     0.1154     0.0410     0.1486    527.996   78.83346   -3.01008    34.8522    34.8522 0.0000e+00
    170.000     2.7836     2.7827   3.144190   3.144061    313.793    311.692     0.1150     0.0424     0.1488    529.000   78.83346   -3.01008    34.8707    34.8701 0.0000e+00
    171.000     2.8562     2.8535   3.151684   3.151305    313.349    312.036     0.1147     0.0399     0.1493    529.993   78.83346   -3.01008    34.8833    34.8816 0.0000e+00
    172.000     2.8780     2.8778   3.153966   3.153709    311.857    312.174     0.1144     0.0353     0.1497    530.959   78.83346   -3.01008    34.8871    34.8842 0.0000e+00
    173.000     2.8794     2.8799   3.154156   3.153967    309.795    311.418     0.1141     0.0366     0.1497    531.933   78.83346   -3.01008    34.8874    34.8844 0.0000e+00
    174.000     2.8821     2.8833   3.154464   3.154369    307.522    310.492     0.1138     0.0427     0.1497    532.923   78.83346   -3.01008    34.8877    34.8852 0.0000e+00
    175.000     2.9795     2.9740   3.164427   3.164091    305.779    309.014     0.1135     0.0558     0.1499    533.937   78.83346   -3.01009    34.9034    34.9053 0.0000e+00
    176.000     3.0624     3.0606   3.173097   3.172849    308.150    308.882     0.1133     0.0423     0.1505    534.964   78.83346   -3.01010    34.9190    34.9179 0.0000e+00
    177.000     3.0932     3.0939   3.176370   3.176216    312.146    309.945     0.1130     0.0295     0.1507    535.993   78.83346   -3.01010    34.9251    34.9224 0.0000e+00
    178.000     3.0993     3.0989   3.177047   3.176824    311.956    309.701     0.1128     0.0383     0.1501    537.003   78.83346   -3.01009    34.9261    34.9238 0.0000e+00
    179.000     3.1118     3.1122   3.178467   3.178293    308.546    308.991     0.1125     0.0375     0.1505    538.013   78.83346   -3.01008    34.9293    34.9268 0.0000e+00
    180.000     3.1106     3.1111   3.178489   3.178332    307.423    308.773     0.1122     0.0303     0.1509    539.018   78.83346   -3.01008    34.9304    34.9279 0.0000e+00
    181.000     3.1367     3.1346   3.181160   3.180859    307.947    308.123     0.1120     0.0234     0.1508    540.009   78.83346   -3.01008    34.9341    34.9327 0.0000e+00
