test_project/cnv_files/sta0197_bin.cnv
* Sea-Bird SBE 9 Data File:
* FileName = C:\Seabird\CTDDATA\Sta0197.hex
* Software Version Seasave V 7.26.7.107
* Temperature SN = 03-4535
* Conductivity SN = 2860
* Number of Bytes Per Scan = 44
* Number of Voltage Words = 5
* Number of Scans Averaged by the Deck Unit = 1
* NMEA Latitude = 78 49.48 N
* NMEA Longitude = 002 30.32 W
* NMEA UTC (Time) = Sep 02 2019 22:27:21
* NMEA baud rate = 9600
** Ship: "Kronprins Haakon"
** Station: 197
** Echodepth: 2588
** Log: 5737.160
** Wind-Dir Force(m/s): 03 30
** Air-temp (dry): -1.3
** Weather Sky: 4 8
** Sea Ice: 5 0
# nquan = 16
# nvalues = 2622                        
# units = specified
# name 0 = prDM: Pressure, Digiquartz [db]
# name 1 = t090C: Temperature [ITS-90, deg C]
# name 2 = t190C: Temperature, 2 [ITS-90, deg C]
# name 3 = c0S/m: Conductivity [S/m]
# name 4 = c1S/m: Conductivity, 2 [S/m]
# name 5 = sbox0Mm/Kg: Oxygen, SBE 43 [umol/kg]
# name 6 = sbox1Mm/Kg: Oxygen, SBE 43, 2 [umol/kg]
# name 7 = wetCDOM: Fluorescence, WET Labs CDOM [mg/m^3]
# name 8 = flECO-AFL: Fluorescence, WET Labs ECO-AFL/FL [mg/m^3]
# name 9 = CStarAt0: Beam Attenuation, WET Labs C-Star [1/m]
# name 10 = timeS: Time, Elapsed [seconds]
# name 11 = latitude: Latitude [deg]
# name 12 = longitude: Longitude [deg]
# name 13 = sal00: Salinity, Practical [PSU]
# name 14 = sal11: Salinity, Practical, 2 [PSU]
# name 15 = flag: flag
# span 0 =      1.000,   2622.000       
# span 1 =    -1.7661,     3.5013       
# span 2 =    -1.7662,     3.5009       
# span 3 =   2.505170,   3.216688       
# span 4 =   2.504442,   3.216432       
# span 5 =    299.809,    421.687       
# span 6 =    297.548,    411.143       
# span 7 =     0.0994,     0.1739       
# span 8 =    -0.0068,     1.4568       
# span 9 =     0.1051,     0.3810       
# span 10 =    288.757,   3002.414      
# span 11 =   78.82466,   78.82472      
# span 12 =   -2.50577,   -2.50536      
# span 13 =    30.9828,    34.9942      
# span 14 =    30.9730,    34.9938      
# span 15 = 0.0000e+00, 0.0000e+00      
# interval = decibars: 1                
# start_time = Sep 02 2019 22:27:21 [NMEA time, header]
# bad_flag = -9.990e-29
*END*
[from data line 1628]
   1629.000    -0.4620    -0.4620   2.929464   2.929525    321.680    312.542     0.1182     0.0009     0.1095   2008.361   78.82468   -2.50558    34.9136    34.9144 0.0000e+00
   1630.000    -0.4619    -0.4620   2.929514   2.929565    321.904    312.613     0.1183    -0.0003     0.1099   2009.360   78.82468   -2.50558    34.9137    34.9144 0.0000e+00
   1631.000    -0.4620    -0.4620   2.929553   2.929604    321.677    312.515     0.1185     0.0003     0.1098   2010.348   78.82468   -2.50558    34.9136    34.9144 0.0000e+00
   1632.000    -0.4630    -0.4629   2.929505   2.929568    321.559    312.215     0.1186    -0.0002     0.1093   2011.324   78.82468   -2.50558    34.9136    34.9144 0.0000e+00
   1633.000    -0.4635    -0.4636   2.929498   2.929555    321.370    312.440     0.1187    -0.0003     0.1091   2012.304   78.82468   -2.50558    34.9136    34.9144 0.0000e+00
   1634.000    -0.4633    -0.4633   2.929567   2.929623    321.133    312.640     0.1188    -0.0003     0.1092   2013.294   78.82468   -2.50558    34.9137    34.9145 0.0000e+00
   1635.000    -0.4635    -0.4635   2.929597   2.929647    321.738    312.335     0.1190     0.0004     0.1127   2014.295   78.82468   -2.50556    34.9138    34.9145 0.0000e+00
   1636.000    -0.4649    -0.4649   2.929514   2.929566    321.680    312.475     0.1191     0.0012     0.1586   2015.306   78.82468   -2.50556    34.9137    34.9144 0.0000e+00
   1637.000    -0.4661    -0.4663   2.929438   2.929484    321.057    312.461     0.1192     0.0032     0.1125   2016.327   78.82468   -2.50556    34.9135    34.9143 0.0000e+00
   1638.000    -0.4670    -0.4670   2.929407   2.929467    321.346    312.455     0.1193     0.0070     0.1094   2017.348   78.82468   -2.50556    34.9136    34.9143 0.0000e+00
   1639.000    -0.4681    -0.4681   2.929365   2.929420    321.413    312.158     0.1194     0.0001     0.1093   2018.348   78.82468   -2.50556    34.9136    34.9144 0.0000e+00
   1640.000    -0.4676    -0.4677   2.929453   2.929518    321.350    312.454     0.1195    -0.0001     0.1092   2019.329   78.82468   -2.50556    34.9137    34.9147 0.0000e+00
   1641.000    -0.4687    -0.4687   2.929403   2.929458    321.633    312.413     0.1196     0.0004     0.1100   2020.306   78.82468   -2.50556    34.9138    34.9145 0.0000e+00
   1642.000    -0.4696    -0.4696   2.929367   2.929419    322.114    312.183     0.1196     0.0006     0.1095   2021.292   78.82468   -2.50556    34.9138    34.9145 0.0000e+00
   1643.000    -0.4710    -0.4709   2.929285   2.929340    322.091    311.987     0.1197    -0.0006     0.1098   2022.287   78.82468   -2.50556    34.9137    34.9143 0.0000e+00
   1644.000    -0.4742    -0.4742   2.929035   2.929079    321.278    312.018     0.1197     0.0005     0.1095   2023.284   78.82468   -2.50554    34.9134    34.9141 0.0000e+00
   1645.000    -0.4752    -0.4753   2.928982   2.929041    320.726    311.684     0.1198     0.0002     0.1099   2024.266   78.82468   -2.50554    34.9134    34.9142 0.0000e+00
   1646.000    -0.4753    -0.4755   2.929023   2.929074    320.410    312.103     0.1198     0.0014     0.1096   2025.249   78.82468   -2.50554    34.9135    34.9143 0.0000e+00
   1647.000    -0.4754    -0.4754   2.929057   2.929116    320.645    312.203     0.1198     0.0010     0.1099   2026.251   78.82468   -2.50554    34.9134    34.9143 0.0000e+00
   1648.000    -0.4755    -0.4755   2.929110   2.929154    321.665    312.571     0.1198     0.0019     0.1096   2027.259   78.82468   -2.50554    34.9137    34.9143 0.0000e+00
   1649.000    -0.4759    -0.4758   2.929111   2.929164    321.560    312.684     0.1198     0.0004     0.1096   2028.263   78.82468   -2.50554    34.9136    34.9143 0.0000e+00
   1650.000    -0.4763    -0.4764   2.929121   2.929160    321.589    312.628     0.1197    -0.0003     0.1092   2029.255   78.82468   -2.50554    34.9136    34.9143 0.0000e+00
   1651.000    -0.4767    -0.4767   2.929114   2.929177    321.609    312.635     0.1196    -0.0046     0.1095   2030.243   78.82468   -2.50554    34.9135    34.9143 0.0000e+00
   1652.000    -0.4771    -0.4770   2.929150   2.929204    322.166    312.164     0.1196     0.0001     0.1093   2031.241   78.82468   -2.50552    34.9138    34.9145 0.0000e+00
   1653.000    -0.4771    -0.4772   2.929181   2.929225    321.387    311.750     0.1194     0.0005     0.1092   2032.255   78.82470   -2.50552    34.9137    34.9144 0.0000e+00
   1654.000    -0.4779    -0.4778   2.929158   2.929216    322.256    312.307     0.1193     0.0014     0.1092   2033.277   78.82470   -2.50552    34.9138    34.9144 0.0000e+00
   1655.000    -0.4786    -0.4786   2.929132   2.929189    321.434    312.386     0.1192     0.0008     0.1096   2034.292   78.82470   -2.50550    34.9137    34.9144 0.0000e+00
   1656.000    -0.4792    -0.4792   2.929135   2.929190    321.010    311.608     0.1191     0.0002     0.1093   2035.294   78.82470   -2.50550    34.9138    34.9146 0.0000e+00
   1657.000    -0.4799    -0.4799   2.929101   2.929165    321.009    311.949     0.1189     0.0006     0.1100   2036.278   78.82470   -2.50550    34.9136    34.9145 0.0000e+00
   1658.000    -0.4805    -0.4806   2.929091   2.929138    321.190    312.364     0.1188    -0.0004     0.1101   2037.250   78.82470   -2.50552    34.9136    34.9144 0.0000e+00
   1659.000    -0.4809    -0.4810   2.929093   2.929142    321.595    312.256     0.1187    -0.0005     0.1097   2038.226   78.82470   -2.50552    34.9136    34.9143 0.0000e+00
   1660.000    -0.4815    -0.4816   2.929077   2.929133    321.558    311.837     0.1186    -0.0010     0.1091   2039.220   78.82468   -2.50552    34.9135    34.9143 0.0000e+00
   1661.000    -0.4820    -0.4820   2.929080   2.929138    321.331    311.578     0.1185     0.0024     0.1091   2040.220   78.82468   -2.50552    34.9136    34.9143 0.0000e+00
   1662.000    -0.4832    -0.4832   2.929019   2.929082    320.941    312.129     0.1184     0.0075     0.1092   2041.214   78.82470   -2.50550    34.9135    34.9144 0.0000e+00
   1663.000    -0.4841    -0.4842   2.928990   2.929033    320.775    312.122     0.1183     0.0003     0.1098   2042.194   78.82470   -2.50550    34.9136    34.9143 0.0000e+00
   1664.000    -0.4841    -0.4842   2.929023   2.929086    321.306    311.619     0.1182    -0.0053     0.1092   2043.189   78.82470   -2.50548    34.9135    34.9144 0.0000e+00
   1665.000    -0.4845    -0.4844   2.929034   2.929094    321.302    311.786     0.1182     0.0001     0.1092   2044.202   78.82470   -2.50548    34.9135    34.9142 0.0000e+00
   1666.000    -0.4849    -0.4849   2.929042   2.929098    321.265    312.089     0.1181     0.0077     0.1091   2045.228   78.82470   -2.50548    34.9135    34.9143 0.0000e+00
   1667.000    -0.4853    -0.4854   2.929040   2.929096    321.347    312.240     0.1181     0.0018     0.1097   2046.240   78.82470   -2.50550    34.9135    34.9142 0.0000e+00
   1668.000    -0.4857    -0.4857   2.929065   2.929113    321.597    312.323     0.1181     0.0006     0.1093   2047.237   78.82470   -2.50550    34.9136    34.9143 0.0000e+00
   1669.000    -0.4858    -0.4858   2.929098   2.929152    321.538    312.334     0.1180     0.0057     0.1093   2048.220   78.82470   -2.50550    34.9136    34.9144 0.0000e+00
   1670.000    -0.4859    -0.4859   2.929130   2.929190    321.528    312.364     0.1180     0.0048     0.1092   2049.200   78.82470   -2.50550    34.9136    34.9144 0.0000e+00
   1671.000    -0.4861    -0.4861   2.929165   2.929213    321.498    312.367     0.1180     0.0004     0.1091   2050.190   78.82470   -2.50548    34.9137    34.9144 0.0000e+00
   1672.000    -0.4860    -0.4861   2.929211   2.929253    321.069    312.273     0.1179     0.0013     0.1091   2051.192   78.82470   -2.50548    34.9138    34.9144 0.0000e+00
   1673.000    -0.4862    -0.4862   2.929245   2.929302    321.336    312.141     0.1179     0.0014     0.1092   2052.212   78.82470   -2.50548    34.9139    34.9146 0.0000e+00
   1674.000    -0.4866    -0.4866   2.929244   2.929290    321.477    311.789     0.1179     0.0004     0.1098   2053.223   78.82470   -2.50548    34.9138    34.9144 0.0000e+00
   1675.000    -0.4872    -0.4872   2.929238   2.929295    321.127    311.933     0.1179     0.0002     0.1093   2054.208   78.82470   -2.50548    34.9138    34.9146 0.0000e+00
   1676.000    -0.4875    -0.4875   2.929253   2.929297    320.856    311.685     0.1179     0.0010     0.1095   2055.164   78.82470   -2.50548    34.9138    34.9144 0.0000e+00
   1677.000    -0.4882    -0.4883   2.929227   2.929281    320.850    311.330     0.1179     0.0011     0.1096   2056.116   78.82470   -2.50548    34.9137    34.9145 0.0000e+00
   1678.000    -0.4888    -0.4889   2.929221   2.929268    320.830    311.787     0.1180     0.0004     0.1094   2057.085   78.82470   -2.50548    34.9137    34.9145 0.0000e+00
   1679.000    -0.4891    -0.4891   2.929238   2.929300    320.604    311.246     0.1180     0.0010     0.1093   2058.070   78.82470   -2.50548    34.9137    34.9146 0.0000e+00
   1680.000    -0.4891    -0.4891   2.929278   2.929331    320.824    311.479     0.1180     0.0011     0.1092   2059.063   78.82470   -2.50546    34.9137    34.9144 0.0000e+00
   1681.000    -0.4898    -0.4898   2.929271   2.929325    320.347    311.928     0.1181     0.0007     0.1091   2060.063   78.82470   -2.50546    34.9138    34.9145 0.0000e+00
   1682.000    -0.4898    -0.4898   2.929309   2.929360    320.249    311.591     0.1181     0.0006     0.1095   2061.074   78.82470   -2.50546    34.9138    34.9145 0.0000e+00
   1683.000    -0.4897    -0.4897   2.929357   2.929410    320.998    311.067     0.1182     0.0002     0.1100   2062.099   78.82470   -2.50546    34.9138    34.9145 0.0000e+00
   1684.000    -0.4895    -0.4895   2.929429   2.929475    320.880    311.647     0.1182     0.0009     0.1097   2063.120   78.82470   -2.50546    34.9139    34.9146 0.0000e+00
   1685.000    -0.4895    -0.4896   2.929468   2.929526    320.332    311.821     0.1183     0.0019     0.1100   2064.114   78.82470   -2.50546    34.9139    34.9148 0.0000e+00
   1686.000    -0.4900    -0.4900   2.929474   2.929532    320.765    311.812     0.1183     0.0083     0.1092   2065.097   78.82470   -2.50546    34.9140    34.9148 0.0000e+00
   1687.000    -0.4905    -0.4907   2.929472   2.929503    320.669    311.678     0.1184     0.0010     0.1092   2066.083   78.82470   -2.50546    34.9140    34.9146 0.0000e+00
   1688.000    -0.4910    -0.4910   2.929464   2.929525    320.628    311.303     0.1184     0.0013     0.1094   2067.068   78.82470   -2.50546    34.9139    34.9147 0.0000e+00
   1689.000    -0.4918    -0.4918   2.929430   2.929488    320.488    311.234     0.1185     0.0079     0.1092   2068.056   78.82470   -2.50546    34.9138    34.9145 0.0000e+00
   1690.000    -0.4931    -0.4931   2.929359   2.929414    320.360    310.971     0.1185     0.0092     0.1093   2069.052   78.82470   -2.50544    34.9138    34.9145 0.0000e+00
   1691.000    -0.4932    -0.4933   2.929392   2.929443    320.621    310.855     0.1185     0.0043     0.1093   2070.054   78.82470   -2.50544    34.9138    34.9146 0.0000e+00
   1692.000    -0.4937    -0.4937   2.929395   2.929449    320.398    311.400     0.1185     0.0007     0.1095   2071.055   78.82470   -2.50544    34.9139    34.9146 0.0000e+00
   1693.000    -0.4938    -0.4939   2.929424   2.929488    320.425    311.171     0.1184     0.0047     0.1093   2072.054   78.82470   -2.50544    34.9138    34.9148 0.0000e+00
   1694.000    -0.4937    -0.4937   2.929489   2.929553    320.180    310.737     0.1184     0.0056     0.1094   2073.050   78.82470   -2.50544    34.9140    34.9148 0.0000e+00
   1695.000    -0.4938    -0.4938   2.929523   2.929585    319.792    311.144     0.1184     0.0019     0.1098   2074.050   78.82470   -2.50544    34.9140    34.9149 0.0000e+00
   1696.000    -0.4946    -0.4947   2.929494   2.929548    319.815    311.255     0.1183     0.0076     0.1093   2075.049   78.82470   -2.50544    34.9140    34.9148 0.0000e+00
   1697.000    -0.4947    -0.4947   2.929529   2.929588    320.159    310.478     0.1183     0.0010     0.1092   2076.037   78.82470   -2.50544    34.9140    34.9148 0.0000e+00
   1698.000    -0.4950    -0.4951   2.929544   2.929605    319.399    310.728     0.1182     0.0003     0.1099   2077.014   78.82470   -2.50544    34.9140    34.9149 0.0000e+00
   1699.000    -0.4950    -0.4951   2.929601   2.929657    319.674    310.843     0.1182     0.0012     0.1103   2077.995   78.82470   -2.50544    34.9143    34.9151 0.0000e+00
   1700.000    -0.4949    -0.4949   2.929655   2.929715    319.945    310.427     0.1182     0.0008     0.1095   2078.990   78.82470   -2.50543    34.9143    34.9151 0.0000e+00
   1701.000    -0.4950    -0.4950   2.929700   2.929746    319.360    310.768     0.1181     0.0105     0.1091   2079.989   78.82470   -2.50542    34.9145    34.9151 0.0000e+00
   1702.000    -0.4958    -0.4959   2.929668   2.929722    319.142    310.639     0.1181     0.0049     0.1092   2080.991   78.82470   -2.50542    34.9144    34.9152 0.0000e+00
   1703.000    -0.4977    -0.4980   2.929542   2.929566    319.104    310.275     0.1181     0.0002     0.1094   2081.996   78.82470   -2.50543    34.9142    34.9150 0.0000e+00
   1704.000    -0.4977    -0.4975   2.929572   2.929649    318.851    310.541     0.1181     0.0006     0.1096   2083.004   78.82470   -2.50544    34.9141    34.9150 0.0000e+00
   1705.000    -0.4992    -0.4991   2.929482   2.929548    319.009    310.091     0.1181     0.0006     0.1095   2084.003   78.82470   -2.50544    34.9141    34.9149 0.0000e+00
   1706.000    -0.5000    -0.5001   2.929448   2.929504    318.953    310.000     0.1181     0.0031     0.1092   2084.991   78.82470   -2.50543    34.9140    34.9148 0.0000e+00
   1707.000    -0.5002    -0.5004   2.929467   2.929522    318.968    310.016     0.1181     0.0091     0.1091   2085.968   78.82470   -2.50542    34.9140    34.9148 0.0000e+00
   1708.000    -0.5004    -0.5001   2.929497   2.929607    319.396    309.917     0.1181     0.0081     0.1092   2086.957   78.82470   -2.50542    34.9140    34.9151 0.0000e+00
   1709.000    -0.4987    -0.4990   2.929700   2.929729    319.113    310.368     0.1182    -0.0004     0.1091   2087.962   78.82470   -2.50542    34.9142    34.9150 0.0000e+00
   1710.000    -0.4993    -0.4992   2.929694   2.929756    319.584    310.186     0.1182    -0.0056     0.1092   2088.963   78.82470   -2.50542    34.9143    34.9150 0.0000e+00
   1711.000    -0.4990    -0.4992   2.929754   2.929808    319.376    310.004     0.1182    -0.0055     0.1091   2089.956   78.82470   -2.50542    34.9142    34.9151 0.0000e+00
   1712.000    -0.5007    -0.5006   2.929642   2.929702    319.399    310.042     0.1182    -0.0010     0.1091   2090.942   78.82470   -2.50542    34.9141    34.9148 0.0000e+00
   1713.000    -0.5030    -0.5029   2.929472   2.929544    319.466    310.389     0.1183     0.0067     0.1091   2091.927   78.82470   -2.50542    34.9138    34.9147 0.0000e+00
   1714.000    -0.5047    -0.5047   2.929361   2.929421    319.367    310.574     0.1183     0.0047     0.1093   2092.909   78.82470   -2.50542    34.9138    34.9146 0.0000e+00
   1715.000    -0.5052    -0.5052   2.929357   2.929418    319.118    310.449     0.1183     0.0007     0.1093   2093.890   78.82470   -2.50542    34.9137    34.9146 0.0000e+00
   1716.000    -0.5056    -0.5057   2.929364   2.929410    319.452    310.397     0.1183     0.0052     0.1096   2094.879   78.82470   -2.50542    34.9138    34.9144 0.0000e+00
   1717.000    -0.5057    -0.5058   2.929397   2.929456    320.313    310.705     0.1183     0.0093     0.1100   2095.878   78.82470   -2.50542    34.9137    34.9146 0.0000e+00
