test_project/cnv_files/Sta0229_bin.cnv
* Sea-Bird SBE 9 Data File:
* FileName = C:\Seabird\CTDDATA\Sta0229.hex
* Software Version Seasave V 7.26.7.107
* Temperature SN = 03-4535
* Conductivity SN = 2860
* Number of Bytes Per Scan = 44
* Number of Voltage Words = 5
* Number of Scans Averaged by the Deck Unit = 1
* NMEA Latitude = 77 54.54 N
* NMEA Longitude = 017 07.95 W
* NMEA UTC (Time) = Sep 08 2019 13:06:02
* NMEA baud rate = 9600
** Ship: "Kronprins Haakon"
** Station: 0229
** Echodepth: 336
** Log: 6087.692
** Wind-Dir Force(m/s): 35 09
** Air-temp (dry): -2.9
** Weather Sky: 0 1
** Sea Ice: 0 5
# nquan = 17
# nvalues = 318                         
# units = specified
# name 0 = prDM: Pressure, Digiquartz [db]
# name 1 = t090C: Temperature [ITS-90, deg C]
# name 2 = t190C: Temperature, 2 [ITS-90, deg C]
# name 3 = c0S/m: Conductivity [S/m]
# name 4 = c1S/m: Conductivity, 2 [S/m]
# name 5 = sbox0Mm/Kg: Oxygen, SBE 43 [umol/kg]
# name 6 = sbox1Mm/Kg: Oxygen, SBE 43, 2 [umol/kg]
# name 7 = wetCDOM: Fluorescence, WET Labs CDOM [mg/m^3]
# name 8 = flECO-AFL: Fluorescence, WET Labs ECO-AFL/FL [mg/m^3]
# name 9 = CStarAt0: Beam Attenuation, WET Labs C-Star [1/m]
# name 10 = timeS: Time, Elapsed [seconds]
# name 11 = latitude: Latitude [deg]
# name 12 = longitude: Longitude [deg]
# name 13 = upoly0: Upoly 0, ISUS
# name 14 = sal00: Salinity, Practical [PSU]
# name 15 = sal11: Salinity, Practical, 2 [PSU]
# name 16 = flag: flag
# span 0 =      8.000,    325.000       
# span 1 =    -1.6704,     1.7260       
# span 2 =    -1.6703,     1.7261       
# span 3 =   2.345876,   3.056601       
# span 4 =   2.345849,   3.056581       
# span 5 =    305.157,    424.723       
# span 6 =    300.027,    414.028       
# span 7 =     0.1155,     0.1819       
# span 8 =     0.0011,     1.6636       
# span 9 =     0.1345,     0.3392       
# span 10 =     43.326,    401.762      
# span 11 =   77.90839,   77.90895      
# span 12 =  -17.13256,  -17.13199      
# span 13 =  12.544102,  25.257051      
# span 14 =    29.1133,    34.8951      
# span 15 =    29.1131,    34.8945      
# span 16 = 0.0000e+00, 0.0000e+00      
# interval = decibars: 1                
# start_time = Sep 08 2019 13:06:02 [NMEA time, header]
# bad_flag = -9.990e-29
*END*
[from data line 171]
    179.000     0.2694     0.2688   2.894018   2.893958    318.509    314.407     0.1325     0.0082     0.1414    230.879   77.90866  -17.13228  23.202711    34.4584    34.4583 0.0000e+00
    180.000     0.2917     0.2911   2.896335   2.896336    317.847    313.982     0.1323     0.0094     0.1407    231.913   77.90866  -17.13227  23.392512    34.4633    34.4640 0.0000e+00
    181.000     0.3459     0.3449   2.901938   2.901896    317.272    313.253     0.1321     0.0160     0.1413    232.948   77.90866  -17.13226  23.502639    34.4756    34.4762 0.0000e+00
    182.000     0.3588     0.3591   2.903589   2.903572    317.953    313.349     0.1319     0.0164     0.1403    233.985   77.90866  -17.13226  23.416967    34.4823    34.4817 0.0000e+00
    183.000     0.3758     0.3754   2.905547   2.905540    317.710    313.034     0.1317     0.0133     0.1401    235.023   77.90866  -17.13226  23.428174    34.4884    34.4887 0.0000e+00
    184.000     0.4270     0.4253   2.910908   2.910861    315.442    312.097     0.1315     0.0092     0.1400    236.061   77.90864  -17.13226  23.519859    34.5007    34.5020 0.0000e+00
    185.000     0.4720     0.4714   2.915421   2.915366    315.155    311.747     0.1312     0.0134     0.1400    237.095   77.90864  -17.13226  23.672146    34.5089    34.5089 0.0000e+00
    186.000     0.4990     0.4987   2.918298   2.918248    316.570    311.896     0.1310     0.0220     0.1400    238.128   77.90864  -17.13226  23.183868    34.5157    34.5154 0.0000e+00
    187.000     0.5090     0.5092   2.919424   2.919399    315.643    311.075     0.1307     0.0149     0.1404    239.164   77.90864  -17.13226  23.537132    34.5187    34.5181 0.0000e+00
    188.000     0.5179     0.5178   2.920448   2.920420    313.287    309.633     0.1305     0.0098     0.1404    240.198   77.90864  -17.13226  23.553180    34.5215    34.5212 0.0000e+00
    189.000     0.5238     0.5242   2.921134   2.921122    311.784    308.876     0.1302     0.0096     0.1408    241.230   77.90864  -17.13226  23.440057    34.5233    34.5227 0.0000e+00
    190.000     0.5145     0.5150   2.920531   2.920528    311.231    308.204     0.1300     0.0105     0.1412    242.265   77.90864  -17.13226  23.551729    34.5252    34.5246 0.0000e+00
    191.000     0.5198     0.5197   2.921334   2.921320    311.223    307.827     0.1297     0.0229     0.1422    243.298   77.90864  -17.13226  23.710755    34.5292    34.5291 0.0000e+00
    192.000     0.5335     0.5335   2.922851   2.922833    311.904    307.627     0.1294     0.0243     0.1427    244.335   77.90864  -17.13226  23.448889    34.5331    34.5329 0.0000e+00
    193.000     0.5567     0.5559   2.925434   2.925405    312.894    307.890     0.1292     0.0236     0.1423    245.373   77.90864  -17.13226  23.486811    34.5403    34.5408 0.0000e+00
    194.000     0.5748     0.5750   2.927412   2.927394    314.370    308.463     0.1289     0.0121     0.1413    246.409   77.90864  -17.13224  23.636653    34.5452    34.5448 0.0000e+00
    195.000     0.5840     0.5840   2.928559   2.928545    314.922    308.827     0.1287     0.0096     0.1410    247.442   77.90864  -17.13224  23.639246    34.5493    34.5492 0.0000e+00
    196.000     0.6021     0.6009   2.930629   2.930568    314.322    308.416     0.1284     0.0096     0.1407    248.477   77.90864  -17.13224  23.523240    34.5555    34.5561 0.0000e+00
    197.000     0.6469     0.6463   2.935273   2.935256    313.983    308.153     0.1282     0.0144     0.1401    249.513   77.90864  -17.13224  23.926842    34.5654    34.5659 0.0000e+00
    198.000     0.6627     0.6628   2.937277   2.937271    314.254    308.599     0.1279     0.0170     0.1407    250.551   77.90864  -17.13224  24.137664    34.5732    34.5730 0.0000e+00
    199.000     0.6674     0.6678   2.937945   2.937975    314.037    308.328     0.1276     0.0167     0.1410    251.587   77.90863  -17.13224  24.184670    34.5761    34.5760 0.0000e+00
    200.000     0.6814     0.6813   2.939626   2.939608    311.867    307.419     0.1273     0.0204     0.1411    252.618   77.90862  -17.13224  23.928430    34.5818    34.5816 0.0000e+00
    201.000     0.7040     0.7029   2.942104   2.942035    310.488    306.541     0.1271     0.0170     0.1408    253.653   77.90862  -17.13224  23.544468    34.5881    34.5885 0.0000e+00
    202.000     0.7287     0.7285   2.944789   2.944757    310.494    306.064     0.1268     0.0065     0.1402    254.689   77.90862  -17.13224  23.604608    34.5949    34.5947 0.0000e+00
    203.000     0.7407     0.7406   2.946151   2.946137    311.402    306.091     0.1265     0.0045     0.1426    255.723   77.90862  -17.13224  23.571023    34.5986    34.5985 0.0000e+00
    204.000     0.7548     0.7545   2.947722   2.947679    311.222    306.217     0.1262     0.0096     0.1555    256.760   77.90862  -17.13224  23.446768    34.6027    34.6024 0.0000e+00
    205.000     0.7590     0.7592   2.948219   2.948191    310.747    305.951     0.1259     0.0075     0.1411    257.793   77.90862  -17.13223  23.608931    34.6039    34.6033 0.0000e+00
    206.000     0.7685     0.7685   2.949249   2.949218    310.513    305.632     0.1257     0.0058     0.1411    258.830   77.90862  -17.13222  23.998551    34.6061    34.6056 0.0000e+00
    207.000     0.7720     0.7723   2.949694   2.949688    310.409    305.410     0.1254     0.0167     0.1413    259.870   77.90862  -17.13222  24.096285    34.6073    34.6069 0.0000e+00
    208.000     0.7754     0.7754   2.950144   2.950129    311.073    305.235     0.1252     0.0156     0.1415    260.906   77.90861  -17.13222  24.008392    34.6087    34.6085 0.0000e+00
    209.000     0.7856     0.7855   2.951391   2.951387    311.018    304.836     0.1249     0.0114     0.1426    261.946   77.90860  -17.13221  24.025201    34.6130    34.6130 0.0000e+00
    210.000     0.7941     0.7942   2.952373   2.952347    311.012    304.913     0.1247     0.0218     0.1428    262.984   77.90860  -17.13220  23.909179    34.6156    34.6152 0.0000e+00
    211.000     0.8040     0.8040   2.953509   2.953485    311.368    305.248     0.1244     0.0104     0.1432    264.021   77.90860  -17.13220  23.890475    34.6187    34.6184 0.0000e+00
    212.000     0.8088     0.8089   2.954122   2.954114    311.059    305.129     0.1242     0.0098     0.1442    265.059   77.90860  -17.13220  24.520179    34.6208    34.6205 0.0000e+00
    213.000     0.8180     0.8179   2.955200   2.955204    310.624    305.021     0.1240     0.0161     0.1437    266.093   77.90860  -17.13220  24.460531    34.6239    34.6241 0.0000e+00
    214.000     0.8302     0.8301   2.956571   2.956565    310.514    305.106     0.1238     0.0227     0.1437    267.130   77.90860  -17.13220  24.313458    34.6275    34.6274 0.0000e+00
    215.000     0.8361     0.8363   2.957284   2.957271    310.854    305.348     0.1235     0.0124     0.1441    268.168   77.90860  -17.13220  23.951580    34.6295    34.6291 0.0000e+00
    216.000     0.8427     0.8426   2.958150   2.958147    311.065    305.181     0.1233     0.0042     0.1441    269.206   77.90860  -17.13220  24.094384    34.6328    34.6328 0.0000e+00
    217.000     0.8521     0.8522   2.959320   2.959300    310.783    305.063     0.1231     0.0075     0.1433    270.242   77.90860  -17.13220  24.134578    34.6369    34.6365 0.0000e+00
    218.000     0.8557     0.8559   2.959777   2.959773    311.332    305.064     0.1229     0.0096     0.1430    271.277   77.90860  -17.13220  23.902959    34.6382    34.6379 0.0000e+00
    219.000     0.8631     0.8633   2.960671   2.960660    311.437    304.739     0.1226     0.0096     0.1428    272.316   77.90860  -17.13220  23.715835    34.6409    34.6406 0.0000e+00
    220.000     0.8696     0.8697   2.961419   2.961408    311.214    304.387     0.1224     0.0055     0.1419    273.352   77.90860  -17.13220  23.803732    34.6427    34.6425 0.0000e+00
    221.000     0.8811     0.8808   2.962721   2.962718    310.289    304.545     0.1222     0.0097     0.1419    274.393   77.90860  -17.13220  23.870486    34.6462    34.6465 0.0000e+00
    222.000     0.8962     0.8962   2.964394   2.964398    310.394    304.578     0.1220     0.0135     0.1411    275.430   77.90860  -17.13218  23.676669    34.6504    34.6504 0.0000e+00
    223.000     0.9055     0.9054   2.965428   2.965456    310.776    304.535     0.1217     0.0096     0.1411    276.468   77.90858  -17.13218  23.730485    34.6529    34.6533 0.0000e+00
    224.000     0.9229     0.9228   2.967411   2.967420    310.524    304.389     0.1215     0.0069     0.1410    277.507   77.90858  -17.13218  23.545342    34.6585    34.6588 0.0000e+00
    225.000     0.9335     0.9334   2.968663   2.968646    310.576    304.270     0.1213     0.0044     0.1410    278.547   77.90858  -17.13218  24.197241    34.6623    34.6621 0.0000e+00
    226.000     0.9365     0.9368   2.969058   2.969060    310.617    304.359     0.1211     0.0095     0.1408    279.586   77.90858  -17.13218  24.329776    34.6634    34.6631 0.0000e+00
    227.000     0.9456     0.9457   2.970108   2.970124    310.260    304.322     0.1209     0.0096     0.1411    280.621   77.90858  -17.13218  24.054419    34.6663    34.6663 0.0000e+00
    228.000     0.9538     0.9539   2.971043   2.971051    309.558    304.220     0.1207     0.0096     0.1411    281.657   77.90858  -17.13218  23.630966    34.6686    34.6686 0.0000e+00
    229.000     0.9747     0.9743   2.973410   2.973398    309.326    304.078     0.1205     0.0096     0.1406    282.710   77.90858  -17.13218  23.414517    34.6753    34.6755 0.0000e+00
    230.000     0.9917     0.9916   2.975321   2.975300    309.636    303.925     0.1204     0.0096     0.1411    283.770   77.90858  -17.13218  23.594763    34.6804    34.6803 0.0000e+00
    231.000     1.0009     1.0007   2.976365   2.976337    310.346    303.940     0.1202     0.0087     0.1411    284.817   77.90858  -17.13218  23.925194    34.6831    34.6829 0.0000e+00
    232.000     1.0037     1.0040   2.976718   2.976723    309.621    303.906     0.1201     0.0030     0.1408    285.852   77.90857  -17.13218  23.970612    34.6839    34.6836 0.0000e+00
    233.000     1.0123     1.0120   2.977672   2.977662    309.037    303.494     0.1199     0.0090     0.1404    286.889   77.90856  -17.13218  24.154981    34.6860    34.6862 0.0000e+00
    234.000     1.0383     1.0381   2.980457   2.980450    309.121    303.273     0.1198     0.0093     0.1408    287.926   77.90856  -17.13218  24.149232    34.6924    34.6925 0.0000e+00
    235.000     1.0538     1.0537   2.982219   2.982207    309.388    303.781     0.1197     0.0030     0.1406    288.967   77.90856  -17.13218  23.705794    34.6973    34.6972 0.0000e+00
    236.000     1.0571     1.0573   2.982632   2.982625    309.681    303.671     0.1196     0.0083     0.1409    290.004   77.90856  -17.13217  23.844639    34.6983    34.6980 0.0000e+00
    237.000     1.0671     1.0668   2.983782   2.983739    308.925    303.507     0.1195     0.0097     0.1411    291.043   77.90856  -17.13216  24.304319    34.7014    34.7012 0.0000e+00
    238.000     1.0733     1.0734   2.984508   2.984503    308.114    303.195     0.1194     0.0148     0.1413    292.075   77.90856  -17.13216  24.320329    34.7033    34.7031 0.0000e+00
    239.000     1.0783     1.0784   2.985141   2.985136    308.183    303.192     0.1193     0.0166     0.1417    293.110   77.90856  -17.13216  24.063847    34.7053    34.7051 0.0000e+00
    240.000     1.0842     1.0844   2.985928   2.985899    308.690    303.007     0.1193     0.0120     0.1422    294.149   77.90856  -17.13216  23.978488    34.7083    34.7076 0.0000e+00
    241.000     1.0956     1.0954   2.987333   2.987335    308.823    302.968     0.1192     0.0051     0.1422    295.185   77.90856  -17.13216  24.147744    34.7131    34.7134 0.0000e+00
    242.000     1.1074     1.1073   2.988658   2.988626    309.405    303.028     0.1192     0.0061     0.1421    296.223   77.90856  -17.13216  24.054446    34.7163    34.7161 0.0000e+00
    243.000     1.1186     1.1184   2.989947   2.989910    309.509    302.887     0.1191     0.0130     0.1423    297.253   77.90856  -17.13216  23.638516    34.7199    34.7197 0.0000e+00
    244.000     1.1336     1.1329   2.991561   2.991516    308.956    302.698     0.1191     0.0133     0.1425    298.291   77.90856  -17.13216  23.639672    34.7234    34.7236 0.0000e+00
    245.000     1.1512     1.1510   2.993504   2.993472    308.621    302.412     0.1190     0.0096     0.1428    299.330   77.90856  -17.13216  23.879295    34.7282    34.7280 0.0000e+00
    246.000     1.1728     1.1728   2.995842   2.995847    308.633    302.606     0.1190     0.0096     0.1433    300.371   77.90856  -17.13216  24.576261    34.7336    34.7336 0.0000e+00
    247.000     1.1951     1.1947   2.998265   2.998245    308.244    302.043     0.1190     0.0075     0.1439    301.407   77.90856  -17.13216  24.039123    34.7393    34.7395 0.0000e+00
    248.000     1.2098     1.2095   2.999848   2.999833    308.114    302.255     0.1189     0.0040     0.1434    302.438   77.90854  -17.13216  23.896040    34.7428    34.7429 0.0000e+00
    249.000     1.2253     1.2251   3.001655   3.001622    307.710    302.367     0.1189     0.0081     0.1432    303.479   77.90854  -17.13216  24.124163    34.7481    34.7479 0.0000e+00
    250.000     1.2348     1.2351   3.002694   3.002699    307.843    302.277     0.1188     0.0022     0.1437    304.514   77.90854  -17.13216  24.240020    34.7503    34.7500 0.0000e+00
    251.000     1.2429     1.2431   3.003709   3.003741    307.531    302.369     0.1188     0.0019     0.1432    305.548   77.90854  -17.13216  24.341564    34.7537    34.7538 0.0000e+00
    252.000     1.2672     1.2667   3.006401   3.006376    306.922    302.356     0.1187     0.0028     0.1428    306.575   77.90854  -17.13215  24.763930    34.7606    34.7609 0.0000e+00
    253.000     1.2792     1.2794   3.007862   3.007840    307.700    302.200     0.1187     0.0094     0.1424    307.607   77.90854  -17.13214  24.279176    34.7653    34.7649 0.0000e+00
    254.000     1.2807     1.2810   3.008115   3.008096    308.340    302.133     0.1186     0.0154     0.1424    308.644   77.90854  -17.13214  24.305584    34.7664    34.7657 0.0000e+00
    255.000     1.2827     1.2829   3.008386   3.008358    308.027    301.916     0.1186     0.0041     0.1422    309.678   77.90854  -17.13214  24.290734    34.7670    34.7665 0.0000e+00
    256.000     1.3010     1.3008   3.010374   3.010380    307.421    301.531     0.1185     0.0081     0.1422    310.715   77.90854  -17.13214  24.280628    34.7715    34.7719 0.0000e+00
    257.000     1.3230     1.3229   3.012688   3.012661    307.432    301.296     0.1185     0.0040     0.1427    311.750   77.90854  -17.13214  24.602725    34.7761    34.7759 0.0000e+00
    258.000     1.3327     1.3329   3.013724   3.013725    308.023    302.084     0.1185     0.0077     0.1427    312.786   77.90854  -17.13214  24.572065    34.7780    34.7778 0.0000e+00
    259.000     1.3423     1.3422   3.014768   3.014743    308.225    302.281     0.1184     0.0045     0.1428    313.826   77.90854  -17.13214  24.355270    34.7801    34.7799 0.0000e+00
    260.000     1.3509     1.3509   3.015689   3.015695    307.933    302.712     0.1184     0.0068     0.1426    314.860   77.90854  -17.13214  24.326908    34.7817    34.7819 0.0000e+00
    261.000     1.3552     1.3550   3.016178   3.016130    307.600    302.645     0.1184     0.0048     0.1423    315.887   77.90854  -17.13214  24.298756    34.7826    34.7822 0.0000e+00
    262.000     1.3627     1.3625   3.016995   3.016975    307.751    302.632     0.1184     0.0056     0.1421    316.905   77.90853  -17.13213  23.642868    34.7842    34.7841 0.0000e+00
