test_project/cnv_files/Sta0212_bin.cnv
* Sea-Bird SBE 9 Data File:
* FileName = C:\Seabird\CTDDATA\Sta0212.hex
* Software Version Seasave V 7.26.7.107
* Temperature SN = 03-4535
* Conductivity SN = 2860
* Number of Bytes Per Scan = 44
* Number of Voltage Words = 5
* Number of Scans Averaged by the Deck Unit = 1
* NMEA Latitude = 78 49.86 N
* NMEA Longitude = 009 59.97 W
* NMEA UTC (Time) = Sep 05 2019 19:08:12
* NMEA baud rate = 9600
** Ship: "Kronprins Haakon"
** Station: 0212
** Echodepth: 294
** Log: 5932.006
** Wind-Dir Force(m/s): 05 06
** Air-temp (dry): -1.6
** Weather Sky: 1 6
** Sea Ice: 1 4
# nquan = 17
# nvalues = 296                         
# units = specified
# name 0 = prDM: Pressure, Digiquartz [db]
# name 1 = t090C: Temperature [ITS-90, deg C]
# name 2 = t190C: Temperature, 2 [ITS-90, deg C]
# name 3 = c0S/m: Conductivity [S/m]
# name 4 = c1S/m: Conductivity, 2 [S/m]
# name 5 = sbox0Mm/Kg: Oxygen, SBE 43 [umol/kg]
# name 6 = sbox1Mm/Kg: Oxygen, SBE 43, 2 [umol/kg]
# name 7 = wetCDOM: Fluorescence, WET Labs CDOM [mg/m^3]
# name 8 = flECO-AFL: Fluorescence, WET Labs ECO-AFL/FL [mg/m^3]
# name 9 = CStarAt0: Beam Attenuation, WET Labs C-Star [1/m]
# name 10 = timeS: Time, Elapsed [seconds]
# name 11 = latitude: Latitude [deg]
# name 12 = longitude: Longitude [deg]
# name 13 = upoly0: Upoly 0, ISUS
# name 14 = sal00: Salinity, Practical [PSU]
# name 15 = sal11: Salinity, Practical, 2 [PSU]
# name 16 = flag: flag
# span 0 =      3.000,    298.000       
# span 1 =    -1.6961,     1.0989       
# span 2 =    -1.6960,     1.0994       
# span 3 =   2.425054,   2.995932       
# span 4 =   2.424964,   2.995895       
# span 5 =    305.844,    415.570       
# span 6 =    302.229,    414.076       
# span 7 =     0.1138,     0.1770       
# span 8 =     0.0012,     0.8303       
# span 9 =     0.1646,     0.3186       
# span 10 =    155.039,    500.271      
# span 11 =   78.82992,   78.83068      
# span 12 =  -10.00118,  -10.00008      
# span 13 =  12.655233,  25.473936      
# span 14 =    29.9743,    34.7929      
# span 15 =    29.9728,    34.7921      
# span 16 = 0.0000e+00, 0.0000e+00      
# interval = decibars: 1                
# start_time = Sep 05 2019 19:08:12 [NMEA time, header]
# bad_flag = -9.990e-29
*END*
[from data line 256]
    259.000     1.0828     1.0838   2.992069   2.992059    308.118    303.508     0.1223     0.0096     0.1945    427.602   78.83008  -10.00098  24.816192    34.7776    34.7764 0.0000e+00
    260.000     1.0765     1.0758   2.991551   2.991362    308.623    303.305     0.1222     0.0096     0.1955    428.630   78.83008  -10.00098  24.488231    34.7774    34.7758 0.0000e+00
    261.000     1.0757     1.0813   2.991563   2.992105    308.817    303.196     0.1221     0.0123     0.1964    429.678   78.83008  -10.00098  24.712480    34.7779    34.7786 0.0000e+00
    262.000     1.0911     1.0908   2.993212   2.993073    308.538    303.186     0.1220     0.0141     0.1964    430.743   78.83008  -10.00098  24.971303    34.7813    34.7799 0.0000e+00
    263.000     1.0904     1.0907   2.993188   2.993137    309.309    303.375     0.1219     0.0071     0.2255    431.807   78.83008  -10.00098  25.394053    34.7813    34.7802 0.0000e+00
    264.000     1.0908     1.0903   2.993308   2.993160    309.448    303.379     0.1218     0.0068     0.2542    432.875   78.83008  -10.00099  25.173081    34.7817    34.7804 0.0000e+00
    265.000     1.0905     1.0909   2.993315   2.993268    309.207    303.192     0.1217     0.0164     0.1987    433.945   78.83007  -10.00100  24.696603    34.7816    34.7805 0.0000e+00
    266.000     1.0889     1.0882   2.993198   2.993023    308.967    303.231     0.1216     0.0162     0.2000    435.004   78.83006  -10.00100  24.703976    34.7812    34.7798 0.0000e+00
    267.000     1.0875     1.0886   2.993081   2.993116    308.906    303.032     0.1215     0.0164     0.2019    436.061   78.83006  -10.00100  24.536888    34.7807    34.7799 0.0000e+00
    268.000     1.0899     1.0904   2.993412   2.993398    308.520    303.158     0.1214     0.0162     0.2021    437.103   78.83006  -10.00100  24.624620    34.7817    34.7810 0.0000e+00
    269.000     1.0897     1.0904   2.993453   2.993446    309.357    303.365     0.1214     0.0165     0.2022    438.145   78.83006  -10.00100  24.311268    34.7819    34.7810 0.0000e+00
    270.000     1.0909     1.0908   2.993649   2.993557    309.523    303.213     0.1214     0.0157     0.2033    439.191   78.83006  -10.00100  24.692312    34.7825    34.7814 0.0000e+00
    271.000     1.0912     1.0915   2.993775   2.993715    309.344    303.046     0.1214     0.0115     0.2034    440.235   78.83006  -10.00100  24.716525    34.7832    34.7821 0.0000e+00
    272.000     1.0919     1.0921   2.993903   2.993846    308.936    303.195     0.1213     0.0221     0.2044    441.280   78.83004  -10.00102  24.781532    34.7835    34.7825 0.0000e+00
    273.000     1.0926     1.0930   2.994047   2.994011    309.283    303.215     0.1209     0.0103     0.2042    442.339   78.83004  -10.00102  24.428772    34.7839    34.7830 0.0000e+00
    274.000     1.0930     1.0933   2.994135   2.994092    309.341    302.824     0.1204     0.0091     0.2044    443.402   78.83004  -10.00102  24.491992    34.7840    34.7831 0.0000e+00
    275.000     1.0932     1.0935   2.994207   2.994147    309.113    302.905     0.1195     0.0025     0.2052    444.470   78.83004  -10.00102  24.844972    34.7841    34.7830 0.0000e+00
    276.000     1.0933     1.0936   2.994255   2.994219    308.698    303.001     0.1184     0.0088     0.2065    445.533   78.83004  -10.00102  25.292079    34.7840    34.7833 0.0000e+00
    277.000     1.0932     1.0936   2.994296   2.994258    308.535    302.795     0.1172     0.0096     0.2079    446.599   78.83004  -10.00103  25.335153    34.7841    34.7832 0.0000e+00
    278.000     1.0930     1.0934   2.994316   2.994279    308.749    303.054     0.1159     0.0097     0.2080    447.665   78.83004  -10.00104  24.962456    34.7840    34.7831 0.0000e+00
    279.000     1.0932     1.0936   2.994383   2.994358    308.766    302.992     0.1148     0.0144     0.2091    448.725   78.83004  -10.00104  25.308130    34.7841    34.7833 0.0000e+00
    280.000     1.0944     1.0948   2.994574   2.994539    308.823    303.107     0.1140     0.0041     0.2091    449.783   78.83004  -10.00104  24.772773    34.7846    34.7837 0.0000e+00
    281.000     1.0944     1.0949   2.994615   2.994585    309.084    303.147     0.1138     0.0139     0.2109    450.828   78.83004  -10.00104  24.729738    34.7845    34.7836 0.0000e+00
    282.000     1.0954     1.0958   2.994760   2.994733    308.938    303.164     0.1140     0.0109     0.2105    451.873   78.83003  -10.00104  24.494380    34.7847    34.7839 0.0000e+00
    283.000     1.0956     1.0959   2.994825   2.994792    308.980    303.191     0.1147     0.0096     0.2110    452.915   78.83002  -10.00104  24.474437    34.7847    34.7840 0.0000e+00
    284.000     1.0960     1.0963   2.994918   2.994869    309.404    303.247     0.1156     0.0096     0.2120    453.952   78.83002  -10.00105  23.970593    34.7848    34.7839 0.0000e+00
    285.000     1.0974     1.0977   2.995123   2.995080    309.074    303.302     0.1167     0.0096     0.2129    454.995   78.83002  -10.00106  24.490644    34.7854    34.7845 0.0000e+00
    286.000     1.0987     1.0990   2.995374   2.995316    309.158    303.225     0.1176     0.0096     0.2143    456.042   78.83002  -10.00106  24.855820    34.7865    34.7856 0.0000e+00
    287.000     1.0989     1.0994   2.995547   2.995518    308.736    303.175     0.1183     0.0054     0.2303    457.099   78.83002  -10.00106  24.910752    34.7880    34.7871 0.0000e+00
    288.000     1.0971     1.0976   2.995506   2.995477    308.734    303.038     0.1189     0.0023     0.2421    458.164   78.83002  -10.00106  24.900409    34.7889    34.7879 0.0000e+00
    289.000     1.0958     1.0961   2.995487   2.995446    309.058    303.019     0.1195     0.0090     0.2136    459.235   78.83000  -10.00106  24.968403    34.7895    34.7886 0.0000e+00
    290.000     1.0949     1.0954   2.995364   2.995451    309.180    303.144     0.1200     0.0119     0.2144    460.305   78.83000  -10.00108  25.040865    34.7884    34.7890 0.0000e+00
    291.000     1.0940     1.0947   2.995505   2.995485    308.907    303.239     0.1205     0.0129     0.2139    461.373   78.83000  -10.00108  24.650141    34.7906    34.7895 0.0000e+00
    292.000     1.0929     1.0932   2.995577   2.995537    308.102    303.101     0.1210     0.0128     0.2151    462.495   78.83000  -10.00108  25.100408    34.7921    34.7913 0.0000e+00
    293.000     1.0931     1.0932   2.995636   2.995596    308.823    302.955     0.1216     0.0154     0.2158    464.261   78.83000  -10.00108  24.689577    34.7921    34.7914 0.0000e+00
    294.000     1.0925     1.0928   2.995637   2.995598    308.440    303.223     0.1260     0.0103     0.2190    466.584   78.83000  -10.00109  24.894009    34.7922    34.7913 0.0000e+00
    295.000     1.0923     1.0926   2.995674   2.995639    308.014    303.252     0.1260     0.0096     0.2198    468.646   78.82999  -10.00110  24.782226    34.7923    34.7915 0.0000e+00
    296.000     1.0924     1.0928   2.995731   2.995716    307.787    303.294     0.1241     0.0126     0.2203    470.628   78.82998  -10.00110  24.604074    34.7924    34.7917 0.0000e+00
    297.000     1.0915     1.0920   2.995697   2.995686    307.976    303.019     0.1225     0.0105     0.2221    472.625   78.82998  -10.00110  25.086405    34.7923    34.7916 0.0000e+00
    298.000     1.0932     1.0934   2.995932   2.995895    306.807    302.679     0.1232     0.0087     0.2237    500.271   78.82992  -10.00118  24.608860    34.7929    34.7921 0.0000e+00
