test_project/cnv_files/sta0194_bin.cnv
* Sea-Bird SBE 9 Data File:
* FileName = C:\Seabird\CTDDATA\Sta0194.hex
* Software Version Seasave V 7.26.7.107
* Temperature SN = 03-4535
* Conductivity SN = 2860
* Number of Bytes Per Scan = 44
* Number of Voltage Words = 5
* Number of Scans Averaged by the Deck Unit = 1
* NMEA Latitude = 78 49.97 N
* NMEA Longitude = 000 00.03 W
* NMEA UTC (Time) = Sep 02 2019 08:17:30
* NMEA baud rate = 9600
** Ship: "Kronprins Haakon"
** Station: 194
** Echodepth: 2587
** Log: 5704.18
** Wind-Dir Force(m/s): 03 24
** Air-temp (dry): 0.7
** Weather Sky: 0 0
** Sea Ice: 0 0
# nquan = 16
# nvalues = 2616                        
# units = specified
# name 0 = prDM: Pressure, Digiquartz [db]
# name 1 = t090C: Temperature [ITS-90, deg C]
# name 2 = t190C: Temperature, 2 [ITS-90, deg C]
# name 3 = c0S/m: Conductivity [S/m]
# name 4 = c1S/m: Conductivity, 2 [S/m]
# name 5 = sbox0Mm/Kg: Oxygen, SBE 43 [umol/kg]
# name 6 = sbox1Mm/Kg: Oxygen, SBE 43, 2 [umol/kg]
# name 7 = wetCDOM: Fluorescence, WET Labs CDOM [mg/m^3]
# name 8 = flECO-AFL: Fluorescence, WET Labs ECO-AFL/FL [mg/m^3]
# name 9 = CStarAt0: Beam Attenuation, WET Labs C-Star [1/m]
# name 10 = timeS: Time, Elapsed [seconds]
# name 11 = latitude: Latitude [deg]
# name 12 = longitude: Longitude [deg]
# name 13 = sal00: Salinity, Practical [PSU]
# name 14 = sal11: Salinity, Practical, 2 [PSU]
# name 15 = flag: flag
# span 0 =      3.000,   2618.000       
# span 1 =    -1.7556,     2.5665       
# span 2 =    -1.7572,     2.5668       
# span 3 =   2.645275,   3.130358       
# span 4 =   2.645079,   3.130232       
# span 5 =    299.359,    409.772       
# span 6 =    286.371,    382.399       
# span 7 =     0.0998,     0.1621       
# span 8 =    -0.0063,     1.0699       
# span 9 =     0.1086,     0.4186       
# span 10 =    423.616,   3056.026      
# span 11 =   78.83296,   78.83300      
# span 12 =   -0.00094,   -0.00056      
# span 13 =    31.6062,    34.9505      
# span 14 =    31.6028,    34.9500      
# span 15 = 0.0000e+00, 0.0000e+00      
# interval = decibars: 1                
# start_time = Sep 02 2019 08:17:30 [NMEA time, header]
# bad_flag = -9.990e-29
*END*
[from data line 2351]
   2354.000    -0.7229    -0.7226   2.936850   2.936932    300.228    287.665     0.1153     0.0082     0.1157   2786.132   78.83298   -0.00072    34.9163    34.9170 0.0000e+00
   2355.000    -0.7233    -0.7230   2.936869   2.936960    300.432    287.632     0.1153     0.0005     0.1153   2787.127   78.83298   -0.00072    34.9165    34.9173 0.0000e+00
   2356.000    -0.7233    -0.7229   2.936904   2.937000    300.141    287.834     0.1153     0.0081     0.1149   2788.118   78.83298   -0.00072    34.9165    34.9173 0.0000e+00
   2357.000    -0.7232    -0.7228   2.936954   2.937040    300.432    287.764     0.1153     0.0095     0.1152   2789.106   78.83298   -0.00072    34.9164    34.9172 0.0000e+00
   2358.000    -0.7231    -0.7228   2.937004   2.937089    300.300    288.056     0.1153     0.0038     0.1154   2790.092   78.83298   -0.00070    34.9165    34.9173 0.0000e+00
   2359.000    -0.7231    -0.7226   2.937050   2.937139    300.388    288.074     0.1153     0.0044     0.1154   2791.080   78.83298   -0.00070    34.9166    34.9173 0.0000e+00
   2360.000    -0.7231    -0.7227   2.937085   2.937177    300.464    288.166     0.1154     0.0050     0.1159   2792.082   78.83298   -0.00070    34.9165    34.9173 0.0000e+00
   2361.000    -0.7232    -0.7228   2.937116   2.937203    300.453    288.216     0.1154    -0.0001     0.1156   2793.092   78.83298   -0.00070    34.9165    34.9173 0.0000e+00
   2362.000    -0.7232    -0.7228   2.937155   2.937253    300.227    288.256     0.1154     0.0002     0.1154   2794.089   78.83298   -0.00070    34.9165    34.9174 0.0000e+00
   2363.000    -0.7231    -0.7226   2.937206   2.937292    299.985    288.062     0.1154    -0.0008     0.1153   2795.065   78.83298   -0.00070    34.9165    34.9172 0.0000e+00
   2364.000    -0.7228    -0.7224   2.937264   2.937359    300.559    287.610     0.1155    -0.0002     0.1153   2796.030   78.83298   -0.00070    34.9165    34.9173 0.0000e+00
   2365.000    -0.7228    -0.7224   2.937300   2.937394    300.370    287.911     0.1155     0.0013     0.1155   2797.010   78.83298   -0.00070    34.9164    34.9172 0.0000e+00
   2366.000    -0.7225    -0.7221   2.937380   2.937465    300.450    287.585     0.1155     0.0081     0.1155   2798.013   78.83298   -0.00069    34.9166    34.9172 0.0000e+00
   2367.000    -0.7220    -0.7219   2.937446   2.937530    300.694    287.984     0.1155     0.0022     0.1155   2799.017   78.83299   -0.00068    34.9164    34.9174 0.0000e+00
   2368.000    -0.7220    -0.7219   2.937493   2.937558    300.435    288.052     0.1155     0.0005     0.1156   2800.021   78.83300   -0.00068    34.9166    34.9173 0.0000e+00
   2369.000    -0.7218    -0.7215   2.937548   2.937633    300.481    288.177     0.1154     0.0011     0.1160   2801.019   78.83300   -0.00068    34.9165    34.9173 0.0000e+00
   2370.000    -0.7218    -0.7215   2.937586   2.937675    300.245    288.221     0.1154     0.0062     0.1155   2802.012   78.83299   -0.00068    34.9165    34.9173 0.0000e+00
   2371.000    -0.7218    -0.7214   2.937628   2.937724    300.034    288.268     0.1154     0.0050     0.1160   2802.998   78.83298   -0.00068    34.9165    34.9173 0.0000e+00
   2372.000    -0.7223    -0.7219   2.937635   2.937724    300.476    288.215     0.1153     0.0033     0.1156   2803.973   78.83298   -0.00067    34.9166    34.9174 0.0000e+00
   2373.000    -0.7223    -0.7220   2.937665   2.937752    300.285    288.069     0.1153     0.0072     0.1156   2804.954   78.83298   -0.00066    34.9165    34.9173 0.0000e+00
   2374.000    -0.7222    -0.7219   2.937716   2.937801    300.102    287.558     0.1153     0.0024     0.1154   2805.941   78.83298   -0.00066    34.9166    34.9173 0.0000e+00
   2375.000    -0.7221    -0.7218   2.937766   2.937842    300.298    287.623     0.1152     0.0090     0.1154   2806.930   78.83299   -0.00066    34.9166    34.9172 0.0000e+00
   2376.000    -0.7221    -0.7218   2.937794   2.937886    300.220    287.842     0.1152     0.0089     0.1158   2807.927   78.83300   -0.00066    34.9165    34.9173 0.0000e+00
   2377.000    -0.7220    -0.7218   2.937847   2.937917    300.360    288.137     0.1152    -0.0000     0.1162   2808.928   78.83300   -0.00066    34.9165    34.9172 0.0000e+00
   2378.000    -0.7220    -0.7217   2.937882   2.937978    300.455    288.226     0.1153    -0.0005     0.1156   2809.928   78.83300   -0.00066    34.9165    34.9174 0.0000e+00
   2379.000    -0.7220    -0.7216   2.937932   2.938026    300.282    288.059     0.1153    -0.0001     0.1154   2810.918   78.83300   -0.00066    34.9165    34.9174 0.0000e+00
   2380.000    -0.7222    -0.7218   2.937940   2.938053    300.395    287.819     0.1153     0.0002     0.1158   2811.905   78.83300   -0.00065    34.9164    34.9174 0.0000e+00
   2381.000    -0.7225    -0.7222   2.937965   2.938059    300.576    288.458     0.1154     0.0056     0.1164   2812.890   78.83300   -0.00064    34.9165    34.9175 0.0000e+00
   2382.000    -0.7227    -0.7222   2.937991   2.938090    300.473    287.847     0.1154     0.0053     0.1160   2813.875   78.83299   -0.00064    34.9166    34.9174 0.0000e+00
   2383.000    -0.7227    -0.7224   2.938026   2.938110    300.414    287.529     0.1155     0.0005     0.1162   2814.853   78.83298   -0.00064    34.9166    34.9174 0.0000e+00
   2384.000    -0.7234    -0.7230   2.938009   2.938107    300.436    287.857     0.1156    -0.0001     0.1156   2815.825   78.83299   -0.00064    34.9165    34.9174 0.0000e+00
   2385.000    -0.7230    -0.7226   2.938083   2.938176    300.119    288.018     0.1156    -0.0007     0.1156   2816.814   78.83300   -0.00064    34.9166    34.9173 0.0000e+00
   2386.000    -0.7226    -0.7223   2.938153   2.938240    300.161    287.662     0.1157     0.0009     0.1163   2817.821   78.83300   -0.00064    34.9166    34.9173 0.0000e+00
   2387.000    -0.7227    -0.7222   2.938196   2.938278    300.357    287.669     0.1157     0.0090     0.1162   2818.832   78.83300   -0.00064    34.9167    34.9172 0.0000e+00
   2388.000    -0.7231    -0.7226   2.938200   2.938298    300.295    287.779     0.1157     0.0130     0.1164   2819.834   78.83300   -0.00063    34.9166    34.9174 0.0000e+00
   2389.000    -0.7232    -0.7230   2.938231   2.938311    299.937    287.657     0.1157     0.0138     0.1164   2820.822   78.83300   -0.00062    34.9167    34.9175 0.0000e+00
   2390.000    -0.7233    -0.7230   2.938253   2.938342    300.422    287.776     0.1157     0.0110     0.1157   2821.810   78.83300   -0.00062    34.9166    34.9174 0.0000e+00
   2391.000    -0.7235    -0.7232   2.938282   2.938366    300.868    287.982     0.1157     0.0096     0.1155   2822.802   78.83300   -0.00062    34.9167    34.9175 0.0000e+00
   2392.000    -0.7235    -0.7232   2.938319   2.938407    300.382    287.911     0.1157     0.0096     0.1159   2823.795   78.83300   -0.00062    34.9166    34.9174 0.0000e+00
   2393.000    -0.7235    -0.7233   2.938360   2.938441    300.440    287.845     0.1157     0.0096     0.1158   2824.782   78.83300   -0.00062    34.9166    34.9175 0.0000e+00
   2394.000    -0.7235    -0.7233   2.938393   2.938481    300.562    287.568     0.1157     0.0096     0.1155   2825.768   78.83300   -0.00062    34.9166    34.9174 0.0000e+00
   2395.000    -0.7235    -0.7232   2.938430   2.938526    300.087    288.158     0.1156     0.0071     0.1155   2826.755   78.83300   -0.00062    34.9166    34.9175 0.0000e+00
   2396.000    -0.7235    -0.7232   2.938471   2.938577    300.656    287.741     0.1156     0.0008     0.1162   2827.746   78.83300   -0.00061    34.9165    34.9176 0.0000e+00
   2397.000    -0.7236    -0.7232   2.938518   2.938620    300.175    287.554     0.1155     0.0003     0.1163   2828.744   78.83300   -0.00060    34.9167    34.9177 0.0000e+00
   2398.000    -0.7235    -0.7233   2.938552   2.938651    300.165    287.878     0.1155     0.0008     0.1164   2829.751   78.83300   -0.00060    34.9166    34.9177 0.0000e+00
   2399.000    -0.7235    -0.7232   2.938601   2.938677    300.548    287.988     0.1154     0.0009     0.1162   2830.762   78.83300   -0.00060    34.9167    34.9174 0.0000e+00
   2400.000    -0.7236    -0.7233   2.938625   2.938726    300.049    287.812     0.1154     0.0009     0.1162   2831.757   78.83300   -0.00060    34.9166    34.9176 0.0000e+00
   2401.000    -0.7237    -0.7234   2.938657   2.938753    300.491    287.516     0.1153     0.0007     0.1164   2832.737   78.83300   -0.00060    34.9166    34.9175 0.0000e+00
   2402.000    -0.7238    -0.7235   2.938692   2.938787    300.530    287.453     0.1153     0.0065     0.1164   2833.713   78.83300   -0.00060    34.9167    34.9176 0.0000e+00
   2403.000    -0.7241    -0.7237   2.938708   2.938808    300.407    287.744     0.1152     0.0096     0.1165   2834.696   78.83300   -0.00060    34.9167    34.9176 0.0000e+00
   2404.000    -0.7244    -0.7239   2.938731   2.938837    300.032    287.771     0.1151     0.0096     0.1164   2835.687   78.83300   -0.00060    34.9168    34.9176 0.0000e+00
   2405.000    -0.7243    -0.7238   2.938769   2.938881    300.701    287.876     0.1150     0.0056     0.1160   2836.676   78.83300   -0.00060    34.9166    34.9176 0.0000e+00
   2406.000    -0.7247    -0.7242   2.938782   2.938883    300.537    288.043     0.1149     0.0031     0.1157   2837.670   78.83300   -0.00059    34.9168    34.9176 0.0000e+00
   2407.000    -0.7247    -0.7242   2.938830   2.938918    300.061    288.086     0.1148     0.0076     0.1163   2838.669   78.83300   -0.00058    34.9169    34.9176 0.0000e+00
   2408.000    -0.7246    -0.7242   2.938865   2.938971    300.138    287.990     0.1147     0.0021     0.1165   2839.671   78.83300   -0.00058    34.9168    34.9177 0.0000e+00
   2409.000    -0.7246    -0.7242   2.938910   2.939003    300.506    287.727     0.1146     0.0087     0.1165   2840.660   78.83300   -0.00058    34.9168    34.9176 0.0000e+00
   2410.000    -0.7244    -0.7241   2.938959   2.939051    300.389    287.346     0.1144     0.0022     0.1166   2841.643   78.83300   -0.00058    34.9167    34.9176 0.0000e+00
   2411.000    -0.7245    -0.7241   2.938995   2.939087    300.325    287.551     0.1143     0.0004     0.1164   2842.628   78.83300   -0.00058    34.9168    34.9176 0.0000e+00
   2412.000    -0.7246    -0.7242   2.939023   2.939122    299.871    287.664     0.1142     0.0069     0.1190   2843.620   78.83300   -0.00058    34.9168    34.9177 0.0000e+00
   2413.000    -0.7249    -0.7245   2.939036   2.939138    300.117    287.885     0.1141     0.0035     0.1167   2844.611   78.83300   -0.00058    34.9168    34.9176 0.0000e+00
   2414.000    -0.7250    -0.7245   2.939074   2.939175    300.454    287.787     0.1140    -0.0005     0.1162   2845.596   78.83300   -0.00058    34.9168    34.9177 0.0000e+00
   2415.000    -0.7252    -0.7246   2.939090   2.939212    300.524    288.073     0.1139     0.0002     0.1163   2846.575   78.83300   -0.00057    34.9168    34.9177 0.0000e+00
   2416.000    -0.7252    -0.7247   2.939137   2.939239    300.562    287.897     0.1138     0.0003     0.1164   2847.566   78.83300   -0.00056    34.9168    34.9177 0.0000e+00
   2417.000    -0.7250    -0.7247   2.939182   2.939277    300.030    287.338     0.1137     0.0044     0.1165   2848.564   78.83300   -0.00056    34.9167    34.9176 0.0000e+00
   2418.000    -0.7255    -0.7250   2.939191   2.939291    300.165    287.329     0.1136     0.0126     0.1165   2849.566   78.83300   -0.00056    34.9168    34.9176 0.0000e+00
   2419.000    -0.7257    -0.7253   2.939206   2.939307    300.223    287.772     0.1135     0.0096     0.1167   2850.566   78.83300   -0.00056    34.9168    34.9177 0.0000e+00
   2420.000    -0.7260    -0.7257   2.939228   2.939324    299.705    287.854     0.1134     0.0096     0.1164   2851.566   78.83300   -0.00056    34.9168    34.9178 0.0000e+00
   2421.000    -0.7259    -0.7256   2.939271   2.939371    300.057    287.952     0.1133     0.0096     0.1164   2852.560   78.83300   -0.00056    34.9169    34.9178 0.0000e+00
   2422.000    -0.7257    -0.7253   2.939330   2.939415    299.844    288.033     0.1132     0.0094     0.1166   2853.539   78.83300   -0.00056    34.9169    34.9176 0.0000e+00
   2423.000    -0.7254    -0.7251   2.939399   2.939483    299.633    288.071     0.1132     0.0028     0.1165   2854.508   78.83300   -0.00056    34.9169    34.9177 0.0000e+00
   2424.000    -0.7252    -0.7248   2.939454   2.939549    300.442    288.051     0.1131     0.0000     0.1165   2855.485   78.83300   -0.00056    34.9169    34.9177 0.0000e+00
   2425.000    -0.7252    -0.7248   2.939496   2.939582    299.973    287.549     0.1131     0.0000     0.1165   2856.480   78.83300   -0.00056    34.9169    34.9177 0.0000e+00
   2426.000    -0.7252    -0.7249   2.939529   2.939619    300.318    287.236     0.1131     0.0044     0.1166   2857.491   78.83300   -0.00056    34.9168    34.9178 0.0000e+00
   2427.000    -0.7254    -0.7250   2.939560   2.939655    300.581    287.712     0.1131     0.0096     0.1166   2858.506   78.83300   -0.00056    34.9169    34.9177 0.0000e+00
   2428.000    -0.7253    -0.7250   2.939596   2.939693    300.242    287.724     0.1131     0.0066     0.1165   2859.511   78.83300   -0.00056    34.9169    34.9177 0.0000e+00
   2429.000    -0.7254    -0.7250   2.939639   2.939727    300.099    287.868     0.1131    -0.0001     0.1165   2860.497   78.83300   -0.00056    34.9169    34.9177 0.0000e+00
   2430.000    -0.7253    -0.7248   2.939689   2.939791    300.321    287.982     0.1131     0.0023     0.1165   2861.462   78.83300   -0.00056    34.9169    34.9178 0.0000e+00
   2431.000    -0.7250    -0.7247   2.939735   2.939840    300.587    287.782     0.1132     0.0087     0.1163   2862.422   78.83300   -0.00056    34.9168    34.9179 0.0000e+00
   2432.000    -0.7250    -0.7247   2.939780   2.939885    300.525    287.522     0.1133     0.0008     0.1165   2863.399   78.83300   -0.00056    34.9168    34.9178 0.0000e+00
   2433.000    -0.7251    -0.7248   2.939812   2.939904    299.994    287.344     0.1134     0.0007     0.1173   2864.399   78.83300   -0.00056    34.9169    34.9177 0.0000e+00
   2434.000    -0.7254    -0.7251   2.939834   2.939933    300.140    287.729     0.1135     0.0013     0.1170   2865.412   78.83300   -0.00056    34.9170    34.9179 0.0000e+00
   2435.000    -0.7255    -0.7251   2.939867   2.939961    300.409    287.889     0.1136     0.0063     0.1166   2866.415   78.83300   -0.00056    34.9170    34.9178 0.0000e+00
   2436.000    -0.7256    -0.7252   2.939895   2.939986    299.965    287.634     0.1138     0.0036     0.1164   2867.403   78.83300   -0.00056    34.9169    34.9177 0.0000e+00
   2437.000    -0.7257    -0.7253   2.939931   2.940019    299.771    288.061     0.1139     0.0002     0.1165   2868.381   78.83300   -0.00056    34.9170    34.9178 0.0000e+00
   2438.000    -0.7256    -0.7253   2.939971   2.940063    300.080    287.832     0.1141    -0.0004     0.1166   2869.358   78.83300   -0.00056    34.9169    34.9178 0.0000e+00
   2439.000    -0.7257    -0.7253   2.940004   2.940098    300.258    287.929     0.1142     0.0028     0.1167   2870.336   78.83300   -0.00056    34.9169    34.9177 0.0000e+00
   2440.000    -0.7257    -0.7254   2.940045   2.940135    300.618    288.070     0.1143     0.0095     0.1167   2871.321   78.83300   -0.00056    34.9170    34.9178 0.0000e+00
   2441.000    -0.7256    -0.7253   2.940088   2.940185    300.150    287.448     0.1144     0.0086     0.1165   2872.312   78.83300   -0.00056    34.9169    34.9178 0.0000e+00
   2442.000    -0.7256    -0.7253   2.940136   2.940223    300.009    287.565     0.1144     0.0010     0.1164   2873.302   78.83300   -0.00056    34.9170    34.9178 0.0000e+00
