test_project/cnv_files/sta0197_bin.cnv
* Sea-Bird SBE 9 Data File:
* FileName = C:\Seabird\CTDDATA\Sta0197.hex
* Software Version Seasave V 7.26.7.107
* Temperature SN = 03-4535
* Conductivity SN = 2860
* Number of Bytes Per Scan = 44
* Number of Voltage Words = 5
* Number of Scans Averaged by the Deck Unit = 1
* NMEA Latitude = 78 49.48 N
* NMEA Longitude = 002 30.32 W
* NMEA UTC (Time) = Sep 02 2019 22:27:21
* NMEA baud rate = 9600
** Ship: "Kronprins Haakon"
** Station: 197
** Echodepth: 2588
** Log: 5737.160
** Wind-Dir Force(m/s): 03 30
** Air-temp (dry): -1.3
** Weather Sky: 4 8
** Sea Ice: 5 0
# nquan = 16
# nvalues = 2622                        
# units = specified
# name 0 = prDM: Pressure, Digiquartz [db]
# name 1 = t090C: Temperature [ITS-90, deg C]
# name 2 = t190C: Temperature, 2 [ITS-90, deg C]
# name 3 = c0S/m: Conductivity [S/m]
# name 4 = c1S/m: Conductivity, 2 [S/m]
# name 5 = sbox0Mm/Kg: Oxygen, SBE 43 [umol/kg]
# name 6 = sbox1Mm/Kg: Oxygen, SBE 43, 2 [umol/kg]
# name 7 = wetCDOM: Fluorescence, WET Labs CDOM [mg/m^3]
# name 8 = flECO-AFL: Fluorescence, WET Labs ECO-AFL/FL [mg/m^3]
# name 9 = CStarAt0: Beam Attenuation, WET Labs C-Star [1/m]
# name 10 = timeS: Time, Elapsed [seconds]
# name 11 = latitude: Latitude [deg]
# name 12 = longitude: Longitude [deg]
# name 13 = sal00: Salinity, Practical [PSU]
# name 14 = sal11: Salinity, Practical, 2 [PSU]
# name 15 = flag: flag
# span 0 =      1.000,   2622.000       
# span 1 =    -1.7661,     3.5013       
# span 2 =    -1.7662,     3.5009       
# span 3 =   2.505170,   3.216688       
# span 4 =   2.504442,   3.216432       
# span 5 =    299.809,    421.687       
# span 6 =    297.548,    411.143       
# span 7 =     0.0994,     0.1739       
# span 8 =    -0.0068,     1.4568       
# span 9 =     0.1051,     0.3810       
# span 10 =    288.757,   3002.414      
# span 11 =   78.82466,   78.82472      
# span 12 =   -2.50577,   -2.50536      
# span 13 =    30.9828,    34.9942      
# span 14 =    30.9730,    34.9938      
# span 15 = 0.0000e+00, 0.0000e+00      
# interval = decibars: 1                
# start_time = Sep 02 2019 22:27:21 [NMEA time, header]
# bad_flag = -9.990e-29
*END*
[from data line 181]
    182.000     3.4976     3.4918   3.216197   3.215728    310.033    312.430     0.1089     0.0969     0.1595    541.278   78.82470   -2.50556    34.9689    34.9694 0.0000e+00
    183.000     3.4991     3.5006   3.216450   3.216329    305.720    312.390     0.1084     0.0875     0.1592    542.308   78.82470   -2.50556    34.9698    34.9667 0.0000e+00
    184.000     3.5013     3.5009   3.216688   3.216432    301.144    312.209     0.1079     0.0821     0.1579    543.336   78.82470   -2.50556    34.9697    34.9671 0.0000e+00
    185.000     3.4953     3.4953   3.216140   3.215871    300.785    312.095     0.1074     0.0771     0.1569    544.353   78.82470   -2.50556    34.9690    34.9657 0.0000e+00
    186.000     3.4765     3.4768   3.214289   3.214062    305.307    312.233     0.1070     0.0706     0.1571    545.366   78.82470   -2.50556    34.9664    34.9633 0.0000e+00
    187.000     3.4335     3.4380   3.210008   3.210026    310.502    312.559     0.1067     0.0674     0.1558    546.366   78.82470   -2.50556    34.9604    34.9558 0.0000e+00
    188.000     3.3013     3.2998   3.197071   3.196331    315.289    313.567     0.1064     0.0676     0.1549    547.352   78.82470   -2.50558    34.9458    34.9384 0.0000e+00
    189.000     3.2325     3.2348   3.190497   3.190404    316.337    312.553     0.1061     0.0659     0.1538    548.324   78.82470   -2.50556    34.9397    34.9361 0.0000e+00
    190.000     3.2221     3.2214   3.189619   3.189324    315.817    311.424     0.1059     0.0565     0.1535    549.303   78.82470   -2.50556    34.9397    34.9369 0.0000e+00
    191.000     3.2062     3.2063   3.188222   3.188046    318.765    311.567     0.1056     0.0444     0.1535    550.303   78.82470   -2.50554    34.9394    34.9371 0.0000e+00
    192.000     3.2077     3.2098   3.188496   3.188470    322.322    311.915     0.1055     0.0562     0.1525    551.326   78.82470   -2.50554    34.9404    34.9379 0.0000e+00
    193.000     3.2059     3.2044   3.188404   3.188063    323.593    312.398     0.1053     0.0452     0.1522    552.351   78.82470   -2.50554    34.9407    34.9383 0.0000e+00
    194.000     3.3557     3.3483   3.203938   3.203762    321.624    311.173     0.1051     0.0432     0.1513    553.372   78.82470   -2.50554    34.9669    34.9727 0.0000e+00
    195.000     3.4495     3.4526   3.213412   3.213468    321.353    311.589     0.1050     0.0433     0.1504    554.381   78.82470   -2.50556    34.9799    34.9772 0.0000e+00
    196.000     3.4343     3.4346   3.212142   3.211947    323.830    313.723     0.1049     0.0321     0.1498    555.381   78.82470   -2.50556    34.9804    34.9776 0.0000e+00
    197.000     3.4404     3.4403   3.212893   3.212716    321.174    313.870     0.1047     0.0236     0.1490    556.371   78.82470   -2.50556    34.9823    34.9802 0.0000e+00
    198.000     3.4413     3.4412   3.213057   3.212857    316.821    314.341     0.1046     0.0245     0.1485    557.363   78.82470   -2.50554    34.9828    34.9804 0.0000e+00
    199.000     3.4409     3.4409   3.213073   3.212888    316.377    314.723     0.1045     0.0309     0.1477    558.375   78.82470   -2.50554    34.9828    34.9806 0.0000e+00
    200.000     3.4397     3.4400   3.212981   3.212851    317.875    314.588     0.1044     0.0291     0.1468    559.409   78.82470   -2.50552    34.9824    34.9805 0.0000e+00
    201.000     3.4393     3.4394   3.212997   3.212826    319.751    314.687     0.1043     0.0230     0.1465    560.444   78.82470   -2.50554    34.9825    34.9804 0.0000e+00
    202.000     3.4387     3.4386   3.212979   3.212794    320.731    314.778     0.1042     0.0308     0.1462    561.459   78.82470   -2.50554    34.9824    34.9803 0.0000e+00
    203.000     3.4395     3.4390   3.213090   3.212872    321.077    314.510     0.1041     0.0404     0.1457    562.464   78.82470   -2.50554    34.9823    34.9803 0.0000e+00
    204.000     3.4383     3.4372   3.213027   3.212757    321.401    314.297     0.1040     0.0291     0.1456    563.461   78.82468   -2.50556    34.9823    34.9803 0.0000e+00
    205.000     3.4397     3.4390   3.213210   3.212975    321.559    314.328     0.1040     0.0401     0.1455    564.453   78.82468   -2.50554    34.9825    34.9803 0.0000e+00
    206.000     3.4163     3.4188   3.210943   3.210925    321.787    314.611     0.1040     0.0286     0.1446    565.446   78.82468   -2.50554    34.9798    34.9768 0.0000e+00
    207.000     3.3284     3.3371   3.202470   3.202811    322.666    315.166     0.1040     0.0261     0.1444    566.444   78.82470   -2.50554    34.9714    34.9661 0.0000e+00
    208.000     3.2385     3.2448   3.193904   3.194121    321.972    314.856     0.1040     0.0256     0.1443    567.447   78.82470   -2.50552    34.9640    34.9599 0.0000e+00
    209.000     3.1999     3.2002   3.190201   3.190072    319.895    313.811     0.1040     0.0267     0.1443    568.460   78.82470   -2.50552    34.9602    34.9583 0.0000e+00
    210.000     3.1898     3.1896   3.189215   3.189079    321.210    313.239     0.1041     0.0222     0.1447    569.469   78.82470   -2.50552    34.9586    34.9572 0.0000e+00
    211.000     3.1886     3.1881   3.189154   3.188995    324.962    313.103     0.1042     0.0234     0.1458    570.487   78.82468   -2.50552    34.9586    34.9572 0.0000e+00
    212.000     3.2099     3.2082   3.191612   3.191428    326.820    312.823     0.1043     0.0345     0.1507    571.490   78.82468   -2.50554    34.9649    34.9645 0.0000e+00
    213.000     3.2275     3.2269   3.193653   3.193479    326.772    312.987     0.1044     0.0338     0.1457    572.481   78.82468   -2.50554    34.9701    34.9686 0.0000e+00
    214.000     3.2412     3.2410   3.195127   3.195060    325.727    313.443     0.1045     0.0203     0.1460    573.465   78.82468   -2.50554    34.9726    34.9720 0.0000e+00
    215.000     3.2477     3.2474   3.195873   3.195720    324.002    313.833     0.1046     0.0174     0.1458    574.458   78.82468   -2.50554    34.9741    34.9726 0.0000e+00
    216.000     3.2413     3.2418   3.195322   3.195262    323.200    313.905     0.1047     0.0133     0.1454    575.463   78.82468   -2.50552    34.9738    34.9725 0.0000e+00
    217.000     3.2309     3.2313   3.194403   3.194320    322.577    313.805     0.1048     0.0187     0.1458    576.494   78.82468   -2.50552    34.9733    34.9719 0.0000e+00
    218.000     3.2206     3.2209   3.193460   3.193371    322.342    313.918     0.1049     0.0125     0.1469    577.513   78.82468   -2.50552    34.9724    34.9711 0.0000e+00
    219.000     3.1773     3.1832   3.189288   3.189478    322.807    314.240     0.1049     0.0192     0.1456    578.510   78.82468   -2.50552    34.9680    34.9639 0.0000e+00
    220.000     3.0856     3.0885   3.180633   3.180714    323.277    314.809     0.1050     0.0193     0.1458    579.499   78.82468   -2.50552    34.9613    34.9591 0.0000e+00
    221.000     3.0577     3.0638   3.178015   3.178423    322.070    313.560     0.1050     0.0135     0.1462    580.488   78.82468   -2.50552    34.9589    34.9574 0.0000e+00
    222.000     3.0396     3.0403   3.176294   3.176271    322.596    313.437     0.1049     0.0167     0.1464    581.474   78.82468   -2.50552    34.9570    34.9561 0.0000e+00
    223.000     3.0303     3.0307   3.175450   3.175396    325.456    313.748     0.1049     0.0168     0.1458    582.465   78.82468   -2.50552    34.9563    34.9551 0.0000e+00
    224.000     3.0186     3.0180   3.174387   3.174236    327.843    314.070     0.1048     0.0149     0.1458    583.467   78.82468   -2.50552    34.9555    34.9542 0.0000e+00
    225.000     3.0106     3.0110   3.173678   3.173636    328.647    314.428     0.1047     0.0221     0.1452    584.469   78.82468   -2.50552    34.9548    34.9539 0.0000e+00
    226.000     3.0056     3.0060   3.173256   3.173249    327.419    314.664     0.1045     0.0246     0.1455    585.481   78.82468   -2.50550    34.9545    34.9541 0.0000e+00
    227.000     3.0058     3.0068   3.173324   3.173381    326.182    314.725     0.1044     0.0210     0.1446    586.491   78.82468   -2.50550    34.9546    34.9543 0.0000e+00
    228.000     3.0181     3.0195   3.174613   3.174770    325.683    314.633     0.1042     0.0200     0.1447    587.503   78.82468   -2.50550    34.9565    34.9569 0.0000e+00
    229.000     3.1119     3.1042   3.184110   3.183535    324.787    313.752     0.1040     0.0194     0.1444    588.508   78.82468   -2.50550    34.9702    34.9715 0.0000e+00
    230.000     3.1255     3.1219   3.185585   3.185192    325.549    314.608     0.1038     0.0136     0.1441    589.509   78.82468   -2.50552    34.9728    34.9719 0.0000e+00
    231.000     3.1466     3.1449   3.187866   3.187671    325.569    315.305     0.1035     0.0136     0.1442    590.506   78.82468   -2.50552    34.9772    34.9766 0.0000e+00
    232.000     3.1409     3.1405   3.187535   3.187441    324.021    315.646     0.1033     0.0093     0.1447    591.501   78.82468   -2.50552    34.9788    34.9781 0.0000e+00
    233.000     3.1394     3.1393   3.187452   3.187379    322.679    315.902     0.1031     0.0093     0.1439    592.505   78.82468   -2.50550    34.9788    34.9781 0.0000e+00
    234.000     3.1335     3.1335   3.186941   3.186873    322.575    316.429     0.1029     0.0123     0.1432    593.512   78.82468   -2.50550    34.9785    34.9777 0.0000e+00
    235.000     3.1293     3.1300   3.186584   3.186582    323.573    316.928     0.1026     0.0125     0.1432    594.520   78.82468   -2.50548    34.9781    34.9774 0.0000e+00
    236.000     3.0816     3.0837   3.182109   3.182032    324.975    317.450     0.1024     0.0105     0.1435    595.524   78.82468   -2.50548    34.9746    34.9715 0.0000e+00
    237.000     3.0509     3.0508   3.179182   3.179109    325.424    317.243     0.1022     0.0097     0.1433    596.521   78.82468   -2.50548    34.9717    34.9709 0.0000e+00
    238.000     3.0489     3.0494   3.179003   3.179027    324.930    316.473     0.1020     0.0113     0.1431    597.510   78.82468   -2.50548    34.9711    34.9708 0.0000e+00
    239.000     3.0521     3.0517   3.179365   3.179307    326.085    316.506     0.1018     0.0103     0.1423    598.507   78.82468   -2.50548    34.9715    34.9712 0.0000e+00
    240.000     3.0424     3.0412   3.178480   3.178229    327.827    316.892     0.1016     0.0118     0.1422    599.506   78.82468   -2.50548    34.9707    34.9688 0.0000e+00
    241.000     3.0131     3.0133   3.175708   3.175641    328.289    317.266     0.1014     0.0108     0.1422    600.515   78.82468   -2.50548    34.9680    34.9670 0.0000e+00
    242.000     3.0412     3.0333   3.178670   3.178055    326.926    316.964     0.1012     0.0203     0.1415    601.538   78.82468   -2.50548    34.9731    34.9742 0.0000e+00
    243.000     3.0909     3.0892   3.183838   3.183698    325.954    316.334     0.1010     0.0128     0.1414    602.543   78.82468   -2.50547    34.9818    34.9819 0.0000e+00
    244.000     3.1141     3.1131   3.186316   3.186224    328.090    316.695     0.1009     0.0006     0.1420    603.547   78.82468   -2.50546    34.9863    34.9863 0.0000e+00
    245.000     3.1186     3.1182   3.186856   3.186771    328.115    317.025     0.1007     0.0102     0.1413    604.544   78.82468   -2.50546    34.9874    34.9868 0.0000e+00
    246.000     3.1169     3.1167   3.186777   3.186725    326.433    317.515     0.1005     0.0178     0.1412    605.545   78.82468   -2.50546    34.9877    34.9873 0.0000e+00
    247.000     3.1158     3.1157   3.186730   3.186685    325.101    317.756     0.1004     0.0124     0.1410    606.555   78.82468   -2.50546    34.9878    34.9873 0.0000e+00
    248.000     3.1106     3.1110   3.186293   3.186282    324.604    317.887     0.1002     0.0094     0.1410    607.564   78.82468   -2.50546    34.9875    34.9870 0.0000e+00
    249.000     3.1032     3.1026   3.185665   3.185537    325.549    318.170     0.1000     0.0082     0.1404    608.567   78.82468   -2.50546    34.9874    34.9865 0.0000e+00
    250.000     3.0991     3.0983   3.185366   3.185274    326.257    318.174     0.0999     0.0135     0.1403    609.561   78.82468   -2.50545    34.9876    34.9873 0.0000e+00
    251.000     3.0984     3.0983   3.185359   3.185307    326.269    318.073     0.0997     0.0128     0.1406    610.553   78.82468   -2.50544    34.9877    34.9872 0.0000e+00
    252.000     3.0948     3.0948   3.185110   3.185061    326.020    318.158     0.0996    -0.0012     0.1408    611.551   78.82468   -2.50544    34.9880    34.9874 0.0000e+00
    253.000     3.0881     3.0885   3.184569   3.184537    326.775    318.645     0.0995     0.0016     0.1404    612.550   78.82468   -2.50544    34.9881    34.9873 0.0000e+00
    254.000     3.0836     3.0834   3.184233   3.184182    327.612    318.764     0.0994     0.0088     0.1408    613.562   78.82468   -2.50544    34.9883    34.9880 0.0000e+00
    255.000     3.0846     3.0843   3.184416   3.184371    328.160    318.506     0.0994     0.0087     0.1401    614.576   78.82468   -2.50544    34.9889    34.9887 0.0000e+00
    256.000     3.0826     3.0826   3.184325   3.184293    328.312    319.042     0.0994    -0.0009     0.1401    615.585   78.82468   -2.50544    34.9894    34.9891 0.0000e+00
    257.000     3.0759     3.0760   3.183767   3.183702    328.675    319.129     0.0994     0.0005     0.1401    616.582   78.82468   -2.50544    34.9893    34.9884 0.0000e+00
    258.000     3.0670     3.0672   3.182994   3.182956    328.563    319.371     0.0995     0.0066     0.1400    617.581   78.82468   -2.50543    34.9890    34.9883 0.0000e+00
    259.000     3.0566     3.0569   3.182079   3.182045    328.624    319.543     0.0996     0.0095     0.1404    618.570   78.82468   -2.50542    34.9885    34.9879 0.0000e+00
    260.000     3.0344     3.0361   3.180008   3.180021    328.808    319.461     0.0998     0.0029     0.1394    619.543   78.82468   -2.50542    34.9868    34.9851 0.0000e+00
    261.000     3.0050     3.0057   3.177236   3.177235    328.909    319.409     0.1001     0.0024     0.1390    620.532   78.82468   -2.50542    34.9843    34.9835 0.0000e+00
    262.000     2.9916     2.9915   3.176032   3.175977    328.412    319.113     0.1004     0.0054     0.1391    621.526   78.82468   -2.50542    34.9835    34.9830 0.0000e+00
    263.000     2.9878     2.9881   3.175697   3.175696    328.685    319.191     0.1007    -0.0016     0.1396    622.525   78.82468   -2.50542    34.9831    34.9827 0.0000e+00
    264.000     2.9794     2.9794   3.174948   3.174839    329.706    319.175     0.1010    -0.0003     0.1390    623.536   78.82468   -2.50542    34.9824    34.9811 0.0000e+00
    265.000     2.9567     2.9565   3.172844   3.172785    330.261    319.133     0.1014     0.0077     0.1389    624.526   78.82468   -2.50542    34.9808    34.9802 0.0000e+00
    266.000     2.9568     2.9567   3.172876   3.172862    329.823    318.969     0.1018    -0.0015     0.1382    625.512   78.82468   -2.50542    34.9806    34.9805 0.0000e+00
    267.000     2.9549     2.9545   3.172746   3.172689    329.471    319.097     0.1022     0.0001     0.1381    626.520   78.82468   -2.50542    34.9805    34.9802 0.0000e+00
    268.000     2.9419     2.9416   3.171590   3.171473    329.859    319.572     0.1026     0.0117     0.1384    627.540   78.82468   -2.50540    34.9798    34.9787 0.0000e+00
    269.000     2.9370     2.9367   3.171183   3.171165    329.971    319.266     0.1030     0.0006     0.1380    628.556   78.82468   -2.50540    34.9796    34.9798 0.0000e+00
    270.000     2.9436     2.9418   3.171881   3.171716    329.585    319.203     0.1033     0.0066     0.1372    629.559   78.82468   -2.50540    34.9805    34.9804 0.0000e+00
    271.000     2.9534     2.9532   3.172958   3.172924    329.795    319.428     0.1037     0.0092     0.1385    630.556   78.82468   -2.50541    34.9824    34.9822 0.0000e+00
