test_project/cnv_files/sta0242_bin.cnv
* Sea-Bird SBE 9 Data File:
* FileName = C:\Seabird\CTDDATA\Sta0242.hex
* Software Version Seasave V 7.26.7.107
* Temperature SN = 03-4535
* Conductivity SN = 2860
* Number of Bytes Per Scan = 44
* Number of Voltage Words = 5
* Number of Scans Averaged by the Deck Unit = 1
* NMEA Latitude = 78 50.02 N
* NMEA Longitude = 003 00.19 E
* NMEA UTC (Time) = Sep 14 2019 05:38:36
* NMEA baud rate = 9600
** Ship: "Kronprins Haakon"
** Station: 0242
** Echodepth: 2404
** Log: 6462.70
** Wind-Dir Force(m/s): 10 09
** Air-temp (dry): 5.6
** Weather Sky: 2 8
** Sea Ice: 3 0
# nquan = 16
# nvalues = 2435                        
# units = specified
# name 0 = prDM: Pressure, Digiquartz [db]
# name 1 = t090C: Temperature [ITS-90, deg C]
# name 2 = t190C: Temperature, 2 [ITS-90, deg C]
# name 3 = c0S/m: Conductivity [S/m]
# name 4 = c1S/m: Conductivity, 2 [S/m]
# name 5 = sbox0Mm/Kg: Oxygen, SBE 43 [umol/kg]
# name 6 = sbox1Mm/Kg: Oxygen, SBE 43, 2 [umol/kg]
# name 7 = wetCDOM: Fluorescence, WET Labs CDOM [mg/m^3]
# name 8 = flECO-AFL: Fluorescence, WET Labs ECO-AFL/FL [mg/m^3]
# name 9 = CStarAt0: Beam Attenuation, WET Labs C-Star [1/m]
# name 10 = timeS: Time, Elapsed [seconds]
# name 11 = latitude: Latitude [deg]
# name 12 = longitude: Longitude [deg]
# name 13 = sal00: Salinity, Practical [PSU]
# name 14 = sal11: Salinity, Practical, 2 [PSU]
# name 15 = flag: flag
# span 0 =      3.000,   2437.000       
# span 1 =    -0.7379,     5.7723       
# span 2 =    -0.7377,     5.7484       
# span 3 =   2.917991,   3.407146       
# span 4 =   2.918042,   3.440095       
# span 5 =    269.667,    328.568       
# span 6 =    252.753,    325.248       
# span 7 =     0.0903,     0.1337       
# span 8 =    -0.0050,     1.9434       
# span 9 =     0.1259,     0.4522       
# span 10 =    185.363,   2710.631      
# span 11 =   78.83366,   78.83372      
# span 12 =    3.00308,    3.00326      
# span 13 =    33.2257,    35.0389      
# span 14 =    34.7297,    35.4459      
# span 15 = 0.0000e+00, 0.0000e+00      
# interval = decibars: 1                
# start_time = Sep 14 2019 05:38:36 [NMEA time, header]
# bad_flag = -9.990e-29
*END*
[from data line 1628]
   1631.000    -0.5845    -0.5844   2.919248   2.919297    313.873    307.608     0.1203    -0.0001     0.1263   1899.337   78.83368    3.00318    34.9156    34.9161 0.0000e+00
   1632.000    -0.5848    -0.5847   2.919255   2.919328    313.913    307.285     0.1204     0.0018     0.1264   1900.306   78.83368    3.00318    34.9155    34.9163 0.0000e+00
   1633.000    -0.5854    -0.5852   2.919243   2.919307    314.094    307.444     0.1205     0.0013     0.1263   1901.278   78.83368    3.00318    34.9155    34.9161 0.0000e+00
   1634.000    -0.5858    -0.5857   2.919250   2.919302    313.717    307.778     0.1206     0.0014     0.1262   1902.251   78.83368    3.00318    34.9154    34.9160 0.0000e+00
   1635.000    -0.5865    -0.5862   2.919228   2.919309    313.773    307.894     0.1207     0.0042     0.1262   1903.218   78.83368    3.00318    34.9154    34.9161 0.0000e+00
   1636.000    -0.5866    -0.5867   2.919265   2.919308    313.986    307.507     0.1209     0.0067     0.1265   1904.182   78.83368    3.00318    34.9155    34.9161 0.0000e+00
   1637.000    -0.5873    -0.5872   2.919250   2.919295    314.144    307.484     0.1209     0.0026     0.1261   1905.144   78.83368    3.00318    34.9154    34.9160 0.0000e+00
   1638.000    -0.5882    -0.5881   2.919204   2.919266    313.977    307.363     0.1210     0.0092     0.1262   1906.112   78.83368    3.00318    34.9153    34.9160 0.0000e+00
   1639.000    -0.5909    -0.5905   2.919016   2.919097    314.002    307.580     0.1211     0.0093     0.1263   1907.081   78.83368    3.00318    34.9153    34.9160 0.0000e+00
   1640.000    -0.5924    -0.5922   2.918925   2.918983    313.561    307.876     0.1212     0.0022     0.1262   1908.053   78.83368    3.00318    34.9152    34.9159 0.0000e+00
   1641.000    -0.5929    -0.5927   2.918916   2.918984    313.835    307.710     0.1213     0.0004     0.1262   1909.024   78.83368    3.00318    34.9151    34.9159 0.0000e+00
   1642.000    -0.5939    -0.5940   2.918873   2.918899    313.870    307.249     0.1214     0.0009     0.1268   1909.998   78.83368    3.00318    34.9152    34.9156 0.0000e+00
   1643.000    -0.5945    -0.5947   2.918853   2.918886    314.107    307.332     0.1214     0.0013     0.1262   1910.973   78.83368    3.00318    34.9150    34.9157 0.0000e+00
   1644.000    -0.5946    -0.5945   2.918890   2.918943    313.862    307.612     0.1215     0.0016     0.1262   1911.941   78.83368    3.00318    34.9151    34.9157 0.0000e+00
   1645.000    -0.5951    -0.5947   2.918877   2.918966    313.896    307.441     0.1216     0.0014     0.1261   1912.901   78.83368    3.00318    34.9150    34.9157 0.0000e+00
   1646.000    -0.5960    -0.5957   2.918832   2.918914    313.857    307.365     0.1217     0.0028     0.1267   1913.856   78.83368    3.00318    34.9148    34.9156 0.0000e+00
   1647.000    -0.5974    -0.5971   2.918755   2.918831    314.199    307.594     0.1217     0.0084     0.1265   1914.813   78.83368    3.00318    34.9148    34.9154 0.0000e+00
   1648.000    -0.5990    -0.5989   2.918647   2.918707    314.075    307.633     0.1218     0.0025     0.1262   1915.773   78.83368    3.00318    34.9146    34.9153 0.0000e+00
   1649.000    -0.6004    -0.6002   2.918565   2.918623    314.454    307.580     0.1218     0.0014     0.1264   1916.741   78.83368    3.00318    34.9146    34.9151 0.0000e+00
   1650.000    -0.6007    -0.6006   2.918576   2.918638    314.338    307.602     0.1218     0.0017     0.1268   1917.721   78.83368    3.00318    34.9145    34.9152 0.0000e+00
   1651.000    -0.6015    -0.6013   2.918548   2.918607    313.755    307.764     0.1218     0.0020     0.1273   1918.709   78.83368    3.00318    34.9145    34.9151 0.0000e+00
   1652.000    -0.6028    -0.6027   2.918482   2.918536    313.920    307.865     0.1217     0.0059     0.1268   1919.691   78.83368    3.00318    34.9146    34.9152 0.0000e+00
   1653.000    -0.6031    -0.6029   2.918495   2.918560    313.964    307.946     0.1217     0.0061     0.1270   1920.662   78.83368    3.00318    34.9145    34.9152 0.0000e+00
   1654.000    -0.6032    -0.6031   2.918530   2.918592    314.168    307.877     0.1216     0.0011     0.1263   1921.627   78.83368    3.00318    34.9145    34.9152 0.0000e+00
   1655.000    -0.6037    -0.6036   2.918532   2.918594    314.031    307.843     0.1215     0.0020     0.1261   1922.590   78.83368    3.00318    34.9146    34.9152 0.0000e+00
   1656.000    -0.6041    -0.6039   2.918539   2.918610    314.020    307.940     0.1214     0.0090     0.1263   1923.549   78.83368    3.00319    34.9145    34.9153 0.0000e+00
   1657.000    -0.6051    -0.6050   2.918504   2.918556    313.388    307.244     0.1213     0.0093     0.1267   1924.506   78.83368    3.00320    34.9147    34.9153 0.0000e+00
   1658.000    -0.6058    -0.6058   2.918485   2.918532    313.778    307.492     0.1212     0.0023     0.1272   1925.462   78.83368    3.00320    34.9146    34.9152 0.0000e+00
   1659.000    -0.6064    -0.6063   2.918469   2.918525    314.220    307.449     0.1211     0.0109     0.1272   1926.424   78.83368    3.00318    34.9146    34.9152 0.0000e+00
   1660.000    -0.6065    -0.6064   2.918497   2.918548    314.584    306.948     0.1210     0.0072     0.1272   1927.399   78.83368    3.00318    34.9145    34.9151 0.0000e+00
   1661.000    -0.6074    -0.6072   2.918472   2.918536    313.817    307.442     0.1209     0.0003     0.1272   1928.379   78.83368    3.00318    34.9146    34.9153 0.0000e+00
   1662.000    -0.6077    -0.6077   2.918485   2.918539    313.910    307.692     0.1207     0.0061     0.1272   1929.362   78.83368    3.00318    34.9146    34.9153 0.0000e+00
   1663.000    -0.6076    -0.6075   2.918527   2.918597    313.863    307.401     0.1206     0.0122     0.1271   1930.334   78.83368    3.00318    34.9145    34.9153 0.0000e+00
   1664.000    -0.6079    -0.6078   2.918551   2.918605    313.677    306.982     0.1205     0.0016     0.1269   1931.292   78.83368    3.00318    34.9146    34.9152 0.0000e+00
   1665.000    -0.6079    -0.6077   2.918591   2.918656    313.896    307.211     0.1203     0.0015     0.1269   1932.246   78.83368    3.00320    34.9146    34.9153 0.0000e+00
   1666.000    -0.6079    -0.6077   2.918639   2.918697    313.425    307.465     0.1201     0.0006     0.1271   1933.206   78.83368    3.00320    34.9146    34.9153 0.0000e+00
   1667.000    -0.6078    -0.6077   2.918688   2.918741    313.589    307.408     0.1199     0.0013     0.1272   1934.177   78.83368    3.00320    34.9147    34.9153 0.0000e+00
   1668.000    -0.6078    -0.6077   2.918728   2.918784    314.212    307.426     0.1198     0.0073     0.1268   1935.159   78.83368    3.00320    34.9147    34.9153 0.0000e+00
   1669.000    -0.6076    -0.6075   2.918790   2.918851    314.048    307.562     0.1196     0.0045     0.1272   1936.142   78.83368    3.00318    34.9147    34.9154 0.0000e+00
   1670.000    -0.6075    -0.6075   2.918846   2.918897    314.025    307.376     0.1194     0.0081     0.1272   1937.115   78.83368    3.00318    34.9148    34.9154 0.0000e+00
   1671.000    -0.6079    -0.6078   2.918844   2.918920    314.064    307.406     0.1193     0.0105     0.1273   1938.076   78.83368    3.00318    34.9146    34.9155 0.0000e+00
   1672.000    -0.6082    -0.6082   2.918858   2.918924    314.048    307.243     0.1192     0.0046     0.1272   1939.035   78.83368    3.00318    34.9146    34.9155 0.0000e+00
   1673.000    -0.6082    -0.6081   2.918919   2.918976    314.000    307.508     0.1191     0.0131     0.1272   1939.994   78.83368    3.00318    34.9149    34.9155 0.0000e+00
   1674.000    -0.6079    -0.6077   2.918993   2.919051    313.940    307.598     0.1190     0.0019     0.1271   1940.963   78.83368    3.00318    34.9150    34.9155 0.0000e+00
   1675.000    -0.6093    -0.6091   2.918913   2.918994    313.824    306.717     0.1189     0.0086     0.1272   1941.940   78.83368    3.00319    34.9150    34.9157 0.0000e+00
   1676.000    -0.6095    -0.6090   2.918942   2.919033    313.863    307.043     0.1189     0.0025     0.1268   1942.915   78.83368    3.00320    34.9149    34.9156 0.0000e+00
   1677.000    -0.6109    -0.6106   2.918861   2.918925    313.504    307.527     0.1188     0.0004     0.1271   1943.889   78.83368    3.00320    34.9149    34.9155 0.0000e+00
   1678.000    -0.6111    -0.6109   2.918876   2.918950    313.430    307.500     0.1187     0.0060     0.1271   1944.857   78.83368    3.00320    34.9148    34.9155 0.0000e+00
   1679.000    -0.6127    -0.6125   2.918781   2.918836    313.863    307.617     0.1187     0.0095     0.1273   1945.819   78.83368    3.00319    34.9148    34.9153 0.0000e+00
   1680.000    -0.6132    -0.6130   2.918775   2.918834    313.847    306.843     0.1186     0.0096     0.1272   1946.780   78.83368    3.00318    34.9147    34.9153 0.0000e+00
   1681.000    -0.6133    -0.6131   2.918803   2.918871    313.981    306.755     0.1185     0.0078     0.1272   1947.744   78.83368    3.00318    34.9146    34.9153 0.0000e+00
   1682.000    -0.6133    -0.6132   2.918846   2.918910    313.954    307.397     0.1184     0.0029     0.1269   1948.719   78.83368    3.00318    34.9147    34.9154 0.0000e+00
   1683.000    -0.6123    -0.6122   2.918994   2.919055    313.283    307.071     0.1183     0.0146     0.1272   1949.690   78.83368    3.00318    34.9150    34.9157 0.0000e+00
   1684.000    -0.6111    -0.6110   2.919163   2.919211    313.485    306.554     0.1183     0.0098     0.1272   1950.658   78.83368    3.00318    34.9153    34.9158 0.0000e+00
   1685.000    -0.6110    -0.6108   2.919206   2.919276    313.863    306.944     0.1182     0.0027     0.1272   1951.624   78.83368    3.00318    34.9152    34.9159 0.0000e+00
   1686.000    -0.6111    -0.6110   2.919237   2.919304    313.770    307.130     0.1182     0.0013     0.1269   1952.584   78.83368    3.00319    34.9152    34.9159 0.0000e+00
   1687.000    -0.6118    -0.6116   2.919222   2.919286    312.860    307.066     0.1181     0.0015     0.1271   1953.548   78.83368    3.00320    34.9153    34.9158 0.0000e+00
   1688.000    -0.6118    -0.6118   2.919254   2.919313    313.092    306.695     0.1180     0.0051     0.1272   1954.519   78.83368    3.00320    34.9152    34.9159 0.0000e+00
   1689.000    -0.6128    -0.6127   2.919215   2.919266    312.524    306.743     0.1179     0.0112     0.1267   1955.496   78.83368    3.00320    34.9151    34.9157 0.0000e+00
   1690.000    -0.6136    -0.6134   2.919197   2.919242    312.767    306.815     0.1179     0.0113     0.1270   1956.476   78.83368    3.00320    34.9152    34.9157 0.0000e+00
   1691.000    -0.6155    -0.6152   2.919065   2.919132    313.082    306.490     0.1177     0.0014     0.1271   1957.445   78.83368    3.00320    34.9151    34.9157 0.0000e+00
   1692.000    -0.6175    -0.6173   2.918923   2.918989    312.578    306.409     0.1176     0.0018     0.1272   1958.406   78.83368    3.00320    34.9150    34.9157 0.0000e+00
   1693.000    -0.6186    -0.6184   2.918874   2.918934    312.866    306.752     0.1174     0.0085     0.1271   1959.366   78.83368    3.00318    34.9150    34.9155 0.0000e+00
   1694.000    -0.6191    -0.6189   2.918863   2.918925    313.105    306.389     0.1173     0.0032     0.1264   1960.329   78.83368    3.00318    34.9148    34.9154 0.0000e+00
   1695.000    -0.6193    -0.6192   2.918884   2.918951    312.922    306.441     0.1171     0.0018     0.1266   1961.294   78.83368    3.00318    34.9149    34.9156 0.0000e+00
   1696.000    -0.6195    -0.6193   2.918906   2.918971    312.628    306.685     0.1169     0.0061     0.1271   1962.270   78.83368    3.00318    34.9149    34.9155 0.0000e+00
   1697.000    -0.6198    -0.6197   2.918919   2.918980    313.205    306.231     0.1167     0.0096     0.1270   1963.241   78.83368    3.00320    34.9148    34.9154 0.0000e+00
   1698.000    -0.6198    -0.6196   2.918972   2.919026    313.128    306.095     0.1166     0.0067     0.1268   1964.205   78.83368    3.00320    34.9149    34.9154 0.0000e+00
   1699.000    -0.6202    -0.6201   2.918968   2.919041    312.861    306.541     0.1164     0.0018     0.1271   1965.170   78.83368    3.00320    34.9147    34.9156 0.0000e+00
   1700.000    -0.6202    -0.6201   2.919008   2.919081    312.834    306.694     0.1163     0.0013     0.1274   1966.141   78.83368    3.00320    34.9148    34.9156 0.0000e+00
   1701.000    -0.6203    -0.6201   2.919049   2.919121    312.839    306.285     0.1161     0.0027     0.1273   1967.115   78.83368    3.00320    34.9148    34.9156 0.0000e+00
   1702.000    -0.6206    -0.6206   2.919064   2.919127    313.003    306.215     0.1160     0.0089     0.1276   1968.089   78.83368    3.00320    34.9149    34.9157 0.0000e+00
   1703.000    -0.6206    -0.6206   2.919118   2.919165    313.059    306.303     0.1159     0.0096     0.1272   1969.057   78.83368    3.00320    34.9150    34.9156 0.0000e+00
   1704.000    -0.6208    -0.6207   2.919141   2.919200    312.814    306.545     0.1158     0.0096     0.1273   1970.019   78.83368    3.00320    34.9150    34.9157 0.0000e+00
   1705.000    -0.6210    -0.6210   2.919171   2.919227    313.021    306.670     0.1156     0.0096     0.1272   1970.980   78.83368    3.00320    34.9151    34.9158 0.0000e+00
   1706.000    -0.6213    -0.6212   2.919192   2.919243    313.007    306.705     0.1155     0.0093     0.1273   1971.945   78.83368    3.00320    34.9152    34.9157 0.0000e+00
   1707.000    -0.6218    -0.6215   2.919191   2.919268    312.240    306.446     0.1153     0.0063     0.1275   1972.917   78.83368    3.00320    34.9151    34.9158 0.0000e+00
   1708.000    -0.6225    -0.6225   2.919165   2.919206    312.375    306.075     0.1152     0.0007     0.1272   1973.893   78.83368    3.00320    34.9150    34.9156 0.0000e+00
   1709.000    -0.6231    -0.6232   2.919152   2.919188    312.848    306.259     0.1150     0.0028     0.1272   1974.862   78.83368    3.00320    34.9150    34.9156 0.0000e+00
   1710.000    -0.6238    -0.6237   2.919134   2.919195    312.547    306.513     0.1149     0.0138     0.1272   1975.824   78.83368    3.00320    34.9149    34.9157 0.0000e+00
   1711.000    -0.6239    -0.6237   2.919166   2.919224    312.289    306.260     0.1148     0.0099     0.1271   1976.788   78.83368    3.00321    34.9150    34.9156 0.0000e+00
   1712.000    -0.6242    -0.6241   2.919179   2.919239    312.150    305.767     0.1147     0.0018     0.1268   1977.750   78.83368    3.00322    34.9150    34.9156 0.0000e+00
   1713.000    -0.6250    -0.6248   2.919150   2.919212    313.006    306.164     0.1146    -0.0006     0.1272   1978.717   78.83368    3.00321    34.9149    34.9155 0.0000e+00
   1714.000    -0.6257    -0.6255   2.919133   2.919200    312.880    306.494     0.1145     0.0094     0.1272   1979.698   78.83369    3.00320    34.9149    34.9155 0.0000e+00
   1715.000    -0.6261    -0.6260   2.919127   2.919197    312.544    306.604     0.1145     0.0124     0.1269   1980.687   78.83370    3.00320    34.9148    34.9156 0.0000e+00
   1716.000    -0.6267    -0.6266   2.919119   2.919171    312.536    306.382     0.1145     0.0112     0.1272   1981.664   78.83370    3.00320    34.9148    34.9154 0.0000e+00
   1717.000    -0.6275    -0.6274   2.919091   2.919147    312.628    306.053     0.1146     0.0141     0.1274   1982.625   78.83370    3.00320    34.9148    34.9154 0.0000e+00
   1718.000    -0.6277    -0.6275   2.919119   2.919182    312.900    305.971     0.1147     0.0085     0.1275   1983.575   78.83370    3.00320    34.9148    34.9154 0.0000e+00
   1719.000    -0.6278    -0.6278   2.919146   2.919203    312.983    306.094     0.1148     0.0000     0.1270   1984.531   78.83370    3.00320    34.9147    34.9154 0.0000e+00
