test_project/cnv_files/Sta0217_bin.cnv
* Sea-Bird SBE 9 Data File:
* FileName = C:\Seabird\CTDDATA\Sta0217.hex
* Software Version Seasave V 7.26.7.107
* Temperature SN = 03-4535
* Conductivity SN = 2860
* Number of Bytes Per Scan = 44
* Number of Voltage Words = 5
* Number of Scans Averaged by the Deck Unit = 1
* NMEA Latitude = 78 50.04 N
* NMEA Longitude = 012 30.17 W
* NMEA UTC (Time) = Sep 06 2019 02:54:24
* NMEA baud rate = 9600
** Ship: "Kronprins Haakon"
** Station: 0217
** Echodepth: 192
** Log: 5962.07
** Wind-Dir Force(m/s): 32 10
** Air-temp (dry): -1.2
** Weather Sky: 0 6
** Sea Ice: 1 1
# nquan = 17
# nvalues = 177                         
# units = specified
# name 0 = prDM: Pressure, Digiquartz [db]
# name 1 = t090C: Temperature [ITS-90, deg C]
# name 2 = t190C: Temperature, 2 [ITS-90, deg C]
# name 3 = c0S/m: Conductivity [S/m]
# name 4 = c1S/m: Conductivity, 2 [S/m]
# name 5 = sbox0Mm/Kg: Oxygen, SBE 43 [umol/kg]
# name 6 = sbox1Mm/Kg: Oxygen, SBE 43, 2 [umol/kg]
# name 7 = wetCDOM: Fluorescence, WET Labs CDOM [mg/m^3]
# name 8 = flECO-AFL: Fluorescence, WET Labs ECO-AFL/FL [mg/m^3]
# name 9 = CStarAt0: Beam Attenuation, WET Labs C-Star [1/m]
# name 10 = timeS: Time, Elapsed [seconds]
# name 11 = latitude: Latitude [deg]
# name 12 = longitude: Longitude [deg]
# name 13 = upoly0: Upoly 0, ISUS
# name 14 = sal00: Salinity, Practical [PSU]
# name 15 = sal11: Salinity, Practical, 2 [PSU]
# name 16 = flag: flag
# span 0 =      4.000,    180.000       
# span 1 =    -1.6607,    -0.1902       
# span 2 =    -1.6601,    -0.1889       
# span 3 =   2.446991,   2.843423       
# span 4 =   2.446717,   2.843465       
# span 5 =    319.026,    416.154       
# span 6 =    315.882,    405.574       
# span 7 =     0.1401,     0.1755       
# span 8 =     0.0171,     0.9191       
# span 9 =     0.1540,     0.3199       
# span 10 =     23.243,    226.422      
# span 11 =   78.83412,   78.83412      
# span 12 =  -12.50294,  -12.50292      
# span 13 =  12.754889,  22.873802      
# span 14 =    30.2413,    34.3039      
# span 15 =    30.2388,    34.3031      
# span 16 = 0.0000e+00, 0.0000e+00      
# interval = decibars: 1                
# start_time = Sep 06 2019 02:54:24 [NMEA time, header]
# bad_flag = -9.990e-29
*END*
      4.000    -1.2683    -1.2684   2.448449   2.448504    403.368    399.746     0.1563     0.5420     0.2882     23.243   78.83412  -12.50292  13.446471    30.2539    30.2547 0.0000e+00
      5.000    -1.2654    -1.2620   2.448935   2.449400    404.454    400.305     0.1562     0.5340     0.2863     26.077   78.83412  -12.50292  13.189125    30.2570    30.2598 0.0000e+00
      6.000    -1.2607    -1.2602   2.449645   2.449676    404.815    401.343     0.1552     0.5321     0.2863     28.708   78.83412  -12.50292  13.596070    30.2613    30.2612 0.0000e+00
      7.000    -1.2670    -1.2612   2.448825   2.449471    405.162    401.685     0.1529     0.5463     0.2887     31.237   78.83412  -12.50292  13.574519    30.2559    30.2589 0.0000e+00
      8.000    -1.2651    -1.2630   2.449105   2.449354    405.427    401.942     0.1496     0.5365     0.2914     33.448   78.83412  -12.50292  13.350588    30.2572    30.2585 0.0000e+00
      9.000    -1.2782    -1.2794   2.446991   2.446717    405.539    402.414     0.1475     0.5242     0.2897     35.436   78.83412  -12.50292  13.616491    30.2413    30.2388 0.0000e+00
     10.000    -1.2605    -1.2628   2.449314   2.449017    405.287    401.814     0.1462     0.5353     0.2898     37.346   78.83412  -12.50292  13.262596    30.2543    30.2526 0.0000e+00
     11.000    -1.2598    -1.2532   2.449297   2.450087    407.278    402.111     0.1456     0.5237     0.2874     39.194   78.83412  -12.50292  13.551035    30.2528    30.2568 0.0000e+00
     12.000    -1.2387    -1.2392   2.452170   2.451960    405.992    401.812     0.1458     0.5293     0.2881     40.922   78.83412  -12.50292  13.604626    30.2698    30.2674 0.0000e+00
     13.000    -1.2363    -1.2306   2.452640   2.453338    407.131    402.078     0.1467     0.5145     0.2859     42.614   78.83412  -12.50292  13.757561    30.2731    30.2768 0.0000e+00
     14.000    -1.2382    -1.2338   2.452750   2.453278    406.822    402.343     0.1483     0.5234     0.2848     44.279   78.83412  -12.50292  13.639799    30.2760    30.2786 0.0000e+00
     15.000    -1.2216    -1.2197   2.455266   2.455638    406.570    401.851     0.1504     0.5213     0.2861     45.922   78.83412  -12.50292  13.304914    30.2926    30.2957 0.0000e+00
     16.000    -1.2000    -1.2043   2.458996   2.458121    407.443    401.635     0.1527     0.5228     0.2877     47.524   78.83412  -12.50292  13.368088    30.3206    30.3131 0.0000e+00
     17.000    -1.1879    -1.1909   2.462232   2.461523    407.455    401.732     0.1549     0.5478     0.2871     49.112   78.83412  -12.50292  13.263012    30.3516    30.3450 0.0000e+00
     18.000    -1.1579    -1.1602   2.469085   2.468476    406.457    401.582     0.1568     0.5557     0.2882     50.714   78.83412  -12.50292  12.754889    30.4132    30.4073 0.0000e+00
     19.000    -1.1572    -1.1569   2.471194   2.471122    406.264    401.746     0.1584     0.5928     0.2918     52.381   78.83412  -12.50292  13.048123    30.4405    30.4391 0.0000e+00
     20.000    -1.1624    -1.1616   2.471067   2.470655    405.375    401.398     0.1596     0.6152     0.2992     55.962   78.83412  -12.50292  13.119344    30.4435    30.4371 0.0000e+00
     21.000    -1.1731    -1.1738   2.471559   2.471401    404.729    401.218     0.1606     0.6034     0.3048     58.617   78.83412  -12.50292  13.240121    30.4604    30.4590 0.0000e+00
     22.000    -1.1739    -1.1735   2.472527   2.472507    404.630    400.993     0.1612     0.5999     0.3080     59.676   78.83412  -12.50292  13.061769    30.4737    30.4730 0.0000e+00
     23.000    -1.1790    -1.1791   2.473444   2.473532    405.642    401.205     0.1617     0.6167     0.3108     60.640   78.83412  -12.50292  12.963370    30.4907    30.4920 0.0000e+00
     24.000    -1.1904    -1.1899   2.473735   2.473716    406.431    401.102     0.1620     0.6427     0.3144     61.644   78.83412  -12.50292  12.976960    30.5058    30.5050 0.0000e+00
     25.000    -1.1988    -1.1984   2.474439   2.474425    407.052    401.200     0.1623     0.6822     0.3132     62.659   78.83412  -12.50292  13.104371    30.5233    30.5226 0.0000e+00
     26.000    -1.1848    -1.1847   2.493461   2.494227    406.539    400.353     0.1627     0.7078     0.3169     63.664   78.83412  -12.50292  13.370197    30.7659    30.7762 0.0000e+00
     27.000    -1.1634    -1.1633   2.525422   2.526280    405.731    399.163     0.1631     0.7639     0.3199     64.649   78.83412  -12.50292  13.513623    31.1763    31.1879 0.0000e+00
     28.000    -1.1774    -1.1774   2.541094   2.541589    406.805    399.867     0.1635     0.8778     0.3188     65.642   78.83412  -12.50292  13.219475    31.4030    31.4097 0.0000e+00
     29.000    -1.2662    -1.2646   2.552501   2.552664    408.504    401.511     0.1639     0.9191     0.3187     66.655   78.83412  -12.50292  13.450296    31.6511    31.6517 0.0000e+00
     30.000    -1.3394    -1.3385   2.555896   2.555810    410.384    404.222     0.1644     0.8464     0.3187     67.680   78.83412  -12.50292  13.349723    31.7746    31.7724 0.0000e+00
     31.000    -1.3706    -1.3699   2.556142   2.556248    410.847    405.538     0.1649     0.7398     0.3126     68.700   78.83412  -12.50292  13.744677    31.8105    31.8113 0.0000e+00
     32.000    -1.3628    -1.3623   2.558624   2.558613    412.965    405.574     0.1655     0.6327     0.3035     69.715   78.83412  -12.50292  14.157942    31.8355    31.8348 0.0000e+00
     33.000    -1.3834    -1.3829   2.559331   2.559333    416.154    404.789     0.1661     0.6282     0.2889     70.740   78.83412  -12.50292  14.256877    31.8666    31.8662 0.0000e+00
     34.000    -1.4044    -1.4038   2.560484   2.560466    415.399    403.489     0.1667     0.5976     0.2744     71.766   78.83412  -12.50292  14.543023    31.9042    31.9034 0.0000e+00
     35.000    -1.4103    -1.4099   2.560837   2.560793    412.768    402.027     0.1673     0.5411     0.2620     72.793   78.83412  -12.50292  14.370775    31.9148    31.9138 0.0000e+00
     36.000    -1.4167    -1.4166   2.561145   2.561137    411.152    401.212     0.1678     0.5099     0.2511     73.811   78.83412  -12.50292  14.372764    31.9253    31.9251 0.0000e+00
     37.000    -1.4309    -1.4309   2.561930   2.561937    410.021    400.111     0.1684     0.4954     0.2433     74.827   78.83412  -12.50292  14.964420    31.9506    31.9508 0.0000e+00
     38.000    -1.4340    -1.4337   2.562198   2.562157    408.211    398.955     0.1688     0.4832     0.2373     75.850   78.83412  -12.50292  14.783130    31.9570    31.9562 0.0000e+00
     39.000    -1.4389    -1.4385   2.562612   2.562590    407.190    398.111     0.1692     0.4725     0.2350     76.867   78.83412  -12.50292  14.911175    31.9673    31.9667 0.0000e+00
     40.000    -1.4449    -1.4445   2.563083   2.563053    406.416    397.546     0.1696     0.4683     0.2319     77.889   78.83412  -12.50292  14.791212    31.9797    31.9789 0.0000e+00
     41.000    -1.4503    -1.4499   2.563511   2.563479    406.240    397.154     0.1700     0.4809     0.2298     78.895   78.83412  -12.50292  14.704016    31.9908    31.9899 0.0000e+00
     42.000    -1.4558    -1.4551   2.563958   2.563908    405.928    396.833     0.1703     0.4903     0.2278     79.906   78.83412  -12.50292  14.890628    32.0021    32.0008 0.0000e+00
     43.000    -1.4611    -1.4610   2.564292   2.564261    405.983    397.050     0.1705     0.4737     0.2254     80.941   78.83412  -12.50292  14.659874    32.0119    32.0113 0.0000e+00
     44.000    -1.4666    -1.4665   2.564547   2.564521    405.561    397.244     0.1708     0.4572     0.2227     81.972   78.83412  -12.50292  14.787994    32.0207    32.0202 0.0000e+00
     45.000    -1.4666    -1.4664   2.564591   2.564564    405.343    396.651     0.1710     0.4371     0.2223     83.002   78.83412  -12.50292  15.539573    32.0206    32.0201 0.0000e+00
     46.000    -1.4661    -1.4662   2.564655   2.564662    405.489    396.448     0.1711     0.4423     0.2211     84.028   78.83412  -12.50292  15.467427    32.0204    32.0206 0.0000e+00
     47.000    -1.4723    -1.4733   2.565135   2.565207    404.826    396.318     0.1713     0.4368     0.2189     85.055   78.83412  -12.50292  15.300360    32.0331    32.0351 0.0000e+00
     48.000    -1.4821    -1.4815   2.566022   2.565939    404.883    396.060     0.1714     0.4293     0.2183     86.089   78.83412  -12.50292  15.236380    32.0551    32.0534 0.0000e+00
     49.000    -1.4827    -1.4824   2.566319   2.566277    404.340    396.024     0.1715     0.4178     0.2194     87.117   78.83412  -12.50292  15.151080    32.0593    32.0583 0.0000e+00
     50.000    -1.4856    -1.4860   2.567410   2.567627    404.044    395.600     0.1716     0.4128     0.2164     88.136   78.83412  -12.50292  15.098638    32.0767    32.0802 0.0000e+00
     51.000    -1.4878    -1.4874   2.568078   2.568029    404.011    395.357     0.1717     0.3999     0.2158     89.157   78.83412  -12.50292  15.035582    32.0877    32.0866 0.0000e+00
     52.000    -1.4891    -1.4889   2.568529   2.568534    403.365    394.951     0.1717     0.3683     0.2157     90.180   78.83412  -12.50292  14.577728    32.0947    32.0945 0.0000e+00
     53.000    -1.4900    -1.4895   2.568946   2.568942    402.772    394.315     0.1717     0.3535     0.2131     91.205   78.83412  -12.50292  15.201037    32.1008    32.1002 0.0000e+00
     54.000    -1.4889    -1.4886   2.569197   2.569169    402.456    394.225     0.1717     0.3639     0.2133     92.220   78.83412  -12.50292  15.729726    32.1025    32.1018 0.0000e+00
     55.000    -1.4886    -1.4882   2.569274   2.569258    401.899    393.941     0.1717     0.3616     0.2122     93.226   78.83412  -12.50292  15.031637    32.1026    32.1020 0.0000e+00
     56.000    -1.4882    -1.4877   2.569335   2.569339    401.487    393.526     0.1717     0.3506     0.2118     94.239   78.83412  -12.50292  15.164529    32.1024    32.1020 0.0000e+00
     57.000    -1.4884    -1.4879   2.569384   2.569410    401.219    392.914     0.1716     0.3608     0.2115     95.256   78.83412  -12.50292  15.119791    32.1027    32.1025 0.0000e+00
     58.000    -1.4880    -1.4877   2.569592   2.569588    400.924    392.979     0.1715     0.3570     0.2113     96.276   78.83412  -12.50292  15.119072    32.1045    32.1042 0.0000e+00
     59.000    -1.4897    -1.4895   2.569738   2.569717    401.263    392.895     0.1714     0.3482     0.2107     97.285   78.83412  -12.50292  15.495833    32.1077    32.1073 0.0000e+00
     60.000    -1.4939    -1.4939   2.569875   2.569863    401.370    393.114     0.1713     0.3539     0.2117     98.300   78.83412  -12.50292  15.115836    32.1135    32.1133 0.0000e+00
     61.000    -1.4986    -1.4986   2.570125   2.570143    400.581    392.908     0.1712     0.3345     0.2114     99.319   78.83412  -12.50292  15.120574    32.1215    32.1217 0.0000e+00
     62.000    -1.5063    -1.5061   2.570784   2.570779    400.661    392.944     0.1711     0.3255     0.2103    100.340   78.83412  -12.50292  15.557660    32.1382    32.1379 0.0000e+00
     63.000    -1.5217    -1.5204   2.570412   2.570461    400.867    392.660     0.1710     0.3073     0.2093    101.353   78.83412  -12.50292  15.608147    32.1491    32.1484 0.0000e+00
     64.000    -1.5181    -1.5180   2.571016   2.571004    400.475    392.348     0.1709     0.2923     0.2089    102.360   78.83412  -12.50292  15.621646    32.1529    32.1527 0.0000e+00
     65.000    -1.5159    -1.5157   2.571293   2.571258    400.182    391.861     0.1708     0.2881     0.2069    103.367   78.83412  -12.50292  15.585919    32.1538    32.1531 0.0000e+00
     66.000    -1.5154    -1.5152   2.571466   2.571451    400.486    391.276     0.1708     0.2919     0.2043    104.378   78.83412  -12.50292  15.530363    32.1550    32.1546 0.0000e+00
     67.000    -1.5153    -1.5149   2.571583   2.571583    400.248    391.060     0.1707     0.2884     0.2039    105.389   78.83412  -12.50292  15.457724    32.1558    32.1555 0.0000e+00
     68.000    -1.5149    -1.5147   2.571680   2.571657    400.016    391.014     0.1707     0.2835     0.2040    106.399   78.83412  -12.50292  15.455502    32.1562    32.1557 0.0000e+00
     69.000    -1.5148    -1.5145   2.571730   2.571715    399.530    391.280     0.1706     0.2833     0.2045    107.404   78.83412  -12.50292  16.139060    32.1562    32.1556 0.0000e+00
     70.000    -1.5147    -1.5145   2.571794   2.571777    399.011    391.338     0.1707     0.2735     0.2041    108.414   78.83412  -12.50292  15.365209    32.1563    32.1559 0.0000e+00
     71.000    -1.5175    -1.5185   2.571766   2.571695    398.786    391.319     0.1707     0.2706     0.2036    109.433   78.83412  -12.50292  15.790975    32.1584    32.1584 0.0000e+00
     72.000    -1.5293    -1.5289   2.571768   2.571768    398.846    390.955     0.1708     0.2599     0.2042    110.448   78.83412  -12.50292  15.328232    32.1706    32.1701 0.0000e+00
     73.000    -1.5374    -1.5371   2.572649   2.572653    398.390    390.969     0.1709     0.2634     0.2024    111.464   78.83412  -12.50292  15.042667    32.1908    32.1905 0.0000e+00
     74.000    -1.5416    -1.5413   2.573473   2.573471    398.298    390.878     0.1711     0.2378     0.2022    112.473   78.83412  -12.50292  15.547799    32.2061    32.2057 0.0000e+00
     75.000    -1.5463    -1.5461   2.574022   2.574016    398.693    390.585     0.1713     0.2173     0.2000    113.484   78.83412  -12.50292  16.060732    32.2181    32.2179 0.0000e+00
     76.000    -1.5511    -1.5509   2.574463   2.574461    398.129    389.959     0.1716     0.2148     0.1985    114.499   78.83412  -12.50292  16.025694    32.2288    32.2285 0.0000e+00
     77.000    -1.5610    -1.5607   2.574978   2.574969    397.320    389.494     0.1718     0.2147     0.1989    115.506   78.83412  -12.50292  16.370929    32.2459    32.2455 0.0000e+00
     78.000    -1.5650    -1.5648   2.576076   2.576094    396.705    388.548     0.1721     0.2098     0.1964    116.509   78.83412  -12.50292  15.612939    32.2648    32.2649 0.0000e+00
     79.000    -1.5745    -1.5741   2.576522   2.576519    396.614    388.154     0.1724     0.2074     0.1948    117.507   78.83412  -12.50292  16.301074    32.2807    32.2802 0.0000e+00
     80.000    -1.5796    -1.5793   2.576661   2.576658    396.262    387.452     0.1727     0.1875     0.1937    118.513   78.83412  -12.50292  16.331347    32.2875    32.2871 0.0000e+00
     81.000    -1.5904    -1.5900   2.576462   2.576433    395.379    386.632     0.1730     0.1636     0.1900    119.520   78.83412  -12.50292  16.399211    32.2960    32.2951 0.0000e+00
     82.000    -1.6082    -1.6075   2.576099   2.576092    394.651    386.075     0.1733     0.1552     0.1888    120.522   78.83412  -12.50294  16.055440    32.3097    32.3088 0.0000e+00
     83.000    -1.6445    -1.6433   2.575287   2.575327    394.260    385.829     0.1736     0.1474     0.1870    121.525   78.83412  -12.50294  15.530874    32.3373    32.3366 0.0000e+00
     84.000    -1.6473    -1.6472   2.577211   2.577264    392.889    384.669     0.1738     0.1272     0.1849    122.527   78.83412  -12.50294  16.385203    32.3664    32.3669 0.0000e+00
     85.000    -1.6428    -1.6429   2.578672   2.578664    392.168    384.196     0.1741     0.1078     0.1819    123.540   78.83412  -12.50294  16.228480    32.3810    32.3809 0.0000e+00
     86.000    -1.6359    -1.6362   2.579825   2.579780    392.014    383.610     0.1743     0.0909     0.1781    124.554   78.83412  -12.50294  16.230464    32.3888    32.3884 0.0000e+00
     87.000    -1.6441    -1.6437   2.580819   2.580778    392.345    382.879     0.1746     0.0902     0.1739    125.558   78.83412  -12.50294  15.898448    32.4108    32.4098 0.0000e+00
     88.000    -1.6607    -1.6601   2.581234   2.581252    390.729    382.262     0.1748     0.0900     0.1717    126.555   78.83412  -12.50294  16.162197    32.4340    32.4337 0.0000e+00
