test_project/cnv_files/Sta0235_bin.cnv
* Sea-Bird SBE 9 Data File:
* FileName = C:\Seabird\CTDDATA\Sta0235.hex
* Software Version Seasave V 7.26.7.107
* Temperature SN = 03-4535
* Conductivity SN = 2860
* Number of Bytes Per Scan = 44
* Number of Voltage Words = 5
* Number of Scans Averaged by the Deck Unit = 1
* NMEA Latitude = 78 50.19 N
* NMEA Longitude = 005 32.49 W
* NMEA UTC (Time) = Sep 10 2019 19:10:13
* NMEA baud rate = 9600
** Ship: "Kronprins Haakon"
** Station: 0235
** Echodepth: 502
** Log: 6292.355
** Wind-Dir Force(m/s): 11 14
** Air-temp (dry): 0.9
** Weather Sky: 4 8
** Sea Ice: 5 5
# nquan = 17
# nvalues = 497                         
# units = specified
# name 0 = prDM: Pressure, Digiquartz [db]
# name 1 = t090C: Temperature [ITS-90, deg C]
# name 2 = t190C: Temperature, 2 [ITS-90, deg C]
# name 3 = c0S/m: Conductivity [S/m]
# name 4 = c1S/m: Conductivity, 2 [S/m]
# name 5 = sbox0Mm/Kg: Oxygen, SBE 43 [umol/kg]
# name 6 = sbox1Mm/Kg: Oxygen, SBE 43, 2 [umol/kg]
# name 7 = wetCDOM: Fluorescence, WET Labs CDOM [mg/m^3]
# name 8 = flECO-AFL: Fluorescence, WET Labs ECO-AFL/FL [mg/m^3]
# name 9 = CStarAt0: Beam Attenuation, WET Labs C-Star [1/m]
# name 10 = timeS: Time, Elapsed [seconds]
# name 11 = latitude: Latitude [deg]
# name 12 = longitude: Longitude [deg]
# name 13 = upoly0: Upoly 0, ISUS
# name 14 = sal00: Salinity, Practical [PSU]
# name 15 = sal11: Salinity, Practical, 2 [PSU]
# name 16 = flag: flag
# span 0 =      2.000,    498.000       
# span 1 =    -1.6514,     1.2247       
# span 2 =    -1.6512,     1.2242       
# span 3 =   2.374097,   3.008005       
# span 4 =   2.374136,   3.007903       
# span 5 =    307.518,    422.676       
# span 6 =    302.031,    414.304       
# span 7 =     0.0955,     0.1819       
# span 8 =     0.0017,     1.2408       
# span 9 =     0.1251,     0.2786       
# span 10 =    222.624,    708.672      
# span 11 =   78.83646,   78.83650      
# span 12 =   -5.54874,   -5.54427      
# span 13 =  11.693969,  24.503739      
# span 14 =    29.4195,    34.8608      
# span 15 =    29.4192,    34.8610      
# span 16 = 0.0000e+00, 0.0000e+00      
# interval = decibars: 1                
# start_time = Sep 10 2019 19:10:13 [NMEA time, header]
# bad_flag = -9.990e-29
*END*
[from data line 256]
    258.000     1.0748     1.0767   2.996086   2.996194    311.838    305.953     0.1233     0.0057     0.1336    476.338   78.83648   -5.54668  23.353652    34.8388    34.8381 0.0000e+00
    259.000     1.0623     1.0628   2.994980   2.994898    309.291    306.680     0.1232     0.0151     0.1335    477.480   78.83648   -5.54670  22.734143    34.8379    34.8363 0.0000e+00
    260.000     1.0378     1.0365   2.992879   2.992850    309.594    306.941     0.1231     0.0089     0.1332    478.407   78.83648   -5.54670  23.277649    34.8377    34.8387 0.0000e+00
    261.000     1.0858     1.0867   2.997494   2.997562    309.561    305.976     0.1230     0.0026     0.1327    479.221   78.83648   -5.54672  23.542021    34.8429    34.8428 0.0000e+00
    262.000     1.0833     1.0859   2.997342   2.997544    310.974    305.783     0.1229     0.0063     0.1329    479.979   78.83648   -5.54674  23.767638    34.8432    34.8428 0.0000e+00
    263.000     1.0117     1.0134   2.990669   2.990491    313.892    306.834     0.1229     0.0096     0.1329    480.726   78.83648   -5.54674  23.767563    34.8366    34.8324 0.0000e+00
    264.000     0.9696     0.9695   2.986924   2.986896    314.699    306.824     0.1228     0.0096     0.1325    481.495   78.83648   -5.54674  23.775461    34.8347    34.8345 0.0000e+00
    265.000     0.9686     0.9695   2.986810   2.986858    313.026    305.428     0.1227     0.0096     0.1327    482.335   78.83648   -5.54676  23.725462    34.8338    34.8334 0.0000e+00
    266.000     0.9484     0.9499   2.984975   2.985053    312.540    305.283     0.1227     0.0096     0.1322    483.306   78.83648   -5.54676  23.523296    34.8320    34.8315 0.0000e+00
    267.000     0.9795     0.9748   2.987971   2.987674    313.612    304.908     0.1226     0.0096     0.1319    484.444   78.83648   -5.54676  23.091372    34.8354    34.8368 0.0000e+00
    268.000     1.0407     1.0390   2.993939   2.993853    314.675    304.457     0.1226     0.0096     0.1316    485.683   78.83648   -5.54676  23.634851    34.8434    34.8441 0.0000e+00
    269.000     1.0438     1.0443   2.994342   2.994371    314.849    305.366     0.1225     0.0094     0.1318    486.856   78.83648   -5.54677  23.909461    34.8445    34.8444 0.0000e+00
    270.000     1.0397     1.0409   2.994040   2.994070    313.123    305.804     0.1225     0.0035     0.1310    487.885   78.83648   -5.54678  23.956985    34.8446    34.8436 0.0000e+00
    271.000     1.0189     1.0193   2.992218   2.992190    311.923    305.893     0.1225     0.0072     0.1307    488.809   78.83648   -5.54679  23.201054    34.8437    34.8430 0.0000e+00
    272.000     0.9862     0.9898   2.989265   2.989478    311.627    306.005     0.1224     0.0063     0.1311    489.676   78.83648   -5.54681  23.415053    34.8417    34.8404 0.0000e+00
    273.000     0.9700     0.9695   2.987794   2.987710    311.357    306.140     0.1224     0.0034     0.1315    490.524   78.83648   -5.54682  23.472690    34.8401    34.8396 0.0000e+00
    274.000     0.9677     0.9680   2.987660   2.987660    311.170    305.653     0.1224     0.0093     0.1315    491.376   78.83648   -5.54682  23.189865    34.8404    34.8401 0.0000e+00
    275.000     0.9663     0.9667   2.987587   2.987601    312.121    305.492     0.1223     0.0096     0.1313    492.262   78.83648   -5.54682  22.680855    34.8405    34.8402 0.0000e+00
    276.000     0.9678     0.9674   2.987780   2.987747    313.595    305.406     0.1223     0.0096     0.1308    493.205   78.83648   -5.54684  22.614600    34.8407    34.8407 0.0000e+00
    277.000     0.9822     0.9803   2.989211   2.989078    314.035    305.076     0.1222     0.0096     0.1309    494.208   78.83648   -5.54684  23.072340    34.8424    34.8429 0.0000e+00
    278.000     1.0055     1.0050   2.991541   2.991503    313.942    304.988     0.1221     0.0132     0.1314    495.252   78.83648   -5.54684  23.355468    34.8459    34.8459 0.0000e+00
    279.000     1.0077     1.0077   2.991848   2.991824    314.228    305.326     0.1220     0.0093     0.1310    496.301   78.83648   -5.54686  23.348945    34.8468    34.8465 0.0000e+00
    280.000     1.0080     1.0080   2.991963   2.991939    313.481    305.429     0.1219     0.0056     0.1311    497.318   78.83648   -5.54686  23.611391    34.8474    34.8471 0.0000e+00
    281.000     1.0096     1.0096   2.992202   2.992181    312.704    305.476     0.1218     0.0070     0.1314    498.297   78.83648   -5.54688  24.073650    34.8481    34.8478 0.0000e+00
    282.000     1.0094     1.0097   2.992261   2.992239    312.053    305.700     0.1217     0.0048     0.1314    499.234   78.83648   -5.54688  23.145305    34.8484    34.8479 0.0000e+00
    283.000     0.9973     0.9966   2.991183   2.991032    311.992    305.713     0.1215     0.0161     0.1307    500.148   78.83648   -5.54688  23.304865    34.8475    34.8463 0.0000e+00
    284.000     0.9770     0.9766   2.989385   2.989314    312.398    305.354     0.1214     0.0166     0.1308    501.054   78.83648   -5.54690  23.462050    34.8464    34.8459 0.0000e+00
    285.000     0.9770     0.9772   2.989421   2.989429    312.371    305.089     0.1213     0.0111     0.1314    501.972   78.83648   -5.54690  23.473861    34.8463    34.8461 0.0000e+00
    286.000     0.9559     0.9567   2.987535   2.987516    312.832    305.273     0.1211     0.0049     0.1315    502.925   78.83648   -5.54690  23.069091    34.8449    34.8438 0.0000e+00
    287.000     0.9394     0.9387   2.986041   2.985947    313.733    305.219     0.1210     0.0057     0.1321    503.930   78.83648   -5.54691  23.425834    34.8435    34.8430 0.0000e+00
    288.000     0.9372     0.9373   2.985882   2.985884    313.109    305.287     0.1209     0.0163     0.1334    504.977   78.83648   -5.54692  22.961915    34.8433    34.8432 0.0000e+00
    289.000     0.9265     0.9266   2.984970   2.984917    313.002    305.373     0.1208     0.0175     0.1338    506.042   78.83648   -5.54694  22.869542    34.8429    34.8421 0.0000e+00
    290.000     0.9140     0.9140   2.983901   2.983886    313.317    305.119     0.1207     0.0096     0.1345    507.071   78.83648   -5.54694  23.058293    34.8426    34.8424 0.0000e+00
    291.000     0.9094     0.9096   2.983570   2.983559    312.914    304.974     0.1206     0.0096     0.1354    508.028   78.83648   -5.54696  23.232459    34.8428    34.8424 0.0000e+00
    292.000     0.9135     0.9138   2.984046   2.984087    312.486    304.715     0.1205     0.0089     0.1364    508.919   78.83648   -5.54696  23.438284    34.8438    34.8439 0.0000e+00
    293.000     0.9183     0.9193   2.984553   2.984589    312.656    304.526     0.1205     0.0029     0.1370    509.772   78.83648   -5.54697  23.864427    34.8443    34.8437 0.0000e+00
    294.000     0.8906     0.8917   2.982038   2.982100    313.451    304.720     0.1204     0.0121     0.1384    510.611   78.83648   -5.54698  23.689208    34.8423    34.8418 0.0000e+00
    295.000     0.8806     0.8799   2.981207   2.981098    313.121    304.626     0.1204     0.0136     0.1397    511.474   78.83648   -5.54698  23.668637    34.8421    34.8415 0.0000e+00
    296.000     0.8720     0.8738   2.980474   2.980547    312.243    304.542     0.1204     0.0074     0.1400    512.401   78.83648   -5.54698  23.548814    34.8417    34.8407 0.0000e+00
    297.000     0.8564     0.8564   2.979108   2.979104    312.180    304.858     0.1204     0.0066     0.1401    513.451   78.83648   -5.54698  23.242620    34.8409    34.8408 0.0000e+00
    298.000     0.8534     0.8532   2.978880   2.978857    312.123    304.526     0.1204     0.0139     0.1410    514.638   78.83648   -5.54700  23.236284    34.8407    34.8407 0.0000e+00
    299.000     0.8516     0.8514   2.978768   2.978763    312.295    304.487     0.1204     0.0096     0.1419    515.850   78.83648   -5.54701  23.355894    34.8406    34.8408 0.0000e+00
    300.000     0.8549     0.8546   2.979139   2.979122    312.178    304.798     0.1204     0.0124     0.1417    516.930   78.83648   -5.54702  23.325974    34.8412    34.8413 0.0000e+00
    301.000     0.8544     0.8545   2.979164   2.979169    312.251    304.686     0.1205     0.0148     0.1407    517.860   78.83648   -5.54703  23.847741    34.8415    34.8414 0.0000e+00
    302.000     0.8493     0.8496   2.978773   2.978784    312.192    304.526     0.1205     0.0092     0.1400    518.686   78.83648   -5.54704  23.845057    34.8415    34.8414 0.0000e+00
    303.000     0.8467     0.8467   2.978627   2.978620    312.427    304.285     0.1206     0.0035     0.1405    519.462   78.83648   -5.54704  23.940200    34.8420    34.8418 0.0000e+00
    304.000     0.8471     0.8467   2.978779   2.978746    311.969    304.254     0.1207     0.0060     0.1434    520.231   78.83648   -5.54706  24.088633    34.8430    34.8429 0.0000e+00
    305.000     0.8391     0.8394   2.978129   2.978116    311.438    304.178     0.1207     0.0095     0.1466    521.037   78.83648   -5.54706  24.088271    34.8429    34.8424 0.0000e+00
    306.000     0.8338     0.8336   2.977693   2.977679    311.238    304.043     0.1208     0.0096     0.1504    521.939   78.83648   -5.54706  24.051421    34.8426    34.8426 0.0000e+00
    307.000     0.8340     0.8336   2.977765   2.977736    311.897    304.111     0.1209     0.0104     0.1493    523.027   78.83647   -5.54706  23.817548    34.8427    34.8428 0.0000e+00
    308.000     0.8380     0.8375   2.978204   2.978180    312.427    304.526     0.1209     0.0144     0.1467    524.316   78.83646   -5.54708  23.807337    34.8433    34.8435 0.0000e+00
    309.000     0.8483     0.8479   2.979270   2.979255    312.327    304.575     0.1210     0.0065     0.1446    525.582   78.83646   -5.54709  23.312095    34.8450    34.8453 0.0000e+00
    310.000     0.8503     0.8502   2.979589   2.979584    311.800    304.609     0.1210     0.0044     0.1435    526.641   78.83646   -5.54710  23.335543    34.8462    34.8463 0.0000e+00
    311.000     0.8487     0.8489   2.979527   2.979541    311.711    304.736     0.1211     0.0105     0.1431    527.532   78.83646   -5.54710  23.302610    34.8467    34.8466 0.0000e+00
    312.000     0.8451     0.8452   2.979274   2.979256    311.580    305.027     0.1212     0.0163     0.1425    528.333   78.83648   -5.54712  22.905159    34.8468    34.8465 0.0000e+00
    313.000     0.8417     0.8417   2.979017   2.979021    311.963    304.851     0.1212     0.0118     0.1403    529.093   78.83648   -5.54712  23.533466    34.8467    34.8468 0.0000e+00
    314.000     0.8407     0.8407   2.978980   2.978970    312.192    304.624     0.1213     0.0076     0.1378    529.857   78.83648   -5.54713  23.513293    34.8468    34.8466 0.0000e+00
    315.000     0.8400     0.8400   2.978955   2.978945    312.331    304.824     0.1214     0.0025     0.1345    530.674   78.83648   -5.54714  23.290368    34.8466    34.8465 0.0000e+00
    316.000     0.8392     0.8393   2.978921   2.978923    312.519    304.911     0.1215     0.0026     0.1320    531.609   78.83647   -5.54714  23.286239    34.8466    34.8465 0.0000e+00
    317.000     0.8378     0.8378   2.978829   2.978836    312.441    304.887     0.1217     0.0081     0.1299    532.729   78.83646   -5.54714  23.158679    34.8463    34.8464 0.0000e+00
    318.000     0.8365     0.8364   2.978772   2.978756    312.497    304.987     0.1218     0.0037     0.1293    533.994   78.83646   -5.54715  23.389777    34.8464    34.8463 0.0000e+00
    319.000     0.8329     0.8328   2.978491   2.978492    312.115    305.076     0.1219     0.0075     0.1289    535.213   78.83646   -5.54716  23.268785    34.8462    34.8463 0.0000e+00
    320.000     0.8302     0.8303   2.978301   2.978313    311.649    305.141     0.1220     0.0023     0.1283    536.267   78.83646   -5.54718  23.444774    34.8462    34.8462 0.0000e+00
    321.000     0.8237     0.8240   2.977789   2.977792    311.350    305.211     0.1222     0.0022     0.1282    537.185   78.83646   -5.54720  24.080760    34.8463    34.8460 0.0000e+00
    322.000     0.8175     0.8175   2.977311   2.977313    311.686    304.926     0.1223     0.0083     0.1282    538.028   78.83646   -5.54720  23.871787    34.8464    34.8465 0.0000e+00
    323.000     0.8160     0.8161   2.977208   2.977226    312.001    304.607     0.1225     0.0096     0.1278    538.837   78.83646   -5.54721  23.496534    34.8462    34.8463 0.0000e+00
    324.000     0.8139     0.8139   2.977081   2.977088    311.959    304.595     0.1226     0.0096     0.1272    539.650   78.83646   -5.54722  23.027145    34.8463    34.8464 0.0000e+00
    325.000     0.8114     0.8112   2.976926   2.976886    312.149    304.455     0.1227     0.0096     0.1272    540.495   78.83646   -5.54722  23.711663    34.8465    34.8462 0.0000e+00
    326.000     0.8064     0.8067   2.976532   2.976552    312.433    304.542     0.1229     0.0096     0.1272    541.403   78.83646   -5.54722  23.941256    34.8464    34.8464 0.0000e+00
    327.000     0.8025     0.8027   2.976246   2.976261    312.220    304.577     0.1230     0.0097     0.1272    542.390   78.83646   -5.54722  23.654474    34.8465    34.8465 0.0000e+00
    328.000     0.8004     0.8006   2.976124   2.976132    312.449    304.574     0.1231     0.0150     0.1272    543.455   78.83646   -5.54724  23.359188    34.8467    34.8466 0.0000e+00
    329.000     0.7995     0.7996   2.976103   2.976106    312.372    304.479     0.1232     0.0050     0.1273    544.563   78.83646   -5.54725  23.336755    34.8468    34.8468 0.0000e+00
    330.000     0.7968     0.7969   2.975912   2.975934    311.907    304.780     0.1232     0.0077     0.1280    545.670   78.83646   -5.54726  23.257638    34.8467    34.8469 0.0000e+00
    331.000     0.7962     0.7962   2.975900   2.975910    311.782    304.741     0.1233     0.0038     0.1287    546.734   78.83646   -5.54726  23.272076    34.8467    34.8468 0.0000e+00
    332.000     0.7930     0.7934   2.975695   2.975708    311.499    304.408     0.1234     0.0076     0.1293    547.742   78.83646   -5.54727  22.969926    34.8470    34.8468 0.0000e+00
    333.000     0.7888     0.7888   2.975414   2.975423    311.348    304.512     0.1234     0.0096     0.1303    548.690   78.83646   -5.54728  23.489897    34.8475    34.8476 0.0000e+00
    334.000     0.7878     0.7878   2.975396   2.975399    311.517    304.385     0.1235     0.0068     0.1315    549.592   78.83646   -5.54729  23.664298    34.8478    34.8478 0.0000e+00
    335.000     0.7841     0.7841   2.975155   2.975149    311.559    304.276     0.1235     0.0037     0.1333    550.456   78.83646   -5.54730  23.768343    34.8482    34.8481 0.0000e+00
    336.000     0.7836     0.7837   2.975150   2.975155    311.563    304.582     0.1235     0.0092     0.1354    551.302   78.83646   -5.54730  24.056327    34.8481    34.8481 0.0000e+00
    337.000     0.7819     0.7821   2.975049   2.975046    311.772    304.784     0.1235     0.0095     0.1366    552.152   78.83646   -5.54732  23.322220    34.8481    34.8480 0.0000e+00
    338.000     0.7770     0.7773   2.974691   2.974696    311.823    304.426     0.1236     0.0052     0.1384    553.037   78.83646   -5.54732  23.215184    34.8484    34.8482 0.0000e+00
    339.000     0.7738     0.7739   2.974475   2.974473    311.827    304.302     0.1236     0.0085     0.1399    553.987   78.83646   -5.54732  23.248032    34.8486    34.8485 0.0000e+00
    340.000     0.7708     0.7709   2.974253   2.974261    311.818    304.289     0.1236     0.0164     0.1409    555.031   78.83646   -5.54733  22.974419    34.8486    34.8485 0.0000e+00
    341.000     0.7671     0.7671   2.973974   2.973981    311.839    304.373     0.1236     0.0101     0.1412    556.155   78.83646   -5.54734  23.284404    34.8485    34.8485 0.0000e+00
