test_project/cnv_files/Sta0237_bin.cnv
* Sea-Bird SBE 9 Data File:
* FileName = C:\Seabird\CTDDATA\Sta0237.hex
* Software Version Seasave V 7.26.7.107
* Temperature SN = 03-4535
* Conductivity SN = 2860
* Number of Bytes Per Scan = 44
* Number of Voltage Words = 5
* Number of Scans Averaged by the Deck Unit = 1
* NMEA Latitude = 78 50.19 N
* NMEA Longitude = 004 59.44 W
* NMEA UTC (Time) = Sep 11 2019 12:40:38
* NMEA baud rate = 9600
** Ship: "Kronprins Haakon"
** Station: 0237
** Echodepth: 1022
** Log: 6312.532
** Wind-Dir Force(m/s): 20 25
** Air-temp (dry): -1.5
** Weather Sky: 8 8
** Sea Ice: 4 4
# nquan = 17
# nvalues = 981                         
# units = specified
# name 0 = prDM: Pressure, Digiquartz [db]
# name 1 = t090C: Temperature [ITS-90, deg C]
# name 2 = t190C: Temperature, 2 [ITS-90, deg C]
# name 3 = c0S/m: Conductivity [S/m]
# name 4 = c1S/m: Conductivity, 2 [S/m]
# name 5 = sbox0Mm/Kg: Oxygen, SBE 43 [umol/kg]
# name 6 = sbox1Mm/Kg: Oxygen, SBE 43, 2 [umol/kg]
# name 7 = wetCDOM: Fluorescence, WET Labs CDOM [mg/m^3]
# name 8 = flECO-AFL: Fluorescence, WET Labs ECO-AFL/FL [mg/m^3]
# name 9 = CStarAt0: Beam Attenuation, WET Labs C-Star [1/m]
# name 10 = timeS: Time, Elapsed [seconds]
# name 11 = latitude: Latitude [deg]
# name 12 = longitude: Longitude [deg]
# name 13 = upoly0: Upoly 0, ISUS
# name 14 = sal00: Salinity, Practical [PSU]
# name 15 = sal11: Salinity, Practical, 2 [PSU]
# name 16 = flag: flag
# span 0 =      1.000,    981.000       
# span 1 =    -1.6863,     1.0833       
# span 2 =    -1.6869,     1.0823       
# span 3 =   2.390321,   2.994782       
# span 4 =   2.390442,   2.994732       
# span 5 =    306.180,    420.312       
# span 6 =    299.902,    411.483       
# span 7 =     0.1206,     0.1955       
# span 8 =     0.0002,     0.7654       
# span 9 =     0.1212,     0.2775       
# span 10 =    268.777,   1261.995      
# span 11 =   78.83554,   78.83626      
# span 12 =   -4.98569,   -4.96731      
# span 13 =  11.384199,  24.596830      
# span 14 =    29.6893,    34.8931      
# span 15 =    29.6902,    34.8938      
# span 16 = 0.0000e+00, 0.0000e+00      
# interval = decibars: 1                
# start_time = Sep 11 2019 12:40:38 [NMEA time, header]
# bad_flag = -9.990e-29
*END*
[from data line 766]
    767.000     0.1832     0.1833   2.945206   2.945248    316.144    308.642     0.1251     0.0031     0.1219   1039.912   78.83568   -4.97105  23.510296    34.8806    34.8810 0.0000e+00
    768.000     0.1823     0.1823   2.945178   2.945201    316.538    308.874     0.1251     0.0021     0.1224   1040.923   78.83568   -4.97104  23.514866    34.8806    34.8809 0.0000e+00
    769.000     0.1825     0.1824   2.945245   2.945266    316.672    309.125     0.1251     0.0076     0.1219   1041.938   78.83568   -4.97101  23.490879    34.8807    34.8811 0.0000e+00
    770.000     0.1818     0.1818   2.945273   2.945275    316.365    309.244     0.1252     0.0048     0.1220   1042.937   78.83568   -4.97099  23.900565    34.8813    34.8813 0.0000e+00
    771.000     0.1777     0.1781   2.944955   2.945009    316.716    309.274     0.1252     0.0020     0.1220   1043.915   78.83568   -4.97097  24.416099    34.8812    34.8814 0.0000e+00
    772.000     0.1749     0.1749   2.944763   2.944783    316.695    309.308     0.1252     0.0052     0.1218   1044.871   78.83568   -4.97095  23.698103    34.8811    34.8814 0.0000e+00
    773.000     0.1723     0.1725   2.944573   2.944596    316.662    309.441     0.1253     0.0095     0.1218   1045.819   78.83568   -4.97094  23.427836    34.8811    34.8811 0.0000e+00
    774.000     0.1719     0.1719   2.944588   2.944619    316.815    309.288     0.1253     0.0096     0.1225   1046.777   78.83568   -4.97093  23.720964    34.8812    34.8816 0.0000e+00
    775.000     0.1732     0.1731   2.944780   2.944795    316.682    308.949     0.1254     0.0096     0.1219   1047.747   78.83568   -4.97091  23.459198    34.8816    34.8819 0.0000e+00
    776.000     0.1735     0.1737   2.944862   2.944896    316.571    308.926     0.1254     0.0096     0.1221   1048.747   78.83568   -4.97090  23.314821    34.8818    34.8819 0.0000e+00
    777.000     0.1733     0.1732   2.944887   2.944908    316.876    309.203     0.1255     0.0096     0.1221   1049.766   78.83568   -4.97089  23.443539    34.8817    34.8821 0.0000e+00
    778.000     0.1715     0.1719   2.944792   2.944829    316.884    309.365     0.1256     0.0096     0.1218   1050.792   78.83568   -4.97086  23.146568    34.8819    34.8819 0.0000e+00
    779.000     0.1692     0.1692   2.944616   2.944642    316.944    309.395     0.1256     0.0097     0.1219   1051.800   78.83568   -4.97083  23.048039    34.8817    34.8820 0.0000e+00
    780.000     0.1663     0.1665   2.944405   2.944443    317.091    309.386     0.1257     0.0145     0.1218   1052.773   78.83568   -4.97081  23.427100    34.8815    34.8818 0.0000e+00
    781.000     0.1645     0.1646   2.944289   2.944312    317.085    309.496     0.1258     0.0126     0.1218   1053.726   78.83568   -4.97079  23.449706    34.8815    34.8817 0.0000e+00
    782.000     0.1631     0.1631   2.944200   2.944230    316.955    309.605     0.1259     0.0065     0.1219   1054.667   78.83568   -4.97078  23.753831    34.8813    34.8817 0.0000e+00
    783.000     0.1654     0.1653   2.944478   2.944488    316.434    309.267     0.1259     0.0017     0.1217   1055.608   78.83568   -4.97077  23.707039    34.8817    34.8820 0.0000e+00
    784.000     0.1651     0.1653   2.944509   2.944548    316.753    308.876     0.1260     0.0020     0.1217   1056.570   78.83568   -4.97076  23.248054    34.8819    34.8822 0.0000e+00
    785.000     0.1643     0.1643   2.944482   2.944502    316.278    309.234     0.1261     0.0018     0.1218   1057.558   78.83568   -4.97075  23.367994    34.8820    34.8822 0.0000e+00
    786.000     0.1646     0.1646   2.944559   2.944589    316.152    309.354     0.1262     0.0015     0.1218   1058.569   78.83568   -4.97073  23.437460    34.8820    34.8824 0.0000e+00
    787.000     0.1632     0.1633   2.944500   2.944532    316.820    309.361     0.1263     0.0017     0.1219   1059.593   78.83568   -4.97071  23.576382    34.8822    34.8825 0.0000e+00
    788.000     0.1620     0.1620   2.944449   2.944470    316.739    309.170     0.1264     0.0021     0.1218   1060.613   78.83568   -4.97069  23.234148    34.8823    34.8826 0.0000e+00
    789.000     0.1618     0.1619   2.944483   2.944516    316.851    309.162     0.1265     0.0022     0.1219   1061.627   78.83568   -4.97067  23.343065    34.8824    34.8828 0.0000e+00
    790.000     0.1626     0.1626   2.944603   2.944628    316.756    309.154     0.1265     0.0076     0.1219   1062.612   78.83568   -4.97063  23.635546    34.8825    34.8829 0.0000e+00
    791.000     0.1628     0.1628   2.944666   2.944699    316.837    309.472     0.1266     0.0180     0.1225   1063.576   78.83568   -4.97062  23.667007    34.8826    34.8829 0.0000e+00
    792.000     0.1622     0.1624   2.944660   2.944703    316.934    309.507     0.1267     0.0129     0.1218   1064.533   78.83568   -4.97061  23.139142    34.8826    34.8829 0.0000e+00
    793.000     0.1593     0.1600   2.944452   2.944532    316.691    309.494     0.1268     0.0046     0.1218   1065.498   78.83568   -4.97060  23.503528    34.8825    34.8828 0.0000e+00
    794.000     0.1560     0.1563   2.944201   2.944246    316.851    309.578     0.1268     0.0095     0.1220   1066.482   78.83568   -4.97058  23.511013    34.8824    34.8826 0.0000e+00
    795.000     0.1541     0.1544   2.944085   2.944136    316.770    309.722     0.1269     0.0081     0.1220   1067.484   78.83566   -4.97058  22.988231    34.8824    34.8828 0.0000e+00
    796.000     0.1547     0.1549   2.944192   2.944227    317.016    309.798     0.1269     0.0031     0.1226   1068.499   78.83566   -4.97056  23.325203    34.8825    34.8828 0.0000e+00
    797.000     0.1527     0.1529   2.944070   2.944099    316.784    309.727     0.1270     0.0093     0.1228   1069.520   78.83566   -4.97054  23.577589    34.8826    34.8828 0.0000e+00
    798.000     0.1518     0.1517   2.944031   2.944051    316.851    309.704     0.1271     0.0098     0.1218   1070.529   78.83566   -4.97051  23.363556    34.8826    34.8829 0.0000e+00
    799.000     0.1515     0.1516   2.944046   2.944075    316.549    309.457     0.1272     0.0151     0.1218   1071.524   78.83566   -4.97049  23.875551    34.8825    34.8828 0.0000e+00
    800.000     0.1497     0.1499   2.943947   2.943968    316.995    309.226     0.1272     0.0040     0.1218   1072.506   78.83566   -4.97048  23.833349    34.8826    34.8827 0.0000e+00
    801.000     0.1474     0.1475   2.943779   2.943813    316.904    309.539     0.1273     0.0017     0.1219   1073.486   78.83566   -4.97046  23.776531    34.8825    34.8828 0.0000e+00
    802.000     0.1463     0.1464   2.943722   2.943742    316.456    309.645     0.1274     0.0061     0.1235   1074.463   78.83566   -4.97044  23.516811    34.8823    34.8826 0.0000e+00
    803.000     0.1456     0.1457   2.943718   2.943742    316.279    309.007     0.1275     0.0096     0.1223   1075.448   78.83566   -4.97044  23.581463    34.8825    34.8827 0.0000e+00
    804.000     0.1446     0.1448   2.943669   2.943700    316.563    309.138     0.1276     0.0068     0.1218   1076.435   78.83566   -4.97042  23.708122    34.8824    34.8827 0.0000e+00
    805.000     0.1435     0.1437   2.943610   2.943655    316.950    308.907     0.1276     0.0043     0.1218   1077.427   78.83566   -4.97040  23.538192    34.8824    34.8827 0.0000e+00
    806.000     0.1407     0.1409   2.943424   2.943460    316.186    309.177     0.1277     0.0081     0.1218   1078.417   78.83566   -4.97038  23.506326    34.8825    34.8827 0.0000e+00
    807.000     0.1371     0.1373   2.943181   2.943217    316.554    309.549     0.1278     0.0022     0.1220   1079.411   78.83566   -4.97036  23.504782    34.8828    34.8830 0.0000e+00
    808.000     0.1363     0.1364   2.943159   2.943186    316.626    309.621     0.1278     0.0022     0.1218   1080.408   78.83566   -4.97034  23.835653    34.8828    34.8831 0.0000e+00
    809.000     0.1347     0.1347   2.943060   2.943096    316.340    309.508     0.1279     0.0028     0.1218   1081.405   78.83566   -4.97032  23.703627    34.8827    34.8831 0.0000e+00
    810.000     0.1333     0.1334   2.942999   2.943032    316.546    309.288     0.1279     0.0144     0.1218   1082.404   78.83566   -4.97030  23.704758    34.8829    34.8832 0.0000e+00
    811.000     0.1331     0.1331   2.943022   2.943048    316.497    309.217     0.1280     0.0053     0.1218   1083.403   78.83566   -4.97030  23.715520    34.8829    34.8832 0.0000e+00
    812.000     0.1329     0.1330   2.943056   2.943088    316.187    309.311     0.1280     0.0069     0.1225   1084.398   78.83566   -4.97028  23.553340    34.8829    34.8832 0.0000e+00
    813.000     0.1331     0.1332   2.943128   2.943157    316.408    309.482     0.1280     0.0096     0.1228   1085.390   78.83564   -4.97026  23.246047    34.8830    34.8834 0.0000e+00
    814.000     0.1337     0.1338   2.943231   2.943261    316.525    309.083     0.1281     0.0127     0.1222   1086.371   78.83564   -4.97024  23.541406    34.8832    34.8835 0.0000e+00
    815.000     0.1332     0.1333   2.943236   2.943268    316.448    309.024     0.1280     0.0137     0.1220   1087.346   78.83564   -4.97022  23.410542    34.8832    34.8836 0.0000e+00
    816.000     0.1319     0.1319   2.943164   2.943201    316.726    309.342     0.1280     0.0097     0.1218   1088.325   78.83564   -4.97020  23.905713    34.8832    34.8837 0.0000e+00
    817.000     0.1300     0.1302   2.943070   2.943101    316.650    309.379     0.1280     0.0079     0.1220   1089.314   78.83564   -4.97018  23.968064    34.8835    34.8837 0.0000e+00
    818.000     0.1279     0.1280   2.942932   2.942967    316.534    309.084     0.1279     0.0022     0.1224   1090.312   78.83564   -4.97018  23.862496    34.8835    34.8838 0.0000e+00
    819.000     0.1260     0.1262   2.942818   2.942841    316.673    309.376     0.1278     0.0026     0.1219   1091.326   78.83564   -4.97016  24.054891    34.8836    34.8837 0.0000e+00
    820.000     0.1234     0.1234   2.942633   2.942662    316.556    309.221     0.1277     0.0148     0.1217   1092.347   78.83564   -4.97014  24.109292    34.8835    34.8838 0.0000e+00
    821.000     0.1227     0.1228   2.942612   2.942639    316.327    309.369     0.1276     0.0101     0.1218   1093.357   78.83564   -4.97012  24.407426    34.8834    34.8837 0.0000e+00
    822.000     0.1227     0.1227   2.942670   2.942698    316.459    309.255     0.1275     0.0097     0.1220   1094.349   78.83564   -4.97010  24.047323    34.8836    34.8839 0.0000e+00
    823.000     0.1217     0.1218   2.942627   2.942652    316.320    309.020     0.1273     0.0149     0.1216   1095.323   78.83564   -4.97008  23.896036    34.8836    34.8838 0.0000e+00
    824.000     0.1206     0.1208   2.942588   2.942620    316.263    309.383     0.1272     0.0122     0.1216   1096.282   78.83564   -4.97006  23.272954    34.8838    34.8840 0.0000e+00
    825.000     0.1186     0.1188   2.942471   2.942496    316.605    309.424     0.1270     0.0058     0.1218   1097.242   78.83564   -4.97004  22.883981    34.8839    34.8840 0.0000e+00
    826.000     0.1178     0.1178   2.942440   2.942474    316.504    309.435     0.1268     0.0046     0.1220   1098.218   78.83564   -4.97004  23.038779    34.8838    34.8842 0.0000e+00
    827.000     0.1162     0.1163   2.942355   2.942387    316.700    309.442     0.1266     0.0071     0.1218   1099.216   78.83564   -4.97002  23.479623    34.8839    34.8842 0.0000e+00
    828.000     0.1155     0.1157   2.942347   2.942379    316.851    309.493     0.1264     0.0024     0.1217   1100.235   78.83564   -4.97000  23.719335    34.8840    34.8842 0.0000e+00
    829.000     0.1153     0.1154   2.942373   2.942405    316.625    309.213     0.1262     0.0034     0.1218   1101.265   78.83564   -4.97000  23.363491    34.8840    34.8843 0.0000e+00
    830.000     0.1150     0.1150   2.942397   2.942420    316.956    309.292     0.1260     0.0095     0.1219   1102.285   78.83564   -4.96996  23.368096    34.8841    34.8844 0.0000e+00
    831.000     0.1148     0.1149   2.942430   2.942451    316.658    309.599     0.1258     0.0096     0.1218   1103.280   78.83564   -4.96994  23.307339    34.8841    34.8843 0.0000e+00
    832.000     0.1139     0.1140   2.942383   2.942418    316.695    309.783     0.1255     0.0094     0.1218   1104.246   78.83564   -4.96992  23.256027    34.8840    34.8843 0.0000e+00
    833.000     0.1126     0.1127   2.942320   2.942352    316.892    309.760     0.1253     0.0036     0.1218   1105.197   78.83564   -4.96990  23.486036    34.8841    34.8843 0.0000e+00
    834.000     0.1126     0.1126   2.942375   2.942398    316.473    309.513     0.1251     0.0073     0.1218   1106.159   78.83564   -4.96990  23.993552    34.8842    34.8844 0.0000e+00
    835.000     0.1139     0.1139   2.942553   2.942575    316.525    309.786     0.1249     0.0096     0.1218   1107.138   78.83564   -4.96988  23.387303    34.8844    34.8848 0.0000e+00
    836.000     0.1123     0.1123   2.942486   2.942498    316.910    309.511     0.1248     0.0096     0.1218   1108.142   78.83564   -4.96988  23.382711    34.8848    34.8849 0.0000e+00
    837.000     0.1116     0.1117   2.942456   2.942492    316.340    309.582     0.1246     0.0063     0.1218   1109.172   78.83564   -4.96986  23.764486    34.8846    34.8850 0.0000e+00
    838.000     0.1102     0.1103   2.942382   2.942412    316.582    309.476     0.1245     0.0075     0.1218   1110.204   78.83564   -4.96984  23.895238    34.8847    34.8849 0.0000e+00
    839.000     0.1065     0.1067   2.942094   2.942132    317.120    309.338     0.1243     0.0168     0.1218   1111.213   78.83564   -4.96982  23.849757    34.8844    34.8848 0.0000e+00
    840.000     0.1053     0.1054   2.942028   2.942060    316.742    309.512     0.1242     0.0147     0.1217   1112.194   78.83564   -4.96980  23.690511    34.8844    34.8847 0.0000e+00
    841.000     0.1061     0.1060   2.942162   2.942183    316.882    309.744     0.1241     0.0090     0.1219   1113.156   78.83562   -4.96978  23.527277    34.8847    34.8850 0.0000e+00
    842.000     0.1045     0.1049   2.942062   2.942130    316.792    309.694     0.1241     0.0028     0.1224   1114.116   78.83564   -4.96976  24.018422    34.8846    34.8850 0.0000e+00
    843.000     0.1025     0.1026   2.941947   2.941984    316.908    309.776     0.1240     0.0021     0.1217   1115.084   78.83564   -4.96976  23.325686    34.8848    34.8851 0.0000e+00
    844.000     0.1012     0.1012   2.941889   2.941923    316.864    309.474     0.1239     0.0081     0.1218   1116.077   78.83564   -4.96974  23.743033    34.8849    34.8853 0.0000e+00
    845.000     0.1003     0.1006   2.941877   2.941921    316.467    309.141     0.1239     0.0144     0.1218   1117.093   78.83564   -4.96972  23.964369    34.8851    34.8854 0.0000e+00
    846.000     0.0983     0.0983   2.941739   2.941777    316.560    309.577     0.1239     0.0165     0.1226   1118.119   78.83564   -4.96970  23.907732    34.8851    34.8855 0.0000e+00
    847.000     0.0978     0.0980   2.941759   2.941787    316.868    309.322     0.1239     0.0077     0.1220   1119.133   78.83562   -4.96968  23.844442    34.8852    34.8855 0.0000e+00
    848.000     0.0973     0.0974   2.941753   2.941794    316.635    309.417     0.1239     0.0055     0.1221   1120.126   78.83562   -4.96966  23.734455    34.8852    34.8857 0.0000e+00
    849.000     0.0976     0.0975   2.941836   2.941851    316.971    309.580     0.1239     0.0096     0.1224   1121.096   78.83562   -4.96964  23.377971    34.8853    34.8857 0.0000e+00
    850.000     0.0981     0.0978   2.941917   2.941934    317.272    309.681     0.1240     0.0096     0.1218   1122.056   78.83562   -4.96962  23.474485    34.8853    34.8858 0.0000e+00
    851.000     0.0981     0.0980   2.941980   2.941996    316.817    309.581     0.1240     0.0105     0.1219   1123.016   78.83562   -4.96962  23.451040    34.8855    34.8858 0.0000e+00
