test_project/cnv_files/Sta0235_bin.cnv
* Sea-Bird SBE 9 Data File:
* FileName = C:\Seabird\CTDDATA\Sta0235.hex
* Software Version Seasave V 7.26.7.107
* Temperature SN = 03-4535
* Conductivity SN = 2860
* Number of Bytes Per Scan = 44
* Number of Voltage Words = 5
* Number of Scans Averaged by the Deck Unit = 1
* NMEA Latitude = 78 50.19 N
* NMEA Longitude = 005 32.49 W
* NMEA UTC (Time) = Sep 10 2019 19:10:13
* NMEA baud rate = 9600
** Ship: "Kronprins Haakon"
** Station: 0235
** Echodepth: 502
** Log: 6292.355
** Wind-Dir Force(m/s): 11 14
** Air-temp (dry): 0.9
** Weather Sky: 4 8
** Sea Ice: 5 5
# nquan = 17
# nvalues = 497                         
# units = specified
# name 0 = prDM: Pressure, Digiquartz [db]
# name 1 = t090C: Temperature [ITS-90, deg C]
# name 2 = t190C: Temperature, 2 [ITS-90, deg C]
# name 3 = c0S/m: Conductivity [S/m]
# name 4 = c1S/m: Conductivity, 2 [S/m]
# name 5 = sbox0Mm/Kg: Oxygen, SBE 43 [umol/kg]
# name 6 = sbox1Mm/Kg: Oxygen, SBE 43, 2 [umol/kg]
# name 7 = wetCDOM: Fluorescence, WET Labs CDOM [mg/m^3]
# name 8 = flECO-AFL: Fluorescence, WET Labs ECO-AFL/FL [mg/m^3]
# name 9 = CStarAt0: Beam Attenuation, WET Labs C-Star [1/m]
# name 10 = timeS: Time, Elapsed [seconds]
# name 11 = latitude: Latitude [deg]
# name 12 = longitude: Longitude [deg]
# name 13 = upoly0: Upoly 0, ISUS
# name 14 = sal00: Salinity, Practical [PSU]
# name 15 = sal11: Salinity, Practical, 2 [PSU]
# name 16 = flag: flag
# span 0 =      2.000,    498.000       
# span 1 =    -1.6514,     1.2247       
# span 2 =    -1.6512,     1.2242       
# span 3 =   2.374097,   3.008005       
# span 4 =   2.374136,   3.007903       
# span 5 =    307.518,    422.676       
# span 6 =    302.031,    414.304       
# span 7 =     0.0955,     0.1819       
# span 8 =     0.0017,     1.2408       
# span 9 =     0.1251,     0.2786       
# span 10 =    222.624,    708.672      
# span 11 =   78.83646,   78.83650      
# span 12 =   -5.54874,   -5.54427      
# span 13 =  11.693969,  24.503739      
# span 14 =    29.4195,    34.8608      
# span 15 =    29.4192,    34.8610      
# span 16 = 0.0000e+00, 0.0000e+00      
# interval = decibars: 1                
# start_time = Sep 10 2019 19:10:13 [NMEA time, header]
# bad_flag = -9.990e-29
*END*
[from data line 341]
    343.000     0.7672     0.7670   2.974115   2.974109    311.397    304.224     0.1236     0.0077     0.1422    558.332   78.83646   -5.54736  23.645743    34.8490    34.8492 0.0000e+00
    344.000     0.7680     0.7681   2.974277   2.974278    311.271    304.307     0.1236     0.0148     0.1423    559.278   78.83646   -5.54736  23.511705    34.8496    34.8495 0.0000e+00
    345.000     0.7657     0.7658   2.974160   2.974166    311.442    304.318     0.1236     0.0104     0.1426    560.158   78.83646   -5.54738  23.668264    34.8501    34.8501 0.0000e+00
    346.000     0.7646     0.7646   2.974120   2.974119    311.329    304.234     0.1236     0.0161     0.1437    561.010   78.83646   -5.54740  23.818505    34.8503    34.8501 0.0000e+00
    347.000     0.7636     0.7638   2.974080   2.974094    311.416    304.258     0.1235     0.0115     0.1466    561.870   78.83646   -5.54740  23.948529    34.8502    34.8502 0.0000e+00
    348.000     0.7615     0.7618   2.973933   2.973952    311.877    304.527     0.1235     0.0096     0.1482    562.774   78.83646   -5.54740  23.444751    34.8501    34.8501 0.0000e+00
    349.000     0.7566     0.7564   2.973527   2.973510    311.871    304.493     0.1235     0.0096     0.1485    563.749   78.83646   -5.54741  23.660901    34.8498    34.8497 0.0000e+00
    350.000     0.7573     0.7571   2.973656   2.973646    311.247    304.333     0.1234     0.0096     0.1494    564.788   78.83646   -5.54742  23.573161    34.8501    34.8501 0.0000e+00
    351.000     0.7556     0.7555   2.973570   2.973575    311.423    303.978     0.1234     0.0141     0.1497    565.827   78.83646   -5.54742  23.679792    34.8502    34.8503 0.0000e+00
    352.000     0.7667     0.7655   2.974709   2.974678    311.627    304.160     0.1233     0.0211     0.1502    566.810   78.83646   -5.54743  23.608872    34.8520    34.8529 0.0000e+00
    353.000     0.7897     0.7893   2.976971   2.976976    311.431    304.196     0.1232     0.0099     0.1508    567.715   78.83646   -5.54744  23.232870    34.8549    34.8554 0.0000e+00
    354.000     0.7969     0.7968   2.977742   2.977742    311.823    304.548     0.1232     0.0097     0.1508    568.573   78.83646   -5.54745  23.875324    34.8562    34.8563 0.0000e+00
    355.000     0.7973     0.7974   2.977851   2.977856    312.548    304.970     0.1231     0.0186     0.1481    569.422   78.83646   -5.54746  23.866812    34.8566    34.8566 0.0000e+00
    356.000     0.7953     0.7956   2.977729   2.977752    312.492    304.825     0.1230     0.0179     0.1448    570.300   78.83646   -5.54746  23.771874    34.8567    34.8566 0.0000e+00
    357.000     0.7944     0.7945   2.977691   2.977683    312.213    305.120     0.1229     0.0097     0.1403    571.263   78.83646   -5.54748  23.543662    34.8566    34.8564 0.0000e+00
    358.000     0.7899     0.7900   2.977308   2.977314    312.384    305.644     0.1227     0.0096     0.1349    572.357   78.83646   -5.54748  23.349967    34.8561    34.8561 0.0000e+00
    359.000     0.7888     0.7868   2.977248   2.977049    311.878    306.032     0.1226     0.0063     0.1320    573.548   78.83646   -5.54749  23.927854    34.8559    34.8557 0.0000e+00
    360.000     0.7825     0.7814   2.976696   2.976602    311.966    306.448     0.1224     0.0052     0.1298    574.685   78.83646   -5.54750  24.122219    34.8553    34.8553 0.0000e+00
    361.000     0.7803     0.7796   2.976536   2.976466    311.690    306.239     0.1223     0.0097     0.1296    575.677   78.83646   -5.54751  23.529171    34.8551    34.8550 0.0000e+00
    362.000     0.7684     0.7738   2.975454   2.975913    312.256    306.029     0.1221     0.0096     0.1294    576.545   78.83646   -5.54752  24.072454    34.8539    34.8537 0.0000e+00
    363.000     0.7496     0.7529   2.973753   2.974004    312.852    306.022     0.1220     0.0096     0.1292    577.346   78.83646   -5.54752  24.109858    34.8523    34.8518 0.0000e+00
    364.000     0.7415     0.7422   2.973070   2.973106    312.900    305.591     0.1218     0.0096     0.1302    578.116   78.83646   -5.54754  24.073315    34.8518    34.8516 0.0000e+00
    365.000     0.7462     0.7448   2.973600   2.973532    312.549    304.960     0.1217     0.0096     0.1313    578.900   78.83646   -5.54754  23.315962    34.8529    34.8536 0.0000e+00
    366.000     0.7613     0.7613   2.975075   2.975089    312.904    304.723     0.1216     0.0102     0.1334    579.740   78.83646   -5.54754  23.568515    34.8545    34.8547 0.0000e+00
    367.000     0.7635     0.7641   2.975339   2.975375    313.075    304.775     0.1215     0.0160     0.1390    580.696   78.83646   -5.54755  23.635849    34.8549    34.8547 0.0000e+00
    368.000     0.7711     0.7718   2.976130   2.976200    313.043    304.711     0.1214     0.0107     0.1433    581.805   78.83646   -5.54756  23.543703    34.8560    34.8561 0.0000e+00
    369.000     0.7590     0.7589   2.975126   2.975110    312.503    305.258     0.1213     0.0154     0.1717    583.007   78.83646   -5.54757  23.605373    34.8560    34.8559 0.0000e+00
    370.000     0.7549     0.7548   2.974802   2.974804    312.069    305.484     0.1212     0.0085     0.1496    584.142   78.83646   -5.54758  23.620259    34.8558    34.8559 0.0000e+00
    371.000     0.7522     0.7523   2.974602   2.974592    311.454    305.525     0.1211     0.0023     0.1402    585.145   78.83646   -5.54760  23.534336    34.8556    34.8555 0.0000e+00
    372.000     0.7478     0.7478   2.974257   2.974247    311.576    305.609     0.1210     0.0145     0.1391    586.048   78.83646   -5.54760  23.519237    34.8555    34.8554 0.0000e+00
    373.000     0.7414     0.7414   2.973726   2.973702    312.329    305.694     0.1210     0.0166     0.1364    586.900   78.83646   -5.54761  23.326477    34.8552    34.8549 0.0000e+00
    374.000     0.7344     0.7345   2.973156   2.973144    312.749    305.791     0.1209     0.0169     0.1346    587.742   78.83646   -5.54762  23.807484    34.8550    34.8549 0.0000e+00
    375.000     0.7283     0.7281   2.972647   2.972618    312.738    305.933     0.1208     0.0142     0.1322    588.607   78.83646   -5.54763  23.989953    34.8547    34.8545 0.0000e+00
    376.000     0.7197     0.7200   2.971926   2.971939    312.807    305.963     0.1208     0.0098     0.1311    589.525   78.83646   -5.54764  23.520474    34.8544    34.8543 0.0000e+00
    377.000     0.7147     0.7151   2.971524   2.971548    312.728    305.468     0.1207     0.0098     0.1298    590.511   78.83646   -5.54764  23.538683    34.8542    34.8541 0.0000e+00
    378.000     0.7126     0.7127   2.971371   2.971377    313.263    305.579     0.1206     0.0153     0.1285    591.547   78.83646   -5.54765  23.287408    34.8540    34.8540 0.0000e+00
    379.000     0.7122     0.7125   2.971383   2.971415    313.276    305.682     0.1206     0.0103     0.1282    592.576   78.83646   -5.54766  23.768301    34.8541    34.8541 0.0000e+00
    380.000     0.7121     0.7122   2.971424   2.971433    312.573    305.357     0.1205     0.0141     0.1282    593.555   78.83646   -5.54767  23.618851    34.8541    34.8540 0.0000e+00
    381.000     0.7120     0.7122   2.971464   2.971473    312.560    305.533     0.1204     0.0116     0.1281    594.481   78.83646   -5.54768  23.354896    34.8541    34.8541 0.0000e+00
    382.000     0.7104     0.7106   2.971364   2.971381    312.624    305.296     0.1203     0.0155     0.1275    595.367   78.83646   -5.54768  23.378110    34.8540    34.8541 0.0000e+00
    383.000     0.7083     0.7084   2.971228   2.971237    312.670    305.297     0.1202     0.0186     0.1274    596.246   78.83646   -5.54768  23.574078    34.8541    34.8540 0.0000e+00
    384.000     0.7066     0.7067   2.971123   2.971126    312.675    305.518     0.1202     0.0029     0.1272    597.147   78.83646   -5.54770  23.986923    34.8540    34.8539 0.0000e+00
    385.000     0.7040     0.7041   2.970930   2.970946    312.096    305.120     0.1201     0.0089     0.1272    598.106   78.83646   -5.54770  23.454021    34.8538    34.8539 0.0000e+00
    386.000     0.7045     0.7042   2.971060   2.971061    312.158    305.168     0.1201     0.0096     0.1269    599.143   78.83646   -5.54772  23.171291    34.8543    34.8547 0.0000e+00
    387.000     0.7064     0.7065   2.971302   2.971325    312.786    305.277     0.1200     0.0096     0.1270    600.249   78.83646   -5.54772  23.377723    34.8548    34.8550 0.0000e+00
    388.000     0.7060     0.7056   2.971313   2.971296    312.378    305.720     0.1200     0.0096     0.1264    601.351   78.83646   -5.54772  23.614738    34.8548    34.8550 0.0000e+00
    389.000     0.7002     0.7002   2.970840   2.970843    312.237    305.980     0.1200     0.0096     0.1271    602.372   78.83646   -5.54774  24.379640    34.8545    34.8546 0.0000e+00
    390.000     0.6989     0.6989   2.970776   2.970773    312.237    305.942     0.1200     0.0096     0.1275    603.301   78.83646   -5.54774  23.501918    34.8546    34.8546 0.0000e+00
    391.000     0.7014     0.7011   2.971067   2.971051    312.590    305.566     0.1200     0.0092     0.1273    604.154   78.83646   -5.54776  23.572015    34.8549    34.8551 0.0000e+00
    392.000     0.7051     0.7053   2.971465   2.971497    312.517    305.372     0.1201     0.0084     0.1269    604.968   78.83646   -5.54776  23.516313    34.8554    34.8556 0.0000e+00
    393.000     0.7032     0.7031   2.971362   2.971353    312.667    305.367     0.1201     0.0023     0.1264    605.772   78.83646   -5.54777  23.428541    34.8557    34.8555 0.0000e+00
    394.000     0.7022     0.7022   2.971328   2.971322    313.096    305.377     0.1201     0.0019     0.1268    606.602   78.83646   -5.54778  23.817785    34.8557    34.8556 0.0000e+00
    395.000     0.7015     0.7015   2.971308   2.971309    312.557    305.403     0.1202     0.0056     0.1269    607.497   78.83646   -5.54778  23.831662    34.8557    34.8556 0.0000e+00
    396.000     0.7004     0.7004   2.971257   2.971259    312.516    305.323     0.1202     0.0095     0.1263    608.521   78.83646   -5.54780  23.180948    34.8556    34.8556 0.0000e+00
    397.000     0.6992     0.6992   2.971204   2.971203    312.686    305.588     0.1203     0.0094     0.1261    609.696   78.83646   -5.54780  23.043848    34.8556    34.8557 0.0000e+00
    398.000     0.6987     0.6987   2.971201   2.971212    312.713    305.679     0.1203     0.0096     0.1261    610.922   78.83646   -5.54781  23.886070    34.8556    34.8558 0.0000e+00
    399.000     0.6984     0.6984   2.971225   2.971231    312.576    305.643     0.1204     0.0096     0.1261    612.025   78.83646   -5.54782  23.749713    34.8557    34.8557 0.0000e+00
    400.000     0.6980     0.6981   2.971245   2.971263    312.076    305.415     0.1204     0.0138     0.1262    612.974   78.83646   -5.54783  23.426186    34.8559    34.8559 0.0000e+00
    401.000     0.6939     0.6943   2.970961   2.970962    311.751    305.170     0.1205     0.0167     0.1265    613.817   78.83646   -5.54785  23.520637    34.8561    34.8557 0.0000e+00
    402.000     0.6896     0.6897   2.970636   2.970642    312.066    305.351     0.1206     0.0162     0.1262    614.611   78.83646   -5.54786  24.183881    34.8561    34.8561 0.0000e+00
    403.000     0.6878     0.6878   2.970521   2.970532    312.711    305.196     0.1207     0.0107     0.1261    615.393   78.83646   -5.54786  23.901575    34.8561    34.8562 0.0000e+00
    404.000     0.6857     0.6860   2.970387   2.970407    312.835    305.082     0.1207     0.0096     0.1260    616.208   78.83646   -5.54788  23.543517    34.8561    34.8561 0.0000e+00
    405.000     0.6805     0.6807   2.969989   2.969986    313.057    305.565     0.1208     0.0096     0.1259    617.103   78.83646   -5.54788  22.987607    34.8562    34.8559 0.0000e+00
    406.000     0.6760     0.6760   2.969636   2.969625    313.343    305.789     0.1209     0.0069     0.1253    618.146   78.83646   -5.54788  23.041336    34.8561    34.8559 0.0000e+00
    407.000     0.6734     0.6730   2.969448   2.969424    313.109    306.438     0.1210     0.0024     0.1251    619.323   78.83646   -5.54790  23.360007    34.8559    34.8561 0.0000e+00
    408.000     0.6727     0.6726   2.969420   2.969423    312.625    306.378     0.1211     0.0057     0.1261    620.487   78.83646   -5.54790  23.415282    34.8558    34.8559 0.0000e+00
    409.000     0.6721     0.6723   2.969422   2.969445    312.181    305.862     0.1212     0.0067     0.1257    621.514   78.83646   -5.54790  24.018136    34.8559    34.8560 0.0000e+00
    410.000     0.6710     0.6712   2.969381   2.969400    312.195    305.603     0.1213     0.0049     0.1255    622.413   78.83646   -5.54792  24.195979    34.8560    34.8560 0.0000e+00
    411.000     0.6685     0.6686   2.969215   2.969225    312.146    305.688     0.1214     0.0157     0.1259    623.244   78.83646   -5.54792  24.171664    34.8561    34.8561 0.0000e+00
    412.000     0.6667     0.6666   2.969099   2.969105    312.350    305.793     0.1215     0.0106     0.1262    624.053   78.83646   -5.54794  23.907818    34.8559    34.8562 0.0000e+00
    413.000     0.6658     0.6652   2.969071   2.969032    312.667    305.545     0.1215     0.0096     0.1261    624.888   78.83646   -5.54794  23.352578    34.8560    34.8562 0.0000e+00
    414.000     0.6638     0.6634   2.968948   2.968909    313.060    305.473     0.1216     0.0096     0.1265    625.805   78.83646   -5.54795  23.597486    34.8561    34.8560 0.0000e+00
    415.000     0.6624     0.6621   2.968868   2.968839    312.606    305.460     0.1217     0.0142     0.1271    626.861   78.83646   -5.54796  23.939858    34.8560    34.8560 0.0000e+00
    416.000     0.6566     0.6565   2.968411   2.968404    312.253    305.450     0.1218     0.0207     0.1272    628.037   78.83646   -5.54797  23.821234    34.8560    34.8560 0.0000e+00
    417.000     0.6499     0.6496   2.967851   2.967828    312.146    305.532     0.1218     0.0130     0.1272    629.181   78.83646   -5.54798  23.439886    34.8557    34.8558 0.0000e+00
    418.000     0.6476     0.6477   2.967709   2.967717    312.041    305.440     0.1219     0.0096     0.1272    630.185   78.83646   -5.54798  23.260461    34.8559    34.8559 0.0000e+00
    419.000     0.6469     0.6468   2.967710   2.967711    311.847    305.568     0.1220     0.0096     0.1272    631.067   78.83646   -5.54800  23.377310    34.8561    34.8562 0.0000e+00
    420.000     0.6467     0.6467   2.967740   2.967744    311.924    305.838     0.1220     0.0097     0.1280    631.878   78.83646   -5.54800  23.693387    34.8561    34.8562 0.0000e+00
    421.000     0.6467     0.6467   2.967788   2.967795    312.310    305.578     0.1221     0.0145     0.1291    632.664   78.83646   -5.54801  23.765465    34.8561    34.8562 0.0000e+00
    422.000     0.6466     0.6466   2.967834   2.967835    312.324    305.153     0.1222     0.0140     0.1312    633.467   78.83646   -5.54802  23.740066    34.8562    34.8562 0.0000e+00
    423.000     0.6465     0.6465   2.967865   2.967878    312.896    305.430     0.1223     0.0085     0.1338    634.340   78.83646   -5.54802  23.452517    34.8562    34.8563 0.0000e+00
    424.000     0.6463     0.6462   2.967894   2.967900    313.046    305.194     0.1223     0.0045     0.1347    635.349   78.83646   -5.54804  23.773375    34.8562    34.8563 0.0000e+00
    425.000     0.6456     0.6456   2.967897   2.967899    312.578    305.165     0.1224     0.0148     0.1351    636.524   78.83646   -5.54805  23.732166    34.8564    34.8564 0.0000e+00
    426.000     0.6421     0.6425   2.967659   2.967708    312.188    305.548     0.1225     0.0120     0.1357    637.751   78.83646   -5.54806  23.561792    34.8567    34.8568 0.0000e+00
