test_project/cnv_files/Sta0217_bin.cnv
* Sea-Bird SBE 9 Data File:
* FileName = C:\Seabird\CTDDATA\Sta0217.hex
* Software Version Seasave V 7.26.7.107
* Temperature SN = 03-4535
* Conductivity SN = 2860
* Number of Bytes Per Scan = 44
* Number of Voltage Words = 5
* Number of Scans Averaged by the Deck Unit = 1
* NMEA Latitude = 78 50.04 N
* NMEA Longitude = 012 30.17 W
* NMEA UTC (Time) = Sep 06 2019 02:54:24
* NMEA baud rate = 9600
** Ship: "Kronprins Haakon"
** Station: 0217
** Echodepth: 192
** Log: 5962.07
** Wind-Dir Force(m/s): 32 10
** Air-temp (dry): -1.2
** Weather Sky: 0 6
** Sea Ice: 1 1
# nquan = 17
# nvalues = 177                         
# units = specified
# name 0 = prDM: Pressure, Digiquartz [db]
# name 1 = t090C: Temperature [ITS-90, deg C]
# name 2 = t190C: Temperature, 2 [ITS-90, deg C]
# name 3 = c0S/m: Conductivity [S/m]
# name 4 = c1S/m: Conductivity, 2 [S/m]
# name 5 = sbox0Mm/Kg: Oxygen, SBE 43 [umol/kg]
# name 6 = sbox1Mm/Kg: Oxygen, SBE 43, 2 [umol/kg]
# name 7 = wetCDOM: Fluorescence, WET Labs CDOM [mg/m^3]
# name 8 = flECO-AFL: Fluorescence, WET Labs ECO-AFL/FL [mg/m^3]
# name 9 = CStarAt0: Beam Attenuation, WET Labs C-Star [1/m]
# name 10 = timeS: Time, Elapsed [seconds]
# name 11 = latitude: Latitude [deg]
# name 12 = longitude: Longitude [deg]
# name 13 = upoly0: Upoly 0, ISUS
# name 14 = sal00: Salinity, Practical [PSU]
# name 15 = sal11: Salinity, Practical, 2 [PSU]
# name 16 = flag: flag
# span 0 =      4.000,    180.000       
# span 1 =    -1.6607,    -0.1902       
# span 2 =    -1.6601,    -0.1889       
# span 3 =   2.446991,   2.843423       
# span 4 =   2.446717,   2.843465       
# span 5 =    319.026,    416.154       
# span 6 =    315.882,    405.574       
# span 7 =     0.1401,     0.1755       
# span 8 =     0.0171,     0.9191       
# span 9 =     0.1540,     0.3199       
# span 10 =     23.243,    226.422      
# span 11 =   78.83412,   78.83412      
# span 12 =  -12.50294,  -12.50292      
# span 13 =  12.754889,  22.873802      
# span 14 =    30.2413,    34.3039      
# span 15 =    30.2388,    34.3031      
# span 16 = 0.0000e+00, 0.0000e+00      
# interval = decibars: 1                
# start_time = Sep 06 2019 02:54:24 [NMEA time, header]
# bad_flag = -9.990e-29
*END*
[from data line 86]
     90.000    -1.6362    -1.6364   2.589032   2.589020    387.297    380.235     0.1751     0.0721     0.1711    128.548   78.83412  -12.50294  16.995343    32.5137    32.5138 0.0000e+00
     91.000    -1.6353    -1.6347   2.592523   2.592489    387.772    380.375     0.1752     0.0731     0.1701    129.546   78.83412  -12.50294  16.796786    32.5603    32.5592 0.0000e+00
     92.000    -1.6458    -1.6457   2.594477   2.594482    387.958    379.863     0.1753     0.0715     0.1688    130.531   78.83412  -12.50294  16.732740    32.5982    32.5983 0.0000e+00
     93.000    -1.6350    -1.6363   2.596690   2.596547    386.184    378.596     0.1754     0.0683     0.1681    131.513   78.83412  -12.50294  16.959560    32.6163    32.6158 0.0000e+00
     94.000    -1.6119    -1.6134   2.600173   2.600175    384.255    377.211     0.1755     0.0683     0.1673    132.507   78.83412  -12.50294  16.595443    32.6385    32.6401 0.0000e+00
     95.000    -1.5877    -1.5885   2.605340   2.605384    383.379    376.183     0.1755     0.0661     0.1669    133.509   78.83412  -12.50294  16.575840    32.6826    32.6840 0.0000e+00
     96.000    -1.5448    -1.5461   2.613731   2.613696    382.523    375.081     0.1755     0.0591     0.1670    134.516   78.83412  -12.50294  17.059906    32.7505    32.7515 0.0000e+00
     97.000    -1.5276    -1.5280   2.617528   2.617512    381.956    374.661     0.1755     0.0539     0.1662    135.514   78.83412  -12.50294  17.395354    32.7833    32.7835 0.0000e+00
     98.000    -1.5212    -1.5215   2.618908   2.618891    380.421    373.776     0.1754     0.0601     0.1654    136.512   78.83412  -12.50294  17.226633    32.7947    32.7947 0.0000e+00
     99.000    -1.5034    -1.5044   2.621905   2.621895    377.004    371.881     0.1753     0.0670     0.1652    137.516   78.83412  -12.50294  17.189054    32.8157    32.8166 0.0000e+00
    100.000    -1.4444    -1.4467   2.635744   2.635820    373.555    369.536     0.1752     0.0551     0.1702    138.520   78.83412  -12.50294  16.884197    32.9403    32.9440 0.0000e+00
    101.000    -1.4028    -1.4040   2.644543   2.644505    372.911    368.497     0.1750     0.0528     0.1768    139.515   78.83412  -12.50294  17.879347    33.0147    33.0155 0.0000e+00
    102.000    -1.3828    -1.3833   2.648406   2.648420    373.142    368.072     0.1748     0.0364     0.1646    140.508   78.83412  -12.50294  17.950890    33.0451    33.0458 0.0000e+00
    103.000    -1.3678    -1.3683   2.651297   2.651216    370.613    366.185     0.1746     0.0389     0.1636    141.501   78.83412  -12.50294  17.680832    33.0675    33.0670 0.0000e+00
    104.000    -1.3616    -1.3615   2.652577   2.652595    366.971    363.797     0.1743     0.0449     0.1627    142.502   78.83412  -12.50294  17.706145    33.0776    33.0778 0.0000e+00
    105.000    -1.3275    -1.3291   2.659255   2.659332    363.292    361.161     0.1741     0.0487     0.1622    143.495   78.83412  -12.50294  18.134006    33.1309    33.1336 0.0000e+00
    106.000    -1.2979    -1.2985   2.665001   2.664979    361.877    359.958     0.1737     0.0480     0.1611    144.494   78.83412  -12.50294  18.622300    33.1762    33.1766 0.0000e+00
    107.000    -1.2816    -1.2821   2.668208   2.668175    362.835    359.267     0.1734     0.0406     0.1606    145.488   78.83412  -12.50294  19.018606    33.2014    33.2015 0.0000e+00
    108.000    -1.2563    -1.2572   2.674066   2.674071    362.259    358.144     0.1730     0.0466     0.1590    146.483   78.83412  -12.50294  18.515742    33.2529    33.2540 0.0000e+00
    109.000    -1.1881    -1.1909   2.684951   2.685018    359.833    356.221     0.1727     0.0529     0.1591    147.485   78.83412  -12.50294  18.315721    33.3253    33.3294 0.0000e+00
    110.000    -1.1167    -1.1176   2.695322   2.695308    358.802    354.867     0.1723     0.0528     0.1585    148.484   78.83412  -12.50294  18.422971    33.3869    33.3878 0.0000e+00
    111.000    -1.1040    -1.1047   2.698158   2.698108    359.196    354.925     0.1718     0.0459     0.1580    149.481   78.83412  -12.50294  18.518314    33.4108    33.4110 0.0000e+00
    112.000    -1.0918    -1.0918   2.700094   2.700112    355.972    352.815     0.1714     0.0396     0.1573    150.476   78.83412  -12.50294  18.889288    33.4231    33.4233 0.0000e+00
    113.000    -1.0799    -1.0800   2.702273   2.702384    350.946    349.408     0.1709     0.0387     0.1572    151.479   78.83412  -12.50294  19.530300    33.4389    33.4405 0.0000e+00
    114.000    -1.0604    -1.0614   2.707423   2.707470    347.041    347.029     0.1704     0.0387     0.1563    152.487   78.83412  -12.50294  19.506322    33.4867    33.4884 0.0000e+00
    115.000    -1.0005    -1.0016   2.716483   2.716547    345.511    345.123     0.1699     0.0339     0.1552    153.482   78.83412  -12.50294  19.665511    33.5427    33.5447 0.0000e+00
    116.000    -1.0142    -1.0122   2.717756   2.717721    347.709    345.462     0.1694     0.0299     0.1548    154.477   78.83412  -12.50294  20.000331    33.5747    33.5719 0.0000e+00
    117.000    -1.0676    -1.0654   2.714198   2.714173    349.134    345.792     0.1689     0.0304     0.1547    155.473   78.83412  -12.50294  19.773401    33.5852    33.5824 0.0000e+00
    118.000    -1.0915    -1.0907   2.713293   2.713270    345.889    343.565     0.1683     0.0381     0.1540    156.465   78.83412  -12.50294  19.398314    33.5990    33.5979 0.0000e+00
    119.000    -1.0876    -1.0865   2.715118   2.715322    343.763    341.917     0.1678     0.0532     0.1540    157.463   78.83412  -12.50294  19.301838    33.6189    33.6205 0.0000e+00
    120.000    -1.0711    -1.0707   2.717655   2.717675    346.733    342.780     0.1672     0.0598     0.1550    158.460   78.83412  -12.50294  19.593161    33.6344    33.6342 0.0000e+00
    121.000    -1.0648    -1.0618   2.718714   2.719310    352.127    345.166     0.1667     0.0593     0.1562    159.458   78.83412  -12.50294  19.882737    33.6412    33.6460 0.0000e+00
    122.000    -1.0203    -1.0201   2.724779   2.724814    354.717    346.241     0.1661     0.0456     0.1559    160.454   78.83412  -12.50294  19.587302    33.6734    33.6736 0.0000e+00
    123.000    -1.0060    -1.0078   2.726326   2.726122    355.521    346.644     0.1656     0.0444     0.1571    161.459   78.83412  -12.50294  19.267501    33.6778    33.6771 0.0000e+00
    124.000    -0.9870    -0.9870   2.728674   2.728730    354.522    346.369     0.1651     0.0458     0.1628    162.465   78.83412  -12.50294  19.214231    33.6878    33.6886 0.0000e+00
    125.000    -0.9625    -0.9622   2.731663   2.731669    351.866    345.155     0.1645     0.0562     0.1588    163.467   78.83412  -12.50294  19.606895    33.7004    33.7002 0.0000e+00
    126.000    -0.9786    -0.9760   2.730688   2.730817    349.967    344.543     0.1640     0.0498     0.1564    164.468   78.83412  -12.50294  19.636815    33.7046    33.7035 0.0000e+00
    127.000    -1.0002    -0.9979   2.729064   2.729057    348.331    343.733     0.1635     0.0416     0.1565    165.472   78.83412  -12.50294  19.481863    33.7061    33.7035 0.0000e+00
    128.000    -1.0236    -1.0237   2.727749   2.727679    346.180    342.511     0.1630     0.0420     0.1558    166.479   78.83412  -12.50294  19.554277    33.7138    33.7130 0.0000e+00
    129.000    -0.9787    -0.9840   2.732700   2.732440    344.644    340.715     0.1625     0.0486     0.1559    167.480   78.83412  -12.50294  19.741275    33.7303    33.7326 0.0000e+00
    130.000    -0.8990    -0.8999   2.742228   2.742164    346.442    340.604     0.1620     0.0476     0.1562    168.475   78.83412  -12.50294  18.975010    33.7697    33.7698 0.0000e+00
    131.000    -0.9487    -0.9443   2.739457   2.739540    351.893    343.578     0.1615     0.0427     0.1556    169.468   78.83412  -12.50294  19.903953    33.7872    33.7834 0.0000e+00
    132.000    -0.9481    -0.9492   2.742365   2.742293    351.376    343.554     0.1611     0.0486     0.1558    170.463   78.83412  -12.50294  20.412220    33.8254    33.8257 0.0000e+00
    133.000    -0.8860    -0.8882   2.751167   2.751078    344.735    340.279     0.1606     0.0332     0.1561    171.468   78.83412  -12.50294  20.480928    33.8746    33.8758 0.0000e+00
    134.000    -0.8597    -0.8600   2.754698   2.754674    343.827    339.983     0.1601     0.0446     0.1563    172.474   78.83412  -12.50294  20.401888    33.8924    33.8923 0.0000e+00
    135.000    -0.8479    -0.8480   2.756535   2.756495    346.049    340.429     0.1596     0.0442     0.1569    173.471   78.83412  -12.50294  20.500482    33.9033    33.9030 0.0000e+00
    136.000    -0.8409    -0.8406   2.757621   2.757582    345.103    339.351     0.1592     0.0400     0.1590    174.475   78.83412  -12.50294  20.682592    33.9096    33.9087 0.0000e+00
    137.000    -0.8395    -0.8390   2.757929   2.757947    342.414    337.981     0.1587     0.0439     0.1600    175.482   78.83412  -12.50294  20.682293    33.9116    33.9113 0.0000e+00
    138.000    -0.8317    -0.8319   2.759306   2.759246    340.264    336.682     0.1582     0.0404     0.1598    176.488   78.83412  -12.50294  20.170181    33.9208    33.9202 0.0000e+00
    139.000    -0.8152    -0.8167   2.761655   2.761378    339.773    336.031     0.1578     0.0386     0.1611    177.497   78.83412  -12.50294  20.542733    33.9335    33.9314 0.0000e+00
    140.000    -0.8073    -0.8073   2.762788   2.762747    340.077    335.909     0.1573     0.0386     0.1622    178.494   78.83412  -12.50294  20.399445    33.9393    33.9388 0.0000e+00
    141.000    -0.7998    -0.7992   2.763870   2.763852    340.163    335.774     0.1568     0.0415     0.1634    179.493   78.83412  -12.50294  20.412297    33.9450    33.9440 0.0000e+00
    142.000    -0.7983    -0.7981   2.764185   2.764149    340.444    335.633     0.1564     0.0457     0.1637    180.500   78.83412  -12.50294  20.629917    33.9469    33.9462 0.0000e+00
    143.000    -0.7953    -0.7953   2.764829   2.764796    340.138    335.087     0.1559     0.0434     0.1639    181.505   78.83412  -12.50294  20.656266    33.9517    33.9512 0.0000e+00
    144.000    -0.7937    -0.7935   2.765290   2.765268    339.365    334.483     0.1555     0.0387     0.1649    182.510   78.83412  -12.50294  20.244070    33.9554    33.9549 0.0000e+00
    145.000    -0.7947    -0.7941   2.765353   2.765341    339.419    334.394     0.1550     0.0370     0.1656    183.509   78.83412  -12.50294  20.239785    33.9568    33.9560 0.0000e+00
    146.000    -0.7942    -0.7938   2.765591   2.765544    339.468    334.112     0.1545     0.0298     0.1652    184.509   78.83412  -12.50294  20.296526    33.9588    33.9578 0.0000e+00
    147.000    -0.7781    -0.7796   2.768613   2.768479    339.609    333.476     0.1541     0.0304     0.1652    185.515   78.83412  -12.50294  20.575997    33.9811    33.9809 0.0000e+00
    148.000    -0.7363    -0.7372   2.774519   2.774551    339.607    333.247     0.1536     0.0374     0.1655    186.517   78.83412  -12.50294  20.413092    34.0133    34.0147 0.0000e+00
    149.000    -0.6755    -0.6784   2.782256   2.782072    340.224    333.498     0.1532     0.0386     0.1661    187.516   78.83412  -12.50294  20.203335    34.0487    34.0495 0.0000e+00
    150.000    -0.6287    -0.6301   2.788348   2.788238    340.848    333.298     0.1527     0.0317     0.1657    188.516   78.83412  -12.50294  20.693038    34.0776    34.0777 0.0000e+00
    151.000    -0.6090    -0.6098   2.791096   2.791024    339.909    332.758     0.1523     0.0354     0.1662    189.513   78.83412  -12.50294  21.496328    34.0918    34.0918 0.0000e+00
    152.000    -0.5895    -0.5895   2.793710   2.793675    336.679    331.397     0.1519     0.0299     0.1655    190.518   78.83412  -12.50294  20.809732    34.1045    34.1040 0.0000e+00
    153.000    -0.5845    -0.5842   2.794432   2.794393    332.512    329.383     0.1514     0.0276     0.1671    191.523   78.83412  -12.50293  21.472930    34.1080    34.1071 0.0000e+00
    154.000    -0.5710    -0.5717   2.796198   2.796092    330.018    327.630     0.1510     0.0368     0.1658    192.528   78.83412  -12.50292  21.238528    34.1159    34.1153 0.0000e+00
    155.000    -0.5520    -0.5530   2.798530   2.798422    329.060    326.700     0.1505     0.0447     0.1661    193.531   78.83412  -12.50294  21.199775    34.1253    34.1250 0.0000e+00
    156.000    -0.5134    -0.5149   2.802894   2.802782    329.230    325.969     0.1501     0.0429     0.1676    194.541   78.83412  -12.50294  21.725417    34.1399    34.1401 0.0000e+00
    157.000    -0.4988    -0.4976   2.805052   2.805066    330.080    325.861     0.1496     0.0349     0.1807    195.556   78.83412  -12.50294  21.973980    34.1518    34.1507 0.0000e+00
    158.000    -0.5087    -0.5059   2.804436   2.804580    330.282    325.946     0.1492     0.0248     0.1673    196.562   78.83412  -12.50294  21.665649    34.1541    34.1529 0.0000e+00
    159.000    -0.4853    -0.4857   2.807176   2.807157    328.315    324.504     0.1487     0.0307     0.1669    197.561   78.83412  -12.50294  21.922699    34.1639    34.1642 0.0000e+00
    160.000    -0.4665    -0.4607   2.809177   2.809777    327.182    323.522     0.1482     0.0304     0.1670    198.556   78.83412  -12.50294  21.525681    34.1690    34.1706 0.0000e+00
    161.000    -0.4333    -0.4325   2.812621   2.812687    327.587    323.422     0.1477     0.0290     0.1669    199.561   78.83412  -12.50293  21.435931    34.1773    34.1773 0.0000e+00
    162.000    -0.4260    -0.4257   2.814016   2.813953    327.925    323.443     0.1474     0.0303     0.1671    200.565   78.83412  -12.50292  21.426368    34.1871    34.1860 0.0000e+00
    163.000    -0.4267    -0.4265   2.814185   2.814125    327.807    323.285     0.1470     0.0249     0.1669    201.563   78.83412  -12.50292  21.924845    34.1896    34.1886 0.0000e+00
    164.000    -0.4375    -0.4364   2.813568   2.813536    326.181    322.468     0.1467     0.0240     0.1664    202.559   78.83412  -12.50292  22.267277    34.1928    34.1913 0.0000e+00
    165.000    -0.4392    -0.4387   2.813523   2.813490    324.950    321.722     0.1465     0.0190     0.1659    203.557   78.83412  -12.50292  22.348545    34.1935    34.1926 0.0000e+00
    166.000    -0.4385    -0.4382   2.813919   2.813859    325.569    321.331     0.1461     0.0199     0.1659    204.563   78.83412  -12.50293  22.201758    34.1975    34.1964 0.0000e+00
    167.000    -0.4227    -0.4248   2.816064   2.815869    326.094    321.277     0.1458     0.0327     0.1659    205.572   78.83412  -12.50294  21.786502    34.2078    34.2076 0.0000e+00
    168.000    -0.3944    -0.3940   2.819542   2.819528    326.817    320.793     0.1455     0.0415     0.1663    206.572   78.83412  -12.50294  22.028255    34.2220    34.2214 0.0000e+00
    169.000    -0.3823    -0.3831   2.821055   2.820928    328.238    321.172     0.1451     0.0277     0.1659    207.572   78.83412  -12.50294  21.815999    34.2280    34.2272 0.0000e+00
    170.000    -0.3694    -0.3690   2.822661   2.822643    327.774    320.989     0.1448     0.0191     0.1667    208.580   78.83412  -12.50294  22.190549    34.2343    34.2337 0.0000e+00
    171.000    -0.3649    -0.3648   2.823237   2.823181    326.710    320.813     0.1444     0.0299     0.1669    209.577   78.83412  -12.50293  22.516102    34.2364    34.2356 0.0000e+00
    172.000    -0.3627    -0.3619   2.823533   2.823532    325.564    320.180     0.1440     0.0236     0.1669    210.502   78.83412  -12.50292  22.384078    34.2373    34.2364 0.0000e+00
    173.000    -0.3587    -0.3581   2.824028   2.824018    324.497    319.902     0.1436     0.0171     0.1672    211.602   78.83412  -12.50292  21.914127    34.2388    34.2380 0.0000e+00
