test_project/cnv_files/sta0199_bin.cnv
* Sea-Bird SBE 9 Data File:
* FileName = C:\Seabird\CTDDATA\Sta0199.hex
* Software Version Seasave V 7.26.7.107
* Temperature SN = 03-4535
* Conductivity SN = 2860
* Number of Bytes Per Scan = 44
* Number of Voltage Words = 5
* Number of Scans Averaged by the Deck Unit = 1
* NMEA Latitude = 78 50.00 N
* NMEA Longitude = 003 00.59 W
* NMEA UTC (Time) = Sep 03 2019 05:07:04
* NMEA baud rate = 9600
** Ship: "Kronprins Haakon"
** Station: 199
** Echodepth: 2474
** Log: 5755.56
** Wind-Dir Force(m/s): 02 32
** Air-temp (dry): -1.8
** Weather Sky: 7 8
** Sea Ice: 5 0
# nquan = 16
# nvalues = 2502                        
# units = specified
# name 0 = prDM: Pressure, Digiquartz [db]
# name 1 = t090C: Temperature [ITS-90, deg C]
# name 2 = t190C: Temperature, 2 [ITS-90, deg C]
# name 3 = c0S/m: Conductivity [S/m]
# name 4 = c1S/m: Conductivity, 2 [S/m]
# name 5 = sbox0Mm/Kg: Oxygen, SBE 43 [umol/kg]
# name 6 = sbox1Mm/Kg: Oxygen, SBE 43, 2 [umol/kg]
# name 7 = wetCDOM: Fluorescence, WET Labs CDOM [mg/m^3]
# name 8 = flECO-AFL: Fluorescence, WET Labs ECO-AFL/FL [mg/m^3]
# name 9 = CStarAt0: Beam Attenuation, WET Labs C-Star [1/m]
# name 10 = timeS: Time, Elapsed [seconds]
# name 11 = latitude: Latitude [deg]
# name 12 = longitude: Longitude [deg]
# name 13 = sal00: Salinity, Practical [PSU]
# name 14 = sal11: Salinity, Practical, 2 [PSU]
# name 15 = flag: flag
# span 0 =      2.000,   2503.000       
# span 1 =    -1.7488,     3.2726       
# span 2 =    -1.7494,     3.2737       
# span 3 =   2.278094,   3.197086       
# span 4 =   2.325739,   3.197087       
# span 5 =    303.917,    410.858       
# span 6 =    301.168,    402.730       
# span 7 =     0.1000,     0.1705       
# span 8 =    -0.0084,     0.9366       
# span 9 =     0.1056,     0.4532       
# span 10 =    157.717,   2937.177      
# span 11 =   78.83340,   78.83348      
# span 12 =   -3.01032,   -3.00986      
# span 13 =    28.0438,    34.9794      
# span 14 =    28.6612,    34.9791      
# span 15 = 0.0000e+00, 0.0000e+00      
# interval = decibars: 1                
# start_time = Sep 03 2019 05:07:04 [NMEA time, header]
# bad_flag = -9.990e-29
*END*
[from data line 2260]
   2262.000    -0.6881    -0.6879   2.936400   2.936512    308.640    302.589     0.1212     0.0037     0.1107   2611.664   78.83344   -3.01001    34.9195    34.9207 0.0000e+00
   2263.000    -0.6883    -0.6881   2.936427   2.936523    308.333    302.588     0.1212     0.0039     0.1099   2612.654   78.83344   -3.01001    34.9196    34.9206 0.0000e+00
   2264.000    -0.6884    -0.6883   2.936455   2.936551    309.409    302.480     0.1213    -0.0020     0.1095   2613.693   78.83344   -3.01002    34.9195    34.9206 0.0000e+00
   2265.000    -0.6886    -0.6884   2.936489   2.936578    309.256    302.158     0.1213    -0.0029     0.1099   2614.786   78.83344   -3.01002    34.9196    34.9206 0.0000e+00
   2266.000    -0.6886    -0.6885   2.936524   2.936613    308.676    302.019     0.1214     0.0020     0.1100   2615.756   78.83344   -3.01003    34.9195    34.9206 0.0000e+00
   2267.000    -0.6890    -0.6888   2.936521   2.936620    308.182    302.384     0.1214     0.0086     0.1098   2616.660   78.83344   -3.01004    34.9195    34.9205 0.0000e+00
   2268.000    -0.6896    -0.6894   2.936509   2.936615    308.460    302.375     0.1214     0.0074     0.1098   2617.564   78.83344   -3.01004    34.9194    34.9206 0.0000e+00
   2269.000    -0.6904    -0.6901   2.936487   2.936596    309.109    302.271     0.1215    -0.0011     0.1101   2618.504   78.83344   -3.01004    34.9195    34.9206 0.0000e+00
   2270.000    -0.6912    -0.6910   2.936447   2.936552    308.954    301.801     0.1215    -0.0028     0.1099   2619.493   78.83346   -3.01004    34.9194    34.9205 0.0000e+00
   2271.000    -0.6912    -0.6912   2.936487   2.936573    308.723    302.100     0.1215    -0.0032     0.1099   2620.527   78.83345   -3.01002    34.9194    34.9204 0.0000e+00
   2272.000    -0.6913    -0.6912   2.936526   2.936610    308.913    302.279     0.1215    -0.0015     0.1100   2621.590   78.83344   -3.01002    34.9194    34.9205 0.0000e+00
   2273.000    -0.6917    -0.6915   2.936524   2.936627    308.869    302.728     0.1216    -0.0037     0.1100   2622.653   78.83344   -3.01002    34.9194    34.9205 0.0000e+00
   2274.000    -0.6926    -0.6925   2.936480   2.936577    308.738    302.482     0.1216    -0.0073     0.1100   2623.683   78.83344   -3.01002    34.9193    34.9204 0.0000e+00
   2275.000    -0.6938    -0.6937   2.936422   2.936510    308.952    302.193     0.1216    -0.0054     0.1101   2624.678   78.83344   -3.01003    34.9193    34.9203 0.0000e+00
   2276.000    -0.6934    -0.6935   2.936498   2.936561    308.471    301.928     0.1216    -0.0011     0.1101   2625.640   78.83344   -3.01004    34.9193    34.9203 0.0000e+00
   2277.000    -0.6932    -0.6930   2.936571   2.936666    308.485    302.103     0.1216    -0.0007     0.1105   2626.585   78.83344   -3.01004    34.9195    34.9206 0.0000e+00
   2278.000    -0.6929    -0.6929   2.936624   2.936717    309.050    302.157     0.1216    -0.0028     0.1109   2627.515   78.83344   -3.01004    34.9194    34.9206 0.0000e+00
   2279.000    -0.6928    -0.6926   2.936676   2.936780    308.791    302.446     0.1216    -0.0013     0.1104   2628.447   78.83344   -3.01004    34.9194    34.9206 0.0000e+00
   2280.000    -0.6926    -0.6924   2.936745   2.936852    308.997    302.107     0.1215    -0.0014     0.1101   2629.399   78.83344   -3.01004    34.9196    34.9208 0.0000e+00
   2281.000    -0.6925    -0.6924   2.936794   2.936894    308.557    301.871     0.1215     0.0058     0.1102   2630.386   78.83344   -3.01002    34.9197    34.9208 0.0000e+00
   2282.000    -0.6924    -0.6922   2.936854   2.936942    308.896    302.112     0.1215     0.0086     0.1105   2631.389   78.83344   -3.01002    34.9198    34.9207 0.0000e+00
   2283.000    -0.6922    -0.6921   2.936908   2.937010    308.458    302.120     0.1214     0.0025     0.1102   2632.403   78.83344   -3.01002    34.9197    34.9210 0.0000e+00
   2284.000    -0.6922    -0.6920   2.936955   2.937051    308.768    302.399     0.1214    -0.0018     0.1104   2633.418   78.83344   -3.01002    34.9198    34.9209 0.0000e+00
   2285.000    -0.6921    -0.6920   2.937003   2.937099    308.504    302.258     0.1213    -0.0023     0.1104   2634.424   78.83344   -3.01004    34.9198    34.9209 0.0000e+00
   2286.000    -0.6923    -0.6922   2.937030   2.937136    309.057    302.492     0.1213    -0.0017     0.1108   2635.413   78.83344   -3.01004    34.9199    34.9212 0.0000e+00
   2287.000    -0.6929    -0.6927   2.937029   2.937119    309.054    302.541     0.1212    -0.0029     0.1105   2636.391   78.83346   -3.01006    34.9200    34.9210 0.0000e+00
   2288.000    -0.6929    -0.6927   2.937063   2.937167    309.022    301.998     0.1212     0.0009     0.1101   2637.373   78.83344   -3.01004    34.9200    34.9212 0.0000e+00
   2289.000    -0.6929    -0.6928   2.937102   2.937186    308.764    302.271     0.1211     0.0084     0.1102   2638.371   78.83344   -3.01004    34.9199    34.9210 0.0000e+00
   2290.000    -0.6930    -0.6926   2.937126   2.937247    308.886    302.249     0.1211     0.0088     0.1104   2639.386   78.83344   -3.01002    34.9199    34.9210 0.0000e+00
   2291.000    -0.6939    -0.6937   2.937093   2.937193    308.409    302.135     0.1211     0.0001     0.1101   2640.407   78.83344   -3.01002    34.9199    34.9210 0.0000e+00
   2292.000    -0.6939    -0.6936   2.937140   2.937250    309.052    302.092     0.1210    -0.0011     0.1101   2641.525   78.83344   -3.01001    34.9200    34.9211 0.0000e+00
   2293.000    -0.6926    -0.6925   2.937312   2.937400    308.748    302.404     0.1210    -0.0024     0.1107   2642.684   78.83345   -3.01002    34.9203    34.9213 0.0000e+00
   2294.000    -0.6931    -0.6933   2.937311   2.937377    308.053    302.514     0.1210    -0.0013     0.1107   2643.636   78.83346   -3.01003    34.9203    34.9214 0.0000e+00
   2295.000    -0.6961    -0.6965   2.937082   2.937121    308.085    302.335     0.1210    -0.0010     0.1104   2644.529   78.83346   -3.01004    34.9201    34.9211 0.0000e+00
   2296.000    -0.6970    -0.6968   2.937036   2.937145    308.283    302.216     0.1209     0.0046     0.1107   2645.434   78.83346   -3.01004    34.9201    34.9213 0.0000e+00
   2297.000    -0.6953    -0.6951   2.937238   2.937334    309.041    302.026     0.1209     0.0042     0.1110   2646.386   78.83346   -3.01004    34.9202    34.9213 0.0000e+00
   2298.000    -0.6951    -0.6949   2.937309   2.937405    309.207    302.697     0.1209    -0.0035     0.1111   2647.384   78.83346   -3.01004    34.9204    34.9215 0.0000e+00
   2299.000    -0.6942    -0.6941   2.937434   2.937533    309.041    301.905     0.1209    -0.0020     0.1108   2648.422   78.83346   -3.01004    34.9206    34.9217 0.0000e+00
   2300.000    -0.6931    -0.6930   2.937583   2.937677    309.102    302.132     0.1208    -0.0015     0.1111   2649.475   78.83346   -3.01002    34.9207    34.9219 0.0000e+00
   2301.000    -0.6937    -0.6936   2.937577   2.937661    308.805    302.393     0.1208    -0.0011     0.1111   2650.524   78.83344   -3.01001    34.9208    34.9218 0.0000e+00
   2302.000    -0.6941    -0.6939   2.937572   2.937674    308.529    302.528     0.1208    -0.0014     0.1104   2651.541   78.83345   -3.01000    34.9207    34.9218 0.0000e+00
   2303.000    -0.6943    -0.6942   2.937598   2.937687    308.502    302.569     0.1208     0.0068     0.1101   2652.522   78.83346   -3.01000    34.9207    34.9218 0.0000e+00
   2304.000    -0.6938    -0.6936   2.937687   2.937789    309.066    301.823     0.1208    -0.0008     0.1101   2653.468   78.83346   -3.01000    34.9208    34.9220 0.0000e+00
   2305.000    -0.6944    -0.6942   2.937669   2.937763    308.993    302.359     0.1208    -0.0022     0.1101   2654.404   78.83346   -3.01002    34.9208    34.9218 0.0000e+00
   2306.000    -0.6947    -0.6945   2.937681   2.937791    309.067    302.341     0.1208    -0.0028     0.1101   2655.339   78.83346   -3.01002    34.9207    34.9220 0.0000e+00
   2307.000    -0.6946    -0.6945   2.937720   2.937824    308.851    302.136     0.1208    -0.0024     0.1101   2656.284   78.83346   -3.01002    34.9206    34.9219 0.0000e+00
   2308.000    -0.6946    -0.6944   2.937772   2.937881    308.591    302.286     0.1208    -0.0022     0.1101   2657.246   78.83346   -3.01002    34.9207    34.9220 0.0000e+00
   2309.000    -0.6940    -0.6939   2.937868   2.937970    309.038    301.976     0.1208    -0.0014     0.1101   2658.228   78.83346   -3.01002    34.9209    34.9220 0.0000e+00
   2310.000    -0.6939    -0.6937   2.937916   2.938025    308.904    302.383     0.1208    -0.0018     0.1099   2659.239   78.83346   -3.01000    34.9209    34.9221 0.0000e+00
   2311.000    -0.6937    -0.6934   2.937985   2.938097    308.985    302.567     0.1209    -0.0019     0.1097   2660.272   78.83346   -3.01000    34.9210    34.9222 0.0000e+00
   2312.000    -0.6934    -0.6932   2.938060   2.938160    308.594    302.064     0.1209    -0.0026     0.1101   2661.298   78.83346   -3.01000    34.9211    34.9222 0.0000e+00
   2313.000    -0.6925    -0.6923   2.938178   2.938282    308.724    301.830     0.1209    -0.0013     0.1101   2662.300   78.83346   -3.01000    34.9211    34.9223 0.0000e+00
   2314.000    -0.6921    -0.6920   2.938256   2.938360    308.690    302.050     0.1210    -0.0017     0.1102   2663.288   78.83346   -3.01000    34.9212    34.9224 0.0000e+00
   2315.000    -0.6921    -0.6919   2.938297   2.938409    308.610    302.318     0.1210    -0.0019     0.1106   2664.270   78.83346   -3.01000    34.9212    34.9224 0.0000e+00
   2316.000    -0.6920    -0.6919   2.938344   2.938448    309.211    302.367     0.1211    -0.0029     0.1103   2665.255   78.83346   -3.01000    34.9212    34.9225 0.0000e+00
   2317.000    -0.6920    -0.6919   2.938403   2.938493    308.965    302.429     0.1212     0.0041     0.1102   2666.230   78.83346   -3.01000    34.9214    34.9225 0.0000e+00
   2318.000    -0.6919    -0.6918   2.938451   2.938548    308.669    302.524     0.1212     0.0091     0.1101   2667.203   78.83346   -3.01000    34.9214    34.9226 0.0000e+00
   2319.000    -0.6920    -0.6919   2.938476   2.938580    308.754    302.553     0.1213     0.0041     0.1101   2668.175   78.83346   -3.00998    34.9213    34.9226 0.0000e+00
   2320.000    -0.6922    -0.6921   2.938504   2.938590    308.908    301.781     0.1213    -0.0031     0.1101   2669.150   78.83346   -3.00998    34.9215    34.9224 0.0000e+00
   2321.000    -0.6922    -0.6921   2.938538   2.938632    308.777    301.458     0.1213    -0.0031     0.1101   2670.124   78.83346   -3.00998    34.9214    34.9225 0.0000e+00
   2322.000    -0.6925    -0.6923   2.938561   2.938662    308.980    302.300     0.1214    -0.0020     0.1104   2671.096   78.83346   -3.00998    34.9215    34.9226 0.0000e+00
   2323.000    -0.6932    -0.6926   2.938551   2.938684    308.824    302.401     0.1214    -0.0022     0.1107   2672.078   78.83346   -3.00998    34.9216    34.9227 0.0000e+00
   2324.000    -0.6938    -0.6936   2.938525   2.938623    308.472    302.372     0.1214     0.0074     0.1108   2673.076   78.83346   -3.00996    34.9214    34.9225 0.0000e+00
   2325.000    -0.6949    -0.6946   2.938463   2.938580    308.288    302.368     0.1214    -0.0010     0.1101   2674.083   78.83346   -3.00996    34.9214    34.9226 0.0000e+00
   2326.000    -0.6950    -0.6949   2.938494   2.938589    308.538    302.627     0.1214    -0.0022     0.1104   2675.085   78.83346   -3.00996    34.9213    34.9224 0.0000e+00
   2327.000    -0.6965    -0.6963   2.938389   2.938484    308.918    302.605     0.1214     0.0053     0.1111   2676.077   78.83346   -3.00996    34.9211    34.9222 0.0000e+00
   2328.000    -0.6981    -0.6978   2.938287   2.938401    308.805    302.129     0.1214     0.0029     0.1105   2677.046   78.83346   -3.00998    34.9210    34.9221 0.0000e+00
   2329.000    -0.6980    -0.6977   2.938346   2.938454    308.977    302.106     0.1214    -0.0013     0.1102   2678.005   78.83346   -3.00998    34.9212    34.9223 0.0000e+00
   2330.000    -0.6989    -0.6987   2.938308   2.938391    308.983    302.126     0.1214    -0.0004     0.1102   2678.968   78.83346   -3.00998    34.9211    34.9221 0.0000e+00
   2331.000    -0.6995    -0.6993   2.938278   2.938379    309.262    302.162     0.1214    -0.0022     0.1103   2679.940   78.83346   -3.00998    34.9209    34.9221 0.0000e+00
   2332.000    -0.7002    -0.7000   2.938271   2.938361    308.976    302.423     0.1214     0.0001     0.1101   2680.934   78.83346   -3.00997    34.9210    34.9221 0.0000e+00
   2333.000    -0.7006    -0.7004   2.938261   2.938361    308.293    302.525     0.1214     0.0077     0.1106   2681.945   78.83346   -3.00995    34.9209    34.9220 0.0000e+00
   2334.000    -0.7003    -0.7002   2.938339   2.938433    308.657    302.285     0.1214    -0.0012     0.1109   2682.957   78.83346   -3.00994    34.9211    34.9222 0.0000e+00
   2335.000    -0.7011    -0.7007   2.938305   2.938429    308.961    301.739     0.1214    -0.0033     0.1110   2683.956   78.83346   -3.00995    34.9210    34.9221 0.0000e+00
   2336.000    -0.7016    -0.7015   2.938295   2.938403    308.757    301.694     0.1214    -0.0025     0.1107   2684.941   78.83346   -3.00996    34.9208    34.9222 0.0000e+00
   2337.000    -0.7019    -0.7018   2.938311   2.938405    308.578    302.381     0.1214    -0.0079     0.1104   2685.909   78.83346   -3.00996    34.9209    34.9220 0.0000e+00
   2338.000    -0.7031    -0.7032   2.938233   2.938303    308.538    302.436     0.1214    -0.0053     0.1107   2686.868   78.83346   -3.00997    34.9207    34.9217 0.0000e+00
   2339.000    -0.7042    -0.7041   2.938165   2.938280    308.581    302.417     0.1214    -0.0051     0.1110   2687.826   78.83346   -3.00997    34.9205    34.9219 0.0000e+00
   2340.000    -0.7042    -0.7040   2.938213   2.938313    308.370    302.195     0.1214    -0.0060     0.1112   2688.794   78.83346   -3.00996    34.9206    34.9218 0.0000e+00
   2341.000    -0.7033    -0.7031   2.938349   2.938460    308.937    301.937     0.1213     0.0004     0.1111   2689.784   78.83346   -3.00995    34.9209    34.9221 0.0000e+00
   2342.000    -0.7021    -0.7019   2.938513   2.938614    309.128    302.023     0.1213     0.0069     0.1110   2690.781   78.83346   -3.00994    34.9212    34.9223 0.0000e+00
   2343.000    -0.7016    -0.7015   2.938599   2.938704    308.870    301.926     0.1213    -0.0021     0.1112   2691.784   78.83346   -3.00994    34.9212    34.9225 0.0000e+00
   2344.000    -0.7027    -0.7024   2.938544   2.938648    308.679    302.522     0.1212    -0.0024     0.1112   2692.792   78.83346   -3.00994    34.9213    34.9223 0.0000e+00
   2345.000    -0.7042    -0.7041   2.938435   2.938537    308.634    302.358     0.1211     0.0075     0.1112   2693.798   78.83346   -3.00995    34.9210    34.9221 0.0000e+00
   2346.000    -0.7044    -0.7043   2.938459   2.938565    307.939    302.331     0.1210     0.0078     0.1112   2694.792   78.83346   -3.00997    34.9210    34.9222 0.0000e+00
   2347.000    -0.7041    -0.7039   2.938536   2.938636    308.684    301.916     0.1209    -0.0006     0.1112   2695.769   78.83346   -3.00998    34.9211    34.9223 0.0000e+00
   2348.000    -0.7030    -0.7030   2.938678   2.938770    308.748    301.335     0.1208    -0.0020     0.1111   2696.738   78.83346   -3.00998    34.9212    34.9224 0.0000e+00
   2349.000    -0.7030    -0.7028   2.938725   2.938840    308.762    302.342     0.1207    -0.0009     0.1113   2697.708   78.83346   -3.00997    34.9214    34.9227 0.0000e+00
   2350.000    -0.7023    -0.7021   2.938835   2.938942    308.619    302.541     0.1206    -0.0022     0.1112   2698.684   78.83346   -3.00995    34.9215    34.9227 0.0000e+00
   2351.000    -0.7016    -0.7015   2.938950   2.939056    308.130    302.553     0.1205     0.0020     0.1114   2699.666   78.83346   -3.00994    34.9217    34.9230 0.0000e+00
