test_project/cnv_files/Sta0227_bin.cnv
* Sea-Bird SBE 9 Data File:
* FileName = C:\Seabird\CTDDATA\Sta0227.hex
* Software Version Seasave V 7.26.7.107
* Temperature SN = 03-4535
* Conductivity SN = 2860
* Number of Bytes Per Scan = 44
* Number of Voltage Words = 5
* Number of Scans Averaged by the Deck Unit = 1
* NMEA Latitude = 78 00.16 N
* NMEA Longitude = 016 38.82 W
* NMEA UTC (Time) = Sep 08 2019 09:21:55
* NMEA baud rate = 9600
** Ship: "Kronprins Haakon"
** Station: 0227
** Echodepth: 483
** Log: 6079.04
** Wind-Dir Force(m/s): 32 09
** Air-temp (dry): -4.0
** Weather Sky: 0 1
** Sea Ice: 1 5
# nquan = 17
# nvalues = 467                         
# units = specified
# name 0 = prDM: Pressure, Digiquartz [db]
# name 1 = t090C: Temperature [ITS-90, deg C]
# name 2 = t190C: Temperature, 2 [ITS-90, deg C]
# name 3 = c0S/m: Conductivity [S/m]
# name 4 = c1S/m: Conductivity, 2 [S/m]
# name 5 = sbox0Mm/Kg: Oxygen, SBE 43 [umol/kg]
# name 6 = sbox1Mm/Kg: Oxygen, SBE 43, 2 [umol/kg]
# name 7 = wetCDOM: Fluorescence, WET Labs CDOM [mg/m^3]
# name 8 = flECO-AFL: Fluorescence, WET Labs ECO-AFL/FL [mg/m^3]
# name 9 = CStarAt0: Beam Attenuation, WET Labs C-Star [1/m]
# name 10 = timeS: Time, Elapsed [seconds]
# name 11 = latitude: Latitude [deg]
# name 12 = longitude: Longitude [deg]
# name 13 = upoly0: Upoly 0, ISUS
# name 14 = sal00: Salinity, Practical [PSU]
# name 15 = sal11: Salinity, Practical, 2 [PSU]
# name 16 = flag: flag
# span 0 =     10.000,    476.000       
# span 1 =    -1.6616,     1.6898       
# span 2 =    -1.6616,     1.6892       
# span 3 =   0.831620,   3.056405       
# span 4 =   2.364311,   3.056270       
# span 5 =    238.558,    424.846       
# span 6 =    296.251,    411.782       
# span 7 =     0.1194,     0.1794       
# span 8 =    -0.0020,     0.6508       
# span 9 =     0.1390,     0.2627       
# span 10 =    186.567,   1005.993      
# span 11 =   78.00288,   78.00320      
# span 12 =  -16.64536,  -16.63941      
# span 13 =  13.028017,  25.904781      
# span 14 =     9.0711,    34.9134      
# span 15 =    28.9932,    34.9128      
# span 16 = 0.0000e+00, 0.0000e+00      
# interval = decibars: 1                
# start_time = Sep 08 2019 09:21:55 [NMEA time, header]
# bad_flag = -9.990e-29
*END*
[from data line 426]
    436.000     1.3932     1.3935   3.037385   3.037374    305.484    298.359     0.1216     0.0054     0.1458    947.285   78.00318  -16.63978  25.803656    34.9095    34.9091 0.0000e+00
    437.000     1.3906     1.3908   3.037211   3.037191    305.379    298.501     0.1216     0.0016     0.1460    948.346   78.00318  -16.63978  25.505821    34.9097    34.9092 0.0000e+00
    438.000     1.3895     1.3896   3.037166   3.037152    305.673    298.671     0.1215     0.0011     0.1465    949.399   78.00318  -16.63976  25.284084    34.9098    34.9095 0.0000e+00
    439.000     1.3868     1.3873   3.036993   3.036999    305.470    298.862     0.1215     0.0065     0.1476    950.450   78.00318  -16.63976  25.272803    34.9099    34.9095 0.0000e+00
    440.000     1.3837     1.3840   3.036792   3.036787    305.330    298.873     0.1215     0.0144     0.1483    951.496   78.00318  -16.63976  25.245130    34.9103    34.9099 0.0000e+00
    441.000     1.3831     1.3834   3.036786   3.036778    305.047    298.608     0.1215     0.0078     0.1504    952.551   78.00318  -16.63974  25.671998    34.9103    34.9099 0.0000e+00
    442.000     1.3826     1.3829   3.036799   3.036788    304.952    298.315     0.1215     0.0039     0.1535    953.604   78.00318  -16.63974  25.119429    34.9104    34.9100 0.0000e+00
    443.000     1.3807     1.3808   3.036687   3.036669    304.597    297.995     0.1215     0.0081     0.1561    954.666   78.00318  -16.63973  25.334407    34.9105    34.9102 0.0000e+00
    444.000     1.3798     1.3800   3.036677   3.036653    304.487    297.885     0.1215     0.0038     0.1583    955.729   78.00318  -16.63972  25.617202    34.9108    34.9103 0.0000e+00
    445.000     1.3778     1.3782   3.036554   3.036540    304.431    298.170     0.1214     0.0094     0.1605    956.788   78.00318  -16.63972  25.119129    34.9109    34.9103 0.0000e+00
    446.000     1.3769     1.3773   3.036516   3.036510    304.472    297.802     0.1214     0.0085     0.1632    957.852   78.00318  -16.63971  25.232646    34.9108    34.9103 0.0000e+00
    447.000     1.3720     1.3724   3.036126   3.036135    304.096    297.714     0.1213     0.0026     0.1665    958.912   78.00318  -16.63970  25.548020    34.9108    34.9104 0.0000e+00
    448.000     1.3704     1.3706   3.036045   3.036036    304.348    297.478     0.1212     0.0028     0.1699    959.969   78.00318  -16.63970  25.693282    34.9109    34.9106 0.0000e+00
    449.000     1.3692     1.3694   3.035989   3.035979    304.373    297.473     0.1211     0.0091     0.1729    961.021   78.00318  -16.63970  25.549968    34.9109    34.9106 0.0000e+00
    450.000     1.3681     1.3683   3.035943   3.035946    304.048    297.462     0.1210     0.0096     0.1746    962.067   78.00318  -16.63968  25.327212    34.9110    34.9108 0.0000e+00
    451.000     1.3678     1.3680   3.035973   3.035962    304.246    297.766     0.1210     0.0092     0.1766    963.118   78.00318  -16.63968  25.231890    34.9112    34.9108 0.0000e+00
    452.000     1.3677     1.3678   3.036010   3.035996    304.651    297.872     0.1210     0.0030     0.1784    964.169   78.00318  -16.63968  25.287839    34.9112    34.9109 0.0000e+00
    453.000     1.3675     1.3676   3.036041   3.036033    304.614    297.552     0.1210     0.0087     0.1804    965.224   78.00318  -16.63966  25.354946    34.9113    34.9110 0.0000e+00
    454.000     1.3675     1.3677   3.036096   3.036091    304.530    297.523     0.1211     0.0155     0.1859    966.280   78.00318  -16.63966  25.783703    34.9114    34.9111 0.0000e+00
    455.000     1.3675     1.3677   3.036155   3.036146    304.487    297.749     0.1212     0.0049     0.1834    967.342   78.00318  -16.63966  25.143646    34.9115    34.9112 0.0000e+00
    456.000     1.3678     1.3680   3.036236   3.036229    304.204    297.772     0.1214     0.0023     0.1841    968.408   78.00318  -16.63964  25.000687    34.9116    34.9113 0.0000e+00
    457.000     1.3682     1.3684   3.036335   3.036320    303.759    297.572     0.1215     0.0021     0.1850    969.472   78.00318  -16.63964  24.888343    34.9119    34.9114 0.0000e+00
    458.000     1.3684     1.3686   3.036402   3.036396    303.724    297.350     0.1216     0.0077     0.1858    970.534   78.00318  -16.63963  25.114276    34.9119    34.9116 0.0000e+00
    459.000     1.3690     1.3692   3.036507   3.036496    303.613    297.280     0.1217     0.0096     0.1872    971.592   78.00318  -16.63962  25.555980    34.9120    34.9116 0.0000e+00
    460.000     1.3694     1.3695   3.036587   3.036580    303.345    297.092     0.1218     0.0046     0.1876    972.651   78.00318  -16.63962  25.806147    34.9121    34.9118 0.0000e+00
    461.000     1.3699     1.3701   3.036679   3.036671    303.722    296.996     0.1219     0.0021     0.1891    973.709   78.00318  -16.63961  25.786786    34.9121    34.9118 0.0000e+00
    462.000     1.3702     1.3705   3.036776   3.036771    303.719    296.751     0.1220     0.0070     0.1910    974.765   78.00318  -16.63960  25.672134    34.9124    34.9120 0.0000e+00
    463.000     1.3704     1.3705   3.036828   3.036819    303.414    296.701     0.1221     0.0096     0.1932    975.818   78.00318  -16.63960  25.445536    34.9123    34.9121 0.0000e+00
    464.000     1.3708     1.3710   3.036908   3.036896    303.503    297.065     0.1223     0.0053     0.1946    976.873   78.00318  -16.63959  25.203218    34.9123    34.9119 0.0000e+00
    465.000     1.3708     1.3711   3.036965   3.036953    303.245    297.129     0.1224     0.0023     0.1967    977.930   78.00318  -16.63958  25.192484    34.9124    34.9120 0.0000e+00
    466.000     1.3714     1.3716   3.037055   3.037042    302.943    296.934     0.1226     0.0022     0.1989    978.984   78.00318  -16.63958  25.904781    34.9124    34.9119 0.0000e+00
    467.000     1.3710     1.3715   3.037069   3.037075    303.230    296.783     0.1226     0.0086     0.1996    980.044   78.00320  -16.63958  25.247999    34.9124    34.9119 0.0000e+00
    468.000     1.3711     1.3715   3.037124   3.037125    303.369    297.046     0.1225     0.0102     0.2008    981.098   78.00320  -16.63956  25.651506    34.9124    34.9120 0.0000e+00
    469.000     1.3718     1.3718   3.037230   3.037201    303.482    296.909     0.1223     0.0053     0.2026    982.159   78.00320  -16.63956  25.694993    34.9124    34.9120 0.0000e+00
    470.000     1.3744     1.3744   3.037514   3.037497    303.163    296.668     0.1220     0.0070     0.2038    984.083   78.00320  -16.63955  25.806777    34.9126    34.9123 0.0000e+00
    471.000     1.3745     1.3755   3.037559   3.037624    300.775    296.966     0.1217     0.0110     0.2081    998.390   78.00320  -16.63946  25.588416    34.9125    34.9122 0.0000e+00
    472.000     1.3744     1.3751   3.037603   3.037650    300.793    296.514     0.1207     0.0096     0.2109    999.214   78.00320  -16.63946  25.461240    34.9126    34.9123 0.0000e+00
    473.000     1.3793     1.3796   3.038127   3.038120    301.761    296.251     0.1204     0.0096     0.2107   1000.365   78.00320  -16.63944  25.241147    34.9132    34.9128 0.0000e+00
    474.000     1.3797     1.3800   3.038208   3.038191    302.440    296.671     0.1201     0.0108     0.2118   1001.489   78.00320  -16.63944  25.147481    34.9132    34.9127 0.0000e+00
    475.000     1.3802     1.3802   3.038301   3.038267    302.381    296.898     0.1198     0.0140     0.2137   1002.593   78.00320  -16.63943  25.244285    34.9133    34.9128 0.0000e+00
    476.000     1.3810     1.3803   3.038420   3.038308    301.672    296.530     0.1205     0.0036     0.2162   1005.993   78.00320  -16.63941  25.433274    34.9134    34.9127 0.0000e+00
