test_project/cnv_files/Sta0218_bin.cnv
* Sea-Bird SBE 9 Data File:
* FileName = C:\Seabird\CTDDATA\Sta0218.hex
* Software Version Seasave V 7.26.7.107
* Temperature SN = 03-4535
* Conductivity SN = 2860
* Number of Bytes Per Scan = 44
* Number of Voltage Words = 5
* Number of Scans Averaged by the Deck Unit = 1
* NMEA Latitude = 78 49.92 N
* NMEA Longitude = 013 00.65 W
* NMEA UTC (Time) = Sep 06 2019 04:05:08
* NMEA baud rate = 9600
** Ship: "Kronprins Haakon"
** Station: 0218
** Echodepth: 214
** Log: 5967.92
** Wind-Dir Force(m/s): 29 05
** Air-temp (dry): 0.4
** Weather Sky: 2 6
** Sea Ice: 0 1
# nquan = 17
# nvalues = 201                         
# units = specified
# name 0 = prDM: Pressure, Digiquartz [db]
# name 1 = t090C: Temperature [ITS-90, deg C]
# name 2 = t190C: Temperature, 2 [ITS-90, deg C]
# name 3 = c0S/m: Conductivity [S/m]
# name 4 = c1S/m: Conductivity, 2 [S/m]
# name 5 = sbox0Mm/Kg: Oxygen, SBE 43 [umol/kg]
# name 6 = sbox1Mm/Kg: Oxygen, SBE 43, 2 [umol/kg]
# name 7 = wetCDOM: Fluorescence, WET Labs CDOM [mg/m^3]
# name 8 = flECO-AFL: Fluorescence, WET Labs ECO-AFL/FL [mg/m^3]
# name 9 = CStarAt0: Beam Attenuation, WET Labs C-Star [1/m]
# name 10 = timeS: Time, Elapsed [seconds]
# name 11 = latitude: Latitude [deg]
# name 12 = longitude: Longitude [deg]
# name 13 = upoly0: Upoly 0, ISUS
# name 14 = sal00: Salinity, Practical [PSU]
# name 15 = sal11: Salinity, Practical, 2 [PSU]
# name 16 = flag: flag
# span 0 =      3.000,    203.000       
# span 1 =    -1.6981,     0.0909       
# span 2 =    -1.6980,     0.0908       
# span 3 =   2.430993,   2.868070       
# span 4 =   2.431139,   2.868030       
# span 5 =    307.558,    427.047       
# span 6 =    305.687,    418.531       
# span 7 =     0.1415,     0.1774       
# span 8 =     0.0105,     0.6199       
# span 9 =     0.1583,     0.2754       
# span 10 =     16.698,    302.413      
# span 11 =   78.83195,   78.83214      
# span 12 =  -13.01309,  -13.01096      
# span 13 =  11.910024,  24.933170      
# span 14 =    30.0022,    34.3018      
# span 15 =    30.0080,    34.3014      
# span 16 = 0.0000e+00, 0.0000e+00      
# interval = decibars: 1                
# start_time = Sep 06 2019 04:05:08 [NMEA time, header]
# bad_flag = -9.990e-29
*END*
[from data line 171]
    174.000    -0.0555    -0.0565   2.849349   2.849181    314.551    310.707     0.1450     0.0138     0.1840    190.475   78.83204  -13.01224  23.899138    34.2353    34.2342 0.0000e+00
    175.000    -0.0467    -0.0471   2.850327   2.850237    315.242    310.647     0.1448     0.0258     0.1850    191.486   78.83204  -13.01224  23.693981    34.2378    34.2370 0.0000e+00
    176.000    -0.0395    -0.0398   2.851152   2.851073    315.510    310.797     0.1447     0.0275     0.1853    192.493   78.83204  -13.01226  24.199328    34.2401    34.2393 0.0000e+00
    177.000    -0.0265    -0.0282   2.852655   2.852440    315.829    310.803     0.1446     0.0105     0.1867    193.496   78.83204  -13.01226  24.282481    34.2448    34.2439 0.0000e+00
    178.000    -0.0043    -0.0053   2.855245   2.855084    316.060    310.657     0.1445     0.0163     0.1874    194.494   78.83204  -13.01228  24.280690    34.2537    34.2527 0.0000e+00
    179.000     0.0033     0.0029   2.856209   2.856107    315.969    310.506     0.1444     0.0236     0.1869    195.501   78.83204  -13.01228  24.100881    34.2573    34.2565 0.0000e+00
    180.000     0.0109     0.0106   2.857161   2.857063    315.153    309.947     0.1443     0.0302     0.1874    196.507   78.83204  -13.01228  24.180728    34.2609    34.2598 0.0000e+00
    181.000     0.0176     0.0172   2.858046   2.857946    314.366    309.504     0.1442     0.0253     0.1880    197.514   78.83204  -13.01230  24.379490    34.2645    34.2636 0.0000e+00
    182.000     0.0285     0.0284   2.859576   2.859496    313.480    309.070     0.1440     0.0187     0.1898    198.517   78.83204  -13.01230  24.481655    34.2719    34.2710 0.0000e+00
    183.000     0.0334     0.0333   2.860250   2.860173    313.093    308.754     0.1438     0.0213     0.1914    199.527   78.83204  -13.01232  24.441200    34.2748    34.2739 0.0000e+00
    184.000     0.0348     0.0349   2.860477   2.860433    313.271    308.534     0.1436     0.0320     0.1936    200.534   78.83204  -13.01232  24.474527    34.2756    34.2749 0.0000e+00
    185.000     0.0476     0.0479   2.862116   2.862121    312.638    308.254     0.1434     0.0334     0.1952    201.454   78.83204  -13.01232  24.170322    34.2824    34.2821 0.0000e+00
    186.000     0.0527     0.0531   2.862769   2.862742    312.584    307.990     0.1433     0.0269     0.1978    202.488   78.83204  -13.01234  24.190250    34.2846    34.2838 0.0000e+00
    187.000     0.0546     0.0549   2.863006   2.862969    313.176    307.726     0.1433     0.0314     0.2010    203.629   78.83204  -13.01235  24.001599    34.2851    34.2843 0.0000e+00
    188.000     0.0568     0.0567   2.863305   2.863240    312.456    307.341     0.1433     0.0262     0.2050    205.073   78.83204  -13.01236  24.133266    34.2860    34.2852 0.0000e+00
    189.000     0.0633     0.0630   2.864095   2.864011    311.765    306.877     0.1433     0.0176     0.2080    206.384   78.83204  -13.01236  23.898493    34.2886    34.2878 0.0000e+00
    190.000     0.0676     0.0676   2.864624   2.864565    311.809    307.002     0.1432     0.0174     0.2110    207.684   78.83202  -13.01238  23.960864    34.2901    34.2893 0.0000e+00
    191.000     0.0692     0.0694   2.864858   2.864804    312.354    306.927     0.1432     0.0256     0.2122    208.875   78.83202  -13.01239  24.091796    34.2908    34.2899 0.0000e+00
    192.000     0.0699     0.0700   2.864981   2.864924    312.498    306.724     0.1430     0.0297     0.2137    209.970   78.83202  -13.01240  24.213122    34.2911    34.2902 0.0000e+00
    193.000     0.0718     0.0719   2.865278   2.865211    311.696    306.552     0.1428     0.0224     0.2147    211.081   78.83202  -13.01240  24.553146    34.2922    34.2914 0.0000e+00
    194.000     0.0743     0.0743   2.865626   2.865559    311.754    306.693     0.1425     0.0189     0.2156    212.185   78.83202  -13.01242  24.668954    34.2935    34.2926 0.0000e+00
    195.000     0.0775     0.0775   2.866060   2.865990    312.118    306.691     0.1423     0.0224     0.2190    213.262   78.83202  -13.01242  24.408942    34.2950    34.2941 0.0000e+00
    196.000     0.0811     0.0811   2.866523   2.866459    312.211    306.291     0.1423     0.0202     0.2183    214.339   78.83202  -13.01242  24.749781    34.2965    34.2957 0.0000e+00
    197.000     0.0831     0.0835   2.866794   2.866762    312.091    306.102     0.1423     0.0292     0.2208    215.419   78.83202  -13.01244  24.271556    34.2973    34.2964 0.0000e+00
    198.000     0.0852     0.0854   2.867061   2.867019    311.587    306.112     0.1427     0.0245     0.2198    216.531   78.83202  -13.01245  24.546045    34.2979    34.2971 0.0000e+00
    199.000     0.0860     0.0859   2.867203   2.867136    311.925    305.687     0.1415     0.0210     0.2201    217.861   78.83202  -13.01246  24.933170    34.2982    34.2974 0.0000e+00
    200.000     0.0869     0.0868   2.867354   2.867290    312.149    305.913     0.1436     0.0226     0.2212    219.457   78.83202  -13.01247  24.509392    34.2986    34.2979 0.0000e+00
    201.000     0.0886     0.0883   2.867634   2.867543    311.593    305.816     0.1454     0.0241     0.2219    221.287   78.83202  -13.01248  24.344545    34.2998    34.2989 0.0000e+00
    202.000     0.0904     0.0904   2.867915   2.867860    311.106    305.702     0.1448     0.0241     0.2218    223.283   78.83202  -13.01250  24.249021    34.3010    34.3002 0.0000e+00
    203.000     0.0909     0.0908   2.868070   2.868030    307.558    305.844     0.1501     0.0333     0.2234    302.413   78.83195  -13.01309  24.486227    34.3018    34.3014 0.0000e+00
