test_project/cnv_files/Sta0235_bin.cnv
* Sea-Bird SBE 9 Data File:
* FileName = C:\Seabird\CTDDATA\Sta0235.hex
* Software Version Seasave V 7.26.7.107
* Temperature SN = 03-4535
* Conductivity SN = 2860
* Number of Bytes Per Scan = 44
* Number of Voltage Words = 5
* Number of Scans Averaged by the Deck Unit = 1
* NMEA Latitude = 78 50.19 N
* NMEA Longitude = 005 32.49 W
* NMEA UTC (Time) = Sep 10 2019 19:10:13
* NMEA baud rate = 9600
** Ship: "Kronprins Haakon"
** Station: 0235
** Echodepth: 502
** Log: 6292.355
** Wind-Dir Force(m/s): 11 14
** Air-temp (dry): 0.9
** Weather Sky: 4 8
** Sea Ice: 5 5
# nquan = 17
# nvalues = 497                         
# units = specified
# name 0 = prDM: Pressure, Digiquartz [db]
# name 1 = t090C: Temperature [ITS-90, deg C]
# name 2 = t190C: Temperature, 2 [ITS-90, deg C]
# name 3 = c0S/m: Conductivity [S/m]
# name 4 = c1S/m: Conductivity, 2 [S/m]
# name 5 = sbox0Mm/Kg: Oxygen, SBE 43 [umol/kg]
# name 6 = sbox1Mm/Kg: Oxygen, SBE 43, 2 [umol/kg]
# name 7 = wetCDOM: Fluorescence, WET Labs CDOM [mg/m^3]
# name 8 = flECO-AFL: Fluorescence, WET Labs ECO-AFL/FL [mg/m^3]
# name 9 = CStarAt0: Beam Attenuation, WET Labs C-Star [1/m]
# name 10 = timeS: Time, Elapsed [seconds]
# name 11 = latitude: Latitude [deg]
# name 12 = longitude: Longitude [deg]
# name 13 = upoly0: Upoly 0, ISUS
# name 14 = sal00: Salinity, Practical [PSU]
# name 15 = sal11: Salinity, Practical, 2 [PSU]
# name 16 = flag: flag
# span 0 =      2.000,    498.000       
# span 1 =    -1.6514,     1.2247       
# span 2 =    -1.6512,     1.2242       
# span 3 =   2.374097,   3.008005       
# span 4 =   2.374136,   3.007903       
# span 5 =    307.518,    422.676       
# span 6 =    302.031,    414.304       
# span 7 =     0.0955,     0.1819       
# span 8 =     0.0017,     1.2408       
# span 9 =     0.1251,     0.2786       
# span 10 =    222.624,    708.672      
# span 11 =   78.83646,   78.83650      
# span 12 =   -5.54874,   -5.54427      
# span 13 =  11.693969,  24.503739      
# span 14 =    29.4195,    34.8608      
# span 15 =    29.4192,    34.8610      
# span 16 = 0.0000e+00, 0.0000e+00      
# interval = decibars: 1                
# start_time = Sep 10 2019 19:10:13 [NMEA time, header]
# bad_flag = -9.990e-29
*END*
[from data line 86]
     88.000    -1.5611    -1.5593   2.631286   2.631260    376.674    368.523     0.1817     0.0664     0.1756    311.226   78.83650   -5.54522  16.550033    33.0156    33.0132 0.0000e+00
     89.000    -1.6082    -1.6074   2.631005   2.630927    375.364    367.886     0.1815     0.0817     0.1756    312.070   78.83650   -5.54522  16.577164    33.0634    33.0614 0.0000e+00
     90.000    -1.6054    -1.6053   2.632421   2.632426    372.271    366.183     0.1813     0.0993     0.1771    312.965   78.83650   -5.54523  16.682616    33.0792    33.0793 0.0000e+00
     91.000    -1.6199    -1.6181   2.634723   2.634603    370.793    365.408     0.1810     0.1034     0.1986    313.929   78.83650   -5.54524  16.840148    33.1266    33.1230 0.0000e+00
     92.000    -1.6411    -1.6408   2.635599   2.635558    372.405    365.552     0.1807     0.0989     0.1791    314.964   78.83650   -5.54525  16.966700    33.1618    33.1609 0.0000e+00
     93.000    -1.6436    -1.6435   2.636500   2.636438    373.382    364.885     0.1803     0.1036     0.1777    316.047   78.83650   -5.54526  16.812116    33.1764    33.1754 0.0000e+00
     94.000    -1.6468    -1.6468   2.637831   2.637766    373.687    365.000     0.1798     0.0970     0.1772    317.117   78.83650   -5.54528  16.363387    33.1978    33.1969 0.0000e+00
     95.000    -1.6494    -1.6499   2.639458   2.639316    373.810    365.054     0.1793     0.0920     0.1770    318.165   78.83650   -5.54528  16.222476    33.2226    33.2212 0.0000e+00
     96.000    -1.4270    -1.4494   2.660293   2.659216    371.542    362.625     0.1786     0.1033     0.1771    319.193   78.83650   -5.54530  16.642940    33.2611    33.2713 0.0000e+00
     97.000    -1.1336    -1.1433   2.688034   2.687477    371.862    361.725     0.1780     0.0976     0.1759    320.196   78.83650   -5.54530  16.228735    33.3142    33.3174 0.0000e+00
     98.000    -1.1949    -1.1887   2.685498   2.685589    381.198    367.957     0.1772     0.0791     0.1757    321.170   78.83650   -5.54532  16.421125    33.3472    33.3415 0.0000e+00
     99.000    -1.1029    -1.1109   2.698192   2.697701    375.246    365.556     0.1765     0.0605     0.1758    322.107   78.83650   -5.54532  16.825230    33.4174    33.4196 0.0000e+00
    100.000    -1.1018    -1.0989   2.700934   2.700977    358.260    358.563     0.1756     0.0571     0.1759    323.007   78.83650   -5.54534  17.367969    33.4530    33.4504 0.0000e+00
    101.000    -1.1258    -1.1270   2.700826   2.700687    348.496    354.570     0.1748     0.0568     0.1797    323.874   78.83650   -5.54534  18.153039    33.4777    33.4771 0.0000e+00
    102.000    -1.1057    -1.1061   2.703582   2.703509    343.792    350.342     0.1738     0.0478     0.1803    324.737   78.83650   -5.54535  18.172146    33.4923    33.4917 0.0000e+00
    103.000    -1.0955    -1.0958   2.705067   2.705014    342.417    348.006     0.1729     0.0592     0.1810    325.624   78.83650   -5.54536  18.182172    33.5005    33.5001 0.0000e+00
    104.000    -1.0774    -1.0783   2.707822   2.707670    344.480    346.546     0.1719     0.0498     0.1810    326.566   78.83650   -5.54537  18.359285    33.5173    33.5162 0.0000e+00
    105.000    -1.0650    -1.0660   2.710331   2.710200    347.351    345.697     0.1709     0.0410     0.1800    327.613   78.83650   -5.54538  18.817105    33.5370    33.5363 0.0000e+00
    106.000    -1.0484    -1.0488   2.713161   2.713068    348.214    344.778     0.1699     0.0332     0.1790    328.773   78.83650   -5.54539  18.618713    33.5564    33.5556 0.0000e+00
    107.000    -1.0081    -1.0113   2.717848   2.717614    348.104    344.102     0.1689     0.0320     0.1795    329.958   78.83650   -5.54540  18.390665    33.5745    33.5750 0.0000e+00
    108.000    -0.9415    -0.9444   2.726583   2.726322    347.442    343.243     0.1679     0.0442     0.1783    331.057   78.83650   -5.54542  19.097300    33.6184    33.6180 0.0000e+00
    109.000    -0.9116    -0.9126   2.731725   2.731558    348.139    343.214     0.1668     0.0462     0.1780    332.027   78.83650   -5.54542  18.930691    33.6541    33.6530 0.0000e+00
    110.000    -0.8995    -0.8999   2.734308   2.734222    347.576    342.979     0.1657     0.0375     0.1774    332.901   78.83650   -5.54543  18.752158    33.6751    33.6743 0.0000e+00
    111.000    -0.8935    -0.8937   2.735381   2.735321    346.015    342.055     0.1647     0.0317     0.1770    333.721   78.83650   -5.54544  18.947401    33.6823    33.6817 0.0000e+00
    112.000    -0.8814    -0.8819   2.737458   2.737384    343.780    340.582     0.1636     0.0320     0.1769    334.539   78.83650   -5.54544  19.132612    33.6964    33.6959 0.0000e+00
    113.000    -0.8641    -0.8646   2.740103   2.740004    341.896    339.071     0.1625     0.0381     0.1766    335.391   78.83650   -5.54546  19.437091    33.7122    33.7114 0.0000e+00
    114.000    -0.8436    -0.8444   2.743147   2.743050    341.399    337.876     0.1615     0.0441     0.1773    336.328   78.83650   -5.54546  19.531998    33.7299    33.7296 0.0000e+00
    115.000    -0.8181    -0.8193   2.747082   2.746929    341.361    336.785     0.1605     0.0410     0.1782    337.415   78.83650   -5.54548  19.284843    33.7541    33.7534 0.0000e+00
    116.000    -0.8010    -0.8017   2.749740   2.749612    341.409    336.349     0.1595     0.0387     0.1785    338.652   78.83650   -5.54548  19.035824    33.7704    33.7694 0.0000e+00
    117.000    -0.7883    -0.7891   2.751757   2.751615    340.497    335.998     0.1585     0.0323     0.1788    339.877   78.83650   -5.54549  19.436117    33.7828    33.7818 0.0000e+00
    118.000    -0.7747    -0.7754   2.753884   2.753780    339.263    335.447     0.1576     0.0316     0.1783    340.943   78.83650   -5.54550  19.534712    33.7958    33.7951 0.0000e+00
    119.000    -0.7581    -0.7594   2.756497   2.756349    338.658    335.086     0.1567     0.0316     0.1780    341.863   78.83650   -5.54551  19.885777    33.8119    33.8113 0.0000e+00
    120.000    -0.7400    -0.7405   2.759510   2.759393    338.566    334.354     0.1558     0.0316     0.1778    342.694   78.83650   -5.54552  20.150291    33.8317    33.8307 0.0000e+00
    121.000    -0.7315    -0.7319   2.761242   2.761077    338.849    333.885     0.1550     0.0299     0.1776    343.486   78.83650   -5.54552  20.458973    33.8450    33.8432 0.0000e+00
    122.000    -0.7282    -0.7280   2.762105   2.762025    339.066    333.773     0.1542     0.0249     0.1767    344.283   78.83650   -5.54554  20.309060    33.8523    33.8510 0.0000e+00
    123.000    -0.7186    -0.7196   2.764267   2.764095    338.850    333.252     0.1535     0.0302     0.1766    345.117   78.83650   -5.54554  20.234362    33.8702    33.8690 0.0000e+00
    124.000    -0.6677    -0.6703   2.771972   2.771781    337.508    331.930     0.1528     0.0316     0.1757    346.050   78.83650   -5.54556  20.240999    33.9165    33.9169 0.0000e+00
    125.000    -0.6216    -0.6233   2.777880   2.777702    337.484    331.608     0.1521     0.0316     0.1744    347.149   78.83650   -5.54556  20.344262    33.9438    33.9433 0.0000e+00
    126.000    -0.5604    -0.5655   2.784976   2.784623    337.458    331.142     0.1514     0.0318     0.1732    348.405   78.83650   -5.54558  19.692343    33.9700    33.9711 0.0000e+00
    127.000    -0.4760    -0.4761   2.795267   2.795134    334.506    329.285     0.1508     0.0376     0.1710    349.659   78.83650   -5.54558  20.043249    34.0132    34.0115 0.0000e+00
    128.000    -0.5123    -0.5108   2.793786   2.793730    333.846    329.444     0.1501     0.0320     0.1718    350.753   78.83650   -5.54559  20.327163    34.0334    34.0309 0.0000e+00
    129.000    -0.5167    -0.5160   2.794573   2.794502    330.233    328.041     0.1494     0.0315     0.1708    351.691   78.83650   -5.54560  20.860271    34.0482    34.0466 0.0000e+00
    130.000    -0.5811    -0.5776   2.789745   2.789741    327.047    326.676     0.1488     0.0269     0.1718    352.522   78.83650   -5.54560  20.593844    34.0551    34.0511 0.0000e+00
    131.000    -0.5210    -0.5280   2.796878   2.796650    324.897    324.587     0.1481     0.0243     0.1690    353.302   78.83650   -5.54562  20.560924    34.0828    34.0877 0.0000e+00
    132.000    -0.3709    -0.3751   2.811321   2.811152    323.453    321.776     0.1474     0.0243     0.1673    354.071   78.83650   -5.54564  20.547886    34.1074    34.1099 0.0000e+00
    133.000    -0.2834    -0.2850   2.820032   2.819889    326.788    322.265     0.1468     0.0243     0.1668    354.866   78.83650   -5.54564  20.391103    34.1252    34.1250 0.0000e+00
    134.000    -0.2385    -0.2395   2.825295   2.825173    333.227    324.546     0.1461     0.0279     0.1664    355.728   78.83650   -5.54564  20.995847    34.1444    34.1440 0.0000e+00
    135.000    -0.2161    -0.2165   2.827979   2.827873    332.955    324.412     0.1454     0.0281     0.1659    356.730   78.83650   -5.54565  21.138508    34.1546    34.1536 0.0000e+00
    136.000    -0.1785    -0.1794   2.833595   2.833466    324.690    321.778     0.1448     0.0282     0.1649    357.924   78.83649   -5.54566  21.224475    34.1866    34.1859 0.0000e+00
    137.000    -0.1758    -0.1760   2.836017   2.835877    319.072    319.733     0.1441     0.0315     0.1642    359.223   78.83648   -5.54566  21.311504    34.2153    34.2136 0.0000e+00
    138.000    -0.1638    -0.1620   2.838870   2.838840    317.555    318.245     0.1435     0.0258     0.1641    360.402   78.83648   -5.54568  21.213739    34.2392    34.2367 0.0000e+00
    139.000    -0.1704    -0.1756   2.840339   2.839981    317.458    317.286     0.1429     0.0244     0.1647    361.389   78.83650   -5.54568  21.459789    34.2655    34.2665 0.0000e+00
    140.000    -0.0689    -0.0721   2.851068   2.850866    316.241    314.940     0.1423     0.0316     0.1634    362.249   78.83650   -5.54570  21.730303    34.2936    34.2945 0.0000e+00
    141.000    -0.1059    -0.1020   2.848573   2.848601    317.814    315.126     0.1418     0.0337     0.1624    363.043   78.83650   -5.54572  21.876864    34.3014    34.2974 0.0000e+00
    142.000    -0.1093    -0.1094   2.849180   2.849110    319.714    315.262     0.1413     0.0111     0.1616    363.814   78.83650   -5.54572  22.055603    34.3127    34.3118 0.0000e+00
    143.000    -0.1212    -0.1198   2.848832   2.848777    318.649    313.875     0.1408     0.0144     0.1612    364.604   78.83650   -5.54573  22.156004    34.3208    34.3185 0.0000e+00
    144.000    -0.1764    -0.1730   2.844696   2.844706    316.794    312.916     0.1403     0.0270     0.1602    365.458   78.83650   -5.54574  22.115832    34.3273    34.3235 0.0000e+00
    145.000    -0.2275    -0.2262   2.840520   2.840461    315.571    312.143     0.1398     0.0331     0.1598    366.440   78.83650   -5.54574  22.121254    34.3285    34.3263 0.0000e+00
    146.000    -0.2387    -0.2330   2.840009   2.840235    315.250    311.313     0.1394     0.0244     0.1595    367.613   78.83648   -5.54575  22.065951    34.3337    34.3303 0.0000e+00
    147.000    -0.3243    -0.3271   2.832923   2.832683    318.816    312.995     0.1389     0.0243     0.1590    368.892   78.83648   -5.54576  22.416499    34.3349    34.3348 0.0000e+00
    148.000    -0.1649    -0.1671   2.847478   2.847494    319.510    312.127     0.1385     0.0243     0.1583    370.059   78.83648   -5.54576  23.002817    34.3489    34.3516 0.0000e+00
    149.000    -0.0922    -0.0937   2.854463   2.854138    323.798    314.374     0.1381     0.0200     0.1578    371.039   78.83648   -5.54578  22.555446    34.3595    34.3568 0.0000e+00
    150.000    -0.2713    -0.2682   2.839153   2.838845    330.799    318.651     0.1377     0.0193     0.1573    371.893   78.83649   -5.54579  21.949831    34.3565    34.3490 0.0000e+00
    151.000    -0.3001    -0.2977   2.836882   2.837075    328.397    317.365     0.1372     0.0246     0.1565    372.688   78.83650   -5.54580  21.710048    34.3581    34.3580 0.0000e+00
    152.000    -0.3207    -0.3189   2.835540   2.835517    319.261    313.660     0.1368     0.0304     0.1557    373.469   78.83650   -5.54580  22.336070    34.3628    34.3605 0.0000e+00
    153.000    -0.2927    -0.2959   2.839145   2.838975    314.595    312.148     0.1364     0.0272     0.1556    374.281   78.83650   -5.54582  21.519403    34.3788    34.3801 0.0000e+00
    154.000    -0.2279    -0.2312   2.845481   2.845303    318.104    312.638     0.1360     0.0243     0.1553    375.168   78.83650   -5.54582  21.350787    34.3897    34.3910 0.0000e+00
    155.000    -0.1681    -0.1691   2.851148   2.851031    324.557    314.273     0.1356     0.0217     0.1542    376.212   78.83648   -5.54582  21.464637    34.3972    34.3967 0.0000e+00
    156.000    -0.1762    -0.1745   2.850762   2.850791    328.224    316.247     0.1353     0.0202     0.1530    377.422   78.83648   -5.54584  21.377297    34.4006    34.3990 0.0000e+00
    157.000    -0.1672    -0.1688   2.852060   2.851908    323.776    315.565     0.1349     0.0202     0.1521    378.658   78.83648   -5.54585  21.749710    34.4071    34.4068 0.0000e+00
    158.000    -0.1135    -0.1167   2.857621   2.857451    319.225    314.392     0.1345     0.0249     0.1523    379.749   78.83648   -5.54586  21.658640    34.4200    34.4213 0.0000e+00
    159.000    -0.0552    -0.0561   2.863482   2.863436    319.155    314.199     0.1342     0.0252     0.1519    380.694   78.83648   -5.54587  21.527599    34.4315    34.4319 0.0000e+00
    160.000    -0.0370    -0.0368   2.865301   2.865242    320.813    314.520     0.1339     0.0196     0.1519    381.550   78.83648   -5.54588  21.554310    34.4346    34.4336 0.0000e+00
    161.000    -0.0341    -0.0346   2.865681   2.865553    321.449    314.453     0.1335     0.0308     0.1518    382.370   78.83648   -5.54590  21.972220    34.4357    34.4346 0.0000e+00
    162.000    -0.0182    -0.0190   2.867307   2.867221    319.883    313.748     0.1332     0.0316     0.1523    383.190   78.83648   -5.54590  22.027879    34.4388    34.4386 0.0000e+00
    163.000     0.0086     0.0073   2.870005   2.869873    317.553    312.786     0.1329     0.0277     0.1529    384.048   78.83648   -5.54590  21.911200    34.4438    34.4436 0.0000e+00
    164.000     0.0750     0.0713   2.876817   2.876594    316.282    311.791     0.1326     0.0215     0.1524    384.980   78.83648   -5.54591  21.888821    34.4588    34.4600 0.0000e+00
    165.000     0.1181     0.1169   2.881435   2.881317    317.082    311.626     0.1324     0.0191     0.1529    386.011   78.83648   -5.54592  21.900754    34.4708    34.4705 0.0000e+00
    166.000     0.1297     0.1292   2.882716   2.882600    317.428    311.859     0.1321     0.0218     0.1529    387.118   78.83648   -5.54592  21.782676    34.4741    34.4731 0.0000e+00
    167.000     0.1443     0.1436   2.884310   2.884226    314.771    310.979     0.1319     0.0191     0.1533    388.212   78.83648   -5.54594  21.790363    34.4781    34.4777 0.0000e+00
    168.000     0.1562     0.1558   2.885644   2.885557    312.896    310.040     0.1317     0.0243     0.1541    389.242   78.83648   -5.54594  22.064884    34.4817    34.4810 0.0000e+00
    169.000     0.1769     0.1757   2.887854   2.887734    312.457    309.805     0.1315     0.0243     0.1544    390.204   78.83648   -5.54596  22.358193    34.4870    34.4868 0.0000e+00
    170.000     0.2325     0.2305   2.893750   2.893666    312.859    309.243     0.1314     0.0239     0.1549    391.132   78.83648   -5.54596  22.571473    34.5017    34.5028 0.0000e+00
    171.000     0.2511     0.2509   2.895987   2.895887    314.351    309.323     0.1312     0.0177     0.1556    392.049   78.83648   -5.54598  22.565964    34.5097    34.5087 0.0000e+00
