test_project/cnv_files/Sta0218_bin.cnv
* Sea-Bird SBE 9 Data File:
* FileName = C:\Seabird\CTDDATA\Sta0218.hex
* Software Version Seasave V 7.26.7.107
* Temperature SN = 03-4535
* Conductivity SN = 2860
* Number of Bytes Per Scan = 44
* Number of Voltage Words = 5
* Number of Scans Averaged by the Deck Unit = 1
* NMEA Latitude = 78 49.92 N
* NMEA Longitude = 013 00.65 W
* NMEA UTC (Time) = Sep 06 2019 04:05:08
* NMEA baud rate = 9600
** Ship: "Kronprins Haakon"
** Station: 0218
** Echodepth: 214
** Log: 5967.92
** Wind-Dir Force(m/s): 29 05
** Air-temp (dry): 0.4
** Weather Sky: 2 6
** Sea Ice: 0 1
# nquan = 17
# nvalues = 201                         
# units = specified
# name 0 = prDM: Pressure, Digiquartz [db]
# name 1 = t090C: Temperature [ITS-90, deg C]
# name 2 = t190C: Temperature, 2 [ITS-90, deg C]
# name 3 = c0S/m: Conductivity [S/m]
# name 4 = c1S/m: Conductivity, 2 [S/m]
# name 5 = sbox0Mm/Kg: Oxygen, SBE 43 [umol/kg]
# name 6 = sbox1Mm/Kg: Oxygen, SBE 43, 2 [umol/kg]
# name 7 = wetCDOM: Fluorescence, WET Labs CDOM [mg/m^3]
# name 8 = flECO-AFL: Fluorescence, WET Labs ECO-AFL/FL [mg/m^3]
# name 9 = CStarAt0: Beam Attenuation, WET Labs C-Star [1/m]
# name 10 = timeS: Time, Elapsed [seconds]
# name 11 = latitude: Latitude [deg]
# name 12 = longitude: Longitude [deg]
# name 13 = upoly0: Upoly 0, ISUS
# name 14 = sal00: Salinity, Practical [PSU]
# name 15 = sal11: Salinity, Practical, 2 [PSU]
# name 16 = flag: flag
# span 0 =      3.000,    203.000       
# span 1 =    -1.6981,     0.0909       
# span 2 =    -1.6980,     0.0908       
# span 3 =   2.430993,   2.868070       
# span 4 =   2.431139,   2.868030       
# span 5 =    307.558,    427.047       
# span 6 =    305.687,    418.531       
# span 7 =     0.1415,     0.1774       
# span 8 =     0.0105,     0.6199       
# span 9 =     0.1583,     0.2754       
# span 10 =     16.698,    302.413      
# span 11 =   78.83195,   78.83214      
# span 12 =  -13.01309,  -13.01096      
# span 13 =  11.910024,  24.933170      
# span 14 =    30.0022,    34.3018      
# span 15 =    30.0080,    34.3014      
# span 16 = 0.0000e+00, 0.0000e+00      
# interval = decibars: 1                
# start_time = Sep 06 2019 04:05:08 [NMEA time, header]
# bad_flag = -9.990e-29
*END*
[from data line 86]
     89.000    -1.6556    -1.6567   2.581504   2.581446    388.971    382.198     0.1771     0.0457     0.1587    104.503   78.83210  -13.01158  17.536810    32.4316    32.4320 0.0000e+00
     90.000    -1.6292    -1.6301   2.584742   2.584681    388.587    381.530     0.1772     0.0457     0.1592    105.521   78.83210  -13.01159  17.553782    32.4469    32.4471 0.0000e+00
     91.000    -1.6099    -1.6110   2.588081   2.587975    387.578    381.081     0.1773     0.0494     0.1583    106.542   78.83210  -13.01160  17.665560    32.4713    32.4710 0.0000e+00
     92.000    -1.5967    -1.5969   2.590521   2.590491    387.195    380.681     0.1773     0.0600     0.1583    107.553   78.83210  -13.01161  17.544225    32.4899    32.4896 0.0000e+00
     93.000    -1.5922    -1.5924   2.591764   2.591707    385.959    379.943     0.1774     0.0606     0.1585    108.559   78.83210  -13.01162  17.553792    32.5014    32.5009 0.0000e+00
     94.000    -1.5915    -1.5914   2.593129   2.593072    384.043    379.157     0.1773     0.0613     0.1601    109.570   78.83210  -13.01162  17.747751    32.5189    32.5180 0.0000e+00
     95.000    -1.5966    -1.5961   2.594888   2.594841    382.959    378.094     0.1773     0.0669     0.1616    110.584   78.83210  -13.01163  17.797380    32.5482    32.5470 0.0000e+00
     96.000    -1.5974    -1.5980   2.597069   2.597001    381.546    377.203     0.1772     0.0547     0.1631    111.595   78.83210  -13.01164  17.963637    32.5785    32.5782 0.0000e+00
     97.000    -1.5948    -1.5948   2.598954   2.598916    381.193    376.665     0.1771     0.0530     0.1646    112.604   78.83210  -13.01164  17.871158    32.6011    32.6005 0.0000e+00
     98.000    -1.5858    -1.5865   2.602834   2.602751    381.674    375.912     0.1770     0.0591     0.1651    113.615   78.83210  -13.01165  18.011685    32.6441    32.6437 0.0000e+00
     99.000    -1.5764    -1.5765   2.605122   2.605095    381.656    375.291     0.1769     0.0607     0.1657    114.638   78.83210  -13.01166  17.863661    32.6647    32.6644 0.0000e+00
    100.000    -1.5729    -1.5733   2.605812   2.605746    381.132    374.892     0.1767     0.0659     0.1660    115.665   78.83210  -13.01167  18.236487    32.6698    32.6693 0.0000e+00
    101.000    -1.5429    -1.5448   2.612715   2.612477    380.277    374.120     0.1765     0.0683     0.1658    116.691   78.83210  -13.01168  18.428440    32.7313    32.7302 0.0000e+00
    102.000    -1.5262    -1.5269   2.617059   2.616951    379.627    373.721     0.1763     0.0683     0.1655    117.708   78.83210  -13.01168  18.157751    32.7723    32.7715 0.0000e+00
    103.000    -1.5092    -1.5105   2.621316   2.621125    379.745    373.463     0.1760     0.0683     0.1650    118.729   78.83210  -13.01169  18.196516    32.8115    32.8103 0.0000e+00
    104.000    -1.4972    -1.4978   2.625219   2.625045    378.177    372.502     0.1757     0.0683     0.1648    119.752   78.83210  -13.01170  18.338481    32.8514    32.8497 0.0000e+00
    105.000    -1.4790    -1.4803   2.630422   2.630236    376.320    371.235     0.1754     0.0648     0.1649    120.762   78.83209  -13.01170  18.665175    32.9023    32.9012 0.0000e+00
    106.000    -1.4623    -1.4641   2.636704   2.636481    374.256    369.986     0.1751     0.0604     0.1651    121.768   78.83208  -13.01171  18.313128    32.9697    32.9686 0.0000e+00
    107.000    -1.4344    -1.4349   2.643021   2.642896    373.058    368.489     0.1748     0.0618     0.1654    122.772   78.83208  -13.01172  18.422255    33.0251    33.0240 0.0000e+00
    108.000    -1.4216    -1.4222   2.645931   2.645869    372.038    367.535     0.1744     0.0681     0.1653    123.791   78.83208  -13.01173  18.729585    33.0503    33.0501 0.0000e+00
    109.000    -1.3978    -1.3998   2.649179   2.649009    370.872    366.144     0.1740     0.0670     0.1650    124.817   78.83208  -13.01174  19.174398    33.0680    33.0679 0.0000e+00
    110.000    -1.3431    -1.3457   2.658488   2.658246    368.289    364.044     0.1736     0.0539     0.1650    125.840   78.83208  -13.01174  19.434472    33.1346    33.1341 0.0000e+00
    111.000    -1.3125    -1.3138   2.664869   2.664743    367.045    363.131     0.1732     0.0468     0.1648    126.862   78.83208  -13.01175  19.354558    33.1875    33.1872 0.0000e+00
    112.000    -1.2892    -1.2901   2.668877   2.668780    366.462    362.048     0.1728     0.0461     0.1648    127.877   78.83208  -13.01176  19.590014    33.2159    33.2157 0.0000e+00
    113.000    -1.2445    -1.2483   2.676830   2.676502    363.221    359.801     0.1723     0.0400     0.1648    128.900   78.83208  -13.01177  19.854512    33.2745    33.2742 0.0000e+00
    114.000    -1.2064    -1.2072   2.683816   2.683711    360.115    357.732     0.1719     0.0432     0.1638    129.926   78.83208  -13.01178  20.028292    33.3271    33.3266 0.0000e+00
    115.000    -1.1915    -1.1923   2.686372   2.686271    358.471    356.257     0.1714     0.0410     0.1636    130.946   78.83208  -13.01178  20.045210    33.3448    33.3444 0.0000e+00
    116.000    -1.1487    -1.1513   2.693242   2.693050    355.936    353.846     0.1709     0.0339     0.1630    131.957   78.83208  -13.01179  19.922699    33.3904    33.3908 0.0000e+00
    117.000    -1.1166    -1.1167   2.700882   2.700695    353.972    352.085     0.1703     0.0296     0.1627    132.960   78.83208  -13.01180  20.146818    33.4584    33.4559 0.0000e+00
    118.000    -1.0065    -1.0152   2.717261   2.716681    352.608    349.979     0.1698     0.0344     0.1627    133.968   78.83208  -13.01180  20.167804    33.5580    33.5599 0.0000e+00
    119.000    -0.9700    -0.9707   2.722660   2.722578    352.694    349.415     0.1693     0.0416     0.1624    134.978   78.83208  -13.01181  20.139189    33.5901    33.5897 0.0000e+00
    120.000    -0.9785    -0.9738   2.722448   2.722625    352.137    349.512     0.1687     0.0401     0.1624    135.982   78.83208  -13.01182  20.860466    33.5961    33.5933 0.0000e+00
    121.000    -1.0052    -1.0053   2.721244   2.721160    347.402    347.133     0.1681     0.0306     0.1617    136.993   78.83208  -13.01183  21.239280    33.6089    33.6079 0.0000e+00
    122.000    -1.0298    -1.0290   2.721657   2.721592    342.325    344.123     0.1675     0.0306     0.1613    137.998   78.83208  -13.01184  21.076247    33.6415    33.6397 0.0000e+00
    123.000    -1.0471    -1.0469   2.721767   2.721705    341.375    342.384     0.1669     0.0333     0.1622    139.008   78.83208  -13.01184  21.202038    33.6618    33.6607 0.0000e+00
    124.000    -1.0495    -1.0495   2.721689   2.721614    343.395    342.288     0.1663     0.0514     0.1607    140.022   78.83208  -13.01186  20.532958    33.6627    33.6617 0.0000e+00
    125.000    -1.0470    -1.0474   2.722563   2.722365    346.640    343.740     0.1657     0.0402     0.1597    141.026   78.83208  -13.01186  20.226231    33.6713    33.6690 0.0000e+00
    126.000    -1.0452    -1.0450   2.724256   2.724207    350.635    345.095     0.1651     0.0391     0.1607    142.024   78.83208  -13.01186  20.399291    33.6917    33.6908 0.0000e+00
    127.000    -1.0459    -1.0457   2.725503   2.725422    352.527    345.808     0.1645     0.0446     0.1608    143.024   78.83206  -13.01188  20.593209    33.7088    33.7075 0.0000e+00
    128.000    -1.0413    -1.0416   2.727075   2.726982    352.543    346.178     0.1639     0.0452     0.1607    144.027   78.83206  -13.01188  20.592547    33.7245    33.7236 0.0000e+00
    129.000    -1.0238    -1.0249   2.730457   2.730299    352.261    345.839     0.1632     0.0451     0.1612    145.029   78.83206  -13.01190  20.591113    33.7503    33.7493 0.0000e+00
    130.000    -1.0073    -1.0061   2.732757   2.732982    351.779    345.681     0.1626     0.0373     0.1598    146.025   78.83206  -13.01190  20.548381    33.7624    33.7642 0.0000e+00
    131.000    -0.9715    -0.9744   2.737272   2.736969    351.732    345.325     0.1620     0.0339     0.1604    147.025   78.83206  -13.01190  20.733607    33.7831    33.7822 0.0000e+00
    132.000    -0.9460    -0.9455   2.740455   2.740526    351.906    344.961     0.1615     0.0386     0.1605    148.032   78.83206  -13.01192  20.955756    33.7972    33.7976 0.0000e+00
    133.000    -0.9330    -0.9327   2.742221   2.742211    351.096    344.520     0.1609     0.0408     0.1602    149.042   78.83206  -13.01192  20.621869    33.8060    33.8055 0.0000e+00
    134.000    -0.9314    -0.9313   2.742695   2.742596    348.896    343.852     0.1603     0.0425     0.1599    150.046   78.83206  -13.01194  20.587767    33.8099    33.8085 0.0000e+00
    135.000    -0.9299    -0.9298   2.743196   2.743121    346.992    342.566     0.1598     0.0324     0.1603    151.044   78.83206  -13.01194  21.507181    33.8145    33.8133 0.0000e+00
    136.000    -0.9397    -0.9387   2.743481   2.743481    345.595    341.429     0.1593     0.0391     0.1608    152.044   78.83206  -13.01194  20.330811    33.8287    33.8276 0.0000e+00
    137.000    -0.9587    -0.9586   2.743238   2.743156    344.676    340.979     0.1587     0.0450     0.1611    153.052   78.83206  -13.01196  20.795830    33.8462    33.8449 0.0000e+00
    138.000    -0.9147    -0.9165   2.748709   2.748610    344.088    339.947     0.1582     0.0400     0.1602    154.062   78.83206  -13.01196  21.228500    33.8704    33.8711 0.0000e+00
    139.000    -0.8399    -0.8475   2.756025   2.755604    344.341    339.777     0.1577     0.0502     0.1598    155.074   78.83206  -13.01196  21.083960    33.8849    33.8879 0.0000e+00
    140.000    -0.6576    -0.6671   2.773590   2.773189    346.043    339.316     0.1573     0.0468     0.1595    156.079   78.83206  -13.01198  20.969756    33.9172    33.9225 0.0000e+00
    141.000    -0.5028    -0.5085   2.790107   2.789781    347.548    339.491     0.1568     0.0305     0.1596    157.095   78.83206  -13.01198  21.091600    33.9654    33.9674 0.0000e+00
    142.000    -0.4467    -0.4480   2.797212   2.797039    347.216    339.931     0.1563     0.0236     0.1602    158.112   78.83206  -13.01200  21.748161    33.9973    33.9964 0.0000e+00
    143.000    -0.4168    -0.4194   2.800804   2.800556    338.644    336.061     0.1558     0.0230     0.1605    159.129   78.83206  -13.01200  22.689700    34.0114    34.0109 0.0000e+00
    144.000    -0.3617    -0.3648   2.806941   2.806740    324.877    329.149     0.1554     0.0269     0.1606    160.142   78.83206  -13.01200  22.588022    34.0312    34.0320 0.0000e+00
    145.000    -0.3126    -0.3138   2.812076   2.811937    317.225    324.619     0.1549     0.0270     0.1616    161.150   78.83206  -13.01202  22.548902    34.0443    34.0438 0.0000e+00
    146.000    -0.2920    -0.2934   2.814463   2.814301    315.954    322.641     0.1544     0.0233     0.1633    162.164   78.83206  -13.01202  23.618476    34.0525    34.0520 0.0000e+00
    147.000    -0.2668    -0.2670   2.817780   2.817692    315.640    320.498     0.1539     0.0238     0.1658    163.177   78.83206  -13.01204  23.023993    34.0681    34.0671 0.0000e+00
    148.000    -0.2640    -0.2639   2.818260   2.818191    315.429    319.034     0.1535     0.0238     0.1669    164.181   78.83206  -13.01204  23.088734    34.0707    34.0697 0.0000e+00
    149.000    -0.2583    -0.2584   2.819223   2.819138    315.649    317.813     0.1530     0.0240     0.1701    165.188   78.83206  -13.01204  23.559980    34.0766    34.0756 0.0000e+00
    150.000    -0.2532    -0.2532   2.820156   2.820064    315.972    316.527     0.1525     0.0238     0.1721    166.192   78.83206  -13.01206  23.850755    34.0827    34.0815 0.0000e+00
    151.000    -0.2571    -0.2559   2.820989   2.820922    317.026    316.011     0.1521     0.0240     0.1732    167.212   78.83206  -13.01206  23.759231    34.0975    34.0954 0.0000e+00
    152.000    -0.2599    -0.2599   2.821154   2.821055    318.014    316.070     0.1516     0.0236     0.1757    168.232   78.83206  -13.01208  23.985890    34.1023    34.1009 0.0000e+00
    153.000    -0.2657    -0.2648   2.820805   2.820781    318.551    316.132     0.1512     0.0297     0.1779    169.245   78.83206  -13.01208  23.984454    34.1035    34.1022 0.0000e+00
    154.000    -0.2655    -0.2653   2.821039   2.820952    319.328    315.902     0.1508     0.0314     0.1775    170.257   78.83206  -13.01208  24.028765    34.1058    34.1044 0.0000e+00
    155.000    -0.2653    -0.2652   2.821384   2.821305    320.219    316.202     0.1504     0.0307     0.1785    171.269   78.83206  -13.01210  23.406892    34.1095    34.1084 0.0000e+00
    156.000    -0.2641    -0.2641   2.821815   2.821717    321.302    316.506     0.1499     0.0264     0.1777    172.288   78.83206  -13.01210  23.723899    34.1134    34.1121 0.0000e+00
    157.000    -0.2606    -0.2607   2.822523   2.822417    321.909    316.755     0.1496     0.0315     0.1775    173.301   78.83206  -13.01210  23.872772    34.1183    34.1170 0.0000e+00
    158.000    -0.2549    -0.2551   2.823364   2.823244    322.326    316.820     0.1492     0.0314     0.1771    174.309   78.83206  -13.01212  23.770643    34.1225    34.1212 0.0000e+00
    159.000    -0.2460    -0.2464   2.824470   2.824373    322.162    316.848     0.1488     0.0235     0.1772    175.319   78.83206  -13.01212  23.732578    34.1267    34.1259 0.0000e+00
    160.000    -0.2213    -0.2236   2.827622   2.827427    322.360    316.655     0.1485     0.0257     0.1766    176.333   78.83204  -13.01214  23.559207    34.1405    34.1404 0.0000e+00
    161.000    -0.1976    -0.1972   2.831412   2.831322    322.041    316.603     0.1481     0.0263     0.1760    177.347   78.83204  -13.01214  23.449577    34.1638    34.1622 0.0000e+00
    162.000    -0.2110    -0.2101   2.831071   2.831002    322.804    316.794     0.1478     0.0148     0.1755    178.357   78.83204  -13.01214  23.715184    34.1737    34.1718 0.0000e+00
    163.000    -0.2195    -0.2191   2.830710   2.830627    321.484    316.353     0.1475     0.0118     0.1756    179.357   78.83204  -13.01216  23.694874    34.1778    34.1762 0.0000e+00
    164.000    -0.2176    -0.2176   2.831404   2.831314    319.501    315.670     0.1472     0.0295     0.1756    180.366   78.83204  -13.01216  23.844206    34.1843    34.1831 0.0000e+00
    165.000    -0.2128    -0.2141   2.832140   2.831972    319.664    315.174     0.1470     0.0369     0.1769    181.379   78.83204  -13.01218  23.992647    34.1882    34.1873 0.0000e+00
    166.000    -0.1464    -0.1499   2.839294   2.839067    320.165    314.556     0.1467     0.0253     0.1766    182.395   78.83204  -13.01218  23.646234    34.2083    34.2093 0.0000e+00
    167.000    -0.1130    -0.1136   2.842908   2.842827    321.245    315.180     0.1464     0.0236     0.1768    183.403   78.83204  -13.01218  23.146125    34.2183    34.2180 0.0000e+00
    168.000    -0.0848    -0.0877   2.845958   2.845635    321.976    315.449     0.1462     0.0182     0.1767    184.407   78.83204  -13.01220  23.572207    34.2267    34.2257 0.0000e+00
    169.000    -0.0648    -0.0657   2.848140   2.847979    320.588    314.527     0.1460     0.0163     0.1767    185.416   78.83204  -13.01220  23.577642    34.2327    34.2315 0.0000e+00
    170.000    -0.0640    -0.0636   2.848291   2.848230    317.787    313.270     0.1457     0.0212     0.1778    186.433   78.83204  -13.01222  24.726775    34.2332    34.2319 0.0000e+00
    171.000    -0.0632    -0.0628   2.848426   2.848374    315.617    312.338     0.1455     0.0240     0.1794    187.449   78.83204  -13.01222  24.451248    34.2335    34.2323 0.0000e+00
    172.000    -0.0619    -0.0618   2.848601   2.848523    314.623    311.516     0.1453     0.0202     0.1810    188.456   78.83204  -13.01222  24.139218    34.2338    34.2325 0.0000e+00
