test_project/cnv_files/sta0202_bin.cnv
* Sea-Bird SBE 9 Data File:
* FileName = C:\Seabird\CTDDATA\Sta0202.hex
* Software Version Seasave V 7.26.7.107
* Temperature SN = 03-4535
* Conductivity SN = 2860
* Number of Bytes Per Scan = 44
* Number of Voltage Words = 5
* Number of Scans Averaged by the Deck Unit = 1
* NMEA Latitude = 78 50.75 N
* NMEA Longitude = 005 01.25 W
* NMEA UTC (Time) = Sep 03 2019 17:35:01
* NMEA baud rate = 9600
** Ship: "Kronprins Haakon"
** Station: Sta0202
** Echodepth: 1026
** Log: 5785.37
** Wind-Dir Force(m/s): 01 25
** Air-temp (dry): -2.5
** Weather Sky: 2 8
** Sea Ice: 2 4
# nquan = 16
# nvalues = 994                         
# units = specified
# name 0 = prDM: Pressure, Digiquartz [db]
# name 1 = t090C: Temperature [ITS-90, deg C]
# name 2 = t190C: Temperature, 2 [ITS-90, deg C]
# name 3 = c0S/m: Conductivity [S/m]
# name 4 = c1S/m: Conductivity, 2 [S/m]
# name 5 = sbox0Mm/Kg: Oxygen, SBE 43 [umol/kg]
# name 6 = sbox1Mm/Kg: Oxygen, SBE 43, 2 [umol/kg]
# name 7 = wetCDOM: Fluorescence, WET Labs CDOM [mg/m^3]
# name 8 = flECO-AFL: Fluorescence, WET Labs ECO-AFL/FL [mg/m^3]
# name 9 = CStarAt0: Beam Attenuation, WET Labs C-Star [1/m]
# name 10 = timeS: Time, Elapsed [seconds]
# name 11 = latitude: Latitude [deg]
# name 12 = longitude: Longitude [deg]
# name 13 = sal00: Salinity, Practical [PSU]
# name 14 = sal11: Salinity, Practical, 2 [PSU]
# name 15 = flag: flag
# span 0 =      7.000,   1000.000       
# span 1 =    -1.6874,     1.3422       
# span 2 =    -1.5046,     1.3402       
# span 3 =   0.066656,   3.017351       
# span 4 =   1.905408,   3.017285       
# span 5 =    306.051,    405.640       
# span 6 =    305.807,    898.403       
# span 7 =     0.1160,     0.1745       
# span 8 =    -0.0071,     0.9786       
# span 9 =     0.1069,     0.3473       
# span 10 =     16.953,   1414.107      
# span 11 =   78.84599,   78.84708      
# span 12 =   -5.04019,   -5.02120      
# span 13 =     0.6480,    34.8958      
# span 14 =    22.9589,    34.8957      
# span 15 = 0.0000e+00, 0.0000e+00      
# interval = decibars: 1                
# start_time = Sep 03 2019 17:35:01 [NMEA time, header]
# bad_flag = -9.990e-29
*END*
[from data line 452]
    459.000     0.6331     0.6337   2.968718   2.968742    314.019    308.589     0.1171     0.0080     0.1106    835.636   78.84644   -5.03241    34.8612    34.8608 0.0000e+00
    460.000     0.6365     0.6366   2.969108   2.969091    313.876    308.173     0.1171     0.0003     0.1111    836.719   78.84644   -5.03243    34.8618    34.8614 0.0000e+00
    461.000     0.6345     0.6345   2.969002   2.968962    314.165    308.180     0.1172     0.0054     0.1100    837.827   78.84644   -5.03245    34.8621    34.8615 0.0000e+00
    462.000     0.6285     0.6291   2.968525   2.968526    314.178    308.322     0.1173     0.0011     0.1101    838.932   78.84644   -5.03247    34.8620    34.8613 0.0000e+00
    463.000     0.6166     0.6176   2.967498   2.967523    313.971    308.314     0.1173     0.0077     0.1103    840.007   78.84645   -5.03249    34.8615    34.8607 0.0000e+00
    464.000     0.6081     0.6088   2.966775   2.966796    313.546    308.354     0.1174     0.0095     0.1106    841.053   78.84646   -5.03250    34.8610    34.8605 0.0000e+00
    465.000     0.6007     0.6015   2.966151   2.966164    313.663    308.149     0.1175     0.0073     0.1113    842.083   78.84646   -5.03252    34.8607    34.8599 0.0000e+00
    466.000     0.5834     0.5843   2.964628   2.964642    313.992    308.234     0.1176     0.0019     0.1101    843.111   78.84646   -5.03252    34.8596    34.8588 0.0000e+00
    467.000     0.5772     0.5773   2.964098   2.964052    314.048    308.065     0.1176     0.0030     0.1096    844.143   78.84646   -5.03254    34.8591    34.8584 0.0000e+00
    468.000     0.5745     0.5747   2.963889   2.963872    314.175    307.968     0.1177     0.0026     0.1099    845.197   78.84646   -5.03254    34.8588    34.8585 0.0000e+00
    469.000     0.5716     0.5717   2.963673   2.963670    314.518    307.866     0.1177    -0.0030     0.1099    846.290   78.84646   -5.03256    34.8587    34.8586 0.0000e+00
    470.000     0.5710     0.5711   2.963700   2.963689    314.621    307.875     0.1178     0.0020     0.1098    847.409   78.84646   -5.03258    34.8591    34.8589 0.0000e+00
    471.000     0.5702     0.5703   2.963684   2.963681    314.003    308.093     0.1178     0.0071     0.1101    848.527   78.84646   -5.03261    34.8593    34.8591 0.0000e+00
    472.000     0.5688     0.5690   2.963613   2.963600    313.636    307.825     0.1178     0.0080     0.1101    849.610   78.84647   -5.03262    34.8593    34.8589 0.0000e+00
    473.000     0.5650     0.5654   2.963328   2.963333    313.383    308.094     0.1179     0.0089     0.1101    850.665   78.84648   -5.03263    34.8593    34.8589 0.0000e+00
    474.000     0.5651     0.5650   2.963379   2.963364    313.549    308.353     0.1179     0.0088     0.1106    851.706   78.84648   -5.03264    34.8592    34.8592 0.0000e+00
    475.000     0.5675     0.5676   2.963658   2.963653    313.354    308.255     0.1179     0.0082     0.1097    852.738   78.84648   -5.03265    34.8596    34.8594 0.0000e+00
    476.000     0.5656     0.5659   2.963549   2.963546    313.676    307.994     0.1180     0.0072     0.1100    853.773   78.84648   -5.03266    34.8597    34.8593 0.0000e+00
    477.000     0.5612     0.5615   2.963207   2.963199    313.725    307.999     0.1180     0.0065     0.1096    854.815   78.84648   -5.03267    34.8596    34.8592 0.0000e+00
    478.000     0.5586     0.5589   2.963021   2.963028    313.529    308.121     0.1180     0.0075     0.1101    855.883   78.84648   -5.03269    34.8595    34.8593 0.0000e+00
    479.000     0.5568     0.5571   2.962911   2.962908    313.735    307.970     0.1180     0.0056     0.1097    856.973   78.84648   -5.03271    34.8596    34.8592 0.0000e+00
    480.000     0.5553     0.5556   2.962831   2.962825    313.784    307.786     0.1181    -0.0001     0.1093    858.061   78.84648   -5.03272    34.8596    34.8592 0.0000e+00
    481.000     0.5543     0.5545   2.962782   2.962779    313.599    307.968     0.1181     0.0065     0.1095    859.140   78.84650   -5.03274    34.8595    34.8592 0.0000e+00
    482.000     0.5538     0.5540   2.962795   2.962786    313.776    307.727     0.1181     0.0075     0.1100    860.209   78.84650   -5.03276    34.8596    34.8593 0.0000e+00
    483.000     0.5536     0.5538   2.962821   2.962818    313.564    307.897     0.1181     0.0085     0.1100    861.272   78.84650   -5.03276    34.8596    34.8594 0.0000e+00
    484.000     0.5536     0.5537   2.962862   2.962861    313.229    308.064     0.1182     0.0112     0.1095    862.326   78.84650   -5.03278    34.8596    34.8594 0.0000e+00
    485.000     0.5530     0.5532   2.962865   2.962858    313.440    307.653     0.1182     0.0177     0.1095    863.371   78.84650   -5.03278    34.8597    34.8593 0.0000e+00
    486.000     0.5513     0.5515   2.962768   2.962768    313.600    307.528     0.1182     0.0084     0.1100    864.422   78.84650   -5.03280    34.8598    34.8596 0.0000e+00
    487.000     0.5508     0.5509   2.962797   2.962772    313.550    307.958     0.1181     0.0086     0.1094    865.497   78.84651   -5.03282    34.8601    34.8597 0.0000e+00
    488.000     0.5511     0.5512   2.962854   2.962853    313.514    308.030     0.1181     0.0110     0.1093    866.595   78.84652   -5.03283    34.8600    34.8597 0.0000e+00
    489.000     0.5517     0.5518   2.962977   2.962968    313.109    307.783     0.1181     0.0067     0.1092    867.688   78.84652   -5.03285    34.8603    34.8600 0.0000e+00
    490.000     0.5517     0.5520   2.963043   2.963038    313.068    307.589     0.1181    -0.0022     0.1096    868.757   78.84652   -5.03286    34.8605    34.8602 0.0000e+00
    491.000     0.5510     0.5511   2.963041   2.963029    313.354    307.935     0.1181    -0.0020     0.1099    869.808   78.84652   -5.03287    34.8607    34.8604 0.0000e+00
    492.000     0.5495     0.5496   2.962979   2.962968    313.162    308.013     0.1180    -0.0027     0.1095    870.847   78.84652   -5.03288    34.8610    34.8607 0.0000e+00
    493.000     0.5453     0.5458   2.962689   2.962691    313.230    308.000     0.1180     0.0064     0.1093    871.877   78.84652   -5.03289    34.8614    34.8608 0.0000e+00
    494.000     0.5431     0.5433   2.962539   2.962539    312.957    308.067     0.1180    -0.0019     0.1100    872.904   78.84652   -5.03290    34.8613    34.8611 0.0000e+00
    495.000     0.5431     0.5431   2.962590   2.962581    313.352    308.127     0.1180    -0.0045     0.1096    873.950   78.84652   -5.03291    34.8614    34.8613 0.0000e+00
    496.000     0.5432     0.5433   2.962654   2.962652    313.859    308.116     0.1180     0.0064     0.1093    875.035   78.84652   -5.03293    34.8615    34.8614 0.0000e+00
    497.000     0.5427     0.5428   2.962674   2.962674    313.992    307.982     0.1180     0.0114     0.1093    876.140   78.84654   -5.03296    34.8618    34.8616 0.0000e+00
    498.000     0.5417     0.5420   2.962663   2.962663    313.821    307.750     0.1180    -0.0010     0.1096    877.235   78.84654   -5.03298    34.8621    34.8618 0.0000e+00
    499.000     0.5399     0.5399   2.962545   2.962521    313.135    307.970     0.1180    -0.0025     0.1093    878.320   78.84654   -5.03298    34.8621    34.8617 0.0000e+00
    500.000     0.5380     0.5384   2.962440   2.962435    313.469    307.920     0.1180    -0.0029     0.1092    879.399   78.84654   -5.03300    34.8622    34.8617 0.0000e+00
    501.000     0.5352     0.5352   2.962243   2.962207    313.386    307.900     0.1180    -0.0019     0.1092    880.462   78.84654   -5.03300    34.8622    34.8617 0.0000e+00
    502.000     0.5329     0.5331   2.962089   2.962075    313.696    308.114     0.1180    -0.0026     0.1094    881.513   78.84656   -5.03300    34.8622    34.8617 0.0000e+00
    503.000     0.5306     0.5309   2.961942   2.961943    313.585    308.024     0.1180    -0.0030     0.1091    882.563   78.84656   -5.03303    34.8622    34.8620 0.0000e+00
    504.000     0.5296     0.5298   2.961908   2.961908    313.729    308.109     0.1179     0.0059     0.1097    883.615   78.84656   -5.03304    34.8623    34.8622 0.0000e+00
    505.000     0.5292     0.5294   2.961922   2.961922    313.911    308.179     0.1179     0.0107     0.1092    884.678   78.84656   -5.03305    34.8624    34.8622 0.0000e+00
    506.000     0.5273     0.5277   2.961818   2.961814    313.874    308.293     0.1179     0.0010     0.1091    885.749   78.84656   -5.03307    34.8626    34.8621 0.0000e+00
    507.000     0.5245     0.5247   2.961613   2.961606    313.939    308.316     0.1178    -0.0022     0.1097    886.814   78.84656   -5.03309    34.8625    34.8622 0.0000e+00
    508.000     0.5231     0.5233   2.961542   2.961530    313.688    308.245     0.1178    -0.0015     0.1091    887.869   78.84656   -5.03310    34.8626    34.8622 0.0000e+00
    509.000     0.5206     0.5208   2.961373   2.961368    313.554    308.008     0.1178     0.0034     0.1086    888.924   78.84656   -5.03311    34.8626    34.8623 0.0000e+00
    510.000     0.5178     0.5180   2.961173   2.961145    313.783    308.074     0.1177     0.0017     0.1087    889.989   78.84657   -5.03312    34.8625    34.8619 0.0000e+00
    511.000     0.5176     0.5176   2.961194   2.961183    313.606    308.229     0.1177    -0.0028     0.1084    891.068   78.84658   -5.03312    34.8625    34.8623 0.0000e+00
    512.000     0.5158     0.5161   2.961101   2.961082    313.950    308.319     0.1177    -0.0034     0.1093    892.158   78.84658   -5.03314    34.8626    34.8621 0.0000e+00
    513.000     0.5122     0.5124   2.960824   2.960816    313.918    307.863     0.1177    -0.0025     0.1096    893.268   78.84658   -5.03316    34.8625    34.8622 0.0000e+00
    514.000     0.5107     0.5110   2.960744   2.960736    313.308    307.956     0.1178    -0.0021     0.1090    894.380   78.84658   -5.03318    34.8626    34.8622 0.0000e+00
    515.000     0.5092     0.5094   2.960661   2.960655    313.890    308.342     0.1179    -0.0020     0.1091    895.469   78.84658   -5.03320    34.8626    34.8623 0.0000e+00
    516.000     0.5078     0.5079   2.960601   2.960578    313.903    308.346     0.1180     0.0048     0.1089    896.523   78.84658   -5.03322    34.8628    34.8624 0.0000e+00
    517.000     0.5064     0.5068   2.960539   2.960536    313.857    308.132     0.1181     0.0034     0.1089    897.552   78.84658   -5.03323    34.8629    34.8625 0.0000e+00
    518.000     0.5037     0.5042   2.960358   2.960354    314.224    307.921     0.1182    -0.0019     0.1093    898.574   78.84658   -5.03324    34.8631    34.8625 0.0000e+00
    519.000     0.5011     0.5013   2.960180   2.960169    313.801    308.182     0.1183     0.0017     0.1095    899.597   78.84659   -5.03324    34.8631    34.8627 0.0000e+00
    520.000     0.5006     0.5007   2.960184   2.960165    313.538    308.367     0.1184     0.0081     0.1091    900.641   78.84660   -5.03325    34.8631    34.8627 0.0000e+00
    521.000     0.5000     0.5002   2.960172   2.960166    313.821    308.409     0.1185     0.0075     0.1091    901.740   78.84660   -5.03327    34.8630    34.8628 0.0000e+00
    522.000     0.4995     0.4997   2.960182   2.960168    313.801    308.479     0.1187     0.0077     0.1095    902.889   78.84660   -5.03329    34.8631    34.8628 0.0000e+00
    523.000     0.4980     0.4984   2.960114   2.960106    313.923    308.521     0.1188     0.0095     0.1087    904.055   78.84660   -5.03331    34.8633    34.8629 0.0000e+00
    524.000     0.4960     0.4963   2.959993   2.959987    313.784    308.084     0.1189     0.0097     0.1084    905.193   78.84660   -5.03334    34.8634    34.8631 0.0000e+00
    525.000     0.4934     0.4936   2.959827   2.959817    313.830    308.055     0.1190     0.0086     0.1084    906.303   78.84662   -5.03336    34.8636    34.8632 0.0000e+00
    526.000     0.4925     0.4926   2.959797   2.959785    313.890    308.357     0.1191     0.0079     0.1083    907.384   78.84662   -5.03336    34.8637    34.8634 0.0000e+00
    527.000     0.4920     0.4922   2.959824   2.959807    313.660    308.473     0.1192     0.0091     0.1082    908.434   78.84662   -5.03336    34.8639    34.8635 0.0000e+00
    528.000     0.4901     0.4904   2.959716   2.959708    313.629    308.321     0.1194     0.0082     0.1082    909.489   78.84662   -5.03338    34.8641    34.8637 0.0000e+00
    529.000     0.4885     0.4887   2.959642   2.959635    313.746    308.180     0.1195     0.0034     0.1090    910.544   78.84662   -5.03339    34.8643    34.8640 0.0000e+00
    530.000     0.4866     0.4869   2.959529   2.959519    313.774    308.386     0.1196    -0.0032     0.1091    911.606   78.84662   -5.03341    34.8645    34.8640 0.0000e+00
    531.000     0.4850     0.4852   2.959446   2.959431    313.142    308.584     0.1197    -0.0022     0.1085    912.688   78.84662   -5.03343    34.8646    34.8641 0.0000e+00
    532.000     0.4842     0.4845   2.959421   2.959414    313.523    308.422     0.1198    -0.0030     0.1080    913.777   78.84662   -5.03345    34.8645    34.8641 0.0000e+00
    533.000     0.4830     0.4832   2.959365   2.959368    313.824    308.497     0.1198    -0.0032     0.1083    914.881   78.84662   -5.03347    34.8646    34.8644 0.0000e+00
    534.000     0.4830     0.4831   2.959426   2.959413    313.546    308.520     0.1199    -0.0024     0.1086    916.001   78.84663   -5.03349    34.8648    34.8645 0.0000e+00
    535.000     0.4837     0.4836   2.959533   2.959525    314.186    307.997     0.1200    -0.0038     0.1081    917.134   78.84664   -5.03350    34.8649    34.8648 0.0000e+00
    536.000     0.4885     0.4884   2.960057   2.960039    314.242    308.287     0.1200    -0.0044     0.1081    918.287   78.84664   -5.03352    34.8657    34.8655 0.0000e+00
    537.000     0.4882     0.4896   2.960111   2.960195    314.156    308.515     0.1200    -0.0037     0.1081    919.439   78.84664   -5.03352    34.8661    34.8657 0.0000e+00
    538.000     0.4818     0.4820   2.959577   2.959569    314.021    308.955     0.1200    -0.0038     0.1087    920.585   78.84664   -5.03355    34.8658    34.8655 0.0000e+00
    539.000     0.4828     0.4827   2.959722   2.959686    313.686    308.714     0.1200     0.0047     0.1086    921.697   78.84664   -5.03357    34.8659    34.8656 0.0000e+00
    540.000     0.4791     0.4791   2.959426   2.959394    313.990    308.538     0.1200     0.0005     0.1088    922.766   78.84664   -5.03359    34.8657    34.8653 0.0000e+00
    541.000     0.4807     0.4807   2.959628   2.959612    313.983    308.546     0.1200    -0.0035     0.1091    923.811   78.84664   -5.03361    34.8659    34.8657 0.0000e+00
    542.000     0.4802     0.4803   2.959648   2.959629    314.067    308.700     0.1199    -0.0023     0.1090    924.857   78.84665   -5.03362    34.8661    34.8658 0.0000e+00
    543.000     0.4798     0.4799   2.959683   2.959640    314.300    308.738     0.1199     0.0035     0.1083    925.918   78.84666   -5.03363    34.8664    34.8658 0.0000e+00
    544.000     0.4727     0.4728   2.959088   2.959069    314.192    308.889     0.1198     0.0077     0.1085    926.999   78.84666   -5.03365    34.8661    34.8658 0.0000e+00
    545.000     0.4698     0.4701   2.958882   2.958870    314.050    308.982     0.1198     0.0011     0.1084    928.111   78.84666   -5.03366    34.8661    34.8657 0.0000e+00
    546.000     0.4672     0.4674   2.958687   2.958665    313.994    308.712     0.1197     0.0034     0.1084    929.266   78.84668   -5.03368    34.8660    34.8654 0.0000e+00
    547.000     0.4680     0.4680   2.958811   2.958803    314.284    308.458     0.1196     0.0019     0.1086    930.467   78.84668   -5.03371    34.8660    34.8659 0.0000e+00
    548.000     0.4728     0.4730   2.959318   2.959319    313.999    308.720     0.1195    -0.0019     0.1089    931.674   78.84668   -5.03373    34.8666    34.8664 0.0000e+00
