test_project/cnv_files/Sta0218_bin.cnv
* Sea-Bird SBE 9 Data File:
* FileName = C:\Seabird\CTDDATA\Sta0218.hex
* Software Version Seasave V 7.26.7.107
* Temperature SN = 03-4535
* Conductivity SN = 2860
* Number of Bytes Per Scan = 44
* Number of Voltage Words = 5
* Number of Scans Averaged by the Deck Unit = 1
* NMEA Latitude = 78 49.92 N
* NMEA Longitude = 013 00.65 W
* NMEA UTC (Time) = Sep 06 2019 04:05:08
* NMEA baud rate = 9600
** Ship: "Kronprins Haakon"
** Station: 0218
** Echodepth: 214
** Log: 5967.92
** Wind-Dir Force(m/s): 29 05
** Air-temp (dry): 0.4
** Weather Sky: 2 6
** Sea Ice: 0 1
# nquan = 17
# nvalues = 201                         
# units = specified
# name 0 = prDM: Pressure, Digiquartz [db]
# name 1 = t090C: Temperature [ITS-90, deg C]
# name 2 = t190C: Temperature, 2 [ITS-90, deg C]
# name 3 = c0S/m: Conductivity [S/m]
# name 4 = c1S/m: Conductivity, 2 [S/m]
# name 5 = sbox0Mm/Kg: Oxygen, SBE 43 [umol/kg]
# name 6 = sbox1Mm/Kg: Oxygen, SBE 43, 2 [umol/kg]
# name 7 = wetCDOM: Fluorescence, WET Labs CDOM [mg/m^3]
# name 8 = flECO-AFL: Fluorescence, WET Labs ECO-AFL/FL [mg/m^3]
# name 9 = CStarAt0: Beam Attenuation, WET Labs C-Star [1/m]
# name 10 = timeS: Time, Elapsed [seconds]
# name 11 = latitude: Latitude [deg]
# name 12 = longitude: Longitude [deg]
# name 13 = upoly0: Upoly 0, ISUS
# name 14 = sal00: Salinity, Practical [PSU]
# name 15 = sal11: Salinity, Practical, 2 [PSU]
# name 16 = flag: flag
# span 0 =      3.000,    203.000       
# span 1 =    -1.6981,     0.0909       
# span 2 =    -1.6980,     0.0908       
# span 3 =   2.430993,   2.868070       
# span 4 =   2.431139,   2.868030       
# span 5 =    307.558,    427.047       
# span 6 =    305.687,    418.531       
# span 7 =     0.1415,     0.1774       
# span 8 =     0.0105,     0.6199       
# span 9 =     0.1583,     0.2754       
# span 10 =     16.698,    302.413      
# span 11 =   78.83195,   78.83214      
# span 12 =  -13.01309,  -13.01096      
# span 13 =  11.910024,  24.933170      
# span 14 =    30.0022,    34.3018      
# span 15 =    30.0080,    34.3014      
# span 16 = 0.0000e+00, 0.0000e+00      
# interval = decibars: 1                
# start_time = Sep 06 2019 04:05:08 [NMEA time, header]
# bad_flag = -9.990e-29
*END*
      3.000    -1.2711    -1.2567   2.432611   2.432477    402.844    400.211     0.1495     0.4773     0.2704     16.698   78.83214  -13.01096  13.305149    30.0427    30.0265 0.0000e+00
      4.000    -1.2439    -1.2347   2.432900   2.433429    403.397    400.579     0.1481     0.3689     0.2754     18.544   78.83214  -13.01096  11.910024    30.0187    30.0167 0.0000e+00
      5.000    -1.2538    -1.2565   2.430993   2.431219    404.350    400.947     0.1476     0.3462     0.2631     19.757   78.83214  -13.01097  12.313919    30.0022    30.0080 0.0000e+00
      6.000    -1.2607    -1.2620   2.431078   2.431139    403.790    399.898     0.1476     0.3267     0.2614     20.751   78.83214  -13.01098  12.777327    30.0098    30.0119 0.0000e+00
      7.000    -1.2619    -1.2629   2.431196   2.431307    403.074    398.818     0.1475     0.3250     0.2589     21.748   78.83214  -13.01098  12.196192    30.0120    30.0145 0.0000e+00
      8.000    -1.2683    -1.2669   2.432072   2.431925    403.123    398.189     0.1463     0.3352     0.2595     22.760   78.83214  -13.01099  12.449015    30.0298    30.0264 0.0000e+00
      9.000    -1.2187    -1.2246   2.436155   2.435975    403.763    396.914     0.1458     0.3368     0.2607     23.772   78.83214  -13.01100  12.608587    30.0346    30.0381 0.0000e+00
     10.000    -1.0675    -1.1160   2.445476   2.442786    403.457    395.691     0.1455     0.3274     0.2619     24.804   78.83214  -13.01100  12.483905    30.0081    30.0205 0.0000e+00
     11.000    -1.1227    -1.1085   2.441942   2.442686    409.863    397.776     0.1453     0.3214     0.2612     25.834   78.83214  -13.01101  12.428176    30.0153    30.0111 0.0000e+00
     12.000    -1.2119    -1.2005   2.437610   2.437887    411.701    399.630     0.1454     0.3349     0.2593     26.855   78.83214  -13.01102  13.041088    30.0458    30.0381 0.0000e+00
     13.000    -1.2896    -1.2900   2.433974   2.433967    404.822    399.534     0.1459     0.3479     0.2595     27.864   78.83214  -13.01102  13.450549    30.0741    30.0744 0.0000e+00
     14.000    -1.2912    -1.2905   2.434222   2.434206    398.582    397.106     0.1467     0.3597     0.2621     28.866   78.83214  -13.01103  13.506953    30.0785    30.0776 0.0000e+00
     15.000    -1.2953    -1.2951   2.435270   2.435272    401.929    397.808     0.1478     0.3678     0.2622     29.872   78.83214  -13.01104  13.513022    30.0963    30.0961 0.0000e+00
     16.000    -1.3129    -1.3117   2.436266   2.436240    407.521    399.110     0.1492     0.3696     0.2654     30.872   78.83214  -13.01104  13.519462    30.1269    30.1254 0.0000e+00
     17.000    -1.3181    -1.3181   2.436705   2.436676    410.302    399.308     0.1506     0.3878     0.2652     31.872   78.83214  -13.01105  13.310408    30.1376    30.1372 0.0000e+00
     18.000    -1.3272    -1.3269   2.438494   2.438437    410.612    399.193     0.1522     0.3975     0.2682     32.876   78.83214  -13.01106  13.343210    30.1705    30.1694 0.0000e+00
     19.000    -1.3337    -1.3336   2.440584   2.440516    410.909    399.348     0.1536     0.3990     0.2679     33.886   78.83214  -13.01107  13.572086    30.2048    30.2038 0.0000e+00
     20.000    -1.3306    -1.3311   2.442246   2.442185    410.391    399.215     0.1551     0.4123     0.2698     34.907   78.83214  -13.01108  13.162382    30.2237    30.2234 0.0000e+00
     21.000    -1.2170    -1.2278   2.464733   2.463977    408.238    397.982     0.1564     0.4245     0.2686     35.928   78.83214  -13.01108  13.501428    30.4124    30.4132 0.0000e+00
     22.000    -1.1344    -1.1411   2.480082   2.478834    409.247    398.625     0.1577     0.4233     0.2695     36.941   78.83214  -13.01109  14.161851    30.5356    30.5256 0.0000e+00
     23.000    -1.0461    -1.0518   2.504383   2.504157    412.395    399.963     0.1589     0.4174     0.2734     37.956   78.83214  -13.01110  13.961102    30.7726    30.7754 0.0000e+00
     24.000    -1.0873    -1.0809   2.544113   2.543785    411.172    401.220     0.1600     0.4500     0.2685     38.988   78.83214  -13.01110  13.821185    31.3519    31.3408 0.0000e+00
     25.000    -1.0790    -1.0791   2.552978   2.552861    409.829    403.725     0.1611     0.5370     0.2643     40.008   78.83214  -13.01111  13.287861    31.4626    31.4611 0.0000e+00
     26.000    -1.0438    -1.0499   2.560524   2.560152    407.397    405.160     0.1621     0.6199     0.2603     41.006   78.83214  -13.01112  14.187968    31.5271    31.5284 0.0000e+00
     27.000    -0.8510    -0.8573   2.588627   2.588274    409.356    406.985     0.1630     0.5888     0.2608     41.986   78.83214  -13.01112  14.304818    31.7030    31.7048 0.0000e+00
     28.000    -0.8445    -0.8420   2.596252   2.596165    419.535    413.095     0.1638     0.4441     0.2610     42.980   78.83214  -13.01113  13.920038    31.7983    31.7944 0.0000e+00
     29.000    -0.8871    -0.8864   2.594444   2.594382    427.047    416.796     0.1645     0.4111     0.2574     43.990   78.83214  -13.01114  14.268875    31.8183    31.8168 0.0000e+00
     30.000    -0.8898    -0.8896   2.594354   2.594306    423.021    416.915     0.1651     0.4725     0.2516     45.001   78.83214  -13.01114  14.373835    31.8194    31.8185 0.0000e+00
     31.000    -0.9178    -0.9163   2.592817   2.592763    420.806    418.531     0.1656     0.4972     0.2424     46.009   78.83214  -13.01115  13.538341    31.8277    31.8254 0.0000e+00
     32.000    -0.9024    -0.9045   2.596319   2.596257    421.962    418.481     0.1662     0.5053     0.2370     47.017   78.83214  -13.01116  13.952091    31.8581    31.8595 0.0000e+00
     33.000    -0.9158    -0.9144   2.596465   2.596432    423.692    418.050     0.1667     0.4714     0.2344     48.037   78.83214  -13.01118  13.795989    31.8737    31.8716 0.0000e+00
     34.000    -0.9525    -0.9504   2.594950   2.594923    425.774    418.441     0.1673     0.4252     0.2295     49.051   78.83214  -13.01118  13.821590    31.8915    31.8889 0.0000e+00
     35.000    -0.9822    -0.9820   2.593892   2.593868    425.484    417.719     0.1679     0.4089     0.2235     50.066   78.83214  -13.01118  14.085474    31.9081    31.9076 0.0000e+00
     36.000    -0.9904    -0.9895   2.593855   2.593825    424.590    417.167     0.1684     0.4133     0.2194     51.074   78.83214  -13.01120  14.179468    31.9158    31.9144 0.0000e+00
     37.000    -1.0148    -1.0139   2.593033   2.593000    425.201    417.364     0.1689     0.4170     0.2149     52.075   78.83214  -13.01120  14.305837    31.9300    31.9285 0.0000e+00
     38.000    -1.0318    -1.0316   2.592578   2.592517    425.275    416.247     0.1693     0.4241     0.2122     53.081   78.83214  -13.01120  14.162079    31.9413    31.9403 0.0000e+00
     39.000    -1.0711    -1.0681   2.590182   2.590175    424.737    415.377     0.1697     0.4129     0.2097     54.065   78.83214  -13.01122  13.116328    31.9501    31.9468 0.0000e+00
     40.000    -1.1702    -1.1677   2.583007   2.583004    423.810    415.103     0.1701     0.4196     0.2081     55.071   78.83214  -13.01122  13.140902    31.9578    31.9550 0.0000e+00
     41.000    -1.1937    -1.1935   2.581587   2.581475    420.171    412.118     0.1704     0.4884     0.2043     56.071   78.83214  -13.01122  14.197567    31.9629    31.9612 0.0000e+00
     42.000    -1.2643    -1.2625   2.576880   2.576850    419.191    410.909     0.1707     0.4929     0.2043     57.077   78.83212  -13.01124  14.627054    31.9736    31.9713 0.0000e+00
     43.000    -1.2870    -1.2853   2.575484   2.575463    418.977    409.151     0.1709     0.4863     0.2045     58.094   78.83212  -13.01124  14.313558    31.9783    31.9762 0.0000e+00
     44.000    -1.3302    -1.3299   2.572762   2.572671    419.035    407.846     0.1711     0.4574     0.2054     59.107   78.83212  -13.01124  14.123407    31.9868    31.9852 0.0000e+00
     45.000    -1.3482    -1.3478   2.571696   2.571649    418.754    406.534     0.1713     0.4490     0.2041     60.119   78.83212  -13.01126  14.104072    31.9909    31.9898 0.0000e+00
     46.000    -1.3569    -1.3566   2.571239   2.571201    417.557    405.073     0.1715     0.4260     0.2043     61.131   78.83212  -13.01126  14.394494    31.9934    31.9925 0.0000e+00
     47.000    -1.3667    -1.3658   2.570748   2.570730    416.620    403.795     0.1716     0.4208     0.2043     62.139   78.83212  -13.01128  15.040179    31.9966    31.9954 0.0000e+00
     48.000    -1.3787    -1.3782   2.569373   2.570176    415.551    403.277     0.1717     0.4099     0.2040     63.160   78.83212  -13.01128  15.229685    31.9900    32.0004 0.0000e+00
     49.000    -1.3997    -1.3985   2.569157   2.569125    413.936    402.969     0.1718     0.3760     0.2027     64.168   78.83212  -13.01128  14.324624    32.0090    32.0073 0.0000e+00
     50.000    -1.4202    -1.4195   2.568134   2.568107    412.863    402.514     0.1718     0.3452     0.2003     65.170   78.83212  -13.01130  15.020341    32.0164    32.0152 0.0000e+00
     51.000    -1.4373    -1.4366   2.567329   2.567306    411.347    401.599     0.1719     0.3272     0.1984     66.168   78.83212  -13.01130  15.004745    32.0231    32.0221 0.0000e+00
     52.000    -1.4578    -1.4572   2.566432   2.566394    410.136    400.746     0.1719     0.3252     0.1982     67.165   78.83212  -13.01130  14.934176    32.0322    32.0311 0.0000e+00
     53.000    -1.4713    -1.4707   2.565944   2.565926    409.134    399.698     0.1720     0.2886     0.1953     68.172   78.83212  -13.01132  15.217730    32.0395    32.0386 0.0000e+00
     54.000    -1.4921    -1.4907   2.565105   2.565106    408.044    398.969     0.1720     0.2800     0.1937     69.179   78.83212  -13.01132  15.767420    32.0497    32.0483 0.0000e+00
     55.000    -1.5178    -1.5165   2.563849   2.563842    407.791    398.136     0.1720     0.2650     0.1896     70.181   78.83212  -13.01132  16.362694    32.0596    32.0580 0.0000e+00
     56.000    -1.5343    -1.5338   2.563152   2.563117    406.883    396.879     0.1721     0.2078     0.1856     71.190   78.83212  -13.01134  16.349953    32.0672    32.0661 0.0000e+00
     57.000    -1.5435    -1.5434   2.562964   2.562935    406.148    395.450     0.1721     0.1864     0.1834     72.206   78.83212  -13.01134  15.095860    32.0739    32.0734 0.0000e+00
     58.000    -1.5471    -1.5469   2.563017   2.562987    404.669    394.525     0.1721     0.1828     0.1836     73.229   78.83212  -13.01136  16.336665    32.0779    32.0773 0.0000e+00
     59.000    -1.5540    -1.5536   2.562938   2.562928    403.930    393.726     0.1722     0.1557     0.1799     74.245   78.83212  -13.01136  16.309751    32.0837    32.0830 0.0000e+00
     60.000    -1.5786    -1.5777   2.561895   2.561892    403.611    393.443     0.1722     0.1313     0.1759     75.252   78.83212  -13.01136  15.855325    32.0952    32.0942 0.0000e+00
     61.000    -1.5815    -1.5814   2.562184   2.562161    401.573    392.461     0.1722     0.1188     0.1746     76.263   78.83212  -13.01138  15.791731    32.1017    32.1013 0.0000e+00
     62.000    -1.5908    -1.5905   2.562148   2.562127    399.764    391.537     0.1723     0.1051     0.1723     77.278   78.83212  -13.01138  16.143913    32.1106    32.1100 0.0000e+00
     63.000    -1.6009    -1.6006   2.562011   2.562001    399.758    390.837     0.1724     0.0938     0.1709     78.291   78.83212  -13.01138  16.215046    32.1191    32.1186 0.0000e+00
     64.000    -1.6086    -1.6084   2.562249   2.562236    398.861    389.948     0.1725     0.0965     0.1691     79.295   78.83212  -13.01140  16.558535    32.1301    32.1297 0.0000e+00
     65.000    -1.6192    -1.6187   2.562241   2.562216    398.469    389.431     0.1725     0.0902     0.1668     80.295   78.83212  -13.01140  16.572377    32.1409    32.1400 0.0000e+00
     66.000    -1.6282    -1.6280   2.562387   2.562368    398.063    389.286     0.1727     0.0891     0.1657     81.304   78.83212  -13.01142  16.329281    32.1520    32.1515 0.0000e+00
     67.000    -1.6343    -1.6342   2.562655   2.562639    397.419    389.063     0.1728     0.0831     0.1663     82.314   78.83212  -13.01142  16.597487    32.1617    32.1613 0.0000e+00
     68.000    -1.6390    -1.6387   2.562963   2.562943    397.650    388.490     0.1729     0.0829     0.1646     83.325   78.83212  -13.01142  16.864936    32.1704    32.1698 0.0000e+00
     69.000    -1.6464    -1.6463   2.563524   2.563503    397.674    388.235     0.1731     0.0824     0.1641     84.326   78.83210  -13.01144  17.174583    32.1856    32.1851 0.0000e+00
     70.000    -1.6497    -1.6496   2.563856   2.563832    397.031    388.077     0.1732     0.0767     0.1642     85.329   78.83210  -13.01144  17.332214    32.1931    32.1926 0.0000e+00
     71.000    -1.6592    -1.6586   2.564181   2.564166    396.204    387.937     0.1734     0.0753     0.1642     86.344   78.83210  -13.01144  17.022476    32.2073    32.2064 0.0000e+00
     72.000    -1.6727    -1.6723   2.564480   2.564466    395.899    387.544     0.1736     0.0705     0.1631     87.357   78.83210  -13.01146  17.434823    32.2254    32.2249 0.0000e+00
     73.000    -1.6756    -1.6757   2.564918   2.564910    395.235    387.163     0.1738     0.0683     0.1625     88.368   78.83210  -13.01146  16.772441    32.2341    32.2340 0.0000e+00
     74.000    -1.6761    -1.6760   2.565377   2.565347    394.960    386.771     0.1740     0.0683     0.1615     89.375   78.83210  -13.01148  16.918460    32.2403    32.2398 0.0000e+00
     75.000    -1.6747    -1.6748   2.566847   2.566825    394.765    386.545     0.1743     0.0646     0.1608     90.377   78.83210  -13.01148  17.174489    32.2584    32.2583 0.0000e+00
     76.000    -1.6702    -1.6705   2.567787   2.567760    394.770    386.069     0.1745     0.0603     0.1605     91.387   78.83210  -13.01148  17.148261    32.2660    32.2659 0.0000e+00
     77.000    -1.6656    -1.6658   2.568749   2.568724    394.494    385.821     0.1747     0.0582     0.1611     92.400   78.83210  -13.01150  17.000033    32.2736    32.2735 0.0000e+00
     78.000    -1.6650    -1.6649   2.569391   2.569369    394.276    385.780     0.1749     0.0549     0.1610     93.413   78.83210  -13.01150  16.940545    32.2813    32.2808 0.0000e+00
     79.000    -1.6710    -1.6706   2.569745   2.569720    393.781    385.614     0.1752     0.0601     0.1601     94.419   78.83210  -13.01150  16.868314    32.2920    32.2913 0.0000e+00
     80.000    -1.6812    -1.6804   2.569649   2.569648    392.032    385.315     0.1754     0.0601     0.1606     95.423   78.83210  -13.01152  17.220672    32.3012    32.3003 0.0000e+00
     81.000    -1.6890    -1.6885   2.569632   2.569619    391.607    384.927     0.1756     0.0607     0.1614     96.434   78.83210  -13.01152  17.556157    32.3088    32.3081 0.0000e+00
     82.000    -1.6981    -1.6980   2.570205   2.570169    391.872    384.467     0.1758     0.0609     0.1607     97.442   78.83210  -13.01152  17.920320    32.3261    32.3254 0.0000e+00
     83.000    -1.6927    -1.6932   2.572335   2.572280    391.454    383.884     0.1760     0.0601     0.1608     98.442   78.83210  -13.01154  17.921396    32.3490    32.3488 0.0000e+00
     84.000    -1.6838    -1.6840   2.574022   2.574006    392.299    383.796     0.1763     0.0550     0.1607     99.442   78.83210  -13.01154  17.634012    32.3620    32.3621 0.0000e+00
     85.000    -1.6809    -1.6810   2.574956   2.574930    392.813    383.892     0.1765     0.0536     0.1613    100.444   78.83210  -13.01156  17.352864    32.3712    32.3709 0.0000e+00
     86.000    -1.6811    -1.6811   2.575858   2.575839    392.137    383.850     0.1766     0.0536     0.1599    101.462   78.83210  -13.01156  17.271022    32.3833    32.3830 0.0000e+00
     87.000    -1.6829    -1.6830   2.577506   2.577451    390.848    383.454     0.1768     0.0494     0.1599    102.474   78.83210  -13.01156  17.198707    32.4074    32.4067 0.0000e+00
