test_project/cnv_files/Sta0211_bin.cnv
* Sea-Bird SBE 9 Data File:
* FileName = C:\Seabird\CTDDATA\Sta0211.hex
* Software Version Seasave V 7.26.7.107
* Temperature SN = 03-4535
* Conductivity SN = 2860
* Number of Bytes Per Scan = 44
* Number of Voltage Words = 5
* Number of Scans Averaged by the Deck Unit = 1
* NMEA Latitude = 78 49.95 N
* NMEA Longitude = 009 30.15 W
* NMEA UTC (Time) = Sep 05 2019 17:23:53
* NMEA baud rate = 9600
** Ship: "Kronprins Haakon"
** Station: 0211
** Echodepth: 190
** Log: 5926.17
** Wind-Dir Force(m/s): 01 09
** Air-temp (dry): -1.4
** Weather Sky: 2 7
** Sea Ice: 0 5
# nquan = 17
# nvalues = 178                         
# units = specified
# name 0 = prDM: Pressure, Digiquartz [db]
# name 1 = t090C: Temperature [ITS-90, deg C]
# name 2 = t190C: Temperature, 2 [ITS-90, deg C]
# name 3 = c0S/m: Conductivity [S/m]
# name 4 = c1S/m: Conductivity, 2 [S/m]
# name 5 = sbox0Mm/Kg: Oxygen, SBE 43 [umol/kg]
# name 6 = sbox1Mm/Kg: Oxygen, SBE 43, 2 [umol/kg]
# name 7 = wetCDOM: Fluorescence, WET Labs CDOM [mg/m^3]
# name 8 = flECO-AFL: Fluorescence, WET Labs ECO-AFL/FL [mg/m^3]
# name 9 = CStarAt0: Beam Attenuation, WET Labs C-Star [1/m]
# name 10 = timeS: Time, Elapsed [seconds]
# name 11 = latitude: Latitude [deg]
# name 12 = longitude: Longitude [deg]
# name 13 = upoly0: Upoly 0, ISUS
# name 14 = sal00: Salinity, Practical [PSU]
# name 15 = sal11: Salinity, Practical, 2 [PSU]
# name 16 = flag: flag
# span 0 =      3.000,    180.000       
# span 1 =    -1.5886,     0.6338       
# span 2 =    -1.5884,     0.6341       
# span 3 =   1.961063,   2.937918       
# span 4 =   2.280011,   2.937903       
# span 5 =    306.628,    412.494       
# span 6 =    305.728,    741.271       
# span 7 =     0.1209,     0.1671       
# span 8 =     0.0112,     1.3647       
# span 9 =     0.1453,     0.3392       
# span 10 =    190.117,    515.748      
# span 11 =   78.83107,   78.83204      
# span 12 =   -9.50581,   -9.50384      
# span 13 =  13.808301,  24.907923      
# span 14 =    23.7903,    34.6258      
# span 15 =    27.9432,    34.6253      
# span 16 = 0.0000e+00, 0.0000e+00      
# interval = decibars: 1                
# start_time = Sep 05 2019 17:23:53 [NMEA time, header]
# bad_flag = -9.990e-29
*END*
[from data line 86]
     89.000    -1.4147    -1.4135   2.709574   2.709523    362.508    355.182     0.1542     0.1252     0.1662    418.780   78.83136   -9.50522  19.220991    33.9308    33.9288 0.0000e+00
     90.000    -1.4277    -1.4272   2.709196   2.709219    363.185    355.493     0.1534     0.1271     0.1648    419.799   78.83136   -9.50522  18.759088    33.9397    33.9394 0.0000e+00
     91.000    -1.4074    -1.4077   2.712524   2.712548    363.826    355.467     0.1525     0.1253     0.1634    420.817   78.83136   -9.50523  18.587440    33.9619    33.9625 0.0000e+00
     92.000    -1.3966    -1.3966   2.715490   2.715485    365.789    356.694     0.1516     0.1182     0.1634    421.827   78.83136   -9.50524  19.027182    33.9899    33.9898 0.0000e+00
     93.000    -1.3950    -1.3949   2.716379   2.716356    368.017    357.581     0.1507     0.1156     0.1617    422.840   78.83136   -9.50524  18.779930    33.9997    33.9992 0.0000e+00
     94.000    -1.3910    -1.3910   2.717595   2.717514    366.483    356.972     0.1498     0.1154     0.1610    423.868   78.83135   -9.50524  18.764619    34.0113    34.0102 0.0000e+00
     95.000    -1.3881    -1.3880   2.718274   2.718226    363.362    355.484     0.1489     0.1159     0.1610    424.889   78.83134   -9.50525  19.570529    34.0167    34.0159 0.0000e+00
     96.000    -1.3812    -1.3813   2.719767   2.719706    361.081    354.235     0.1479     0.1154     0.1597    425.911   78.83134   -9.50526  19.932514    34.0288    34.0281 0.0000e+00
     97.000    -1.3724    -1.3727   2.721835   2.721750    359.700    353.563     0.1470     0.1152     0.1585    426.930   78.83134   -9.50526  19.868740    34.0466    34.0458 0.0000e+00
     98.000    -1.3701    -1.3700   2.722792   2.722737    358.603    353.001     0.1461     0.1156     0.1575    427.953   78.83134   -9.50527  19.791152    34.0566    34.0557 0.0000e+00
     99.000    -1.3697    -1.3695   2.723552   2.723534    357.671    352.128     0.1452     0.1106     0.1571    428.983   78.83133   -9.50528  19.639350    34.0659    34.0655 0.0000e+00
    100.000    -1.3687    -1.3683   2.723921   2.723900    356.456    351.058     0.1443     0.1013     0.1552    430.012   78.83132   -9.50528  19.170516    34.0692    34.0685 0.0000e+00
    101.000    -1.3702    -1.3698   2.724149   2.724141    355.251    350.031     0.1434     0.1035     0.1551    431.038   78.83132   -9.50530  18.966227    34.0735    34.0729 0.0000e+00
    102.000    -1.3740    -1.3736   2.724238   2.724207    354.547    349.029     0.1425     0.1142     0.1544    432.063   78.83132   -9.50530  20.022407    34.0784    34.0775 0.0000e+00
    103.000    -1.3811    -1.3809   2.723905   2.723873    354.421    348.882     0.1417     0.1010     0.1540    433.096   78.83132   -9.50530  19.947240    34.0813    34.0806 0.0000e+00
    104.000    -1.3574    -1.3594   2.726694   2.726588    354.163    348.275     0.1409     0.0978     0.1527    434.132   78.83132   -9.50530  20.055800    34.0921    34.0929 0.0000e+00
    105.000    -1.3384    -1.3383   2.729476   2.729411    354.249    348.210     0.1402     0.0999     0.1527    435.161   78.83132   -9.50532  20.094577    34.1081    34.1070 0.0000e+00
    106.000    -1.3383    -1.3381   2.730353   2.730299    355.478    348.821     0.1395     0.0917     0.1518    436.185   78.83132   -9.50532  20.314121    34.1194    34.1185 0.0000e+00
    107.000    -1.3361    -1.3360   2.731234   2.731185    354.712    348.139     0.1388     0.0899     0.1515    437.216   78.83130   -9.50532  20.556676    34.1284    34.1276 0.0000e+00
    108.000    -1.3349    -1.3347   2.731673   2.731630    352.204    347.019     0.1382     0.0902     0.1507    438.252   78.83130   -9.50534  20.423766    34.1325    34.1316 0.0000e+00
    109.000    -1.3302    -1.3295   2.732648   2.732755    350.472    345.624     0.1375     0.0902     0.1507    439.281   78.83130   -9.50534  20.156213    34.1399    34.1405 0.0000e+00
    110.000    -1.3159    -1.3160   2.734772   2.734704    349.843    344.979     0.1370     0.0854     0.1495    440.310   78.83130   -9.50534  20.239459    34.1522    34.1513 0.0000e+00
    111.000    -1.3111    -1.3114   2.735443   2.735367    349.535    344.502     0.1364     0.0786     0.1495    441.331   78.83130   -9.50536  20.241162    34.1553    34.1545 0.0000e+00
    112.000    -1.2973    -1.2995   2.737235   2.736995    349.316    343.802     0.1359     0.0792     0.1487    442.357   78.83130   -9.50536  20.704937    34.1635    34.1627 0.0000e+00
    113.000    -1.2730    -1.2735   2.739934   2.739885    348.501    342.933     0.1354     0.0761     0.1481    443.391   78.83130   -9.50536  20.921390    34.1722    34.1722 0.0000e+00
    114.000    -1.2113    -1.2145   2.746055   2.745920    347.541    341.527     0.1350     0.0712     0.1468    444.422   78.83130   -9.50538  20.932501    34.1852    34.1870 0.0000e+00
    115.000    -1.0888    -1.0937   2.758154   2.757950    346.668    340.663     0.1345     0.0726     0.1459    445.449   78.83128   -9.50538  20.743466    34.2105    34.2133 0.0000e+00
    116.000    -0.9717    -0.9741   2.769342   2.769214    346.726    340.429     0.1341     0.0638     0.1458    446.479   78.83128   -9.50538  21.095580    34.2292    34.2302 0.0000e+00
    117.000    -0.9050    -0.9076   2.775896   2.775715    346.152    340.132     0.1337     0.0532     0.1459    447.517   78.83128   -9.50540  21.959442    34.2420    34.2425 0.0000e+00
    118.000    -0.8402    -0.8396   2.782053   2.782240    341.116    338.166     0.1333     0.0560     0.1454    448.551   78.83128   -9.50540  21.667968    34.2514    34.2532 0.0000e+00
    119.000    -0.6644    -0.6754   2.799089   2.798281    333.388    334.657     0.1330     0.0666     0.1454    449.583   78.83127   -9.50540  20.908144    34.2819    34.2835 0.0000e+00
    120.000    -0.5577    -0.5639   2.809576   2.808981    331.266    333.367     0.1326     0.0598     0.1453    450.607   78.83126   -9.50541  21.943368    34.3019    34.3009 0.0000e+00
    121.000    -0.4645    -0.4699   2.819368   2.818984    331.815    333.120     0.1323     0.0525     0.1467    451.638   78.83126   -9.50542  21.692763    34.3276    34.3285 0.0000e+00
    122.000    -0.3811    -0.3833   2.827944   2.827752    328.548    331.916     0.1320     0.0526     0.1479    452.668   78.83126   -9.50542  21.792151    34.3477    34.3476 0.0000e+00
    123.000    -0.3291    -0.3297   2.833527   2.833399    324.774    330.341     0.1317     0.0526     0.1476    453.701   78.83126   -9.50543  21.849004    34.3631    34.3621 0.0000e+00
    124.000    -0.2796    -0.2799   2.838929   2.838803    321.373    327.931     0.1314     0.0452     0.1478    454.732   78.83126   -9.50544  21.869170    34.3788    34.3775 0.0000e+00
    125.000    -0.2398    -0.2398   2.843765   2.843654    319.261    325.703     0.1311     0.0452     0.1480    455.758   78.83126   -9.50544  22.210107    34.3979    34.3964 0.0000e+00
    126.000    -0.1907    -0.1905   2.848844   2.848762    317.978    323.610     0.1309     0.0508     0.1488    456.797   78.83126   -9.50545  22.750687    34.4096    34.4083 0.0000e+00
    127.000    -0.1435    -0.1441   2.853654   2.853499    317.802    321.760     0.1307     0.0422     0.1504    457.836   78.83125   -9.50546  23.101277    34.4198    34.4185 0.0000e+00
    128.000    -0.1152    -0.1156   2.856555   2.856374    317.624    320.028     0.1305     0.0529     0.1517    458.871   78.83124   -9.50546  23.095020    34.4260    34.4240 0.0000e+00
    129.000    -0.0995    -0.0984   2.858166   2.858145    317.211    318.739     0.1303     0.0420     0.1525    459.904   78.83124   -9.50547  22.746588    34.4291    34.4276 0.0000e+00
    130.000    -0.0914    -0.0913   2.859009   2.858874    316.394    317.797     0.1301     0.0264     0.1540    460.935   78.83124   -9.50548  23.108977    34.4305    34.4286 0.0000e+00
    131.000    -0.0843    -0.0843   2.859744   2.859610    316.131    317.100     0.1300     0.0262     0.1549    461.978   78.83124   -9.50548  23.226820    34.4317    34.4300 0.0000e+00
    132.000    -0.0787    -0.0777   2.860332   2.860310    316.288    316.541     0.1298     0.0276     0.1597    463.008   78.83124   -9.50548  23.576458    34.4326    34.4312 0.0000e+00
    133.000    -0.0182    -0.0251   2.866660   2.866083    316.708    315.895     0.1297     0.0240     0.1570    464.037   78.83124   -9.50550  23.401471    34.4478    34.4479 0.0000e+00
    134.000     0.1139     0.1057   2.880583   2.879961    316.824    314.858     0.1296     0.0256     0.1561    465.066   78.83124   -9.50550  23.274081    34.4830    34.4840 0.0000e+00
    135.000     0.2208     0.2161   2.891889   2.891485    319.442    315.643     0.1295     0.0326     0.1576    466.098   78.83122   -9.50550  23.437671    34.5115    34.5114 0.0000e+00
    136.000     0.2579     0.2568   2.895875   2.895661    320.742    316.259     0.1294     0.0364     0.1607    467.127   78.83122   -9.50552  23.441736    34.5217    34.5201 0.0000e+00
    137.000     0.2867     0.2853   2.898977   2.898726    316.310    314.924     0.1293     0.0290     0.1694    468.157   78.83122   -9.50552  23.519313    34.5295    34.5279 0.0000e+00
    138.000     0.3021     0.3030   2.900658   2.900630    310.279    312.771     0.1292     0.0236     0.1660    469.187   78.83122   -9.50552  24.073925    34.5338    34.5324 0.0000e+00
    139.000     0.3100     0.3108   2.901529   2.901474    307.125    310.751     0.1291     0.0232     0.1672    470.218   78.83122   -9.50554  23.390766    34.5358    34.5341 0.0000e+00
    140.000     0.3226     0.3212   2.902898   2.902646    306.628    309.379     0.1290     0.0241     0.1670    471.257   78.83120   -9.50554  23.928994    34.5391    34.5373 0.0000e+00
    141.000     0.3327     0.3325   2.904015   2.903835    307.753    308.868     0.1289     0.0294     0.1690    472.296   78.83120   -9.50554  23.900886    34.5418    34.5396 0.0000e+00
    142.000     0.3403     0.3399   2.904841   2.904663    309.627    308.777     0.1288     0.0238     0.1721    473.330   78.83120   -9.50554  23.544597    34.5435    34.5416 0.0000e+00
    143.000     0.3482     0.3476   2.905728   2.905543    310.558    308.685     0.1287     0.0116     0.1726    474.368   78.83120   -9.50556  23.697297    34.5456    34.5439 0.0000e+00
    144.000     0.3517     0.3519   2.906158   2.906010    311.044    308.696     0.1286     0.0216     0.1759    475.405   78.83120   -9.50556  23.902143    34.5468    34.5446 0.0000e+00
    145.000     0.3546     0.3549   2.906483   2.906363    311.399    308.539     0.1284     0.0290     0.1776    476.445   78.83120   -9.50556  23.651442    34.5472    34.5453 0.0000e+00
    146.000     0.3593     0.3595   2.907018   2.906890    311.858    308.520     0.1283     0.0250     0.1790    477.485   78.83120   -9.50558  23.544866    34.5484    34.5464 0.0000e+00
    147.000     0.3645     0.3645   2.907612   2.907474    312.332    308.989     0.1282     0.0237     0.1801    478.521   78.83119   -9.50558  24.280773    34.5497    34.5479 0.0000e+00
    148.000     0.3716     0.3712   2.908435   2.908253    312.419    308.664     0.1280     0.0237     0.1810    479.562   78.83118   -9.50559  24.278909    34.5520    34.5500 0.0000e+00
    149.000     0.3863     0.3849   2.910062   2.909816    312.276    308.660     0.1279     0.0194     0.1827    480.602   78.83118   -9.50560  24.215782    34.5562    34.5546 0.0000e+00
    150.000     0.4047     0.4040   2.912096   2.911899    312.608    308.403     0.1277     0.0162     0.1833    481.620   78.83118   -9.50560  23.793976    34.5617    34.5598 0.0000e+00
    151.000     0.4143     0.4145   2.913182   2.913045    313.186    308.415     0.1276     0.0167     0.1838    482.705   78.83118   -9.50561  24.055615    34.5645    34.5625 0.0000e+00
    152.000     0.4170     0.4173   2.913504   2.913373    312.802    308.424     0.1276     0.0128     0.1842    483.675   78.83118   -9.50562  23.823673    34.5651    34.5631 0.0000e+00
    153.000     0.4238     0.4233   2.914254   2.914089    312.368    307.973     0.1277     0.0131     0.1854    484.575   78.83117   -9.50562  23.633745    34.5667    34.5652 0.0000e+00
    154.000     0.4425     0.4408   2.916286   2.916034    311.605    307.564     0.1279     0.0240     0.1855    485.639   78.83116   -9.50562  24.002248    34.5717    34.5704 0.0000e+00
    155.000     0.4669     0.4656   2.918926   2.918710    311.545    307.328     0.1283     0.0240     0.1866    486.700   78.83116   -9.50563  24.907923    34.5784    34.5771 0.0000e+00
    156.000     0.4841     0.4833   2.920812   2.920630    312.310    307.559     0.1289     0.0254     0.1874    487.761   78.83116   -9.50564  24.419034    34.5833    34.5817 0.0000e+00
    157.000     0.5048     0.5025   2.923094   2.922773    311.972    307.481     0.1297     0.0285     0.1867    488.806   78.83116   -9.50564  24.373406    34.5893    34.5877 0.0000e+00
    158.000     0.5141     0.5142   2.924160   2.924000    311.085    307.161     0.1306     0.0173     0.1867    489.860   78.83116   -9.50565  23.851516    34.5921    34.5900 0.0000e+00
    159.000     0.5177     0.5178   2.924581   2.924459    310.524    306.977     0.1316     0.0175     0.1870    490.911   78.83116   -9.50566  23.550144    34.5931    34.5913 0.0000e+00
    160.000     0.5217     0.5215   2.925045   2.924896    310.051    306.635     0.1327     0.0234     0.1868    491.961   78.83115   -9.50566  23.493515    34.5941    34.5923 0.0000e+00
    161.000     0.5261     0.5262   2.925564   2.925432    309.984    306.561     0.1335     0.0234     0.1875    493.008   78.83114   -9.50567  24.188840    34.5953    34.5935 0.0000e+00
    162.000     0.5310     0.5308   2.926128   2.925988    310.282    306.482     0.1341     0.0112     0.1876    494.055   78.83114   -9.50568  24.198782    34.5966    34.5949 0.0000e+00
    163.000     0.5364     0.5365   2.926754   2.926632    310.712    306.248     0.1343     0.0222     0.1882    495.107   78.83114   -9.50568  24.181977    34.5981    34.5964 0.0000e+00
    164.000     0.5396     0.5402   2.927134   2.927056    311.336    306.402     0.1340     0.0242     0.1883    496.160   78.83114   -9.50568  24.342560    34.5990    34.5972 0.0000e+00
    165.000     0.5432     0.5427   2.927580   2.927381    311.609    306.189     0.1332     0.0241     0.1890    497.213   78.83114   -9.50570  24.359021    34.6001    34.5981 0.0000e+00
    166.000     0.5468     0.5471   2.928005   2.927918    311.308    306.086     0.1319     0.0184     0.1889    498.265   78.83114   -9.50570  24.337559    34.6011    34.5995 0.0000e+00
    167.000     0.5483     0.5489   2.928215   2.928144    311.053    306.350     0.1303     0.0225     0.1887    499.323   78.83114   -9.50570  24.047836    34.6015    34.5999 0.0000e+00
    168.000     0.5517     0.5516   2.928650   2.928494    311.486    306.451     0.1284     0.0186     0.1885    500.387   78.83112   -9.50572  24.574292    34.6027    34.6008 0.0000e+00
    169.000     0.5563     0.5564   2.929182   2.929066    311.699    306.446     0.1266     0.0216     0.1885    501.441   78.83112   -9.50572  24.457776    34.6039    34.6023 0.0000e+00
    170.000     0.5584     0.5584   2.929457   2.929338    311.681    306.480     0.1248     0.0243     0.1893    502.494   78.83112   -9.50572  24.704759    34.6046    34.6031 0.0000e+00
    171.000     0.5636     0.5638   2.930063   2.929957    311.683    306.468     0.1234     0.0243     0.1887    503.549   78.83112   -9.50574  24.795714    34.6061    34.6045 0.0000e+00
    172.000     0.5706     0.5701   2.930867   2.930725    311.660    306.406     0.1223     0.0243     0.1890    504.603   78.83111   -9.50574  24.812761    34.6082    34.6069 0.0000e+00
