test_project/cnv_files/Sta0227_bin.cnv
* Sea-Bird SBE 9 Data File:
* FileName = C:\Seabird\CTDDATA\Sta0227.hex
* Software Version Seasave V 7.26.7.107
* Temperature SN = 03-4535
* Conductivity SN = 2860
* Number of Bytes Per Scan = 44
* Number of Voltage Words = 5
* Number of Scans Averaged by the Deck Unit = 1
* NMEA Latitude = 78 00.16 N
* NMEA Longitude = 016 38.82 W
* NMEA UTC (Time) = Sep 08 2019 09:21:55
* NMEA baud rate = 9600
** Ship: "Kronprins Haakon"
** Station: 0227
** Echodepth: 483
** Log: 6079.04
** Wind-Dir Force(m/s): 32 09
** Air-temp (dry): -4.0
** Weather Sky: 0 1
** Sea Ice: 1 5
# nquan = 17
# nvalues = 467                         
# units = specified
# name 0 = prDM: Pressure, Digiquartz [db]
# name 1 = t090C: Temperature [ITS-90, deg C]
# name 2 = t190C: Temperature, 2 [ITS-90, deg C]
# name 3 = c0S/m: Conductivity [S/m]
# name 4 = c1S/m: Conductivity, 2 [S/m]
# name 5 = sbox0Mm/Kg: Oxygen, SBE 43 [umol/kg]
# name 6 = sbox1Mm/Kg: Oxygen, SBE 43, 2 [umol/kg]
# name 7 = wetCDOM: Fluorescence, WET Labs CDOM [mg/m^3]
# name 8 = flECO-AFL: Fluorescence, WET Labs ECO-AFL/FL [mg/m^3]
# name 9 = CStarAt0: Beam Attenuation, WET Labs C-Star [1/m]
# name 10 = timeS: Time, Elapsed [seconds]
# name 11 = latitude: Latitude [deg]
# name 12 = longitude: Longitude [deg]
# name 13 = upoly0: Upoly 0, ISUS
# name 14 = sal00: Salinity, Practical [PSU]
# name 15 = sal11: Salinity, Practical, 2 [PSU]
# name 16 = flag: flag
# span 0 =     10.000,    476.000       
# span 1 =    -1.6616,     1.6898       
# span 2 =    -1.6616,     1.6892       
# span 3 =   0.831620,   3.056405       
# span 4 =   2.364311,   3.056270       
# span 5 =    238.558,    424.846       
# span 6 =    296.251,    411.782       
# span 7 =     0.1194,     0.1794       
# span 8 =    -0.0020,     0.6508       
# span 9 =     0.1390,     0.2627       
# span 10 =    186.567,   1005.993      
# span 11 =   78.00288,   78.00320      
# span 12 =  -16.64536,  -16.63941      
# span 13 =  13.028017,  25.904781      
# span 14 =     9.0711,    34.9134      
# span 15 =    28.9932,    34.9128      
# span 16 = 0.0000e+00, 0.0000e+00      
# interval = decibars: 1                
# start_time = Sep 08 2019 09:21:55 [NMEA time, header]
# bad_flag = -9.990e-29
*END*
[from data line 86]
     96.000    -1.5371    -1.5367   2.680475   2.680445    363.373    354.163     0.1660     0.0319     0.1632    594.628   78.00304  -16.64225  19.700559    33.6634    33.6625 0.0000e+00
     97.000    -1.5396    -1.5399   2.681762   2.681738    361.428    353.158     0.1653     0.0412     0.1623    595.659   78.00304  -16.64224  19.762813    33.6833    33.6833 0.0000e+00
     98.000    -1.5422    -1.5420   2.682392   2.682370    359.897    352.397     0.1645     0.0454     0.1617    596.691   78.00304  -16.64224  20.221124    33.6944    33.6938 0.0000e+00
     99.000    -1.5556    -1.5548   2.682386   2.682379    359.529    352.334     0.1638     0.0413     0.1614    597.721   78.00304  -16.64223  19.148370    33.7088    33.7078 0.0000e+00
    100.000    -1.5019    -1.5031   2.688106   2.688073    358.973    351.497     0.1631     0.0346     0.1609    598.754   78.00304  -16.64222  19.708492    33.7265    33.7274 0.0000e+00
    101.000    -1.5413    -1.5409   2.686161   2.686157    359.988    352.017     0.1624     0.0354     0.1604    599.783   78.00304  -16.64222  19.629771    33.7436    33.7431 0.0000e+00
    102.000    -1.4901    -1.4914   2.691425   2.691372    359.809    350.957     0.1617     0.0352     0.1604    600.817   78.00305  -16.64221  19.805968    33.7577    33.7585 0.0000e+00
    103.000    -1.4252    -1.4273   2.698044   2.698000    358.263    350.032     0.1610     0.0311     0.1614    601.857   78.00306  -16.64220  20.132608    33.7749    33.7767 0.0000e+00
    104.000    -1.3170    -1.3205   2.708269   2.708257    358.187    349.232     0.1603     0.0309     0.1624    602.890   78.00306  -16.64220  19.901606    33.7926    33.7964 0.0000e+00
    105.000    -1.2778    -1.2760   2.713683   2.713658    358.472    349.679     0.1597     0.0304     0.1628    603.927   78.00306  -16.64219  20.178366    33.8220    33.8197 0.0000e+00
    106.000    -1.2996    -1.3010   2.712907   2.712824    357.307    349.434     0.1590     0.0289     0.1620    604.962   78.00306  -16.64218  20.182082    33.8354    33.8358 0.0000e+00
    107.000    -1.1688    -1.1742   2.725713   2.725548    348.925    344.789     0.1583     0.0269     0.1602    605.998   78.00306  -16.64218  20.240350    33.8625    33.8664 0.0000e+00
    108.000    -1.1115    -1.1125   2.732183   2.732119    345.783    343.654     0.1576     0.0365     0.1592    607.031   78.00306  -16.64216  20.686207    33.8856    33.8859 0.0000e+00
    109.000    -1.1166    -1.1157   2.732619   2.732589    347.675    343.926     0.1570     0.0306     0.1589    608.059   78.00306  -16.64216  21.402549    33.8967    33.8953 0.0000e+00
    110.000    -1.1618    -1.1587   2.729686   2.729645    345.805    342.543     0.1563     0.0284     0.1589    609.088   78.00306  -16.64214  21.565671    33.9071    33.9030 0.0000e+00
    111.000    -1.2755    -1.2751   2.721001   2.720990    342.090    340.960     0.1557     0.0243     0.1668    610.113   78.00306  -16.64214  21.280852    33.9161    33.9155 0.0000e+00
    112.000    -1.0887    -1.0926   2.738317   2.738384    335.547    335.905     0.1550     0.0299     0.1599    611.140   78.00306  -16.64214  20.979155    33.9412    33.9465 0.0000e+00
    113.000    -1.0032    -1.0041   2.746457   2.746444    339.609    336.987     0.1544     0.0241     0.1570    612.172   78.00306  -16.64212  20.970880    33.9550    33.9558 0.0000e+00
    114.000    -1.0077    -1.0012   2.746814   2.747020    349.468    340.953     0.1537     0.0291     0.1568    613.207   78.00306  -16.64212  21.152913    33.9644    33.9597 0.0000e+00
    115.000    -1.2105    -1.2061   2.729946   2.729955    350.605    342.553     0.1531     0.0243     0.1564    614.242   78.00306  -16.64212  21.074599    33.9627    33.9579 0.0000e+00
    116.000    -1.1863    -1.1886   2.732355   2.732282    339.201    336.769     0.1525     0.0289     0.1565    615.281   78.00306  -16.64210  21.093346    33.9676    33.9692 0.0000e+00
    117.000    -1.1637    -1.1671   2.735038   2.734770    335.119    334.624     0.1518     0.0362     0.1564    616.324   78.00306  -16.64210  20.955715    33.9782    33.9783 0.0000e+00
    118.000    -1.1019    -1.1063   2.741024   2.740780    342.400    336.265     0.1512     0.0380     0.1559    617.366   78.00306  -16.64210  20.945407    33.9894    33.9910 0.0000e+00
    119.000    -0.9650    -0.9699   2.753943   2.753819    347.522    337.122     0.1506     0.0246     0.1556    618.402   78.00306  -16.64208  21.047760    34.0100    34.0139 0.0000e+00
    120.000    -0.8641    -0.8629   2.763429   2.763540    350.140    338.642     0.1500     0.0242     0.1551    619.433   78.00306  -16.64208  21.034934    34.0244    34.0245 0.0000e+00
    121.000    -0.7899    -0.7918   2.770536   2.770519    349.886    339.391     0.1494     0.0302     0.1550    620.461   78.00306  -16.64206  21.755586    34.0364    34.0382 0.0000e+00
    122.000    -0.7256    -0.7271   2.776872   2.776794    343.693    337.409     0.1488     0.0271     0.1555    621.489   78.00306  -16.64206  22.192137    34.0490    34.0496 0.0000e+00
    123.000    -0.6959    -0.6953   2.779825   2.779847    337.279    334.735     0.1482     0.0200     0.1557    622.515   78.00306  -16.64206  21.900694    34.0548    34.0544 0.0000e+00
    124.000    -0.8027    -0.7964   2.772649   2.772601    332.830    333.137     0.1477     0.0231     0.1559    623.541   78.00306  -16.64204  22.180277    34.0776    34.0698 0.0000e+00
    125.000    -0.8588    -0.8592   2.769620   2.769564    328.351    330.144     0.1471     0.0361     0.1560    624.573   78.00306  -16.64204  22.442482    34.0993    34.0990 0.0000e+00
    126.000    -0.8350    -0.8367   2.773433   2.773346    323.675    326.655     0.1465     0.0291     0.1560    625.612   78.00306  -16.64203  21.617809    34.1236    34.1243 0.0000e+00
    127.000    -0.7855    -0.7858   2.779020   2.778992    329.336    327.824     0.1460     0.0218     0.1555    626.661   78.00306  -16.64202  21.717327    34.1427    34.1426 0.0000e+00
    128.000    -0.7658    -0.7665   2.781363   2.781350    338.282    330.433     0.1454     0.0158     0.1543    627.708   78.00306  -16.64202  21.841669    34.1515    34.1520 0.0000e+00
    129.000    -0.6310    -0.6333   2.794579   2.794624    340.145    330.033     0.1449     0.0156     0.1531    628.753   78.00306  -16.64201  21.938473    34.1771    34.1803 0.0000e+00
    130.000    -0.5168    -0.5218   2.805494   2.805249    339.679    330.316     0.1444     0.0105     0.1529    629.797   78.00306  -16.64200  21.970452    34.1946    34.1969 0.0000e+00
    131.000    -0.4357    -0.4368   2.813279   2.813154    339.699    330.928     0.1439     0.0154     0.1527    630.828   78.00306  -16.64200  22.406105    34.2071    34.2068 0.0000e+00
    132.000    -0.5023    -0.4992   2.808208   2.808149    337.471    331.195     0.1433     0.0105     0.1522    631.853   78.00306  -16.64199  22.877819    34.2135    34.2092 0.0000e+00
    133.000    -0.4889    -0.4909   2.809874   2.809816    329.362    327.887     0.1428     0.0214     0.1520    632.874   78.00306  -16.64198  23.029856    34.2201    34.2216 0.0000e+00
    134.000    -0.3479    -0.3524   2.822941   2.822967    320.852    323.177     0.1423     0.0153     0.1525    633.888   78.00306  -16.64197  23.044123    34.2359    34.2412 0.0000e+00
    135.000    -0.1517    -0.1534   2.841588   2.841662    322.730    322.659     0.1418     0.0213     0.1530    634.911   78.00306  -16.64196  22.686878    34.2636    34.2664 0.0000e+00
    136.000    -0.0655    -0.0677   2.849722   2.849558    330.605    325.301     0.1414     0.0135     0.1529    635.941   78.00306  -16.64196  23.275184    34.2744    34.2747 0.0000e+00
    137.000    -0.0345    -0.0334   2.852798   2.852660    330.709    325.473     0.1409     0.0096     0.1544    636.978   78.00306  -16.64195  23.645026    34.2799    34.2768 0.0000e+00
    138.000    -0.1576    -0.1551   2.842750   2.842722    322.161    322.594     0.1404     0.0128     0.1545    638.028   78.00306  -16.64194  23.719997    34.2838    34.2807 0.0000e+00
    139.000    -0.1310    -0.1319   2.845804   2.845761    310.601    316.387     0.1399     0.0113     0.1555    639.077   78.00306  -16.64194  23.669081    34.2940    34.2945 0.0000e+00
    140.000    -0.0667    -0.0671   2.852231   2.852217    307.550    313.527     0.1394     0.0127     0.1555    640.128   78.00306  -16.64192  23.718039    34.3066    34.3069 0.0000e+00
    141.000     0.0029     0.0022   2.858936   2.858942    315.020    314.898     0.1389     0.0187     0.1546    641.173   78.00306  -16.64192  23.913679    34.3169    34.3177 0.0000e+00
    142.000     0.0352     0.0355   2.862436   2.862355    321.423    316.518     0.1384     0.0188     0.1529    642.203   78.00306  -16.64192  24.087450    34.3264    34.3250 0.0000e+00
    143.000     0.0088     0.0100   2.860564   2.860482    322.777    317.477     0.1379     0.0129     0.1520    643.225   78.00306  -16.64190  24.160155    34.3306    34.3282 0.0000e+00
    144.000     0.0170     0.0165   2.861828   2.861733    319.515    315.930     0.1374     0.0141     0.1523    644.239   78.00306  -16.64190  24.344130    34.3375    34.3369 0.0000e+00
    145.000     0.0339     0.0339   2.863596   2.863509    316.362    314.293     0.1370     0.0233     0.1520    645.257   78.00306  -16.64188  23.566010    34.3414    34.3402 0.0000e+00
    146.000     0.0620     0.0612   2.866708   2.866620    317.060    313.891     0.1365     0.0217     0.1566    646.276   78.00306  -16.64188  23.502871    34.3505    34.3503 0.0000e+00
    147.000     0.1142     0.1133   2.871905   2.871811    318.284    313.992     0.1360     0.0164     0.1533    647.303   78.00306  -16.64188  23.239762    34.3601    34.3599 0.0000e+00
    148.000     0.1416     0.1413   2.874714   2.874620    319.747    314.262     0.1356     0.0163     0.1518    648.342   78.00306  -16.64186  23.427933    34.3659    34.3650 0.0000e+00
    149.000     0.1540     0.1553   2.876072   2.876019    319.756    314.357     0.1352     0.0218     0.1518    649.386   78.00306  -16.64186  23.357586    34.3693    34.3671 0.0000e+00
    150.000     0.1481     0.1478   2.875959   2.875890    318.125    313.492     0.1347     0.0107     0.1519    650.442   78.00306  -16.64186  23.444729    34.3738    34.3732 0.0000e+00
    151.000     0.1763     0.1765   2.878891   2.878806    315.532    312.147     0.1343     0.0154     0.1528    651.492   78.00306  -16.64184  23.825858    34.3803    34.3790 0.0000e+00
    152.000     0.1783     0.1785   2.879421   2.879348    315.341    312.023     0.1339     0.0205     0.1527    652.533   78.00306  -16.64184  23.956767    34.3845    34.3833 0.0000e+00
    153.000     0.1915     0.1916   2.880923   2.880848    316.400    311.903     0.1335     0.0043     0.1521    653.562   78.00307  -16.64183  23.807433    34.3889    34.3878 0.0000e+00
    154.000     0.1976     0.1979   2.881790   2.881732    316.947    311.796     0.1332     0.0138     0.1519    654.582   78.00308  -16.64182  23.896001    34.3929    34.3918 0.0000e+00
    155.000     0.2038     0.2030   2.882792   2.882672    316.976    311.706     0.1328     0.0213     0.1522    655.600   78.00308  -16.64181  23.895813    34.3986    34.3979 0.0000e+00
    156.000     0.2467     0.2461   2.886973   2.886898    316.482    311.285     0.1325     0.0181     0.1519    656.621   78.00308  -16.64180  23.785936    34.4050    34.4047 0.0000e+00
    157.000     0.2692     0.2691   2.889342   2.889246    316.817    311.617     0.1322     0.0163     0.1521    657.644   78.00308  -16.64180  24.269189    34.4104    34.4092 0.0000e+00
    158.000     0.2852     0.2852   2.891138   2.891065    317.549    312.051     0.1318     0.0122     0.1518    658.675   78.00308  -16.64179  24.363544    34.4155    34.4146 0.0000e+00
    159.000     0.2952     0.2954   2.892337   2.892264    317.321    311.231     0.1316     0.0096     0.1518    659.716   78.00308  -16.64178  24.061759    34.4195    34.4183 0.0000e+00
    160.000     0.3085     0.3083   2.893774   2.893704    316.124    310.777     0.1313     0.0096     0.1514    660.767   78.00308  -16.64178  24.057381    34.4229    34.4222 0.0000e+00
    161.000     0.3210     0.3212   2.895243   2.895153    315.149    310.444     0.1310     0.0119     0.1513    661.819   78.00308  -16.64177  24.271973    34.4276    34.4262 0.0000e+00
    162.000     0.3293     0.3294   2.896314   2.896240    314.952    310.021     0.1308     0.0089     0.1515    662.864   78.00308  -16.64176  23.894835    34.4318    34.4307 0.0000e+00
    163.000     0.3451     0.3451   2.898010   2.897941    315.010    309.810     0.1305     0.0038     0.1516    663.902   78.00308  -16.64176  24.102346    34.4357    34.4348 0.0000e+00
    164.000     0.3528     0.3530   2.898864   2.898782    314.650    309.790     0.1303     0.0094     0.1540    664.932   78.00308  -16.64175  24.342359    34.4378    34.4365 0.0000e+00
    165.000     0.3584     0.3585   2.899488   2.899410    315.070    310.038     0.1301     0.0127     0.1554    665.956   78.00308  -16.64174  24.674649    34.4391    34.4380 0.0000e+00
    166.000     0.3680     0.3682   2.900695   2.900627    314.816    309.441     0.1299     0.0234     0.1517    666.977   78.00308  -16.64174  24.267056    34.4436    34.4425 0.0000e+00
    167.000     0.3881     0.3879   2.902869   2.902811    314.354    309.343     0.1297     0.0192     0.1512    667.993   78.00308  -16.64173  24.153205    34.4491    34.4485 0.0000e+00
    168.000     0.3980     0.3984   2.903996   2.903915    314.529    309.100     0.1296     0.0030     0.1513    669.019   78.00308  -16.64172  24.367069    34.4521    34.4507 0.0000e+00
    169.000     0.4052     0.4056   2.904891   2.904828    314.864    309.106     0.1294     0.0092     0.1510    670.054   78.00308  -16.64170  24.508572    34.4552    34.4540 0.0000e+00
    170.000     0.4061     0.4064   2.905243   2.905171    314.455    308.780     0.1293     0.0099     0.1514    671.096   78.00308  -16.64170  24.469745    34.4583    34.4570 0.0000e+00
    171.000     0.4133     0.4133   2.906141   2.906072    314.360    308.223     0.1292     0.0139     0.1517    672.144   78.00308  -16.64170  24.329374    34.4614    34.4605 0.0000e+00
    172.000     0.4208     0.4210   2.907016   2.906949    314.191    308.023     0.1291     0.0099     0.1519    673.189   78.00308  -16.64168  24.212780    34.4639    34.4628 0.0000e+00
    173.000     0.4307     0.4308   2.908094   2.908033    314.327    308.327     0.1290     0.0094     0.1534    674.236   78.00308  -16.64168  24.578761    34.4663    34.4654 0.0000e+00
    174.000     0.4410     0.4412   2.909255   2.909194    314.727    308.366     0.1289     0.0095     0.1515    675.277   78.00308  -16.64168  24.692159    34.4694    34.4684 0.0000e+00
    175.000     0.4487     0.4488   2.910145   2.910078    314.843    308.430     0.1288     0.0096     0.1518    676.309   78.00308  -16.64166  24.488815    34.4719    34.4709 0.0000e+00
    176.000     0.4565     0.4568   2.911062   2.910985    314.975    308.423     0.1287     0.0125     0.1519    677.335   78.00308  -16.64166  24.137885    34.4745    34.4732 0.0000e+00
    177.000     0.4610     0.4612   2.911629   2.911557    315.297    308.548     0.1287     0.0112     0.1529    678.351   78.00308  -16.64166  23.943173    34.4764    34.4752 0.0000e+00
    178.000     0.4704     0.4706   2.912768   2.912698    314.664    308.276     0.1286     0.0096     0.1558    679.370   78.00308  -16.64164  23.924153    34.4802    34.4791 0.0000e+00
    179.000     0.4749     0.4752   2.913332   2.913267    314.442    308.243     0.1285     0.0096     0.1526    680.400   78.00308  -16.64164  23.956097    34.4819    34.4808 0.0000e+00
