test_project/cnv_files/sta0241_bin.cnv
* Sea-Bird SBE 9 Data File:
* FileName = C:\Seabird\CTDDATA\Sta0241.hex
* Software Version Seasave V 7.26.7.107
* Temperature SN = 03-4535
* Conductivity SN = 2860
* Number of Bytes Per Scan = 44
* Number of Voltage Words = 5
* Number of Scans Averaged by the Deck Unit = 1
* NMEA Latitude = 78 49.94 N
* NMEA Longitude = 002 00.29 E
* NMEA UTC (Time) = Sep 14 2019 02:37:39
* NMEA baud rate = 9600
** Ship: "Kronprins Haakon"
** Station: 0241
** Echodepth: 2496
** Log: 6451.17
** Wind-Dir Force(m/s): 11 11
** Air-temp (dry): 5.5
** Weather Sky: 2 8
** Sea Ice: 3 0
# nquan = 16
# nvalues = 2528                        
# units = specified
# name 0 = prDM: Pressure, Digiquartz [db]
# name 1 = t090C: Temperature [ITS-90, deg C]
# name 2 = t190C: Temperature, 2 [ITS-90, deg C]
# name 3 = c0S/m: Conductivity [S/m]
# name 4 = c1S/m: Conductivity, 2 [S/m]
# name 5 = sbox0Mm/Kg: Oxygen, SBE 43 [umol/kg]
# name 6 = sbox1Mm/Kg: Oxygen, SBE 43, 2 [umol/kg]
# name 7 = wetCDOM: Fluorescence, WET Labs CDOM [mg/m^3]
# name 8 = flECO-AFL: Fluorescence, WET Labs ECO-AFL/FL [mg/m^3]
# name 9 = CStarAt0: Beam Attenuation, WET Labs C-Star [1/m]
# name 10 = timeS: Time, Elapsed [seconds]
# name 11 = latitude: Latitude [deg]
# name 12 = longitude: Longitude [deg]
# name 13 = sal00: Salinity, Practical [PSU]
# name 14 = sal11: Salinity, Practical, 2 [PSU]
# name 15 = flag: flag
# span 0 =      4.000,   2531.000       
# span 1 =    -0.7251,     5.5279       
# span 2 =    -0.7247,     5.5273       
# span 3 =   2.915976,   3.382788       
# span 4 =   2.916034,   3.382726       
# span 5 =    303.619,    327.593       
# span 6 =    299.641,    320.034       
# span 7 =     0.0947,     0.1292       
# span 8 =    -0.0061,     2.2206       
# span 9 =     0.1211,     0.4419       
# span 10 =    145.007,   2678.168      
# span 11 =   78.83242,   78.83248      
# span 12 =    2.00472,    2.00494      
# span 13 =    34.8490,    35.0436      
# span 14 =    34.8493,    35.0432      
# span 15 = 0.0000e+00, 0.0000e+00      
# interval = decibars: 1                
# start_time = Sep 14 2019 02:37:39 [NMEA time, header]
# bad_flag = -9.990e-29
*END*
[from data line 1899]
   1903.000    -0.6777    -0.6775   2.922523   2.922585    309.722    303.354     0.1197     0.0006     0.1253   2024.750   78.83246    2.00484    34.9155    34.9161 0.0000e+00
   1904.000    -0.6784    -0.6780   2.922501   2.922587    309.504    302.812     0.1195     0.0007     0.1251   2025.724   78.83246    2.00484    34.9155    34.9163 0.0000e+00
   1905.000    -0.6780    -0.6778   2.922585   2.922660    308.929    303.135     0.1194     0.0014     0.1251   2026.701   78.83246    2.00484    34.9156    34.9164 0.0000e+00
   1906.000    -0.6777    -0.6774   2.922651   2.922727    309.214    303.041     0.1192     0.0003     0.1254   2027.675   78.83246    2.00484    34.9156    34.9163 0.0000e+00
   1907.000    -0.6759    -0.6758   2.922869   2.922931    309.784    302.939     0.1191     0.0059     0.1253   2028.650   78.83246    2.00484    34.9159    34.9167 0.0000e+00
   1908.000    -0.6754    -0.6752   2.922954   2.923037    309.683    303.159     0.1190     0.0051     0.1255   2029.614   78.83246    2.00484    34.9160    34.9169 0.0000e+00
   1909.000    -0.6754    -0.6752   2.922997   2.923080    309.957    303.267     0.1189     0.0063     0.1259   2030.565   78.83246    2.00484    34.9159    34.9169 0.0000e+00
   1910.000    -0.6760    -0.6759   2.922989   2.923049    310.037    303.385     0.1188     0.0143     0.1260   2031.512   78.83246    2.00484    34.9160    34.9167 0.0000e+00
   1911.000    -0.6764    -0.6762   2.922994   2.923083    309.829    303.356     0.1188     0.0085     0.1259   2032.460   78.83246    2.00484    34.9160    34.9169 0.0000e+00
   1912.000    -0.6744    -0.6744   2.923226   2.923310    309.407    302.897     0.1187     0.0004     0.1253   2033.416   78.83246    2.00484    34.9162    34.9174 0.0000e+00
   1913.000    -0.6731    -0.6730   2.923387   2.923462    309.355    302.457     0.1187     0.0015     0.1254   2034.393   78.83246    2.00484    34.9164    34.9173 0.0000e+00
   1914.000    -0.6740    -0.6739   2.923354   2.923429    309.348    302.861     0.1186     0.0074     0.1254   2035.388   78.83246    2.00484    34.9165    34.9173 0.0000e+00
   1915.000    -0.6751    -0.6749   2.923299   2.923371    309.446    303.274     0.1186     0.0034     0.1253   2036.380   78.83246    2.00484    34.9164    34.9172 0.0000e+00
   1916.000    -0.6763    -0.6761   2.923224   2.923312    308.778    303.326     0.1186     0.0059     0.1253   2037.357   78.83246    2.00482    34.9163    34.9171 0.0000e+00
   1917.000    -0.6769    -0.6767   2.923214   2.923304    308.677    303.146     0.1187     0.0090     0.1257   2038.312   78.83246    2.00484    34.9163    34.9172 0.0000e+00
   1918.000    -0.6768    -0.6767   2.923259   2.923335    309.133    302.667     0.1187     0.0095     0.1260   2039.253   78.83246    2.00484    34.9162    34.9171 0.0000e+00
   1919.000    -0.6771    -0.6769   2.923273   2.923355    309.366    303.070     0.1187     0.0106     0.1254   2040.194   78.83246    2.00484    34.9161    34.9171 0.0000e+00
   1920.000    -0.6776    -0.6776   2.923266   2.923334    309.479    302.911     0.1188     0.0141     0.1251   2041.149   78.83246    2.00484    34.9161    34.9170 0.0000e+00
   1921.000    -0.6778    -0.6777   2.923301   2.923377    309.234    302.893     0.1188     0.0098     0.1255   2042.126   78.83246    2.00484    34.9162    34.9171 0.0000e+00
   1922.000    -0.6789    -0.6787   2.923231   2.923312    309.030    303.143     0.1189     0.0095     0.1260   2043.110   78.83246    2.00482    34.9161    34.9168 0.0000e+00
   1923.000    -0.6778    -0.6775   2.923386   2.923487    309.405    302.939     0.1190     0.0091     0.1256   2044.090   78.83246    2.00482    34.9162    34.9173 0.0000e+00
   1924.000    -0.6771    -0.6769   2.923488   2.923575    309.202    302.335     0.1191     0.0096     0.1254   2045.052   78.83246    2.00482    34.9163    34.9173 0.0000e+00
   1925.000    -0.6768    -0.6766   2.923557   2.923638    309.038    302.774     0.1192     0.0130     0.1259   2046.002   78.83246    2.00482    34.9164    34.9172 0.0000e+00
   1926.000    -0.6773    -0.6770   2.923556   2.923629    309.119    303.052     0.1193     0.0129     0.1252   2046.957   78.83246    2.00482    34.9163    34.9170 0.0000e+00
   1927.000    -0.6780    -0.6778   2.923524   2.923592    309.003    303.036     0.1194     0.0076     0.1255   2047.923   78.83246    2.00482    34.9162    34.9168 0.0000e+00
   1928.000    -0.6781    -0.6778   2.923563   2.923626    309.303    302.940     0.1195     0.0013     0.1262   2048.892   78.83246    2.00483    34.9163    34.9168 0.0000e+00
   1929.000    -0.6791    -0.6788   2.923509   2.923598    309.337    302.311     0.1197     0.0020     0.1266   2049.857   78.83246    2.00484    34.9162    34.9170 0.0000e+00
   1930.000    -0.6798    -0.6795   2.923488   2.923572    309.425    302.639     0.1198     0.0136     0.1256   2050.814   78.83246    2.00483    34.9161    34.9169 0.0000e+00
   1931.000    -0.6805    -0.6802   2.923467   2.923571    309.162    302.966     0.1200     0.0102     0.1252   2051.776   78.83246    2.00482    34.9160    34.9171 0.0000e+00
   1932.000    -0.6823    -0.6819   2.923338   2.923433    308.778    302.912     0.1202     0.0095     0.1251   2052.743   78.83246    2.00482    34.9159    34.9167 0.0000e+00
   1933.000    -0.6827    -0.6824   2.923352   2.923443    309.520    303.138     0.1203     0.0033     0.1259   2053.717   78.83246    2.00482    34.9159    34.9168 0.0000e+00
   1934.000    -0.6813    -0.6811   2.923519   2.923614    309.416    302.885     0.1205     0.0054     0.1257   2054.689   78.83246    2.00482    34.9161    34.9171 0.0000e+00
   1935.000    -0.6808    -0.6806   2.923612   2.923680    309.545    302.504     0.1207     0.0059     0.1252   2055.663   78.83246    2.00482    34.9162    34.9169 0.0000e+00
   1936.000    -0.6808    -0.6806   2.923649   2.923714    309.807    302.658     0.1209     0.0005     0.1254   2056.636   78.83246    2.00482    34.9162    34.9168 0.0000e+00
   1937.000    -0.6806    -0.6804   2.923706   2.923782    309.442    302.610     0.1211     0.0004     0.1252   2057.601   78.83246    2.00482    34.9162    34.9169 0.0000e+00
   1938.000    -0.6805    -0.6803   2.923757   2.923849    309.472    302.906     0.1213    -0.0001     0.1256   2058.552   78.83246    2.00482    34.9162    34.9171 0.0000e+00
   1939.000    -0.6805    -0.6803   2.923807   2.923894    308.388    302.710     0.1216    -0.0000     0.1258   2059.503   78.83246    2.00482    34.9162    34.9172 0.0000e+00
   1940.000    -0.6806    -0.6804   2.923834   2.923904    308.643    302.447     0.1218    -0.0010     0.1259   2060.455   78.83246    2.00482    34.9162    34.9169 0.0000e+00
   1941.000    -0.6805    -0.6803   2.923887   2.923962    309.181    302.287     0.1221     0.0063     0.1257   2061.413   78.83246    2.00482    34.9162    34.9170 0.0000e+00
   1942.000    -0.6804    -0.6802   2.923936   2.924018    308.816    302.660     0.1224     0.0040     0.1255   2062.379   78.83246    2.00482    34.9163    34.9171 0.0000e+00
   1943.000    -0.6808    -0.6806   2.923939   2.924009    308.496    302.914     0.1226     0.0050     0.1259   2063.352   78.83246    2.00482    34.9162    34.9170 0.0000e+00
   1944.000    -0.6809    -0.6806   2.923968   2.924067    308.970    302.989     0.1229     0.0069     0.1261   2064.332   78.83246    2.00482    34.9162    34.9171 0.0000e+00
   1945.000    -0.6809    -0.6807   2.924011   2.924074    309.378    302.802     0.1231     0.0008     0.1261   2065.308   78.83246    2.00482    34.9162    34.9168 0.0000e+00
   1946.000    -0.6808    -0.6806   2.924055   2.924153    309.006    302.384     0.1232     0.0016     0.1261   2066.268   78.83246    2.00482    34.9161    34.9171 0.0000e+00
   1947.000    -0.6809    -0.6806   2.924106   2.924173    309.057    302.060     0.1234     0.0085     0.1256   2067.226   78.83246    2.00482    34.9164    34.9170 0.0000e+00
   1948.000    -0.6812    -0.6809   2.924116   2.924212    308.960    302.684     0.1235     0.0008     0.1255   2068.183   78.83246    2.00482    34.9163    34.9173 0.0000e+00
   1949.000    -0.6813    -0.6810   2.924151   2.924223    308.969    302.821     0.1235     0.0014     0.1261   2069.146   78.83246    2.00482    34.9163    34.9170 0.0000e+00
   1950.000    -0.6812    -0.6810   2.924197   2.924289    309.187    302.661     0.1235     0.0006     0.1258   2070.114   78.83246    2.00482    34.9162    34.9173 0.0000e+00
   1951.000    -0.6813    -0.6810   2.924224   2.924313    309.056    302.591     0.1235     0.0049     0.1253   2071.078   78.83246    2.00482    34.9162    34.9171 0.0000e+00
   1952.000    -0.6815    -0.6814   2.924246   2.924321    308.968    302.770     0.1235     0.0095     0.1257   2072.031   78.83246    2.00482    34.9162    34.9170 0.0000e+00
   1953.000    -0.6817    -0.6815   2.924282   2.924371    309.160    302.525     0.1235     0.0069     0.1260   2072.983   78.83246    2.00482    34.9164    34.9173 0.0000e+00
   1954.000    -0.6818    -0.6817   2.924308   2.924381    309.171    302.429     0.1234     0.0044     0.1259   2073.946   78.83246    2.00482    34.9163    34.9171 0.0000e+00
   1955.000    -0.6824    -0.6821   2.924298   2.924377    308.808    302.577     0.1234     0.0130     0.1259   2074.931   78.83246    2.00482    34.9163    34.9171 0.0000e+00
   1956.000    -0.6835    -0.6831   2.924245   2.924340    308.266    302.630     0.1233     0.0009     0.1258   2075.922   78.83246    2.00483    34.9163    34.9171 0.0000e+00
   1957.000    -0.6854    -0.6853   2.924093   2.924153    308.826    302.604     0.1232     0.0008     0.1257   2076.901   78.83246    2.00484    34.9159    34.9166 0.0000e+00
   1958.000    -0.6861    -0.6859   2.924081   2.924152    308.733    302.440     0.1232     0.0005     0.1252   2077.865   78.83246    2.00484    34.9160    34.9167 0.0000e+00
   1959.000    -0.6855    -0.6852   2.924165   2.924253    308.326    302.112     0.1231     0.0013     0.1260   2078.815   78.83246    2.00484    34.9159    34.9167 0.0000e+00
   1960.000    -0.6864    -0.6861   2.924132   2.924224    308.725    302.568     0.1231    -0.0002     0.1262   2079.761   78.83246    2.00483    34.9159    34.9168 0.0000e+00
   1961.000    -0.6870    -0.6867   2.924129   2.924208    308.912    302.825     0.1230     0.0000     0.1270   2080.715   78.83246    2.00483    34.9160    34.9167 0.0000e+00
   1962.000    -0.6874    -0.6872   2.924124   2.924204    309.215    302.872     0.1229     0.0008     0.1261   2081.677   78.83246    2.00484    34.9159    34.9167 0.0000e+00
   1963.000    -0.6875    -0.6873   2.924159   2.924235    308.690    302.914     0.1229     0.0020     0.1261   2082.645   78.83246    2.00484    34.9159    34.9166 0.0000e+00
   1964.000    -0.6876    -0.6874   2.924191   2.924274    308.782    302.642     0.1228     0.0084     0.1261   2083.618   78.83246    2.00484    34.9159    34.9167 0.0000e+00
   1965.000    -0.6876    -0.6874   2.924231   2.924323    308.536    302.460     0.1228     0.0011     0.1261   2084.589   78.83246    2.00484    34.9159    34.9168 0.0000e+00
   1966.000    -0.6876    -0.6874   2.924271   2.924355    308.950    302.290     0.1228     0.0003     0.1262   2085.562   78.83246    2.00484    34.9159    34.9168 0.0000e+00
   1967.000    -0.6875    -0.6872   2.924322   2.924409    308.823    302.365     0.1227     0.0005     0.1261   2086.530   78.83246    2.00484    34.9159    34.9167 0.0000e+00
   1968.000    -0.6874    -0.6872   2.924374   2.924450    308.883    302.707     0.1227     0.0107     0.1262   2087.499   78.83246    2.00484    34.9159    34.9167 0.0000e+00
   1969.000    -0.6874    -0.6872   2.924409   2.924493    309.361    302.635     0.1227     0.0119     0.1265   2088.467   78.83246    2.00484    34.9158    34.9167 0.0000e+00
   1970.000    -0.6874    -0.6872   2.924456   2.924533    308.999    302.660     0.1227     0.0054     0.1262   2089.437   78.83246    2.00484    34.9159    34.9167 0.0000e+00
   1971.000    -0.6874    -0.6872   2.924485   2.924570    308.776    301.998     0.1227     0.0045     0.1263   2090.397   78.83246    2.00484    34.9158    34.9167 0.0000e+00
   1972.000    -0.6873    -0.6870   2.924550   2.924633    309.175    302.251     0.1227     0.0133     0.1262   2091.348   78.83246    2.00486    34.9160    34.9168 0.0000e+00
   1973.000    -0.6873    -0.6870   2.924593   2.924670    308.674    302.632     0.1226     0.0011     0.1268   2092.294   78.83246    2.00486    34.9160    34.9167 0.0000e+00
   1974.000    -0.6872    -0.6870   2.924638   2.924716    308.671    302.630     0.1226     0.0013     0.1268   2093.249   78.83246    2.00486    34.9160    34.9168 0.0000e+00
   1975.000    -0.6873    -0.6870   2.924664   2.924751    309.189    302.768     0.1226     0.0010     0.1261   2094.220   78.83246    2.00484    34.9159    34.9168 0.0000e+00
   1976.000    -0.6875    -0.6873   2.924693   2.924768    308.544    302.664     0.1225    -0.0005     0.1261   2095.200   78.83246    2.00484    34.9160    34.9167 0.0000e+00
   1977.000    -0.6876    -0.6874   2.924726   2.924805    308.852    302.495     0.1225     0.0060     0.1261   2096.181   78.83246    2.00484    34.9160    34.9168 0.0000e+00
   1978.000    -0.6881    -0.6880   2.924725   2.924796    308.550    302.294     0.1225     0.0095     0.1263   2097.154   78.83246    2.00484    34.9160    34.9168 0.0000e+00
   1979.000    -0.6882    -0.6880   2.924747   2.924826    308.660    302.179     0.1224     0.0051     0.1263   2098.120   78.83246    2.00484    34.9159    34.9167 0.0000e+00
   1980.000    -0.6884    -0.6882   2.924777   2.924857    308.704    302.507     0.1224    -0.0007     0.1265   2099.077   78.83246    2.00486    34.9160    34.9168 0.0000e+00
   1981.000    -0.6885    -0.6882   2.924814   2.924887    308.375    302.734     0.1224     0.0011     0.1268   2100.038   78.83246    2.00486    34.9159    34.9166 0.0000e+00
   1982.000    -0.6885    -0.6883   2.924843   2.924922    308.641    302.735     0.1223     0.0010     0.1266   2101.006   78.83246    2.00486    34.9159    34.9167 0.0000e+00
   1983.000    -0.6887    -0.6884   2.924862   2.924954    308.485    302.437     0.1223     0.0008     0.1265   2101.985   78.83246    2.00486    34.9158    34.9167 0.0000e+00
   1984.000    -0.6889    -0.6887   2.924892   2.924983    309.008    302.225     0.1223    -0.0005     0.1269   2102.962   78.83246    2.00486    34.9158    34.9168 0.0000e+00
   1985.000    -0.6890    -0.6887   2.924937   2.925011    308.869    302.104     0.1222     0.0070     0.1268   2103.932   78.83246    2.00486    34.9160    34.9167 0.0000e+00
   1986.000    -0.6888    -0.6887   2.924982   2.925061    308.523    302.365     0.1222     0.0048     0.1265   2104.896   78.83246    2.00486    34.9159    34.9168 0.0000e+00
   1987.000    -0.6885    -0.6883   2.925058   2.925140    308.391    302.414     0.1222    -0.0000     0.1261   2105.859   78.83246    2.00486    34.9160    34.9168 0.0000e+00
   1988.000    -0.6875    -0.6873   2.925195   2.925269    308.388    302.580     0.1221     0.0005     0.1262   2106.822   78.83246    2.00486    34.9162    34.9169 0.0000e+00
   1989.000    -0.6875    -0.6872   2.925234   2.925325    309.001    302.246     0.1221     0.0001     0.1267   2107.782   78.83246    2.00486    34.9161    34.9170 0.0000e+00
   1990.000    -0.6877    -0.6873   2.925259   2.925359    308.801    301.647     0.1221     0.0012     0.1267   2108.743   78.83246    2.00486    34.9161    34.9171 0.0000e+00
   1991.000    -0.6874    -0.6870   2.925331   2.925415    308.704    302.451     0.1222     0.0091     0.1263   2109.708   78.83246    2.00486    34.9162    34.9169 0.0000e+00
