test_project/cnv_files/sta0244_bin.cnv
* Sea-Bird SBE 9 Data File:
* FileName = C:\Seabird\CTDDATA\Sta0244.hex
* Software Version Seasave V 7.26.7.107
* Temperature SN = 03-4535
* Conductivity SN = 2860
* Number of Bytes Per Scan = 44
* Number of Voltage Words = 5
* Number of Scans Averaged by the Deck Unit = 1
* NMEA Latitude = 78 49.98 N
* NMEA Longitude = 005 00.02 E
* NMEA UTC (Time) = Sep 14 2019 11:24:50
* NMEA baud rate = 9600
** Ship: "Kronprins Haakon"
** Station: 0244
** Echodepth: 2644
** Log: 6486.216
** Wind-Dir Force(m/s): 10 05
** Air-temp (dry): 5.6
** Weather Sky: 2 8
** Sea Ice: 4 0
# nquan = 16
# nvalues = 2690                        
# units = specified
# name 0 = prDM: Pressure, Digiquartz [db]
# name 1 = t090C: Temperature [ITS-90, deg C]
# name 2 = t190C: Temperature, 2 [ITS-90, deg C]
# name 3 = c0S/m: Conductivity [S/m]
# name 4 = c1S/m: Conductivity, 2 [S/m]
# name 5 = sbox0Mm/Kg: Oxygen, SBE 43 [umol/kg]
# name 6 = sbox1Mm/Kg: Oxygen, SBE 43, 2 [umol/kg]
# name 7 = wetCDOM: Fluorescence, WET Labs CDOM [mg/m^3]
# name 8 = flECO-AFL: Fluorescence, WET Labs ECO-AFL/FL [mg/m^3]
# name 9 = CStarAt0: Beam Attenuation, WET Labs C-Star [1/m]
# name 10 = timeS: Time, Elapsed [seconds]
# name 11 = latitude: Latitude [deg]
# name 12 = longitude: Longitude [deg]
# name 13 = sal00: Salinity, Practical [PSU]
# name 14 = sal11: Salinity, Practical, 2 [PSU]
# name 15 = flag: flag
# span 0 =      1.000,   2690.000       
# span 1 =    -0.7346,     5.5981       
# span 2 =    -0.7342,     5.5975       
# span 3 =   2.913073,   3.388876       
# span 4 =   2.913129,   3.388723       
# span 5 =    172.264,    394.565       
# span 6 =    299.460,    322.985       
# span 7 =     0.0903,     0.1269       
# span 8 =    -0.0058,     1.9790       
# span 9 =     0.1286,     0.4303       
# span 10 =    151.691,   2768.047      
# span 11 =   78.83300,   78.83306      
# span 12 =    5.00012,    5.00030      
# span 13 =    34.6294,    35.6464      
# span 14 =    34.6306,    35.0348      
# span 15 = 0.0000e+00, 0.0000e+00      
# interval = decibars: 1                
# start_time = Sep 14 2019 11:24:50 [NMEA time, header]
# bad_flag = -9.990e-29
*END*
[from data line 91]
     92.000     4.2022     4.2008   3.279222   3.279073    315.056    307.155     0.1002     0.0473     0.1626    245.466   78.83302    5.00016    35.0172    35.0169 0.0000e+00
     93.000     4.1958     4.1961   3.278664   3.278693    315.507    307.399     0.0996     0.0590     0.1622    246.446   78.83302    5.00016    35.0168    35.0169 0.0000e+00
     94.000     4.1908     4.1906   3.278301   3.278272    315.732    307.675     0.0991     0.0549     0.1619    247.424   78.83302    5.00018    35.0173    35.0172 0.0000e+00
     95.000     4.1872     4.1860   3.278044   3.277923    315.713    307.643     0.0985     0.0485     0.1609    248.396   78.83302    5.00018    35.0176    35.0174 0.0000e+00
     96.000     4.1604     4.1595   3.275556   3.275481    315.580    307.980     0.0978     0.0463     0.1613    249.368   78.83302    5.00018    35.0161    35.0162 0.0000e+00
     97.000     4.1626     4.1614   3.275932   3.275811    315.142    308.152     0.0972     0.0495     0.1599    250.339   78.83302    5.00018    35.0177    35.0175 0.0000e+00
     98.000     4.1418     4.1415   3.273996   3.273906    315.551    308.502     0.0966     0.0487     0.1598    251.305   78.83302    5.00018    35.0163    35.0157 0.0000e+00
     99.000     4.1269     4.1268   3.272631   3.272628    316.447    308.675     0.0960     0.0375     0.1596    252.261   78.83302    5.00016    35.0154    35.0156 0.0000e+00
    100.000     4.1175     4.1169   3.271785   3.271748    316.803    308.494     0.0954     0.0325     0.1593    253.220   78.83302    5.00016    35.0150    35.0151 0.0000e+00
    101.000     4.1171     4.1165   3.271840   3.271790    316.559    308.530     0.0948     0.0382     0.1598    254.193   78.83302    5.00016    35.0155    35.0155 0.0000e+00
    102.000     4.1160     4.1151   3.271790   3.271719    316.938    308.720     0.0942     0.0323     0.1587    255.181   78.83302    5.00016    35.0155    35.0156 0.0000e+00
    103.000     4.1171     4.1166   3.272008   3.271984    317.687    309.168     0.0936     0.0317     0.1583    256.186   78.83302    5.00016    35.0164    35.0166 0.0000e+00
    104.000     4.1249     4.1245   3.273012   3.273039    317.488    309.213     0.0930     0.0370     0.1588    257.184   78.83302    5.00016    35.0194    35.0202 0.0000e+00
    105.000     4.1548     4.1543   3.276310   3.276382    317.054    309.222     0.0925     0.0339     0.1581    258.161   78.83302    5.00016    35.0261    35.0275 0.0000e+00
    106.000     4.1710     4.1705   3.278079   3.278044    316.923    309.477     0.0920     0.0240     0.1578    259.127   78.83302    5.00018    35.0293    35.0294 0.0000e+00
    107.000     4.1713     4.1704   3.278213   3.278134    317.252    310.207     0.0916     0.0201     0.1571    260.095   78.83302    5.00018    35.0300    35.0300 0.0000e+00
    108.000     4.1631     4.1633   3.277480   3.277471    317.274    310.322     0.0912     0.0243     0.1563    261.078   78.83302    5.00018    35.0295    35.0292 0.0000e+00
    109.000     4.1514     4.1501   3.276370   3.276185    316.950    310.209     0.0909     0.0243     0.1556    262.072   78.83302    5.00016    35.0282    35.0275 0.0000e+00
    110.000     4.0995     4.0979   3.271277   3.270999    317.064    310.858     0.0906     0.0252     0.1550    263.072   78.83302    5.00016    35.0227    35.0210 0.0000e+00
    111.000     4.0843     4.0840   3.269969   3.269990    316.543    310.525     0.0904     0.0300     0.1551    264.059   78.83302    5.00016    35.0228    35.0234 0.0000e+00
    112.000     4.1088     4.1092   3.272700   3.272848    316.433    309.978     0.0903     0.0181     0.1560    265.033   78.83302    5.00016    35.0286    35.0299 0.0000e+00
    113.000     4.1291     4.1285   3.274933   3.274907    317.484    310.136     0.0903     0.0169     0.1560    265.998   78.83302    5.00016    35.0328    35.0331 0.0000e+00
    114.000     4.1334     4.1324   3.275484   3.275394    319.055    310.542     0.0903     0.0116     0.1561    266.959   78.83302    5.00016    35.0342    35.0342 0.0000e+00
    115.000     4.1310     4.1301   3.275386   3.275282    319.209    310.860     0.0904     0.0096     0.1557    267.916   78.83302    5.00016    35.0350    35.0348 0.0000e+00
    116.000     4.1221     4.1215   3.274625   3.274541    319.159    311.165     0.0906     0.0127     0.1545    268.886   78.83302    5.00016    35.0350    35.0347 0.0000e+00
    117.000     4.1135     4.1132   3.273879   3.273841    318.779    311.330     0.0908     0.0140     0.1541    269.873   78.83302    5.00016    35.0347    35.0347 0.0000e+00
    118.000     4.1120     4.1114   3.273768   3.273728    318.727    311.519     0.0911     0.0074     0.1547    270.865   78.83302    5.00017    35.0346    35.0347 0.0000e+00
    119.000     4.1063     4.1066   3.273296   3.273302    319.258    311.646     0.0914     0.0020     0.1535    271.869   78.83302    5.00017    35.0345    35.0342 0.0000e+00
    120.000     4.1016     4.1012   3.272908   3.272857    319.624    311.829     0.0917     0.0023     0.1541    272.867   78.83302    5.00016    35.0343    35.0341 0.0000e+00
    121.000     4.0965     4.0958   3.272479   3.272406    319.256    311.653     0.0920     0.0026     0.1539    273.866   78.83302    5.00016    35.0341    35.0340 0.0000e+00
    122.000     4.0888     4.0882   3.271854   3.271789    319.081    311.811     0.0924     0.0087     0.1549    274.857   78.83302    5.00016    35.0343    35.0342 0.0000e+00
    123.000     4.0845     4.0840   3.271525   3.271465    318.936    311.866     0.0928     0.0032     0.1545    275.839   78.83302    5.00015    35.0345    35.0343 0.0000e+00
    124.000     4.0826     4.0822   3.271394   3.271350    319.474    312.269     0.0932     0.0023     0.1539    276.805   78.83302    5.00015    35.0344    35.0343 0.0000e+00
    125.000     4.0820     4.0812   3.271374   3.271303    319.788    312.445     0.0936     0.0023     0.1526    277.750   78.83302    5.00016    35.0343    35.0343 0.0000e+00
    126.000     4.0804     4.0797   3.271268   3.271212    320.033    312.607     0.0941     0.0023     0.1536    278.691   78.83302    5.00016    35.0342    35.0343 0.0000e+00
    127.000     4.0777     4.0771   3.271069   3.271008    319.936    312.675     0.0945     0.0048     0.1531    279.650   78.83302    5.00016    35.0342    35.0341 0.0000e+00
    128.000     4.0736     4.0729   3.270736   3.270645    319.766    312.555     0.0950     0.0095     0.1530    280.635   78.83302    5.00016    35.0341    35.0338 0.0000e+00
    129.000     4.0644     4.0638   3.269947   3.269875    319.762    312.229     0.0956     0.0082     0.1529    281.643   78.83302    5.00016    35.0340    35.0337 0.0000e+00
    130.000     4.0567     4.0561   3.269300   3.269219    319.693    312.165     0.0961     0.0036     0.1532    282.667   78.83302    5.00016    35.0340    35.0337 0.0000e+00
    131.000     4.0436     4.0430   3.268134   3.268066    319.697    312.671     0.0966     0.0094     0.1529    283.687   78.83302    5.00016    35.0335    35.0333 0.0000e+00
    132.000     4.0337     4.0329   3.267311   3.267229    320.039    312.753     0.0972     0.0093     0.1531    284.688   78.83302    5.00016    35.0338    35.0336 0.0000e+00
    133.000     4.0280     4.0273   3.266819   3.266728    320.002    312.858     0.0977     0.0033     0.1533    285.664   78.83303    5.00016    35.0334    35.0332 0.0000e+00
    134.000     4.0240     4.0234   3.266481   3.266430    320.245    312.927     0.0982     0.0024     0.1533    286.619   78.83303    5.00016    35.0331    35.0332 0.0000e+00
    135.000     4.0150     4.0142   3.265700   3.265624    320.781    312.859     0.0987     0.0069     0.1538    287.562   78.83302    5.00016    35.0329    35.0329 0.0000e+00
    136.000     4.0049     4.0044   3.264811   3.264727    321.048    312.793     0.0992     0.0096     0.1540    288.503   78.83302    5.00016    35.0326    35.0321 0.0000e+00
    137.000     3.9965     3.9959   3.264071   3.264008    321.012    313.006     0.0996     0.0070     0.1543    289.461   78.83302    5.00016    35.0322    35.0321 0.0000e+00
    138.000     3.9918     3.9912   3.263678   3.263613    320.909    313.171     0.1000     0.0024     0.1533    290.430   78.83302    5.00016    35.0320    35.0319 0.0000e+00
    139.000     3.9864     3.9858   3.263210   3.263154    320.539    313.281     0.1004     0.0023     0.1528    291.410   78.83302    5.00016    35.0317    35.0316 0.0000e+00
    140.000     3.9827     3.9821   3.262896   3.262855    320.742    313.397     0.1007     0.0023     0.1529    292.417   78.83302    5.00016    35.0314    35.0315 0.0000e+00
    141.000     3.9808     3.9800   3.262755   3.262685    321.138    313.448     0.1010     0.0027     0.1536    293.437   78.83302    5.00016    35.0312    35.0312 0.0000e+00
    142.000     3.9730     3.9726   3.262069   3.262019    321.261    313.502     0.1012     0.0093     0.1539    294.465   78.83302    5.00016    35.0308    35.0306 0.0000e+00
    143.000     3.9684     3.9681   3.261671   3.261619    321.243    313.481     0.1014     0.0159     0.1527    295.479   78.83302    5.00016    35.0304    35.0301 0.0000e+00
    144.000     3.9524     3.9513   3.260144   3.259991    321.057    313.642     0.1016     0.0110     0.1541    296.462   78.83302    5.00016    35.0288    35.0282 0.0000e+00
    145.000     3.9216     3.9221   3.257166   3.257060    321.045    313.963     0.1017     0.0096     0.1535    297.408   78.83304    5.00016    35.0257    35.0238 0.0000e+00
    146.000     3.8794     3.8791   3.253178   3.253087    320.833    313.708     0.1018     0.0061     0.1529    298.344   78.83302    5.00016    35.0227    35.0219 0.0000e+00
    147.000     3.8653     3.8650   3.251900   3.251863    320.251    313.065     0.1019     0.0052     0.1536    299.289   78.83302    5.00016    35.0220    35.0219 0.0000e+00
    148.000     3.8596     3.8590   3.251383   3.251312    320.617    312.841     0.1019     0.0075     0.1536    300.248   78.83302    5.00016    35.0214    35.0211 0.0000e+00
    149.000     3.8526     3.8521   3.250772   3.250716    321.425    313.015     0.1019     0.0012     0.1533    301.235   78.83302    5.00016    35.0210    35.0209 0.0000e+00
    150.000     3.8472     3.8467   3.250313   3.250248    322.091    312.999     0.1018    -0.0041     0.1531    302.239   78.83302    5.00016    35.0207    35.0206 0.0000e+00
    151.000     3.8328     3.8328   3.248962   3.248906    322.524    313.224     0.1018     0.0024     0.1538    303.240   78.83302    5.00016    35.0195    35.0188 0.0000e+00
    152.000     3.7967     3.7959   3.245609   3.245465    322.722    313.886     0.1017     0.0089     0.1528    304.237   78.83302    5.00016    35.0176    35.0167 0.0000e+00
    153.000     3.7798     3.7797   3.244142   3.244121    322.158    313.597     0.1016     0.0096     0.1529    305.214   78.83302    5.00016    35.0175    35.0174 0.0000e+00
    154.000     3.7792     3.7786   3.244222   3.244191    321.732    313.252     0.1015     0.0096     0.1530    306.188   78.83302    5.00016    35.0186    35.0189 0.0000e+00
    155.000     3.7803     3.7796   3.244439   3.244384    321.965    313.264     0.1014     0.0096     0.1546    307.168   78.83302    5.00016    35.0195    35.0195 0.0000e+00
    156.000     3.7838     3.7833   3.244910   3.244881    322.212    313.240     0.1012     0.0059     0.1528    308.152   78.83302    5.00016    35.0208    35.0210 0.0000e+00
    157.000     3.7860     3.7851   3.245242   3.245157    322.604    313.465     0.1010     0.0052     0.1524    309.135   78.83302    5.00016    35.0219    35.0218 0.0000e+00
    158.000     3.7856     3.7851   3.245286   3.245239    322.658    313.838     0.1008     0.0097     0.1529    310.105   78.83302    5.00016    35.0223    35.0222 0.0000e+00
    159.000     3.7851     3.7844   3.245315   3.245267    322.090    314.261     0.1006     0.0096     0.1525    311.060   78.83302    5.00016    35.0226    35.0228 0.0000e+00
    160.000     3.7859     3.7852   3.245481   3.245423    321.796    314.381     0.1004     0.0091     0.1528    312.020   78.83302    5.00016    35.0232    35.0233 0.0000e+00
    161.000     3.7842     3.7837   3.245396   3.245356    321.878    314.543     0.1001     0.0029     0.1537    312.994   78.83302    5.00016    35.0235    35.0235 0.0000e+00
    162.000     3.7822     3.7818   3.245277   3.245228    321.826    314.632     0.0998     0.0023     0.1528    313.983   78.83302    5.00016    35.0236    35.0235 0.0000e+00
    163.000     3.7799     3.7793   3.245107   3.245055    321.799    314.498     0.0996     0.0023     0.1529    314.975   78.83302    5.00016    35.0235    35.0235 0.0000e+00
    164.000     3.7774     3.7769   3.244922   3.244879    321.733    314.729     0.0994     0.0023     0.1527    315.969   78.83302    5.00016    35.0234    35.0234 0.0000e+00
    165.000     3.7738     3.7732   3.244644   3.244580    321.409    314.492     0.0992     0.0023     0.1525    316.962   78.83302    5.00016    35.0234    35.0233 0.0000e+00
    166.000     3.7691     3.7681   3.244248   3.244149    321.248    314.463     0.0990     0.0023     0.1535    317.950   78.83302    5.00016    35.0231    35.0230 0.0000e+00
    167.000     3.7630     3.7625   3.243725   3.243669    321.126    314.233     0.0989     0.0023     0.1530    318.915   78.83302    5.00016    35.0229    35.0228 0.0000e+00
    168.000     3.7594     3.7589   3.243439   3.243397    321.281    314.288     0.0988     0.0060     0.1531    319.866   78.83302    5.00016    35.0227    35.0228 0.0000e+00
    169.000     3.7548     3.7542   3.243038   3.242952    321.262    314.534     0.0987     0.0157     0.1536    320.808   78.83302    5.00016    35.0223    35.0220 0.0000e+00
    170.000     3.7425     3.7421   3.241950   3.241915    321.000    314.315     0.0986     0.0099     0.1533    321.761   78.83302    5.00016    35.0220    35.0220 0.0000e+00
    171.000     3.7410     3.7407   3.241839   3.241824    321.260    314.348     0.0986     0.0096     0.1540    322.740   78.83302    5.00016    35.0216    35.0218 0.0000e+00
    172.000     3.7271     3.7258   3.240572   3.240410    321.497    314.731     0.0986     0.0095     0.1532    323.735   78.83302    5.00016    35.0209    35.0203 0.0000e+00
    173.000     3.7060     3.7049   3.238633   3.238475    322.080    314.622     0.0986     0.0042     0.1524    324.751   78.83302    5.00016    35.0198    35.0190 0.0000e+00
    174.000     3.6844     3.6837   3.236699   3.236627    322.249    314.526     0.0986     0.0074     0.1521    325.763   78.83302    5.00016    35.0192    35.0191 0.0000e+00
    175.000     3.6727     3.6702   3.235646   3.235420    321.653    314.484     0.0986     0.0138     0.1520    326.753   78.83302    5.00016    35.0186    35.0185 0.0000e+00
    176.000     3.6656     3.6635   3.235046   3.234851    322.218    314.500     0.0987     0.0102     0.1518    327.722   78.83302    5.00016    35.0184    35.0183 0.0000e+00
    177.000     3.6608     3.6593   3.234654   3.234513    322.754    314.504     0.0989     0.0023     0.1522    328.674   78.83302    5.00016    35.0183    35.0182 0.0000e+00
    178.000     3.6554     3.6559   3.234194   3.234228    323.198    314.782     0.0991     0.0023     0.1521    329.633   78.83302    5.00016    35.0180    35.0179 0.0000e+00
    179.000     3.6531     3.6521   3.234043   3.233946    323.219    315.162     0.0993     0.0023     0.1521    330.602   78.83302    5.00016    35.0181    35.0181 0.0000e+00
    180.000     3.6505     3.6502   3.233853   3.233815    322.882    314.763     0.0996     0.0023     0.1528    331.585   78.83302    5.00016    35.0181    35.0179 0.0000e+00
