test_project/cnv_files/Sta0203_bin.cnv
* Sea-Bird SBE 9 Data File:
* FileName = C:\Seabird\CTDDATA\Sta0203.hex
* Software Version Seasave V 7.26.7.107
* Temperature SN = 03-4535
* Conductivity SN = 2860
* Number of Bytes Per Scan = 44
* Number of Voltage Words = 5
* Number of Scans Averaged by the Deck Unit = 1
* NMEA Latitude = 78 48.75 N
* NMEA Longitude = 006 00.06 W
* NMEA UTC (Time) = Sep 03 2019 23:33:17
* NMEA baud rate = 9600
** Ship: "Kronprins Haakon"
** Station: 0203
** Echodepth: 335
** Log: 5800.641
** Wind-Dir Force(m/s): 01 29
** Air-temp (dry): -2.5
** Weather Sky: 2 6
** Sea Ice: 3 2
# nquan = 17
# nvalues = 325                         
# units = specified
# name 0 = prDM: Pressure, Digiquartz [db]
# name 1 = t090C: Temperature [ITS-90, deg C]
# name 2 = t190C: Temperature, 2 [ITS-90, deg C]
# name 3 = c0S/m: Conductivity [S/m]
# name 4 = c1S/m: Conductivity, 2 [S/m]
# name 5 = sbox0Mm/Kg: Oxygen, SBE 43 [umol/kg]
# name 6 = sbox1Mm/Kg: Oxygen, SBE 43, 2 [umol/kg]
# name 7 = wetCDOM: Fluorescence, WET Labs CDOM [mg/m^3]
# name 8 = flECO-AFL: Fluorescence, WET Labs ECO-AFL/FL [mg/m^3]
# name 9 = CStarAt0: Beam Attenuation, WET Labs C-Star [1/m]
# name 10 = timeS: Time, Elapsed [seconds]
# name 11 = latitude: Latitude [deg]
# name 12 = longitude: Longitude [deg]
# name 13 = upoly0: Upoly 0, ISUS
# name 14 = sal00: Salinity, Practical [PSU]
# name 15 = sal11: Salinity, Practical, 2 [PSU]
# name 16 = flag: flag
# span 0 =      2.000,    326.000       
# span 1 =    -1.7037,     1.5448       
# span 2 =    -1.7033,     1.5452       
# span 3 =   2.400592,   3.038291       
# span 4 =   2.398916,   3.038192       
# span 5 =    308.830,    435.738       
# span 6 =    303.947,    418.654       
# span 7 =     0.1166,     0.1750       
# span 8 =    -0.0002,     0.6359       
# span 9 =     0.1329,     0.2803       
# span 10 =    115.869,    466.383      
# span 11 =   78.81256,   78.81258      
# span 12 =   -6.00122,   -6.00107      
# span 13 =  6.6152756,  19.600260      
# span 14 =    29.5573,    34.8753      
# span 15 =    29.5386,    34.8742      
# span 16 = 0.0000e+00, 0.0000e+00      
# interval = decibars: 1                
# start_time = Sep 03 2019 23:33:17 [NMEA time, header]
# bad_flag = -9.990e-29
*END*
[from data line 256]
    258.000     1.5349     1.5367   3.037613   3.037610    315.135    310.513     0.1171     0.0023     0.1362    381.502   78.81258   -6.00112  19.037373    34.8582    34.8561 0.0000e+00
    259.000     1.5231     1.5242   3.036625   3.036513    315.206    310.596     0.1170     0.0094     0.1373    382.519   78.81258   -6.00112  19.017019    34.8582    34.8555 0.0000e+00
    260.000     1.4812     1.4833   3.032811   3.032777    315.632    310.692     0.1169     0.0096     0.1383    383.541   78.81256   -6.00112  18.638277    34.8555    34.8528 0.0000e+00
    261.000     1.4784     1.4784   3.032624   3.032524    315.508    310.527     0.1168     0.0099     0.1415    384.547   78.81256   -6.00111  18.462533    34.8556    34.8543 0.0000e+00
    262.000     1.4904     1.4906   3.033858   3.033759    315.977    309.647     0.1168     0.0140     0.1413    385.523   78.81256   -6.00110  18.256159    34.8575    34.8560 0.0000e+00
    263.000     1.4689     1.4685   3.031941   3.031685    317.814    309.925     0.1167     0.0156     0.1399    386.501   78.81256   -6.00110  18.251374    34.8563    34.8535 0.0000e+00
    264.000     1.4254     1.4303   3.027918   3.028135    318.310    309.933     0.1167     0.0108     0.1400    387.496   78.81256   -6.00110  18.666104    34.8528    34.8501 0.0000e+00
    265.000     1.3995     1.4009   3.025589   3.025542    317.338    309.885     0.1166     0.0035     0.1398    388.489   78.81256   -6.00110  18.244595    34.8512    34.8491 0.0000e+00
    266.000     1.3922     1.3913   3.025003   3.024847    316.779    309.360     0.1166     0.0053     0.1394    389.476   78.81256   -6.00110  18.092749    34.8513    34.8503 0.0000e+00
    267.000     1.3876     1.3933   3.024755   3.025028    317.732    308.952     0.1166     0.0053     0.1397    390.469   78.81256   -6.00110  18.375895    34.8526    34.8498 0.0000e+00
    268.000     1.3681     1.3651   3.022958   3.022523    318.924    309.172     0.1166     0.0012     0.1385    391.478   78.81256   -6.00110  18.448729    34.8508    34.8486 0.0000e+00
    269.000     1.3611     1.3616   3.022338   3.022292    318.670    309.011     0.1166     0.0014     0.1383    392.483   78.81258   -6.00110  18.508027    34.8501    34.8489 0.0000e+00
    270.000     1.3439     1.3442   3.020823   3.020627    318.089    309.399     0.1166     0.0027     0.1379    393.483   78.81258   -6.00110  18.025291    34.8493    34.8464 0.0000e+00
    271.000     1.3310     1.3314   3.019859   3.019800    317.961    309.324     0.1166     0.0075     0.1365    394.491   78.81258   -6.00110  18.619553    34.8507    34.8495 0.0000e+00
    272.000     1.3292     1.3301   3.019825   3.019798    317.602    308.750     0.1166     0.0012     0.1356    395.513   78.81258   -6.00110  18.865620    34.8517    34.8503 0.0000e+00
    273.000     1.3137     1.3147   3.018509   3.018435    318.063    308.863     0.1167     0.0090     0.1346    396.540   78.81258   -6.00110  18.814622    34.8515    34.8495 0.0000e+00
    274.000     1.3165     1.3144   3.018992   3.018770    318.158    308.637     0.1167     0.0088     0.1338    397.567   78.81257   -6.00110  18.430168    34.8540    34.8535 0.0000e+00
    275.000     1.3532     1.3533   3.022576   3.022706    317.584    308.266     0.1167     0.0014     0.1335    398.585   78.81256   -6.00110  17.780016    34.8584    34.8599 0.0000e+00
    276.000     1.3843     1.3855   3.025657   3.025641    318.155    308.223     0.1168     0.0006     0.1336    399.587   78.81256   -6.00110  17.951179    34.8626    34.8610 0.0000e+00
    277.000     1.3771     1.3788   3.025080   3.025118    318.984    309.159     0.1169     0.0005     0.1344    400.587   78.81256   -6.00110  19.030063    34.8627    34.8613 0.0000e+00
    278.000     1.3682     1.3679   3.024306   3.024148    318.008    309.462     0.1169     0.0005     0.1335    401.588   78.81256   -6.00110  19.141212    34.8621    34.8604 0.0000e+00
    279.000     1.3545     1.3562   3.023089   3.023057    316.693    309.862     0.1170     0.0052     0.1333    402.581   78.81257   -6.00110  18.467210    34.8611    34.8589 0.0000e+00
    280.000     1.3317     1.3320   3.021018   3.020882    316.151    309.745     0.1171     0.0054     0.1338    403.570   78.81258   -6.00109  18.298188    34.8595    34.8574 0.0000e+00
    281.000     1.3187     1.3196   3.019835   3.019822    315.976    309.814     0.1172     0.0041     0.1346    404.562   78.81258   -6.00108  18.471748    34.8582    34.8570 0.0000e+00
    282.000     1.3444     1.3403   3.022312   3.021956    316.368    309.337     0.1173     0.0090     0.1337    405.563   78.81258   -6.00109  18.558786    34.8607    34.8607 0.0000e+00
    283.000     1.3510     1.3547   3.023040   3.023197    317.721    308.877     0.1175     0.0073     0.1329    406.564   78.81258   -6.00110  18.419343    34.8621    34.8600 0.0000e+00
    284.000     1.3109     1.3101   3.019401   3.019166    319.168    309.723     0.1176     0.0022     0.1335    407.567   78.81258   -6.00110  19.600260    34.8596    34.8575 0.0000e+00
    285.000     1.2932     1.2947   3.017790   3.017728    317.645    309.584     0.1177     0.0094     0.1336    408.573   78.81258   -6.00110  18.754708    34.8581    34.8556 0.0000e+00
    286.000     1.2583     1.2603   3.014616   3.014627    316.127    309.147     0.1178     0.0093     0.1337    409.585   78.81258   -6.00110  18.571811    34.8558    34.8536 0.0000e+00
    287.000     1.2307     1.2317   3.012430   3.012392    316.373    308.869     0.1179     0.0090     0.1346    410.614   78.81258   -6.00110  18.686306    34.8579    34.8563 0.0000e+00
    288.000     1.2283     1.2286   3.012459   3.012420    317.072    308.561     0.1180     0.0003     0.1360    411.635   78.81258   -6.00109  18.759313    34.8603    34.8595 0.0000e+00
    289.000     1.2296     1.2299   3.012771   3.012712    317.940    308.475     0.1181     0.0125     0.1342    412.655   78.81258   -6.00108  18.606123    34.8623    34.8612 0.0000e+00
    290.000     1.2300     1.2305   3.012984   3.012926    318.638    308.808     0.1182     0.0110     0.1345    413.669   78.81258   -6.00108  18.470097    34.8640    34.8627 0.0000e+00
    291.000     1.2259     1.2264   3.012712   3.012665    318.631    308.867     0.1182     0.0134     0.1350    414.678   78.81258   -6.00108  18.522128    34.8645    34.8633 0.0000e+00
    292.000     1.2215     1.2219   3.012407   3.012325    317.958    308.864     0.1183     0.0051     0.1367    415.679   78.81258   -6.00108  18.480842    34.8649    34.8634 0.0000e+00
    293.000     1.2105     1.2113   3.011529   3.011481    317.393    309.259     0.1184     0.0064     0.1391    416.663   78.81258   -6.00108  19.051624    34.8653    34.8639 0.0000e+00
    294.000     1.2040     1.2045   3.011020   3.010981    317.070    309.037     0.1185     0.0079     0.1408    417.649   78.81258   -6.00108  18.653853    34.8654    34.8644 0.0000e+00
    295.000     1.2039     1.2045   3.011137   3.011102    317.165    308.707     0.1186    -0.0002     0.1432    418.632   78.81258   -6.00108  19.064721    34.8665    34.8654 0.0000e+00
    296.000     1.2033     1.2037   3.011215   3.011174    317.095    308.670     0.1187     0.0024     0.1465    419.627   78.81258   -6.00108  19.032549    34.8676    34.8666 0.0000e+00
    297.000     1.2040     1.2044   3.011396   3.011352    317.110    308.956     0.1187     0.0093     0.1479    420.630   78.81258   -6.00108  18.760820    34.8685    34.8675 0.0000e+00
    298.000     1.2033     1.2036   3.011406   3.011354    317.341    308.747     0.1187     0.0096     0.1501    421.634   78.81257   -6.00108  18.763088    34.8689    34.8678 0.0000e+00
    299.000     1.2036     1.2040   3.011514   3.011472    317.473    308.557     0.1187     0.0089     0.1521    422.643   78.81256   -6.00108  18.798366    34.8693    34.8683 0.0000e+00
    300.000     1.2034     1.2040   3.011598   3.011553    317.206    308.533     0.1187     0.0017     0.1539    423.663   78.81257   -6.00108  19.106595    34.8700    34.8688 0.0000e+00
    301.000     1.2044     1.2050   3.011827   3.011792    317.104    308.576     0.1189     0.0132     0.1565    424.681   78.81258   -6.00108  19.117221    34.8712    34.8702 0.0000e+00
    302.000     1.2055     1.2061   3.012027   3.011991    316.747    308.680     0.1192     0.0103     0.1581    425.694   78.81258   -6.00108  18.520201    34.8720    34.8709 0.0000e+00
    303.000     1.2055     1.2061   3.012076   3.012043    316.900    308.380     0.1196     0.0096     0.1604    426.700   78.81258   -6.00108  18.260410    34.8720    34.8709 0.0000e+00
    304.000     1.2056     1.2062   3.012142   3.012109    316.881    308.683     0.1198     0.0096     0.1617    427.705   78.81258   -6.00108  18.347331    34.8722    34.8711 0.0000e+00
    305.000     1.2060     1.2066   3.012243   3.012229    316.948    309.352     0.1200     0.0096     0.1632    428.712   78.81258   -6.00108  18.388789    34.8725    34.8716 0.0000e+00
    306.000     1.2074     1.2091   3.012437   3.012532    316.969    309.131     0.1200     0.0052     0.1655    429.719   78.81258   -6.00108  18.302984    34.8728    34.8721 0.0000e+00
    307.000     1.2089     1.2096   3.012640   3.012621    316.767    309.086     0.1198     0.0046     0.1673    430.730   78.81258   -6.00108  18.741340    34.8731    34.8721 0.0000e+00
    308.000     1.2126     1.2129   3.013062   3.013018    316.575    309.056     0.1193     0.0096     0.1694    431.743   78.81257   -6.00107  18.406986    34.8738    34.8730 0.0000e+00
    309.000     1.2141     1.2149   3.013271   3.013258    316.122    309.078     0.1187     0.0074     0.1712    432.729   78.81256   -6.00107  18.861887    34.8743    34.8733 0.0000e+00
    310.000     1.2150     1.2153   3.013407   3.013354    316.017    309.114     0.1180     0.0041     0.1722    433.719   78.81256   -6.00108  18.171424    34.8745    34.8734 0.0000e+00
    311.000     1.2160     1.2164   3.013562   3.013524    316.349    309.113     0.1175     0.0143     0.1728    434.711   78.81257   -6.00108  18.635907    34.8748    34.8738 0.0000e+00
    312.000     1.2178     1.2183   3.013808   3.013766    316.235    308.881     0.1172     0.0036     0.1741    435.703   78.81258   -6.00108  18.831319    34.8753    34.8742 0.0000e+00
    313.000     1.2180     1.2184   3.013865   3.013815    316.526    308.684     0.1172     0.0206     0.1764    436.715   78.81258   -6.00108  18.085611    34.8752    34.8742 0.0000e+00
    314.000     1.2179     1.2185   3.013905   3.013866    316.481    309.015     0.1175     0.0049     0.1771    437.735   78.81258   -6.00108  18.142096    34.8752    34.8741 0.0000e+00
    315.000     1.2173     1.2175   3.013882   3.013808    316.187    309.095     0.1179     0.0018     0.1785    438.761   78.81258   -6.00108  18.382455    34.8751    34.8739 0.0000e+00
    316.000     1.2156     1.2164   3.013781   3.013764    316.630    309.071     0.1186     0.0023     0.1799    439.789   78.81258   -6.00108  18.922751    34.8750    34.8740 0.0000e+00
    317.000     1.2160     1.2164   3.013851   3.013810    316.600    308.921     0.1193     0.0016     0.1800    440.804   78.81258   -6.00108  18.864400    34.8750    34.8740 0.0000e+00
    318.000     1.2149     1.2157   3.013794   3.013769    316.323    308.491     0.1200     0.0061     0.1805    441.814   78.81258   -6.00108  18.516669    34.8749    34.8737 0.0000e+00
    319.000     1.2140     1.2145   3.013744   3.013704    316.344    308.719     0.1206     0.0095     0.1814    442.931   78.81257   -6.00107  18.611134    34.8746    34.8736 0.0000e+00
    320.000     1.2135     1.2139   3.013744   3.013713    316.233    308.880     0.1209     0.0128     0.1824    445.403   78.81257   -6.00107  18.587639    34.8746    34.8738 0.0000e+00
    321.000     1.2135     1.2138   3.013775   3.013742    314.534    309.332     0.1211     0.0096     0.1824    448.892   78.81258   -6.00109  18.433661    34.8744    34.8737 0.0000e+00
    322.000     1.2135     1.2139   3.013831   3.013792    314.524    309.545     0.1225     0.0087     0.1828    451.622   78.81258   -6.00108  18.632374    34.8745    34.8737 0.0000e+00
    323.000     1.2137     1.2138   3.013892   3.013847    314.377    309.476     0.1221     0.0021     0.1826    454.129   78.81258   -6.00108  18.553383    34.8746    34.8738 0.0000e+00
    324.000     1.2138     1.2142   3.013952   3.013913    314.676    309.454     0.1211     0.0091     0.1829    456.484   78.81257   -6.00107  18.858758    34.8746    34.8737 0.0000e+00
    325.000     1.2136     1.2143   3.013976   3.013980    314.388    309.290     0.1209     0.0022     0.1820    458.765   78.81258   -6.00108  18.496782    34.8746    34.8738 0.0000e+00
    326.000     1.2145     1.2168   3.014106   3.014253    314.434    309.080     0.1209     0.0094     0.1814    466.383   78.81258   -6.00110  17.788988    34.8747    34.8739 0.0000e+00
