test_project/cnv_files/sta0248_bin.cnv
* Sea-Bird SBE 9 Data File:
* FileName = C:\Seabird\CTDDATA\Sta0248.hex
* Software Version Seasave V 7.26.7.107
* Temperature SN = 03-4535
* Conductivity SN = 2860
* Number of Bytes Per Scan = 44
* Number of Voltage Words = 5
* Number of Scans Averaged by the Deck Unit = 1
* NMEA Latitude = 78 50.00 N
* NMEA Longitude = 007 59.97 E
* NMEA UTC (Time) = Sep 14 2019 21:10:53
* NMEA baud rate = 9600
** Ship: "Kronprins Haakon"
** Station: 0248
** Echodepth: 1007
** Log: 6521.449
** Wind-Dir Force(m/s): 01 09
** Air-temp (dry): 7.4
** Weather Sky: 2 8
** Sea Ice: 4 0
# nquan = 16
# nvalues = 1011                        
# units = specified
# name 0 = prDM: Pressure, Digiquartz [db]
# name 1 = t090C: Temperature [ITS-90, deg C]
# name 2 = t190C: Temperature, 2 [ITS-90, deg C]
# name 3 = c0S/m: Conductivity [S/m]
# name 4 = c1S/m: Conductivity, 2 [S/m]
# name 5 = sbox0Mm/Kg: Oxygen, SBE 43 [umol/kg]
# name 6 = sbox1Mm/Kg: Oxygen, SBE 43, 2 [umol/kg]
# name 7 = wetCDOM: Fluorescence, WET Labs CDOM [mg/m^3]
# name 8 = flECO-AFL: Fluorescence, WET Labs ECO-AFL/FL [mg/m^3]
# name 9 = CStarAt0: Beam Attenuation, WET Labs C-Star [1/m]
# name 10 = timeS: Time, Elapsed [seconds]
# name 11 = latitude: Latitude [deg]
# name 12 = longitude: Longitude [deg]
# name 13 = sal00: Salinity, Practical [PSU]
# name 14 = sal11: Salinity, Practical, 2 [PSU]
# name 15 = flag: flag
# span 0 =      2.000,   1012.000       
# span 1 =    -0.6377,     6.7052       
# span 2 =    -0.6321,     6.7059       
# span 3 =   2.888208,   3.491949       
# span 4 =   2.888749,   3.491826       
# span 5 =    299.515,    328.535       
# span 6 =    290.154,    321.247       
# span 7 =     0.0914,     0.1245       
# span 8 =    -0.0050,     2.2885       
# span 9 =     0.1381,     0.4900       
# span 10 =    206.189,   1196.576      
# span 11 =   78.83336,   78.83338      
# span 12 =    7.99946,    7.99955      
# span 13 =    34.8698,    35.0504      
# span 14 =    34.8693,    35.0504      
# span 15 = 0.0000e+00, 0.0000e+00      
# interval = decibars: 1                
# start_time = Sep 14 2019 21:10:53 [NMEA time, header]
# bad_flag = -9.990e-29
*END*
[from data line 181]
    183.000     4.9634     4.9630   3.352270   3.352315    312.455    303.535     0.0945     0.0241     0.1605    385.764   78.83338    7.99952    35.0191    35.0201 0.0000e+00
    184.000     4.9843     4.9825   3.354692   3.354591    311.732    303.633     0.0946     0.0184     0.1604    386.737   78.83338    7.99952    35.0247    35.0254 0.0000e+00
    185.000     4.9976     4.9956   3.356259   3.356103    311.128    303.817     0.0946     0.0119     0.1604    387.712   78.83338    7.99953    35.0283    35.0287 0.0000e+00
    186.000     5.0041     5.0024   3.357075   3.356984    310.800    303.672     0.0946     0.0096     0.1602    388.697   78.83338    7.99953    35.0304    35.0312 0.0000e+00
    187.000     5.0329     5.0313   3.360313   3.360268    309.984    303.258     0.0947     0.0096     0.1594    389.680   78.83338    7.99952    35.0372    35.0383 0.0000e+00
    188.000     5.0462     5.0451   3.361908   3.361872    309.645    303.395     0.0948     0.0122     0.1585    390.661   78.83338    7.99952    35.0412    35.0418 0.0000e+00
    189.000     5.0564     5.0556   3.363170   3.363149    309.621    303.679     0.0950     0.0150     0.1574    391.636   78.83338    7.99952    35.0445    35.0451 0.0000e+00
    190.000     5.0559     5.0553   3.363332   3.363287    309.243    303.430     0.0951     0.0086     0.1571    392.613   78.83338    7.99952    35.0464    35.0465 0.0000e+00
    191.000     5.0557     5.0549   3.363367   3.363317    308.385    303.012     0.0953     0.0030     0.1560    393.588   78.83338    7.99952    35.0464    35.0467 0.0000e+00
    192.000     5.0511     5.0495   3.362971   3.362781    307.887    302.905     0.0956     0.0087     0.1551    394.571   78.83338    7.99952    35.0462    35.0456 0.0000e+00
    193.000     5.0314     5.0318   3.361160   3.361176    307.963    302.865     0.0958     0.0034     0.1545    395.563   78.83338    7.99952    35.0454    35.0451 0.0000e+00
    194.000     5.0217     5.0211   3.360287   3.360217    308.290    302.800     0.0961     0.0023     0.1536    396.551   78.83338    7.99953    35.0450    35.0448 0.0000e+00
    195.000     5.0186     5.0180   3.360037   3.359975    307.980    303.013     0.0965     0.0023     0.1532    397.532   78.83338    7.99954    35.0448    35.0447 0.0000e+00
    196.000     5.0147     5.0137   3.359721   3.359625    308.594    303.352     0.0968     0.0023     0.1530    398.506   78.83338    7.99954    35.0447    35.0446 0.0000e+00
    197.000     5.0108     5.0101   3.359480   3.359410    309.721    303.607     0.0972     0.0023     0.1530    399.474   78.83338    7.99952    35.0454    35.0454 0.0000e+00
    198.000     5.0069     5.0068   3.359204   3.359191    310.317    303.643     0.0977     0.0023     0.1534    400.439   78.83338    7.99952    35.0458    35.0458 0.0000e+00
    199.000     5.0027     5.0025   3.358903   3.358861    310.400    303.840     0.0981     0.0040     0.1535    401.412   78.83338    7.99952    35.0462    35.0459 0.0000e+00
    200.000     4.9979     4.9972   3.358502   3.358446    309.579    303.694     0.0986     0.0085     0.1528    402.393   78.83338    7.99952    35.0461    35.0461 0.0000e+00
    201.000     4.9939     4.9935   3.358186   3.358133    309.503    303.472     0.0991     0.0030     0.1523    403.377   78.83338    7.99952    35.0461    35.0459 0.0000e+00
    202.000     4.9858     4.9852   3.357541   3.357478    310.530    303.296     0.0997     0.0086     0.1525    404.350   78.83338    7.99952    35.0466    35.0465 0.0000e+00
    203.000     4.9879     4.9872   3.357897   3.357870    310.277    303.305     0.1002     0.0034     0.1520    405.323   78.83338    7.99952    35.0481    35.0484 0.0000e+00
    204.000     4.9926     4.9919   3.358510   3.358463    310.164    303.551     0.1008    -0.0030     0.1520    406.308   78.83338    7.99952    35.0496    35.0498 0.0000e+00
    205.000     4.9914     4.9906   3.358477   3.358401    310.440    303.466     0.1014    -0.0005     0.1515    407.298   78.83338    7.99952    35.0500    35.0499 0.0000e+00
    206.000     4.9883     4.9874   3.358241   3.358159    310.465    303.566     0.1020     0.0060     0.1515    408.287   78.83338    7.99952    35.0500    35.0500 0.0000e+00
    207.000     4.9871     4.9862   3.358171   3.358097    309.982    303.548     0.1025     0.0065     0.1513    409.274   78.83338    7.99952    35.0499    35.0500 0.0000e+00
    208.000     4.9856     4.9850   3.358088   3.358025    309.763    303.373     0.1031     0.0023     0.1516    410.253   78.83338    7.99952    35.0500    35.0499 0.0000e+00
    209.000     4.9810     4.9804   3.357704   3.357618    309.690    303.349     0.1036     0.0039     0.1517    411.228   78.83338    7.99952    35.0498    35.0494 0.0000e+00
    210.000     4.9749     4.9743   3.357182   3.357118    310.054    303.224     0.1041     0.0084     0.1516    412.192   78.83338    7.99950    35.0497    35.0496 0.0000e+00
    211.000     4.9728     4.9722   3.357048   3.356986    309.923    303.220     0.1046     0.0027     0.1517    413.156   78.83338    7.99950    35.0498    35.0497 0.0000e+00
    212.000     4.9675     4.9668   3.356652   3.356570    310.007    303.262     0.1050     0.0023     0.1515    414.132   78.83338    7.99950    35.0503    35.0500 0.0000e+00
    213.000     4.9587     4.9585   3.355876   3.355827    309.886    303.606     0.1054     0.0023     0.1512    415.120   78.83338    7.99950    35.0500    35.0497 0.0000e+00
    214.000     4.9458     4.9454   3.354645   3.354569    310.023    303.899     0.1058     0.0023     0.1508    416.106   78.83338    7.99952    35.0487    35.0482 0.0000e+00
    215.000     4.9398     4.9393   3.354107   3.354044    309.964    304.122     0.1062     0.0023     0.1511    417.087   78.83338    7.99952    35.0482    35.0481 0.0000e+00
    216.000     4.9386     4.9379   3.354054   3.353993    310.269    303.875     0.1065     0.0023     0.1516    418.074   78.83338    7.99952    35.0484    35.0484 0.0000e+00
    217.000     4.9407     4.9401   3.354342   3.354301    311.133    303.734     0.1069     0.0023     0.1514    419.055   78.83338    7.99952    35.0490    35.0492 0.0000e+00
    218.000     4.9428     4.9419   3.354626   3.354563    311.210    303.796     0.1072     0.0023     0.1517    420.034   78.83338    7.99952    35.0495    35.0498 0.0000e+00
    219.000     4.9433     4.9424   3.354769   3.354668    311.027    303.690     0.1075     0.0023     0.1517    421.012   78.83338    7.99951    35.0502    35.0499 0.0000e+00
    220.000     4.9380     4.9373   3.354318   3.354239    310.944    303.583     0.1077     0.0023     0.1512    421.990   78.83338    7.99950    35.0500    35.0498 0.0000e+00
    221.000     4.9323     4.9322   3.353851   3.353828    310.747    303.708     0.1080     0.0023     0.1512    422.970   78.83338    7.99950    35.0500    35.0499 0.0000e+00
    222.000     4.9315     4.9309   3.353815   3.353755    310.747    303.423     0.1082     0.0025     0.1509    423.950   78.83338    7.99950    35.0499    35.0498 0.0000e+00
    223.000     4.9306     4.9301   3.353784   3.353732    310.706    303.662     0.1083     0.0081     0.1510    424.926   78.83338    7.99950    35.0500    35.0499 0.0000e+00
    224.000     4.9262     4.9257   3.353468   3.353417    310.722    303.834     0.1084     0.0045     0.1512    425.899   78.83338    7.99950    35.0504    35.0504 0.0000e+00
    225.000     4.9238     4.9235   3.353292   3.353251    310.425    303.866     0.1085     0.0067     0.1511    426.874   78.83338    7.99950    35.0503    35.0502 0.0000e+00
    226.000     4.9191     4.9183   3.352898   3.352808    310.370    304.039     0.1084     0.0059     0.1510    427.853   78.83338    7.99950    35.0502    35.0500 0.0000e+00
    227.000     4.9148     4.9142   3.352540   3.352488    310.275    303.725     0.1084     0.0023     0.1517    428.835   78.83338    7.99950    35.0501    35.0501 0.0000e+00
    228.000     4.9096     4.9093   3.352092   3.352038    310.733    303.720     0.1082     0.0023     0.1509    429.818   78.83338    7.99950    35.0498    35.0495 0.0000e+00
    229.000     4.8982     4.8976   3.351076   3.350989    310.902    304.119     0.1080     0.0023     0.1510    430.799   78.83338    7.99950    35.0494    35.0491 0.0000e+00
    230.000     4.8903     4.8898   3.350400   3.350329    310.956    304.229     0.1077     0.0023     0.1510    431.774   78.83338    7.99950    35.0494    35.0491 0.0000e+00
    231.000     4.8840     4.8836   3.349887   3.349841    310.896    304.167     0.1074     0.0023     0.1515    432.744   78.83338    7.99950    35.0496    35.0494 0.0000e+00
    232.000     4.8802     4.8796   3.349594   3.349532    311.066    303.997     0.1070     0.0023     0.1517    433.715   78.83338    7.99950    35.0496    35.0495 0.0000e+00
    233.000     4.8767     4.8768   3.349306   3.349299    311.238    304.002     0.1066     0.0023     0.1510    434.693   78.83338    7.99950    35.0494    35.0492 0.0000e+00
    234.000     4.8691     4.8690   3.348633   3.348611    311.830    304.102     0.1061     0.0023     0.1508    435.667   78.83338    7.99950    35.0491    35.0489 0.0000e+00
    235.000     4.8621     4.8617   3.348094   3.348029    311.865    303.882     0.1056     0.0023     0.1508    436.640   78.83338    7.99950    35.0497    35.0493 0.0000e+00
    236.000     4.8574     4.8568   3.347725   3.347657    311.667    304.196     0.1051     0.0023     0.1505    437.620   78.83338    7.99950    35.0497    35.0496 0.0000e+00
    237.000     4.8538     4.8533   3.347427   3.347395    311.123    304.401     0.1046     0.0023     0.1499    438.600   78.83338    7.99950    35.0496    35.0497 0.0000e+00
    238.000     4.8471     4.8469   3.346860   3.346820    311.203    304.461     0.1040     0.0025     0.1505    439.583   78.83338    7.99950    35.0494    35.0492 0.0000e+00
    239.000     4.8336     4.8335   3.345613   3.345579    311.641    304.402     0.1035     0.0024     0.1500    440.566   78.83338    7.99950    35.0487    35.0483 0.0000e+00
    240.000     4.8276     4.8270   3.345094   3.345035    311.751    304.248     0.1030     0.0029     0.1505    441.547   78.83338    7.99950    35.0484    35.0484 0.0000e+00
    241.000     4.8246     4.8241   3.344973   3.344916    311.782    304.389     0.1024     0.0088     0.1499    442.523   78.83338    7.99950    35.0496    35.0495 0.0000e+00
    242.000     4.8214     4.8207   3.344732   3.344684    311.796    304.247     0.1019     0.0033     0.1499    443.496   78.83338    7.99950    35.0497    35.0498 0.0000e+00
    243.000     4.8174     4.8169   3.344419   3.344370    311.552    304.270     0.1014     0.0023     0.1504    444.462   78.83338    7.99950    35.0497    35.0497 0.0000e+00
    244.000     4.8117     4.8111   3.343958   3.343907    311.397    304.933     0.1009     0.0068     0.1508    445.434   78.83338    7.99950    35.0498    35.0498 0.0000e+00
    245.000     4.8037     4.8033   3.343319   3.343263    311.512    305.067     0.1005     0.0058     0.1508    446.405   78.83338    7.99950    35.0502    35.0501 0.0000e+00
    246.000     4.8008     4.8002   3.343097   3.343041    311.620    304.797     0.1000     0.0023     0.1508    447.387   78.83338    7.99950    35.0503    35.0503 0.0000e+00
    247.000     4.7975     4.7969   3.342840   3.342770    311.990    304.613     0.0996     0.0023     0.1508    448.368   78.83338    7.99950    35.0502    35.0500 0.0000e+00
    248.000     4.7800     4.7801   3.341155   3.341082    312.403    304.872     0.0992     0.0023     0.1504    449.345   78.83338    7.99950    35.0485    35.0475 0.0000e+00
    249.000     4.7484     4.7484   3.338112   3.338055    312.309    305.085     0.0988     0.0023     0.1503    450.318   78.83338    7.99950    35.0458    35.0451 0.0000e+00
    250.000     4.7367     4.7362   3.337028   3.336984    312.130    304.600     0.0984     0.0026     0.1503    451.293   78.83338    7.99950    35.0450    35.0450 0.0000e+00
    251.000     4.7304     4.7298   3.336507   3.336444    311.898    304.394     0.0981     0.0085     0.1498    452.276   78.83338    7.99948    35.0450    35.0449 0.0000e+00
    252.000     4.7215     4.7211   3.335749   3.335692    312.551    304.614     0.0978     0.0037     0.1499    453.264   78.83338    7.99948    35.0450    35.0448 0.0000e+00
    253.000     4.7208     4.7199   3.335781   3.335718    312.998    304.904     0.0975     0.0023     0.1502    454.252   78.83338    7.99948    35.0456    35.0458 0.0000e+00
    254.000     4.7242     4.7238   3.336219   3.336216    313.366    305.048     0.0973     0.0028     0.1503    455.237   78.83338    7.99948    35.0466    35.0470 0.0000e+00
    255.000     4.7287     4.7279   3.336791   3.336746    313.189    305.263     0.0970     0.0024     0.1499    456.206   78.83338    7.99948    35.0480    35.0483 0.0000e+00
    256.000     4.7220     4.7215   3.336271   3.336207    313.609    305.635     0.0969     0.0023     0.1497    457.177   78.83338    7.99950    35.0485    35.0482 0.0000e+00
    257.000     4.7181     4.7174   3.335964   3.335889    313.487    305.562     0.0967     0.0023     0.1499    458.148   78.83338    7.99948    35.0485    35.0484 0.0000e+00
    258.000     4.7174     4.7168   3.335974   3.335921    312.670    305.563     0.0966     0.0009     0.1497    459.134   78.83338    7.99948    35.0488    35.0489 0.0000e+00
    259.000     4.7138     4.7134   3.335735   3.335694    312.781    305.969     0.0965    -0.0033     0.1489    460.123   78.83338    7.99948    35.0493    35.0492 0.0000e+00
    260.000     4.7003     4.7001   3.334517   3.334454    312.696    305.958     0.0964     0.0085     0.1489    461.112   78.83338    7.99948    35.0487    35.0482 0.0000e+00
    261.000     4.6862     4.6859   3.333226   3.333168    312.550    305.772     0.0963     0.0030     0.1486    462.088   78.83338    7.99948    35.0481    35.0477 0.0000e+00
    262.000     4.6737     4.6734   3.332082   3.332031    312.343    305.809     0.0962     0.0023     0.1486    463.060   78.83338    7.99948    35.0473    35.0471 0.0000e+00
    263.000     4.6662     4.6657   3.331393   3.331358    312.399    305.922     0.0962     0.0023     0.1485    464.030   78.83338    7.99948    35.0468    35.0468 0.0000e+00
    264.000     4.6608     4.6603   3.330925   3.330872    313.012    306.030     0.0961     0.0023     0.1480    465.007   78.83338    7.99948    35.0464    35.0463 0.0000e+00
    265.000     4.6562     4.6557   3.330531   3.330478    313.441    306.076     0.0960     0.0023     0.1484    465.994   78.83338    7.99948    35.0461    35.0461 0.0000e+00
    266.000     4.6514     4.6508   3.330151   3.330104    313.276    305.911     0.0959    -0.0004     0.1483    466.974   78.83337    7.99948    35.0462    35.0463 0.0000e+00
    267.000     4.6503     4.6495   3.330116   3.330059    313.141    305.720     0.0958    -0.0029     0.1481    467.954   78.83336    7.99948    35.0465    35.0466 0.0000e+00
    268.000     4.6498     4.6491   3.330130   3.330080    313.534    305.817     0.0957     0.0008     0.1484    468.931   78.83336    7.99948    35.0466    35.0467 0.0000e+00
    269.000     4.6439     4.6436   3.329654   3.329589    313.811    306.307     0.0956    -0.0042     0.1478    469.909   78.83337    7.99948    35.0468    35.0463 0.0000e+00
    270.000     4.6395     4.6378   3.329294   3.329136    313.730    306.309     0.0955     0.0017     0.1475    470.892   78.83338    7.99948    35.0466    35.0466 0.0000e+00
    271.000     4.6367     4.6366   3.329065   3.329073    313.610    306.080     0.0954     0.0023     0.1475    471.881   78.83338    7.99948    35.0464    35.0466 0.0000e+00
    272.000     4.6378     4.6373   3.329253   3.329231    313.485    305.790     0.0953     0.0023     0.1470    472.868   78.83338    7.99948    35.0469    35.0472 0.0000e+00
