test_project/cnv_files/sta0245_bin.cnv
* Sea-Bird SBE 9 Data File:
* FileName = C:\Seabird\CTDDATA\Sta0245.hex
* Software Version Seasave V 7.26.7.107
* Temperature SN = 03-4535
* Conductivity SN = 2860
* Number of Bytes Per Scan = 44
* Number of Voltage Words = 5
* Number of Scans Averaged by the Deck Unit = 1
* NMEA Latitude = 78 50.05 N
* NMEA Longitude = 006 00.46 E
* NMEA UTC (Time) = Sep 14 2019 14:36:50
* NMEA baud rate = 9600
** Ship: "Kronprins Haakon"
** Station: 0245
** Echodepth: 2414
** Log: 6497.98
** Wind-Dir Force(m/s): 06 08
** Air-temp (dry): 5.8
** Weather Sky: 2 8
** Sea Ice: 3 0
# nquan = 16
# nvalues = 2445                        
# units = specified
# name 0 = prDM: Pressure, Digiquartz [db]
# name 1 = t090C: Temperature [ITS-90, deg C]
# name 2 = t190C: Temperature, 2 [ITS-90, deg C]
# name 3 = c0S/m: Conductivity [S/m]
# name 4 = c1S/m: Conductivity, 2 [S/m]
# name 5 = sbox0Mm/Kg: Oxygen, SBE 43 [umol/kg]
# name 6 = sbox1Mm/Kg: Oxygen, SBE 43, 2 [umol/kg]
# name 7 = wetCDOM: Fluorescence, WET Labs CDOM [mg/m^3]
# name 8 = flECO-AFL: Fluorescence, WET Labs ECO-AFL/FL [mg/m^3]
# name 9 = CStarAt0: Beam Attenuation, WET Labs C-Star [1/m]
# name 10 = timeS: Time, Elapsed [seconds]
# name 11 = latitude: Latitude [deg]
# name 12 = longitude: Longitude [deg]
# name 13 = sal00: Salinity, Practical [PSU]
# name 14 = sal11: Salinity, Practical, 2 [PSU]
# name 15 = flag: flag
# span 0 =      3.000,   2447.000       
# span 1 =    -0.7577,     5.6985       
# span 2 =    -0.7576,     5.6975       
# span 3 =   2.900559,   3.395479       
# span 4 =   2.900593,   3.395432       
# span 5 =    303.056,    337.664       
# span 6 =    297.711,    321.456       
# span 7 =     0.0947,     0.1323       
# span 8 =    -0.0076,     2.4110       
# span 9 =     0.1305,     0.4828       
# span 10 =    146.735,   2567.022      
# span 11 =   78.83428,   78.83432      
# span 12 =    6.00770,    6.00778      
# span 13 =    34.8410,    35.0218      
# span 14 =    34.8411,    35.0228      
# span 15 = 0.0000e+00, 0.0000e+00      
# interval = decibars: 1                
# start_time = Sep 14 2019 14:36:50 [NMEA time, header]
# bad_flag = -9.990e-29
*END*
[from data line 272]
    275.000     2.5452     2.5447   3.137051   3.137001    327.804    320.159     0.1019     0.0033     0.1540    421.815   78.83430    6.00774    34.9832    34.9831 0.0000e+00
    276.000     2.5191     2.5191   3.134594   3.134565    327.730    320.192     0.1019     0.0088     0.1538    422.781   78.83430    6.00774    34.9807    34.9804 0.0000e+00
    277.000     2.5042     2.5036   3.133279   3.133214    327.883    320.109     0.1018     0.0032     0.1533    423.759   78.83430    6.00775    34.9802    34.9801 0.0000e+00
    278.000     2.5081     2.5072   3.133758   3.133739    327.649    319.817     0.1017     0.0023     0.1536    424.736   78.83430    6.00776    34.9813    34.9820 0.0000e+00
    279.000     2.5094     2.5090   3.133970   3.133973    327.914    319.796     0.1015     0.0071     0.1540    425.723   78.83430    6.00776    34.9819    34.9824 0.0000e+00
    280.000     2.5063     2.5060   3.133817   3.133814    328.450    319.961     0.1014     0.0054     0.1531    426.717   78.83430    6.00776    34.9829    34.9831 0.0000e+00
    281.000     2.5024     2.5020   3.133527   3.133543    328.475    319.874     0.1012     0.0058     0.1530    427.709   78.83430    6.00776    34.9830    34.9836 0.0000e+00
    282.000     2.5033     2.5020   3.133658   3.133585    327.988    320.119     0.1011     0.0125     0.1532    428.700   78.83430    6.00776    34.9830    34.9835 0.0000e+00
    283.000     2.4994     2.4994   3.133348   3.133381    328.083    320.302     0.1010     0.0147     0.1536    429.689   78.83430    6.00776    34.9830    34.9834 0.0000e+00
    284.000     2.5011     2.5002   3.133559   3.133520    328.026    320.388     0.1009     0.0082     0.1537    430.672   78.83430    6.00776    34.9831    34.9836 0.0000e+00
    285.000     2.5006     2.5002   3.133571   3.133569    328.104    320.411     0.1008     0.0032     0.1534    431.649   78.83430    6.00776    34.9833    34.9837 0.0000e+00
    286.000     2.5010     2.5006   3.133672   3.133670    328.208    320.419     0.1008     0.0092     0.1538    432.625   78.83430    6.00776    34.9835    34.9839 0.0000e+00
    287.000     2.5000     2.4992   3.133663   3.133619    327.889    320.521     0.1008     0.0094     0.1539    433.596   78.83430    6.00776    34.9839    34.9842 0.0000e+00
    288.000     2.4861     2.4850   3.132500   3.132378    327.661    320.654     0.1007     0.0038     0.1539    434.567   78.83430    6.00776    34.9841    34.9838 0.0000e+00
    289.000     2.4695     2.4676   3.131017   3.130862    327.162    320.710     0.1007     0.0023     0.1540    435.538   78.83430    6.00776    34.9833    34.9835 0.0000e+00
    290.000     2.4664     2.4658   3.130806   3.130784    326.902    320.354     0.1007     0.0061     0.1540    436.509   78.83430    6.00776    34.9836    34.9840 0.0000e+00
    291.000     2.4637     2.4631   3.130603   3.130584    327.537    320.574     0.1007     0.0062     0.1534    437.484   78.83430    6.00776    34.9834    34.9838 0.0000e+00
    292.000     2.4526     2.4523   3.129644   3.129626    328.434    320.905     0.1007     0.0076     0.1534    438.467   78.83430    6.00776    34.9832    34.9833 0.0000e+00
    293.000     2.4482     2.4476   3.129289   3.129270    328.231    320.923     0.1007     0.0128     0.1540    439.459   78.83430    6.00776    34.9830    34.9834 0.0000e+00
    294.000     2.4434     2.4425   3.128982   3.128919    327.922    320.878     0.1007     0.0035     0.1541    440.454   78.83430    6.00776    34.9839    34.9841 0.0000e+00
    295.000     2.4438     2.4427   3.129074   3.129018    327.480    320.811     0.1007     0.0087     0.1542    441.448   78.83430    6.00776    34.9841    34.9846 0.0000e+00
    296.000     2.4448     2.4439   3.129227   3.129176    327.807    321.135     0.1007     0.0031     0.1539    442.437   78.83430    6.00776    34.9842    34.9846 0.0000e+00
    297.000     2.4450     2.4443   3.129300   3.129279    328.811    321.456     0.1007     0.0091     0.1540    443.424   78.83430    6.00776    34.9844    34.9849 0.0000e+00
    298.000     2.4448     2.4442   3.129331   3.129312    328.907    321.384     0.1008     0.0153     0.1550    444.402   78.83428    6.00776    34.9844    34.9848 0.0000e+00
    299.000     2.4442     2.4433   3.129323   3.129281    328.995    321.447     0.1008     0.0116     0.1550    445.375   78.83428    6.00776    34.9844    34.9849 0.0000e+00
    300.000     2.4422     2.4416   3.129199   3.129171    328.157    321.366     0.1008     0.0054     0.1539    446.345   78.83430    6.00776    34.9845    34.9848 0.0000e+00
    301.000     2.4379     2.4376   3.128855   3.128844    328.299    321.410     0.1009     0.0057     0.1545    447.310   78.83430    6.00776    34.9843    34.9846 0.0000e+00
    302.000     2.4328     2.4319   3.128410   3.128350    328.598    320.952     0.1010     0.0095     0.1545    448.277   78.83430    6.00776    34.9839    34.9841 0.0000e+00
    303.000     2.4185     2.4175   3.127131   3.127036    328.700    320.867     0.1010     0.0096     0.1540    449.244   78.83430    6.00776    34.9831    34.9830 0.0000e+00
    304.000     2.4106     2.4101   3.126457   3.126427    328.455    321.010     0.1011     0.0096     0.1546    450.226   78.83430    6.00776    34.9828    34.9830 0.0000e+00
    305.000     2.4040     2.4036   3.125886   3.125876    328.408    320.942     0.1012     0.0096     0.1543    451.219   78.83430    6.00776    34.9824    34.9827 0.0000e+00
    306.000     2.3970     2.3966   3.125282   3.125266    328.643    320.836     0.1014     0.0092     0.1559    452.217   78.83430    6.00776    34.9820    34.9823 0.0000e+00
    307.000     2.3909     2.3905   3.124770   3.124757    328.719    321.128     0.1015     0.0031     0.1541    453.211   78.83430    6.00776    34.9817    34.9820 0.0000e+00
    308.000     2.3794     2.3791   3.123745   3.123697    329.259    321.087     0.1017     0.0024     0.1540    454.200   78.83430    6.00776    34.9810    34.9808 0.0000e+00
    309.000     2.3481     2.3480   3.120957   3.120942    329.264    321.381     0.1019     0.0073     0.1538    455.182   78.83430    6.00776    34.9801    34.9801 0.0000e+00
    310.000     2.3374     2.3368   3.120053   3.120034    328.534    321.043     0.1021     0.0052     0.1546    456.160   78.83430    6.00776    34.9801    34.9805 0.0000e+00
    311.000     2.3328     2.3324   3.119670   3.119662    327.943    320.909     0.1023     0.0058     0.1549    457.136   78.83428    6.00776    34.9798    34.9801 0.0000e+00
    312.000     2.3218     2.3199   3.118701   3.118535    328.551    321.206     0.1025     0.0096     0.1540    458.112   78.83428    6.00776    34.9793    34.9792 0.0000e+00
    313.000     2.3137     2.3135   3.118007   3.118041    329.064    321.214     0.1027     0.0079     0.1540    459.080   78.83428    6.00776    34.9789    34.9796 0.0000e+00
    314.000     2.3140     2.3134   3.118057   3.118033    328.761    321.122     0.1029     0.0036     0.1534    460.046   78.83430    6.00776    34.9787    34.9790 0.0000e+00
    315.000     2.3079     2.3080   3.117545   3.117600    328.557    320.972     0.1030     0.0093     0.1529    461.015   78.83430    6.00776    34.9784    34.9790 0.0000e+00
    316.000     2.3103     2.3088   3.117806   3.117684    328.530    320.842     0.1032     0.0096     0.1534    461.988   78.83430    6.00776    34.9784    34.9786 0.0000e+00
    317.000     2.2887     2.2908   3.115841   3.116037    328.881    320.851     0.1033     0.0096     0.1538    462.965   78.83430    6.00776    34.9772    34.9773 0.0000e+00
    318.000     2.2775     2.2779   3.114821   3.114884    328.690    320.943     0.1034     0.0095     0.1536    463.955   78.83430    6.00776    34.9762    34.9765 0.0000e+00
    319.000     2.2737     2.2728   3.114527   3.114467    328.069    321.007     0.1035     0.0047     0.1534    464.947   78.83430    6.00776    34.9761    34.9764 0.0000e+00
    320.000     2.2601     2.2605   3.113285   3.113318    328.026    320.717     0.1036     0.0026     0.1529    465.944   78.83430    6.00776    34.9750    34.9749 0.0000e+00
    321.000     2.2421     2.2427   3.111679   3.111739    328.201    320.591     0.1037     0.0023     0.1536    466.939   78.83430    6.00776    34.9741    34.9743 0.0000e+00
    322.000     2.2243     2.2246   3.110040   3.110065    328.203    320.334     0.1039     0.0052     0.1525    467.917   78.83430    6.00775    34.9727    34.9727 0.0000e+00
    323.000     2.2200     2.2190   3.109667   3.109607    327.560    319.934     0.1040     0.0076     0.1523    468.891   78.83430    6.00774    34.9722    34.9726 0.0000e+00
    324.000     2.2050     2.2046   3.108321   3.108286    327.508    320.230     0.1042     0.0024     0.1531    469.869   78.83430    6.00774    34.9713    34.9713 0.0000e+00
    325.000     2.1879     2.1885   3.106806   3.106870    327.659    320.208     0.1043     0.0023     0.1526    470.847   78.83430    6.00774    34.9707    34.9708 0.0000e+00
    326.000     2.1828     2.1840   3.106383   3.106538    326.996    319.983     0.1044     0.0023     0.1520    471.825   78.83430    6.00774    34.9704    34.9710 0.0000e+00
    327.000     2.1693     2.1661   3.105143   3.104839    327.019    320.102     0.1046     0.0023     0.1522    472.804   78.83430    6.00775    34.9692    34.9689 0.0000e+00
    328.000     2.1449     2.1442   3.102960   3.102932    327.659    319.715     0.1047     0.0023     0.1527    473.782   78.83430    6.00776    34.9681    34.9686 0.0000e+00
    329.000     2.1441     2.1434   3.102916   3.102891    327.606    319.266     0.1048     0.0023     0.1529    474.751   78.83430    6.00776    34.9680    34.9684 0.0000e+00
    330.000     2.1441     2.1434   3.102980   3.102952    327.200    319.105     0.1050    -0.0019     0.1527    475.722   78.83430    6.00775    34.9682    34.9686 0.0000e+00
    331.000     2.1445     2.1439   3.103078   3.103083    327.168    318.729     0.1050    -0.0018     0.1531    476.705   78.83430    6.00774    34.9684    34.9691 0.0000e+00
    332.000     2.1453     2.1447   3.103243   3.103244    327.320    318.721     0.1051     0.0048     0.1534    477.697   78.83430    6.00774    34.9690    34.9696 0.0000e+00
    333.000     2.1447     2.1441   3.103249   3.103236    326.917    318.897     0.1052     0.0076     0.1546    478.688   78.83430    6.00774    34.9692    34.9696 0.0000e+00
    334.000     2.1406     2.1401   3.102925   3.102910    327.102    319.034     0.1053     0.0024     0.1536    479.669   78.83430    6.00774    34.9690    34.9694 0.0000e+00
    335.000     2.1284     2.1289   3.101873   3.101928    327.033    319.219     0.1054     0.0023     0.1530    480.648   78.83429    6.00774    34.9687    34.9689 0.0000e+00
    336.000     2.1184     2.1181   3.101008   3.101007    326.641    319.385     0.1054     0.0023     0.1563    481.622   78.83428    6.00774    34.9683    34.9686 0.0000e+00
    337.000     2.1095     2.1089   3.100258   3.100228    326.220    319.276     0.1055     0.0024     0.1577    482.597   78.83429    6.00774    34.9682    34.9685 0.0000e+00
    338.000     2.1028     2.1018   3.099730   3.099668    326.143    319.009     0.1056     0.0078     0.1532    483.574   78.83430    6.00774    34.9684    34.9687 0.0000e+00
    339.000     2.0963     2.0956   3.099203   3.099163    325.995    318.894     0.1056     0.0048     0.1536    484.558   78.83430    6.00774    34.9684    34.9687 0.0000e+00
    340.000     2.0893     2.0889   3.098628   3.098622    326.163    319.174     0.1057     0.0023     0.1531    485.547   78.83430    6.00774    34.9683    34.9687 0.0000e+00
    341.000     2.0876     2.0870   3.098519   3.098506    326.742    319.148     0.1057     0.0057     0.1528    486.531   78.83430    6.00774    34.9683    34.9687 0.0000e+00
    342.000     2.0762     2.0740   3.097472   3.097249    327.211    319.641     0.1057     0.0071     0.1520    487.516   78.83430    6.00774    34.9671    34.9668 0.0000e+00
    343.000     2.0493     2.0512   3.095049   3.095225    327.507    319.801     0.1057     0.0024     0.1520    488.497   78.83430    6.00774    34.9659    34.9660 0.0000e+00
    344.000     2.0415     2.0410   3.094400   3.094382    327.126    319.214     0.1056     0.0023     0.1526    489.463   78.83428    6.00774    34.9657    34.9661 0.0000e+00
    345.000     2.0356     2.0352   3.094013   3.094020    326.273    319.112     0.1055     0.0023     0.1528    490.417   78.83428    6.00774    34.9668    34.9673 0.0000e+00
    346.000     2.0384     2.0377   3.094378   3.094347    325.929    319.100     0.1053     0.0023     0.1522    491.384   78.83430    6.00774    34.9678    34.9681 0.0000e+00
    347.000     2.0250     2.0241   3.093226   3.093157    326.867    319.061     0.1052     0.0023     0.1524    492.365   78.83430    6.00774    34.9674    34.9676 0.0000e+00
    348.000     2.0164     2.0157   3.092470   3.092405    327.197    319.025     0.1050     0.0023     0.1533    493.354   78.83430    6.00774    34.9669    34.9669 0.0000e+00
    349.000     1.9978     1.9985   3.090786   3.090864    326.856    319.239     0.1047     0.0023     0.1531    494.338   78.83430    6.00774    34.9657    34.9659 0.0000e+00
    350.000     1.9885     1.9878   3.089954   3.089916    326.880    319.596     0.1045     0.0060     0.1537    495.323   78.83430    6.00774    34.9649    34.9652 0.0000e+00
    351.000     1.9826     1.9820   3.089452   3.089450    326.933    319.466     0.1043     0.0065     0.1527    496.308   78.83430    6.00774    34.9646    34.9652 0.0000e+00
    352.000     1.9840     1.9834   3.089675   3.089674    327.396    319.106     0.1040     0.0023     0.1519    497.287   78.83430    6.00774    34.9652    34.9659 0.0000e+00
    353.000     1.9912     1.9895   3.090468   3.090391    327.121    318.621     0.1038     0.0023     0.1517    498.254   78.83430    6.00774    34.9667    34.9676 0.0000e+00
    354.000     2.0011     2.0005   3.091493   3.091473    326.553    318.706     0.1035     0.0023     0.1518    499.210   78.83430    6.00774    34.9680    34.9685 0.0000e+00
    355.000     2.0006     1.9999   3.091539   3.091511    326.996    319.534     0.1033     0.0023     0.1517    500.160   78.83430    6.00774    34.9687    34.9690 0.0000e+00
    356.000     1.9940     1.9942   3.091003   3.091054    326.734    319.692     0.1031     0.0024     0.1522    501.112   78.83430    6.00774    34.9686    34.9690 0.0000e+00
    357.000     1.9884     1.9874   3.090546   3.090479    326.356    319.680     0.1028     0.0078     0.1528    502.071   78.83430    6.00774    34.9685    34.9687 0.0000e+00
    358.000     1.9856     1.9844   3.090279   3.090271    326.419    319.737     0.1026     0.0053     0.1536    503.027   78.83430    6.00774    34.9676    34.9689 0.0000e+00
    359.000     1.9753     1.9741   3.089411   3.089286    326.650    319.576     0.1025     0.0061     0.1533    503.991   78.83430    6.00774    34.9675    34.9673 0.0000e+00
    360.000     1.9704     1.9670   3.088990   3.088755    326.623    319.359     0.1023     0.0070     0.1529    504.964   78.83430    6.00774    34.9671    34.9679 0.0000e+00
    361.000     1.9712     1.9684   3.089122   3.088882    326.348    319.309     0.1021     0.0023     0.1529    505.946   78.83430    6.00774    34.9674    34.9674 0.0000e+00
    362.000     1.9625     1.9618   3.088364   3.088309    326.337    319.273     0.1020     0.0023     0.1529    506.937   78.83430    6.00774    34.9668    34.9669 0.0000e+00
    363.000     1.9497     1.9494   3.087314   3.087298    326.951    319.615     0.1019     0.0023     0.1529    507.930   78.83430    6.00774    34.9672    34.9673 0.0000e+00
