test_project/cnv_files/Sta0236_bin.cnv
* Sea-Bird SBE 9 Data File:
* FileName = C:\Seabird\CTDDATA\Sta0236.hex
* Software Version Seasave V 7.26.7.107
* Temperature SN = 03-4535
* Conductivity SN = 2860
* Number of Bytes Per Scan = 44
* Number of Voltage Words = 5
* Number of Scans Averaged by the Deck Unit = 1
* NMEA Latitude = 78 49.95 N
* NMEA Longitude = 005 12.96 W
* NMEA UTC (Time) = Sep 10 2019 22:45:55
* NMEA baud rate = 9600
** Ship: "Kronprins Haakon"
** Station: 0236
** Echodepth: 808
** Log: 6297.190
** Wind-Dir Force(m/s): 14 13
** Air-temp (dry): 0.1
** Weather Sky: 7 8
** Sea Ice: 4 4
# nquan = 17
# nvalues = 808                         
# units = specified
# name 0 = prDM: Pressure, Digiquartz [db]
# name 1 = t090C: Temperature [ITS-90, deg C]
# name 2 = t190C: Temperature, 2 [ITS-90, deg C]
# name 3 = c0S/m: Conductivity [S/m]
# name 4 = c1S/m: Conductivity, 2 [S/m]
# name 5 = sbox0Mm/Kg: Oxygen, SBE 43 [umol/kg]
# name 6 = sbox1Mm/Kg: Oxygen, SBE 43, 2 [umol/kg]
# name 7 = wetCDOM: Fluorescence, WET Labs CDOM [mg/m^3]
# name 8 = flECO-AFL: Fluorescence, WET Labs ECO-AFL/FL [mg/m^3]
# name 9 = CStarAt0: Beam Attenuation, WET Labs C-Star [1/m]
# name 10 = timeS: Time, Elapsed [seconds]
# name 11 = latitude: Latitude [deg]
# name 12 = longitude: Longitude [deg]
# name 13 = upoly0: Upoly 0, ISUS
# name 14 = sal00: Salinity, Practical [PSU]
# name 15 = sal11: Salinity, Practical, 2 [PSU]
# name 16 = flag: flag
# span 0 =      2.000,    809.000       
# span 1 =    -1.6603,     1.0795       
# span 2 =    -1.6602,     1.0794       
# span 3 =   2.389978,   3.000280       
# span 4 =   2.390162,   3.000246       
# span 5 =    304.994,    419.882       
# span 6 =    300.396,    414.697       
# span 7 =     0.1157,     0.1920       
# span 8 =    -0.0032,     0.8451       
# span 9 =     0.1238,     0.3064       
# span 10 =    316.418,   1094.775      
# span 11 =   78.83262,   78.83264      
# span 12 =   -5.21618,   -5.21612      
# span 13 =  11.044015,  24.490619      
# span 14 =    29.7138,    34.8814      
# span 15 =    29.7159,    34.8817      
# span 16 = 0.0000e+00, 0.0000e+00      
# interval = decibars: 1                
# start_time = Sep 10 2019 22:45:55 [NMEA time, header]
# bad_flag = -9.990e-29
*END*
[from data line 596]
    598.000     0.4482     0.4482   2.959464   2.959485    312.631    306.364     0.1246     0.0031     0.1254    893.909   78.83262   -5.21616  23.638782    34.8671    34.8673 0.0000e+00
    599.000     0.4474     0.4474   2.959444   2.959466    312.917    306.380     0.1247     0.0088     0.1257    894.789   78.83262   -5.21615  23.573946    34.8671    34.8673 0.0000e+00
    600.000     0.4450     0.4452   2.959292   2.959311    313.044    305.819     0.1247     0.0041     0.1250    895.710   78.83262   -5.21614  23.568234    34.8673    34.8673 0.0000e+00
    601.000     0.4422     0.4424   2.959099   2.959124    313.320    305.849     0.1248     0.0069     0.1250    896.708   78.83262   -5.21614  23.367801    34.8672    34.8674 0.0000e+00
    602.000     0.4399     0.4401   2.958936   2.958974    312.534    306.201     0.1249     0.0096     0.1257    897.798   78.83262   -5.21614  23.446971    34.8672    34.8674 0.0000e+00
    603.000     0.4383     0.4384   2.958844   2.958869    312.117    306.357     0.1249     0.0096     0.1252    898.936   78.83262   -5.21614  23.581355    34.8672    34.8674 0.0000e+00
    604.000     0.4380     0.4380   2.958875   2.958878    312.531    306.430     0.1250     0.0143     0.1252    900.029   78.83262   -5.21614  23.527141    34.8674    34.8673 0.0000e+00
    605.000     0.4374     0.4374   2.958864   2.958886    312.865    306.532     0.1251     0.0073     0.1247    901.024   78.83262   -5.21614  23.489427    34.8673    34.8676 0.0000e+00
    606.000     0.4362     0.4362   2.958809   2.958824    312.641    306.422     0.1251     0.0019     0.1251    901.930   78.83262   -5.21614  23.317990    34.8673    34.8675 0.0000e+00
    607.000     0.4339     0.4340   2.958669   2.958669    312.544    306.087     0.1252     0.0020     0.1256    902.784   78.83262   -5.21614  23.684310    34.8675    34.8674 0.0000e+00
    608.000     0.4328     0.4328   2.958617   2.958634    312.783    305.980     0.1253     0.0022     0.1254    903.620   78.83262   -5.21614  23.449029    34.8674    34.8677 0.0000e+00
    609.000     0.4319     0.4320   2.958585   2.958610    312.733    306.322     0.1254     0.0080     0.1251    904.471   78.83262   -5.21614  23.229732    34.8675    34.8677 0.0000e+00
    610.000     0.4296     0.4298   2.958433   2.958459    312.478    306.468     0.1255     0.0049     0.1250    905.369   78.83262   -5.21614  23.287428    34.8675    34.8676 0.0000e+00
    611.000     0.4277     0.4277   2.958321   2.958332    312.287    306.299     0.1256     0.0023     0.1259    906.325   78.83262   -5.21614  23.236745    34.8676    34.8677 0.0000e+00
    612.000     0.4266     0.4267   2.958278   2.958293    312.151    306.191     0.1257     0.0080     0.1251    907.342   78.83262   -5.21614  23.338778    34.8676    34.8678 0.0000e+00
    613.000     0.4256     0.4256   2.958252   2.958256    312.086    306.123     0.1257     0.0138     0.1250    908.391   78.83262   -5.21614  23.382499    34.8679    34.8679 0.0000e+00
    614.000     0.4253     0.4252   2.958271   2.958289    312.777    306.429     0.1258     0.0097     0.1247    909.442   78.83262   -5.21614  23.560744    34.8679    34.8682 0.0000e+00
    615.000     0.4252     0.4252   2.958319   2.958344    313.118    306.429     0.1258     0.0074     0.1248    910.468   78.83262   -5.21614  23.600134    34.8680    34.8683 0.0000e+00
    616.000     0.4237     0.4237   2.958240   2.958254    313.293    305.998     0.1258     0.0032     0.1250    911.465   78.83262   -5.21614  23.397976    34.8681    34.8683 0.0000e+00
    617.000     0.4231     0.4231   2.958251   2.958264    313.250    305.904     0.1259     0.0095     0.1250    912.438   78.83262   -5.21614  23.111421    34.8683    34.8685 0.0000e+00
    618.000     0.4217     0.4218   2.958175   2.958189    312.548    306.367     0.1258     0.0096     0.1250    913.382   78.83262   -5.21614  23.293409    34.8683    34.8684 0.0000e+00
    619.000     0.4176     0.4177   2.957857   2.957875    312.875    306.391     0.1258     0.0096     0.1253    914.298   78.83262   -5.21614  23.580297    34.8682    34.8683 0.0000e+00
    620.000     0.4169     0.4169   2.957845   2.957865    312.890    306.404     0.1258     0.0096     0.1254    915.186   78.83262   -5.21614  23.481411    34.8683    34.8685 0.0000e+00
    621.000     0.4163     0.4163   2.957839   2.957843    312.909    305.950     0.1258     0.0123     0.1250    916.062   78.83262   -5.21614  23.402017    34.8683    34.8683 0.0000e+00
    622.000     0.4146     0.4147   2.957747   2.957762    313.124    306.081     0.1258     0.0150     0.1251    916.951   78.83262   -5.21614  23.598991    34.8684    34.8685 0.0000e+00
    623.000     0.4110     0.4111   2.957482   2.957492    313.273    306.490     0.1258     0.0090     0.1253    917.882   78.83262   -5.21614  23.518931    34.8684    34.8684 0.0000e+00
    624.000     0.4094     0.4094   2.957391   2.957399    313.048    306.574     0.1258     0.0031     0.1251    918.873   78.83262   -5.21614  23.574976    34.8684    34.8685 0.0000e+00
    625.000     0.4050     0.4051   2.957063   2.957074    313.002    306.595     0.1258     0.0086     0.1259    919.938   78.83262   -5.21614  23.477688    34.8685    34.8685 0.0000e+00
    626.000     0.4029     0.4030   2.956931   2.956959    312.761    306.585     0.1258     0.0030     0.1258    921.034   78.83262   -5.21614  23.415326    34.8686    34.8689 0.0000e+00
    627.000     0.4017     0.4018   2.956875   2.956900    312.694    306.091     0.1258     0.0089     0.1264    922.090   78.83262   -5.21614  23.757877    34.8686    34.8688 0.0000e+00
    628.000     0.4000     0.4001   2.956769   2.956792    312.489    306.121     0.1258     0.0095     0.1279    923.064   78.83262   -5.21614  23.868448    34.8686    34.8688 0.0000e+00
    629.000     0.3974     0.3975   2.956619   2.956630    312.714    306.481     0.1258     0.0045     0.1290    923.965   78.83262   -5.21614  23.633453    34.8689    34.8689 0.0000e+00
    630.000     0.3960     0.3959   2.956530   2.956555    312.601    306.508     0.1259     0.0080     0.1293    924.827   78.83262   -5.21614  23.734096    34.8688    34.8692 0.0000e+00
    631.000     0.3950     0.3951   2.956498   2.956537    312.758    306.644     0.1259     0.0140     0.1294    925.685   78.83262   -5.21614  23.334355    34.8689    34.8693 0.0000e+00
    632.000     0.3935     0.3936   2.956423   2.956461    313.167    306.546     0.1259     0.0091     0.1304    926.573   78.83262   -5.21614  23.218143    34.8690    34.8694 0.0000e+00
    633.000     0.3905     0.3907   2.956233   2.956246    313.190    306.268     0.1259     0.0031     0.1306    927.519   78.83262   -5.21614  23.309002    34.8693    34.8693 0.0000e+00
    634.000     0.3888     0.3888   2.956131   2.956147    312.972    306.373     0.1259     0.0084     0.1315    928.530   78.83262   -5.21612  23.206078    34.8693    34.8695 0.0000e+00
    635.000     0.3885     0.3884   2.956147   2.956164    312.988    306.442     0.1258     0.0094     0.1316    929.593   78.83262   -5.21612  23.626118    34.8694    34.8697 0.0000e+00
    636.000     0.3874     0.3874   2.956116   2.956119    313.225    306.239     0.1258     0.0030     0.1305    930.653   78.83262   -5.21613  23.003112    34.8695    34.8695 0.0000e+00
    637.000     0.3865     0.3866   2.956076   2.956103    313.002    306.450     0.1257     0.0075     0.1299    931.669   78.83262   -5.21614  23.415656    34.8694    34.8697 0.0000e+00
    638.000     0.3862     0.3862   2.956104   2.956124    312.943    306.694     0.1255     0.0046     0.1289    932.622   78.83262   -5.21614  23.343457    34.8696    34.8698 0.0000e+00
    639.000     0.3854     0.3853   2.956102   2.956092    313.442    306.915     0.1254     0.0054     0.1290    933.530   78.83262   -5.21614  23.252966    34.8699    34.8698 0.0000e+00
    640.000     0.3848     0.3848   2.956092   2.956125    313.812    307.068     0.1252     0.0080     0.1286    934.420   78.83262   -5.21614  23.245242    34.8699    34.8703 0.0000e+00
    641.000     0.3838     0.3837   2.956048   2.956058    313.336    306.727     0.1250     0.0025     0.1284    935.311   78.83262   -5.21614  23.222290    34.8698    34.8700 0.0000e+00
    642.000     0.3812     0.3812   2.955873   2.955892    313.486    306.521     0.1248     0.0020     0.1280    936.224   78.83262   -5.21614  23.110836    34.8699    34.8701 0.0000e+00
    643.000     0.3800     0.3800   2.955822   2.955833    312.927    306.637     0.1246     0.0020     0.1276    937.175   78.83262   -5.21614  23.383734    34.8699    34.8701 0.0000e+00
    644.000     0.3796     0.3796   2.955839   2.955865    312.835    306.614     0.1243     0.0072     0.1272    938.171   78.83262   -5.21612  23.572159    34.8701    34.8704 0.0000e+00
    645.000     0.3788     0.3788   2.955813   2.955829    312.900    306.478     0.1241     0.0047     0.1268    939.199   78.83262   -5.21612  23.586538    34.8701    34.8703 0.0000e+00
    646.000     0.3779     0.3779   2.955794   2.955832    313.015    306.694     0.1239     0.0065     0.1272    940.230   78.83262   -5.21612  23.430771    34.8702    34.8707 0.0000e+00
    647.000     0.3771     0.3772   2.955788   2.955810    313.078    306.908     0.1236     0.0096     0.1270    941.233   78.83262   -5.21614  22.943718    34.8704    34.8706 0.0000e+00
    648.000     0.3767     0.3767   2.955793   2.955818    313.282    306.772     0.1234     0.0063     0.1270    942.204   78.83262   -5.21614  23.808322    34.8704    34.8707 0.0000e+00
    649.000     0.3765     0.3765   2.955830   2.955856    312.810    306.777     0.1232     0.0021     0.1272    943.143   78.83262   -5.21614  23.321715    34.8705    34.8708 0.0000e+00
    650.000     0.3766     0.3766   2.955898   2.955916    313.054    306.844     0.1229     0.0020     0.1275    944.067   78.83262   -5.21614  23.466594    34.8706    34.8710 0.0000e+00
    651.000     0.3767     0.3767   2.955954   2.955985    313.585    306.944     0.1227     0.0022     0.1274    944.988   78.83262   -5.21614  23.671924    34.8707    34.8711 0.0000e+00
    652.000     0.3771     0.3771   2.956046   2.956053    313.076    306.907     0.1225     0.0081     0.1267    945.921   78.83262   -5.21614  23.477975    34.8709    34.8710 0.0000e+00
    653.000     0.3776     0.3776   2.956146   2.956168    313.299    306.971     0.1223     0.0096     0.1261    946.868   78.83262   -5.21614  23.479458    34.8711    34.8714 0.0000e+00
    654.000     0.3780     0.3772   2.956229   2.956148    313.503    306.913     0.1222     0.0134     0.1261    947.834   78.83262   -5.21614  23.782696    34.8712    34.8710 0.0000e+00
    655.000     0.3726     0.3723   2.955796   2.955796    313.474    307.019     0.1220     0.0167     0.1261    948.811   78.83262   -5.21614  23.862248    34.8710    34.8712 0.0000e+00
    656.000     0.3724     0.3725   2.955847   2.955853    313.471    306.939     0.1219     0.0144     0.1256    949.789   78.83262   -5.21614  23.466198    34.8713    34.8713 0.0000e+00
    657.000     0.3705     0.3705   2.955740   2.955751    313.024    306.734     0.1217     0.0096     0.1258    950.761   78.83262   -5.21614  23.335206    34.8714    34.8716 0.0000e+00
    658.000     0.3667     0.3671   2.955433   2.955469    313.137    306.992     0.1216     0.0086     0.1261    951.723   78.83262   -5.21614  23.996540    34.8710    34.8711 0.0000e+00
    659.000     0.3629     0.3629   2.955132   2.955141    313.661    306.938     0.1215     0.0025     0.1251    952.679   78.83262   -5.21613  23.504529    34.8709    34.8710 0.0000e+00
    660.000     0.3607     0.3608   2.954988   2.954988    313.453    307.081     0.1215     0.0024     0.1247    953.636   78.83262   -5.21612  23.341792    34.8708    34.8708 0.0000e+00
    661.000     0.3594     0.3594   2.954908   2.954936    313.717    307.130     0.1214     0.0079     0.1243    954.600   78.83262   -5.21612  23.674013    34.8707    34.8711 0.0000e+00
    662.000     0.3584     0.3585   2.954895   2.954898    313.785    307.072     0.1214     0.0096     0.1242    955.572   78.83262   -5.21612  23.741589    34.8710    34.8711 0.0000e+00
    663.000     0.3576     0.3575   2.954860   2.954874    313.563    306.872     0.1213     0.0096     0.1248    956.546   78.83262   -5.21613  23.584198    34.8710    34.8712 0.0000e+00
    664.000     0.3572     0.3572   2.954872   2.954894    312.982    306.841     0.1213     0.0096     0.1244    957.522   78.83262   -5.21614  23.382417    34.8709    34.8713 0.0000e+00
    665.000     0.3569     0.3570   2.954898   2.954910    313.038    306.996     0.1213     0.0070     0.1247    958.490   78.83262   -5.21614  22.887324    34.8711    34.8711 0.0000e+00
    666.000     0.3563     0.3564   2.954894   2.954910    313.530    307.092     0.1213     0.0039     0.1243    959.445   78.83262   -5.21614  22.885008    34.8711    34.8713 0.0000e+00
    667.000     0.3562     0.3562   2.954935   2.954964    313.831    307.171     0.1213     0.0094     0.1249    960.386   78.83262   -5.21614  23.683473    34.8711    34.8716 0.0000e+00
    668.000     0.3561     0.3561   2.954985   2.954999    313.898    306.860     0.1213     0.0096     0.1247    961.319   78.83262   -5.21614  23.834163    34.8714    34.8715 0.0000e+00
    669.000     0.3548     0.3548   2.954919   2.954924    313.636    306.875     0.1214     0.0096     0.1243    962.256   78.83262   -5.21612  23.833099    34.8714    34.8715 0.0000e+00
    670.000     0.3538     0.3538   2.954882   2.954890    313.960    307.096     0.1214     0.0096     0.1243    963.203   78.83262   -5.21612  23.977735    34.8715    34.8716 0.0000e+00
    671.000     0.3528     0.3528   2.954844   2.954848    313.825    307.189     0.1215     0.0138     0.1244    964.172   78.83262   -5.21612  23.737879    34.8715    34.8716 0.0000e+00
    672.000     0.3510     0.3510   2.954747   2.954768    313.701    307.158     0.1216     0.0105     0.1244    965.157   78.83262   -5.21612  23.509690    34.8716    34.8719 0.0000e+00
    673.000     0.3496     0.3496   2.954684   2.954685    313.476    307.062     0.1217     0.0048     0.1242    966.150   78.83262   -5.21612  23.252031    34.8719    34.8719 0.0000e+00
    674.000     0.3452     0.3452   2.954352   2.954359    313.577    307.175     0.1219     0.0096     0.1242    967.132   78.83262   -5.21614  23.154750    34.8719    34.8719 0.0000e+00
    675.000     0.3439     0.3438   2.954291   2.954315    313.499    307.242     0.1220     0.0071     0.1246    968.105   78.83262   -5.21614  23.130219    34.8720    34.8723 0.0000e+00
    676.000     0.3462     0.3461   2.954567   2.954580    313.658    307.121     0.1222    -0.0032     0.1243    969.066   78.83262   -5.21614  23.170019    34.8724    34.8726 0.0000e+00
    677.000     0.3468     0.3467   2.954706   2.954710    313.714    307.254     0.1224     0.0084     0.1241    970.016   78.83262   -5.21614  23.668725    34.8729    34.8731 0.0000e+00
    678.000     0.3424     0.3425   2.954371   2.954375    313.708    307.331     0.1225     0.0096     0.1240    970.962   78.83262   -5.21613  23.699343    34.8730    34.8728 0.0000e+00
    679.000     0.3409     0.3408   2.954282   2.954287    313.939    307.361     0.1227     0.0096     0.1247    971.912   78.83262   -5.21612  23.704789    34.8729    34.8731 0.0000e+00
    680.000     0.3405     0.3406   2.954305   2.954327    313.706    307.450     0.1229     0.0134     0.1249    972.867   78.83262   -5.21612  23.623592    34.8730    34.8732 0.0000e+00
    681.000     0.3407     0.3406   2.954375   2.954386    313.933    307.517     0.1231     0.0137     0.1240    973.830   78.83262   -5.21612  23.599932    34.8732    34.8734 0.0000e+00
