test_project/cnv_files/Sta0205_bin.cnv
* Sea-Bird SBE 9 Data File:
* FileName = C:\Seabird\CTDDATA\Sta0205.hex
* Software Version Seasave V 7.26.7.107
* Temperature SN = 03-4535
* Conductivity SN = 2860
* Number of Bytes Per Scan = 44
* Number of Voltage Words = 5
* Number of Scans Averaged by the Deck Unit = 1
* NMEA Latitude = 78 50.00 N
* NMEA Longitude = 006 29.99 W
* NMEA UTC (Time) = Sep 05 2019 01:08:09
* NMEA baud rate = 9600
** Ship: "Kronprins Haakon"
** Station: 0205
** Echodepth: 278
** Log: 5888.606
** Wind-Dir Force(m/s): 34 05
** Air-temp (dry): -1.2
** Weather Sky: 2 5
** Sea Ice: 1 4
# nquan = 17
# nvalues = 269                         
# units = specified
# name 0 = prDM: Pressure, Digiquartz [db]
# name 1 = t090C: Temperature [ITS-90, deg C]
# name 2 = t190C: Temperature, 2 [ITS-90, deg C]
# name 3 = c0S/m: Conductivity [S/m]
# name 4 = c1S/m: Conductivity, 2 [S/m]
# name 5 = sbox0Mm/Kg: Oxygen, SBE 43 [umol/kg]
# name 6 = sbox1Mm/Kg: Oxygen, SBE 43, 2 [umol/kg]
# name 7 = wetCDOM: Fluorescence, WET Labs CDOM [mg/m^3]
# name 8 = flECO-AFL: Fluorescence, WET Labs ECO-AFL/FL [mg/m^3]
# name 9 = CStarAt0: Beam Attenuation, WET Labs C-Star [1/m]
# name 10 = timeS: Time, Elapsed [seconds]
# name 11 = latitude: Latitude [deg]
# name 12 = longitude: Longitude [deg]
# name 13 = upoly0: Upoly 0, ISUS
# name 14 = sal00: Salinity, Practical [PSU]
# name 15 = sal11: Salinity, Practical, 2 [PSU]
# name 16 = flag: flag
# span 0 =      1.000,    269.000       
# span 1 =    -1.6997,     1.4769       
# span 2 =    -1.6991,     1.4766       
# span 3 =   2.428261,   3.031128       
# span 4 =   2.428192,   3.031024       
# span 5 =    308.719,    437.151       
# span 6 =    305.777,    423.369       
# span 7 =     0.1129,     0.1779       
# span 8 =     0.0021,     1.1007       
# span 9 =     0.1455,     0.3225       
# span 10 =    106.959,    429.715      
# span 11 =   78.83340,   78.83340      
# span 12 =   -6.50000,   -6.49996      
# span 13 =  11.192752,  23.486816      
# span 14 =    30.0261,    34.8336      
# span 15 =    30.0252,    34.8326      
# span 16 = 0.0000e+00, 0.0000e+00      
# interval = decibars: 1                
# start_time = Sep 05 2019 01:08:09 [NMEA time, header]
# bad_flag = -9.990e-29
*END*
[from data line 86]
     87.000    -1.6559    -1.6557   2.598562   2.598483    384.778    377.419     0.1779     0.0625     0.1715    201.978   78.83340   -6.49998  15.879564    32.6688    32.6676 0.0000e+00
     88.000    -1.6331    -1.6339   2.604260   2.604208    383.856    376.491     0.1779     0.0481     0.1705    203.020   78.83340   -6.49998  15.616553    32.7219    32.7221 0.0000e+00
     89.000    -1.6272    -1.6266   2.607036   2.607027    383.739    376.224     0.1778     0.0597     0.1700    204.062   78.83340   -6.49998  15.759636    32.7531    32.7524 0.0000e+00
     90.000    -1.6276    -1.6276   2.607472   2.607426    384.047    376.187     0.1778     0.0604     0.1694    205.104   78.83340   -6.49996  16.225314    32.7590    32.7584 0.0000e+00
     91.000    -1.6125    -1.6127   2.609608   2.609570    382.191    375.046     0.1777     0.0595     0.1698    206.145   78.83340   -6.49996  15.912919    32.7713    32.7709 0.0000e+00
     92.000    -1.5748    -1.5773   2.614173   2.613985    380.692    373.606     0.1775     0.0516     0.1695    207.177   78.83340   -6.49996  15.385751    32.7921    32.7923 0.0000e+00
     93.000    -1.5325    -1.5335   2.620618   2.620512    380.630    372.997     0.1774     0.0325     0.1680    208.210   78.83340   -6.49996  15.732426    32.8337    32.8333 0.0000e+00
     94.000    -1.4974    -1.4979   2.628159   2.628087    380.805    372.891     0.1772     0.0448     0.1680    209.236   78.83340   -6.49996  16.457961    32.8982    32.8978 0.0000e+00
     95.000    -1.4783    -1.4785   2.632108   2.632052    379.240    372.284     0.1770     0.0521     0.1683    210.254   78.83340   -6.49996  16.429298    32.9309    32.9303 0.0000e+00
     96.000    -1.4670    -1.4670   2.634814   2.634755    376.154    370.775     0.1768     0.0474     0.1680    211.265   78.83340   -6.49996  16.431357    32.9551    32.9542 0.0000e+00
     97.000    -1.4603    -1.4601   2.636298   2.636258    372.295    368.631     0.1766     0.0457     0.1680    212.287   78.83340   -6.49996  16.780758    32.9675    32.9667 0.0000e+00
     98.000    -1.4558    -1.4556   2.637895   2.637833    369.753    366.650     0.1764     0.0443     0.1674    213.319   78.83340   -6.49996  16.376399    32.9838    32.9828 0.0000e+00
     99.000    -1.4517    -1.4516   2.641486   2.641386    368.492    365.184     0.1761     0.0408     0.1667    214.359   78.83340   -6.49996  16.233048    33.0281    33.0266 0.0000e+00
    100.000    -1.4400    -1.4402   2.644235   2.644180    368.625    364.039     0.1758     0.0425     0.1650    215.405   78.83340   -6.49996  16.230910    33.0523    33.0517 0.0000e+00
    101.000    -1.4300    -1.4296   2.646970   2.646903    368.915    363.446     0.1755     0.0419     0.1645    216.453   78.83340   -6.49996  16.231079    33.0782    33.0769 0.0000e+00
    102.000    -1.4243    -1.4244   2.650278   2.650207    369.089    362.868     0.1752     0.0340     0.1646    217.511   78.83340   -6.49996  16.721980    33.1167    33.1159 0.0000e+00
    103.000    -1.4148    -1.4145   2.653332   2.653290    369.099    362.414     0.1749     0.0339     0.1640    218.564   78.83340   -6.49996  16.572468    33.1476    33.1467 0.0000e+00
    104.000    -1.4087    -1.4085   2.655451   2.655406    368.078    362.115     0.1745     0.0413     0.1645    219.607   78.83340   -6.49996  16.249979    33.1694    33.1685 0.0000e+00
    105.000    -1.4014    -1.4013   2.656986   2.656941    367.382    361.517     0.1742     0.0426     0.1645    220.644   78.83340   -6.49996  16.574291    33.1817    33.1810 0.0000e+00
    106.000    -1.3968    -1.3964   2.658742   2.658703    366.760    361.015     0.1738     0.0407     0.1633    221.677   78.83340   -6.49996  16.959450    33.2002    33.1992 0.0000e+00
    107.000    -1.3981    -1.3978   2.659456   2.659390    366.870    360.640     0.1734     0.0430     0.1633    222.698   78.83340   -6.49996  16.884436    33.2108    33.2095 0.0000e+00
    108.000    -1.3875    -1.3877   2.662587   2.662496    366.076    360.169     0.1730     0.0384     0.1637    223.720   78.83340   -6.49996  16.677801    33.2414    33.2404 0.0000e+00
    109.000    -1.3828    -1.3824   2.664999   2.664949    365.888    359.786     0.1726     0.0392     0.1642    224.741   78.83340   -6.49996  16.841151    33.2687    33.2675 0.0000e+00
    110.000    -1.3854    -1.3847   2.666087   2.666044    366.048    359.337     0.1722     0.0442     0.1658    225.759   78.83340   -6.49996  16.775263    33.2859    33.2846 0.0000e+00
    111.000    -1.3868    -1.3868   2.667075   2.666988    365.520    359.029     0.1717     0.0389     0.1676    226.793   78.83340   -6.49996  16.996886    33.3005    33.2992 0.0000e+00
    112.000    -1.3835    -1.3833   2.668581   2.668445    364.496    358.006     0.1713     0.0388     0.1688    227.835   78.83340   -6.49996  17.381314    33.3168    33.3147 0.0000e+00
    113.000    -1.3857    -1.3849   2.669869   2.669837    364.682    357.852     0.1709     0.0450     0.1691    228.893   78.83340   -6.49996  17.487156    33.3364    33.3351 0.0000e+00
    114.000    -1.3804    -1.3804   2.672419   2.672375    364.767    357.623     0.1704     0.0454     0.1698    229.952   78.83340   -6.49996  17.632244    33.3649    33.3643 0.0000e+00
    115.000    -1.3160    -1.3201   2.679716   2.679519    364.105    356.685     0.1700     0.0454     0.1697    231.001   78.83340   -6.49996  17.400556    33.3925    33.3944 0.0000e+00
    116.000    -1.2523    -1.2527   2.686413   2.686351    364.656    356.552     0.1696     0.0456     0.1693    232.049   78.83340   -6.49996  17.462584    33.4126    33.4123 0.0000e+00
    117.000    -1.2209    -1.2228   2.689787   2.689597    365.972    357.023     0.1691     0.0333     0.1682    233.083   78.83340   -6.49996  17.878303    33.4231    33.4227 0.0000e+00
    118.000    -1.1965    -1.1966   2.693252   2.693156    363.076    356.199     0.1687     0.0302     0.1680    234.108   78.83340   -6.49996  17.902643    33.4427    33.4414 0.0000e+00
    119.000    -1.1922    -1.1916   2.694797   2.694751    359.031    354.264     0.1682     0.0403     0.1680    235.126   78.83340   -6.49996  18.109983    33.4584    33.4571 0.0000e+00
    120.000    -1.1841    -1.1840   2.698412   2.698310    355.154    352.229     0.1678     0.0355     0.1681    236.148   78.83340   -6.49996  17.676441    33.4982    33.4967 0.0000e+00
    121.000    -1.1890    -1.1884   2.701767   2.701679    353.163    350.698     0.1673     0.0386     0.1685    237.182   78.83340   -6.49996  17.791195    33.5489    33.5471 0.0000e+00
    122.000    -1.1842    -1.1841   2.703440   2.703382    353.181    350.223     0.1669     0.0486     0.1693    238.222   78.83340   -6.49996  18.096392    33.5658    33.5649 0.0000e+00
    123.000    -1.1764    -1.1763   2.704998   2.704927    353.990    350.026     0.1664     0.0565     0.1706    239.275   78.83340   -6.49996  17.713407    33.5777    33.5767 0.0000e+00
    124.000    -1.1582    -1.1592   2.707638   2.707552    355.591    350.033     0.1659     0.0600     0.1714    240.324   78.83340   -6.49996  17.566776    33.5929    33.5927 0.0000e+00
    125.000    -1.1036    -1.1049   2.713884   2.713784    356.441    350.251     0.1654     0.0566     0.1704    241.374   78.83340   -6.49996  17.672394    33.6163    33.6165 0.0000e+00
    126.000    -1.0329    -1.0351   2.722422   2.722264    357.179    350.149     0.1649     0.0533     0.1692    242.421   78.83340   -6.49996  17.658584    33.6529    33.6532 0.0000e+00
    127.000    -0.9977    -0.9973   2.727944   2.727906    357.843    349.735     0.1644     0.0484     0.1687    243.459   78.83340   -6.49996  17.708763    33.6880    33.6871 0.0000e+00
    128.000    -0.9858    -0.9857   2.730074   2.729978    355.921    348.746     0.1639     0.0405     0.1689    244.486   78.83340   -6.49996  17.976529    33.7031    33.7017 0.0000e+00
    129.000    -1.0024    -0.9997   2.730607   2.730559    350.286    346.486     0.1633     0.0452     0.1676    245.512   78.83340   -6.49996  18.880000    33.7283    33.7246 0.0000e+00
    130.000    -1.0249    -1.0244   2.731353   2.731281    345.749    344.087     0.1627     0.0472     0.1670    246.545   78.83340   -6.49996  18.034766    33.7631    33.7616 0.0000e+00
    131.000    -0.9151    -0.9222   2.742246   2.742028    342.361    341.391     0.1622     0.0533     0.1662    247.579   78.83340   -6.49996  19.136872    33.7873    33.7923 0.0000e+00
    132.000    -0.8590    -0.8554   2.749747   2.749751    345.444    342.307     0.1615     0.0588     0.1658    248.617   78.83340   -6.49996  18.636765    33.8257    33.8217 0.0000e+00
    133.000    -0.8985    -0.8973   2.748707   2.748640    352.645    345.537     0.1609     0.0536     0.1658    249.660   78.83340   -6.49996  18.899563    33.8553    33.8530 0.0000e+00
    134.000    -0.9428    -0.9413   2.745971   2.745902    349.241    344.022     0.1603     0.0666     0.1668    250.706   78.83340   -6.49996  19.004557    33.8673    33.8647 0.0000e+00
    135.000    -0.9374    -0.9390   2.747629   2.747493    342.380    341.103     0.1596     0.0615     0.1669    251.759   78.83340   -6.49996  19.010482    33.8831    33.8831 0.0000e+00
    136.000    -0.9792    -0.9745   2.745256   2.745379    342.760    340.366     0.1589     0.0608     0.1658    252.806   78.83340   -6.49996  18.980906    33.8973    33.8937 0.0000e+00
    137.000    -0.9860    -0.9849   2.745419   2.745418    345.045    340.126     0.1583     0.0604     0.1658    253.846   78.83340   -6.49996  18.564484    33.9066    33.9054 0.0000e+00
    138.000    -1.0986    -1.0907   2.737090   2.737335    346.122    340.338     0.1575     0.0602     0.1657    254.876   78.83340   -6.49996  18.552842    33.9194    33.9139 0.0000e+00
    139.000    -1.1702    -1.1690   2.732465   2.732319    347.546    340.561     0.1568     0.0553     0.1652    255.904   78.83340   -6.49996  18.479089    33.9366    33.9333 0.0000e+00
    140.000    -1.2002    -1.2017   2.731818   2.731703    347.441    340.150     0.1561     0.0630     0.1652    256.929   78.83340   -6.49996  18.123978    33.9610    33.9612 0.0000e+00
    141.000    -1.1379    -1.1413   2.738079   2.737854    350.200    340.932     0.1553     0.0683     0.1643    257.959   78.83340   -6.49996  18.338899    33.9756    33.9764 0.0000e+00
    142.000    -0.9930    -0.9949   2.751283   2.751340    356.712    343.392     0.1546     0.0632     0.1637    258.988   78.83340   -6.49996  18.295123    33.9913    33.9941 0.0000e+00
    143.000    -0.9440    -0.9431   2.756262   2.756230    363.736    347.730     0.1538     0.0529     0.1633    260.024   78.83340   -6.49996  18.390770    34.0030    34.0016 0.0000e+00
    144.000    -1.0416    -1.0232   2.748446   2.749525    365.103    350.049     0.1530     0.0452     0.1633    261.073   78.83340   -6.49996  18.825700    34.0062    34.0002 0.0000e+00
    145.000    -1.1973    -1.1827   2.735522   2.736453    354.328    346.212     0.1522     0.0517     0.1625    262.123   78.83340   -6.49996  19.353851    34.0055    34.0016 0.0000e+00
    146.000    -1.3067    -1.3016   2.727034   2.727242    339.214    339.472     0.1514     0.0661     0.1623    263.174   78.83340   -6.49996  19.335231    34.0126    34.0096 0.0000e+00
    147.000    -1.3246    -1.3250   2.726407   2.726372    337.070    336.989     0.1506     0.0754     0.1612    264.215   78.83340   -6.49996  18.560592    34.0238    34.0237 0.0000e+00
    148.000    -1.3183    -1.3164   2.728550   2.728562    348.251    340.405     0.1498     0.0729     0.1603    265.245   78.83340   -6.49996  17.891709    34.0455    34.0434 0.0000e+00
    149.000    -1.4561    -1.4497   2.718229   2.718356    362.504    346.886     0.1490     0.0719     0.1599    266.274   78.83340   -6.49996  18.120904    34.0596    34.0541 0.0000e+00
    150.000    -1.5197    -1.5180   2.713670   2.713699    366.475    349.004     0.1482     0.0860     0.1597    267.293   78.83340   -6.49996  18.117923    34.0687    34.0672 0.0000e+00
    151.000    -1.5304    -1.5286   2.712938   2.712971    363.421    348.404     0.1475     0.1032     0.1602    268.309   78.83340   -6.49996  18.007252    34.0702    34.0686 0.0000e+00
    152.000    -1.5682    -1.5666   2.710443   2.710441    366.874    350.904     0.1467     0.1216     0.1589    269.324   78.83340   -6.49996  17.528329    34.0783    34.0764 0.0000e+00
    153.000    -1.5957    -1.5956   2.708668   2.708617    372.092    353.824     0.1460     0.1092     0.1588    270.356   78.83340   -6.49996  17.983549    34.0845    34.0837 0.0000e+00
    154.000    -1.5887    -1.5881   2.709482   2.709499    373.320    355.625     0.1453     0.1008     0.1576    271.399   78.83340   -6.49996  17.959454    34.0871    34.0867 0.0000e+00
    155.000    -1.5843    -1.5846   2.710214   2.710174    373.596    357.230     0.1446     0.1127     0.1571    272.447   78.83340   -6.49996  17.579566    34.0916    34.0915 0.0000e+00
    156.000    -1.4992    -1.5024   2.718134   2.718063    372.961    357.609     0.1440     0.1226     0.1570    273.499   78.83340   -6.49996  17.498404    34.1032    34.1059 0.0000e+00
    157.000    -1.3033    -1.3074   2.735890   2.735789    370.887    356.490     0.1434     0.1093     0.1560    274.542   78.83340   -6.49996  17.380292    34.1236    34.1268 0.0000e+00
    158.000    -1.2727    -1.2713   2.739396   2.739410    373.112    358.631     0.1428     0.0760     0.1553    275.579   78.83340   -6.49996  17.687576    34.1363    34.1348 0.0000e+00
    159.000    -1.2847    -1.2843   2.738853   2.738808    369.012    357.428     0.1422     0.0456     0.1557    276.608   78.83340   -6.49996  18.744958    34.1418    34.1408 0.0000e+00
    160.000    -1.3272    -1.3239   2.735781   2.735849    353.188    350.335     0.1416     0.0527     0.1549    277.633   78.83340   -6.49996  19.853023    34.1475    34.1446 0.0000e+00
    161.000    -1.3982    -1.3954   2.730478   2.730544    341.080    343.849     0.1411     0.0604     0.1537    278.651   78.83340   -6.49996  18.962477    34.1550    34.1527 0.0000e+00
    162.000    -1.4136    -1.4143   2.729809   2.729758    336.301    339.954     0.1406     0.0649     0.1536    279.664   78.83340   -6.49996  18.659808    34.1628    34.1628 0.0000e+00
    163.000    -1.3531    -1.3557   2.735915   2.735777    338.548    338.588     0.1401     0.0680     0.1529    280.685   78.83340   -6.49996  19.058165    34.1770    34.1781 0.0000e+00
    164.000    -1.2821    -1.2851   2.742809   2.742723    345.927    340.190     0.1397     0.0649     0.1532    281.719   78.83340   -6.49996  19.140466    34.1901    34.1923 0.0000e+00
    165.000    -1.1644    -1.1676   2.753728   2.753562    351.485    341.439     0.1393     0.0596     0.1540    282.762   78.83340   -6.49996  19.169303    34.2050    34.2063 0.0000e+00
    166.000    -1.0897    -1.0926   2.761088   2.760912    351.793    341.463     0.1389     0.0594     0.1535    283.811   78.83340   -6.49996  19.835186    34.2198    34.2207 0.0000e+00
    167.000    -1.0331    -1.0357   2.766632   2.766438    347.770    340.496     0.1385     0.0526     0.1536    284.865   78.83340   -6.49996  19.787378    34.2304    34.2308 0.0000e+00
    168.000    -0.9529    -0.9569   2.774393   2.774101    341.153    337.911     0.1382     0.0382     0.1529    285.920   78.83340   -6.49996  19.895139    34.2443    34.2449 0.0000e+00
    169.000    -0.8922    -0.8941   2.780305   2.780221    335.973    335.583     0.1379     0.0397     0.1519    286.973   78.83340   -6.49996  20.397699    34.2551    34.2561 0.0000e+00
    170.000    -0.8213    -0.8246   2.787260   2.787067    333.125    333.601     0.1376     0.0433     0.1513    288.003   78.83340   -6.49996  19.962775    34.2683    34.2695 0.0000e+00
