test_project/cnv_files/sta0242_bin.cnv
* Sea-Bird SBE 9 Data File:
* FileName = C:\Seabird\CTDDATA\Sta0242.hex
* Software Version Seasave V 7.26.7.107
* Temperature SN = 03-4535
* Conductivity SN = 2860
* Number of Bytes Per Scan = 44
* Number of Voltage Words = 5
* Number of Scans Averaged by the Deck Unit = 1
* NMEA Latitude = 78 50.02 N
* NMEA Longitude = 003 00.19 E
* NMEA UTC (Time) = Sep 14 2019 05:38:36
* NMEA baud rate = 9600
** Ship: "Kronprins Haakon"
** Station: 0242
** Echodepth: 2404
** Log: 6462.70
** Wind-Dir Force(m/s): 10 09
** Air-temp (dry): 5.6
** Weather Sky: 2 8
** Sea Ice: 3 0
# nquan = 16
# nvalues = 2435                        
# units = specified
# name 0 = prDM: Pressure, Digiquartz [db]
# name 1 = t090C: Temperature [ITS-90, deg C]
# name 2 = t190C: Temperature, 2 [ITS-90, deg C]
# name 3 = c0S/m: Conductivity [S/m]
# name 4 = c1S/m: Conductivity, 2 [S/m]
# name 5 = sbox0Mm/Kg: Oxygen, SBE 43 [umol/kg]
# name 6 = sbox1Mm/Kg: Oxygen, SBE 43, 2 [umol/kg]
# name 7 = wetCDOM: Fluorescence, WET Labs CDOM [mg/m^3]
# name 8 = flECO-AFL: Fluorescence, WET Labs ECO-AFL/FL [mg/m^3]
# name 9 = CStarAt0: Beam Attenuation, WET Labs C-Star [1/m]
# name 10 = timeS: Time, Elapsed [seconds]
# name 11 = latitude: Latitude [deg]
# name 12 = longitude: Longitude [deg]
# name 13 = sal00: Salinity, Practical [PSU]
# name 14 = sal11: Salinity, Practical, 2 [PSU]
# name 15 = flag: flag
# span 0 =      3.000,   2437.000       
# span 1 =    -0.7379,     5.7723       
# span 2 =    -0.7377,     5.7484       
# span 3 =   2.917991,   3.407146       
# span 4 =   2.918042,   3.440095       
# span 5 =    269.667,    328.568       
# span 6 =    252.753,    325.248       
# span 7 =     0.0903,     0.1337       
# span 8 =    -0.0050,     1.9434       
# span 9 =     0.1259,     0.4522       
# span 10 =    185.363,   2710.631      
# span 11 =   78.83366,   78.83372      
# span 12 =    3.00308,    3.00326      
# span 13 =    33.2257,    35.0389      
# span 14 =    34.7297,    35.4459      
# span 15 = 0.0000e+00, 0.0000e+00      
# interval = decibars: 1                
# start_time = Sep 14 2019 05:38:36 [NMEA time, header]
# bad_flag = -9.990e-29
*END*
[from data line 2260]
   2263.000    -0.7367    -0.7366   2.931879   2.931972    303.969    298.028     0.1239     0.0187     0.1574   2507.871   78.83368    3.00318    34.9138    34.9149 0.0000e+00
   2264.000    -0.7366    -0.7364   2.931927   2.932016    304.176    298.141     0.1237     0.0034     0.1573   2508.848   78.83368    3.00318    34.9138    34.9148 0.0000e+00
   2265.000    -0.7365    -0.7363   2.931984   2.932079    304.507    298.498     0.1235     0.0086     0.1578   2509.833   78.83369    3.00318    34.9139    34.9150 0.0000e+00
   2266.000    -0.7363    -0.7361   2.932045   2.932130    304.029    298.758     0.1232     0.0028     0.1575   2510.820   78.83370    3.00318    34.9140    34.9149 0.0000e+00
   2267.000    -0.7362    -0.7360   2.932084   2.932172    304.815    298.733     0.1230     0.0024     0.1581   2511.799   78.83370    3.00317    34.9139    34.9148 0.0000e+00
   2268.000    -0.7357    -0.7355   2.932183   2.932272    304.108    298.616     0.1227     0.0076     0.1581   2512.758   78.83370    3.00316    34.9140    34.9151 0.0000e+00
   2269.000    -0.7345    -0.7345   2.932332   2.932406    304.107    297.996     0.1224     0.0096     0.1574   2513.703   78.83369    3.00316    34.9142    34.9151 0.0000e+00
   2270.000    -0.7343    -0.7343   2.932385   2.932479    304.612    298.135     0.1222     0.0123     0.1575   2514.644   78.83368    3.00316    34.9142    34.9153 0.0000e+00
   2271.000    -0.7323    -0.7322   2.932622   2.932719    304.454    298.607     0.1219     0.0115     0.1570   2515.592   78.83368    3.00316    34.9144    34.9156 0.0000e+00
   2272.000    -0.7319    -0.7316   2.932706   2.932804    304.802    298.485     0.1217     0.0020     0.1569   2516.549   78.83368    3.00317    34.9147    34.9156 0.0000e+00
   2273.000    -0.7318    -0.7316   2.932762   2.932854    304.503    299.119     0.1214     0.0018     0.1571   2517.515   78.83368    3.00318    34.9147    34.9158 0.0000e+00
   2274.000    -0.7319    -0.7316   2.932792   2.932880    305.070    298.766     0.1211     0.0020     0.1561   2518.489   78.83370    3.00318    34.9146    34.9156 0.0000e+00
   2275.000    -0.7318    -0.7316   2.932834   2.932941    304.661    298.408     0.1209     0.0141     0.1548   2519.473   78.83370    3.00318    34.9146    34.9158 0.0000e+00
   2276.000    -0.7314    -0.7311   2.932918   2.933008    304.745    298.945     0.1206     0.0039     0.1527   2520.453   78.83370    3.00316    34.9147    34.9157 0.0000e+00
   2277.000    -0.7305    -0.7303   2.933047   2.933147    305.109    299.644     0.1204     0.0014     0.1515   2521.424   78.83370    3.00316    34.9149    34.9160 0.0000e+00
   2278.000    -0.7296    -0.7293   2.933176   2.933264    305.240    299.444     0.1201     0.0016     0.1513   2522.389   78.83370    3.00316    34.9151    34.9160 0.0000e+00
   2279.000    -0.7293    -0.7293   2.933233   2.933324    304.994    299.048     0.1199     0.0043     0.1505   2523.347   78.83370    3.00316    34.9150    34.9162 0.0000e+00
   2280.000    -0.7285    -0.7282   2.933349   2.933469    305.003    298.804     0.1198     0.0073     0.1500   2524.299   78.83368    3.00316    34.9151    34.9163 0.0000e+00
   2281.000    -0.7268    -0.7268   2.933571   2.933633    305.136    298.751     0.1196     0.0027     0.1488   2525.252   78.83368    3.00316    34.9155    34.9164 0.0000e+00
   2282.000    -0.7258    -0.7258   2.933692   2.933786    305.025    299.694     0.1195     0.0093     0.1485   2526.210   78.83368    3.00316    34.9156    34.9168 0.0000e+00
   2283.000    -0.7256    -0.7252   2.933764   2.933878    305.270    299.642     0.1194     0.0096     0.1472   2527.171   78.83370    3.00316    34.9158    34.9168 0.0000e+00
   2284.000    -0.7255    -0.7254   2.933819   2.933909    305.274    298.952     0.1193     0.0095     0.1461   2528.140   78.83370    3.00316    34.9159    34.9170 0.0000e+00
   2285.000    -0.7248    -0.7246   2.933928   2.934021    304.935    298.972     0.1193     0.0198     0.1449   2529.104   78.83370    3.00316    34.9160    34.9170 0.0000e+00
   2286.000    -0.7247    -0.7252   2.933968   2.933994    305.609    300.061     0.1193     0.0147     0.1437   2530.062   78.83370    3.00316    34.9158    34.9167 0.0000e+00
   2287.000    -0.7248    -0.7246   2.934000   2.934113    305.424    299.885     0.1193     0.0122     0.1424   2531.013   78.83370    3.00316    34.9158    34.9171 0.0000e+00
   2288.000    -0.7240    -0.7240   2.934105   2.934200    306.059    299.620     0.1193     0.0137     0.1413   2531.968   78.83370    3.00316    34.9159    34.9171 0.0000e+00
   2289.000    -0.7242    -0.7241   2.934140   2.934219    305.737    299.601     0.1194     0.0096     0.1415   2532.939   78.83370    3.00316    34.9160    34.9169 0.0000e+00
   2290.000    -0.7241    -0.7238   2.934182   2.934287    305.886    299.574     0.1194     0.0082     0.1408   2533.919   78.83370    3.00316    34.9159    34.9170 0.0000e+00
   2291.000    -0.7238    -0.7236   2.934258   2.934336    306.380    299.722     0.1195     0.0020     0.1397   2534.896   78.83370    3.00316    34.9161    34.9169 0.0000e+00
   2292.000    -0.7237    -0.7236   2.934309   2.934399    305.968    299.864     0.1196     0.0010     0.1388   2535.865   78.83370    3.00316    34.9161    34.9171 0.0000e+00
   2293.000    -0.7237    -0.7235   2.934345   2.934448    306.170    299.786     0.1196     0.0008     0.1387   2536.818   78.83370    3.00316    34.9160    34.9172 0.0000e+00
   2294.000    -0.7236    -0.7234   2.934397   2.934492    306.426    300.138     0.1197     0.0067     0.1383   2537.753   78.83370    3.00316    34.9161    34.9172 0.0000e+00
   2295.000    -0.7235    -0.7234   2.934448   2.934536    306.088    299.834     0.1198     0.0183     0.1379   2538.810   78.83370    3.00316    34.9161    34.9171 0.0000e+00
   2296.000    -0.7235    -0.7234   2.934486   2.934579    306.382    299.675     0.1199     0.0135     0.1372   2539.720   78.83370    3.00316    34.9161    34.9172 0.0000e+00
   2297.000    -0.7236    -0.7235   2.934521   2.934605    306.242    299.985     0.1201     0.0028     0.1358   2540.523   78.83370    3.00316    34.9162    34.9172 0.0000e+00
   2298.000    -0.7237    -0.7236   2.934541   2.934632    306.265    300.088     0.1202     0.0082     0.1358   2541.458   78.83370    3.00316    34.9161    34.9170 0.0000e+00
   2299.000    -0.7238    -0.7236   2.934582   2.934671    306.430    299.962     0.1204     0.0005     0.1360   2542.524   78.83370    3.00316    34.9161    34.9171 0.0000e+00
   2300.000    -0.7240    -0.7236   2.934600   2.934708    305.842    300.084     0.1205     0.0011     0.1358   2543.572   78.83370    3.00316    34.9161    34.9171 0.0000e+00
   2301.000    -0.7248    -0.7250   2.934565   2.934610    306.129    300.129     0.1207     0.0007     0.1356   2544.597   78.83370    3.00316    34.9160    34.9168 0.0000e+00
   2302.000    -0.7279    -0.7279   2.934319   2.934393    305.991    300.109     0.1209     0.0082     0.1353   2545.621   78.83370    3.00316    34.9157    34.9167 0.0000e+00
   2303.000    -0.7268    -0.7272   2.934470   2.934510    305.399    300.208     0.1210     0.0036     0.1357   2546.655   78.83370    3.00316    34.9159    34.9169 0.0000e+00
   2304.000    -0.7283    -0.7279   2.934355   2.934465    305.770    300.242     0.1212     0.0078     0.1357   2547.697   78.83370    3.00316    34.9156    34.9166 0.0000e+00
   2305.000    -0.7301    -0.7299   2.934230   2.934327    305.585    300.334     0.1215     0.0039     0.1358   2548.729   78.83370    3.00316    34.9154    34.9165 0.0000e+00
   2306.000    -0.7300    -0.7299   2.934277   2.934366    305.474    300.178     0.1217     0.0009     0.1371   2549.754   78.83370    3.00316    34.9154    34.9164 0.0000e+00
   2307.000    -0.7306    -0.7305   2.934265   2.934355    305.155    299.376     0.1219     0.0063     0.1391   2550.783   78.83370    3.00316    34.9154    34.9164 0.0000e+00
   2308.000    -0.7315    -0.7312   2.934238   2.934333    305.423    299.447     0.1222     0.0096     0.1399   2551.822   78.83370    3.00316    34.9155    34.9165 0.0000e+00
   2309.000    -0.7315    -0.7313   2.934279   2.934363    305.480    299.887     0.1224     0.0096     0.1414   2552.868   78.83370    3.00316    34.9155    34.9164 0.0000e+00
   2310.000    -0.7316    -0.7314   2.934318   2.934405    305.000    299.404     0.1226     0.0057     0.1422   2553.909   78.83370    3.00316    34.9156    34.9166 0.0000e+00
   2311.000    -0.7318    -0.7316   2.934339   2.934427    305.044    299.128     0.1228     0.0079     0.1431   2554.936   78.83370    3.00317    34.9156    34.9166 0.0000e+00
   2312.000    -0.7317    -0.7316   2.934391   2.934481    305.003    299.214     0.1230     0.0134     0.1432   2555.960   78.83370    3.00318    34.9157    34.9168 0.0000e+00
   2313.000    -0.7317    -0.7314   2.934445   2.934549    305.289    299.724     0.1231     0.0068     0.1440   2556.986   78.83370    3.00318    34.9159    34.9169 0.0000e+00
   2314.000    -0.7318    -0.7316   2.934477   2.934565    304.809    299.140     0.1232     0.0033     0.1448   2558.021   78.83370    3.00318    34.9159    34.9168 0.0000e+00
   2315.000    -0.7312    -0.7311   2.934576   2.934668    304.693    299.431     0.1233     0.0074     0.1445   2559.061   78.83370    3.00318    34.9160    34.9171 0.0000e+00
   2316.000    -0.7309    -0.7308   2.934654   2.934737    305.352    299.238     0.1234     0.0017     0.1455   2560.101   78.83370    3.00318    34.9162    34.9172 0.0000e+00
   2317.000    -0.7307    -0.7305   2.934708   2.934804    304.732    298.827     0.1234     0.0103     0.1853   2561.143   78.83370    3.00318    34.9161    34.9172 0.0000e+00
   2318.000    -0.7306    -0.7304   2.934765   2.934856    304.758    299.613     0.1235     0.0148     0.1638   2562.180   78.83370    3.00318    34.9162    34.9172 0.0000e+00
   2319.000    -0.7302    -0.7300   2.934846   2.934946    305.161    299.277     0.1235     0.0088     0.1443   2563.208   78.83370    3.00318    34.9164    34.9175 0.0000e+00
   2320.000    -0.7300    -0.7299   2.934906   2.935001    305.248    299.506     0.1235     0.0014     0.1439   2564.227   78.83370    3.00318    34.9164    34.9175 0.0000e+00
   2321.000    -0.7298    -0.7296   2.934967   2.935055    305.050    299.681     0.1236     0.0007     0.1426   2565.246   78.83370    3.00318    34.9165    34.9174 0.0000e+00
   2322.000    -0.7296    -0.7294   2.935029   2.935122    305.385    299.721     0.1236     0.0015     0.1423   2566.273   78.83370    3.00318    34.9165    34.9175 0.0000e+00
   2323.000    -0.7295    -0.7293   2.935074   2.935178    305.248    299.462     0.1236     0.0015     0.1423   2567.313   78.83370    3.00318    34.9165    34.9176 0.0000e+00
   2324.000    -0.7293    -0.7291   2.935134   2.935232    305.487    299.842     0.1237     0.0010     0.1418   2568.366   78.83370    3.00318    34.9166    34.9176 0.0000e+00
   2325.000    -0.7291    -0.7289   2.935201   2.935293    305.231    299.886     0.1237     0.0002     0.1405   2569.419   78.83370    3.00318    34.9166    34.9176 0.0000e+00
   2326.000    -0.7290    -0.7288   2.935248   2.935348    305.297    299.218     0.1237     0.0010     0.1401   2570.465   78.83370    3.00318    34.9166    34.9177 0.0000e+00
   2327.000    -0.7288    -0.7286   2.935309   2.935410    305.514    298.895     0.1237     0.0060     0.1392   2571.504   78.83370    3.00318    34.9167    34.9179 0.0000e+00
   2328.000    -0.7289    -0.7287   2.935345   2.935441    306.712    299.780     0.1237     0.0096     0.1390   2572.544   78.83370    3.00318    34.9168    34.9178 0.0000e+00
   2329.000    -0.7294    -0.7290   2.935358   2.935452    304.762    299.943     0.1237     0.0096     0.1386   2573.585   78.83370    3.00318    34.9169    34.9178 0.0000e+00
   2330.000    -0.7294    -0.7292   2.935388   2.935485    305.667    299.647     0.1237     0.0096     0.1380   2574.615   78.83370    3.00318    34.9169    34.9179 0.0000e+00
   2331.000    -0.7295    -0.7292   2.935434   2.935529    305.511    299.757     0.1236     0.0123     0.1375   2575.636   78.83370    3.00318    34.9170    34.9180 0.0000e+00
   2332.000    -0.7294    -0.7292   2.935477   2.935576    305.980    299.872     0.1236     0.0133     0.1366   2576.651   78.83370    3.00318    34.9169    34.9181 0.0000e+00
   2333.000    -0.7298    -0.7295   2.935496   2.935591    305.435    299.746     0.1235     0.0069     0.1356   2577.672   78.83370    3.00318    34.9171    34.9181 0.0000e+00
   2334.000    -0.7298    -0.7296   2.935531   2.935625    305.800    300.306     0.1234     0.0007     0.1353   2578.712   78.83370    3.00318    34.9171    34.9181 0.0000e+00
   2335.000    -0.7299    -0.7296   2.935567   2.935663    305.936    300.596     0.1233     0.0008     0.1351   2579.769   78.83370    3.00319    34.9171    34.9181 0.0000e+00
   2336.000    -0.7299    -0.7296   2.935598   2.935708    305.671    300.186     0.1232     0.0006     0.1348   2580.827   78.83370    3.00320    34.9171    34.9182 0.0000e+00
   2337.000    -0.7299    -0.7297   2.935637   2.935736    305.969    300.275     0.1231     0.0007     0.1351   2581.878   78.83370    3.00319    34.9171    34.9182 0.0000e+00
   2338.000    -0.7299    -0.7297   2.935685   2.935782    306.111    300.186     0.1229     0.0011     0.1347   2582.917   78.83370    3.00318    34.9172    34.9182 0.0000e+00
   2339.000    -0.7299    -0.7297   2.935735   2.935815    305.660    299.710     0.1228     0.0006     0.1347   2583.951   78.83370    3.00318    34.9173    34.9181 0.0000e+00
   2340.000    -0.7299    -0.7296   2.935766   2.935865    305.922    299.864     0.1226     0.0008     0.1346   2584.982   78.83370    3.00318    34.9171    34.9182 0.0000e+00
   2341.000    -0.7298    -0.7296   2.935816   2.935909    306.161    300.167     0.1224     0.0001     0.1348   2586.009   78.83370    3.00319    34.9172    34.9182 0.0000e+00
   2342.000    -0.7298    -0.7296   2.935851   2.935953    305.875    300.122     0.1223     0.0081     0.1347   2587.036   78.83370    3.00320    34.9172    34.9183 0.0000e+00
   2343.000    -0.7298    -0.7295   2.935905   2.936006    305.463    300.194     0.1220     0.0095     0.1347   2588.064   78.83370    3.00320    34.9173    34.9184 0.0000e+00
   2344.000    -0.7297    -0.7294   2.935954   2.936049    305.434    300.160     0.1218     0.0028     0.1347   2589.096   78.83370    3.00320    34.9174    34.9183 0.0000e+00
   2345.000    -0.7298    -0.7295   2.935992   2.936085    305.613    299.790     0.1216     0.0074     0.1346   2590.124   78.83370    3.00320    34.9174    34.9184 0.0000e+00
   2346.000    -0.7297    -0.7295   2.936027   2.936127    305.714    300.200     0.1214     0.0096     0.1347   2591.161   78.83370    3.00318    34.9173    34.9184 0.0000e+00
   2347.000    -0.7296    -0.7294   2.936076   2.936168    305.855    300.106     0.1212     0.0096     0.1347   2592.206   78.83370    3.00318    34.9173    34.9183 0.0000e+00
   2348.000    -0.7296    -0.7293   2.936121   2.936221    305.363    299.964     0.1209     0.0094     0.1347   2593.260   78.83370    3.00320    34.9174    34.9184 0.0000e+00
   2349.000    -0.7294    -0.7292   2.936179   2.936270    305.064    300.012     0.1207     0.0130     0.1345   2594.310   78.83370    3.00320    34.9174    34.9184 0.0000e+00
   2350.000    -0.7294    -0.7292   2.936216   2.936320    305.494    299.867     0.1205     0.0127     0.1344   2595.347   78.83370    3.00320    34.9174    34.9185 0.0000e+00
   2351.000    -0.7293    -0.7291   2.936267   2.936361    305.899    300.174     0.1203     0.0096     0.1343   2596.372   78.83370    3.00320    34.9174    34.9184 0.0000e+00
   2352.000    -0.7293    -0.7291   2.936314   2.936414    305.852    300.102     0.1201     0.0065     0.1343   2597.395   78.83370    3.00320    34.9175    34.9185 0.0000e+00
