test_project/cnv_files/Sta0222_bin.cnv
* Sea-Bird SBE 9 Data File:
* FileName = C:\Seabird\CTDDATA\Sta0222.hex
* Software Version Seasave V 7.26.7.107
* Temperature SN = 03-4535
* Conductivity SN = 2860
* Number of Bytes Per Scan = 44
* Number of Voltage Words = 5
* Number of Scans Averaged by the Deck Unit = 1
* NMEA Latitude = 78 13.52 N
* NMEA Longitude = 015 27.38 W
* NMEA UTC (Time) = Sep 07 2019 23:00:02
* NMEA baud rate = 9600
** Ship: "Kronprins Haakon"
** Station: 0222
** Echodepth: 228
** Log: 6058.490
** Wind-Dir Force(m/s): 25 06
** Air-temp (dry): -1.7
** Weather Sky: 0 1
** Sea Ice: 0 4
# nquan = 17
# nvalues = 213                         
# units = specified
# name 0 = prDM: Pressure, Digiquartz [db]
# name 1 = t090C: Temperature [ITS-90, deg C]
# name 2 = t190C: Temperature, 2 [ITS-90, deg C]
# name 3 = c0S/m: Conductivity [S/m]
# name 4 = c1S/m: Conductivity, 2 [S/m]
# name 5 = sbox0Mm/Kg: Oxygen, SBE 43 [umol/kg]
# name 6 = sbox1Mm/Kg: Oxygen, SBE 43, 2 [umol/kg]
# name 7 = wetCDOM: Fluorescence, WET Labs CDOM [mg/m^3]
# name 8 = flECO-AFL: Fluorescence, WET Labs ECO-AFL/FL [mg/m^3]
# name 9 = CStarAt0: Beam Attenuation, WET Labs C-Star [1/m]
# name 10 = timeS: Time, Elapsed [seconds]
# name 11 = latitude: Latitude [deg]
# name 12 = longitude: Longitude [deg]
# name 13 = upoly0: Upoly 0, ISUS
# name 14 = sal00: Salinity, Practical [PSU]
# name 15 = sal11: Salinity, Practical, 2 [PSU]
# name 16 = flag: flag
# span 0 =      2.000,    214.000       
# span 1 =    -1.6639,     1.0359       
# span 2 =    -1.6635,     1.0345       
# span 3 =   2.409684,   2.980865       
# span 4 =   2.409652,   2.980760       
# span 5 =    307.298,    425.799       
# span 6 =    304.596,    417.337       
# span 7 =     0.1200,     0.1834       
# span 8 =     0.0034,     1.8835       
# span 9 =     0.1358,     0.3498       
# span 10 =    544.988,    792.065      
# span 11 =   78.22544,   78.22544      
# span 12 =  -15.45643,  -15.45640      
# span 13 =  12.621271,  24.475715      
# span 14 =    29.4319,    34.7128      
# span 15 =    29.4315,    34.7125      
# span 16 = 0.0000e+00, 0.0000e+00      
# interval = decibars: 1                
# start_time = Sep 07 2019 23:00:02 [NMEA time, header]
# bad_flag = -9.990e-29
*END*
      2.000    -0.9651    -0.9613   2.409812   2.410123    394.009    395.187     0.1348     0.1638     0.2085    544.988   78.22544  -15.45640  13.223571    29.4324    29.4329 0.0000e+00
      3.000    -0.9625    -0.9622   2.410188   2.410213    394.613    395.148     0.1342     0.1569     0.2201    546.521   78.22544  -15.45640  13.252390    29.4344    29.4344 0.0000e+00
      4.000    -0.9652    -0.9651   2.410179   2.410108    394.792    394.880     0.1335     0.1478     0.2037    547.651   78.22544  -15.45640  13.550349    29.4363    29.4352 0.0000e+00
      5.000    -0.9680    -0.9680   2.409684   2.409652    394.827    395.022     0.1331     0.1482     0.1999    548.652   78.22544  -15.45640  13.285583    29.4319    29.4315 0.0000e+00
      6.000    -0.9671    -0.9666   2.409914   2.409949    395.311    395.022     0.1332     0.1482     0.1997    549.674   78.22544  -15.45640  12.882140    29.4335    29.4336 0.0000e+00
      7.000    -0.9636    -0.9617   2.410368   2.410419    395.608    394.138     0.1334     0.1443     0.2001    550.732   78.22544  -15.45641  12.702692    29.4357    29.4345 0.0000e+00
      8.000    -0.9660    -0.9646   2.410350   2.410398    395.803    393.287     0.1328     0.1443     0.2027    551.794   78.22544  -15.45642  13.018001    29.4371    29.4365 0.0000e+00
      9.000    -0.9604    -0.9591   2.410525   2.410571    396.814    392.517     0.1320     0.1478     0.2009    552.862   78.22544  -15.45641  13.065304    29.4335    29.4329 0.0000e+00
     10.000    -0.9589    -0.9588   2.410738   2.410704    397.435    392.067     0.1307     0.1485     0.1987    553.927   78.22544  -15.45640  12.809622    29.4344    29.4338 0.0000e+00
     11.000    -0.9627    -0.9614   2.410385   2.410453    398.300    392.057     0.1291     0.1483     0.1990    554.994   78.22544  -15.45640  12.830368    29.4327    29.4324 0.0000e+00
     12.000    -0.9622    -0.9622   2.410462   2.410423    398.404    392.389     0.1271     0.1516     0.2008    556.057   78.22544  -15.45640  13.094083    29.4328    29.4323 0.0000e+00
     13.000    -0.9536    -0.9554   2.411685   2.411528    398.203    392.593     0.1250     0.1503     0.1979    557.112   78.22544  -15.45640  13.086621    29.4402    29.4398 0.0000e+00
     14.000    -0.9437    -0.9434   2.413622   2.413693    398.442    392.818     0.1230     0.1467     0.1980    558.160   78.22544  -15.45640  12.765862    29.4558    29.4564 0.0000e+00
     15.000    -0.9449    -0.9444   2.414011   2.413910    399.182    393.552     0.1213     0.1602     0.1982    559.196   78.22544  -15.45640  12.621271    29.4616    29.4598 0.0000e+00
     16.000    -0.9487    -0.9478   2.414641   2.414701    399.392    394.252     0.1203     0.1742     0.1985    560.227   78.22544  -15.45640  12.959145    29.4732    29.4732 0.0000e+00
     17.000    -0.9488    -0.9490   2.422700   2.422582    398.289    394.464     0.1200     0.1854     0.1985    561.265   78.22544  -15.45640  13.169162    29.5807    29.5793 0.0000e+00
     18.000    -0.9439    -0.9433   2.428530   2.429172    397.661    394.244     0.1206     0.1866     0.1982    562.295   78.22544  -15.45640  13.387547    29.6533    29.6613 0.0000e+00
     19.000    -0.9294    -0.9285   2.442014   2.443633    398.122    393.912     0.1221     0.1950     0.1985    563.334   78.22544  -15.45640  13.504976    29.8190    29.8398 0.0000e+00
     20.000    -0.8709    -0.8733   2.487178   2.487500    397.106    392.680     0.1244     0.2165     0.2012    564.379   78.22544  -15.45640  13.323365    30.3649    30.3716 0.0000e+00
     21.000    -0.8688    -0.8675   2.550829   2.551496    397.192    392.192     0.1274     0.2455     0.2026    565.426   78.22544  -15.45640  13.119458    31.2168    31.2244 0.0000e+00
     22.000    -0.9180    -0.9157   2.570145   2.570100    400.187    395.050     0.1309     0.2911     0.2134    566.490   78.22544  -15.45640  13.252154    31.5275    31.5245 0.0000e+00
     23.000    -0.9756    -0.9746   2.574796   2.574743    402.854    399.631     0.1346     0.3788     0.2275    567.547   78.22544  -15.45640  13.619495    31.6502    31.6483 0.0000e+00
     24.000    -0.9941    -0.9934   2.578088   2.578043    409.627    406.624     0.1383     0.4096     0.2411    568.611   78.22544  -15.45640  13.654265    31.7135    31.7122 0.0000e+00
     25.000    -1.0146    -1.0138   2.581834   2.581781    419.086    412.635     0.1419     0.5037     0.2737    569.688   78.22544  -15.45640  13.523492    31.7853    31.7837 0.0000e+00
     26.000    -1.0300    -1.0286   2.584041   2.584078    424.257    415.048     0.1451     0.5474     0.2610    570.781   78.22544  -15.45640  13.132175    31.8309    31.8299 0.0000e+00
     27.000    -1.0212    -1.0178   2.575321   2.575937    425.799    417.337     0.1480     0.5567     0.2312    573.778   78.22544  -15.45640  12.998823    31.7030    31.7077 0.0000e+00
     28.000    -1.1090    -1.1082   2.585749   2.585767    420.520    416.857     0.1506     0.7538     0.2379    575.236   78.22544  -15.45640  13.498465    31.9368    31.9362 0.0000e+00
     29.000    -1.1508    -1.1492   2.585969   2.585939    417.032    414.808     0.1528     0.9417     0.2501    576.297   78.22544  -15.45640  13.693543    31.9838    31.9818 0.0000e+00
     30.000    -1.2196    -1.2176   2.583764   2.583749    417.620    414.551     0.1547     0.8828     0.2586    577.319   78.22544  -15.45640  13.747509    32.0268    32.0245 0.0000e+00
     31.000    -1.2668    -1.2656   2.582983   2.582966    419.148    413.835     0.1564     1.1540     0.2626    578.371   78.22544  -15.45640  13.869544    32.0662    32.0646 0.0000e+00
     32.000    -1.3352    -1.3339   2.580270   2.580258    420.827    414.108     0.1580     1.6915     0.2766    579.439   78.22544  -15.45640  14.100192    32.1020    32.1004 0.0000e+00
     33.000    -1.3829    -1.3818   2.579370   2.579343    421.524    413.237     0.1595     1.5000     0.2824    580.511   78.22544  -15.45640  14.185054    32.1404    32.1388 0.0000e+00
     34.000    -1.4149    -1.4142   2.578037   2.578021    421.646    412.574     0.1609     1.8835     0.3004    581.579   78.22544  -15.45640  13.844890    32.1560    32.1551 0.0000e+00
     35.000    -1.4359    -1.4354   2.577352   2.577337    421.062    410.938     0.1624     1.8280     0.3236    582.638   78.22544  -15.45640  13.445986    32.1687    32.1679 0.0000e+00
     36.000    -1.4662    -1.4653   2.576450   2.576425    420.989    410.312     0.1638     1.6272     0.3445    583.673   78.22544  -15.45640  13.859960    32.1884    32.1871 0.0000e+00
     37.000    -1.4858    -1.4851   2.575941   2.575924    420.256    409.298     0.1652     1.3270     0.3498    584.694   78.22544  -15.45640  14.697171    32.2020    32.2010 0.0000e+00
     38.000    -1.5104    -1.5097   2.574904   2.574879    417.364    407.262     0.1666     1.1231     0.3462    585.706   78.22544  -15.45640  14.515004    32.2138    32.2127 0.0000e+00
     39.000    -1.5332    -1.5327   2.573973   2.573950    413.261    404.321     0.1679     0.9939     0.3353    586.717   78.22544  -15.45640  15.283417    32.2251    32.2242 0.0000e+00
     40.000    -1.5352    -1.5354   2.574882   2.574852    408.180    400.337     0.1692     0.8883     0.3220    587.738   78.22544  -15.45640  15.876596    32.2391    32.2390 0.0000e+00
     41.000    -1.5581    -1.5578   2.573722   2.573630    404.530    396.986     0.1704     0.7742     0.3092    588.765   78.22544  -15.45640  16.106060    32.2473    32.2459 0.0000e+00
     42.000    -1.5768    -1.5764   2.572775   2.572777    401.452    394.744     0.1716     0.6226     0.3012    589.809   78.22544  -15.45640  15.603662    32.2540    32.2537 0.0000e+00
     43.000    -1.6166    -1.6152   2.570871   2.570836    399.005    392.855     0.1726     0.5001     0.2904    590.860   78.22544  -15.45640  15.207570    32.2703    32.2683 0.0000e+00
     44.000    -1.6449    -1.6451   2.569660   2.569678    396.491    390.698     0.1737     0.3853     0.2699    591.918   78.22544  -15.45640  15.529799    32.2839    32.2843 0.0000e+00
     45.000    -1.6355    -1.6353   2.571234   2.571230    393.634    388.238     0.1746     0.2222     0.2405    592.982   78.22544  -15.45640  15.964340    32.2947    32.2945 0.0000e+00
     46.000    -1.6474    -1.6470   2.570887   2.570876    393.277    386.811     0.1754     0.1930     0.2284    594.030   78.22544  -15.45640  16.116396    32.3022    32.3016 0.0000e+00
     47.000    -1.6470    -1.6471   2.571963   2.571974    391.830    384.006     0.1762     0.1651     0.2121    595.061   78.22544  -15.45640  16.260049    32.3161    32.3164 0.0000e+00
     48.000    -1.6379    -1.6380   2.574354   2.574349    389.625    382.365     0.1769     0.1478     0.1981    596.104   78.22544  -15.45640  16.322138    32.3386    32.3386 0.0000e+00
     49.000    -1.6361    -1.6358   2.575002   2.575045    388.725    381.811     0.1776     0.1857     0.1890    597.146   78.22544  -15.45640  16.246565    32.3449    32.3452 0.0000e+00
     50.000    -1.6349    -1.6347   2.575356   2.575344    388.343    381.715     0.1782     0.2416     0.1839    598.186   78.22544  -15.45640  16.278902    32.3479    32.3476 0.0000e+00
     51.000    -1.6357    -1.6355   2.575874   2.575876    389.100    382.759     0.1787     0.2441     0.1830    599.221   78.22544  -15.45640  16.566622    32.3553    32.3551 0.0000e+00
     52.000    -1.6375    -1.6370   2.577196   2.577234    390.903    384.762     0.1791     0.2389     0.1794    600.250   78.22544  -15.45640  16.478467    32.3749    32.3749 0.0000e+00
     53.000    -1.6441    -1.6436   2.578244   2.578255    392.639    385.875     0.1796     0.1451     0.1773    601.259   78.22544  -15.45640  16.170299    32.3960    32.3956 0.0000e+00
     54.000    -1.6547    -1.6543   2.579047   2.579065    392.429    385.320     0.1799     0.1216     0.1739    602.280   78.22544  -15.45640  16.355687    32.4180    32.4179 0.0000e+00
     55.000    -1.6590    -1.6588   2.579993   2.580013    389.340    382.334     0.1803     0.1136     0.1713    603.313   78.22544  -15.45640  16.938267    32.4352    32.4353 0.0000e+00
     56.000    -1.6580    -1.6580   2.581247   2.581250    386.063    379.302     0.1806     0.1368     0.1696    604.344   78.22544  -15.45640  17.428069    32.4508    32.4508 0.0000e+00
     57.000    -1.6555    -1.6555   2.582294   2.582320    384.484    378.045     0.1809     0.1526     0.1697    605.376   78.22544  -15.45640  16.462206    32.4620    32.4623 0.0000e+00
     58.000    -1.6615    -1.6614   2.582941   2.582930    385.943    378.986     0.1811     0.1233     0.1678    606.420   78.22544  -15.45640  16.807809    32.4769    32.4766 0.0000e+00
     59.000    -1.6572    -1.6574   2.583999   2.583992    387.065    379.752     0.1814     0.1031     0.1670    607.469   78.22544  -15.45640  17.120470    32.4861    32.4863 0.0000e+00
     60.000    -1.6578    -1.6575   2.584918   2.584943    385.291    378.415     0.1816     0.1081     0.1664    608.525   78.22544  -15.45640  16.770977    32.4989    32.4990 0.0000e+00
     61.000    -1.6621    -1.6619   2.586067   2.586088    383.541    377.417     0.1818     0.1119     0.1650    609.579   78.22544  -15.45640  17.257907    32.5189    32.5189 0.0000e+00
     62.000    -1.6628    -1.6627   2.587654   2.587672    382.579    377.045     0.1820     0.1077     0.1642    610.619   78.22544  -15.45640  17.687193    32.5410    32.5412 0.0000e+00
     63.000    -1.6597    -1.6596   2.590093   2.590123    382.712    376.791     0.1821     0.1011     0.1644    611.659   78.22544  -15.45640  17.605485    32.5707    32.5710 0.0000e+00
     64.000    -1.6583    -1.6581   2.592162   2.592162    381.767    375.734     0.1823     0.1026     0.1643    612.687   78.22544  -15.45640  17.576564    32.5971    32.5969 0.0000e+00
     65.000    -1.6603    -1.6602   2.593936   2.593967    380.516    374.429     0.1825     0.1049     0.1641    613.711   78.22544  -15.45640  17.975541    32.6233    32.6236 0.0000e+00
     66.000    -1.6570    -1.6569   2.596476   2.596485    379.636    373.345     0.1826     0.0885     0.1647    614.738   78.22544  -15.45640  17.982381    32.6542    32.6542 0.0000e+00
     67.000    -1.6639    -1.6635   2.597438   2.597454    378.407    372.826     0.1827     0.0816     0.1611    615.769   78.22544  -15.45640  18.090339    32.6744    32.6741 0.0000e+00
     68.000    -1.6562    -1.6565   2.600990   2.601017    377.853    371.642     0.1829     0.0768     0.1599    616.813   78.22544  -15.45640  18.181008    32.7145    32.7152 0.0000e+00
     69.000    -1.6495    -1.6496   2.603447   2.603450    376.604    370.769     0.1830     0.0804     0.1584    617.865   78.22544  -15.45640  18.080057    32.7405    32.7406 0.0000e+00
     70.000    -1.6440    -1.6440   2.606129   2.606150    375.901    370.676     0.1831     0.0678     0.1572    618.918   78.22544  -15.45640  17.631753    32.7708    32.7712 0.0000e+00
     71.000    -1.6434    -1.6431   2.608614   2.608636    375.350    370.417     0.1832     0.0618     0.1570    619.951   78.22544  -15.45640  17.658454    32.8039    32.8038 0.0000e+00
     72.000    -1.6421    -1.6419   2.610390   2.610403    374.643    369.705     0.1833     0.0681     0.1564    620.977   78.22544  -15.45640  17.813661    32.8264    32.8264 0.0000e+00
     73.000    -1.6441    -1.6439   2.611527   2.611546    373.186    368.722     0.1833     0.0742     0.1554    622.000   78.22544  -15.45640  17.879827    32.8437    32.8438 0.0000e+00
     74.000    -1.6442    -1.6440   2.612393   2.612407    371.918    367.524     0.1834     0.0629     0.1543    623.019   78.22544  -15.45640  17.946562    32.8552    32.8552 0.0000e+00
     75.000    -1.6458    -1.6456   2.613544   2.613557    371.886    367.016     0.1834     0.0666     0.1548    624.045   78.22544  -15.45640  17.981925    32.8723    32.8722 0.0000e+00
     76.000    -1.6462    -1.6458   2.616025   2.616045    372.024    366.708     0.1833     0.0628     0.1545    625.085   78.22544  -15.45640  17.894575    32.9065    32.9063 0.0000e+00
     77.000    -1.6407    -1.6409   2.620125   2.620132    371.851    366.543     0.1833     0.0661     0.1544    626.148   78.22544  -15.45640  17.613357    32.9564    32.9568 0.0000e+00
     78.000    -1.6303    -1.6304   2.624131   2.624142    372.321    366.775     0.1832     0.0580     0.1543    627.226   78.22544  -15.45640  17.600249    32.9997    32.9999 0.0000e+00
     79.000    -1.6293    -1.6288   2.626058   2.626062    372.603    367.141     0.1831     0.0537     0.1541    628.287   78.22544  -15.45640  17.956016    33.0246    33.0242 0.0000e+00
     80.000    -1.6426    -1.6421   2.626809   2.626798    372.737    367.423     0.1830     0.0632     0.1541    629.340   78.22544  -15.45640  17.646482    33.0492    33.0485 0.0000e+00
     81.000    -1.6450    -1.6448   2.627951   2.627952    371.445    366.408     0.1828     0.0594     0.1540    630.367   78.22544  -15.45640  17.415893    33.0671    33.0669 0.0000e+00
     82.000    -1.6456    -1.6454   2.628775   2.628783    370.286    365.389     0.1826     0.0498     0.1532    631.370   78.22544  -15.45640  17.289885    33.0785    33.0784 0.0000e+00
     83.000    -1.6446    -1.6445   2.629680   2.629685    370.801    365.026     0.1823     0.0429     0.1523    632.363   78.22544  -15.45640  17.389112    33.0893    33.0893 0.0000e+00
     84.000    -1.6434    -1.6433   2.631338   2.631330    371.867    365.123     0.1821     0.0462     0.1530    633.352   78.22544  -15.45640  17.742775    33.1103    33.1101 0.0000e+00
     85.000    -1.6393    -1.6393   2.633105   2.633118    372.462    365.120     0.1817     0.0569     0.1524    634.360   78.22544  -15.45640  17.945917    33.1296    33.1297 0.0000e+00
     86.000    -1.6370    -1.6367   2.635041   2.635034    372.322    364.981     0.1814     0.0480     0.1514    635.398   78.22544  -15.45640  17.869104    33.1532    33.1528 0.0000e+00
