test_project/cnv_files/Sta0208_bin.cnv
* Sea-Bird SBE 9 Data File:
* FileName = C:\Seabird\CTDDATA\Sta0208.hex
* Software Version Seasave V 7.26.7.107
* Temperature SN = 03-4535
* Conductivity SN = 2860
* Number of Bytes Per Scan = 44
* Number of Voltage Words = 5
* Number of Scans Averaged by the Deck Unit = 1
* NMEA Latitude = 78 50.17 N
* NMEA Longitude = 008 09.17 W
* NMEA UTC (Time) = Sep 05 2019 09:21:07
* NMEA baud rate = 9600
** Ship: "Kronprins Haakon"
** Station: 0208
** Echodepth: 235
** Log: 5911.27
** Wind-Dir Force(m/s): 20 14
** Air-temp (dry): -1.3
** Weather Sky: 0 2
** Sea Ice: 0 4
# nquan = 17
# nvalues = 222                         
# units = specified
# name 0 = prDM: Pressure, Digiquartz [db]
# name 1 = t090C: Temperature [ITS-90, deg C]
# name 2 = t190C: Temperature, 2 [ITS-90, deg C]
# name 3 = c0S/m: Conductivity [S/m]
# name 4 = c1S/m: Conductivity, 2 [S/m]
# name 5 = sbox0Mm/Kg: Oxygen, SBE 43 [umol/kg]
# name 6 = sbox1Mm/Kg: Oxygen, SBE 43, 2 [umol/kg]
# name 7 = wetCDOM: Fluorescence, WET Labs CDOM [mg/m^3]
# name 8 = flECO-AFL: Fluorescence, WET Labs ECO-AFL/FL [mg/m^3]
# name 9 = CStarAt0: Beam Attenuation, WET Labs C-Star [1/m]
# name 10 = timeS: Time, Elapsed [seconds]
# name 11 = latitude: Latitude [deg]
# name 12 = longitude: Longitude [deg]
# name 13 = upoly0: Upoly 0, ISUS
# name 14 = sal00: Salinity, Practical [PSU]
# name 15 = sal11: Salinity, Practical, 2 [PSU]
# name 16 = flag: flag
# span 0 =      3.000,    224.000       
# span 1 =    -1.5588,     1.0818       
# span 2 =    -1.5580,     1.0823       
# span 3 =   2.462913,   2.988058       
# span 4 =   2.462781,   2.987947       
# span 5 =    305.044,    418.604       
# span 6 =    303.874,    406.526       
# span 7 =     0.1145,     0.1764       
# span 8 =     0.0031,     1.1465       
# span 9 =     0.1506,     0.3427       
# span 10 =    151.954,    390.644      
# span 11 =   78.83628,   78.83628      
# span 12 =   -8.15290,   -8.15288      
# span 13 =  12.797913,  24.761743      
# span 14 =    30.6413,    34.7479      
# span 15 =    30.6378,    34.7463      
# span 16 = 0.0000e+00, 0.0000e+00      
# interval = decibars: 1                
# start_time = Sep 05 2019 09:21:07 [NMEA time, header]
# bad_flag = -9.990e-29
*END*
[from data line 86]
     89.000    -1.2177    -1.2170   2.714008   2.713959    354.684    347.167     0.1601     0.0984     0.1653    254.051   78.83628   -8.15288  18.877174    33.7685    33.7671 0.0000e+00
     90.000    -1.1810    -1.1823   2.720346   2.720282    357.398    348.369     0.1592     0.0904     0.1659    255.059   78.83628   -8.15288  18.826155    33.8134    33.8140 0.0000e+00
     91.000    -1.1829    -1.1815   2.722742   2.722689    360.141    350.242     0.1583     0.0870     0.1666    256.070   78.83628   -8.15288  19.013050    33.8477    33.8454 0.0000e+00
     92.000    -1.2128    -1.2121   2.723695   2.723632    362.300    351.554     0.1573     0.0708     0.1660    257.068   78.83628   -8.15288  18.968724    33.8940    33.8923 0.0000e+00
     93.000    -1.1804    -1.1823   2.727945   2.727843    359.836    350.380     0.1563     0.0883     0.1650    258.065   78.83628   -8.15288  18.936786    33.9149    33.9157 0.0000e+00
     94.000    -1.1183    -1.1225   2.735437   2.735256    357.177    349.433     0.1554     0.0830     0.1647    259.071   78.83628   -8.15288  19.205402    33.9465    33.9487 0.0000e+00
     95.000    -1.0594    -1.0594   2.742856   2.742748    358.540    350.569     0.1544     0.0646     0.1646    260.083   78.83628   -8.15288  18.923617    33.9805    33.9792 0.0000e+00
     96.000    -1.0774    -1.0749   2.742486   2.742515    360.259    351.662     0.1534     0.0828     0.1638    261.085   78.83628   -8.15288  19.348075    33.9953    33.9928 0.0000e+00
     97.000    -1.1519    -1.1452   2.736868   2.736940    356.670    350.097     0.1525     0.0902     0.1627    262.084   78.83628   -8.15288  20.200958    34.0023    33.9957 0.0000e+00
     98.000    -1.2638    -1.2584   2.728293   2.728349    349.726    346.586     0.1515     0.0977     0.1618    263.076   78.83628   -8.15288  20.361932    34.0112    34.0058 0.0000e+00
     99.000    -1.2655    -1.2666   2.728554   2.728456    343.102    342.309     0.1506     0.1230     0.1605    264.079   78.83628   -8.15288  19.868963    34.0160    34.0160 0.0000e+00
    100.000    -1.1935    -1.1979   2.736111   2.735951    344.089    340.844     0.1497     0.1364     0.1613    265.084   78.83628   -8.15288  19.309396    34.0373    34.0401 0.0000e+00
    101.000    -1.1571    -1.1565   2.741367   2.741293    353.057    344.137     0.1488     0.1135     0.1621    266.084   78.83628   -8.15288  19.380375    34.0674    34.0656 0.0000e+00
    102.000    -1.1693    -1.1685   2.741220   2.741176    360.546    347.783     0.1479     0.0833     0.1612    267.082   78.83628   -8.15288  20.344430    34.0785    34.0770 0.0000e+00
    103.000    -1.1690    -1.1687   2.741753   2.741700    358.216    347.059     0.1470     0.0586     0.1605    268.074   78.83628   -8.15288  20.367667    34.0849    34.0838 0.0000e+00
    104.000    -1.1674    -1.1671   2.742277   2.742227    351.090    344.035     0.1462     0.0460     0.1595    269.072   78.83628   -8.15288  19.943814    34.0896    34.0886 0.0000e+00
    105.000    -1.1662    -1.1654   2.742839   2.742807    347.072    341.598     0.1455     0.0457     0.1596    270.071   78.83628   -8.15288  20.494278    34.0954    34.0940 0.0000e+00
    106.000    -1.1750    -1.1745   2.742813   2.742772    345.621    340.480     0.1447     0.0462     0.1569    271.067   78.83628   -8.15288  20.179601    34.1043    34.1032 0.0000e+00
    107.000    -1.1759    -1.1753   2.743529   2.743484    345.453    339.858     0.1440     0.0456     0.1560    272.058   78.83628   -8.15288  20.170388    34.1146    34.1133 0.0000e+00
    108.000    -1.1831    -1.1822   2.743401   2.743372    345.293    339.874     0.1434     0.0400     0.1555    273.052   78.83628   -8.15288  20.527358    34.1204    34.1189 0.0000e+00
    109.000    -1.1949    -1.1940   2.742979   2.742936    345.356    339.763     0.1427     0.0431     0.1542    274.058   78.83628   -8.15288  20.388668    34.1274    34.1258 0.0000e+00
    110.000    -1.1973    -1.1969   2.743012   2.742974    345.572    339.311     0.1422     0.0415     0.1535    275.063   78.83628   -8.15288  20.880015    34.1300    34.1290 0.0000e+00
    111.000    -1.1986    -1.1981   2.743080   2.743043    345.926    338.914     0.1416     0.0426     0.1530    276.065   78.83628   -8.15288  20.881194    34.1318    34.1306 0.0000e+00
    112.000    -1.1981    -1.1976   2.743349   2.743310    346.398    338.993     0.1411     0.0432     0.1530    277.063   78.83628   -8.15288  20.950188    34.1342    34.1332 0.0000e+00
    113.000    -1.1963    -1.1959   2.743860   2.743816    346.524    339.236     0.1407     0.0454     0.1522    278.059   78.83628   -8.15288  20.453285    34.1386    34.1375 0.0000e+00
    114.000    -1.1962    -1.1959   2.744314   2.744280    346.285    338.917     0.1402     0.0547     0.1518    279.065   78.83628   -8.15288  20.520581    34.1441    34.1433 0.0000e+00
    115.000    -1.1529    -1.1556   2.749052   2.748931    345.761    338.593     0.1398     0.0403     0.1521    280.067   78.83628   -8.15288  20.572751    34.1590    34.1604 0.0000e+00
    116.000    -1.0915    -1.0930   2.755244   2.755212    345.663    338.457     0.1395     0.0433     0.1509    281.064   78.83628   -8.15288  20.281963    34.1732    34.1744 0.0000e+00
    117.000    -1.0180    -1.0181   2.762417   2.762526    346.307    338.423     0.1391     0.0255     0.1508    282.063   78.83628   -8.15288  20.239663    34.1869    34.1884 0.0000e+00
    118.000    -0.9304    -0.9340   2.771335   2.771228    345.547    338.124     0.1388     0.0295     0.1509    283.056   78.83628   -8.15288  21.001937    34.2081    34.2108 0.0000e+00
    119.000    -0.8644    -0.8649   2.778399   2.778312    343.465    337.036     0.1386     0.0309     0.1507    284.063   78.83628   -8.15288  20.583285    34.2286    34.2280 0.0000e+00
    120.000    -0.8583    -0.8578   2.779195   2.779146    340.916    336.025     0.1383     0.0300     0.1506    285.068   78.83628   -8.15288  20.992340    34.2319    34.2307 0.0000e+00
    121.000    -0.8540    -0.8547   2.779714   2.779557    335.834    333.688     0.1380     0.0361     0.1517    286.063   78.83628   -8.15288  21.265707    34.2334    34.2321 0.0000e+00
    122.000    -0.8085    -0.8120   2.784690   2.784413    330.444    330.728     0.1378     0.0390     0.1520    287.059   78.83628   -8.15288  21.641584    34.2487    34.2489 0.0000e+00
    123.000    -0.7842    -0.7837   2.787353   2.787339    328.676    329.406     0.1376     0.0385     0.1528    288.060   78.83628   -8.15288  22.131956    34.2566    34.2559 0.0000e+00
    124.000    -0.7738    -0.7738   2.788516   2.788447    329.899    329.174     0.1373     0.0324     0.1530    289.060   78.83628   -8.15288  21.978663    34.2599    34.2590 0.0000e+00
    125.000    -0.7614    -0.7614   2.789846   2.789857    330.796    328.407     0.1371     0.0241     0.1533    290.059   78.83628   -8.15288  21.210203    34.2632    34.2634 0.0000e+00
    126.000    -0.7266    -0.7281   2.793448   2.793350    329.935    327.432     0.1370     0.0233     0.1533    291.052   78.83628   -8.15288  21.185836    34.2719    34.2723 0.0000e+00
    127.000    -0.6842    -0.6841   2.797813   2.797790    329.622    326.717     0.1368     0.0251     0.1535    292.048   78.83628   -8.15288  21.251628    34.2822    34.2817 0.0000e+00
    128.000    -0.6696    -0.6697   2.799332   2.799258    330.426    326.627     0.1366     0.0391     0.1529    293.056   78.83628   -8.15288  21.400395    34.2855    34.2847 0.0000e+00
    129.000    -0.6428    -0.6428   2.802069   2.802050    329.968    326.133     0.1365     0.0450     0.1530    294.058   78.83628   -8.15288  21.829257    34.2915    34.2913 0.0000e+00
    130.000    -0.6256    -0.6252   2.803847   2.803815    328.264    325.652     0.1364     0.0456     0.1527    295.060   78.83628   -8.15288  22.123173    34.2954    34.2946 0.0000e+00
    131.000    -0.6121    -0.6123   2.805256   2.805184    327.985    325.181     0.1362     0.0393     0.1522    296.056   78.83628   -8.15288  22.052255    34.2985    34.2978 0.0000e+00
    132.000    -0.5811    -0.5829   2.808417   2.808278    327.175    324.029     0.1361     0.0326     0.1530    297.054   78.83628   -8.15288  22.127492    34.3054    34.3056 0.0000e+00
    133.000    -0.4984    -0.5063   2.816772   2.816164    326.676    323.225     0.1360     0.0351     0.1533    298.057   78.83628   -8.15288  22.006732    34.3236    34.3244 0.0000e+00
    134.000    -0.4332    -0.4327   2.823269   2.823381    327.363    323.007     0.1360     0.0334     0.1531    299.058   78.83628   -8.15288  21.892921    34.3365    34.3374 0.0000e+00
    135.000    -0.3653    -0.3668   2.829919   2.829818    327.923    323.141     0.1359     0.0341     0.1523    300.054   78.83628   -8.15288  22.138138    34.3484    34.3486 0.0000e+00
    136.000    -0.3434    -0.3435   2.832135   2.832039    326.573    322.898     0.1358     0.0349     0.1529    301.048   78.83628   -8.15288  22.259786    34.3526    34.3515 0.0000e+00
    137.000    -0.3271    -0.3270   2.833792   2.833722    323.443    321.697     0.1357     0.0281     0.1533    302.052   78.83628   -8.15288  22.477070    34.3558    34.3548 0.0000e+00
    138.000    -0.3007    -0.3022   2.836539   2.836413    319.419    319.718     0.1356     0.0238     0.1540    303.057   78.83628   -8.15288  22.745236    34.3621    34.3621 0.0000e+00
    139.000    -0.2495    -0.2513   2.841799   2.841605    317.278    318.286     0.1354     0.0239     0.1548    304.060   78.83628   -8.15288  22.748025    34.3740    34.3735 0.0000e+00
    140.000    -0.2137    -0.2128   2.845423   2.845436    318.305    317.657     0.1353     0.0305     0.1558    305.061   78.83628   -8.15288  22.605423    34.3814    34.3806 0.0000e+00
    141.000    -0.1631    -0.1658   2.850508   2.850363    319.372    317.242     0.1351     0.0278     0.1564    306.058   78.83628   -8.15288  22.516918    34.3915    34.3926 0.0000e+00
    142.000    -0.0628    -0.0647   2.860526   2.860339    318.269    316.312     0.1350     0.0233     0.1584    307.060   78.83628   -8.15288  22.932879    34.4112    34.4109 0.0000e+00
    143.000    -0.0442    -0.0441   2.862529   2.862403    319.184    316.445     0.1348     0.0239     0.1583    308.064   78.83628   -8.15288  23.398224    34.4163    34.4144 0.0000e+00
    144.000    -0.0408    -0.0402   2.863026   2.862967    318.134    315.888     0.1346     0.0294     0.1588    309.063   78.83628   -8.15288  23.230212    34.4185    34.4169 0.0000e+00
    145.000    -0.0035    -0.0066   2.866873   2.866686    314.131    314.001     0.1344     0.0364     0.1598    310.061   78.83628   -8.15288  22.966121    34.4269    34.4278 0.0000e+00
    146.000     0.0648     0.0644   2.873723   2.873615    311.581    312.455     0.1342     0.0338     0.1604    311.054   78.83628   -8.15288  23.140672    34.4401    34.4392 0.0000e+00
    147.000     0.0725     0.0729   2.874567   2.874481    313.505    312.721     0.1341     0.0265     0.1613    312.054   78.83628   -8.15288  23.211778    34.4421    34.4406 0.0000e+00
    148.000     0.0758     0.0763   2.874966   2.874860    314.357    312.455     0.1339     0.0235     0.1614    313.060   78.83628   -8.15288  22.936380    34.4431    34.4411 0.0000e+00
    149.000     0.0784     0.0789   2.875252   2.875151    312.298    311.497     0.1337     0.0260     0.1620    314.058   78.83628   -8.15288  22.933733    34.4433    34.4414 0.0000e+00
    150.000     0.0809     0.0815   2.875523   2.875441    311.598    310.712     0.1335     0.0276     0.1633    315.058   78.83628   -8.15288  23.322317    34.4435    34.4417 0.0000e+00
    151.000     0.0866     0.0874   2.876106   2.876055    312.124    310.600     0.1333     0.0226     0.1639    316.062   78.83628   -8.15288  23.098253    34.4442    34.4427 0.0000e+00
    152.000     0.0931     0.0935   2.876793   2.876716    313.134    310.548     0.1332     0.0171     0.1638    317.072   78.83628   -8.15288  22.665128    34.4454    34.4439 0.0000e+00
    153.000     0.1380     0.1365   2.881546   2.881443    313.598    309.798     0.1330     0.0231     0.1641    318.082   78.83628   -8.15288  22.771953    34.4571    34.4574 0.0000e+00
    154.000     0.1796     0.1801   2.886032   2.885968    314.132    309.767     0.1328     0.0232     0.1648    319.083   78.83628   -8.15288  23.585819    34.4690    34.4676 0.0000e+00
    155.000     0.2147     0.2134   2.889768   2.889621    315.266    310.396     0.1326     0.0288     0.1654    320.080   78.83628   -8.15288  23.151389    34.4782    34.4778 0.0000e+00
    156.000     0.2577     0.2569   2.894191   2.894091    314.613    309.954     0.1323     0.0249     0.1651    321.078   78.83628   -8.15288  23.285919    34.4877    34.4872 0.0000e+00
    157.000     0.2867     0.2849   2.897150   2.896893    313.431    309.697     0.1321     0.0183     0.1657    322.081   78.83628   -8.15288  23.127590    34.4935    34.4921 0.0000e+00
    158.000     0.3000     0.3002   2.898584   2.898453    312.355    309.434     0.1318     0.0207     0.1661    323.081   78.83628   -8.15288  22.943271    34.4969    34.4949 0.0000e+00
    159.000     0.3074     0.3079   2.899600   2.899483    310.475    308.499     0.1316     0.0235     0.1665    324.078   78.83628   -8.15288  23.152070    34.5013    34.4992 0.0000e+00
    160.000     0.3105     0.3111   2.900107   2.900023    309.031    307.673     0.1313     0.0234     0.1676    325.078   78.83628   -8.15288  23.564099    34.5039    34.5022 0.0000e+00
    161.000     0.3147     0.3152   2.900634   2.900540    308.301    306.877     0.1310     0.0237     0.1689    326.089   78.83628   -8.15288  23.736413    34.5055    34.5037 0.0000e+00
    162.000     0.3304     0.3294   2.898522   2.902288    309.277    306.559     0.1308     0.0205     0.1701    327.098   78.83628   -8.15288  23.719545    34.4596    34.5101 0.0000e+00
    163.000     0.3714     0.3720   2.906722   2.906686    309.935    306.458     0.1305     0.0116     0.1707    328.104   78.83628   -8.15288  23.638472    34.5207    34.5196 0.0000e+00
    164.000     0.3866     0.3873   2.908333   2.908283    311.007    306.994     0.1302     0.0042     0.1723    329.102   78.83628   -8.15288  23.424156    34.5242    34.5227 0.0000e+00
    165.000     0.4182     0.4211   2.911904   2.912247    311.170    306.817     0.1299     0.0222     0.1736    330.104   78.83628   -8.15288  23.572419    34.5350    34.5363 0.0000e+00
    166.000     0.4402     0.4448   2.914420   2.914732    310.734    306.352     0.1297     0.0239     0.1745    331.109   78.83628   -8.15288  23.299904    34.5427    34.5417 0.0000e+00
    167.000     0.4428     0.4436   2.914740   2.914687    309.970    306.256     0.1294     0.0242     0.1744    332.112   78.83628   -8.15288  23.576000    34.5434    34.5419 0.0000e+00
    168.000     0.4466     0.4466   2.915205   2.915071    309.017    305.697     0.1291     0.0359     0.1747    333.117   78.83628   -8.15288  24.005813    34.5447    34.5429 0.0000e+00
    169.000     0.4526     0.4528   2.915893   2.915778    307.709    305.274     0.1289     0.0328     0.1761    334.117   78.83628   -8.15288  23.658581    34.5463    34.5446 0.0000e+00
    170.000     0.4504     0.4553   2.915699   2.916077    307.974    305.155     0.1286     0.0315     0.2228    335.118   78.83628   -8.15288  23.708834    34.5457    34.5451 0.0000e+00
    171.000     0.4523     0.4536   2.915953   2.915912    308.503    305.104     0.1283     0.0270     0.2105    336.127   78.83628   -8.15288  24.380210    34.5462    34.5443 0.0000e+00
    172.000     0.4617     0.4631   2.917015   2.917076    309.013    305.118     0.1280     0.0243     0.1813    337.136   78.83628   -8.15288  24.088206    34.5491    34.5482 0.0000e+00
