test_project/cnv_files/Sta0232_bin.cnv
* Sea-Bird SBE 9 Data File:
* FileName = C:\Seabird\CTDDATA\Sta0232.hex
* Software Version Seasave V 7.26.7.107
* Temperature SN = 03-4535
* Conductivity SN = 2860
* Number of Bytes Per Scan = 44
* Number of Voltage Words = 5
* Number of Scans Averaged by the Deck Unit = 1
* NMEA Latitude = 78 49.97 N
* NMEA Longitude = 009 45.12 W
* NMEA UTC (Time) = Sep 09 2019 23:35:58
* NMEA baud rate = 9600
** Ship: "Kronprins Haakon"
** Station: 0232
** Echodepth: 216
** Log: 6234.313
** Wind-Dir Force(m/s): 04 20
** Air-temp (dry): -2.8
** Weather Sky: 2 8
** Sea Ice: 1 4
** Small CTD, 12 bottles. No LADCP
# nquan = 17
# nvalues = 210                         
# units = specified
# name 0 = prDM: Pressure, Digiquartz [db]
# name 1 = t090C: Temperature [ITS-90, deg C]
# name 2 = t190C: Temperature, 2 [ITS-90, deg C]
# name 3 = c0S/m: Conductivity [S/m]
# name 4 = c1S/m: Conductivity, 2 [S/m]
# name 5 = sbox0Mm/Kg: Oxygen, SBE 43 [umol/kg]
# name 6 = sbox1Mm/Kg: Oxygen, SBE 43, 2 [umol/kg]
# name 7 = wetCDOM: Fluorescence, WET Labs CDOM [mg/m^3]
# name 8 = flECO-AFL: Fluorescence, WET Labs ECO-AFL/FL [mg/m^3]
# name 9 = CStarAt0: Beam Attenuation, WET Labs C-Star [1/m]
# name 10 = timeS: Time, Elapsed [seconds]
# name 11 = latitude: Latitude [deg]
# name 12 = longitude: Longitude [deg]
# name 13 = upoly0: Upoly 0, ISUS
# name 14 = sal00: Salinity, Practical [PSU]
# name 15 = sal11: Salinity, Practical, 2 [PSU]
# name 16 = flag: flag
# span 0 =      1.000,    210.000       
# span 1 =    -1.5055,     1.0974       
# span 2 =    -1.5056,     1.0977       
# span 3 =   2.449468,   2.991700       
# span 4 =   2.449854,   2.991710       
# span 5 =    307.130,    420.221       
# span 6 =    299.921,    417.766       
# span 7 =     0.0967,     0.1835       
# span 8 =     0.0096,     1.4904       
# span 9 =     0.1489,     0.3651       
# span 10 =    522.889,    755.928      
# span 11 =   78.83302,   78.83304      
# span 12 =   -9.75408,   -9.75396      
# span 13 =  12.066327,  24.751008      
# span 14 =    30.5107,    34.7855      
# span 15 =    30.5161,    34.7852      
# span 16 = 0.0000e+00, 0.0000e+00      
# interval = decibars: 1                
# start_time = Sep 09 2019 23:35:58 [NMEA time, header]
# bad_flag = -9.990e-29
*END*
[from data line 171]
    172.000     0.8735     0.8727   2.964578   2.964487    309.392    301.155     0.1140     0.0229     0.1826    718.083   78.83304   -9.75396  23.809384    34.7077    34.7074 0.0000e+00
    173.000     0.8776     0.8775   2.965111   2.965077    309.679    301.582     0.1140     0.0136     0.1822    719.011   78.83304   -9.75396  23.958382    34.7094    34.7090 0.0000e+00
    174.000     0.8817     0.8820   2.965661   2.965653    310.124    302.010     0.1141     0.0133     0.1821    719.927   78.83304   -9.75396  23.959988    34.7114    34.7110 0.0000e+00
    175.000     0.8880     0.8877   2.966458   2.966382    310.214    301.747     0.1142     0.0219     0.1820    720.835   78.83304   -9.75396  23.984256    34.7140    34.7134 0.0000e+00
    176.000     0.8906     0.8906   2.966927   2.966895    310.252    301.663     0.1144     0.0277     0.1815    721.756   78.83304   -9.75396  23.770978    34.7166    34.7161 0.0000e+00
    177.000     0.8975     0.8976   2.967936   2.967928    310.155    301.706     0.1145     0.0174     0.1820    722.699   78.83304   -9.75396  23.506572    34.7214    34.7212 0.0000e+00
    178.000     0.9014     0.9015   2.968521   2.968479    309.973    301.754     0.1147     0.0173     0.1822    723.673   78.83304   -9.75396  23.472980    34.7240    34.7234 0.0000e+00
    179.000     0.9039     0.9039   2.968892   2.968851    309.669    301.899     0.1149     0.0231     0.1829    724.681   78.83304   -9.75396  23.989935    34.7254    34.7249 0.0000e+00
    180.000     0.9074     0.9073   2.969380   2.969331    309.772    301.733     0.1151     0.0180     0.1829    725.719   78.83304   -9.75396  24.023070    34.7273    34.7267 0.0000e+00
    181.000     0.9090     0.9090   2.969628   2.969577    309.898    301.738     0.1153     0.0170     0.1849    726.756   78.83304   -9.75396  24.303297    34.7281    34.7274 0.0000e+00
    182.000     0.9096     0.9097   2.969759   2.969727    309.388    301.657     0.1155     0.0167     0.1846    727.779   78.83304   -9.75396  24.044418    34.7285    34.7280 0.0000e+00
    183.000     0.9100     0.9101   2.969856   2.969825    309.219    301.663     0.1155     0.0164     0.1859    728.767   78.83304   -9.75396  24.008135    34.7287    34.7282 0.0000e+00
    184.000     0.9147     0.9146   2.970513   2.970484    309.380    301.666     0.1154     0.0131     0.1877    729.707   78.83304   -9.75396  24.109400    34.7314    34.7311 0.0000e+00
    185.000     0.9189     0.9190   2.971075   2.971056    309.819    301.762     0.1153     0.0119     0.1889    730.627   78.83304   -9.75396  24.177642    34.7333    34.7330 0.0000e+00
    186.000     0.9217     0.9218   2.971461   2.971432    309.731    301.535     0.1152     0.0169     0.1899    731.529   78.83304   -9.75396  24.745515    34.7346    34.7342 0.0000e+00
    187.000     0.9239     0.9240   2.971762   2.971755    310.059    301.345     0.1156     0.0170     0.1899    732.426   78.83304   -9.75396  24.751008    34.7355    34.7352 0.0000e+00
    188.000     0.9245     0.9246   2.971903   2.971858    310.180    301.377     0.1164     0.0170     0.1914    733.337   78.83304   -9.75396  24.377345    34.7360    34.7353 0.0000e+00
    189.000     0.9250     0.9249   2.971991   2.971949    310.153    301.567     0.1177     0.0170     0.1926    734.272   78.83304   -9.75396  23.971156    34.7360    34.7355 0.0000e+00
    190.000     0.9250     0.9251   2.972059   2.972026    310.371    301.651     0.1194     0.0211     0.1930    735.248   78.83304   -9.75396  23.723522    34.7363    34.7358 0.0000e+00
    191.000     0.9255     0.9256   2.972168   2.972135    309.705    301.514     0.1213     0.0243     0.1936    736.261   78.83304   -9.75396  24.020692    34.7366    34.7360 0.0000e+00
    192.000     0.9268     0.9270   2.972377   2.972373    309.979    301.589     0.1230     0.0205     0.1940    737.303   78.83304   -9.75396  23.173941    34.7372    34.7370 0.0000e+00
    193.000     0.9280     0.9281   2.972579   2.972556    310.062    301.415     0.1242     0.0196     0.1949    738.343   78.83304   -9.75396  24.132704    34.7379    34.7375 0.0000e+00
    194.000     0.9298     0.9300   2.972832   2.972832    309.519    301.291     0.1244     0.0243     0.1963    739.352   78.83304   -9.75396  24.177699    34.7385    34.7384 0.0000e+00
    195.000     0.9316     0.9316   2.973095   2.973061    309.454    301.519     0.1235     0.0206     0.1970    740.330   78.83304   -9.75396  24.096922    34.7393    34.7389 0.0000e+00
    196.000     0.9390     0.9381   2.974034   2.973929    309.397    301.699     0.1216     0.0105     0.1964    741.270   78.83304   -9.75396  24.056253    34.7426    34.7423 0.0000e+00
    197.000     0.9440     0.9439   2.974662   2.974623    309.459    301.822     0.1189     0.0161     0.1968    742.182   78.83304   -9.75398  24.001093    34.7446    34.7442 0.0000e+00
    198.000     0.9511     0.9505   2.975544   2.975489    309.200    301.642     0.1161     0.0110     0.1969    743.081   78.83304   -9.75398  23.320073    34.7475    34.7474 0.0000e+00
    199.000     0.9964     0.9949   2.980561   2.980481    309.174    301.035     0.1138     0.0140     0.1972    743.987   78.83304   -9.75398  23.788907    34.7611    34.7616 0.0000e+00
    200.000     1.0090     1.0107   2.981924   2.982081    310.299    301.442     0.1122     0.0170     0.1980    744.915   78.83304   -9.75398  23.953124    34.7640    34.7641 0.0000e+00
    201.000     1.0159     1.0172   2.982734   2.982867    310.853    302.024     0.1116     0.0144     0.1994    745.873   78.83304   -9.75398  23.930752    34.7661    34.7664 0.0000e+00
    202.000     1.0313     1.0307   2.984428   2.984418    310.162    302.076     0.1119     0.0132     0.1988    746.862   78.83304   -9.75398  23.985806    34.7703    34.7707 0.0000e+00
    203.000     1.0640     1.0616   2.987939   2.987668    309.307    302.180     0.1125     0.0225     0.2008    747.894   78.83304   -9.75398  24.167214    34.7784    34.7776 0.0000e+00
    204.000     1.0838     1.0821   2.990050   2.989864    309.758    302.615     0.1129     0.0159     0.2021    748.940   78.83304   -9.75398  23.375437    34.7829    34.7824 0.0000e+00
    205.000     1.0860     1.0852   2.990326   2.990200    310.834    303.313     0.1129     0.0098     0.2033    749.913   78.83304   -9.75398  24.497927    34.7834    34.7826 0.0000e+00
    206.000     1.0862     1.0860   2.990384   2.990310    310.513    303.573     0.1205     0.0103     0.2052    750.900   78.83304   -9.75398  24.171753    34.7834    34.7826 0.0000e+00
    207.000     1.0854     1.0848   2.990350   2.990244    310.175    303.579     0.1158     0.0220     0.2116    752.057   78.83304   -9.75398  23.883239    34.7832    34.7825 0.0000e+00
    208.000     1.0874     1.0888   2.990583   2.990725    310.636    303.731     0.1079     0.0171     0.2096    753.424   78.83304   -9.75398  24.065922    34.7834    34.7837 0.0000e+00
    209.000     1.0954     1.0956   2.991456   2.991432    311.330    304.140     0.0996     0.0170     0.2112    754.733   78.83304   -9.75398  23.931643    34.7851    34.7846 0.0000e+00
    210.000     1.0974     1.0977   2.991700   2.991710    310.856    304.146     0.0967     0.0170     0.2122    755.928   78.83304   -9.75398  23.927468    34.7855    34.7852 0.0000e+00
