test_project/cnv_files/sta0251_bin.cnv
* Sea-Bird SBE 9 Data File:
* FileName = C:\Seabird\CTDDATA\Sta0251.hex
* Software Version Seasave V 7.26.7.107
* Temperature SN = 03-4535
* Conductivity SN = 2860
* Number of Bytes Per Scan = 44
* Number of Voltage Words = 5
* Number of Scans Averaged by the Deck Unit = 1
* NMEA Latitude = 78 50.01 N
* NMEA Longitude = 009 00.04 E
* NMEA UTC (Time) = Sep 15 2019 02:06:58
* NMEA baud rate = 9600
** Ship: "Kronprins Haakon"
** Station: 0251
** Echodepth: 213
** Log: 6533.22
** Wind-Dir Force(m/s): 14 06
** Air-temp (dry): 7.2
** Weather Sky: 1 4
** Sea Ice: 2 0
# nquan = 16
# nvalues = 206                         
# units = specified
# name 0 = prDM: Pressure, Digiquartz [db]
# name 1 = t090C: Temperature [ITS-90, deg C]
# name 2 = t190C: Temperature, 2 [ITS-90, deg C]
# name 3 = c0S/m: Conductivity [S/m]
# name 4 = c1S/m: Conductivity, 2 [S/m]
# name 5 = sbox0Mm/Kg: Oxygen, SBE 43 [umol/kg]
# name 6 = sbox1Mm/Kg: Oxygen, SBE 43, 2 [umol/kg]
# name 7 = wetCDOM: Fluorescence, WET Labs CDOM [mg/m^3]
# name 8 = flECO-AFL: Fluorescence, WET Labs ECO-AFL/FL [mg/m^3]
# name 9 = CStarAt0: Beam Attenuation, WET Labs C-Star [1/m]
# name 10 = timeS: Time, Elapsed [seconds]
# name 11 = latitude: Latitude [deg]
# name 12 = longitude: Longitude [deg]
# name 13 = sal00: Salinity, Practical [PSU]
# name 14 = sal11: Salinity, Practical, 2 [PSU]
# name 15 = flag: flag
# span 0 =      1.000,    206.000       
# span 1 =     3.7732,     6.4524       
# span 2 =     3.7723,     6.4519       
# span 3 =   3.243782,   3.470028       
# span 4 =   3.243725,   3.469969       
# span 5 =    300.474,    321.668       
# span 6 =    294.188,    311.124       
# span 7 =     0.0895,     0.1237       
# span 8 =     0.0023,     2.1514       
# span 9 =     0.1606,     0.5176       
# span 10 =    168.543,    384.991      
# span 11 =   78.83356,   78.83358      
# span 12 =    9.00071,    9.00082      
# span 13 =    34.6826,    35.0245      
# span 14 =    34.6843,    35.0239      
# span 15 = 0.0000e+00, 0.0000e+00      
# interval = decibars: 1                
# start_time = Sep 15 2019 02:06:58 [NMEA time, header]
# bad_flag = -9.990e-29
*END*
[from data line 181]
    182.000     3.8241     3.8239   3.247493   3.247494    315.529    308.847     0.0987     0.0157     0.1788    357.955   78.83356    9.00080    34.9943    34.9945 0.0000e+00
    183.000     3.8140     3.8138   3.246621   3.246605    315.668    308.534     0.0984     0.0170     0.1793    358.946   78.83356    9.00081    34.9941    34.9941 0.0000e+00
    184.000     3.8067     3.8060   3.245984   3.245934    316.242    308.599     0.0985     0.0170     0.1804    359.909   78.83356    9.00082    34.9938    34.9939 0.0000e+00
    185.000     3.8002     3.8000   3.245423   3.245415    316.733    308.885     0.0990     0.0170     0.1804    360.853   78.83356    9.00081    34.9935    34.9936 0.0000e+00
    186.000     3.7936     3.7936   3.244862   3.244901    317.064    308.946     0.1000     0.0141     0.1808    361.791   78.83356    9.00080    34.9933    34.9937 0.0000e+00
    187.000     3.7926     3.7917   3.244818   3.244770    317.058    308.694     0.1014     0.0131     0.1820    362.734   78.83356    9.00080    34.9933    34.9936 0.0000e+00
    188.000     3.7907     3.7900   3.244694   3.244664    316.822    308.561     0.1031     0.0228     0.1821    363.687   78.83356    9.00080    34.9932    34.9936 0.0000e+00
    189.000     3.7895     3.7886   3.244637   3.244585    316.376    308.774     0.1047     0.0169     0.1831    364.657   78.83356    9.00080    34.9933    34.9936 0.0000e+00
    190.000     3.7889     3.7885   3.244621   3.244622    316.216    308.600     0.1061     0.0107     0.1836    365.653   78.83356    9.00080    34.9932    34.9937 0.0000e+00
    191.000     3.7892     3.7884   3.244698   3.244666    315.717    308.185     0.1075     0.0218     0.1864    366.662   78.83356    9.00080    34.9933    34.9937 0.0000e+00
    192.000     3.7886     3.7878   3.244688   3.244648    315.112    308.352     0.1089     0.0185     0.1867    367.661   78.83356    9.00080    34.9933    34.9936 0.0000e+00
    193.000     3.7870     3.7857   3.244591   3.244503    314.877    308.702     0.1103     0.0118     0.1856    368.647   78.83356    9.00080    34.9933    34.9936 0.0000e+00
    194.000     3.7871     3.7860   3.244639   3.244583    315.199    308.742     0.1116     0.0055     0.1870    369.626   78.83356    9.00080    34.9932    34.9937 0.0000e+00
    195.000     3.7850     3.7849   3.244500   3.244503    315.422    308.697     0.1129     0.0128     0.1870    370.619   78.83356    9.00081    34.9932    34.9933 0.0000e+00
    196.000     3.7785     3.7771   3.243947   3.243849    315.383    308.550     0.1139     0.0214     0.1884    371.642   78.83356    9.00082    34.9930    34.9933 0.0000e+00
    197.000     3.7767     3.7759   3.243816   3.243785    315.114    308.639     0.1146     0.0170     0.1891    372.678   78.83356    9.00081    34.9929    34.9933 0.0000e+00
    198.000     3.7764     3.7759   3.243837   3.243825    314.906    308.838     0.1147     0.0152     0.1894    373.664   78.83356    9.00080    34.9929    34.9933 0.0000e+00
    199.000     3.7760     3.7753   3.243849   3.243814    314.812    308.495     0.1141     0.0089     0.1894    374.608   78.83356    9.00080    34.9929    34.9932 0.0000e+00
    200.000     3.7749     3.7746   3.243795   3.243805    314.436    308.404     0.1126     0.0028     0.1898    375.536   78.83356    9.00080    34.9929    34.9933 0.0000e+00
    201.000     3.7756     3.7748   3.243906   3.243861    314.486    308.345     0.1103     0.0023     0.1898    376.480   78.83356    9.00080    34.9929    34.9932 0.0000e+00
    202.000     3.7738     3.7737   3.243792   3.243805    314.927    308.230     0.1101     0.0023     0.1909    377.463   78.83356    9.00080    34.9929    34.9932 0.0000e+00
    203.000     3.7732     3.7723   3.243782   3.243725    315.506    308.615     0.1050     0.0027     0.1909    378.559   78.83356    9.00081    34.9929    34.9931 0.0000e+00
    204.000     3.7732     3.7725   3.243830   3.243783    315.070    308.597     0.0994     0.0254     0.1898    379.749   78.83356    9.00082    34.9929    34.9931 0.0000e+00
    205.000     3.7732     3.7725   3.243875   3.243828    314.938    308.364     0.0942     0.0187     0.1901    380.958   78.83356    9.00082    34.9929    34.9931 0.0000e+00
    206.000     3.7732     3.7723   3.243914   3.243849    314.755    308.371     0.0895     0.0168     0.1917    384.991   78.83356    9.00082    34.9928    34.9931 0.0000e+00
