test_project/cnv_files/sta0202_bin.cnv
* Sea-Bird SBE 9 Data File:
* FileName = C:\Seabird\CTDDATA\Sta0202.hex
* Software Version Seasave V 7.26.7.107
* Temperature SN = 03-4535
* Conductivity SN = 2860
* Number of Bytes Per Scan = 44
* Number of Voltage Words = 5
* Number of Scans Averaged by the Deck Unit = 1
* NMEA Latitude = 78 50.75 N
* NMEA Longitude = 005 01.25 W
* NMEA UTC (Time) = Sep 03 2019 17:35:01
* NMEA baud rate = 9600
** Ship: "Kronprins Haakon"
** Station: Sta0202
** Echodepth: 1026
** Log: 5785.37
** Wind-Dir Force(m/s): 01 25
** Air-temp (dry): -2.5
** Weather Sky: 2 8
** Sea Ice: 2 4
# nquan = 16
# nvalues = 994                         
# units = specified
# name 0 = prDM: Pressure, Digiquartz [db]
# name 1 = t090C: Temperature [ITS-90, deg C]
# name 2 = t190C: Temperature, 2 [ITS-90, deg C]
# name 3 = c0S/m: Conductivity [S/m]
# name 4 = c1S/m: Conductivity, 2 [S/m]
# name 5 = sbox0Mm/Kg: Oxygen, SBE 43 [umol/kg]
# name 6 = sbox1Mm/Kg: Oxygen, SBE 43, 2 [umol/kg]
# name 7 = wetCDOM: Fluorescence, WET Labs CDOM [mg/m^3]
# name 8 = flECO-AFL: Fluorescence, WET Labs ECO-AFL/FL [mg/m^3]
# name 9 = CStarAt0: Beam Attenuation, WET Labs C-Star [1/m]
# name 10 = timeS: Time, Elapsed [seconds]
# name 11 = latitude: Latitude [deg]
# name 12 = longitude: Longitude [deg]
# name 13 = sal00: Salinity, Practical [PSU]
# name 14 = sal11: Salinity, Practical, 2 [PSU]
# name 15 = flag: flag
# span 0 =      7.000,   1000.000       
# span 1 =    -1.6874,     1.3422       
# span 2 =    -1.5046,     1.3402       
# span 3 =   0.066656,   3.017351       
# span 4 =   1.905408,   3.017285       
# span 5 =    306.051,    405.640       
# span 6 =    305.807,    898.403       
# span 7 =     0.1160,     0.1745       
# span 8 =    -0.0071,     0.9786       
# span 9 =     0.1069,     0.3473       
# span 10 =     16.953,   1414.107      
# span 11 =   78.84599,   78.84708      
# span 12 =   -5.04019,   -5.02120      
# span 13 =     0.6480,    34.8958      
# span 14 =    22.9589,    34.8957      
# span 15 = 0.0000e+00, 0.0000e+00      
# interval = decibars: 1                
# start_time = Sep 03 2019 17:35:01 [NMEA time, header]
# bad_flag = -9.990e-29
*END*
[from data line 362]
    369.000     0.9049     0.9046   2.988062   2.988030    313.477    307.541     0.1175    -0.0046     0.1153    740.205   78.84626   -5.03104    34.8600    34.8599 0.0000e+00
    370.000     0.9048     0.9050   2.988122   2.988110    313.221    307.864     0.1174    -0.0024     0.1151    741.240   78.84626   -5.03106    34.8603    34.8599 0.0000e+00
    371.000     0.9070     0.9066   2.988382   2.988309    313.360    307.735     0.1173     0.0066     0.1146    742.280   78.84626   -5.03108    34.8606    34.8602 0.0000e+00
    372.000     0.9072     0.9074   2.988453   2.988423    313.186    307.839     0.1173     0.0068     0.1146    743.327   78.84626   -5.03108    34.8608    34.8602 0.0000e+00
    373.000     0.9019     0.9026   2.988024   2.988011    313.496    308.349     0.1172    -0.0029     0.1152    744.377   78.84626   -5.03110    34.8605    34.8596 0.0000e+00
    374.000     0.8950     0.8955   2.987428   2.987422    313.378    308.135     0.1171     0.0050     0.1148    745.440   78.84626   -5.03112    34.8599    34.8593 0.0000e+00
    375.000     0.8929     0.8931   2.987262   2.987236    313.484    308.022     0.1171    -0.0026     0.1144    746.520   78.84626   -5.03114    34.8596    34.8591 0.0000e+00
    376.000     0.8812     0.8809   2.986255   2.986121    313.634    308.278     0.1170     0.0049     0.1147    747.591   78.84627   -5.03115    34.8591    34.8576 0.0000e+00
    377.000     0.8691     0.8696   2.985073   2.985136    313.530    308.293     0.1169    -0.0023     0.1147    748.646   78.84628   -5.03117    34.8567    34.8570 0.0000e+00
    378.000     0.8506     0.8512   2.983523   2.983493    313.528    308.379     0.1169     0.0078     0.1144    749.689   78.84628   -5.03119    34.8568    34.8558 0.0000e+00
    379.000     0.8454     0.8456   2.983055   2.983038    313.576    308.066     0.1169     0.0106     0.1142    750.725   78.84628   -5.03120    34.8560    34.8556 0.0000e+00
    380.000     0.8445     0.8446   2.983004   2.982994    313.735    307.786     0.1168     0.0072     0.1133    751.757   78.84628   -5.03121    34.8558    34.8555 0.0000e+00
    381.000     0.8444     0.8447   2.983050   2.983046    314.285    307.600     0.1168    -0.0001     0.1135    752.790   78.84628   -5.03122    34.8559    34.8555 0.0000e+00
    382.000     0.8399     0.8412   2.982710   2.982741    314.594    307.626     0.1168     0.0051     0.1137    753.836   78.84628   -5.03123    34.8560    34.8549 0.0000e+00
    383.000     0.8183     0.8188   2.980822   2.980790    314.631    307.917     0.1168     0.0016     0.1132    754.908   78.84628   -5.03125    34.8551    34.8542 0.0000e+00
    384.000     0.8102     0.8108   2.980103   2.980118    313.505    307.884     0.1168     0.0042     0.1136    755.997   78.84628   -5.03127    34.8543    34.8538 0.0000e+00
    385.000     0.8087     0.8087   2.980010   2.980001    313.330    307.413     0.1169     0.0082     0.1133    757.080   78.84628   -5.03130    34.8542    34.8540 0.0000e+00
    386.000     0.8093     0.8093   2.980168   2.980143    313.540    307.306     0.1169     0.0077     0.1125    758.139   78.84630   -5.03132    34.8550    34.8547 0.0000e+00
    387.000     0.8105     0.8104   2.980344   2.980312    313.732    307.287     0.1169     0.0007     0.1123    759.170   78.84630   -5.03132    34.8554    34.8550 0.0000e+00
    388.000     0.8118     0.8118   2.980552   2.980534    314.030    307.451     0.1170     0.0021     0.1127    760.185   78.84630   -5.03134    34.8560    34.8557 0.0000e+00
    389.000     0.8122     0.8124   2.980657   2.980645    313.810    307.445     0.1170     0.0070     0.1126    761.186   78.84630   -5.03134    34.8563    34.8560 0.0000e+00
    390.000     0.8113     0.8116   2.980633   2.980638    313.515    307.769     0.1170     0.0037     0.1122    762.198   78.84630   -5.03136    34.8564    34.8561 0.0000e+00
    391.000     0.8107     0.8108   2.980654   2.980639    313.532    307.566     0.1171    -0.0037     0.1121    763.244   78.84630   -5.03136    34.8568    34.8565 0.0000e+00
    392.000     0.8070     0.8075   2.980394   2.980370    313.947    307.663     0.1171    -0.0034     0.1126    764.342   78.84630   -5.03138    34.8569    34.8561 0.0000e+00
    393.000     0.7985     0.7987   2.979656   2.979634    313.555    307.701     0.1171    -0.0023     0.1127    765.470   78.84630   -5.03140    34.8563    34.8558 0.0000e+00
    394.000     0.7975     0.7974   2.979612   2.979579    313.389    307.390     0.1171     0.0012     0.1132    766.596   78.84630   -5.03143    34.8562    34.8560 0.0000e+00
    395.000     0.8049     0.8046   2.980353   2.980338    313.656    307.549     0.1172     0.0079     0.1135    767.687   78.84630   -5.03145    34.8570    34.8572 0.0000e+00
    396.000     0.8120     0.8120   2.981125   2.981101    313.933    307.995     0.1172     0.0085     0.1126    768.722   78.84630   -5.03146    34.8585    34.8582 0.0000e+00
    397.000     0.8118     0.8119   2.981172   2.981154    314.337    308.207     0.1172     0.0060     0.1122    769.718   78.84631   -5.03147    34.8587    34.8584 0.0000e+00
    398.000     0.8103     0.8107   2.981106   2.981104    313.802    307.772     0.1172    -0.0011     0.1121    770.695   78.84632   -5.03148    34.8590    34.8584 0.0000e+00
    399.000     0.8057     0.8059   2.980756   2.980750    313.543    307.948     0.1172     0.0071     0.1122    771.678   78.84632   -5.03149    34.8590    34.8586 0.0000e+00
    400.000     0.8035     0.8035   2.980618   2.980608    313.430    308.181     0.1172     0.0107     0.1123    772.705   78.84632   -5.03151    34.8591    34.8589 0.0000e+00
    401.000     0.8048     0.8048   2.980804   2.980783    313.477    307.720     0.1172     0.0078     0.1123    773.804   78.84632   -5.03153    34.8595    34.8592 0.0000e+00
    402.000     0.8068     0.8067   2.981053   2.981025    313.972    307.955     0.1172     0.0072     0.1124    774.959   78.84632   -5.03155    34.8599    34.8596 0.0000e+00
    403.000     0.8108     0.8108   2.981496   2.981474    314.173    307.974     0.1171    -0.0014     0.1134    776.123   78.84632   -5.03158    34.8606    34.8602 0.0000e+00
    404.000     0.8123     0.8124   2.981729   2.981700    314.230    308.320     0.1171     0.0086     0.1157    777.236   78.84632   -5.03160    34.8612    34.8607 0.0000e+00
    405.000     0.8150     0.8152   2.982047   2.982042    313.872    308.370     0.1171     0.0084     0.1132    778.283   78.84632   -5.03160    34.8618    34.8614 0.0000e+00
    406.000     0.8144     0.8143   2.982058   2.982029    313.878    308.048     0.1170     0.0081     0.1122    779.273   78.84632   -5.03162    34.8620    34.8617 0.0000e+00
    407.000     0.8188     0.8187   2.982540   2.982518    314.018    307.862     0.1169     0.0076     0.1119    780.249   78.84632   -5.03162    34.8627    34.8625 0.0000e+00
    408.000     0.8202     0.8203   2.982751   2.982729    314.060    308.083     0.1169     0.0073     0.1117    781.237   78.84632   -5.03164    34.8633    34.8629 0.0000e+00
    409.000     0.8207     0.8209   2.982861   2.982851    313.923    308.123     0.1168     0.0081     0.1118    782.269   78.84632   -5.03164    34.8636    34.8632 0.0000e+00
    410.000     0.8167     0.8168   2.982567   2.982541    313.952    308.659     0.1167     0.0073     0.1115    783.364   78.84632   -5.03166    34.8636    34.8632 0.0000e+00
    411.000     0.8124     0.8125   2.982213   2.982184    313.887    308.625     0.1166    -0.0007     0.1112    784.485   78.84634   -5.03168    34.8634    34.8629 0.0000e+00
    412.000     0.8075     0.8080   2.981818   2.981826    314.147    308.657     0.1166     0.0048     0.1120    785.609   78.84634   -5.03171    34.8630    34.8626 0.0000e+00
    413.000     0.8024     0.8029   2.981405   2.981402    314.242    308.765     0.1165    -0.0006     0.1119    786.706   78.84634   -5.03173    34.8629    34.8623 0.0000e+00
    414.000     0.7982     0.7989   2.981069   2.981077    314.418    308.750     0.1164     0.0059     0.1131    787.762   78.84634   -5.03174    34.8626    34.8620 0.0000e+00
    415.000     0.7901     0.7896   2.980366   2.980280    314.371    308.830     0.1163    -0.0002     0.1117    788.791   78.84634   -5.03175    34.8620    34.8615 0.0000e+00
    416.000     0.8000     0.8003   2.981348   2.981372    314.398    308.420     0.1163     0.0040     0.1122    789.812   78.84634   -5.03176    34.8630    34.8630 0.0000e+00
    417.000     0.8021     0.8023   2.981605   2.981602    314.490    308.309     0.1162     0.0082     0.1121    790.846   78.84634   -5.03177    34.8635    34.8632 0.0000e+00
    418.000     0.8059     0.8060   2.982012   2.982020    314.494    308.262     0.1161    -0.0000     0.1113    791.914   78.84634   -5.03179    34.8639    34.8638 0.0000e+00
    419.000     0.7939     0.7967   2.980990   2.981131    314.621    308.356     0.1161     0.0030     0.1116    792.993   78.84635   -5.03181    34.8635    34.8623 0.0000e+00
    420.000     0.7646     0.7671   2.978328   2.978448    314.660    308.863     0.1161     0.0097     0.1121    794.069   78.84636   -5.03184    34.8613    34.8600 0.0000e+00
    421.000     0.7561     0.7559   2.977552   2.977520    313.838    308.800     0.1160     0.0089     0.1116    795.138   78.84636   -5.03184    34.8602    34.8599 0.0000e+00
    422.000     0.7509     0.7513   2.977131   2.977116    314.068    308.487     0.1160     0.0087     0.1113    796.208   78.84636   -5.03186    34.8599    34.8593 0.0000e+00
    423.000     0.7471     0.7475   2.976837   2.976844    314.593    308.137     0.1160     0.0086     0.1117    797.280   78.84636   -5.03186    34.8598    34.8595 0.0000e+00
    424.000     0.7454     0.7475   2.976776   2.976897    314.996    308.123     0.1160     0.0019     0.1115    798.349   78.84636   -5.03188    34.8603    34.8595 0.0000e+00
    425.000     0.7355     0.7361   2.975913   2.975923    314.911    308.169     0.1160     0.0017     0.1111    799.413   78.84636   -5.03190    34.8597    34.8591 0.0000e+00
    426.000     0.7251     0.7278   2.975037   2.975175    314.486    307.635     0.1160     0.0130     0.1109    800.467   78.84636   -5.03192    34.8594    34.8581 0.0000e+00
    427.000     0.7062     0.7063   2.973358   2.973301    314.175    308.275     0.1160     0.0094     0.1114    801.515   78.84636   -5.03194    34.8581    34.8573 0.0000e+00
    428.000     0.6989     0.6991   2.972730   2.972691    314.077    308.139     0.1160    -0.0043     0.1116    802.551   78.84636   -5.03195    34.8576    34.8569 0.0000e+00
    429.000     0.6994     0.6998   2.972862   2.972870    314.144    308.132     0.1160     0.0003     0.1110    803.578   78.84637   -5.03197    34.8581    34.8579 0.0000e+00
    430.000     0.6963     0.6968   2.972654   2.972654    315.082    307.809     0.1160     0.0076     0.1111    804.615   78.84638   -5.03198    34.8584    34.8578 0.0000e+00
    431.000     0.6930     0.6932   2.972412   2.972395    315.130    307.659     0.1160     0.0072     0.1113    805.691   78.84638   -5.03199    34.8583    34.8579 0.0000e+00
    432.000     0.6934     0.6934   2.972489   2.972466    314.740    308.092     0.1160     0.0042     0.1114    806.809   78.84638   -5.03201    34.8584    34.8580 0.0000e+00
    433.000     0.6948     0.6943   2.972669   2.972612    314.229    308.281     0.1160    -0.0043     0.1119    807.943   78.84638   -5.03203    34.8585    34.8583 0.0000e+00
    434.000     0.7121     0.7118   2.974374   2.974361    313.770    308.073     0.1160    -0.0005     0.1112    809.062   78.84638   -5.03206    34.8606    34.8609 0.0000e+00
    435.000     0.7142     0.7143   2.974657   2.974637    313.999    308.302     0.1161     0.0063     0.1111    810.146   78.84638   -5.03208    34.8613    34.8610 0.0000e+00
    436.000     0.7165     0.7163   2.974932   2.974910    313.943    308.376     0.1161     0.0081     0.1112    811.186   78.84638   -5.03208    34.8618    34.8617 0.0000e+00
    437.000     0.7164     0.7168   2.974998   2.975005    313.938    308.241     0.1161     0.0065     0.1117    812.186   78.84638   -5.03210    34.8621    34.8618 0.0000e+00
    438.000     0.7088     0.7096   2.974378   2.974395    313.692    308.379     0.1161     0.0064     0.1120    813.166   78.84638   -5.03210    34.8620    34.8613 0.0000e+00
    439.000     0.7130     0.7124   2.974829   2.974772    313.892    308.363     0.1161    -0.0029     0.1120    814.153   78.84638   -5.03210    34.8627    34.8625 0.0000e+00
    440.000     0.7066     0.7074   2.974319   2.974346    314.006    308.423     0.1161     0.0057     0.1112    815.188   78.84638   -5.03212    34.8626    34.8620 0.0000e+00
    441.000     0.6944     0.6949   2.973267   2.973243    313.880    308.739     0.1161    -0.0028     0.1118    816.291   78.84640   -5.03214    34.8620    34.8611 0.0000e+00
    442.000     0.6893     0.6892   2.972826   2.972794    314.024    308.761     0.1162    -0.0033     0.1112    817.448   78.84640   -5.03216    34.8615    34.8611 0.0000e+00
    443.000     0.6869     0.6875   2.972657   2.972671    314.014    308.430     0.1162     0.0040     0.1111    818.629   78.84640   -5.03219    34.8613    34.8609 0.0000e+00
    444.000     0.6845     0.6843   2.972505   2.972468    314.401    308.394     0.1162    -0.0040     0.1109    819.778   78.84640   -5.03221    34.8614    34.8612 0.0000e+00
    445.000     0.6896     0.6898   2.973038   2.973034    314.105    308.509     0.1163    -0.0030     0.1114    820.858   78.84640   -5.03223    34.8621    34.8618 0.0000e+00
    446.000     0.6883     0.6886   2.972983   2.972970    314.431    308.624     0.1163    -0.0026     0.1111    821.886   78.84641   -5.03224    34.8622    34.8617 0.0000e+00
    447.000     0.6820     0.6822   2.972459   2.972431    314.576    308.555     0.1164     0.0061     0.1112    822.877   78.84642   -5.03224    34.8619    34.8614 0.0000e+00
    448.000     0.6788     0.6792   2.972224   2.972223    314.310    308.001     0.1165    -0.0023     0.1104    823.859   78.84642   -5.03224    34.8619    34.8614 0.0000e+00
    449.000     0.6714     0.6717   2.971608   2.971596    314.364    308.028     0.1165    -0.0040     0.1110    824.870   78.84642   -5.03225    34.8616    34.8611 0.0000e+00
    450.000     0.6627     0.6633   2.970882   2.970882    314.313    308.387     0.1166     0.0036     0.1105    825.923   78.84642   -5.03227    34.8613    34.8606 0.0000e+00
    451.000     0.6563     0.6566   2.970352   2.970342    314.313    308.558     0.1167    -0.0029     0.1102    827.019   78.84642   -5.03229    34.8610    34.8606 0.0000e+00
    452.000     0.6531     0.6537   2.970113   2.970132    314.182    308.345     0.1167    -0.0044     0.1102    828.151   78.84642   -5.03232    34.8609    34.8605 0.0000e+00
    453.000     0.6495     0.6498   2.969851   2.969849    314.083    308.425     0.1168     0.0051     0.1107    829.299   78.84642   -5.03234    34.8610    34.8606 0.0000e+00
    454.000     0.6471     0.6472   2.969715   2.969704    314.163    308.735     0.1168     0.0067     0.1106    830.409   78.84642   -5.03236    34.8613    34.8611 0.0000e+00
    455.000     0.6467     0.6469   2.969742   2.969724    314.226    308.615     0.1169    -0.0022     0.1101    831.474   78.84642   -5.03238    34.8615    34.8611 0.0000e+00
    456.000     0.6460     0.6462   2.969726   2.969732    314.089    308.653     0.1169    -0.0029     0.1102    832.513   78.84644   -5.03238    34.8615    34.8614 0.0000e+00
    457.000     0.6422     0.6428   2.969450   2.969443    314.397    308.473     0.1170     0.0053     0.1102    833.543   78.84644   -5.03239    34.8616    34.8608 0.0000e+00
