test_project/cnv_files/Sta0214_bin.cnv
* Sea-Bird SBE 9 Data File:
* FileName = C:\Seabird\CTDDATA\Sta0214.hex
* Software Version Seasave V 7.26.7.107
* Temperature SN = 03-4535
* Conductivity SN = 2860
* Number of Bytes Per Scan = 44
* Number of Voltage Words = 5
* Number of Scans Averaged by the Deck Unit = 1
* NMEA Latitude = 78 50.00 N
* NMEA Longitude = 010 59.97 W
* NMEA UTC (Time) = Sep 05 2019 22:21:07
* NMEA baud rate = 9600
** Ship: "Kronprins Haakon"
** Station: 0214
** Echodepth: 327
** Log: 5943.854
** Wind-Dir Force(m/s): 01 12
** Air-temp (dry): -1.1
** Weather Sky: 1 6
** Sea Ice: 1 4
# nquan = 17
# nvalues = 315                         
# units = specified
# name 0 = prDM: Pressure, Digiquartz [db]
# name 1 = t090C: Temperature [ITS-90, deg C]
# name 2 = t190C: Temperature, 2 [ITS-90, deg C]
# name 3 = c0S/m: Conductivity [S/m]
# name 4 = c1S/m: Conductivity, 2 [S/m]
# name 5 = sbox0Mm/Kg: Oxygen, SBE 43 [umol/kg]
# name 6 = sbox1Mm/Kg: Oxygen, SBE 43, 2 [umol/kg]
# name 7 = wetCDOM: Fluorescence, WET Labs CDOM [mg/m^3]
# name 8 = flECO-AFL: Fluorescence, WET Labs ECO-AFL/FL [mg/m^3]
# name 9 = CStarAt0: Beam Attenuation, WET Labs C-Star [1/m]
# name 10 = timeS: Time, Elapsed [seconds]
# name 11 = latitude: Latitude [deg]
# name 12 = longitude: Longitude [deg]
# name 13 = upoly0: Upoly 0, ISUS
# name 14 = sal00: Salinity, Practical [PSU]
# name 15 = sal11: Salinity, Practical, 2 [PSU]
# name 16 = flag: flag
# span 0 =      2.000,    316.000       
# span 1 =    -1.7132,     1.2584       
# span 2 =    -1.7135,     1.2574       
# span 3 =   2.447466,   3.012457       
# span 4 =   2.447321,   3.012344       
# span 5 =    301.716,    428.998       
# span 6 =    297.753,    424.962       
# span 7 =     0.1177,     0.1793       
# span 8 =     0.0020,     0.8844       
# span 9 =     0.1501,     0.4336       
# span 10 =    234.001,    560.437      
# span 11 =   78.83334,   78.83336      
# span 12 =  -10.99966,  -10.99958      
# span 13 =  13.987288,  26.292937      
# span 14 =    30.0989,    34.8105      
# span 15 =    30.1012,    34.8102      
# span 16 = 0.0000e+00, 0.0000e+00      
# interval = decibars: 1                
# start_time = Sep 05 2019 22:21:07 [NMEA time, header]
# bad_flag = -9.990e-29
*END*
[from data line 256]
    258.000     0.7850     0.7849   2.957945   2.957877    303.094    299.327     0.1266     0.0194     0.1994    501.863   78.83336  -10.99958  25.763464    34.6696    34.6689 0.0000e+00
    259.000     0.7877     0.7873   2.958326   2.958241    303.626    299.320     0.1264     0.0283     0.1995    502.866   78.83336  -10.99958  25.788769    34.6710    34.6703 0.0000e+00
    260.000     0.7926     0.7927   2.958924   2.958900    303.980    299.124     0.1262     0.0239     0.1995    503.876   78.83336  -10.99958  25.592437    34.6726    34.6723 0.0000e+00
    261.000     0.8015     0.8007   2.959989   2.959855    303.554    299.213     0.1260     0.0198     0.2000    504.899   78.83336  -10.99958  25.626442    34.6759    34.6751 0.0000e+00
    262.000     0.8102     0.8096   2.960994   2.960889    302.832    299.347     0.1257     0.0110     0.1999    505.932   78.83336  -10.99958  25.675802    34.6786    34.6779 0.0000e+00
    263.000     0.8129     0.8123   2.961329   2.961217    303.043    299.217     0.1255     0.0163     0.2015    506.982   78.83336  -10.99958  25.601758    34.6794    34.6786 0.0000e+00
    264.000     0.8180     0.8179   2.961916   2.961866    303.387    299.140     0.1252     0.0181     0.2026    508.047   78.83336  -10.99958  25.895482    34.6807    34.6802 0.0000e+00
    265.000     0.8216     0.8212   2.962363   2.962272    303.681    299.878     0.1250     0.0222     0.2033    509.104   78.83336  -10.99958  25.983647    34.6819    34.6812 0.0000e+00
    266.000     0.8220     0.8220   2.962490   2.962414    303.875    299.639     0.1247     0.0100     0.2035    510.138   78.83336  -10.99958  25.198455    34.6825    34.6816 0.0000e+00
    267.000     0.8207     0.8206   2.962455   2.962382    303.929    299.748     0.1245     0.0096     0.2038    511.164   78.83336  -10.99958  25.455177    34.6829    34.6821 0.0000e+00
    268.000     0.8206     0.8205   2.962506   2.962442    303.562    299.343     0.1242     0.0098     0.2049    512.179   78.83336  -10.99958  25.447344    34.6831    34.6824 0.0000e+00
    269.000     0.8207     0.8206   2.962582   2.962521    303.290    299.150     0.1239     0.0158     0.2109    513.190   78.83336  -10.99958  25.379394    34.6834    34.6827 0.0000e+00
    270.000     0.8208     0.8207   2.962628   2.962562    303.368    298.823     0.1237     0.0164     0.2077    514.201   78.83336  -10.99958  25.499264    34.6833    34.6825 0.0000e+00
    271.000     0.8216     0.8215   2.962770   2.962723    303.321    299.125     0.1234     0.0115     0.2066    515.216   78.83336  -10.99958  25.646780    34.6837    34.6832 0.0000e+00
    272.000     0.8214     0.8215   2.962973   2.962913    303.261    298.967     0.1232     0.0143     0.2081    516.256   78.83336  -10.99958  25.235550    34.6859    34.6851 0.0000e+00
    273.000     0.8195     0.8195   2.962932   2.962868    303.603    298.997     0.1229     0.0167     0.2071    517.307   78.83336  -10.99958  25.279532    34.6869    34.6860 0.0000e+00
    274.000     0.8161     0.8161   2.962740   2.962683    303.725    299.514     0.1227     0.0123     0.2072    518.370   78.83336  -10.99958  25.686448    34.6876    34.6869 0.0000e+00
    275.000     0.8122     0.8123   2.962508   2.962451    303.715    299.963     0.1224     0.0096     0.2071    519.432   78.83336  -10.99958  26.123006    34.6884    34.6875 0.0000e+00
    276.000     0.8081     0.8081   2.962303   2.962243    303.535    299.732     0.1222     0.0137     0.2071    520.488   78.83336  -10.99958  25.738405    34.6897    34.6889 0.0000e+00
    277.000     0.8069     0.8065   2.962278   2.962212    303.635    299.302     0.1220     0.0129     0.2071    521.540   78.83336  -10.99958  25.787941    34.6901    34.6897 0.0000e+00
    278.000     0.8062     0.8060   2.962482   2.962412    303.632    299.138     0.1218     0.0132     0.2059    522.575   78.83336  -10.99958  25.645542    34.6929    34.6923 0.0000e+00
    279.000     0.8087     0.8086   2.962919   2.962873    303.542    298.920     0.1217     0.0136     0.2039    523.600   78.83336  -10.99958  25.288251    34.6952    34.6947 0.0000e+00
    280.000     0.8114     0.8112   2.963369   2.963307    303.338    298.571     0.1215     0.0147     0.2007    524.618   78.83336  -10.99958  25.018766    34.6975    34.6969 0.0000e+00
    281.000     0.8135     0.8134   2.963706   2.963648    302.818    298.328     0.1214     0.0235     0.1990    525.639   78.83336  -10.99958  25.098256    34.6989    34.6983 0.0000e+00
    282.000     0.8152     0.8150   2.963964   2.963898    302.517    298.144     0.1213     0.0203     0.1973    526.664   78.83336  -10.99958  25.635976    34.6998    34.6991 0.0000e+00
    283.000     0.8160     0.8158   2.964106   2.964051    302.206    298.031     0.1211     0.0109     0.1954    527.691   78.83336  -10.99958  26.238530    34.7001    34.6996 0.0000e+00
    284.000     0.8170     0.8169   2.964296   2.964239    302.041    297.893     0.1210     0.0144     0.1955    528.722   78.83336  -10.99958  25.906099    34.7008    34.7002 0.0000e+00
    285.000     0.8209     0.8204   2.964851   2.964770    302.030    297.839     0.1210     0.0020     0.1939    529.759   78.83336  -10.99958  25.890499    34.7031    34.7026 0.0000e+00
    286.000     0.8335     0.8330   2.966498   2.966439    302.108    297.753     0.1209     0.0039     0.1934    530.797   78.83336  -10.99958  25.752669    34.7098    34.7095 0.0000e+00
    287.000     0.8434     0.8428   2.967814   2.967739    302.216    297.932     0.1207     0.0219     0.1939    531.843   78.83336  -10.99958  25.528196    34.7151    34.7148 0.0000e+00
    288.000     0.8484     0.8483   2.968507   2.968463    302.693    297.996     0.1204     0.0109     0.1935    532.886   78.83336  -10.99958  25.567764    34.7180    34.7175 0.0000e+00
    289.000     0.8499     0.8499   2.968755   2.968707    302.127    298.073     0.1200     0.0155     0.1934    533.930   78.83336  -10.99958  25.703860    34.7190    34.7183 0.0000e+00
    290.000     0.8518     0.8515   2.969063   2.968998    301.716    298.327     0.1196     0.0164     0.2037    534.979   78.83336  -10.99958  25.846102    34.7202    34.7196 0.0000e+00
    291.000     0.8562     0.8559   2.969739   2.969666    301.791    298.444     0.1191     0.0109     0.2004    536.026   78.83336  -10.99958  25.865840    34.7234    34.7229 0.0000e+00
    292.000     0.8599     0.8597   2.970292   2.970237    302.121    298.516     0.1186     0.0155     0.1955    537.072   78.83336  -10.99958  25.537447    34.7258    34.7254 0.0000e+00
    293.000     0.8679     0.8676   2.971343   2.971307    302.510    298.224     0.1182     0.0221     0.1962    538.107   78.83336  -10.99958  26.279271    34.7300    34.7299 0.0000e+00
    294.000     0.8818     0.8823   2.973044   2.973100    302.121    298.146     0.1179     0.0136     0.1956    539.141   78.83336  -10.99958  25.983518    34.7359    34.7360 0.0000e+00
    295.000     0.8871     0.8869   2.973707   2.973643    302.282    298.232     0.1177     0.0183     0.1963    540.172   78.83336  -10.99958  26.005848    34.7379    34.7373 0.0000e+00
    296.000     0.8914     0.8911   2.974190   2.974139    302.111    298.098     0.1177     0.0157     0.1991    541.192   78.83336  -10.99958  25.722920    34.7388    34.7385 0.0000e+00
    297.000     0.8946     0.8954   2.974579   2.974614    302.025    298.013     0.1179     0.0096     0.2004    542.219   78.83336  -10.99958  25.626690    34.7396    34.7392 0.0000e+00
    298.000     0.8985     0.8983   2.975044   2.974990    302.206    298.073     0.1183     0.0129     0.2016    543.245   78.83336  -10.99958  25.443862    34.7407    34.7402 0.0000e+00
    299.000     0.9070     0.9068   2.975982   2.975925    302.292    298.136     0.1188     0.0137     0.2042    544.281   78.83336  -10.99958  25.691769    34.7428    34.7423 0.0000e+00
    300.000     0.9124     0.9122   2.976618   2.976576    302.214    298.364     0.1193     0.0064     0.2069    545.326   78.83336  -10.99958  26.080348    34.7444    34.7440 0.0000e+00
    301.000     0.9247     0.9244   2.977978   2.977941    302.418    298.610     0.1197     0.0044     0.2099    546.378   78.83336  -10.99958  25.787276    34.7476    34.7474 0.0000e+00
    302.000     0.9392     0.9374   2.979497   2.979297    302.170    298.721     0.1201     0.0096     0.2131    547.432   78.83336  -10.99958  25.763533    34.7504    34.7499 0.0000e+00
    303.000     0.9591     0.9587   2.981540   2.981523    302.573    298.718     0.1205     0.0117     0.2137    548.481   78.83336  -10.99960  25.386784    34.7541    34.7543 0.0000e+00
    304.000     0.9798     0.9793   2.983700   2.983626    302.695    298.717     0.1207     0.0150     0.2139    549.528   78.83336  -10.99960  25.442612    34.7582    34.7578 0.0000e+00
    305.000     0.9910     0.9910   2.984876   2.984893    303.159    299.128     0.1207     0.0097     0.2152    550.563   78.83336  -10.99960  25.664321    34.7603    34.7605 0.0000e+00
    306.000     1.0262     1.0240   2.988481   2.988313    303.000    299.150     0.1207     0.0085     0.2183    551.591   78.83336  -10.99960  25.741106    34.7669    34.7673 0.0000e+00
    307.000     1.0519     1.0503   2.991112   2.990972    302.920    299.742     0.1207     0.0035     0.2211    552.624   78.83336  -10.99960  25.812298    34.7717    34.7716 0.0000e+00
    308.000     1.0604     1.0582   2.992032   2.991777    303.987    300.311     0.1205     0.0156     0.2340    553.670   78.83336  -10.99960  25.965495    34.7733    34.7725 0.0000e+00
    309.000     1.0810     1.0805   2.994143   2.994096    304.050    300.563     0.1204     0.0110     0.4336    554.716   78.83336  -10.99960  26.024133    34.7770    34.7769 0.0000e+00
    310.000     1.0926     1.0911   2.995402   2.995258    304.124    300.973     0.1202     0.0164     0.2624    555.735   78.83336  -10.99960  25.852389    34.7797    34.7796 0.0000e+00
    311.000     1.1561     1.1465   3.001781   3.001128    303.621    300.805     0.1202     0.0170     0.2255    556.551   78.83336  -10.99960  25.430527    34.7904    34.7926 0.0000e+00
    312.000     1.1895     1.1890   3.005142   3.005118    303.752    300.854     0.1199     0.0170     0.2266    557.229   78.83336  -10.99960  25.342432    34.7957    34.7960 0.0000e+00
    313.000     1.2095     1.2081   3.007277   3.007176    304.617    301.316     0.1199     0.0170     0.2275    557.879   78.83336  -10.99960  25.319625    34.8003    34.8005 0.0000e+00
    314.000     1.2203     1.2246   3.008448   3.008847    305.764    301.690     0.1201     0.0166     0.2294    558.553   78.83336  -10.99960  25.796223    34.8028    34.8031 0.0000e+00
    315.000     1.2264     1.2267   3.009137   3.009136    306.717    302.456     0.1204     0.0132     0.2296    559.370   78.83336  -10.99960  25.549661    34.8041    34.8038 0.0000e+00
    316.000     1.2584     1.2574   3.012457   3.012344    306.358    303.071     0.1207     0.0073     0.2289    560.437   78.83336  -10.99960  25.262307    34.8105    34.8102 0.0000e+00
