test_project/cnv_files/Sta0220_bin.cnv
* Sea-Bird SBE 9 Data File:
* FileName = C:\Seabird\CTDDATA\Sta0220.hex
* Software Version Seasave V 7.26.7.107
* Temperature SN = 03-4535
* Conductivity SN = 2860
* Number of Bytes Per Scan = 44
* Number of Voltage Words = 5
* Number of Scans Averaged by the Deck Unit = 1
* NMEA Latitude = 78 18.87 N
* NMEA Longitude = 014 56.12 W
* NMEA UTC (Time) = Sep 07 2019 20:29:22
* NMEA baud rate = 9600
** Ship: "Kronprins Haakon"
** Station: 0220
** Echodepth: 86
** Log: 6049.842
** Wind-Dir Force(m/s): 25 07
** Air-temp (dry): -1.6
** Weather Sky: 0 1
** Sea Ice: 0 1
# nquan = 17
# nvalues = 75                          
# units = specified
# name 0 = prDM: Pressure, Digiquartz [db]
# name 1 = t090C: Temperature [ITS-90, deg C]
# name 2 = t190C: Temperature, 2 [ITS-90, deg C]
# name 3 = c0S/m: Conductivity [S/m]
# name 4 = c1S/m: Conductivity, 2 [S/m]
# name 5 = sbox0Mm/Kg: Oxygen, SBE 43 [umol/kg]
# name 6 = sbox1Mm/Kg: Oxygen, SBE 43, 2 [umol/kg]
# name 7 = wetCDOM: Fluorescence, WET Labs CDOM [mg/m^3]
# name 8 = flECO-AFL: Fluorescence, WET Labs ECO-AFL/FL [mg/m^3]
# name 9 = CStarAt0: Beam Attenuation, WET Labs C-Star [1/m]
# name 10 = timeS: Time, Elapsed [seconds]
# name 11 = latitude: Latitude [deg]
# name 12 = longitude: Longitude [deg]
# name 13 = upoly0: Upoly 0, ISUS
# name 14 = sal00: Salinity, Practical [PSU]
# name 15 = sal11: Salinity, Practical, 2 [PSU]
# name 16 = flag: flag
# span 0 =      2.000,     76.000       
# span 1 =    -1.6653,    -0.6961       
# span 2 =    -1.6651,    -0.6948       
# span 3 =   2.395610,   2.601708       
# span 4 =   2.395788,   2.601317       
# span 5 =    370.074,    429.814       
# span 6 =    368.395,    415.862       
# span 7 =     0.1162,     0.1803       
# span 8 =     0.0603,     0.9886       
# span 9 =     0.1540,     0.2282       
# span 10 =    248.958,    527.609      
# span 11 =   78.31478,   78.31500      
# span 12 =  -14.93478,  -14.93400      
# span 13 =  10.169031,  14.716184      
# span 14 =    29.3213,    32.6147      
# span 15 =    29.3225,    32.6072      
# span 16 = 0.0000e+00, 0.0000e+00      
# interval = decibars: 1                
# start_time = Sep 07 2019 20:29:22 [NMEA time, header]
# bad_flag = -9.990e-29
*END*
      2.000    -1.0454    -1.0438   2.395982   2.396285    397.843    392.265     0.1289     0.1718     0.1971    248.958   78.31478  -14.93478  11.444368    29.3257    29.3281 0.0000e+00
      3.000    -1.0198    -1.0184   2.400201   2.400392    395.926    391.559     0.1273     0.1557     0.1983    250.897   78.31478  -14.93478  11.075333    29.3567    29.3578 0.0000e+00
      4.000    -1.0439    -1.0459   2.396249   2.395788    396.676    392.828     0.1266     0.1586     0.1998    252.561   78.31478  -14.93478  11.254234    29.3267    29.3225 0.0000e+00
      5.000    -1.0477    -1.0443   2.395610   2.396006    396.141    392.856     0.1268     0.1616     0.1985    253.923   78.31478  -14.93477  11.240550    29.3213    29.3233 0.0000e+00
      6.000    -1.0277    -1.0359   2.398654   2.397331    396.943    392.981     0.1269     0.1584     0.2172    255.064   78.31478  -14.93476  10.463155    29.3420    29.3323 0.0000e+00
      7.000    -1.0214    -1.0238   2.400154   2.399718    398.786    393.453     0.1256     0.1655     0.2160    256.114   78.31480  -14.93476  11.264455    29.3554    29.3519 0.0000e+00
      8.000    -0.9749    -0.9879   2.408215   2.406471    398.913    393.379     0.1246     0.1678     0.1977    257.164   78.31480  -14.93476  10.555223    29.4173    29.4067 0.0000e+00
      9.000    -0.8474    -0.8693   2.429409   2.426328    397.413    392.109     0.1235     0.1601     0.1974    258.220   78.31480  -14.93476  10.326167    29.5750    29.5554 0.0000e+00
     10.000    -0.8279    -0.8411   2.432495   2.429877    399.995    394.080     0.1221     0.1769     0.1974    259.261   78.31480  -14.93476  10.628150    29.5965    29.5746 0.0000e+00
     11.000    -0.8142    -0.8139   2.434713   2.435029    400.850    394.834     0.1206     0.1719     0.1988    260.289   78.31480  -14.93476  10.796474    29.6120    29.6160 0.0000e+00
     12.000    -0.8611    -0.8453   2.427139   2.429443    398.046    395.182     0.1191     0.1778     0.1953    261.320   78.31480  -14.93474  10.936098    29.5566    29.5717 0.0000e+00
     13.000    -0.8034    -0.8091   2.436898   2.436394    393.115    394.206     0.1178     0.1650     0.1942    262.358   78.31480  -14.93474  11.317728    29.6295    29.6283 0.0000e+00
     14.000    -0.7752    -0.7758   2.441952   2.441777    394.147    393.953     0.1168     0.1638     0.1966    263.413   78.31480  -14.93474  11.500050    29.6686    29.6668 0.0000e+00
     15.000    -0.7470    -0.7464   2.446734   2.446917    398.011    394.260     0.1163     0.1705     0.1964    264.487   78.31480  -14.93474  10.494655    29.7040    29.7058 0.0000e+00
     16.000    -0.7570    -0.7553   2.447441   2.447412    398.364    394.317     0.1162     0.1839     0.1939    265.561   78.31480  -14.93474  10.698101    29.7227    29.7207 0.0000e+00
     17.000    -0.7726    -0.7723   2.447209   2.447169    397.806    394.515     0.1166     0.1922     0.1961    266.639   78.31480  -14.93474  10.775730    29.7344    29.7336 0.0000e+00
     18.000    -0.7712    -0.7717   2.449157   2.449042    396.560    394.137     0.1174     0.1826     0.1959    267.703   78.31480  -14.93473  11.721984    29.7585    29.7574 0.0000e+00
     19.000    -0.7254    -0.7275   2.456478   2.456361    396.331    393.745     0.1187     0.1852     0.1933    268.764   78.31480  -14.93472  11.327532    29.8102    29.8107 0.0000e+00
     20.000    -0.6961    -0.6948   2.471925   2.471138    397.953    393.296     0.1203     0.1859     0.1903    269.809   78.31480  -14.93472  11.047523    29.9863    29.9745 0.0000e+00
     21.000    -0.7996    -0.7842   2.518343   2.515316    398.922    393.206     0.1221     0.2091     0.1897    270.840   78.31480  -14.93472  10.979811    30.7110    30.6546 0.0000e+00
     22.000    -0.9046    -0.9028   2.559637   2.559242    395.923    391.659     0.1241     0.2807     0.1931    271.870   78.31480  -14.93472  11.115657    31.3718    31.3646 0.0000e+00
     23.000    -0.9002    -0.9001   2.567799   2.567690    392.434    391.012     0.1263     0.3755     0.1953    272.906   78.31480  -14.93472  10.875127    31.4765    31.4750 0.0000e+00
     24.000    -0.9062    -0.9059   2.575100   2.574429    401.941    397.579     0.1285     0.4124     0.2215    273.951   78.31480  -14.93471  10.660972    31.5807    31.5712 0.0000e+00
     25.000    -0.8751    -0.8777   2.585543   2.585200    416.343    405.566     0.1307     0.4372     0.2203    275.001   78.31480  -14.93470  10.649233    31.6880    31.6862 0.0000e+00
     26.000    -0.8020    -0.8077   2.594302   2.593903    424.272    409.831     0.1328     0.4790     0.2145    276.046   78.31480  -14.93470  10.350602    31.7284    31.7290 0.0000e+00
     27.000    -0.8262    -0.8172   2.595259   2.595391    428.548    413.304     0.1348     0.4620     0.2220    277.098   78.31482  -14.93470  10.338445    31.7662    31.7584 0.0000e+00
     28.000    -0.9167    -0.9164   2.594430   2.594331    429.814    415.862     0.1366     0.4299     0.2255    278.153   78.31482  -14.93470  10.169031    31.8500    31.8484 0.0000e+00
     29.000    -0.9580    -0.9554   2.593969   2.593946    421.865    413.607     0.1384     0.4719     0.2165    279.200   78.31482  -14.93470  10.179660    31.8870    31.8839 0.0000e+00
     30.000    -1.0125    -1.0104   2.590762   2.590783    419.717    413.657     0.1399     0.5120     0.2161    280.253   78.31482  -14.93468  11.041832    31.9010    31.8990 0.0000e+00
     31.000    -1.0204    -1.0189   2.591009   2.590985    421.011    413.162     0.1414     0.5002     0.2083    281.306   78.31482  -14.93468  11.184550    31.9121    31.9102 0.0000e+00
     32.000    -1.0568    -1.0556   2.590442   2.590393    422.728    412.825     0.1428     0.4836     0.2102    282.356   78.31482  -14.93468  11.151694    31.9425    31.9406 0.0000e+00
     33.000    -1.0868    -1.0848   2.589188   2.589171    423.380    411.834     0.1441     0.4844     0.2077    283.404   78.31482  -14.93468  11.402275    31.9569    31.9546 0.0000e+00
     34.000    -1.1294    -1.1272   2.586432   2.586407    422.198    410.871     0.1454     0.5134     0.2183    284.446   78.31482  -14.93468  11.152240    31.9644    31.9616 0.0000e+00
     35.000    -1.2224    -1.2195   2.581018   2.580983    420.494    409.797     0.1467     0.6018     0.2144    285.483   78.31482  -14.93468  10.950313    31.9894    31.9858 0.0000e+00
     36.000    -1.3137    -1.3119   2.575610   2.575554    417.461    407.917     0.1480     0.8145     0.2127    286.525   78.31482  -14.93468  11.383566    32.0128    32.0101 0.0000e+00
     37.000    -1.3686    -1.3672   2.572408   2.572368    414.386    405.411     0.1493     0.9886     0.2166    287.571   78.31482  -14.93467  11.748371    32.0273    32.0253 0.0000e+00
     38.000    -1.4163    -1.4155   2.569832   2.569788    414.302    404.038     0.1505     0.8431     0.2259    288.617   78.31482  -14.93466  11.462167    32.0426    32.0412 0.0000e+00
     39.000    -1.4474    -1.4467   2.568059   2.568020    414.953    401.821     0.1518     0.7091     0.2282    289.664   78.31482  -14.93466  11.655464    32.0512    32.0499 0.0000e+00
     40.000    -1.5047    -1.5037   2.565053   2.565000    414.301    399.478     0.1530     0.5955     0.2272    290.728   78.31482  -14.93466  11.411102    32.0710    32.0692 0.0000e+00
     41.000    -1.5536    -1.5524   2.562466   2.562431    411.387    396.739     0.1542     0.4766     0.2273    291.786   78.31482  -14.93466  11.406133    32.0876    32.0858 0.0000e+00
     42.000    -1.5894    -1.5890   2.560700   2.560689    407.449    393.849     0.1554     0.3639     0.2178    292.842   78.31482  -14.93466  11.941242    32.1014    32.1007 0.0000e+00
     43.000    -1.5969    -1.5967   2.560779   2.560753    403.285    390.985     0.1565     0.2796     0.2140    293.902   78.31482  -14.93466  12.575725    32.1099    32.1094 0.0000e+00
     44.000    -1.6001    -1.5998   2.560922   2.560903    401.507    389.355     0.1576     0.2122     0.2115    294.953   78.31482  -14.93465  12.955329    32.1148    32.1141 0.0000e+00
     45.000    -1.6035    -1.6030   2.561257   2.561249    400.174    388.473     0.1587     0.2009     0.1982    296.015   78.31482  -14.93464  12.827249    32.1224    32.1217 0.0000e+00
     46.000    -1.6118    -1.6113   2.561117   2.561098    398.138    387.315     0.1597     0.2009     0.1883    297.065   78.31482  -14.93464  12.775845    32.1288    32.1281 0.0000e+00
     47.000    -1.6183    -1.6182   2.560895   2.560863    395.986    386.436     0.1607     0.2186     0.1818    298.119   78.31482  -14.93464  12.831047    32.1323    32.1317 0.0000e+00
     48.000    -1.6303    -1.6295   2.560218   2.560226    395.298    386.742     0.1618     0.2780     0.1805    299.172   78.31482  -14.93464  12.826168    32.1352    32.1345 0.0000e+00
     49.000    -1.6378    -1.6370   2.559809   2.559836    394.898    387.229     0.1628     0.1901     0.1741    300.226   78.31482  -14.93464  13.834738    32.1371    32.1367 0.0000e+00
     50.000    -1.6455    -1.6452   2.559474   2.559469    395.096    387.221     0.1636     0.1220     0.1687    301.285   78.31482  -14.93464  13.621740    32.1402    32.1399 0.0000e+00
     51.000    -1.6471    -1.6469   2.559631   2.559617    395.048    386.492     0.1644     0.1072     0.1648    302.338   78.31482  -14.93462  13.146641    32.1435    32.1431 0.0000e+00
     52.000    -1.6490    -1.6488   2.559879   2.559879    394.448    385.679     0.1650     0.0966     0.1628    303.391   78.31482  -14.93462  13.754691    32.1484    32.1482 0.0000e+00
     53.000    -1.6503    -1.6501   2.560357   2.560370    393.271    385.088     0.1656     0.0821     0.1596    304.448   78.31482  -14.93462  13.816937    32.1558    32.1558 0.0000e+00
     54.000    -1.6416    -1.6415   2.562005   2.562024    392.729    384.565     0.1662     0.0914     0.1574    305.507   78.31482  -14.93462  13.531319    32.1685    32.1686 0.0000e+00
     55.000    -1.6481    -1.6476   2.562053   2.562049    392.813    384.419     0.1667     0.1012     0.1592    306.568   78.31484  -14.93462  13.627482    32.1755    32.1750 0.0000e+00
     56.000    -1.6571    -1.6567   2.561864   2.561867    392.800    384.236     0.1671     0.0867     0.1565    307.625   78.31484  -14.93462  13.533049    32.1821    32.1817 0.0000e+00
     57.000    -1.6552    -1.6551   2.562350   2.562350    391.805    384.046     0.1675     0.0721     0.1571    308.679   78.31484  -14.93461  13.698539    32.1861    32.1860 0.0000e+00
     58.000    -1.6542    -1.6540   2.562693   2.562691    391.237    383.978     0.1678     0.0684     0.1567    309.735   78.31484  -14.93460  13.871467    32.1892    32.1890 0.0000e+00
     59.000    -1.6580    -1.6578   2.563061   2.563057    391.212    383.720     0.1683     0.0683     0.1560    310.793   78.31484  -14.93460  13.581952    32.1978    32.1975 0.0000e+00
     60.000    -1.6634    -1.6630   2.564173   2.564167    390.857    383.206     0.1689     0.0707     0.1555    311.846   78.31484  -14.93460  13.244112    32.2184    32.2179 0.0000e+00
     61.000    -1.6653    -1.6651   2.564571   2.564566    390.348    382.859     0.1695     0.0707     0.1552    312.904   78.31484  -14.93460  13.771423    32.2254    32.2251 0.0000e+00
     62.000    -1.6623    -1.6623   2.565934   2.565960    389.652    382.322     0.1702     0.0610     0.1551    313.961   78.31484  -14.93460  13.760962    32.2403    32.2407 0.0000e+00
     63.000    -1.6522    -1.6523   2.568894   2.568931    389.092    381.907     0.1708     0.0630     0.1550    315.029   78.31484  -14.93460  13.946825    32.2696    32.2702 0.0000e+00
     64.000    -1.6475    -1.6474   2.571248   2.571267    389.074    381.894     0.1714     0.0682     0.1540    316.096   78.31484  -14.93460  13.569787    32.2964    32.2965 0.0000e+00
     65.000    -1.6503    -1.6500   2.573071   2.573015    389.016    381.691     0.1720     0.0664     0.1540    317.162   78.31484  -14.93458  13.537091    32.3240    32.3229 0.0000e+00
     66.000    -1.6491    -1.6492   2.575556   2.575530    388.090    381.039     0.1727     0.0658     0.1548    318.221   78.31484  -14.93458  13.886260    32.3565    32.3561 0.0000e+00
     67.000    -1.6371    -1.6367   2.577758   2.577852    386.916    380.079     0.1733     0.0861     0.1555    319.266   78.31484  -14.93458  13.900337    32.3731    32.3740 0.0000e+00
     68.000    -1.6265    -1.6262   2.579661   2.579751    386.331    379.186     0.1738     0.1032     0.1578    320.299   78.31484  -14.93458  14.141664    32.3873    32.3882 0.0000e+00
     69.000    -1.6161    -1.6162   2.581669   2.581686    385.902    378.688     0.1743     0.0984     0.1583    321.332   78.31484  -14.93458  14.159043    32.4030    32.4033 0.0000e+00
     70.000    -1.6116    -1.6114   2.583962   2.583981    384.922    378.126     0.1748     0.1034     0.1591    322.371   78.31484  -14.93458  13.986618    32.4291    32.4291 0.0000e+00
     71.000    -1.6176    -1.6170   2.584767   2.584775    384.525    377.992     0.1754     0.0972     0.1604    323.424   78.31484  -14.93456  14.137119    32.4461    32.4456 0.0000e+00
     72.000    -1.6162    -1.6155   2.584914   2.584971    383.318    377.307     0.1755     0.0839     0.1634    324.490   78.31484  -14.93456  14.206210    32.4461    32.4461 0.0000e+00
     73.000    -1.6150    -1.6146   2.585056   2.585065    382.892    376.867     0.1765     0.0762     0.1627    325.567   78.31484  -14.93456  14.186558    32.4461    32.4457 0.0000e+00
     74.000    -1.6130    -1.6130   2.585348   2.585320    382.320    376.344     0.1773     0.0759     0.1626    326.636   78.31484  -14.93456  14.681613    32.4473    32.4469 0.0000e+00
     75.000    -1.6091    -1.6093   2.586283   2.586213    381.512    375.728     0.1776     0.0805     0.1626    327.725   78.31484  -14.93456  13.988351    32.4553    32.4545 0.0000e+00
     76.000    -1.5609    -1.5588   2.601708   2.601317    370.074    368.395     0.1803     0.0603     0.1619    527.609   78.31500  -14.93400  14.716184    32.6147    32.6072 0.0000e+00
