test_project/cnv_files/sta0244_bin.cnv
* Sea-Bird SBE 9 Data File:
* FileName = C:\Seabird\CTDDATA\Sta0244.hex
* Software Version Seasave V 7.26.7.107
* Temperature SN = 03-4535
* Conductivity SN = 2860
* Number of Bytes Per Scan = 44
* Number of Voltage Words = 5
* Number of Scans Averaged by the Deck Unit = 1
* NMEA Latitude = 78 49.98 N
* NMEA Longitude = 005 00.02 E
* NMEA UTC (Time) = Sep 14 2019 11:24:50
* NMEA baud rate = 9600
** Ship: "Kronprins Haakon"
** Station: 0244
** Echodepth: 2644
** Log: 6486.216
** Wind-Dir Force(m/s): 10 05
** Air-temp (dry): 5.6
** Weather Sky: 2 8
** Sea Ice: 4 0
# nquan = 16
# nvalues = 2690                        
# units = specified
# name 0 = prDM: Pressure, Digiquartz [db]
# name 1 = t090C: Temperature [ITS-90, deg C]
# name 2 = t190C: Temperature, 2 [ITS-90, deg C]
# name 3 = c0S/m: Conductivity [S/m]
# name 4 = c1S/m: Conductivity, 2 [S/m]
# name 5 = sbox0Mm/Kg: Oxygen, SBE 43 [umol/kg]
# name 6 = sbox1Mm/Kg: Oxygen, SBE 43, 2 [umol/kg]
# name 7 = wetCDOM: Fluorescence, WET Labs CDOM [mg/m^3]
# name 8 = flECO-AFL: Fluorescence, WET Labs ECO-AFL/FL [mg/m^3]
# name 9 = CStarAt0: Beam Attenuation, WET Labs C-Star [1/m]
# name 10 = timeS: Time, Elapsed [seconds]
# name 11 = latitude: Latitude [deg]
# name 12 = longitude: Longitude [deg]
# name 13 = sal00: Salinity, Practical [PSU]
# name 14 = sal11: Salinity, Practical, 2 [PSU]
# name 15 = flag: flag
# span 0 =      1.000,   2690.000       
# span 1 =    -0.7346,     5.5981       
# span 2 =    -0.7342,     5.5975       
# span 3 =   2.913073,   3.388876       
# span 4 =   2.913129,   3.388723       
# span 5 =    172.264,    394.565       
# span 6 =    299.460,    322.985       
# span 7 =     0.0903,     0.1269       
# span 8 =    -0.0058,     1.9790       
# span 9 =     0.1286,     0.4303       
# span 10 =    151.691,   2768.047      
# span 11 =   78.83300,   78.83306      
# span 12 =    5.00012,    5.00030      
# span 13 =    34.6294,    35.6464      
# span 14 =    34.6306,    35.0348      
# span 15 = 0.0000e+00, 0.0000e+00      
# interval = decibars: 1                
# start_time = Sep 14 2019 11:24:50 [NMEA time, header]
# bad_flag = -9.990e-29
*END*
[from data line 543]
    544.000     1.1439     1.1438   3.065571   3.022036    218.983    314.320     0.1143     0.0023     0.1374    686.473   78.83304    5.00022    35.4866    34.9287 0.0000e+00
    545.000     1.1319     1.1095   3.065329   3.018669    218.332    315.157     0.1142     0.0023     0.1372    687.458   78.83304    5.00024    35.4965    34.9232 0.0000e+00
    546.000     1.0990     1.0692   3.065027   3.015046    217.307    315.277     0.1141     0.0020     0.1376    688.441   78.83304    5.00024    35.5293    34.9211 0.0000e+00
    547.000     1.0679     1.0507   3.064722   3.013430    216.657    314.666     0.1140     0.0023     0.1377    689.419   78.83304    5.00024    35.5601    34.9204 0.0000e+00
    548.000     1.0506     1.0444   3.064456   3.012898    216.093    314.484     0.1139     0.0023     0.1371    690.394   78.83304    5.00022    35.5757    34.9200 0.0000e+00
    549.000     1.0466     1.0409   3.064222   3.012602    215.239    314.434     0.1138     0.0035     0.1363    691.371   78.83304    5.00022    35.5766    34.9196 0.0000e+00
    550.000     1.0434     1.0408   3.063964   3.012645    214.467    314.159     0.1138     0.0093     0.1354    692.349   78.83304    5.00022    35.5765    34.9197 0.0000e+00
    551.000     1.0422     1.0379   3.063701   3.012432    213.749    314.093     0.1137     0.0096     0.1347    693.328   78.83304    5.00022    35.5738    34.9195 0.0000e+00
    552.000     1.0381     1.0352   3.063426   3.012323    212.951    313.972     0.1137     0.0095     0.1347    694.298   78.83304    5.00022    35.5743    34.9206 0.0000e+00
    553.000     1.0384     1.0391   3.063146   3.012810    212.702    313.736     0.1137     0.0042     0.1349    695.268   78.83304    5.00022    35.5698    34.9220 0.0000e+00
    554.000     1.0427     1.0429   3.062871   3.013266    211.778    313.933     0.1137     0.0020     0.1345    696.244   78.83304    5.00024    35.5608    34.9230 0.0000e+00
    555.000     1.0439     1.0415   3.062566   3.013217    211.091    313.944     0.1137     0.0023     0.1397    697.216   78.83304    5.00024    35.5549    34.9234 0.0000e+00
    556.000     1.0439     1.0415   3.062256   3.013289    210.441    314.012     0.1137     0.0023     0.1429    698.187   78.83304    5.00024    35.5504    34.9236 0.0000e+00
    557.000     1.0422     1.0390   3.061930   3.013092    209.682    314.293     0.1137     0.0023     0.1346    699.166   78.83304    5.00022    35.5475    34.9234 0.0000e+00
    558.000     1.0370     1.0317   3.061586   3.012478    209.209    314.443     0.1138     0.0023     0.1347    700.156   78.83304    5.00022    35.5484    34.9230 0.0000e+00
    559.000     1.0325     1.0277   3.061230   3.012146    208.886    314.508     0.1138     0.0023     0.1355    701.147   78.83304    5.00022    35.5484    34.9227 0.0000e+00
    560.000     1.0308     1.0246   3.060887   3.011909    207.952    314.503     0.1138     0.0023     0.1350    702.127   78.83304    5.00022    35.5452    34.9225 0.0000e+00
    561.000     1.0247     1.0202   3.060527   3.011544    207.285    314.761     0.1139     0.0023     0.1354    703.093   78.83304    5.00022    35.5470    34.9221 0.0000e+00
    562.000     1.0210     1.0202   3.060170   3.011687    207.025    314.828     0.1140     0.0023     0.1351    704.049   78.83304    5.00024    35.5460    34.9234 0.0000e+00
    563.000     1.0206     1.0195   3.059835   3.011699    206.497    314.749     0.1140     0.0023     0.1355    705.008   78.83304    5.00024    35.5415    34.9237 0.0000e+00
    564.000     1.0171     1.0103   3.059464   3.010891    206.128    314.427     0.1141     0.0023     0.1351    705.980   78.83303    5.00024    35.5402    34.9231 0.0000e+00
    565.000     1.0057     0.9996   3.059066   3.009959    205.460    314.392     0.1142     0.0023     0.1348    706.968   78.83302    5.00023    35.5473    34.9224 0.0000e+00
    566.000     0.9976     0.9914   3.058683   3.009284    204.806    314.906     0.1143     0.0023     0.1350    707.964   78.83303    5.00022    35.5511    34.9223 0.0000e+00
    567.000     0.9929     0.9902   3.058294   3.009214    204.306    314.697     0.1143     0.0023     0.1355    708.953   78.83304    5.00022    35.5509    34.9222 0.0000e+00
    568.000     0.9913     0.9893   3.057936   3.009181    204.179    314.402     0.1144     0.0023     0.1359    709.928   78.83304    5.00022    35.5474    34.9222 0.0000e+00
    569.000     0.9899     0.9877   3.057575   3.009068    203.569    314.676     0.1145     0.0023     0.1349    710.894   78.83304    5.00022    35.5438    34.9219 0.0000e+00
    570.000     0.9887     0.9881   3.057210   3.009136    203.043    314.700     0.1146     0.0026     0.1346    711.862   78.83304    5.00022    35.5398    34.9218 0.0000e+00
    571.000     0.9882     0.9860   3.056834   3.009001    202.622    314.364     0.1146     0.0085     0.1379    712.838   78.83304    5.00022    35.5350    34.9219 0.0000e+00
    572.000     0.9848     0.9833   3.056449   3.008831    202.137    314.560     0.1147     0.0040     0.1459    713.816   78.83304    5.00022    35.5333    34.9221 0.0000e+00
    573.000     0.9841     0.9833   3.056083   3.008880    201.750    314.601     0.1148     0.0073     0.1351    714.793   78.83304    5.00022    35.5288    34.9222 0.0000e+00
    574.000     0.9828     0.9817   3.055705   3.008792    201.500    314.849     0.1149     0.0054     0.1345    715.768   78.83304    5.00022    35.5249    34.9222 0.0000e+00
    575.000     0.9958     1.0132   3.055363   3.012088    201.167    314.280     0.1149     0.0023     0.1347    716.740   78.83303    5.00022    35.5052    34.9289 0.0000e+00
    576.000     1.0282     1.0336   3.055071   3.013899    200.707    314.363     0.1150     0.0046     0.1347    717.713   78.83302    5.00022    35.4640    34.9288 0.0000e+00
    577.000     1.0271     1.0211   3.054666   3.012789    199.768    315.166     0.1151     0.0096     0.1355    718.694   78.83303    5.00022    35.4595    34.9279 0.0000e+00
    578.000     1.0184     1.0118   3.054257   3.012036    199.421    315.160     0.1152     0.0086     0.1358    719.672   78.83304    5.00022    35.4635    34.9281 0.0000e+00
    579.000     1.0130     1.0106   3.053859   3.011970    199.463    315.294     0.1153     0.0026     0.1363    720.651   78.83304    5.00022    35.4640    34.9280 0.0000e+00
    580.000     1.0090     1.0053   3.053468   3.011539    198.895    315.443     0.1153     0.0023     0.1361    721.626   78.83304    5.00022    35.4628    34.9278 0.0000e+00
    581.000     1.0025     1.0004   3.053077   3.011175    198.438    315.664     0.1154     0.0024     0.1366    722.600   78.83304    5.00022    35.4645    34.9280 0.0000e+00
    582.000     0.9989     0.9964   3.052696   3.010915    198.351    316.047     0.1155     0.0074     0.1368    723.569   78.83303    5.00022    35.4632    34.9285 0.0000e+00
    583.000     0.9937     0.9878   3.052317   3.010183    197.894    315.790     0.1156     0.0049     0.1374    724.536   78.83302    5.00022    35.4635    34.9281 0.0000e+00
    584.000     0.9854     0.9824   3.051939   3.009795    197.415    315.717     0.1156     0.0023     0.1370    725.508   78.83302    5.00022    35.4675    34.9286 0.0000e+00
    585.000     0.9829     0.9793   3.051567   3.009573    197.354    315.813     0.1157     0.0023     0.1370    726.487   78.83302    5.00022    35.4650    34.9286 0.0000e+00
    586.000     0.9760     0.9702   3.051190   3.008813    196.848    315.799     0.1157     0.0023     0.1377    727.476   78.83302    5.00022    35.4673    34.9284 0.0000e+00
    587.000     0.9711     0.9688   3.050824   3.008763    196.476    315.744     0.1157     0.0023     0.1377    728.466   78.83304    5.00022    35.4676    34.9288 0.0000e+00
    588.000     0.9692     0.9655   3.050473   3.008440    196.151    316.293     0.1158     0.0023     0.1388    729.448   78.83304    5.00022    35.4646    34.9277 0.0000e+00
    589.000     0.9512     0.9301   3.050084   3.005149    195.971    316.659     0.1158     0.0023     0.1382    730.413   78.83304    5.00020    35.4795    34.9243 0.0000e+00
    590.000     0.9280     0.9201   3.049693   3.004387    196.121    315.985     0.1158     0.0023     0.1380    731.365   78.83304    5.00020    35.5002    34.9251 0.0000e+00
    591.000     0.9054     0.8857   3.049330   3.001125    195.654    316.321     0.1158     0.0023     0.1379    732.317   78.83302    5.00020    35.5206    34.9209 0.0000e+00
    592.000     0.8765     0.8629   3.048936   2.999213    195.362    316.017     0.1158     0.0023     0.1377    733.285   78.83302    5.00022    35.5477    34.9212 0.0000e+00
    593.000     0.8593     0.8513   3.048583   2.998130    195.131    315.510     0.1158     0.0023     0.1371    734.271   78.83302    5.00022    35.5622    34.9197 0.0000e+00
    594.000     0.8496     0.8414   3.048235   2.997281    194.919    315.253     0.1158     0.0056     0.1375    735.266   78.83302    5.00022    35.5681    34.9191 0.0000e+00
    595.000     0.8450     0.8376   3.047907   2.997006    194.736    315.286     0.1158     0.0121     0.1371    736.263   78.83302    5.00022    35.5686    34.9193 0.0000e+00
    596.000     0.8365     0.8318   3.047564   2.996484    194.355    314.996     0.1158     0.0128     0.1358    737.258   78.83304    5.00020    35.5732    34.9185 0.0000e+00
    597.000     0.8336     0.8329   3.047244   2.996642    193.891    315.068     0.1159     0.0038     0.1354    738.242   78.83304    5.00020    35.5718    34.9186 0.0000e+00
    598.000     0.8308     0.8208   3.046914   2.995539    193.707    315.096     0.1159     0.0088     0.1352    739.211   78.83304    5.00020    35.5701    34.9174 0.0000e+00
    599.000     0.8216     0.8212   3.046579   2.995718    193.665    314.974     0.1159     0.0031     0.1357    740.165   78.83304    5.00020    35.5757    34.9187 0.0000e+00
    600.000     0.8250     0.8296   3.046265   2.996562    193.532    314.928     0.1159     0.0083     0.1353    741.123   78.83302    5.00020    35.5672    34.9196 0.0000e+00
    601.000     0.8317     0.8333   3.045952   2.996987    192.962    315.213     0.1160     0.0046     0.1349    742.092   78.83302    5.00020    35.5549    34.9203 0.0000e+00
    602.000     0.8268     0.8208   3.045595   2.995951    192.843    315.120     0.1160     0.0068     0.1350    743.070   78.83302    5.00020    35.5553    34.9204 0.0000e+00
    603.000     0.8144     0.7996   3.045216   2.993940    192.850    315.286     0.1160     0.0096     0.1348    744.057   78.83302    5.00020    35.5639    34.9175 0.0000e+00
    604.000     0.7920     0.7748   3.044810   2.991790    192.538    315.490     0.1160     0.0064     0.1348    745.045   78.83302    5.00020    35.5836    34.9170 0.0000e+00
    605.000     0.7723     0.7542   3.044405   2.989880    191.990    315.300     0.1160     0.0068     0.1351    746.024   78.83304    5.00020    35.6002    34.9147 0.0000e+00
    606.000     0.7588     0.7516   3.044033   2.989700    192.132    315.170     0.1160     0.0137     0.1353    747.005   78.83304    5.00020    35.6103    34.9147 0.0000e+00
    607.000     0.7566     0.7564   3.043677   2.990248    192.094    314.889     0.1159     0.0035     0.1350    747.987   78.83304    5.00020    35.6076    34.9158 0.0000e+00
    608.000     0.7619     0.7636   3.043341   2.990961    191.491    314.809     0.1159     0.0089     0.1345    748.962   78.83304    5.00020    35.5965    34.9165 0.0000e+00
    609.000     0.7686     0.7703   3.042990   2.991682    191.392    314.683     0.1158     0.0032     0.1354    749.934   78.83304    5.00020    35.5838    34.9177 0.0000e+00
    610.000     0.7761     0.7804   3.042647   2.992722    191.038    314.918     0.1158     0.0081     0.1347    750.905   78.83304    5.00020    35.5701    34.9193 0.0000e+00
    611.000     0.7837     0.7859   3.042300   2.993322    190.903    315.083     0.1158     0.0096     0.1342    751.877   78.83303    5.00020    35.5564    34.9203 0.0000e+00
    612.000     0.7859     0.7852   3.041926   2.993337    190.751    315.250     0.1157     0.0054     0.1339    752.851   78.83302    5.00020    35.5485    34.9207 0.0000e+00
    613.000     0.7843     0.7830   3.041537   2.993189    190.376    315.079     0.1157     0.0023     0.1339    753.827   78.83302    5.00020    35.5446    34.9207 0.0000e+00
    614.000     0.7842     0.7868   3.041148   2.993670    190.161    315.383     0.1157     0.0023     0.1344    754.805   78.83302    5.00020    35.5392    34.9220 0.0000e+00
    615.000     0.7910     0.7914   3.040774   2.994094    190.122    315.325     0.1156     0.0023     0.1346    755.780   78.83302    5.00020    35.5260    34.9218 0.0000e+00
    616.000     0.7912     0.7943   3.040382   2.994513    189.783    315.283     0.1156     0.0023     0.1347    756.757   78.83303    5.00020    35.5202    34.9234 0.0000e+00
    617.000     0.7976     0.8012   3.040003   2.995226    189.794    315.334     0.1155     0.0028     0.1345    757.738   78.83304    5.00020    35.5073    34.9243 0.0000e+00
    618.000     0.8015     0.8034   3.039613   2.995538    189.325    315.760     0.1155     0.0086     0.1349    758.726   78.83304    5.00020    35.4972    34.9253 0.0000e+00
    619.000     0.8010     0.7938   3.039208   2.994639    189.424    315.872     0.1154     0.0030     0.1347    759.710   78.83304    5.00020    35.4920    34.9238 0.0000e+00
    620.000     0.7890     0.7825   3.038781   2.993673    188.938    315.973     0.1154     0.0023     0.1351    760.685   78.83304    5.00020    35.4995    34.9235 0.0000e+00
    621.000     0.7821     0.7810   3.038377   2.993629    189.014    315.972     0.1153     0.0023     0.1356    761.649   78.83303    5.00020    35.5016    34.9240 0.0000e+00
    622.000     0.7778     0.7690   3.037981   2.992509    188.963    316.222     0.1152     0.0023     0.1357    762.612   78.83302    5.00020    35.5007    34.9223 0.0000e+00
    623.000     0.7570     0.7388   3.037555   2.989751    188.566    316.562     0.1151     0.0023     0.1356    763.579   78.83302    5.00019    35.5184    34.9199 0.0000e+00
    624.000     0.7350     0.7286   3.037127   2.988969    188.573    316.294     0.1149     0.0023     0.1358    764.553   78.83302    5.00019    35.5373    34.9206 0.0000e+00
    625.000     0.7318     0.7275   3.036746   2.988871    188.448    315.920     0.1148     0.0040     0.1356    765.530   78.83302    5.00020    35.5354    34.9201 0.0000e+00
    626.000     0.7300     0.7289   3.036379   2.989061    187.967    315.641     0.1147     0.0087     0.1353    766.507   78.83302    5.00020    35.5321    34.9204 0.0000e+00
    627.000     0.7268     0.7208   3.036009   2.988352    187.802    315.474     0.1146     0.0027     0.1348    767.478   78.83302    5.00020    35.5304    34.9197 0.0000e+00
    628.000     0.7200     0.7179   3.035627   2.988225    188.184    315.248     0.1145     0.0023     0.1355    768.451   78.83302    5.00020    35.5326    34.9207 0.0000e+00
    629.000     0.7185     0.7163   3.035268   2.988117    187.829    315.375     0.1145     0.0023     0.1353    769.439   78.83302    5.00020    35.5290    34.9205 0.0000e+00
    630.000     0.7143     0.7076   3.034876   2.987386    187.597    315.621     0.1144     0.0023     0.1355    770.438   78.83302    5.00020    35.5281    34.9202 0.0000e+00
    631.000     0.7046     0.6975   3.034482   2.986570    187.455    316.041     0.1143     0.0023     0.1358    771.446   78.83304    5.00020    35.5335    34.9204 0.0000e+00
    632.000     0.6983     0.6940   3.034104   2.986294    187.501    316.202     0.1143     0.0023     0.1353    772.436   78.83304    5.00020    35.5352    34.9201 0.0000e+00
