test_project/cnv_files/sta0239_bin.cnv
* Sea-Bird SBE 9 Data File:
* FileName = C:\Seabird\CTDDATA\Sta0239.hex
* Software Version Seasave V 7.26.7.107
* Temperature SN = 03-4535
* Conductivity SN = 2860
* Number of Bytes Per Scan = 44
* Number of Voltage Words = 5
* Number of Scans Averaged by the Deck Unit = 1
* NMEA Latitude = 78 48.99 N
* NMEA Longitude = 003 00.39 W
* NMEA UTC (Time) = Sep 13 2019 10:18:50
* NMEA baud rate = 9600
** Ship: "Kronprins Haakon"
** Station: 0239
** Echodepth: 2487
** Log: 6389.727
** Wind-Dir Force(m/s): 09 16
** Air-temp (dry): 1.2
** Weather Sky: 4 8
** Sea Ice: 4 5
# nquan = 16
# nvalues = 2525                        
# units = specified
# name 0 = prDM: Pressure, Digiquartz [db]
# name 1 = t090C: Temperature [ITS-90, deg C]
# name 2 = t190C: Temperature, 2 [ITS-90, deg C]
# name 3 = c0S/m: Conductivity [S/m]
# name 4 = c1S/m: Conductivity, 2 [S/m]
# name 5 = sbox0Mm/Kg: Oxygen, SBE 43 [umol/kg]
# name 6 = sbox1Mm/Kg: Oxygen, SBE 43, 2 [umol/kg]
# name 7 = wetCDOM: Fluorescence, WET Labs CDOM [mg/m^3]
# name 8 = flECO-AFL: Fluorescence, WET Labs ECO-AFL/FL [mg/m^3]
# name 9 = CStarAt0: Beam Attenuation, WET Labs C-Star [1/m]
# name 10 = timeS: Time, Elapsed [seconds]
# name 11 = latitude: Latitude [deg]
# name 12 = longitude: Longitude [deg]
# name 13 = sal00: Salinity, Practical [PSU]
# name 14 = sal11: Salinity, Practical, 2 [PSU]
# name 15 = flag: flag
# span 0 =      1.000,   2525.000       
# span 1 =    -1.6434,     1.4883       
# span 2 =    -1.6437,     1.4890       
# span 3 =   2.417939,   3.041334       
# span 4 =   2.417886,   3.041370       
# span 5 =    304.399,    414.265       
# span 6 =    299.187,    407.510       
# span 7 =     0.1086,     0.1920       
# span 8 =    -0.0051,     1.4114       
# span 9 =     0.1197,     0.4040       
# span 10 =    145.436,   2605.772      
# span 11 =   78.81630,   78.81666      
# span 12 =   -3.01438,   -3.00708      
# span 13 =    30.1984,    34.9227      
# span 14 =    30.1962,    34.9238      
# span 15 = 0.0000e+00, 0.0000e+00      
# interval = decibars: 1                
# start_time = Sep 13 2019 10:18:50 [NMEA time, header]
# bad_flag = -9.990e-29
*END*
[from data line 724]
    725.000     0.3015     0.3013   2.954318   2.954362    317.295    310.816     0.1133     0.0043     0.1230    857.762   78.81652   -3.00974    34.8910    34.8918 0.0000e+00
    726.000     0.3045     0.3043   2.954683   2.954703    318.002    310.967     0.1131     0.0096     0.1235    858.731   78.81652   -3.00974    34.8918    34.8923 0.0000e+00
    727.000     0.3019     0.3024   2.954503   2.954557    317.854    311.198     0.1129     0.0080     0.1231    859.701   78.81652   -3.00974    34.8918    34.8919 0.0000e+00
    728.000     0.2911     0.2911   2.953567   2.953546    317.889    311.380     0.1128     0.0021     0.1231    860.658   78.81652   -3.00974    34.8911    34.8909 0.0000e+00
    729.000     0.2889     0.2892   2.953391   2.953444    317.894    311.195     0.1127     0.0017     0.1236    861.611   78.81652   -3.00974    34.8907    34.8911 0.0000e+00
    730.000     0.2876     0.2880   2.953308   2.953367    317.833    311.270     0.1126     0.0021     0.1232    862.564   78.81652   -3.00974    34.8905    34.8908 0.0000e+00
    731.000     0.2791     0.2818   2.952560   2.952814    318.457    311.758     0.1127     0.0011     0.1239    863.519   78.81652   -3.00974    34.8897    34.8899 0.0000e+00
    732.000     0.2796     0.2799   2.952657   2.952722    318.693    311.537     0.1127     0.0058     0.1235    864.476   78.81652   -3.00976    34.8898    34.8903 0.0000e+00
    733.000     0.2719     0.2718   2.951973   2.951945    318.465    311.320     0.1128     0.0061     0.1236    865.442   78.81652   -3.00976    34.8889    34.8887 0.0000e+00
    734.000     0.2831     0.2810   2.953061   2.952980    317.857    311.195     0.1130     0.0037     0.1230    866.415   78.81652   -3.00978    34.8900    34.8913 0.0000e+00
    735.000     0.2840     0.2824   2.953220   2.952995    318.108    310.999     0.1132     0.0077     0.1230    867.389   78.81652   -3.00978    34.8904    34.8893 0.0000e+00
    736.000     0.2644     0.2648   2.951388   2.951386    318.610    311.154     0.1134     0.0017     0.1234    868.356   78.81652   -3.00978    34.8881    34.8875 0.0000e+00
    737.000     0.2533     0.2536   2.950442   2.950519    317.993    310.917     0.1136     0.0013     0.1232    869.321   78.81652   -3.00978    34.8876    34.8882 0.0000e+00
    738.000     0.2575     0.2582   2.950885   2.950989    317.376    310.720     0.1139     0.0087     0.1235    870.278   78.81652   -3.00978    34.8881    34.8886 0.0000e+00
    739.000     0.2590     0.2590   2.951153   2.951154    317.876    310.845     0.1141     0.0094     0.1242    871.237   78.81652   -3.00978    34.8892    34.8893 0.0000e+00
    740.000     0.2532     0.2533   2.950675   2.950721    318.471    310.850     0.1144     0.0095     0.1230    872.199   78.81650   -3.00980    34.8890    34.8894 0.0000e+00
    741.000     0.2525     0.2525   2.950677   2.950697    318.171    310.703     0.1147     0.0096     0.1229    873.159   78.81650   -3.00980    34.8892    34.8895 0.0000e+00
    742.000     0.2617     0.2632   2.951578   2.951766    317.635    310.630     0.1151     0.0059     0.1230    874.122   78.81650   -3.00980    34.8900    34.8909 0.0000e+00
    743.000     0.2643     0.2642   2.951873   2.951884    318.006    310.945     0.1154     0.0022     0.1238    875.083   78.81650   -3.00982    34.8905    34.8907 0.0000e+00
    744.000     0.2737     0.2760   2.952829   2.953156    318.353    310.976     0.1157     0.0004     0.1230    876.040   78.81650   -3.00982    34.8917    34.8935 0.0000e+00
    745.000     0.2976     0.2973   2.955116   2.955122    318.230    310.788     0.1161     0.0013     0.1231    876.997   78.81650   -3.00982    34.8942    34.8947 0.0000e+00
    746.000     0.2989     0.2993   2.955321   2.955394    318.846    311.252     0.1164     0.0016     0.1230    877.959   78.81650   -3.00982    34.8948    34.8953 0.0000e+00
    747.000     0.3050     0.3046   2.955943   2.955979    318.735    311.633     0.1167     0.0076     0.1229    878.925   78.81650   -3.00982    34.8955    34.8965 0.0000e+00
    748.000     0.3177     0.3176   2.957215   2.957248    317.915    311.494     0.1170     0.0087     0.1232    879.892   78.81650   -3.00983    34.8973    34.8978 0.0000e+00
    749.000     0.3211     0.3210   2.957606   2.957619    318.148    311.844     0.1173     0.0046     0.1238    880.863   78.81650   -3.00984    34.8980    34.8982 0.0000e+00
    750.000     0.3217     0.3217   2.957701   2.957745    318.606    312.500     0.1176     0.0055     0.1241    881.831   78.81650   -3.00984    34.8980    34.8985 0.0000e+00
    751.000     0.3220     0.3221   2.957788   2.957817    318.795    313.020     0.1178     0.0064     0.1239    882.796   78.81650   -3.00984    34.8982    34.8985 0.0000e+00
    752.000     0.3209     0.3211   2.957729   2.957766    318.925    313.120     0.1180     0.0011     0.1241    883.758   78.81650   -3.00984    34.8981    34.8983 0.0000e+00
    753.000     0.3174     0.3170   2.957434   2.957346    319.393    313.129     0.1182     0.0021     0.1243    884.718   78.81650   -3.00985    34.8976    34.8969 0.0000e+00
    754.000     0.3002     0.2997   2.955888   2.955839    319.622    313.151     0.1184     0.0092     0.1240    885.679   78.81650   -3.00986    34.8962    34.8961 0.0000e+00
    755.000     0.2872     0.2877   2.954735   2.954751    319.792    312.932     0.1185     0.0096     0.1240    886.634   78.81650   -3.00986    34.8951    34.8948 0.0000e+00
    756.000     0.2754     0.2753   2.953693   2.953673    319.836    313.063     0.1187     0.0095     0.1247    887.595   78.81650   -3.00986    34.8943    34.8940 0.0000e+00
    757.000     0.2661     0.2669   2.952858   2.952962    319.705    312.993     0.1188     0.0035     0.1252    888.562   78.81650   -3.00986    34.8932    34.8936 0.0000e+00
    758.000     0.2585     0.2589   2.952206   2.952244    319.655    312.452     0.1189     0.0062     0.1242    889.533   78.81650   -3.00987    34.8926    34.8926 0.0000e+00
    759.000     0.2613     0.2604   2.952523   2.952498    319.666    312.101     0.1190     0.0061     0.1247    890.498   78.81650   -3.00988    34.8931    34.8937 0.0000e+00
    760.000     0.2813     0.2805   2.954460   2.954541    319.116    311.860     0.1190     0.0014     0.1251    891.462   78.81650   -3.00988    34.8952    34.8973 0.0000e+00
    761.000     0.3121     0.3123   2.957401   2.957487    319.361    311.522     0.1191     0.0028     0.1240    892.424   78.81650   -3.00988    34.8985    34.8994 0.0000e+00
    762.000     0.3135     0.3133   2.957622   2.957651    319.784    311.824     0.1192     0.0086     0.1246    893.380   78.81650   -3.00988    34.8992    34.8998 0.0000e+00
    763.000     0.3124     0.3124   2.957588   2.957611    319.419    311.906     0.1192     0.0021     0.1243    894.334   78.81650   -3.00990    34.8995    34.8997 0.0000e+00
    764.000     0.3226     0.3189   2.958613   2.958326    318.938    312.530     0.1192     0.0014     0.1240    895.292   78.81650   -3.00990    34.9008    34.9012 0.0000e+00
    765.000     0.3325     0.3310   2.959583   2.959474    318.388    313.047     0.1193     0.0019     0.1242    896.252   78.81650   -3.00990    34.9018    34.9020 0.0000e+00
    766.000     0.3335     0.3335   2.959743   2.959775    319.584    313.504     0.1193    -0.0031     0.1247    897.212   78.81650   -3.00990    34.9021    34.9025 0.0000e+00
    767.000     0.3306     0.3305   2.959524   2.959513    320.154    313.926     0.1193    -0.0027     0.1246    898.175   78.81650   -3.00990    34.9019    34.9020 0.0000e+00
    768.000     0.3258     0.3272   2.959126   2.959238    320.089    313.634     0.1193     0.0041     0.1243    899.136   78.81650   -3.00992    34.9016    34.9015 0.0000e+00
    769.000     0.3218     0.3220   2.958832   2.958871    320.478    313.790     0.1194     0.0074     0.1248    900.105   78.81650   -3.00992    34.9016    34.9020 0.0000e+00
    770.000     0.3216     0.3217   2.958868   2.958892    320.162    313.711     0.1194     0.0024     0.1252    901.070   78.81650   -3.00992    34.9018    34.9020 0.0000e+00
    771.000     0.3210     0.3212   2.958880   2.958924    320.592    313.891     0.1195     0.0086     0.1251    902.037   78.81650   -3.00992    34.9020    34.9024 0.0000e+00
    772.000     0.3251     0.3248   2.959319   2.959333    320.948    314.233     0.1195     0.0025     0.1256    903.001   78.81650   -3.00993    34.9026    34.9031 0.0000e+00
    773.000     0.3244     0.3238   2.959318   2.959268    320.567    313.953     0.1195     0.0082     0.1252    903.971   78.81650   -3.00994    34.9028    34.9028 0.0000e+00
    774.000     0.3217     0.3212   2.959112   2.959083    320.864    313.832     0.1196     0.0095     0.1253    904.931   78.81650   -3.00994    34.9025    34.9027 0.0000e+00
    775.000     0.3134     0.3138   2.958395   2.958408    321.447    313.988     0.1196     0.0048     0.1257    905.889   78.81650   -3.00994    34.9020    34.9016 0.0000e+00
    776.000     0.3038     0.3028   2.957565   2.957492    321.088    314.087     0.1197     0.0019     0.1261    906.849   78.81650   -3.00994    34.9014    34.9014 0.0000e+00
    777.000     0.2981     0.2997   2.957081   2.957224    321.010    314.185     0.1197     0.0035     0.1261    907.807   78.81650   -3.00994    34.9009    34.9009 0.0000e+00
    778.000     0.2938     0.2945   2.956722   2.956786    320.971    314.321     0.1197     0.0081     0.1260    908.764   78.81650   -3.00995    34.9004    34.9004 0.0000e+00
    779.000     0.2727     0.2741   2.954820   2.954915    321.331    314.362     0.1197     0.0032     0.1259    909.724   78.81650   -3.00996    34.8987    34.8983 0.0000e+00
    780.000     0.2647     0.2653   2.954142   2.954210    320.995    313.837     0.1197     0.0086     0.1267    910.691   78.81650   -3.00996    34.8983    34.8985 0.0000e+00
    781.000     0.2638     0.2634   2.954101   2.954070    320.683    313.506     0.1197     0.0021     0.1261    911.656   78.81650   -3.00996    34.8981    34.8982 0.0000e+00
    782.000     0.2624     0.2625   2.954017   2.954046    320.791    313.587     0.1197     0.0012     0.1257    912.618   78.81650   -3.00997    34.8980    34.8983 0.0000e+00
    783.000     0.2624     0.2625   2.954066   2.954086    321.062    313.501     0.1197     0.0008     0.1256    913.577   78.81650   -3.00998    34.8981    34.8983 0.0000e+00
    784.000     0.2595     0.2596   2.953841   2.953861    321.213    313.056     0.1197     0.0056     0.1254    914.536   78.81650   -3.00998    34.8978    34.8980 0.0000e+00
    785.000     0.2545     0.2549   2.953429   2.953465    320.798    313.102     0.1197     0.0054     0.1253    915.499   78.81650   -3.00998    34.8975    34.8976 0.0000e+00
    786.000     0.2529     0.2523   2.953326   2.953291    320.041    313.025     0.1196     0.0032     0.1250    916.460   78.81650   -3.00998    34.8974    34.8976 0.0000e+00
    787.000     0.2459     0.2462   2.952735   2.952738    319.696    312.936     0.1196     0.0095     0.1248    917.421   78.81650   -3.00998    34.8969    34.8967 0.0000e+00
    788.000     0.2386     0.2386   2.952128   2.952147    320.025    313.246     0.1196     0.0096     0.1245    918.387   78.81650   -3.01000    34.8966    34.8969 0.0000e+00
    789.000     0.2324     0.2327   2.951615   2.951647    320.007    313.347     0.1195     0.0093     0.1246    919.351   78.81650   -3.01000    34.8963    34.8964 0.0000e+00
    790.000     0.2255     0.2257   2.951042   2.951046    320.055    313.496     0.1195     0.0030     0.1242    920.314   78.81650   -3.01000    34.8960    34.8958 0.0000e+00
    791.000     0.1971     0.1972   2.948479   2.948416    320.336    313.288     0.1194     0.0017     0.1243    921.277   78.81650   -3.01000    34.8939    34.8930 0.0000e+00
    792.000     0.1859     0.1862   2.947492   2.947533    320.154    312.859     0.1194     0.0012     0.1257    922.243   78.81650   -3.01000    34.8930    34.8932 0.0000e+00
    793.000     0.1777     0.1780   2.946795   2.946838    319.867    312.479     0.1193     0.0020     0.1251    923.205   78.81650   -3.01000    34.8925    34.8927 0.0000e+00
    794.000     0.1759     0.1751   2.946677   2.946629    320.243    312.733     0.1192     0.0044     0.1247    924.170   78.81650   -3.01002    34.8924    34.8927 0.0000e+00
    795.000     0.1745     0.1746   2.946613   2.946645    320.560    312.358     0.1191     0.0079     0.1243    925.136   78.81650   -3.01002    34.8925    34.8929 0.0000e+00
    796.000     0.1699     0.1699   2.946250   2.946255    320.294    312.013     0.1191     0.0030     0.1242    926.101   78.81650   -3.01002    34.8924    34.8925 0.0000e+00
    797.000     0.1606     0.1605   2.945504   2.945518    319.998    312.054     0.1190     0.0086     0.1240    927.063   78.81650   -3.01004    34.8925    34.8929 0.0000e+00
    798.000     0.1563     0.1560   2.945182   2.945151    319.852    311.844     0.1189     0.0018     0.1245    928.024   78.81650   -3.01004    34.8925    34.8925 0.0000e+00
    799.000     0.1491     0.1493   2.944581   2.944615    319.387    311.945     0.1189     0.0075     0.1238    928.987   78.81650   -3.01004    34.8922    34.8925 0.0000e+00
    800.000     0.1466     0.1463   2.944414   2.944410    318.973    311.705     0.1188     0.0096     0.1236    929.961   78.81650   -3.01004    34.8923    34.8926 0.0000e+00
    801.000     0.1418     0.1417   2.944038   2.944043    319.183    311.949     0.1187     0.0129     0.1231    930.933   78.81650   -3.01004    34.8922    34.8924 0.0000e+00
    802.000     0.1368     0.1370   2.943638   2.943672    319.287    312.056     0.1186     0.0125     0.1231    931.908   78.81650   -3.01004    34.8919    34.8922 0.0000e+00
    803.000     0.1347     0.1346   2.943489   2.943510    319.299    311.975     0.1186     0.0096     0.1235    932.882   78.81650   -3.01005    34.8919    34.8922 0.0000e+00
    804.000     0.1337     0.1337   2.943443   2.943472    319.241    311.798     0.1185     0.0096     0.1234    933.857   78.81650   -3.01006    34.8918    34.8922 0.0000e+00
    805.000     0.1318     0.1318   2.943323   2.943359    319.036    311.661     0.1184     0.0087     0.1234    934.830   78.81650   -3.01006    34.8918    34.8922 0.0000e+00
    806.000     0.1294     0.1294   2.943152   2.943191    319.059    311.515     0.1184     0.0022     0.1230    935.807   78.81650   -3.01007    34.8917    34.8922 0.0000e+00
    807.000     0.1291     0.1290   2.943180   2.943205    319.334    311.713     0.1183     0.0017     0.1230    936.785   78.81650   -3.01008    34.8918    34.8922 0.0000e+00
    808.000     0.1294     0.1293   2.943259   2.943286    319.261    311.461     0.1183     0.0080     0.1232    937.765   78.81650   -3.01008    34.8919    34.8923 0.0000e+00
    809.000     0.1286     0.1287   2.943235   2.943264    318.913    311.707     0.1183     0.0041     0.1237    938.743   78.81650   -3.01008    34.8918    34.8922 0.0000e+00
    810.000     0.1286     0.1286   2.943313   2.943344    318.792    311.663     0.1183     0.0067     0.1228    939.716   78.81650   -3.01008    34.8924    34.8928 0.0000e+00
    811.000     0.1244     0.1245   2.943010   2.943035    318.525    311.411     0.1183     0.0093     0.1229    940.686   78.81650   -3.01008    34.8925    34.8927 0.0000e+00
    812.000     0.1234     0.1232   2.942960   2.942986    317.941    311.688     0.1183     0.0063     0.1229    941.656   78.81650   -3.01009    34.8925    34.8930 0.0000e+00
    813.000     0.1250     0.1245   2.943178   2.943167    318.082    311.652     0.1183     0.0033     0.1229    942.623   78.81650   -3.01010    34.8928    34.8934 0.0000e+00
