test_project/cnv_files/sta0247_bin.cnv
* Sea-Bird SBE 9 Data File:
* FileName = C:\Seabird\CTDDATA\Sta0247.hex
* Software Version Seasave V 7.26.7.107
* Temperature SN = 03-4535
* Conductivity SN = 2860
* Number of Bytes Per Scan = 44
* Number of Voltage Words = 5
* Number of Scans Averaged by the Deck Unit = 1
* NMEA Latitude = 78 50.01 N
* NMEA Longitude = 007 29.79 E
* NMEA UTC (Time) = Sep 14 2019 19:26:11
* NMEA baud rate = 9600
** Ship: "Kronprins Haakon"
** Station: 0247
** Echodepth: 1144
** Log: 6515.467
** Wind-Dir Force(m/s): 03 01
** Air-temp (dry): 6.9
** Weather Sky: 1 3
** Sea Ice: 3 0
# nquan = 16
# nvalues = 1150                        
# units = specified
# name 0 = prDM: Pressure, Digiquartz [db]
# name 1 = t090C: Temperature [ITS-90, deg C]
# name 2 = t190C: Temperature, 2 [ITS-90, deg C]
# name 3 = c0S/m: Conductivity [S/m]
# name 4 = c1S/m: Conductivity, 2 [S/m]
# name 5 = sbox0Mm/Kg: Oxygen, SBE 43 [umol/kg]
# name 6 = sbox1Mm/Kg: Oxygen, SBE 43, 2 [umol/kg]
# name 7 = wetCDOM: Fluorescence, WET Labs CDOM [mg/m^3]
# name 8 = flECO-AFL: Fluorescence, WET Labs ECO-AFL/FL [mg/m^3]
# name 9 = CStarAt0: Beam Attenuation, WET Labs C-Star [1/m]
# name 10 = timeS: Time, Elapsed [seconds]
# name 11 = latitude: Latitude [deg]
# name 12 = longitude: Longitude [deg]
# name 13 = sal00: Salinity, Practical [PSU]
# name 14 = sal11: Salinity, Practical, 2 [PSU]
# name 15 = flag: flag
# span 0 =      1.000,   1150.000       
# span 1 =    -0.8117,     6.7123       
# span 2 =    -0.8115,     6.7115       
# span 3 =   2.877076,   3.496595       
# span 4 =   2.877115,   3.496545       
# span 5 =    300.508,    329.679       
# span 6 =    291.945,    320.972       
# span 7 =     0.0929,     0.1303       
# span 8 =    -0.0126,     2.3990       
# span 9 =     0.1347,     0.7199       
# span 10 =    135.642,   1250.343      
# span 11 =   78.83358,   78.83362      
# span 12 =    7.49650,    7.49658      
# span 13 =    34.7396,    35.0507      
# span 14 =    34.7411,    35.0508      
# span 15 = 0.0000e+00, 0.0000e+00      
# interval = decibars: 1                
# start_time = Sep 14 2019 19:26:11 [NMEA time, header]
# bad_flag = -9.990e-29
*END*
[from data line 181]
    182.000     5.0893     5.0889   3.366044   3.366038    310.020    303.432     0.0936     0.0023     0.1527    319.924   78.83362    7.49654    35.0469    35.0472 0.0000e+00
    183.000     5.0865     5.0861   3.365842   3.365821    309.714    303.302     0.0938     0.0023     0.1527    320.785   78.83362    7.49655    35.0470    35.0472 0.0000e+00
    184.000     5.0834     5.0829   3.365613   3.365583    309.660    303.043     0.0940     0.0023     0.1524    321.535   78.83362    7.49656    35.0471    35.0472 0.0000e+00
    185.000     5.0810     5.0801   3.365460   3.365404    309.572    302.489     0.0942     0.0023     0.1522    322.224   78.83362    7.49656    35.0473    35.0476 0.0000e+00
    186.000     5.0782     5.0776   3.365255   3.365211    309.568    302.404     0.0944     0.0023     0.1528    322.892   78.83362    7.49656    35.0473    35.0474 0.0000e+00
    187.000     5.0717     5.0708   3.364723   3.364659    309.426    302.664     0.0946     0.0023     0.1523    323.585   78.83362    7.49656    35.0474    35.0476 0.0000e+00
    188.000     5.0707     5.0701   3.364665   3.364633    309.605    302.509     0.0948     0.0023     0.1522    324.397   78.83362    7.49654    35.0474    35.0476 0.0000e+00
    189.000     5.0696     5.0688   3.364612   3.364554    310.111    302.396     0.0949     0.0036     0.1528    325.487   78.83362    7.49655    35.0474    35.0476 0.0000e+00
    190.000     5.0667     5.0667   3.364400   3.364406    310.373    302.819     0.0951     0.0095     0.1529    326.781   78.83362    7.49656    35.0474    35.0475 0.0000e+00
    191.000     5.0622     5.0615   3.364060   3.364000    310.457    303.478     0.0953     0.0096     0.1519    327.897   78.83362    7.49656    35.0477    35.0477 0.0000e+00
    192.000     5.0583     5.0579   3.363778   3.363753    310.321    303.341     0.0954     0.0096     0.1519    328.768   78.83362    7.49656    35.0479    35.0481 0.0000e+00
    193.000     5.0572     5.0579   3.363717   3.363805    309.982    303.024     0.0955     0.0096     0.1518    329.598   78.83362    7.49656    35.0479    35.0482 0.0000e+00
    194.000     5.0521     5.0515   3.363314   3.363265    309.688    303.202     0.0956     0.0096     0.1518    330.564   78.83362    7.49656    35.0481    35.0482 0.0000e+00
    195.000     5.0499     5.0493   3.363165   3.363133    309.313    303.061     0.0956     0.0093     0.1518    331.793   78.83362    7.49656    35.0481    35.0483 0.0000e+00
    196.000     5.0491     5.0485   3.363144   3.363099    309.579    303.197     0.0956     0.0031     0.1517    333.036   78.83362    7.49656    35.0482    35.0483 0.0000e+00
    197.000     5.0459     5.0454   3.362919   3.362878    309.910    303.108     0.0956     0.0088     0.1511    334.004   78.83362    7.49656    35.0484    35.0484 0.0000e+00
    198.000     5.0423     5.0417   3.362647   3.362603    309.914    303.030     0.0955     0.0050     0.1510    334.801   78.83362    7.49656    35.0485    35.0486 0.0000e+00
    199.000     5.0391     5.0386   3.362414   3.362372    309.478    303.098     0.0954     0.0024     0.1517    335.566   78.83362    7.49656    35.0486    35.0487 0.0000e+00
    200.000     5.0340     5.0335   3.361997   3.361959    309.135    303.192     0.0953     0.0029     0.1515    336.394   78.83362    7.49656    35.0487    35.0487 0.0000e+00
    201.000     5.0237     5.0234   3.361130   3.361091    309.695    303.209     0.0952     0.0090     0.1511    337.380   78.83362    7.49656    35.0490    35.0488 0.0000e+00
    202.000     5.0144     5.0138   3.360355   3.360311    310.148    303.218     0.0951     0.0088     0.1510    338.533   78.83362    7.49656    35.0491    35.0493 0.0000e+00
    203.000     5.0116     5.0110   3.360147   3.360112    310.258    303.643     0.0950     0.0025     0.1511    339.648   78.83362    7.49656    35.0492    35.0494 0.0000e+00
    204.000     5.0104     5.0098   3.360095   3.360052    310.421    303.555     0.0949     0.0023     0.1511    340.571   78.83362    7.49656    35.0493    35.0494 0.0000e+00
    205.000     4.9992     4.9990   3.359134   3.359091    310.498    303.350     0.0949     0.0023     0.1518    341.354   78.83362    7.49656    35.0494    35.0492 0.0000e+00
    206.000     4.9903     4.9900   3.358384   3.358352    310.589    303.356     0.0950     0.0023     0.1525    342.097   78.83362    7.49656    35.0496    35.0495 0.0000e+00
    207.000     4.9863     4.9857   3.358065   3.358016    310.536    303.219     0.0951     0.0023     0.1522    342.859   78.83362    7.49656    35.0496    35.0496 0.0000e+00
    208.000     4.9814     4.9808   3.357655   3.357610    310.165    303.422     0.0954     0.0022     0.1524    343.750   78.83362    7.49656    35.0494    35.0495 0.0000e+00
    209.000     4.9765     4.9760   3.357256   3.357223    310.359    303.488     0.0956    -0.0030     0.1522    344.939   78.83362    7.49656    35.0494    35.0496 0.0000e+00
    210.000     4.9693     4.9690   3.356664   3.356635    310.698    303.531     0.0960     0.0041     0.1520    346.353   78.83362    7.49656    35.0495    35.0496 0.0000e+00
    211.000     4.9612     4.9610   3.355990   3.355954    310.659    304.048     0.0964     0.0080     0.1518    347.513   78.83362    7.49656    35.0497    35.0495 0.0000e+00
    212.000     4.9540     4.9534   3.355387   3.355349    310.802    304.210     0.0969     0.0031     0.1519    348.406   78.83362    7.49656    35.0498    35.0499 0.0000e+00
    213.000     4.9485     4.9480   3.354964   3.354913    310.856    303.941     0.0974     0.0090     0.1521    349.234   78.83362    7.49656    35.0501    35.0501 0.0000e+00
    214.000     4.9456     4.9449   3.354754   3.354695    310.825    303.624     0.0979     0.0096     0.1519    350.102   78.83362    7.49656    35.0502    35.0502 0.0000e+00
    215.000     4.9421     4.9417   3.354458   3.354440    311.076    303.512     0.0985     0.0056     0.1515    351.074   78.83362    7.49656    35.0500    35.0501 0.0000e+00
    216.000     4.9374     4.9370   3.354087   3.354044    311.439    303.630     0.0991     0.0023     0.1516    352.108   78.83362    7.49656    35.0500    35.0500 0.0000e+00
    217.000     4.9341     4.9336   3.353834   3.353798    311.252    303.951     0.0997     0.0050     0.1512    353.064   78.83362    7.49656    35.0501    35.0502 0.0000e+00
    218.000     4.9283     4.9279   3.353363   3.353332    310.744    304.084     0.1002     0.0095     0.1509    353.901   78.83362    7.49656    35.0502    35.0502 0.0000e+00
    219.000     4.9242     4.9238   3.353039   3.352993    310.688    304.157     0.1008     0.0096     0.1511    354.677   78.83362    7.49656    35.0502    35.0501 0.0000e+00
    220.000     4.9186     4.9181   3.352582   3.352543    311.196    304.220     0.1014     0.0096     0.1512    355.468   78.83362    7.49656    35.0502    35.0503 0.0000e+00
    221.000     4.9108     4.9104   3.351908   3.351866    311.328    303.981     0.1019     0.0096     0.1507    356.355   78.83362    7.49656    35.0501    35.0500 0.0000e+00
    222.000     4.9047     4.9042   3.351403   3.351374    311.410    303.888     0.1024     0.0067     0.1507    357.431   78.83362    7.49656    35.0501    35.0503 0.0000e+00
    223.000     4.8937     4.8935   3.350471   3.350443    311.474    304.214     0.1029     0.0023     0.1508    358.677   78.83362    7.49656    35.0503    35.0503 0.0000e+00
    224.000     4.8840     4.8836   3.349634   3.349618    311.060    304.196     0.1034     0.0023     0.1503    359.886   78.83362    7.49656    35.0503    35.0505 0.0000e+00
    225.000     4.8799     4.8795   3.349317   3.349290    311.402    304.345     0.1039    -0.0021     0.1505    360.921   78.83362    7.49656    35.0504    35.0505 0.0000e+00
    226.000     4.8764     4.8760   3.349058   3.349032    311.659    304.573     0.1043    -0.0022     0.1498    361.826   78.83362    7.49656    35.0505    35.0506 0.0000e+00
    227.000     4.8749     4.8743   3.348967   3.348935    311.477    304.371     0.1048     0.0022     0.1497    362.683   78.83362    7.49656    35.0506    35.0508 0.0000e+00
    228.000     4.8740     4.8735   3.348937   3.348911    311.083    304.306     0.1053     0.0023     0.1494    363.555   78.83362    7.49656    35.0506    35.0508 0.0000e+00
    229.000     4.8742     4.8737   3.349000   3.348971    311.203    304.325     0.1058     0.0023     0.1491    364.511   78.83362    7.49656    35.0506    35.0508 0.0000e+00
    230.000     4.8738     4.8733   3.349006   3.348973    311.771    304.223     0.1062     0.0021     0.1489    365.559   78.83362    7.49656    35.0505    35.0507 0.0000e+00
    231.000     4.8727     4.8721   3.348962   3.348919    311.834    304.805     0.1067    -0.0036     0.1487    366.576   78.83362    7.49656    35.0507    35.0508 0.0000e+00
    232.000     4.8693     4.8687   3.348696   3.348636    311.570    304.837     0.1073    -0.0050     0.1486    367.467   78.83362    7.49656    35.0506    35.0506 0.0000e+00
    233.000     4.8637     4.8634   3.348226   3.348215    311.532    304.778     0.1078    -0.0026     0.1486    368.284   78.83362    7.49656    35.0506    35.0507 0.0000e+00
    234.000     4.8574     4.8569   3.347710   3.347656    311.417    304.515     0.1083     0.0007     0.1486    369.112   78.83362    7.49656    35.0507    35.0506 0.0000e+00
    235.000     4.8510     4.8506   3.347177   3.347143    311.324    304.479     0.1088    -0.0105     0.1486    370.022   78.83362    7.49656    35.0506    35.0507 0.0000e+00
    236.000     4.8471     4.8466   3.346859   3.346818    311.366    304.547     0.1093    -0.0000     0.1483    371.083   78.83362    7.49656    35.0506    35.0506 0.0000e+00
    237.000     4.8439     4.8433   3.346606   3.346566    311.773    304.526     0.1099    -0.0044     0.1483    372.293   78.83362    7.49656    35.0505    35.0506 0.0000e+00
    238.000     4.8376     4.8372   3.346081   3.346040    311.535    304.607     0.1103    -0.0039     0.1483    373.414   78.83362    7.49656    35.0504    35.0503 0.0000e+00
    239.000     4.8347     4.8344   3.345839   3.345814    311.239    304.800     0.1108     0.0082     0.1485    374.298   78.83362    7.49656    35.0502    35.0502 0.0000e+00
    240.000     4.8271     4.8268   3.345160   3.345144    311.357    304.883     0.1113     0.0052     0.1483    375.059   78.83362    7.49658    35.0497    35.0498 0.0000e+00
    241.000     4.8259     4.8253   3.345100   3.345065    311.251    304.846     0.1117     0.0007     0.1479    375.820   78.83362    7.49657    35.0497    35.0500 0.0000e+00
    242.000     4.8253     4.8248   3.345102   3.345069    311.412    304.586     0.1121    -0.0039     0.1479    376.699   78.83362    7.49656    35.0499    35.0501 0.0000e+00
    243.000     4.8244     4.8243   3.345041   3.345065    312.194    304.640     0.1125     0.0018     0.1478    377.823   78.83362    7.49656    35.0496    35.0500 0.0000e+00
    244.000     4.8200     4.8194   3.344663   3.344609    312.251    304.756     0.1128     0.0023     0.1474    379.095   78.83362    7.49656    35.0493    35.0493 0.0000e+00
    245.000     4.8148     4.8139   3.344202   3.344131    311.425    304.921     0.1130     0.0023     0.1474    380.241   78.83362    7.49656    35.0489    35.0490 0.0000e+00
    246.000     4.8123     4.8117   3.344026   3.343995    310.953    305.222     0.1132     0.0023     0.1471    381.215   78.83362    7.49656    35.0489    35.0492 0.0000e+00
    247.000     4.8098     4.8094   3.343863   3.343831    310.898    305.230     0.1134     0.0023     0.1471    382.132   78.83362    7.49656    35.0491    35.0492 0.0000e+00
    248.000     4.8051     4.8045   3.343503   3.343451    311.259    305.227     0.1135     0.0025     0.1467    383.046   78.83362    7.49656    35.0494    35.0494 0.0000e+00
    249.000     4.7998     4.7994   3.343093   3.343067    311.830    305.319     0.1135     0.0079     0.1470    383.954   78.83362    7.49656    35.0496    35.0498 0.0000e+00
    250.000     4.7975     4.7970   3.342930   3.342910    312.528    305.356     0.1135     0.0059     0.1468    384.827   78.83362    7.49657    35.0496    35.0499 0.0000e+00
    251.000     4.7961     4.7955   3.342856   3.342808    312.304    305.149     0.1135     0.0023     0.1466    385.650   78.83362    7.49657    35.0498    35.0498 0.0000e+00
    252.000     4.7825     4.7824   3.341614   3.341573    312.311    304.999     0.1133     0.0023     0.1472    386.428   78.83362    7.49656    35.0491    35.0487 0.0000e+00
    253.000     4.7772     4.7764   3.341162   3.341126    312.446    305.053     0.1132     0.0023     0.1474    387.198   78.83362    7.49656    35.0489    35.0493 0.0000e+00
    254.000     4.7771     4.7765   3.341220   3.341180    312.273    304.910     0.1130    -0.0009     0.1469    388.007   78.83362    7.49656    35.0491    35.0492 0.0000e+00
    255.000     4.7692     4.7688   3.340536   3.340481    312.023    305.192     0.1128    -0.0025     0.1467    388.968   78.83362    7.49656    35.0489    35.0487 0.0000e+00
    256.000     4.7614     4.7602   3.339811   3.339717    312.329    305.482     0.1126    -0.0020     0.1466    390.400   78.83362    7.49656    35.0482    35.0484 0.0000e+00
    257.000     4.7616     4.7609   3.339915   3.339866    312.231    305.876     0.1123     0.0023     0.1465    392.257   78.83362    7.49656    35.0487    35.0489 0.0000e+00
    258.000     4.7564     4.7560   3.339539   3.339499    312.063    306.123     0.1121     0.0043     0.1463    393.343   78.83362    7.49656    35.0492    35.0492 0.0000e+00
    259.000     4.7480     4.7478   3.338782   3.338770    312.057    305.768     0.1118     0.0093     0.1463    394.075   78.83362    7.49656    35.0488    35.0489 0.0000e+00
    260.000     4.7426     4.7424   3.338303   3.338294    311.784    305.466     0.1116     0.0049     0.1464    394.716   78.83362    7.49656    35.0483    35.0485 0.0000e+00
    261.000     4.7392     4.7386   3.338007   3.337978    311.788    305.260     0.1113     0.0023     0.1463    395.355   78.83362    7.49656    35.0480    35.0483 0.0000e+00
    262.000     4.7353     4.7347   3.337703   3.337651    311.802    304.942     0.1110     0.0023     0.1461    396.055   78.83362    7.49656    35.0479    35.0480 0.0000e+00
    263.000     4.7298     4.7291   3.337217   3.337160    311.956    305.015     0.1107     0.0023     0.1459    396.888   78.83362    7.49656    35.0475    35.0476 0.0000e+00
    264.000     4.7291     4.7285   3.337214   3.337201    312.524    305.491     0.1105     0.0023     0.1457    397.844   78.83362    7.49656    35.0478    35.0482 0.0000e+00
    265.000     4.7301     4.7295   3.337355   3.337330    313.097    305.748     0.1102    -0.0005     0.1456    398.812   78.83362    7.49656    35.0478    35.0481 0.0000e+00
    266.000     4.7268     4.7264   3.337093   3.337050    313.349    305.972     0.1099    -0.0049     0.1460    399.832   78.83362    7.49656    35.0477    35.0477 0.0000e+00
    267.000     4.7107     4.7102   3.335598   3.335544    313.126    306.116     0.1097    -0.0024     0.1459    400.964   78.83362    7.49656    35.0467    35.0466 0.0000e+00
    268.000     4.6951     4.6937   3.334141   3.333994    312.211    306.177     0.1094     0.0023     0.1454    402.185   78.83362    7.49656    35.0457    35.0454 0.0000e+00
    269.000     4.6860     4.6858   3.333307   3.333303    312.409    305.920     0.1092    -0.0016     0.1460    403.363   78.83362    7.49656    35.0449    35.0452 0.0000e+00
    270.000     4.6795     4.6795   3.332721   3.332728    313.175    305.652     0.1089    -0.0020     0.1456    404.355   78.83362    7.49656    35.0445    35.0446 0.0000e+00
    271.000     4.6784     4.6775   3.332672   3.332617    313.098    305.628     0.1087     0.0023     0.1454    405.214   78.83362    7.49656    35.0445    35.0448 0.0000e+00
