test_project/cnv_files/sta0195_bin.cnv
* Sea-Bird SBE 9 Data File:
* FileName = C:\Seabird\CTDDATA\Sta0195.hex
* Software Version Seasave V 7.26.7.107
* Temperature SN = 03-4535
* Conductivity SN = 2860
* Number of Bytes Per Scan = 44
* Number of Voltage Words = 5
* Number of Scans Averaged by the Deck Unit = 1
* NMEA Latitude = 78 49.98 N
* NMEA Longitude = 001 00.14 W
* NMEA UTC (Time) = Sep 02 2019 13:35:34
* NMEA baud rate = 9600
** Ship: "Kronprins Haakon"
** Station: 195
** Echodepth: 2474
** Log: 5715.946
** Wind-Dir Force(m/s): 04 31
** Air-temp (dry): 0.0
** Weather Sky: 2 8
** Sea Ice: 4 0
# nquan = 16
# nvalues = 2549                        
# units = specified
# name 0 = prDM: Pressure, Digiquartz [db]
# name 1 = t090C: Temperature [ITS-90, deg C]
# name 2 = t190C: Temperature, 2 [ITS-90, deg C]
# name 3 = c0S/m: Conductivity [S/m]
# name 4 = c1S/m: Conductivity, 2 [S/m]
# name 5 = sbox0Mm/Kg: Oxygen, SBE 43 [umol/kg]
# name 6 = sbox1Mm/Kg: Oxygen, SBE 43, 2 [umol/kg]
# name 7 = wetCDOM: Fluorescence, WET Labs CDOM [mg/m^3]
# name 8 = flECO-AFL: Fluorescence, WET Labs ECO-AFL/FL [mg/m^3]
# name 9 = CStarAt0: Beam Attenuation, WET Labs C-Star [1/m]
# name 10 = timeS: Time, Elapsed [seconds]
# name 11 = latitude: Latitude [deg]
# name 12 = longitude: Longitude [deg]
# name 13 = sal00: Salinity, Practical [PSU]
# name 14 = sal11: Salinity, Practical, 2 [PSU]
# name 15 = flag: flag
# span 0 =      1.000,   2549.000       
# span 1 =    -1.7739,     3.2411       
# span 2 =    -1.7744,     3.2408       
# span 3 =   2.588759,   3.193207       
# span 4 =   2.588655,   3.193077       
# span 5 =    291.334,    461.823       
# span 6 =    303.536,    406.588       
# span 7 =     0.0996,     0.1749       
# span 8 =    -0.0063,     1.1393       
# span 9 =     0.1048,     1.2006       
# span 10 =    255.635,   2848.613      
# span 11 =   78.83296,   78.83304      
# span 12 =   -1.00274,   -1.00216      
# span 13 =    31.2384,    34.9700      
# span 14 =    31.2382,    34.9688      
# span 15 = 0.0000e+00, 0.0000e+00      
# interval = decibars: 1                
# start_time = Sep 02 2019 13:35:34 [NMEA time, header]
# bad_flag = -9.990e-29
*END*
[from data line 2170]
   2171.000    -0.6821    -0.6825   2.932932   2.932995    308.750    307.083     0.1178     0.0003     0.1113   2457.947   78.83300   -1.00237    34.9149    34.9161 0.0000e+00
   2172.000    -0.6821    -0.6825   2.932971   2.933041    309.386    307.212     0.1178     0.0008     0.1112   2458.933   78.83300   -1.00237    34.9148    34.9162 0.0000e+00
   2173.000    -0.6822    -0.6824   2.932998   2.933090    308.774    306.549     0.1178     0.0007     0.1113   2459.906   78.83300   -1.00236    34.9148    34.9162 0.0000e+00
   2174.000    -0.6822    -0.6825   2.933038   2.933109    308.999    307.125     0.1178     0.0064     0.1111   2460.873   78.83300   -1.00236    34.9148    34.9161 0.0000e+00
   2175.000    -0.6844    -0.6844   2.932881   2.932971    309.508    306.870     0.1178     0.0096     0.1112   2461.853   78.83300   -1.00235    34.9146    34.9158 0.0000e+00
   2176.000    -0.6841    -0.6843   2.932947   2.933026    309.044    306.629     0.1178     0.0063     0.1113   2462.843   78.83300   -1.00235    34.9147    34.9159 0.0000e+00
   2177.000    -0.6845    -0.6845   2.932949   2.933043    309.413    307.065     0.1178     0.0039     0.1115   2463.845   78.83300   -1.00236    34.9146    34.9159 0.0000e+00
   2178.000    -0.6845    -0.6847   2.932989   2.933059    309.133    307.200     0.1178     0.0076     0.1113   2464.849   78.83300   -1.00236    34.9146    34.9158 0.0000e+00
   2179.000    -0.6848    -0.6851   2.932995   2.933071    309.088    307.032     0.1177     0.0014     0.1113   2465.840   78.83300   -1.00237    34.9145    34.9158 0.0000e+00
   2180.000    -0.6852    -0.6852   2.933017   2.933099    309.283    306.725     0.1177     0.0013     0.1112   2466.812   78.83300   -1.00237    34.9146    34.9158 0.0000e+00
   2181.000    -0.6850    -0.6853   2.933075   2.933135    308.994    306.863     0.1177     0.0004     0.1113   2467.774   78.83300   -1.00236    34.9147    34.9159 0.0000e+00
   2182.000    -0.6852    -0.6853   2.933092   2.933171    309.094    306.796     0.1177     0.0076     0.1113   2468.748   78.83300   -1.00236    34.9147    34.9158 0.0000e+00
   2183.000    -0.6854    -0.6855   2.933111   2.933191    309.042    306.847     0.1177     0.0097     0.1114   2469.740   78.83300   -1.00236    34.9145    34.9158 0.0000e+00
   2184.000    -0.6860    -0.6861   2.933089   2.933177    308.930    307.176     0.1177     0.0131     0.1118   2470.746   78.83300   -1.00236    34.9145    34.9157 0.0000e+00
   2185.000    -0.6862    -0.6864   2.933101   2.933185    308.952    307.208     0.1177     0.0123     0.1120   2471.747   78.83300   -1.00236    34.9143    34.9157 0.0000e+00
   2186.000    -0.6862    -0.6863   2.933143   2.933239    309.248    307.225     0.1176     0.0096     0.1116   2472.729   78.83300   -1.00237    34.9143    34.9157 0.0000e+00
   2187.000    -0.6861    -0.6862   2.933203   2.933290    309.250    307.260     0.1176     0.0065     0.1117   2473.701   78.83300   -1.00238    34.9145    34.9158 0.0000e+00
   2188.000    -0.6858    -0.6859   2.933264   2.933363    308.905    307.306     0.1176     0.0025     0.1118   2474.669   78.83300   -1.00238    34.9144    34.9158 0.0000e+00
   2189.000    -0.6851    -0.6853   2.933371   2.933457    309.113    307.267     0.1177     0.0083     0.1118   2475.637   78.83300   -1.00238    34.9145    34.9159 0.0000e+00
   2190.000    -0.6849    -0.6849   2.933433   2.933527    309.322    306.787     0.1177     0.0017     0.1116   2476.616   78.83300   -1.00237    34.9146    34.9158 0.0000e+00
   2191.000    -0.6851    -0.6852   2.933464   2.933536    308.792    307.109     0.1177     0.0009     0.1113   2477.607   78.83300   -1.00236    34.9147    34.9158 0.0000e+00
   2192.000    -0.6859    -0.6860   2.933425   2.933522    308.923    306.853     0.1177     0.0002     0.1112   2478.598   78.83300   -1.00236    34.9146    34.9159 0.0000e+00
   2193.000    -0.6859    -0.6863   2.933460   2.933523    309.507    306.869     0.1178     0.0012     0.1117   2479.586   78.83300   -1.00236    34.9145    34.9158 0.0000e+00
   2194.000    -0.6861    -0.6861   2.933490   2.933582    309.247    307.118     0.1178     0.0012     0.1115   2480.574   78.83299   -1.00237    34.9145    34.9158 0.0000e+00
   2195.000    -0.6861    -0.6861   2.933521   2.933617    308.909    306.841     0.1179     0.0008     0.1118   2481.567   78.83298   -1.00238    34.9145    34.9157 0.0000e+00
   2196.000    -0.6867    -0.6868   2.933515   2.933596    308.921    306.657     0.1179     0.0002     0.1117   2482.556   78.83298   -1.00238    34.9145    34.9157 0.0000e+00
   2197.000    -0.6870    -0.6872   2.933519   2.933603    309.349    307.098     0.1179     0.0008     0.1122   2483.530   78.83298   -1.00238    34.9144    34.9158 0.0000e+00
   2198.000    -0.6871    -0.6873   2.933546   2.933633    308.752    306.913     0.1180     0.0020     0.1122   2484.491   78.83298   -1.00238    34.9143    34.9157 0.0000e+00
   2199.000    -0.6870    -0.6871   2.933605   2.933693    309.353    306.811     0.1180     0.0081     0.1124   2485.459   78.83298   -1.00238    34.9145    34.9157 0.0000e+00
   2200.000    -0.6870    -0.6870   2.933644   2.933744    309.142    307.113     0.1180     0.0007     0.1122   2486.446   78.83298   -1.00236    34.9144    34.9158 0.0000e+00
   2201.000    -0.6869    -0.6870   2.933693   2.933784    308.977    307.113     0.1180     0.0008     0.1120   2487.453   78.83298   -1.00236    34.9145    34.9158 0.0000e+00
   2202.000    -0.6871    -0.6872   2.933710   2.933805    308.869    306.650     0.1180     0.0015     0.1120   2488.463   78.83298   -1.00238    34.9144    34.9158 0.0000e+00
   2203.000    -0.6872    -0.6874   2.933744   2.933828    309.073    307.039     0.1180     0.0017     0.1118   2489.460   78.83298   -1.00238    34.9144    34.9157 0.0000e+00
   2204.000    -0.6874    -0.6875   2.933773   2.933859    308.646    306.678     0.1180     0.0016     0.1122   2490.439   78.83298   -1.00238    34.9145    34.9157 0.0000e+00
   2205.000    -0.6873    -0.6875   2.933810   2.933896    308.870    307.099     0.1180     0.0013     0.1122   2491.402   78.83298   -1.00238    34.9144    34.9157 0.0000e+00
   2206.000    -0.6872    -0.6874   2.933864   2.933942    309.195    306.901     0.1180     0.0015     0.1117   2492.362   78.83298   -1.00238    34.9144    34.9156 0.0000e+00
   2207.000    -0.6872    -0.6874   2.933902   2.933991    309.000    307.071     0.1180     0.0015     0.1122   2493.336   78.83298   -1.00238    34.9144    34.9157 0.0000e+00
   2208.000    -0.6871    -0.6872   2.933952   2.934046    309.222    306.885     0.1180     0.0032     0.1122   2494.329   78.83298   -1.00238    34.9144    34.9157 0.0000e+00
   2209.000    -0.6871    -0.6872   2.933998   2.934081    308.963    306.244     0.1180     0.0079     0.1122   2495.329   78.83298   -1.00238    34.9145    34.9157 0.0000e+00
   2210.000    -0.6869    -0.6871   2.934043   2.934132    308.595    306.450     0.1179     0.0022     0.1115   2496.329   78.83298   -1.00238    34.9144    34.9158 0.0000e+00
   2211.000    -0.6869    -0.6871   2.934091   2.934184    309.121    307.022     0.1179     0.0086     0.1121   2497.318   78.83298   -1.00238    34.9144    34.9159 0.0000e+00
   2212.000    -0.6870    -0.6872   2.934127   2.934213    309.273    306.954     0.1178     0.0021     0.1122   2498.301   78.83298   -1.00238    34.9145    34.9158 0.0000e+00
   2213.000    -0.6872    -0.6872   2.934150   2.934246    308.994    306.838     0.1178     0.0004     0.1123   2499.284   78.83298   -1.00238    34.9145    34.9157 0.0000e+00
   2214.000    -0.6870    -0.6871   2.934206   2.934287    309.080    306.538     0.1177     0.0072     0.1119   2500.265   78.83298   -1.00238    34.9145    34.9157 0.0000e+00
   2215.000    -0.6872    -0.6874   2.934218   2.934308    309.258    306.671     0.1177     0.0044     0.1120   2501.250   78.83298   -1.00238    34.9144    34.9157 0.0000e+00
   2216.000    -0.6874    -0.6875   2.934250   2.934336    308.946    306.469     0.1176     0.0015     0.1122   2502.234   78.83298   -1.00238    34.9144    34.9157 0.0000e+00
   2217.000    -0.6872    -0.6874   2.934304   2.934391    309.075    306.868     0.1176     0.0046     0.1121   2503.215   78.83298   -1.00238    34.9145    34.9157 0.0000e+00
   2218.000    -0.6874    -0.6876   2.934320   2.934408    309.013    306.881     0.1175     0.0066     0.1117   2504.195   78.83298   -1.00238    34.9143    34.9157 0.0000e+00
   2219.000    -0.6874    -0.6876   2.934365   2.934452    308.879    306.670     0.1175     0.0017     0.1119   2505.181   78.83298   -1.00238    34.9144    34.9157 0.0000e+00
   2220.000    -0.6863    -0.6863   2.934503   2.934615    308.932    306.027     0.1175     0.0027     0.1123   2506.174   78.83298   -1.00238    34.9144    34.9159 0.0000e+00
   2221.000    -0.6848    -0.6848   2.934683   2.934783    308.990    306.318     0.1175     0.0147     0.1120   2507.177   78.83298   -1.00240    34.9146    34.9160 0.0000e+00
   2222.000    -0.6846    -0.6849   2.934731   2.934798    308.202    306.852     0.1175     0.0098     0.1121   2508.165   78.83298   -1.00240    34.9145    34.9157 0.0000e+00
   2223.000    -0.6858    -0.6863   2.934668   2.934732    308.706    306.910     0.1175     0.0096     0.1119   2509.139   78.83298   -1.00240    34.9145    34.9159 0.0000e+00
   2224.000    -0.6850    -0.6854   2.934774   2.934847    308.466    306.944     0.1175     0.0095     0.1122   2510.111   78.83298   -1.00240    34.9145    34.9158 0.0000e+00
   2225.000    -0.6853    -0.6852   2.934785   2.934896    309.160    306.854     0.1174     0.0035     0.1122   2511.100   78.83298   -1.00240    34.9145    34.9158 0.0000e+00
   2226.000    -0.6852    -0.6853   2.934842   2.934923    308.329    306.805     0.1174     0.0060     0.1121   2512.102   78.83298   -1.00240    34.9145    34.9158 0.0000e+00
   2227.000    -0.6852    -0.6853   2.934886   2.934966    308.473    307.078     0.1173     0.0045     0.1122   2513.105   78.83298   -1.00240    34.9146    34.9158 0.0000e+00
   2228.000    -0.6842    -0.6847   2.935019   2.935069    308.836    306.376     0.1173     0.0042     0.1122   2514.090   78.83298   -1.00240    34.9147    34.9160 0.0000e+00
   2229.000    -0.6841    -0.6843   2.935063   2.935134    309.051    306.027     0.1172     0.0065     0.1114   2515.066   78.83298   -1.00240    34.9146    34.9158 0.0000e+00
   2230.000    -0.6846    -0.6847   2.935048   2.935135    309.024    306.785     0.1170     0.0010     0.1115   2516.045   78.83298   -1.00240    34.9145    34.9158 0.0000e+00
   2231.000    -0.6845    -0.6846   2.935094   2.935192    309.090    306.005     0.1169     0.0003     0.1121   2517.029   78.83298   -1.00240    34.9144    34.9158 0.0000e+00
   2232.000    -0.6844    -0.6844   2.935149   2.935246    308.955    306.977     0.1167     0.0002     0.1120   2518.021   78.83298   -1.00240    34.9145    34.9158 0.0000e+00
   2233.000    -0.6844    -0.6846   2.935191   2.935265    309.015    307.005     0.1165     0.0004     0.1122   2519.018   78.83298   -1.00240    34.9145    34.9158 0.0000e+00
   2234.000    -0.6844    -0.6844   2.935228   2.935325    308.973    306.688     0.1163     0.0010     0.1118   2520.017   78.83298   -1.00240    34.9145    34.9158 0.0000e+00
   2235.000    -0.6846    -0.6846   2.935247   2.935350    308.550    306.397     0.1161     0.0004     0.1115   2521.006   78.83298   -1.00240    34.9145    34.9159 0.0000e+00
   2236.000    -0.6832    -0.6834   2.935427   2.935501    309.048    306.330     0.1159    -0.0013     0.1122   2521.988   78.83298   -1.00240    34.9147    34.9159 0.0000e+00
   2237.000    -0.6834    -0.6839   2.935453   2.935499    308.718    306.659     0.1157    -0.0028     0.1121   2522.968   78.83298   -1.00240    34.9148    34.9160 0.0000e+00
   2238.000    -0.6837    -0.6843   2.935461   2.935504    309.258    306.858     0.1154    -0.0032     0.1115   2523.948   78.83298   -1.00240    34.9147    34.9160 0.0000e+00
   2239.000    -0.6836    -0.6839   2.935514   2.935586    308.876    306.711     0.1152     0.0035     0.1116   2524.932   78.83298   -1.00240    34.9147    34.9161 0.0000e+00
   2240.000    -0.6841    -0.6845   2.935512   2.935574    308.373    306.710     0.1150     0.0096     0.1114   2525.921   78.83298   -1.00240    34.9147    34.9160 0.0000e+00
   2241.000    -0.6840    -0.6843   2.935550   2.935624    308.543    306.180     0.1148     0.0093     0.1118   2526.913   78.83298   -1.00240    34.9147    34.9160 0.0000e+00
   2242.000    -0.6838    -0.6846   2.935615   2.935644    309.239    306.894     0.1146     0.0096     0.1122   2527.907   78.83298   -1.00240    34.9147    34.9160 0.0000e+00
   2243.000    -0.6828    -0.6829   2.935744   2.935823    308.772    306.457     0.1144     0.0090     0.1121   2528.892   78.83298   -1.00240    34.9148    34.9160 0.0000e+00
   2244.000    -0.6833    -0.6839   2.935735   2.935778    308.780    306.586     0.1143     0.0019     0.1117   2529.870   78.83298   -1.00240    34.9147    34.9159 0.0000e+00
   2245.000    -0.6843    -0.6843   2.935685   2.935771    308.842    306.729     0.1141     0.0079     0.1116   2530.849   78.83298   -1.00240    34.9147    34.9158 0.0000e+00
   2246.000    -0.6845    -0.6845   2.935710   2.935802    308.956    306.678     0.1140     0.0095     0.1121   2531.842   78.83298   -1.00240    34.9147    34.9158 0.0000e+00
   2247.000    -0.6845    -0.6846   2.935748   2.935828    308.627    306.184     0.1139     0.0050     0.1115   2532.839   78.83298   -1.00240    34.9147    34.9159 0.0000e+00
   2248.000    -0.6846    -0.6847   2.935776   2.935861    308.680    306.469     0.1138     0.0001     0.1114   2533.826   78.83298   -1.00240    34.9146    34.9158 0.0000e+00
   2249.000    -0.6847    -0.6848   2.935809   2.935890    308.689    306.552     0.1137     0.0005     0.1117   2534.804   78.83298   -1.00240    34.9146    34.9158 0.0000e+00
   2250.000    -0.6852    -0.6851   2.935804   2.935913    308.592    306.553     0.1137     0.0032     0.1118   2535.781   78.83298   -1.00240    34.9146    34.9159 0.0000e+00
   2251.000    -0.6854    -0.6855   2.935824   2.935904    309.164    306.556     0.1136     0.0076     0.1122   2536.766   78.83298   -1.00240    34.9146    34.9158 0.0000e+00
   2252.000    -0.6859    -0.6860   2.935813   2.935899    308.763    306.674     0.1135     0.0013     0.1119   2537.755   78.83298   -1.00240    34.9144    34.9157 0.0000e+00
   2253.000    -0.6859    -0.6860   2.935842   2.935942    308.865    306.630     0.1135     0.0002     0.1130   2538.746   78.83298   -1.00240    34.9143    34.9158 0.0000e+00
   2254.000    -0.6859    -0.6858   2.935885   2.935997    309.221    307.046     0.1134     0.0140     0.1140   2539.735   78.83298   -1.00240    34.9144    34.9158 0.0000e+00
   2255.000    -0.6857    -0.6855   2.935945   2.936055    308.298    306.638     0.1134     0.0028     0.1121   2540.724   78.83298   -1.00240    34.9144    34.9157 0.0000e+00
   2256.000    -0.6855    -0.6856   2.936016   2.936111    308.892    306.220     0.1133     0.0015     0.1122   2541.708   78.83298   -1.00240    34.9146    34.9159 0.0000e+00
   2257.000    -0.6854    -0.6856   2.936056   2.936143    308.985    306.204     0.1133     0.0006     0.1121   2542.693   78.83298   -1.00240    34.9145    34.9158 0.0000e+00
   2258.000    -0.6854    -0.6855   2.936103   2.936195    308.979    306.599     0.1133     0.0056     0.1119   2543.683   78.83298   -1.00240    34.9145    34.9159 0.0000e+00
   2259.000    -0.6853    -0.6855   2.936140   2.936234    308.962    306.743     0.1133     0.0051     0.1122   2544.680   78.83298   -1.00240    34.9145    34.9159 0.0000e+00
