test_project/cnv_files/sta0196_bin.cnv
* Sea-Bird SBE 9 Data File:
* FileName = C:\Seabird\CTDDATA\Sta0196.hex
* Software Version Seasave V 7.26.7.107
* Temperature SN = 03-4535
* Conductivity SN = 2860
* Number of Bytes Per Scan = 44
* Number of Voltage Words = 5
* Number of Scans Averaged by the Deck Unit = 1
* NMEA Latitude = 78 49.59 N
* NMEA Longitude = 001 57.31 W
* NMEA UTC (Time) = Sep 02 2019 19:08:33
* NMEA baud rate = 9600
** Ship: "Kronprins Haakon"
** Station: 196
** Echodepth: 2665
** Log: 5730.541
** Wind-Dir Force(m/s): 03 28
** Air-temp (dry): -0.8
** Weather Sky: 2 8
** Sea Ice: 4 0
# nquan = 16
# nvalues = 2703                        
# units = specified
# name 0 = prDM: Pressure, Digiquartz [db]
# name 1 = t090C: Temperature [ITS-90, deg C]
# name 2 = t190C: Temperature, 2 [ITS-90, deg C]
# name 3 = c0S/m: Conductivity [S/m]
# name 4 = c1S/m: Conductivity, 2 [S/m]
# name 5 = sbox0Mm/Kg: Oxygen, SBE 43 [umol/kg]
# name 6 = sbox1Mm/Kg: Oxygen, SBE 43, 2 [umol/kg]
# name 7 = wetCDOM: Fluorescence, WET Labs CDOM [mg/m^3]
# name 8 = flECO-AFL: Fluorescence, WET Labs ECO-AFL/FL [mg/m^3]
# name 9 = CStarAt0: Beam Attenuation, WET Labs C-Star [1/m]
# name 10 = timeS: Time, Elapsed [seconds]
# name 11 = latitude: Latitude [deg]
# name 12 = longitude: Longitude [deg]
# name 13 = sal00: Salinity, Practical [PSU]
# name 14 = sal11: Salinity, Practical, 2 [PSU]
# name 15 = flag: flag
# span 0 =      1.000,   2703.000       
# span 1 =    -1.8061,     3.3583       
# span 2 =    -1.8067,     3.3564       
# span 3 =   2.530018,   3.206620       
# span 4 =   2.530131,   3.206355       
# span 5 =    294.271,    428.466       
# span 6 =    291.739,    398.448       
# span 7 =     0.0995,     0.1651       
# span 8 =    -0.0098,     1.4636       
# span 9 =     0.1055,     0.5102       
# span 10 =    236.915,   2949.290      
# span 11 =   78.82658,   78.82662      
# span 12 =   -1.95534,   -1.95496      
# span 13 =    31.0826,    34.9862      
# span 14 =    31.0832,    34.9850      
# span 15 = 0.0000e+00, 0.0000e+00      
# interval = decibars: 1                
# start_time = Sep 02 2019 19:08:33 [NMEA time, header]
# bad_flag = -9.990e-29
*END*
[from data line 1899]
   1900.000    -0.5713    -0.5715   2.931708   2.931761    312.553    297.558     0.1176     0.0087     0.1066   2155.945   78.82660   -1.95516    34.9187    34.9196 0.0000e+00
   1901.000    -0.5704    -0.5709   2.931820   2.931862    312.139    297.332     0.1177     0.0082     0.1061   2156.928   78.82660   -1.95516    34.9187    34.9198 0.0000e+00
   1902.000    -0.5703    -0.5707   2.931879   2.931919    311.894    297.945     0.1178     0.0000     0.1064   2157.904   78.82660   -1.95516    34.9188    34.9198 0.0000e+00
   1903.000    -0.5698    -0.5702   2.931973   2.932025    312.188    297.824     0.1179     0.0002     0.1061   2158.873   78.82660   -1.95516    34.9190    34.9201 0.0000e+00
   1904.000    -0.5699    -0.5702   2.932018   2.932071    312.600    297.537     0.1180     0.0012     0.1063   2159.851   78.82660   -1.95516    34.9191    34.9201 0.0000e+00
   1905.000    -0.5700    -0.5703   2.932049   2.932095    312.650    297.253     0.1180     0.0003     0.1069   2160.848   78.82660   -1.95515    34.9191    34.9201 0.0000e+00
   1906.000    -0.5703    -0.5706   2.932056   2.932111    312.294    297.540     0.1181     0.0003     0.1067   2161.858   78.82660   -1.95514    34.9191    34.9201 0.0000e+00
   1907.000    -0.5708    -0.5711   2.932055   2.932103    311.924    297.786     0.1182    -0.0002     0.1059   2162.862   78.82660   -1.95514    34.9191    34.9200 0.0000e+00
   1908.000    -0.5710    -0.5712   2.932085   2.932140    312.208    297.188     0.1182    -0.0000     0.1059   2163.855   78.82660   -1.95514    34.9191    34.9201 0.0000e+00
   1909.000    -0.5711    -0.5714   2.932108   2.932163    312.477    297.022     0.1182     0.0028     0.1060   2164.837   78.82660   -1.95514    34.9190    34.9201 0.0000e+00
   1910.000    -0.5717    -0.5719   2.932100   2.932155    311.892    297.652     0.1183     0.0095     0.1063   2165.815   78.82660   -1.95514    34.9189    34.9199 0.0000e+00
   1911.000    -0.5732    -0.5731   2.932000   2.932085    311.831    297.552     0.1183     0.0096     0.1067   2166.797   78.82660   -1.95514    34.9189    34.9199 0.0000e+00
   1912.000    -0.5736    -0.5738   2.932009   2.932071    312.358    297.106     0.1183     0.0081     0.1065   2167.782   78.82660   -1.95514    34.9188    34.9200 0.0000e+00
   1913.000    -0.5734    -0.5737   2.932068   2.932122    312.006    297.071     0.1183    -0.0017     0.1062   2168.773   78.82660   -1.95514    34.9189    34.9200 0.0000e+00
   1914.000    -0.5737    -0.5740   2.932087   2.932141    311.909    297.472     0.1183    -0.0008     0.1063   2169.760   78.82660   -1.95514    34.9189    34.9200 0.0000e+00
   1915.000    -0.5736    -0.5739   2.932130   2.932196    312.331    297.656     0.1183     0.0000     0.1064   2170.738   78.82660   -1.95513    34.9189    34.9200 0.0000e+00
   1916.000    -0.5740    -0.5743   2.932147   2.932205    311.964    297.317     0.1183    -0.0010     0.1091   2171.703   78.82660   -1.95512    34.9189    34.9201 0.0000e+00
   1917.000    -0.5741    -0.5744   2.932178   2.932225    311.857    297.150     0.1184    -0.0040     0.1063   2172.680   78.82660   -1.95512    34.9190    34.9199 0.0000e+00
   1918.000    -0.5747    -0.5750   2.932175   2.932215    311.675    297.283     0.1184     0.0011     0.1064   2173.681   78.82660   -1.95512    34.9190    34.9199 0.0000e+00
   1919.000    -0.5749    -0.5753   2.932181   2.932226    312.051    297.104     0.1184     0.0093     0.1061   2174.694   78.82660   -1.95512    34.9189    34.9199 0.0000e+00
   1920.000    -0.5761    -0.5764   2.932129   2.932177    312.192    297.514     0.1184     0.0064     0.1060   2175.695   78.82660   -1.95512    34.9189    34.9199 0.0000e+00
   1921.000    -0.5763    -0.5766   2.932146   2.932202    312.144    297.110     0.1185    -0.0000     0.1060   2176.680   78.82660   -1.95512    34.9189    34.9200 0.0000e+00
   1922.000    -0.5770    -0.5772   2.932130   2.932189    312.061    297.231     0.1185    -0.0008     0.1060   2177.653   78.82660   -1.95512    34.9189    34.9199 0.0000e+00
   1923.000    -0.5785    -0.5786   2.932028   2.932094    312.377    297.226     0.1185    -0.0015     0.1060   2178.633   78.82660   -1.95511    34.9187    34.9197 0.0000e+00
   1924.000    -0.5786    -0.5787   2.932068   2.932130    312.000    297.098     0.1186    -0.0007     0.1061   2179.625   78.82660   -1.95510    34.9188    34.9198 0.0000e+00
   1925.000    -0.5795    -0.5795   2.932026   2.932105    311.621    297.384     0.1186    -0.0010     0.1061   2180.626   78.82660   -1.95510    34.9187    34.9198 0.0000e+00
   1926.000    -0.5796    -0.5800   2.932057   2.932102    311.695    297.076     0.1187    -0.0014     0.1059   2181.629   78.82660   -1.95511    34.9187    34.9198 0.0000e+00
   1927.000    -0.5796    -0.5799   2.932092   2.932152    311.423    296.817     0.1187    -0.0006     0.1059   2182.623   78.82660   -1.95511    34.9186    34.9198 0.0000e+00
   1928.000    -0.5798    -0.5800   2.932122   2.932180    311.631    297.133     0.1188    -0.0007     0.1059   2183.595   78.82660   -1.95510    34.9187    34.9198 0.0000e+00
   1929.000    -0.5803    -0.5802   2.932123   2.932198    312.128    297.182     0.1188    -0.0009     0.1059   2184.557   78.82660   -1.95510    34.9187    34.9197 0.0000e+00
   1930.000    -0.5804    -0.5807   2.932144   2.932201    312.402    297.448     0.1188    -0.0026     0.1059   2185.529   78.82660   -1.95510    34.9187    34.9197 0.0000e+00
   1931.000    -0.5804    -0.5808   2.932193   2.932242    312.544    297.527     0.1189    -0.0007     0.1059   2186.526   78.82660   -1.95510    34.9188    34.9198 0.0000e+00
   1932.000    -0.5806    -0.5808   2.932217   2.932272    312.166    297.496     0.1189     0.0017     0.1060   2187.538   78.82660   -1.95510    34.9187    34.9197 0.0000e+00
   1933.000    -0.5806    -0.5809   2.932261   2.932311    311.806    297.495     0.1189     0.0073     0.1061   2188.543   78.82660   -1.95510    34.9188    34.9198 0.0000e+00
   1934.000    -0.5812    -0.5813   2.932238   2.932307    311.948    297.613     0.1188    -0.0060     0.1064   2189.523   78.82660   -1.95510    34.9186    34.9197 0.0000e+00
   1935.000    -0.5815    -0.5821   2.932248   2.932273    312.197    297.478     0.1188    -0.0007     0.1061   2190.499   78.82660   -1.95510    34.9185    34.9195 0.0000e+00
   1936.000    -0.5825    -0.5824   2.932192   2.932299    311.682    296.816     0.1187     0.0013     0.1065   2191.484   78.82660   -1.95508    34.9184    34.9196 0.0000e+00
   1937.000    -0.5823    -0.5826   2.932255   2.932312    311.515    297.060     0.1187     0.0075     0.1064   2192.480   78.82660   -1.95508    34.9185    34.9195 0.0000e+00
   1938.000    -0.5867    -0.5869   2.931880   2.931933    311.594    297.262     0.1186     0.0030     0.1066   2193.482   78.82660   -1.95508    34.9179    34.9188 0.0000e+00
   1939.000    -0.5875    -0.5879   2.931855   2.931895    312.518    297.524     0.1185     0.0046     0.1067   2194.484   78.82660   -1.95508    34.9179    34.9189 0.0000e+00
   1940.000    -0.5900    -0.5902   2.931666   2.931730    311.808    297.460     0.1184     0.0040     0.1068   2195.477   78.82660   -1.95508    34.9177    34.9188 0.0000e+00
   1941.000    -0.5880    -0.5885   2.931908   2.931920    311.998    297.181     0.1183     0.0029     0.1070   2196.461   78.82660   -1.95508    34.9181    34.9189 0.0000e+00
   1942.000    -0.5905    -0.5909   2.931709   2.931751    312.672    297.619     0.1183     0.0065     0.1069   2197.431   78.82660   -1.95508    34.9178    34.9188 0.0000e+00
   1943.000    -0.5907    -0.5915   2.931729   2.931738    312.471    297.536     0.1182    -0.0022     0.1069   2198.403   78.82660   -1.95508    34.9177    34.9187 0.0000e+00
   1944.000    -0.5917    -0.5922   2.931664   2.931701    312.210    297.949     0.1182    -0.0003     0.1069   2199.386   78.82660   -1.95508    34.9175    34.9185 0.0000e+00
   1945.000    -0.5917    -0.5918   2.931722   2.931800    312.466    297.747     0.1181    -0.0001     0.1070   2200.379   78.82660   -1.95506    34.9176    34.9188 0.0000e+00
   1946.000    -0.5920    -0.5927   2.931725   2.931736    312.506    297.299     0.1181     0.0077     0.1072   2201.375   78.82660   -1.95506    34.9175    34.9185 0.0000e+00
   1947.000    -0.5908    -0.5911   2.931887   2.931948    312.346    297.309     0.1181     0.0011     0.1072   2202.365   78.82660   -1.95506    34.9178    34.9190 0.0000e+00
   1948.000    -0.5893    -0.5893   2.932068   2.932154    312.413    297.515     0.1181    -0.0011     0.1078   2203.361   78.82660   -1.95506    34.9179    34.9191 0.0000e+00
   1949.000    -0.5878    -0.5885   2.932263   2.932281    312.522    297.583     0.1181     0.0050     0.1080   2204.365   78.82660   -1.95506    34.9183    34.9193 0.0000e+00
   1950.000    -0.5871    -0.5873   2.932364   2.932422    312.185    297.670     0.1182     0.0042     0.1075   2205.364   78.82660   -1.95506    34.9183    34.9193 0.0000e+00
   1951.000    -0.5897    -0.5897   2.932181   2.932276    312.000    297.787     0.1182     0.0003     0.1078   2206.354   78.82660   -1.95506    34.9183    34.9195 0.0000e+00
   1952.000    -0.5900    -0.5901   2.932203   2.932268    312.134    297.744     0.1182     0.0004     0.1072   2207.334   78.82660   -1.95506    34.9184    34.9193 0.0000e+00
   1953.000    -0.5918    -0.5917   2.932070   2.932146    312.363    297.259     0.1183     0.0006     0.1072   2208.316   78.82660   -1.95506    34.9181    34.9190 0.0000e+00
   1954.000    -0.6010    -0.6012   2.931248   2.931279    311.792    297.027     0.1183     0.0006     0.1075   2209.309   78.82660   -1.95504    34.9170    34.9176 0.0000e+00
   1955.000    -0.6032    -0.6036   2.931059   2.931127    311.479    297.372     0.1183     0.0002     0.1071   2210.307   78.82660   -1.95504    34.9166    34.9178 0.0000e+00
   1956.000    -0.6054    -0.6053   2.930901   2.930988    311.775    297.344     0.1183     0.0008     0.1073   2211.305   78.82660   -1.95506    34.9164    34.9174 0.0000e+00
   1957.000    -0.6083    -0.6088   2.930683   2.930709    312.305    297.259     0.1184     0.0001     0.1080   2212.296   78.82660   -1.95506    34.9162    34.9171 0.0000e+00
   1958.000    -0.6092    -0.6095   2.930632   2.930687    312.947    297.146     0.1184     0.0006     0.1080   2213.278   78.82660   -1.95506    34.9160    34.9170 0.0000e+00
   1959.000    -0.6114    -0.6118   2.930473   2.930514    312.845    297.738     0.1184     0.0008     0.1080   2214.252   78.82660   -1.95506    34.9159    34.9169 0.0000e+00
   1960.000    -0.6055    -0.6060   2.931091   2.931130    312.777    298.079     0.1184     0.0092     0.1079   2215.234   78.82662   -1.95506    34.9168    34.9180 0.0000e+00
   1961.000    -0.6047    -0.6048   2.931204   2.931287    313.294    298.501     0.1184     0.0124     0.1079   2216.230   78.82662   -1.95506    34.9168    34.9181 0.0000e+00
   1962.000    -0.6074    -0.6070   2.931001   2.931102    313.679    298.287     0.1184     0.0054     0.1079   2217.235   78.82660   -1.95504    34.9167    34.9176 0.0000e+00
   1963.000    -0.6115    -0.6105   2.930650   2.930831    313.388    298.464     0.1184     0.0035     0.1078   2218.236   78.82660   -1.95504    34.9161    34.9174 0.0000e+00
   1964.000    -0.6102    -0.6109   2.930814   2.930843    312.474    298.226     0.1184     0.0064     0.1080   2219.227   78.82660   -1.95504    34.9163    34.9175 0.0000e+00
   1965.000    -0.6146    -0.6138   2.930458   2.930603    312.421    298.215     0.1183     0.0002     0.1080   2220.217   78.82660   -1.95504    34.9160    34.9170 0.0000e+00
   1966.000    -0.6146    -0.6146   2.930490   2.930586    312.902    298.320     0.1183     0.0002     0.1085   2221.210   78.82660   -1.95504    34.9159    34.9172 0.0000e+00
   1967.000    -0.6146    -0.6148   2.930535   2.930603    312.784    297.983     0.1182    -0.0006     0.1081   2222.200   78.82660   -1.95506    34.9160    34.9170 0.0000e+00
   1968.000    -0.6141    -0.6144   2.930634   2.930689    313.006    297.803     0.1182    -0.0017     0.1080   2223.179   78.82660   -1.95504    34.9162    34.9173 0.0000e+00
   1969.000    -0.6141    -0.6145   2.930665   2.930724    313.228    297.978     0.1181    -0.0018     0.1080   2224.153   78.82660   -1.95504    34.9160    34.9173 0.0000e+00
   1970.000    -0.6147    -0.6149   2.930660   2.930713    313.172    298.043     0.1180    -0.0003     0.1083   2225.133   78.82660   -1.95504    34.9161    34.9171 0.0000e+00
   1971.000    -0.6142    -0.6146   2.930750   2.930788    313.365    298.077     0.1180    -0.0005     0.1085   2226.128   78.82660   -1.95504    34.9162    34.9172 0.0000e+00
   1972.000    -0.6112    -0.6117   2.931075   2.931122    313.251    298.147     0.1179    -0.0011     0.1081   2227.129   78.82660   -1.95504    34.9166    34.9177 0.0000e+00
   1973.000    -0.6103    -0.6107   2.931211   2.931258    313.167    298.154     0.1179    -0.0009     0.1081   2228.120   78.82660   -1.95504    34.9169    34.9179 0.0000e+00
   1974.000    -0.6104    -0.6107   2.931241   2.931297    313.095    298.302     0.1179     0.0006     0.1087   2229.107   78.82660   -1.95504    34.9168    34.9179 0.0000e+00
   1975.000    -0.6115    -0.6116   2.931185   2.931253    312.967    298.338     0.1178     0.0007     0.1089   2230.094   78.82660   -1.95504    34.9168    34.9178 0.0000e+00
   1976.000    -0.6171    -0.6170   2.930705   2.930789    312.480    298.204     0.1178    -0.0000     0.1081   2231.081   78.82660   -1.95504    34.9162    34.9172 0.0000e+00
   1977.000    -0.6185    -0.6186   2.930628   2.930703    312.341    297.619     0.1178    -0.0011     0.1081   2232.067   78.82660   -1.95502    34.9162    34.9173 0.0000e+00
   1978.000    -0.6196    -0.6191   2.930573   2.930696    311.847    297.745     0.1178    -0.0002     0.1080   2233.044   78.82660   -1.95502    34.9162    34.9173 0.0000e+00
   1979.000    -0.6220    -0.6223   2.930389   2.930437    312.351    298.100     0.1178     0.0002     0.1080   2234.032   78.82660   -1.95502    34.9159    34.9169 0.0000e+00
   1980.000    -0.6250    -0.6252   2.930141   2.930212    312.774    297.703     0.1178     0.0074     0.1081   2235.027   78.82660   -1.95502    34.9155    34.9166 0.0000e+00
   1981.000    -0.6254    -0.6260   2.930144   2.930177    312.352    297.448     0.1178     0.0034     0.1081   2236.023   78.82660   -1.95502    34.9154    34.9166 0.0000e+00
   1982.000    -0.6261    -0.6262   2.930130   2.930191    312.766    297.981     0.1178    -0.0001     0.1082   2237.008   78.82660   -1.95502    34.9155    34.9165 0.0000e+00
   1983.000    -0.6264    -0.6266   2.930147   2.930200    312.897    298.099     0.1177     0.0046     0.1090   2237.988   78.82660   -1.95502    34.9155    34.9165 0.0000e+00
   1984.000    -0.6270    -0.6272   2.930126   2.930190    313.295    298.261     0.1177     0.0050     0.1086   2238.971   78.82660   -1.95502    34.9154    34.9165 0.0000e+00
   1985.000    -0.6280    -0.6282   2.930075   2.930141    313.066    298.314     0.1177    -0.0000     0.1081   2239.955   78.82660   -1.95502    34.9153    34.9164 0.0000e+00
   1986.000    -0.6275    -0.6269   2.930168   2.930325    313.024    298.341     0.1176    -0.0001     0.1081   2240.939   78.82660   -1.95501    34.9155    34.9168 0.0000e+00
   1987.000    -0.6255    -0.6261   2.930401   2.930440    312.643    298.231     0.1175    -0.0016     0.1086   2241.922   78.82660   -1.95500    34.9157    34.9169 0.0000e+00
   1988.000    -0.6256    -0.6261   2.930433   2.930475    313.126    298.174     0.1175     0.0012     0.1091   2242.910   78.82660   -1.95500    34.9157    34.9168 0.0000e+00
