test_project/cnv_files/sta0250_bin.cnv
* Sea-Bird SBE 9 Data File:
* FileName = C:\Seabird\CTDDATA\Sta0250.hex
* Software Version Seasave V 7.26.7.107
* Temperature SN = 03-4535
* Conductivity SN = 2860
* Number of Bytes Per Scan = 44
* Number of Voltage Words = 5
* Number of Scans Averaged by the Deck Unit = 1
* NMEA Latitude = 78 49.96 N
* NMEA Longitude = 008 29.97 E
* NMEA UTC (Time) = Sep 15 2019 00:38:19
* NMEA baud rate = 9600
** Ship: "Kronprins Haakon"
** Station: 0250
** Echodepth: 568
** Log: 6527.361
** Wind-Dir Force(m/s): 07 21
** Air-temp (dry): 7.0
** Weather Sky: 2 5
** Sea Ice: 4 0
# nquan = 16
# nvalues = 568                         
# units = specified
# name 0 = prDM: Pressure, Digiquartz [db]
# name 1 = t090C: Temperature [ITS-90, deg C]
# name 2 = t190C: Temperature, 2 [ITS-90, deg C]
# name 3 = c0S/m: Conductivity [S/m]
# name 4 = c1S/m: Conductivity, 2 [S/m]
# name 5 = sbox0Mm/Kg: Oxygen, SBE 43 [umol/kg]
# name 6 = sbox1Mm/Kg: Oxygen, SBE 43, 2 [umol/kg]
# name 7 = wetCDOM: Fluorescence, WET Labs CDOM [mg/m^3]
# name 8 = flECO-AFL: Fluorescence, WET Labs ECO-AFL/FL [mg/m^3]
# name 9 = CStarAt0: Beam Attenuation, WET Labs C-Star [1/m]
# name 10 = timeS: Time, Elapsed [seconds]
# name 11 = latitude: Latitude [deg]
# name 12 = longitude: Longitude [deg]
# name 13 = sal00: Salinity, Practical [PSU]
# name 14 = sal11: Salinity, Practical, 2 [PSU]
# name 15 = flag: flag
# span 0 =      2.000,    569.000       
# span 1 =     2.8078,     6.5710       
# span 2 =     2.8071,     6.5656       
# span 3 =   3.170698,   3.475498       
# span 4 =   3.170668,   3.474947       
# span 5 =    301.975,    320.685       
# span 6 =    294.843,    313.040       
# span 7 =     0.0932,     0.1334       
# span 8 =    -0.0032,     1.7224       
# span 9 =     0.1557,     0.4084       
# span 10 =    178.731,    743.074      
# span 11 =   78.83280,   78.83284      
# span 12 =    8.49944,    8.49952      
# span 13 =    34.6202,    35.0407      
# span 14 =    34.6047,    35.0409      
# span 15 = 0.0000e+00, 0.0000e+00      
# interval = decibars: 1                
# start_time = Sep 15 2019 00:38:19 [NMEA time, header]
# bad_flag = -9.990e-29
*END*
[from data line 362]
    364.000     3.4259     3.4251   3.219091   3.219034    317.348    310.279     0.0983     0.0117     0.1983    540.575   78.83284    8.49946    34.9810    34.9811 0.0000e+00
    365.000     3.4246     3.4242   3.219016   3.218974    317.499    310.415     0.0985     0.0141     0.1991    541.551   78.83284    8.49946    34.9809    34.9809 0.0000e+00
    366.000     3.4169     3.4164   3.218336   3.218287    317.297    310.353     0.0988     0.0097     0.2003    542.532   78.83284    8.49946    34.9805    34.9804 0.0000e+00
    367.000     3.4100     3.4095   3.217756   3.217695    316.986    310.159     0.0991     0.0049     0.2004    543.502   78.83284    8.49946    34.9803    34.9802 0.0000e+00
    368.000     3.4044     3.4039   3.217277   3.217245    316.605    310.184     0.0995     0.0131     0.1996    544.470   78.83282    8.49946    34.9801    34.9802 0.0000e+00
    369.000     3.4014     3.4008   3.217047   3.216994    316.437    309.849     0.0999     0.0223     0.2003    545.437   78.83282    8.49946    34.9799    34.9799 0.0000e+00
    370.000     3.3969     3.3963   3.216667   3.216626    316.948    309.569     0.1003     0.0102     0.2010    546.399   78.83282    8.49946    34.9797    34.9798 0.0000e+00
    371.000     3.3945     3.3938   3.216508   3.216454    317.062    309.695     0.1007     0.0095     0.2005    547.353   78.83282    8.49946    34.9798    34.9799 0.0000e+00
    372.000     3.3930     3.3923   3.216420   3.216367    317.280    309.934     0.1011     0.0043     0.2014    548.304   78.83282    8.49946    34.9798    34.9799 0.0000e+00
    373.000     3.3906     3.3899   3.216241   3.216184    317.215    310.034     0.1015     0.0071     0.2013    549.261   78.83282    8.49946    34.9797    34.9797 0.0000e+00
    374.000     3.3891     3.3884   3.216150   3.216097    317.340    310.022     0.1018     0.0136     0.2024    550.224   78.83282    8.49946    34.9796    34.9797 0.0000e+00
    375.000     3.3880     3.3874   3.216088   3.216052    317.135    309.785     0.1021     0.0170     0.2024    551.204   78.83284    8.49946    34.9795    34.9797 0.0000e+00
    376.000     3.3867     3.3859   3.216028   3.215970    316.951    309.885     0.1024     0.0170     0.2025    552.185   78.83284    8.49946    34.9796    34.9797 0.0000e+00
    377.000     3.3844     3.3836   3.215864   3.215792    317.190    310.151     0.1027     0.0170     0.2027    553.169   78.83284    8.49946    34.9795    34.9795 0.0000e+00
    378.000     3.3826     3.3820   3.215737   3.215696    317.086    310.097     0.1029     0.0149     0.2035    554.149   78.83284    8.49946    34.9795    34.9796 0.0000e+00
    379.000     3.3791     3.3787   3.215466   3.215407    316.859    310.031     0.1031     0.0038     0.2037    555.120   78.83282    8.49946    34.9794    34.9791 0.0000e+00
    380.000     3.3683     3.3681   3.214527   3.214499    316.593    309.932     0.1032     0.0091     0.2037    556.092   78.83282    8.49946    34.9791    34.9790 0.0000e+00
    381.000     3.3616     3.3606   3.213967   3.213870    316.529    310.211     0.1033     0.0096     0.2028    557.057   78.83282    8.49946    34.9791    34.9789 0.0000e+00
    382.000     3.3517     3.3510   3.213124   3.213059    316.711    309.913     0.1034     0.0096     0.2030    558.009   78.83282    8.49946    34.9789    34.9789 0.0000e+00
    383.000     3.3471     3.3476   3.212757   3.212801    316.866    309.561     0.1035     0.0138     0.2036    558.963   78.83282    8.49946    34.9789    34.9790 0.0000e+00
    384.000     3.3468     3.3464   3.212767   3.212729    317.125    309.655     0.1035     0.0137     0.2029    559.924   78.83282    8.49946    34.9789    34.9788 0.0000e+00
    385.000     3.3392     3.3386   3.212143   3.212085    317.660    310.080     0.1036     0.0096     0.2042    560.883   78.83282    8.49946    34.9789    34.9788 0.0000e+00
    386.000     3.3370     3.3366   3.211980   3.211943    317.380    309.973     0.1036     0.0096     0.2058    561.849   78.83282    8.49946    34.9787    34.9787 0.0000e+00
    387.000     3.3325     3.3320   3.211608   3.211549    317.137    310.045     0.1035     0.0104     0.2050    562.821   78.83282    8.49946    34.9785    34.9784 0.0000e+00
    388.000     3.3198     3.3202   3.210482   3.210491    317.068    310.029     0.1035     0.0162     0.2040    563.793   78.83282    8.49946    34.9781    34.9777 0.0000e+00
    389.000     3.3070     3.3062   3.209363   3.209281    317.184    309.914     0.1035     0.0107     0.2051    564.768   78.83282    8.49946    34.9777    34.9777 0.0000e+00
    390.000     3.2975     3.2968   3.208520   3.208429    317.202    310.031     0.1034     0.0153     0.2059    565.738   78.83282    8.49946    34.9773    34.9769 0.0000e+00
    391.000     3.2770     3.2776   3.206702   3.206709    316.978    310.518     0.1034     0.0070     0.2059    566.707   78.83282    8.49946    34.9769    34.9762 0.0000e+00
    392.000     3.2629     3.2621   3.205456   3.205376    317.231    310.400     0.1033     0.0103     0.2068    567.677   78.83282    8.49946    34.9764    34.9763 0.0000e+00
    393.000     3.2576     3.2569   3.205010   3.204966    317.115    310.451     0.1033     0.0170     0.2072    568.646   78.83282    8.49946    34.9761    34.9763 0.0000e+00
    394.000     3.2563     3.2565   3.204940   3.204974    317.575    310.293     0.1033     0.0144     0.2088    569.613   78.83282    8.49946    34.9761    34.9764 0.0000e+00
    395.000     3.2562     3.2549   3.204967   3.204865    317.649    310.185     0.1033     0.0082     0.2086    570.584   78.83282    8.49945    34.9760    34.9761 0.0000e+00
    396.000     3.2551     3.2522   3.204926   3.204671    318.142    310.282     0.1033     0.0025     0.2100    571.546   78.83282    8.49944    34.9762    34.9762 0.0000e+00
    397.000     3.2523     3.2521   3.204708   3.204701    318.114    310.012     0.1033     0.0026     0.2101    572.506   78.83282    8.49944    34.9760    34.9761 0.0000e+00
    398.000     3.2396     3.2395   3.203592   3.203571    318.102    310.206     0.1033     0.0088     0.2100    573.462   78.83282    8.49946    34.9756    34.9754 0.0000e+00
    399.000     3.2358     3.2351   3.203287   3.203234    317.291    310.490     0.1034     0.0154     0.2117    574.430   78.83282    8.49946    34.9755    34.9756 0.0000e+00
    400.000     3.2338     3.2334   3.203141   3.203118    316.930    310.050     0.1034     0.0170     0.2114    575.397   78.83282    8.49946    34.9754    34.9754 0.0000e+00
    401.000     3.2284     3.2278   3.202704   3.202627    317.027    310.129     0.1034     0.0170     0.2107    576.368   78.83282    8.49946    34.9753    34.9750 0.0000e+00
    402.000     3.2198     3.2191   3.201985   3.201918    317.272    310.118     0.1034     0.0141     0.2114    577.330   78.83282    8.49946    34.9753    34.9752 0.0000e+00
    403.000     3.2196     3.2188   3.202037   3.201994    317.194    310.202     0.1033     0.0117     0.2119    578.298   78.83282    8.49946    34.9756    34.9759 0.0000e+00
    404.000     3.2182     3.2176   3.202000   3.201956    317.202    310.578     0.1033     0.0170     0.2126    579.261   78.83282    8.49946    34.9761    34.9762 0.0000e+00
    405.000     3.2088     3.2083   3.201213   3.201149    317.523    310.712     0.1033     0.0164     0.2128    580.225   78.83282    8.49946    34.9761    34.9759 0.0000e+00
    406.000     3.1989     3.1979   3.200318   3.200199    318.097    310.781     0.1032     0.0102     0.2138    581.184   78.83282    8.49946    34.9755    34.9751 0.0000e+00
    407.000     3.1899     3.1869   3.199509   3.199237    318.194    310.649     0.1031     0.0096     0.2128    582.151   78.83282    8.49946    34.9748    34.9747 0.0000e+00
    408.000     3.1845     3.1845   3.199037   3.199042    318.059    310.298     0.1030     0.0096     0.2125    583.119   78.83282    8.49946    34.9744    34.9744 0.0000e+00
    409.000     3.1800     3.1800   3.198649   3.198655    318.088    310.659     0.1029     0.0141     0.2128    584.093   78.83282    8.49946    34.9740    34.9740 0.0000e+00
    410.000     3.1704     3.1701   3.197808   3.197793    318.415    310.656     0.1028     0.0170     0.2136    585.070   78.83282    8.49946    34.9735    34.9736 0.0000e+00
    411.000     3.1692     3.1686   3.197780   3.197739    317.568    309.986     0.1027     0.0109     0.2137    586.047   78.83282    8.49946    34.9740    34.9741 0.0000e+00
    412.000     3.1689     3.1683   3.197835   3.197804    317.068    309.975     0.1026     0.0063     0.2148    587.015   78.83282    8.49946    34.9744    34.9746 0.0000e+00
    413.000     3.1692     3.1686   3.197919   3.197892    317.560    310.121     0.1024     0.0157     0.2212    587.975   78.83282    8.49946    34.9746    34.9749 0.0000e+00
    414.000     3.1717     3.1709   3.198264   3.198226    317.862    310.315     0.1023     0.0106     0.2170    588.939   78.83282    8.49946    34.9755    34.9759 0.0000e+00
    415.000     3.1872     3.1886   3.199929   3.200227    317.431    310.222     0.1022     0.0161     0.2165    589.898   78.83282    8.49946    34.9784    34.9805 0.0000e+00
    416.000     3.2306     3.2304   3.204381   3.204418    317.234    310.099     0.1021     0.0105     0.2173    590.856   78.83282    8.49946    34.9851    34.9857 0.0000e+00
    417.000     3.2363     3.2358   3.205032   3.205023    318.119    310.636     0.1021     0.0045     0.2181    591.813   78.83282    8.49946    34.9863    34.9867 0.0000e+00
    418.000     3.2354     3.2346   3.205041   3.204957    317.917    311.177     0.1021     0.0066     0.2111    592.774   78.83282    8.49946    34.9868    34.9866 0.0000e+00
    419.000     3.2315     3.2310   3.204737   3.204688    316.663    311.600     0.1022     0.0061     0.2046    593.738   78.83282    8.49946    34.9867    34.9867 0.0000e+00
    420.000     3.2244     3.2252   3.204111   3.204188    316.454    311.792     0.1023     0.0023     0.1999    594.703   78.83282    8.49946    34.9863    34.9863 0.0000e+00
    421.000     3.2182     3.2180   3.203571   3.203550    317.180    311.625     0.1024     0.0042     0.1964    595.677   78.83282    8.49945    34.9859    34.9858 0.0000e+00
    422.000     3.2110     3.2101   3.202951   3.202853    317.732    312.010     0.1026     0.0095     0.1949    596.660   78.83282    8.49944    34.9855    34.9853 0.0000e+00
    423.000     3.2040     3.2034   3.202357   3.202320    318.308    311.903     0.1028     0.0090     0.1929    597.634   78.83282    8.49945    34.9853    34.9855 0.0000e+00
    424.000     3.2024     3.2031   3.202229   3.202324    318.615    311.764     0.1030     0.0031     0.1924    598.605   78.83282    8.49946    34.9850    34.9854 0.0000e+00
    425.000     3.1738     3.1777   3.199581   3.199862    319.245    312.192     0.1032     0.0024     0.1925    599.577   78.83282    8.49946    34.9831    34.9824 0.0000e+00
    426.000     3.1528     3.1565   3.197589   3.197912    318.918    312.058     0.1033     0.0076     0.1932    600.542   78.83282    8.49946    34.9811    34.9811 0.0000e+00
    427.000     3.1467     3.1486   3.197056   3.197210    317.904    311.716     0.1035     0.0096     0.1935    601.513   78.83282    8.49946    34.9807    34.9805 0.0000e+00
    428.000     3.1432     3.1370   3.196758   3.196188    318.419    311.746     0.1036     0.0096     0.1946    602.478   78.83282    8.49946    34.9803    34.9801 0.0000e+00
    429.000     3.1375     3.1361   3.196270   3.196113    319.094    311.584     0.1037     0.0096     0.1965    603.435   78.83282    8.49944    34.9800    34.9796 0.0000e+00
    430.000     3.1336     3.1339   3.195968   3.195989    319.271    311.425     0.1038     0.0096     0.1984    604.402   78.83282    8.49944    34.9800    34.9799 0.0000e+00
    431.000     3.1359     3.1352   3.196217   3.196162    318.778    311.417     0.1038     0.0106     0.1994    605.368   78.83282    8.49944    34.9799    34.9800 0.0000e+00
    432.000     3.1334     3.1324   3.196021   3.195940    318.705    311.505     0.1039     0.0167     0.1995    606.343   78.83282    8.49944    34.9798    34.9799 0.0000e+00
    433.000     3.1317     3.1308   3.195907   3.195850    318.798    311.505     0.1040     0.0168     0.1999    607.321   78.83282    8.49944    34.9797    34.9800 0.0000e+00
    434.000     3.1290     3.1287   3.195691   3.195681    318.390    311.766     0.1041     0.0106     0.2007    608.309   78.83282    8.49944    34.9794    34.9796 0.0000e+00
    435.000     3.1246     3.1238   3.195341   3.195265    318.580    311.532     0.1042     0.0042     0.2015    609.293   78.83282    8.49944    34.9794    34.9793 0.0000e+00
    436.000     3.1233     3.1225   3.195279   3.195220    318.539    311.269     0.1044     0.0025     0.2009    610.274   78.83282    8.49946    34.9794    34.9795 0.0000e+00
    437.000     3.1237     3.1233   3.195372   3.195338    318.128    311.252     0.1045     0.0065     0.2017    611.258   78.83282    8.49946    34.9796    34.9797 0.0000e+00
    438.000     3.1281     3.1268   3.195860   3.195789    318.310    311.314     0.1047     0.0163     0.2017    612.248   78.83282    8.49944    34.9803    34.9807 0.0000e+00
    439.000     3.1387     3.1352   3.196970   3.196691    318.261    311.689     0.1049     0.0218     0.2016    613.235   78.83282    8.49944    34.9817    34.9821 0.0000e+00
    440.000     3.1528     3.1517   3.198510   3.198493    318.132    311.546     0.1051     0.0152     0.2010    614.216   78.83282    8.49944    34.9846    34.9856 0.0000e+00
    441.000     3.1672     3.1668   3.200031   3.200015    318.363    311.608     0.1053     0.0086     0.2005    615.189   78.83282    8.49944    34.9871    34.9873 0.0000e+00
    442.000     3.1684     3.1683   3.200209   3.200210    318.724    311.864     0.1055     0.0026     0.1976    616.156   78.83282    8.49944    34.9874    34.9874 0.0000e+00
    443.000     3.1683     3.1676   3.200254   3.200193    318.263    311.780     0.1057     0.0023     0.1928    617.126   78.83282    8.49944    34.9874    34.9875 0.0000e+00
    444.000     3.1706     3.1696   3.200575   3.200491    318.176    311.802     0.1058     0.0022     0.1908    618.101   78.83282    8.49944    34.9882    34.9883 0.0000e+00
    445.000     3.1733     3.1726   3.200908   3.200864    317.967    312.185     0.1060    -0.0032     0.1896    619.080   78.83282    8.49944    34.9889    34.9891 0.0000e+00
    446.000     3.1745     3.1738   3.201087   3.201046    318.094    312.258     0.1061    -0.0005     0.1854    620.065   78.83282    8.49944    34.9892    34.9895 0.0000e+00
    447.000     3.1742     3.1739   3.201105   3.201082    318.478    312.484     0.1062     0.0023     0.1820    621.049   78.83282    8.49944    34.9892    34.9893 0.0000e+00
    448.000     3.1749     3.1746   3.201214   3.201205    318.440    312.482     0.1063     0.0023     0.1792    622.033   78.83282    8.49944    34.9892    34.9894 0.0000e+00
    449.000     3.1750     3.1742   3.201263   3.201195    318.801    312.528     0.1063     0.0023     0.1767    623.020   78.83282    8.49944    34.9892    34.9892 0.0000e+00
    450.000     3.1758     3.1754   3.201421   3.201397    318.993    312.814     0.1063     0.0023     0.1753    624.001   78.83282    8.49944    34.9897    34.9898 0.0000e+00
    451.000     3.1770     3.1764   3.201602   3.201550    318.645    312.727     0.1063     0.0034     0.1747    624.976   78.83282    8.49944    34.9901    34.9901 0.0000e+00
    452.000     3.1760     3.1757   3.201550   3.201517    318.546    312.694     0.1062     0.0093     0.1740    625.952   78.83282    8.49944    34.9900    34.9899 0.0000e+00
