test_project/cnv_files/Sta0227_bin.cnv
* Sea-Bird SBE 9 Data File:
* FileName = C:\Seabird\CTDDATA\Sta0227.hex
* Software Version Seasave V 7.26.7.107
* Temperature SN = 03-4535
* Conductivity SN = 2860
* Number of Bytes Per Scan = 44
* Number of Voltage Words = 5
* Number of Scans Averaged by the Deck Unit = 1
* NMEA Latitude = 78 00.16 N
* NMEA Longitude = 016 38.82 W
* NMEA UTC (Time) = Sep 08 2019 09:21:55
* NMEA baud rate = 9600
** Ship: "Kronprins Haakon"
** Station: 0227
** Echodepth: 483
** Log: 6079.04
** Wind-Dir Force(m/s): 32 09
** Air-temp (dry): -4.0
** Weather Sky: 0 1
** Sea Ice: 1 5
# nquan = 17
# nvalues = 467                         
# units = specified
# name 0 = prDM: Pressure, Digiquartz [db]
# name 1 = t090C: Temperature [ITS-90, deg C]
# name 2 = t190C: Temperature, 2 [ITS-90, deg C]
# name 3 = c0S/m: Conductivity [S/m]
# name 4 = c1S/m: Conductivity, 2 [S/m]
# name 5 = sbox0Mm/Kg: Oxygen, SBE 43 [umol/kg]
# name 6 = sbox1Mm/Kg: Oxygen, SBE 43, 2 [umol/kg]
# name 7 = wetCDOM: Fluorescence, WET Labs CDOM [mg/m^3]
# name 8 = flECO-AFL: Fluorescence, WET Labs ECO-AFL/FL [mg/m^3]
# name 9 = CStarAt0: Beam Attenuation, WET Labs C-Star [1/m]
# name 10 = timeS: Time, Elapsed [seconds]
# name 11 = latitude: Latitude [deg]
# name 12 = longitude: Longitude [deg]
# name 13 = upoly0: Upoly 0, ISUS
# name 14 = sal00: Salinity, Practical [PSU]
# name 15 = sal11: Salinity, Practical, 2 [PSU]
# name 16 = flag: flag
# span 0 =     10.000,    476.000       
# span 1 =    -1.6616,     1.6898       
# span 2 =    -1.6616,     1.6892       
# span 3 =   0.831620,   3.056405       
# span 4 =   2.364311,   3.056270       
# span 5 =    238.558,    424.846       
# span 6 =    296.251,    411.782       
# span 7 =     0.1194,     0.1794       
# span 8 =    -0.0020,     0.6508       
# span 9 =     0.1390,     0.2627       
# span 10 =    186.567,   1005.993      
# span 11 =   78.00288,   78.00320      
# span 12 =  -16.64536,  -16.63941      
# span 13 =  13.028017,  25.904781      
# span 14 =     9.0711,    34.9134      
# span 15 =    28.9932,    34.9128      
# span 16 = 0.0000e+00, 0.0000e+00      
# interval = decibars: 1                
# start_time = Sep 08 2019 09:21:55 [NMEA time, header]
# bad_flag = -9.990e-29
*END*
[from data line 256]
    266.000     1.1616     1.1618   2.995488   2.995465    307.458    302.568     0.1264     0.0096     0.1491    770.310   78.00312  -16.64098  24.621722    34.7298    34.7293 0.0000e+00
    267.000     1.1842     1.1838   2.997957   2.997915    307.219    302.448     0.1263     0.0096     0.1487    771.334   78.00312  -16.64098  24.330478    34.7357    34.7357 0.0000e+00
    268.000     1.2010     1.2010   2.999790   2.999742    307.151    302.420     0.1263     0.0096     0.1486    772.365   78.00312  -16.64098  24.232728    34.7401    34.7394 0.0000e+00
    269.000     1.2121     1.2122   3.001020   3.000968    307.852    302.639     0.1262     0.0093     0.1483    773.400   78.00312  -16.64096  24.727805    34.7429    34.7422 0.0000e+00
    270.000     1.2218     1.2210   3.002091   3.001945    308.255    302.620     0.1262     0.0096     0.1486    774.432   78.00312  -16.64096  24.173679    34.7452    34.7443 0.0000e+00
    271.000     1.2209     1.2212   3.002038   3.001989    308.288    302.479     0.1261     0.0094     0.1485    775.468   78.00312  -16.64094  24.095191    34.7450    34.7441 0.0000e+00
    272.000     1.2269     1.2282   3.002700   3.002773    307.871    302.385     0.1261     0.0092     0.1490    776.484   78.00312  -16.64094  24.613237    34.7463    34.7457 0.0000e+00
    273.000     1.2351     1.2348   3.003615   3.003519    307.587    302.336     0.1260     0.0043     0.1497    777.507   78.00312  -16.64094  24.659441    34.7483    34.7474 0.0000e+00
    274.000     1.2482     1.2484   3.005079   3.005093    307.486    301.983     0.1259     0.0058     0.1481    778.533   78.00312  -16.64092  24.300424    34.7519    34.7519 0.0000e+00
    275.000     1.2765     1.2764   3.008198   3.008199    307.698    301.783     0.1259     0.0045     0.1486    779.568   78.00312  -16.64092  24.261964    34.7598    34.7599 0.0000e+00
    276.000     1.2996     1.3003   3.010748   3.010806    308.233    302.150     0.1258     0.0052     0.1489    780.601   78.00312  -16.64091  24.709390    34.7662    34.7662 0.0000e+00
    277.000     1.3218     1.3213   3.013189   3.013102    308.320    302.279     0.1258     0.0096     0.1484    781.640   78.00312  -16.64090  25.010830    34.7723    34.7716 0.0000e+00
    278.000     1.3304     1.3306   3.014185   3.014156    308.164    302.551     0.1257     0.0118     0.1485    782.684   78.00312  -16.64090  24.996717    34.7749    34.7743 0.0000e+00
    279.000     1.3345     1.3348   3.014716   3.014660    307.465    302.488     0.1256     0.0125     0.1487    783.739   78.00312  -16.64089  24.686087    34.7765    34.7754 0.0000e+00
    280.000     1.3350     1.3354   3.014823   3.014802    306.136    302.133     0.1256     0.0115     0.1487    784.797   78.00312  -16.64088  24.580818    34.7767    34.7760 0.0000e+00
    281.000     1.3383     1.3383   3.015247   3.015195    306.343    301.712     0.1255     0.0136     0.1485    785.839   78.00312  -16.64088  24.286683    34.7779    34.7772 0.0000e+00
    282.000     1.3517     1.3515   3.016797   3.016737    306.912    301.546     0.1254     0.0096     0.1481    786.883   78.00312  -16.64087  24.696016    34.7823    34.7817 0.0000e+00
    283.000     1.3571     1.3575   3.017544   3.017505    307.370    301.670     0.1253     0.0106     0.1477    787.923   78.00312  -16.64086  24.896055    34.7852    34.7843 0.0000e+00
    284.000     1.3495     1.3495   3.017096   3.017012    308.057    301.876     0.1252     0.0131     0.1475    788.963   78.00312  -16.64086  24.954436    34.7873    34.7863 0.0000e+00
    285.000     1.3449     1.3451   3.016926   3.016857    307.765    301.522     0.1251     0.0019     0.1470    789.994   78.00312  -16.64085  25.071119    34.7897    34.7886 0.0000e+00
    286.000     1.3514     1.3508   3.017741   3.017629    307.871    301.338     0.1250     0.0091     0.1466    791.030   78.00312  -16.64084  25.071308    34.7922    34.7916 0.0000e+00
    287.000     1.3629     1.3627   3.018972   3.018945    307.919    301.567     0.1249     0.0096     0.1471    792.073   78.00312  -16.64082  25.149625    34.7947    34.7946 0.0000e+00
    288.000     1.3822     1.3821   3.021008   3.020924    307.976    301.343     0.1248     0.0092     0.1472    793.119   78.00312  -16.64082  24.923579    34.7987    34.7977 0.0000e+00
    289.000     1.3641     1.3652   3.019566   3.019583    308.332    301.727     0.1246     0.0024     0.1481    794.171   78.00312  -16.64082  24.951650    34.7997    34.7987 0.0000e+00
    290.000     1.3527     1.3558   3.018584   3.018778    307.912    301.562     0.1245     0.0082     0.1486    795.216   78.00312  -16.64080  24.952528    34.7993    34.7983 0.0000e+00
    291.000     1.3529     1.3530   3.018806   3.018789    307.460    301.313     0.1244     0.0025     0.1495    796.265   78.00312  -16.64080  24.738561    34.8013    34.8010 0.0000e+00
    292.000     1.3695     1.3696   3.020546   3.020540    307.590    301.343     0.1242     0.0079     0.1506    797.319   78.00312  -16.64080  24.880749    34.8046    34.8043 0.0000e+00
    293.000     1.3841     1.3842   3.022094   3.022059    308.056    301.406     0.1241     0.0096     0.1514    798.363   78.00312  -16.64078  25.095089    34.8074    34.8070 0.0000e+00
    294.000     1.3956     1.3951   3.023330   3.023278    308.536    301.127     0.1239     0.0140     0.1529    799.400   78.00312  -16.64078  25.302483    34.8099    34.8098 0.0000e+00
    295.000     1.4250     1.4246   3.026352   3.026330    307.891    300.586     0.1238     0.0064     0.1538    800.434   78.00312  -16.64078  25.087968    34.8153    34.8155 0.0000e+00
    296.000     1.4831     1.4870   3.032121   3.032621    307.054    300.757     0.1236     0.0012     0.1530    801.465   78.00312  -16.64076  24.579428    34.8237    34.8258 0.0000e+00
    297.000     1.5215     1.5213   3.035988   3.035970    307.532    301.177     0.1234     0.0010     0.1530    802.503   78.00312  -16.64076  24.789050    34.8299    34.8298 0.0000e+00
    298.000     1.5443     1.5445   3.038441   3.038452    307.979    301.533     0.1232     0.0053     0.1517    803.546   78.00312  -16.64075  24.830175    34.8352    34.8351 0.0000e+00
    299.000     1.5597     1.5602   3.040118   3.040148    307.263    301.915     0.1230     0.0096     0.1498    804.589   78.00312  -16.64074  24.730880    34.8389    34.8386 0.0000e+00
    300.000     1.5758     1.5760   3.041878   3.041850    306.102    302.340     0.1229     0.0096     0.1468    805.642   78.00312  -16.64074  24.371294    34.8428    34.8422 0.0000e+00
    301.000     1.5775     1.5778   3.042152   3.042115    306.173    302.377     0.1227     0.0054     0.1457    806.694   78.00312  -16.64073  24.833811    34.8439    34.8430 0.0000e+00
    302.000     1.5820     1.5827   3.042686   3.042753    306.613    302.399     0.1225     0.0019     0.1448    807.746   78.00312  -16.64072  24.955002    34.8450    34.8451 0.0000e+00
    303.000     1.6102     1.6106   3.045617   3.045654    306.621    301.899     0.1223     0.0036     0.1444    808.789   78.00312  -16.64071  24.804520    34.8504    34.8504 0.0000e+00
    304.000     1.6262     1.6260   3.047344   3.047302    307.258    301.634     0.1221     0.0067     0.1434    809.831   78.00312  -16.64070  24.749055    34.8540    34.8537 0.0000e+00
    305.000     1.6524     1.6523   3.049990   3.049949    307.637    301.647     0.1219     0.0041     0.1428    810.870   78.00312  -16.64070  24.451073    34.8580    34.8576 0.0000e+00
    306.000     1.6545     1.6549   3.050323   3.050259    307.757    302.141     0.1217     0.0135     0.1423    811.908   78.00313  -16.64069  24.208799    34.8593    34.8581 0.0000e+00
    307.000     1.6282     1.6292   3.048020   3.047955    307.863    302.330     0.1215     0.0084     0.1415    812.945   78.00314  -16.64068  24.567316    34.8586    34.8567 0.0000e+00
    308.000     1.6133     1.6137   3.046793   3.046736    306.851    301.972     0.1213     0.0017     0.1411    813.982   78.00314  -16.64068  24.715881    34.8590    34.8578 0.0000e+00
    309.000     1.5965     1.5970   3.045360   3.045316    305.949    301.868     0.1211     0.0008     0.1411    815.023   78.00314  -16.64067  24.992695    34.8589    34.8578 0.0000e+00
    310.000     1.5920     1.5920   3.045058   3.044995    306.605    301.459     0.1210     0.0014     0.1412    816.073   78.00314  -16.64066  24.614213    34.8595    34.8586 0.0000e+00
    311.000     1.6009     1.6007   3.046115   3.046101    307.469    301.301     0.1208     0.0090     0.1419    817.119   78.00314  -16.64066  24.412716    34.8624    34.8625 0.0000e+00
    312.000     1.6295     1.6299   3.049070   3.049099    307.691    301.081     0.1206     0.0093     0.1424    818.169   78.00314  -16.64064  24.764965    34.8677    34.8676 0.0000e+00
    313.000     1.6389     1.6391   3.050136   3.050101    308.742    301.482     0.1205     0.0023     0.1432    819.216   78.00314  -16.64064  24.852235    34.8701    34.8694 0.0000e+00
    314.000     1.6401     1.6404   3.050349   3.050310    308.879    301.745     0.1203     0.0013     0.1432    820.261   78.00314  -16.64064  24.825630    34.8709    34.8702 0.0000e+00
    315.000     1.6442     1.6443   3.050844   3.050787    307.652    301.469     0.1202     0.0081     0.1433    821.303   78.00314  -16.64062  25.183645    34.8721    34.8713 0.0000e+00
    316.000     1.6472     1.6472   3.051228   3.051184    306.885    301.654     0.1200     0.0097     0.1429    822.343   78.00314  -16.64062  25.334912    34.8731    34.8725 0.0000e+00
    317.000     1.6724     1.6721   3.053818   3.053783    307.041    301.291     0.1199     0.0141     0.1422    823.387   78.00314  -16.64062  24.859641    34.8775    34.8774 0.0000e+00
    318.000     1.6639     1.6645   3.053278   3.053234    307.604    301.789     0.1198     0.0054     0.1422    824.446   78.00314  -16.64060  24.592120    34.8794    34.8782 0.0000e+00
    319.000     1.6587     1.6592   3.052868   3.052838    307.899    301.787     0.1197     0.0016     0.1419    825.502   78.00314  -16.64060  24.952163    34.8794    34.8785 0.0000e+00
    320.000     1.6602     1.6604   3.053101   3.053060    307.245    301.713     0.1196     0.0016     0.1416    826.542   78.00314  -16.64059  25.435273    34.8801    34.8794 0.0000e+00
    321.000     1.6625     1.6626   3.053381   3.053341    307.432    301.492     0.1196     0.0014     0.1414    827.585   78.00314  -16.64058  24.935491    34.8805    34.8799 0.0000e+00
    322.000     1.6662     1.6669   3.053826   3.053845    307.866    301.319     0.1195     0.0060     0.1416    828.636   78.00314  -16.64057  24.889544    34.8815    34.8810 0.0000e+00
    323.000     1.6715     1.6713   3.054406   3.054335    307.974    301.589     0.1195     0.0050     0.1412    829.686   78.00314  -16.64056  25.120368    34.8824    34.8817 0.0000e+00
    324.000     1.6753     1.6770   3.054830   3.054965    307.835    301.642     0.1194     0.0017     0.1411    830.734   78.00314  -16.64056  24.935621    34.8830    34.8828 0.0000e+00
    325.000     1.6858     1.6845   3.055918   3.055740    308.104    301.794     0.1194     0.0019     0.1408    831.780   78.00314  -16.64056  24.941292    34.8845    34.8838 0.0000e+00
    326.000     1.6898     1.6892   3.056405   3.056270    308.152    301.313     0.1194     0.0012     0.1403    832.821   78.00314  -16.64055  25.113804    34.8858    34.8847 0.0000e+00
    327.000     1.6828     1.6827   3.055921   3.055831    308.560    301.638     0.1194     0.0046     0.1400    833.865   78.00314  -16.64054  24.752621    34.8868    34.8857 0.0000e+00
    328.000     1.6686     1.6692   3.054768   3.054712    308.275    301.728     0.1194     0.0071     0.1400    834.906   78.00314  -16.64053  24.304645    34.8873    34.8860 0.0000e+00
    329.000     1.6598     1.6601   3.054161   3.054122    308.082    301.626     0.1195     0.0053     0.1398    835.942   78.00314  -16.64052  24.854502    34.8888    34.8880 0.0000e+00
    330.000     1.6575     1.6577   3.054031   3.053986    307.871    301.734     0.1195     0.0129     0.1400    836.983   78.00314  -16.64052  25.113330    34.8892    34.8884 0.0000e+00
    331.000     1.6569     1.6572   3.054065   3.054039    308.471    301.455     0.1195     0.0025     0.1400    838.023   78.00314  -16.64050  25.231983    34.8896    34.8890 0.0000e+00
    332.000     1.6573     1.6575   3.054203   3.054173    308.639    301.322     0.1196     0.0026     0.1405    839.064   78.00314  -16.64050  25.345718    34.8904    34.8898 0.0000e+00
    333.000     1.6568     1.6570   3.054332   3.054308    308.607    301.373     0.1196     0.0083     0.1467    840.108   78.00314  -16.64050  24.999406    34.8920    34.8914 0.0000e+00
    334.000     1.6565     1.6567   3.054444   3.054417    308.483    301.161     0.1197     0.0029     0.1405    841.153   78.00314  -16.64048  24.927223    34.8931    34.8925 0.0000e+00
    335.000     1.6560     1.6562   3.054514   3.054482    308.270    300.910     0.1197     0.0085     0.1402    842.199   78.00314  -16.64048  24.887100    34.8940    34.8934 0.0000e+00
    336.000     1.6539     1.6541   3.054469   3.054422    307.954    300.865     0.1198     0.0034     0.1406    843.241   78.00314  -16.64048  24.802663    34.8951    34.8943 0.0000e+00
    337.000     1.6467     1.6470   3.053974   3.053921    307.842    300.831     0.1198     0.0137     0.1401    844.287   78.00314  -16.64046  24.968821    34.8963    34.8953 0.0000e+00
    338.000     1.6440     1.6442   3.053783   3.053746    307.873    300.872     0.1198     0.0105     0.1400    845.329   78.00314  -16.64046  25.465485    34.8963    34.8957 0.0000e+00
    339.000     1.6388     1.6391   3.053411   3.053381    307.865    300.762     0.1199     0.0096     0.1400    846.373   78.00314  -16.64046  25.408443    34.8968    34.8961 0.0000e+00
    340.000     1.6378     1.6381   3.053385   3.053361    308.323    301.213     0.1199     0.0095     0.1397    847.413   78.00314  -16.64044  25.034598    34.8970    34.8963 0.0000e+00
    341.000     1.6372     1.6374   3.053405   3.053371    308.702    301.305     0.1200     0.0039     0.1398    848.457   78.00314  -16.64044  24.026820    34.8973    34.8966 0.0000e+00
    342.000     1.6368     1.6370   3.053408   3.053390    308.607    301.235     0.1200     0.0023     0.1402    849.501   78.00314  -16.64044  25.191714    34.8972    34.8967 0.0000e+00
    343.000     1.6343     1.6345   3.053257   3.053224    308.643    301.218     0.1201     0.0069     0.1399    850.542   78.00314  -16.64042  25.258282    34.8976    34.8968 0.0000e+00
    344.000     1.6266     1.6271   3.052682   3.052657    308.528    301.492     0.1201     0.0053     0.1400    851.579   78.00315  -16.64042  25.021864    34.8981    34.8973 0.0000e+00
    345.000     1.6232     1.6234   3.052441   3.052409    308.248    301.545     0.1202     0.0093     0.1400    852.618   78.00316  -16.64041  25.138168    34.8983    34.8977 0.0000e+00
    346.000     1.6207     1.6209   3.052284   3.052249    307.849    301.420     0.1202     0.0081     0.1395    853.659   78.00316  -16.64040  25.425348    34.8985    34.8979 0.0000e+00
    347.000     1.6198     1.6200   3.052269   3.052232    308.202    301.114     0.1203     0.0010     0.1404    854.699   78.00316  -16.64040  25.545730    34.8987    34.8980 0.0000e+00
    348.000     1.6169     1.6172   3.052078   3.052050    308.469    301.359     0.1203     0.0008     0.1474    855.740   78.00316  -16.64039  25.206173    34.8989    34.8983 0.0000e+00
    349.000     1.6112     1.6116   3.051638   3.051618    308.376    301.116     0.1204     0.0047     0.1426    856.779   78.00316  -16.64038  24.534260    34.8991    34.8984 0.0000e+00
