test_project/cnv_files/sta0249_bin.cnv
* Sea-Bird SBE 9 Data File:
* FileName = C:\Seabird\CTDDATA\Sta0249.hex
* Software Version Seasave V 7.26.7.107
* Temperature SN = 03-4535
* Conductivity SN = 2860
* Number of Bytes Per Scan = 44
* Number of Voltage Words = 5
* Number of Scans Averaged by the Deck Unit = 1
* NMEA Latitude = 78 50.00 N
* NMEA Longitude = 007 59.96 E
* NMEA UTC (Time) = Sep 14 2019 22:59:25
* NMEA baud rate = 9600
** Ship: "Kronprins Haakon"
** Station: 0249
** Echodepth: 1008
** Log: 6521.449
** Wind-Dir Force(m/s): 05 12
** Air-temp (dry): 7.5
** Weather Sky: 0 5
** Sea Ice: 4 0
# nquan = 16
# nvalues = 1011                        
# units = specified
# name 0 = prDM: Pressure, Digiquartz [db]
# name 1 = t090C: Temperature [ITS-90, deg C]
# name 2 = t190C: Temperature, 2 [ITS-90, deg C]
# name 3 = c0S/m: Conductivity [S/m]
# name 4 = c1S/m: Conductivity, 2 [S/m]
# name 5 = sbox0Mm/Kg: Oxygen, SBE 43 [umol/kg]
# name 6 = sbox1Mm/Kg: Oxygen, SBE 43, 2 [umol/kg]
# name 7 = wetCDOM: Fluorescence, WET Labs CDOM [mg/m^3]
# name 8 = flECO-AFL: Fluorescence, WET Labs ECO-AFL/FL [mg/m^3]
# name 9 = CStarAt0: Beam Attenuation, WET Labs C-Star [1/m]
# name 10 = timeS: Time, Elapsed [seconds]
# name 11 = latitude: Latitude [deg]
# name 12 = longitude: Longitude [deg]
# name 13 = sal00: Salinity, Practical [PSU]
# name 14 = sal11: Salinity, Practical, 2 [PSU]
# name 15 = flag: flag
# span 0 =      1.000,   1011.000       
# span 1 =    -0.5509,     6.7115       
# span 2 =    -0.5500,     6.7106       
# span 3 =   2.895402,   3.491252       
# span 4 =   2.895478,   3.491158       
# span 5 =    299.691,    328.760       
# span 6 =    290.928,    320.538       
# span 7 =     0.1035,     0.1279       
# span 8 =    -0.0099,     2.3624       
# span 9 =     0.1354,     0.5093       
# span 10 =    147.324,   1144.768      
# span 11 =   78.83336,   78.83340      
# span 12 =    7.99948,    7.99956      
# span 13 =    34.8595,    35.0505      
# span 14 =    34.8594,    35.0505      
# span 15 = 0.0000e+00, 0.0000e+00      
# interval = decibars: 1                
# start_time = Sep 14 2019 22:59:25 [NMEA time, header]
# bad_flag = -9.990e-29
*END*
[from data line 543]
    544.000     2.9528     2.9523   3.184980   3.184961    319.104    311.702     0.1084     0.0024     0.1774    682.220   78.83338    7.99948    34.9793    34.9796 0.0000e+00
    545.000     2.9462     2.9459   3.184416   3.184403    318.668    311.608     0.1084     0.0075     0.1779    683.197   78.83338    7.99948    34.9790    34.9792 0.0000e+00
    546.000     2.9428     2.9424   3.184144   3.184126    318.365    311.856     0.1083     0.0055     0.1773    684.178   78.83338    7.99950    34.9788    34.9790 0.0000e+00
    547.000     2.9369     2.9367   3.183638   3.183616    318.729    311.951     0.1083     0.0023     0.1771    685.154   78.83338    7.99950    34.9785    34.9785 0.0000e+00
    548.000     2.9263     2.9257   3.182662   3.182594    319.235    312.160     0.1083     0.0023     0.1774    686.124   78.83340    7.99950    34.9775    34.9774 0.0000e+00
    549.000     2.9204     2.9199   3.182130   3.182108    319.294    311.986     0.1082     0.0023     0.1771    687.097   78.83340    7.99950    34.9768    34.9772 0.0000e+00
    550.000     2.9148     2.9142   3.181656   3.181623    319.416    311.916     0.1082     0.0035     0.1789    688.077   78.83338    7.99950    34.9766    34.9768 0.0000e+00
    551.000     2.9129     2.9121   3.181598   3.181582    319.594    312.014     0.1081     0.0087     0.1783    689.063   78.83338    7.99950    34.9774    34.9780 0.0000e+00
    552.000     2.9166     2.9160   3.182140   3.182106    319.575    311.718     0.1081     0.0029     0.1838    690.042   78.83338    7.99950    34.9794    34.9797 0.0000e+00
    553.000     2.9160     2.9153   3.182153   3.182121    319.541    311.957     0.1081     0.0085     0.1775    691.011   78.83338    7.99950    34.9797    34.9800 0.0000e+00
    554.000     2.9136     2.9128   3.181992   3.181945    319.819    312.718     0.1081     0.0096     0.1766    691.980   78.83338    7.99950    34.9798    34.9801 0.0000e+00
    555.000     2.9086     2.9081   3.181595   3.181561    319.856    312.591     0.1080     0.0052     0.1767    692.953   78.83338    7.99950    34.9798    34.9800 0.0000e+00
    556.000     2.9023     2.9020   3.181043   3.181012    319.864    312.579     0.1080     0.0062     0.1762    693.929   78.83338    7.99950    34.9794    34.9794 0.0000e+00
    557.000     2.8922     2.8919   3.180128   3.180136    319.517    312.468     0.1080     0.0067     0.1764    694.912   78.83338    7.99950    34.9785    34.9791 0.0000e+00
    558.000     2.8902     2.8897   3.179991   3.179964    319.456    312.049     0.1080     0.0048     0.1766    695.901   78.83339    7.99950    34.9785    34.9788 0.0000e+00
    559.000     2.8848     2.8842   3.179513   3.179460    319.510    312.190     0.1079     0.0064     0.1758    696.884   78.83340    7.99950    34.9779    34.9780 0.0000e+00
    560.000     2.8761     2.8760   3.178733   3.178730    319.643    312.168     0.1079    -0.0038     0.1757    697.862   78.83339    7.99950    34.9774    34.9774 0.0000e+00
    561.000     2.8704     2.8698   3.178225   3.178197    319.395    312.379     0.1079     0.0030     0.1762    698.830   78.83338    7.99950    34.9768    34.9771 0.0000e+00
    562.000     2.8697     2.8690   3.178202   3.178174    319.485    312.233     0.1079     0.0154     0.1772    699.803   78.83338    7.99950    34.9767    34.9772 0.0000e+00
    563.000     2.8703     2.8697   3.178325   3.178317    319.775    311.897     0.1079     0.0052     0.1815    700.771   78.83338    7.99950    34.9770    34.9776 0.0000e+00
    564.000     2.8724     2.8715   3.178606   3.178561    319.594    311.761     0.1079     0.0076     0.1787    701.734   78.83338    7.99950    34.9776    34.9781 0.0000e+00
    565.000     2.8726     2.8717   3.178715   3.178659    319.443    311.535     0.1079     0.0096     0.1775    702.702   78.83338    7.99950    34.9782    34.9784 0.0000e+00
    566.000     2.8747     2.8737   3.179005   3.178941    319.646    311.719     0.1080     0.0130     0.1770    703.675   78.83338    7.99950    34.9789    34.9792 0.0000e+00
    567.000     2.8767     2.8759   3.179290   3.179234    319.962    312.531     0.1080     0.0115     0.1771    704.658   78.83338    7.99950    34.9797    34.9799 0.0000e+00
    568.000     2.8744     2.8738   3.179121   3.179078    319.925    312.907     0.1081     0.0046     0.1803    705.642   78.83338    7.99950    34.9796    34.9797 0.0000e+00
    569.000     2.8794     2.8780   3.179713   3.179659    319.994    313.137     0.1082     0.0083     0.1800    706.620   78.83338    7.99950    34.9808    34.9817 0.0000e+00
    570.000     2.8878     2.8872   3.180646   3.180617    320.361    313.250     0.1083     0.0025     0.1753    707.603   78.83339    7.99950    34.9826    34.9829 0.0000e+00
    571.000     2.8840     2.8837   3.180361   3.180340    320.202    313.251     0.1084     0.0026     0.1747    708.587   78.83339    7.99950    34.9827    34.9828 0.0000e+00
    572.000     2.8743     2.8743   3.179462   3.179465    320.217    313.142     0.1086     0.0086     0.1752    709.570   78.83338    7.99950    34.9817    34.9817 0.0000e+00
    573.000     2.8526     2.8528   3.177452   3.177404    320.304    313.519     0.1087     0.0040     0.1727    710.549   78.83338    7.99950    34.9800    34.9792 0.0000e+00
    574.000     2.8395     2.8392   3.176228   3.176227    320.455    313.599     0.1088     0.0023     0.1720    711.519   78.83338    7.99950    34.9788    34.9790 0.0000e+00
    575.000     2.8364     2.8359   3.175971   3.175959    320.484    313.355     0.1088     0.0023     0.1707    712.481   78.83338    7.99950    34.9784    34.9788 0.0000e+00
    576.000     2.8333     2.8326   3.175714   3.175671    321.066    313.349     0.1089     0.0023     0.1702    713.447   78.83338    7.99950    34.9781    34.9784 0.0000e+00
    577.000     2.8293     2.8289   3.175366   3.175362    321.396    313.582     0.1090     0.0046     0.1702    714.418   78.83338    7.99950    34.9776    34.9780 0.0000e+00
    578.000     2.8259     2.8254   3.175096   3.175072    321.045    313.448     0.1090     0.0079     0.1705    715.397   78.83338    7.99950    34.9774    34.9776 0.0000e+00
    579.000     2.8212     2.8209   3.174702   3.174679    320.961    313.061     0.1091     0.0025     0.1712    716.370   78.83338    7.99950    34.9772    34.9772 0.0000e+00
    580.000     2.8156     2.8151   3.174202   3.174174    321.018    313.468     0.1091     0.0028     0.1712    717.345   78.83338    7.99950    34.9766    34.9768 0.0000e+00
    581.000     2.8188     2.8179   3.174593   3.174554    320.911    313.538     0.1091     0.0090     0.1715    718.323   78.83338    7.99950    34.9773    34.9778 0.0000e+00
    582.000     2.8187     2.8181   3.174678   3.174649    320.922    313.517     0.1091     0.0096     0.1721    719.307   78.83338    7.99950    34.9780    34.9783 0.0000e+00
    583.000     2.8157     2.8151   3.174473   3.174419    321.039    313.207     0.1091     0.0096     0.1723    720.284   78.83338    7.99950    34.9781    34.9781 0.0000e+00
    584.000     2.8125     2.8111   3.174287   3.174231    321.022    313.391     0.1091     0.0051     0.1729    721.261   78.83338    7.99950    34.9787    34.9796 0.0000e+00
    585.000     2.8248     2.8241   3.175611   3.175547    320.869    313.680     0.1091     0.0023     0.1766    722.244   78.83338    7.99950    34.9811    34.9811 0.0000e+00
    586.000     2.8174     2.8170   3.175024   3.175015    320.859    314.213     0.1092     0.0026     0.1754    723.224   78.83338    7.99950    34.9814    34.9818 0.0000e+00
    587.000     2.8176     2.8170   3.175131   3.175099    321.138    314.119     0.1092     0.0023     0.1718    724.196   78.83338    7.99950    34.9819    34.9822 0.0000e+00
    588.000     2.8201     2.8191   3.175451   3.175402    320.960    313.972     0.1092     0.0023     0.1704    725.162   78.83338    7.99950    34.9826    34.9831 0.0000e+00
    589.000     2.8226     2.8219   3.175786   3.175743    321.677    314.481     0.1093     0.0023     0.1705    726.125   78.83338    7.99950    34.9834    34.9837 0.0000e+00
    590.000     2.8253     2.8246   3.176126   3.176101    321.957    314.716     0.1094     0.0023     0.1689    727.100   78.83338    7.99950    34.9841    34.9846 0.0000e+00
    591.000     2.8307     2.8294   3.176750   3.176712    321.932    314.592     0.1094     0.0023     0.1679    728.081   78.83338    7.99950    34.9853    34.9863 0.0000e+00
    592.000     2.8474     2.8464   3.178545   3.178480    321.711    314.272     0.1095     0.0024     0.1669    729.059   78.83338    7.99950    34.9887    34.9889 0.0000e+00
    593.000     2.8350     2.8352   3.177422   3.177416    321.804    314.685     0.1096     0.0072     0.1667    730.033   78.83338    7.99950    34.9878    34.9875 0.0000e+00
    594.000     2.8137     2.8150   3.175404   3.175481    321.743    314.746     0.1096     0.0055     0.1662    731.001   78.83338    7.99950    34.9857    34.9853 0.0000e+00
    595.000     2.7955     2.7963   3.173662   3.173731    321.237    314.857     0.1097     0.0023     0.1651    731.970   78.83338    7.99950    34.9835    34.9835 0.0000e+00
    596.000     2.7792     2.7794   3.172173   3.172163    320.721    314.863     0.1098     0.0048     0.1640    732.947   78.83338    7.99950    34.9825    34.9821 0.0000e+00
    597.000     2.7495     2.7511   3.169354   3.169457    321.000    314.534     0.1098     0.0095     0.1639    733.936   78.83338    7.99950    34.9796    34.9791 0.0000e+00
    598.000     2.7327     2.7325   3.167763   3.167743    320.812    314.228     0.1099     0.0096     0.1643    734.922   78.83338    7.99950    34.9778    34.9778 0.0000e+00
    599.000     2.7162     2.7161   3.166225   3.166202    321.204    314.147     0.1099     0.0096     0.1652    735.905   78.83338    7.99950    34.9763    34.9761 0.0000e+00
    600.000     2.7114     2.7106   3.165895   3.165865    321.777    313.944     0.1100     0.0094     0.1650    736.876   78.83338    7.99950    34.9768    34.9774 0.0000e+00
    601.000     2.7038     2.7034   3.165269   3.165218    321.796    313.560     0.1100     0.0034     0.1658    737.841   78.83338    7.99950    34.9769    34.9767 0.0000e+00
    602.000     2.6953     2.6949   3.164496   3.164478    321.665    313.430     0.1100     0.0023     0.1667    738.805   78.83338    7.99950    34.9761    34.9763 0.0000e+00
    603.000     2.6890     2.6890   3.163947   3.163973    321.592    313.426     0.1101     0.0023     0.1688    739.784   78.83338    7.99950    34.9756    34.9760 0.0000e+00
    604.000     2.6837     2.6844   3.163505   3.163559    321.617    313.879     0.1101     0.0023     0.1698    740.768   78.83338    7.99950    34.9754    34.9754 0.0000e+00
    605.000     2.6677     2.6675   3.162014   3.161978    322.196    314.298     0.1102     0.0023     0.1691    741.746   78.83338    7.99950    34.9740    34.9737 0.0000e+00
    606.000     2.6502     2.6500   3.160409   3.160374    322.483    314.396     0.1102     0.0045     0.1685    742.723   78.83338    7.99950    34.9726    34.9725 0.0000e+00
    607.000     2.6372     2.6375   3.159198   3.159219    321.992    314.233     0.1102     0.0080     0.1680    743.698   78.83338    7.99950    34.9714    34.9714 0.0000e+00
    608.000     2.6269     2.6262   3.158255   3.158181    321.872    314.136     0.1102     0.0025     0.1688    744.679   78.83338    7.99950    34.9704    34.9703 0.0000e+00
    609.000     2.6123     2.6120   3.156917   3.156878    322.368    314.099     0.1103     0.0023     0.1685    745.667   78.83338    7.99950    34.9693    34.9691 0.0000e+00
    610.000     2.5937     2.5943   3.155198   3.155216    321.878    313.949     0.1103     0.0025     0.1698    746.646   78.83338    7.99950    34.9679    34.9674 0.0000e+00
    611.000     2.5831     2.5836   3.154235   3.154289    321.657    313.725     0.1102     0.0083     0.1712    747.615   78.83338    7.99950    34.9669    34.9671 0.0000e+00
    612.000     2.5759     2.5744   3.153598   3.153464    321.280    313.729     0.1102     0.0046     0.1725    748.583   78.83338    7.99950    34.9664    34.9664 0.0000e+00
    613.000     2.5793     2.5786   3.153989   3.154005    321.144    313.712     0.1102     0.0023     0.1740    749.557   78.83338    7.99950    34.9670    34.9680 0.0000e+00
    614.000     2.5939     2.5920   3.155505   3.155405    321.589    313.423     0.1102     0.0023     0.1740    750.541   78.83338    7.99950    34.9692    34.9700 0.0000e+00
    615.000     2.6034     2.6022   3.156549   3.156512    322.218    313.330     0.1102     0.0023     0.1752    751.525   78.83338    7.99950    34.9711    34.9720 0.0000e+00
    616.000     2.6094     2.6090   3.157215   3.157223    321.978    313.444     0.1101     0.0023     0.1748    752.507   78.83338    7.99950    34.9722    34.9729 0.0000e+00
    617.000     2.5989     2.5973   3.156261   3.156070    321.828    313.981     0.1101     0.0023     0.1748    753.481   78.83338    7.99950    34.9714    34.9708 0.0000e+00
    618.000     2.5872     2.5862   3.155165   3.155133    321.775    314.258     0.1101     0.0030     0.1744    754.454   78.83338    7.99950    34.9701    34.9708 0.0000e+00
    619.000     2.6034     2.6028   3.156864   3.156908    320.988    313.921     0.1101     0.0092     0.1738    755.431   78.83338    7.99950    34.9729    34.9741 0.0000e+00
    620.000     2.5983     2.5980   3.156444   3.156403    321.357    314.245     0.1101     0.0095     0.1727    756.417   78.83338    7.99950    34.9727    34.9725 0.0000e+00
    621.000     2.5824     2.5824   3.154975   3.154949    322.077    314.406     0.1101     0.0039     0.1718    757.399   78.83338    7.99950    34.9713    34.9710 0.0000e+00
    622.000     2.5689     2.5677   3.153756   3.153694    321.492    314.121     0.1101     0.0023     0.1721    758.372   78.83338    7.99950    34.9705    34.9710 0.0000e+00
    623.000     2.5940     2.5937   3.156359   3.156401    320.719    314.115     0.1101     0.0064     0.1716    759.342   78.83338    7.99950    34.9747    34.9755 0.0000e+00
    624.000     2.5716     2.5720   3.154320   3.154336    321.510    314.394     0.1101     0.0062     0.1707    760.316   78.83338    7.99950    34.9734    34.9731 0.0000e+00
    625.000     2.5589     2.5584   3.153143   3.153117    322.412    314.551     0.1101     0.0023     0.1706    761.289   78.83338    7.99950    34.9721    34.9723 0.0000e+00
    626.000     2.5531     2.5526   3.152627   3.152612    322.115    314.525     0.1101     0.0039     0.1707    762.265   78.83338    7.99950    34.9716    34.9719 0.0000e+00
    627.000     2.5463     2.5460   3.152035   3.152023    321.839    314.649     0.1101     0.0085     0.1702    763.251   78.83338    7.99950    34.9711    34.9712 0.0000e+00
    628.000     2.5384     2.5382   3.151341   3.151318    322.279    314.677     0.1101     0.0034     0.1700    764.233   78.83338    7.99950    34.9706    34.9705 0.0000e+00
    629.000     2.5248     2.5247   3.150100   3.150094    322.569    314.438     0.1101     0.0093     0.1696    765.209   78.83338    7.99950    34.9696    34.9696 0.0000e+00
    630.000     2.5136     2.5132   3.148939   3.149091    322.260    314.477     0.1101     0.0158     0.1694    766.180   78.83338    7.99950    34.9670    34.9692 0.0000e+00
    631.000     2.5088     2.5086   3.148693   3.148690    322.071    314.372     0.1101     0.0114     0.1699    767.152   78.83338    7.99950    34.9686    34.9687 0.0000e+00
    632.000     2.5039     2.5037   3.148267   3.148279    322.342    314.679     0.1101     0.0049     0.1704    768.127   78.83338    7.99950    34.9680    34.9685 0.0000e+00
