test_project/cnv_files/Sta0212_bin.cnv
* Sea-Bird SBE 9 Data File:
* FileName = C:\Seabird\CTDDATA\Sta0212.hex
* Software Version Seasave V 7.26.7.107
* Temperature SN = 03-4535
* Conductivity SN = 2860
* Number of Bytes Per Scan = 44
* Number of Voltage Words = 5
* Number of Scans Averaged by the Deck Unit = 1
* NMEA Latitude = 78 49.86 N
* NMEA Longitude = 009 59.97 W
* NMEA UTC (Time) = Sep 05 2019 19:08:12
* NMEA baud rate = 9600
** Ship: "Kronprins Haakon"
** Station: 0212
** Echodepth: 294
** Log: 5932.006
** Wind-Dir Force(m/s): 05 06
** Air-temp (dry): -1.6
** Weather Sky: 1 6
** Sea Ice: 1 4
# nquan = 17
# nvalues = 296                         
# units = specified
# name 0 = prDM: Pressure, Digiquartz [db]
# name 1 = t090C: Temperature [ITS-90, deg C]
# name 2 = t190C: Temperature, 2 [ITS-90, deg C]
# name 3 = c0S/m: Conductivity [S/m]
# name 4 = c1S/m: Conductivity, 2 [S/m]
# name 5 = sbox0Mm/Kg: Oxygen, SBE 43 [umol/kg]
# name 6 = sbox1Mm/Kg: Oxygen, SBE 43, 2 [umol/kg]
# name 7 = wetCDOM: Fluorescence, WET Labs CDOM [mg/m^3]
# name 8 = flECO-AFL: Fluorescence, WET Labs ECO-AFL/FL [mg/m^3]
# name 9 = CStarAt0: Beam Attenuation, WET Labs C-Star [1/m]
# name 10 = timeS: Time, Elapsed [seconds]
# name 11 = latitude: Latitude [deg]
# name 12 = longitude: Longitude [deg]
# name 13 = upoly0: Upoly 0, ISUS
# name 14 = sal00: Salinity, Practical [PSU]
# name 15 = sal11: Salinity, Practical, 2 [PSU]
# name 16 = flag: flag
# span 0 =      3.000,    298.000       
# span 1 =    -1.6961,     1.0989       
# span 2 =    -1.6960,     1.0994       
# span 3 =   2.425054,   2.995932       
# span 4 =   2.424964,   2.995895       
# span 5 =    305.844,    415.570       
# span 6 =    302.229,    414.076       
# span 7 =     0.1138,     0.1770       
# span 8 =     0.0012,     0.8303       
# span 9 =     0.1646,     0.3186       
# span 10 =    155.039,    500.271      
# span 11 =   78.82992,   78.83068      
# span 12 =  -10.00118,  -10.00008      
# span 13 =  12.655233,  25.473936      
# span 14 =    29.9743,    34.7929      
# span 15 =    29.9728,    34.7921      
# span 16 = 0.0000e+00, 0.0000e+00      
# interval = decibars: 1                
# start_time = Sep 05 2019 19:08:12 [NMEA time, header]
# bad_flag = -9.990e-29
*END*
[from data line 171]
    174.000    -0.2897    -0.2894   2.837477   2.837426    325.483    318.406     0.1384     0.0277     0.1822    338.575   78.83027  -10.00072  22.801416    34.3403    34.3393 0.0000e+00
    175.000    -0.2725    -0.2755   2.839625   2.839341    322.942    317.851     0.1381     0.0310     0.1865    339.614   78.83026  -10.00072  22.914888    34.3490    34.3485 0.0000e+00
    176.000    -0.2164    -0.2223   2.846189   2.845555    321.197    317.044     0.1379     0.0257     0.1800    340.656   78.83026  -10.00072  23.069040    34.3727    34.3709 0.0000e+00
    177.000    -0.1664    -0.1687   2.851773   2.851563    322.031    317.016     0.1377     0.0184     0.1760    341.700   78.83026  -10.00072  23.004421    34.3901    34.3900 0.0000e+00
    178.000    -0.1380    -0.1380   2.854861   2.854880    322.726    316.840     0.1375     0.0257     0.1756    342.751   78.83026  -10.00072  22.901680    34.3987    34.3989 0.0000e+00
    179.000    -0.1010    -0.1025   2.858850   2.858705    321.117    316.495     0.1373     0.0349     0.1742    343.794   78.83026  -10.00072  23.085775    34.4094    34.4092 0.0000e+00
    180.000    -0.0414    -0.0460   2.864960   2.864632    318.808    315.921     0.1371     0.0386     0.1731    344.837   78.83026  -10.00072  23.501313    34.4229    34.4238 0.0000e+00
    181.000     0.0158     0.0141   2.870890   2.870662    317.914    315.175     0.1369     0.0315     0.1711    345.880   78.83026  -10.00073  23.641100    34.4365    34.4355 0.0000e+00
    182.000     0.0092     0.0088   2.870389   2.870219    317.802    315.504     0.1367     0.0230     0.1693    346.919   78.83026  -10.00074  23.766708    34.4367    34.4349 0.0000e+00
    183.000     0.0046     0.0045   2.870070   2.869960    316.170    314.515     0.1365     0.0204     0.1679    347.961   78.83026  -10.00074  22.961196    34.4370    34.4358 0.0000e+00
    184.000     0.0551     0.0469   2.875427   2.874671    313.257    312.830     0.1363     0.0152     0.1664    349.002   78.83025  -10.00074  22.987646    34.4507    34.4498 0.0000e+00
    185.000     0.0861     0.0861   2.878774   2.878690    313.789    312.274     0.1361     0.0179     0.1656    350.052   78.83024  -10.00074  23.591587    34.4595    34.4584 0.0000e+00
    186.000     0.0958     0.1007   2.879829   2.880326    316.509    312.577     0.1359     0.0253     0.1653    351.109   78.83024  -10.00074  23.832740    34.4619    34.4629 0.0000e+00
    187.000     0.1233     0.1235   2.882738   2.882675    315.446    312.157     0.1357     0.0315     0.1655    352.161   78.83024  -10.00074  23.678591    34.4688    34.4678 0.0000e+00
    188.000     0.1383     0.1361   2.884346   2.884036    314.540    311.669     0.1355     0.0359     0.1658    353.214   78.83024  -10.00074  23.653177    34.4726    34.4711 0.0000e+00
    189.000     0.1563     0.1560   2.886276   2.886190    313.906    311.016     0.1353     0.0297     0.1661    354.265   78.83024  -10.00076  23.439959    34.4772    34.4765 0.0000e+00
    190.000     0.1782     0.1774   2.888613   2.888457    313.547    310.565     0.1351     0.0283     0.1671    355.315   78.83024  -10.00076  23.148824    34.4830    34.4817 0.0000e+00
    191.000     0.1824     0.1825   2.889115   2.889015    314.068    310.535     0.1349     0.0247     0.1666    356.363   78.83024  -10.00076  23.628474    34.4842    34.4828 0.0000e+00
    192.000     0.1950     0.1928   2.890443   2.890194    313.375    310.314     0.1347     0.0282     0.1657    357.408   78.83024  -10.00076  23.582662    34.4870    34.4862 0.0000e+00
    193.000     0.2499     0.2480   2.896222   2.896049    313.105    309.742     0.1345     0.0227     0.1659    358.452   78.83024  -10.00076  24.115980    34.5008    34.5007 0.0000e+00
    194.000     0.2660     0.2659   2.898031   2.897939    313.748    309.928     0.1342     0.0232     0.1655    359.495   78.83022  -10.00076  23.508503    34.5060    34.5050 0.0000e+00
    195.000     0.2853     0.2846   2.900233   2.900099    313.898    309.632     0.1340     0.0294     0.1649    360.545   78.83022  -10.00077  23.228933    34.5127    34.5117 0.0000e+00
    196.000     0.3036     0.3037   2.902350   2.902302    312.178    309.002     0.1337     0.0178     0.1653    361.602   78.83022  -10.00078  23.697737    34.5195    34.5187 0.0000e+00
    197.000     0.3091     0.3095   2.903031   2.902984    311.150    308.501     0.1335     0.0213     0.1646    362.665   78.83022  -10.00078  24.196669    34.5216    34.5206 0.0000e+00
    198.000     0.3127     0.3128   2.903493   2.903400    310.898    308.189     0.1332     0.0225     0.1648    363.725   78.83022  -10.00078  24.378619    34.5231    34.5218 0.0000e+00
    199.000     0.3166     0.3166   2.903980   2.903902    311.192    308.075     0.1329     0.0176     0.1654    364.785   78.83022  -10.00078  24.055830    34.5245    34.5235 0.0000e+00
    200.000     0.3288     0.3285   2.905358   2.905223    311.426    307.792     0.1326     0.0214     0.1665    365.844   78.83021  -10.00078  23.912393    34.5283    34.5269 0.0000e+00
    201.000     0.3428     0.3422   2.906927   2.906811    311.717    307.767     0.1323     0.0232     0.1651    366.897   78.83020  -10.00078  24.161275    34.5326    34.5318 0.0000e+00
    202.000     0.3592     0.3584   2.908767   2.908600    311.767    307.785     0.1320     0.0277     0.1654    367.942   78.83020  -10.00079  24.247276    34.5378    34.5365 0.0000e+00
    203.000     0.3810     0.3799   2.911210   2.911044    311.452    307.438     0.1317     0.0194     0.1661    368.987   78.83020  -10.00080  24.148268    34.5448    34.5439 0.0000e+00
    204.000     0.3985     0.3981   2.913145   2.913027    311.909    307.479     0.1314     0.0154     0.1675    370.033   78.83020  -10.00080  24.387049    34.5500    34.5489 0.0000e+00
    205.000     0.4102     0.4100   2.914472   2.914384    311.553    307.505     0.1312     0.0204     0.1730    371.083   78.83020  -10.00080  23.913535    34.5537    34.5527 0.0000e+00
    206.000     0.4169     0.4167   2.915251   2.915134    311.133    307.415     0.1309     0.0223     0.1691    372.137   78.83020  -10.00080  24.122612    34.5557    34.5545 0.0000e+00
    207.000     0.4301     0.4295   2.916711   2.916579    310.284    306.666     0.1306     0.0191     0.1691    373.188   78.83020  -10.00080  24.450969    34.5595    34.5584 0.0000e+00
    208.000     0.4480     0.4464   2.918695   2.918484    309.987    306.060     0.1303     0.0158     0.1707    374.247   78.83020  -10.00082  24.720020    34.5649    34.5638 0.0000e+00
    209.000     0.4991     0.4963   2.924132   2.923894    309.344    305.844     0.1300     0.0236     0.1716    375.303   78.83020  -10.00082  24.667285    34.5781    34.5781 0.0000e+00
    210.000     0.5480     0.5471   2.929172   2.929065    309.631    305.651     0.1297     0.0307     0.1727    376.361   78.83020  -10.00082  24.569373    34.5886    34.5883 0.0000e+00
    211.000     0.5709     0.5707   2.931764   2.931649    310.327    305.909     0.1294     0.0241     0.1740    377.414   78.83018  -10.00082  24.367249    34.5963    34.5949 0.0000e+00
    212.000     0.5861     0.5856   2.933510   2.933378    309.672    305.586     0.1291     0.0184     0.1745    378.467   78.83018  -10.00082  24.407293    34.6014    34.6003 0.0000e+00
    213.000     0.6022     0.6014   2.935310   2.935157    308.219    305.535     0.1288     0.0259     0.1750    379.540   78.83018  -10.00082  24.637003    34.6063    34.6052 0.0000e+00
    214.000     0.6258     0.6248   2.937884   2.937741    308.496    305.984     0.1285     0.0249     0.1762    380.599   78.83018  -10.00083  24.028129    34.6129    34.6121 0.0000e+00
    215.000     0.6672     0.6648   2.942427   2.942194    309.045    306.152     0.1282     0.0167     0.1767    381.654   78.83018  -10.00084  24.069687    34.6251    34.6248 0.0000e+00
    216.000     0.7089     0.7077   2.947034   2.946871    309.770    306.170     0.1279     0.0144     0.1752    382.707   78.83018  -10.00084  24.060060    34.6379    34.6370 0.0000e+00
    217.000     0.7292     0.7287   2.949366   2.949236    310.872    306.824     0.1276     0.0111     0.1745    383.760   78.83017  -10.00084  24.523173    34.6449    34.6438 0.0000e+00
    218.000     0.7452     0.7450   2.951335   2.951218    310.114    306.535     0.1273     0.0184     0.1749    384.811   78.83016  -10.00084  23.858870    34.6520    34.6507 0.0000e+00
    219.000     0.7539     0.7525   2.952616   2.952390    308.852    306.074     0.1270     0.0237     0.1744    385.855   78.83016  -10.00084  23.615677    34.6583    34.6570 0.0000e+00
    220.000     0.7679     0.7680   2.954199   2.954100    307.768    305.724     0.1268     0.0227     0.1731    386.900   78.83016  -10.00085  24.056470    34.6627    34.6613 0.0000e+00
    221.000     0.7821     0.7803   2.955633   2.955389    307.070    304.929     0.1265     0.0175     0.1724    387.936   78.83016  -10.00086  24.567095    34.6648    34.6636 0.0000e+00
    222.000     0.7914     0.7891   2.956591   2.956312    306.475    303.937     0.1262     0.0234     0.1724    388.978   78.83016  -10.00086  24.763919    34.6663    34.6652 0.0000e+00
    223.000     0.8124     0.8118   2.958834   2.958691    305.844    302.839     0.1260     0.0231     0.1724    390.026   78.83016  -10.00086  24.434599    34.6713    34.6701 0.0000e+00
    224.000     0.8246     0.8241   2.960123   2.960008    306.181    302.935     0.1257     0.0167     0.1737    391.074   78.83016  -10.00086  23.962844    34.6737    34.6729 0.0000e+00
    225.000     0.8493     0.8475   2.962727   2.962549    306.985    303.404     0.1255     0.0097     0.1740    392.132   78.83016  -10.00086  24.268704    34.6793    34.6790 0.0000e+00
    226.000     0.8908     0.8897   2.967249   2.967083    307.216    303.885     0.1253     0.0015     0.1742    393.187   78.83016  -10.00086  24.736854    34.6910    34.6900 0.0000e+00
    227.000     0.9203     0.9184   2.970577   2.970339    308.395    304.837     0.1250     0.0012     0.1741    394.248   78.83016  -10.00088  24.409408    34.7004    34.6995 0.0000e+00
    228.000     0.9336     0.9330   2.972128   2.971984    309.520    305.755     0.1248     0.0128     0.1740    395.303   78.83014  -10.00088  24.155370    34.7051    34.7039 0.0000e+00
    229.000     0.9587     0.9579   2.975091   2.974940    309.253    306.081     0.1246     0.0109     0.1730    396.348   78.83014  -10.00088  24.123722    34.7148    34.7137 0.0000e+00
    230.000     0.9716     0.9714   2.976742   2.976641    308.785    306.205     0.1244     0.0096     0.1733    397.383   78.83014  -10.00088  24.510937    34.7211    34.7200 0.0000e+00
    231.000     0.9901     0.9895   2.978764   2.978626    308.869    306.063     0.1243     0.0096     0.1734    398.411   78.83014  -10.00088  24.505798    34.7261    34.7249 0.0000e+00
    232.000     0.9993     0.9991   2.979798   2.979681    308.776    305.321     0.1241     0.0142     0.1739    399.447   78.83014  -10.00088  24.618186    34.7286    34.7272 0.0000e+00
    233.000     1.0112     1.0109   2.981177   2.981062    308.007    304.797     0.1240     0.0123     0.1860    400.489   78.83014  -10.00088  24.741582    34.7325    34.7313 0.0000e+00
    234.000     1.0260     1.0258   2.982888   2.982782    307.762    304.654     0.1238     0.0132     0.1916    401.541   78.83014  -10.00090  24.602756    34.7375    34.7363 0.0000e+00
    235.000     1.0359     1.0359   2.984148   2.984041    307.761    304.730     0.1237     0.0121     0.1742    402.599   78.83014  -10.00090  24.544922    34.7420    34.7407 0.0000e+00
    236.000     1.0523     1.0523   2.985883   2.985816    307.844    304.650     0.1236     0.0058     0.1756    403.661   78.83014  -10.00090  24.455291    34.7455    34.7447 0.0000e+00
    237.000     1.0657     1.0657   2.987395   2.987305    307.884    304.391     0.1235     0.0088     0.1757    404.727   78.83014  -10.00090  24.652962    34.7495    34.7483 0.0000e+00
    238.000     1.0734     1.0735   2.988360   2.988234    307.984    304.315     0.1234     0.0134     0.1757    405.788   78.83013  -10.00090  24.002944    34.7527    34.7510 0.0000e+00
    239.000     1.0755     1.0758   2.988637   2.988557    308.381    304.373     0.1233     0.0124     0.1765    406.834   78.83012  -10.00091  25.384706    34.7533    34.7520 0.0000e+00
    240.000     1.0797     1.0800   2.989153   2.989074    308.353    304.385     0.1232     0.0165     0.1766    407.877   78.83012  -10.00092  25.410534    34.7547    34.7533 0.0000e+00
    241.000     1.0772     1.0771   2.989018   2.988873    308.438    304.508     0.1232     0.0164     0.1765    408.913   78.83012  -10.00092  24.667344    34.7552    34.7535 0.0000e+00
    242.000     1.0682     1.0697   2.988271   2.988278    308.781    304.540     0.1232     0.0120     0.1783    409.946   78.83012  -10.00092  24.733957    34.7550    34.7534 0.0000e+00
    243.000     1.0610     1.0614   2.987727   2.987639    308.886    304.435     0.1231     0.0038     0.1786    410.978   78.83012  -10.00092  25.093964    34.7555    34.7539 0.0000e+00
    244.000     1.0632     1.0632   2.988071   2.987970    308.768    304.414     0.1231     0.0120     0.1787    412.014   78.83012  -10.00092  25.048464    34.7568    34.7555 0.0000e+00
    245.000     1.0641     1.0644   2.988248   2.988175    309.073    303.989     0.1231     0.0216     0.1788    413.057   78.83010  -10.00092  24.856505    34.7575    34.7563 0.0000e+00
    246.000     1.0711     1.0713   2.989085   2.989019    309.377    303.640     0.1231     0.0108     0.1793    414.109   78.83010  -10.00094  25.473936    34.7599    34.7588 0.0000e+00
    247.000     1.0447     1.0443   2.986970   2.986751    309.910    303.793     0.1231     0.0158     0.1801    415.164   78.83010  -10.00094  25.289446    34.7615    34.7592 0.0000e+00
    248.000     1.0401     1.0404   2.986592   2.986512    309.587    303.856     0.1230     0.0108     0.1808    416.210   78.83010  -10.00094  24.232866    34.7612    34.7598 0.0000e+00
    249.000     1.0413     1.0416   2.986788   2.986709    308.356    303.450     0.1230     0.0220     0.1809    417.254   78.83010  -10.00094  25.013376    34.7617    34.7604 0.0000e+00
    250.000     1.0463     1.0462   2.987346   2.987259    308.422    302.900     0.1230     0.0110     0.1804    418.289   78.83010  -10.00094  24.959470    34.7629    34.7618 0.0000e+00
    251.000     1.0560     1.0559   2.988444   2.988355    308.578    302.528     0.1229     0.0156     0.1820    419.327   78.83010  -10.00094  24.747261    34.7655    34.7645 0.0000e+00
    252.000     1.0657     1.0658   2.989591   2.989513    308.704    302.229     0.1229     0.0166     0.1837    420.370   78.83010  -10.00096  24.814473    34.7690    34.7678 0.0000e+00
    253.000     1.0511     1.0515   2.988492   2.988430    308.970    302.471     0.1228     0.0111     0.1853    421.410   78.83010  -10.00096  24.889526    34.7704    34.7692 0.0000e+00
    254.000     1.0699     1.0713   2.990364   2.990443    308.049    302.266     0.1227     0.0150     0.1866    422.443   78.83010  -10.00096  24.879929    34.7730    34.7725 0.0000e+00
    255.000     1.0785     1.0792   2.991286   2.991271    307.738    302.599     0.1227     0.0115     0.1887    423.483   78.83010  -10.00096  24.976941    34.7747    34.7738 0.0000e+00
    256.000     1.0826     1.0814   2.991778   2.991568    308.293    302.809     0.1226     0.0049     0.1898    424.515   78.83008  -10.00096  25.160656    34.7758    34.7745 0.0000e+00
    257.000     1.0859     1.0859   2.992187   2.992098    308.146    302.770     0.1225     0.0067     0.1912    425.546   78.83008  -10.00096  24.665061    34.7769    34.7757 0.0000e+00
