test_project/cnv_files/sta0240_bin.cnv
* Sea-Bird SBE 9 Data File:
* FileName = C:\Seabird\CTDDATA\Sta0240.hex
* Software Version Seasave V 7.26.7.107
* Temperature SN = 03-4535
* Conductivity SN = 2860
* Number of Bytes Per Scan = 44
* Number of Voltage Words = 5
* Number of Scans Averaged by the Deck Unit = 1
* NMEA Latitude = 78 49.99 N
* NMEA Longitude = 000 59.93 E
* NMEA UTC (Time) = Sep 13 2019 23:28:06
* NMEA baud rate = 9600
** Ship: "Kronprins Haakon"
** Station: 0240
** Echodepth: 2434
** Log: 6439.402
** Wind-Dir Force(m/s): 13 12
** Air-temp (dry): 4.8
** Weather Sky: 4 9
** Sea Ice: 4 0
# nquan = 16
# nvalues = 2464                        
# units = specified
# name 0 = prDM: Pressure, Digiquartz [db]
# name 1 = t090C: Temperature [ITS-90, deg C]
# name 2 = t190C: Temperature, 2 [ITS-90, deg C]
# name 3 = c0S/m: Conductivity [S/m]
# name 4 = c1S/m: Conductivity, 2 [S/m]
# name 5 = sbox0Mm/Kg: Oxygen, SBE 43 [umol/kg]
# name 6 = sbox1Mm/Kg: Oxygen, SBE 43, 2 [umol/kg]
# name 7 = wetCDOM: Fluorescence, WET Labs CDOM [mg/m^3]
# name 8 = flECO-AFL: Fluorescence, WET Labs ECO-AFL/FL [mg/m^3]
# name 9 = CStarAt0: Beam Attenuation, WET Labs C-Star [1/m]
# name 10 = timeS: Time, Elapsed [seconds]
# name 11 = latitude: Latitude [deg]
# name 12 = longitude: Longitude [deg]
# name 13 = sal00: Salinity, Practical [PSU]
# name 14 = sal11: Salinity, Practical, 2 [PSU]
# name 15 = flag: flag
# span 0 =      2.000,   2465.000       
# span 1 =    -0.7424,     5.3237       
# span 2 =    -0.7421,     5.3232       
# span 3 =   2.910989,   3.368689       
# span 4 =   2.911033,   3.368609       
# span 5 =    304.014,    336.702       
# span 6 =    299.181,    326.243       
# span 7 =     0.0981,     0.1334       
# span 8 =    -0.0052,     2.3774       
# span 9 =     0.1221,     0.5041       
# span 10 =    152.110,   2558.327      
# span 11 =   78.83328,   78.83332      
# span 12 =    0.99898,    0.99912      
# span 13 =    34.1359,    35.0296      
# span 14 =    34.1338,    35.0294      
# span 15 = 0.0000e+00, 0.0000e+00      
# interval = decibars: 1                
# start_time = Sep 13 2019 23:28:06 [NMEA time, header]
# bad_flag = -9.990e-29
*END*
[from data line 2441]
   2443.000    -0.7343    -0.7339   2.940113   2.940209    306.960    300.748     0.1224     0.0069     0.1326   2527.519   78.83330    0.99908    34.9259    34.9268 0.0000e+00
   2444.000    -0.7344    -0.7339   2.940140   2.940245    306.178    300.682     0.1202     0.0021     0.1327   2528.549   78.83330    0.99909    34.9259    34.9267 0.0000e+00
   2445.000    -0.7344    -0.7340   2.940177   2.940276    306.662    300.788     0.1175     0.0034     0.1329   2529.581   78.83330    0.99910    34.9259    34.9268 0.0000e+00
   2446.000    -0.7344    -0.7340   2.940222   2.940327    306.596    300.599     0.1144     0.0094     0.1326   2530.617   78.83330    0.99909    34.9259    34.9269 0.0000e+00
   2447.000    -0.7343    -0.7339   2.940266   2.940373    306.986    300.898     0.1115     0.0096     0.1326   2531.661   78.83330    0.99908    34.9260    34.9269 0.0000e+00
   2448.000    -0.7341    -0.7338   2.940315   2.940421    306.817    301.025     0.1092     0.0096     0.1329   2532.713   78.83330    0.99908    34.9259    34.9269 0.0000e+00
   2449.000    -0.7342    -0.7338   2.940360   2.940460    306.669    301.038     0.1080     0.0089     0.1331   2533.758   78.83330    0.99908    34.9260    34.9269 0.0000e+00
   2450.000    -0.7342    -0.7338   2.940394   2.940503    306.742    300.836     0.1081     0.0027     0.1326   2534.783   78.83330    0.99908    34.9260    34.9270 0.0000e+00
   2451.000    -0.7342    -0.7337   2.940444   2.940551    306.963    300.594     0.1095     0.0088     0.1331   2535.785   78.83330    0.99908    34.9260    34.9270 0.0000e+00
   2452.000    -0.7342    -0.7337   2.940486   2.940587    306.572    300.823     0.1119     0.0095     0.1326   2536.787   78.83330    0.99908    34.9261    34.9269 0.0000e+00
   2453.000    -0.7340    -0.7336   2.940526   2.940634    306.587    301.196     0.1151     0.0036     0.1327   2537.800   78.83330    0.99908    34.9259    34.9269 0.0000e+00
   2454.000    -0.7340    -0.7335   2.940571   2.940676    306.550    300.514     0.1186     0.0119     0.1327   2538.832   78.83330    0.99908    34.9259    34.9268 0.0000e+00
   2455.000    -0.7338    -0.7334   2.940624   2.940730    307.094    300.837     0.1219     0.0063     0.1327   2539.889   78.83330    0.99908    34.9260    34.9269 0.0000e+00
   2456.000    -0.7337    -0.7333   2.940673   2.940781    306.278    300.943     0.1248     0.0016     0.1329   2540.946   78.83330    0.99908    34.9260    34.9269 0.0000e+00
   2457.000    -0.7336    -0.7332   2.940719   2.940827    306.880    301.075     0.1270     0.0060     0.1334   2541.993   78.83330    0.99908    34.9260    34.9269 0.0000e+00
   2458.000    -0.7335    -0.7331   2.940765   2.940869    306.709    300.937     0.1284     0.0051     0.1330   2543.017   78.83330    0.99908    34.9260    34.9268 0.0000e+00
   2459.000    -0.7335    -0.7331   2.940802   2.940915    306.468    300.673     0.1292     0.0055     0.1328   2544.028   78.83330    0.99908    34.9259    34.9269 0.0000e+00
   2460.000    -0.7335    -0.7331   2.940845   2.940951    306.579    300.852     0.1297     0.0094     0.1328   2545.046   78.83330    0.99908    34.9260    34.9269 0.0000e+00
   2461.000    -0.7334    -0.7331   2.940885   2.940996    306.714    300.591     0.1313     0.0054     0.1333   2546.232   78.83330    0.99908    34.9259    34.9269 0.0000e+00
   2462.000    -0.7332    -0.7329   2.940933   2.941039    305.296    300.871     0.1271     0.0054     0.1333   2549.639   78.83330    0.99907    34.9257    34.9268 0.0000e+00
   2463.000    -0.7331    -0.7328   2.940982   2.941087    304.014    301.200     0.1259     0.0048     0.1330   2554.844   78.83330    0.99906    34.9257    34.9268 0.0000e+00
   2464.000    -0.7333    -0.7329   2.941018   2.941116    304.779    300.981     0.1290     0.0092     0.1331   2556.242   78.83330    0.99906    34.9259    34.9268 0.0000e+00
   2465.000    -0.7332    -0.7330   2.941051   2.941150    306.461    301.215     0.1334     0.0082     0.1333   2558.327   78.83330    0.99907    34.9258    34.9268 0.0000e+00
