test_project/cnv_files/Sta0225_bin.cnv
* Sea-Bird SBE 9 Data File:
* FileName = C:\Seabird\CTDDATA\Sta0225.hex
* Software Version Seasave V 7.26.7.107
* Temperature SN = 03-4535
* Conductivity SN = 2860
* Number of Bytes Per Scan = 44
* Number of Voltage Words = 5
* Number of Scans Averaged by the Deck Unit = 1
* NMEA Latitude = 78 05.62 N
* NMEA Longitude = 016 12.55 W
* NMEA UTC (Time) = Sep 08 2019 04:40:02
* NMEA baud rate = 9600
** Ship: "Kronprins Haakon"
** Station: 0225
** Echodepth: 482
** Log: 6070.74
** Wind-Dir Force(m/s): 30 05
** Air-temp (dry): -2.5
** Weather Sky: 0 1
** Sea Ice: 0 4
# nquan = 17
# nvalues = 470                         
# units = specified
# name 0 = prDM: Pressure, Digiquartz [db]
# name 1 = t090C: Temperature [ITS-90, deg C]
# name 2 = t190C: Temperature, 2 [ITS-90, deg C]
# name 3 = c0S/m: Conductivity [S/m]
# name 4 = c1S/m: Conductivity, 2 [S/m]
# name 5 = sbox0Mm/Kg: Oxygen, SBE 43 [umol/kg]
# name 6 = sbox1Mm/Kg: Oxygen, SBE 43, 2 [umol/kg]
# name 7 = wetCDOM: Fluorescence, WET Labs CDOM [mg/m^3]
# name 8 = flECO-AFL: Fluorescence, WET Labs ECO-AFL/FL [mg/m^3]
# name 9 = CStarAt0: Beam Attenuation, WET Labs C-Star [1/m]
# name 10 = timeS: Time, Elapsed [seconds]
# name 11 = latitude: Latitude [deg]
# name 12 = longitude: Longitude [deg]
# name 13 = upoly0: Upoly 0, ISUS
# name 14 = sal00: Salinity, Practical [PSU]
# name 15 = sal11: Salinity, Practical, 2 [PSU]
# name 16 = flag: flag
# span 0 =      2.000,    471.000       
# span 1 =    -1.6520,     1.7649       
# span 2 =    -1.6521,     1.7651       
# span 3 =   2.442149,   3.062241       
# span 4 =   2.443882,   3.062197       
# span 5 =    305.410,    425.576       
# span 6 =    299.870,    415.762       
# span 7 =     0.0991,     0.1779       
# span 8 =    -0.0020,     2.0435       
# span 9 =     0.1298,     0.3230       
# span 10 =    362.389,    884.681      
# span 11 =   78.09354,   78.09385      
# span 12 =  -16.20932,  -16.20874      
# span 13 = -5.0962125, -5.0962125      
# span 14 =    29.7206,    34.9099      
# span 15 =    29.7284,    34.9097      
# span 16 = 0.0000e+00, 0.0000e+00      
# interval = decibars: 1                
# start_time = Sep 08 2019 04:40:02 [NMEA time, header]
# bad_flag = -9.990e-29
*END*
[from data line 171]
    173.000     0.2882     0.2885   2.894213   2.894118    312.539    311.243     0.1169     0.0125     0.1314    590.655   78.09364  -16.20886 -5.0962125    34.4436    34.4420 0.0000e+00
    174.000     0.2878     0.2882   2.894472   2.894386    312.340    310.505     0.1165     0.0195     0.1317    591.638   78.09364  -16.20886 -5.0962125    34.4468    34.4452 0.0000e+00
    175.000     0.2693     0.2711   2.893266   2.893193    313.119    310.788     0.1163     0.0199     0.1322    592.620   78.09364  -16.20886 -5.0962125    34.4511    34.4481 0.0000e+00
    176.000     0.2629     0.2626   2.893116   2.893032    313.638    310.863     0.1160     0.0167     0.1330    593.597   78.09364  -16.20886 -5.0962125    34.4557    34.4549 0.0000e+00
    177.000     0.2860     0.2842   2.895579   2.895396    313.670    310.452     0.1158     0.0187     0.1336    594.574   78.09364  -16.20887 -5.0962125    34.4616    34.4613 0.0000e+00
    178.000     0.3410     0.3380   2.901107   2.900906    314.982    310.276     0.1156     0.0220     0.1333    595.555   78.09364  -16.20888 -5.0962125    34.4721    34.4728 0.0000e+00
    179.000     0.4126     0.4101   2.908200   2.908026    317.130    310.351     0.1154     0.0177     0.1330    596.537   78.09364  -16.20888 -5.0962125    34.4843    34.4849 0.0000e+00
    180.000     0.4496     0.4491   2.911921   2.911810    318.673    310.928     0.1153     0.0231     0.1319    597.514   78.09364  -16.20888 -5.0962125    34.4911    34.4902 0.0000e+00
    181.000     0.4623     0.4622   2.913654   2.913553    318.269    311.299     0.1151     0.0164     0.1319    598.494   78.09364  -16.20888 -5.0962125    34.4989    34.4978 0.0000e+00
    182.000     0.5024     0.5010   2.917795   2.917654    314.822    310.513     0.1150     0.0106     0.1325    599.474   78.09362  -16.20888 -5.0962125    34.5078    34.5074 0.0000e+00
    183.000     0.5339     0.5335   2.920952   2.920881    311.701    309.272     0.1150     0.0097     0.1326    600.450   78.09362  -16.20888 -5.0962125    34.5132    34.5127 0.0000e+00
    184.000     0.5483     0.5485   2.922441   2.922331    311.417    309.115     0.1150     0.0191     0.1337    601.428   78.09362  -16.20888 -5.0962125    34.5159    34.5143 0.0000e+00
    185.000     0.5535     0.5535   2.923053   2.922957    311.363    309.080     0.1150     0.0160     0.1347    602.407   78.09362  -16.20888 -5.0962125    34.5176    34.5163 0.0000e+00
    186.000     0.5673     0.5671   2.924870   2.924770    310.735    308.519     0.1151     0.0097     0.1352    603.387   78.09362  -16.20888 -5.0962125    34.5252    34.5241 0.0000e+00
    187.000     0.5699     0.5701   2.925392   2.925313    310.748    308.254     0.1152     0.0067     0.1365    604.368   78.09362  -16.20888 -5.0962125    34.5285    34.5273 0.0000e+00
    188.000     0.5877     0.5877   2.927363   2.927291    311.127    307.659     0.1154     0.0034     0.1371    605.348   78.09362  -16.20888 -5.0962125    34.5338    34.5329 0.0000e+00
    189.000     0.5932     0.5933   2.928015   2.927923    311.420    307.350     0.1157     0.0094     0.1379    606.327   78.09362  -16.20890 -5.0962125    34.5356    34.5342 0.0000e+00
    190.000     0.6046     0.6045   2.929281   2.929190    312.047    307.266     0.1160     0.0107     0.1388    607.312   78.09362  -16.20890 -5.0962125    34.5388    34.5377 0.0000e+00
    191.000     0.5863     0.5863   2.927770   2.927546    312.437    307.641     0.1163     0.0222     0.1394    608.291   78.09362  -16.20890 -5.0962125    34.5388    34.5359 0.0000e+00
    192.000     0.5710     0.5710   2.926751   2.926652    312.138    307.444     0.1167     0.0241     0.1395    609.272   78.09362  -16.20890 -5.0962125    34.5421    34.5408 0.0000e+00
    193.000     0.5803     0.5800   2.927746   2.927916    311.417    306.914     0.1170     0.0183     0.1395    610.248   78.09362  -16.20890 -5.0962125    34.5441    34.5466 0.0000e+00
    194.000     0.6211     0.6192   2.932378   2.932173    311.394    306.673     0.1174     0.0117     0.1390    611.224   78.09362  -16.20890 -5.0962125    34.5582    34.5577 0.0000e+00
    195.000     0.6406     0.6406   2.934495   2.934425    312.894    306.868     0.1178     0.0096     0.1387    612.202   78.09362  -16.20890 -5.0962125    34.5635    34.5626 0.0000e+00
    196.000     0.6581     0.6576   2.936613   2.936523    313.931    307.202     0.1182     0.0096     0.1373    613.180   78.09362  -16.20890 -5.0962125    34.5709    34.5703 0.0000e+00
    197.000     0.6838     0.6833   2.939459   2.939371    313.466    306.866     0.1186     0.0116     0.1358    614.156   78.09362  -16.20890 -5.0962125    34.5787    34.5781 0.0000e+00
    198.000     0.7200     0.7189   2.943067   2.942975    312.412    306.573     0.1189     0.0134     0.1346    615.135   78.09362  -16.20892 -5.0962125    34.5846    34.5846 0.0000e+00
    199.000     0.7344     0.7346   2.944632   2.944571    311.912    306.656     0.1192     0.0033     0.1346    616.114   78.09362  -16.20892 -5.0962125    34.5882    34.5872 0.0000e+00
    200.000     0.7497     0.7496   2.946432   2.946353    310.649    306.636     0.1194     0.0152     0.1361    617.095   78.09362  -16.20892 -5.0962125    34.5939    34.5931 0.0000e+00
    201.000     0.7572     0.7573   2.947337   2.947240    310.177    306.333     0.1196     0.0097     0.1359    618.074   78.09362  -16.20892 -5.0962125    34.5968    34.5954 0.0000e+00
    202.000     0.7610     0.7611   2.947771   2.947690    309.888    305.976     0.1197     0.0028     0.1366    619.053   78.09362  -16.20892 -5.0962125    34.5975    34.5964 0.0000e+00
    203.000     0.7619     0.7620   2.947923   2.947840    310.028    305.868     0.1198     0.0072     0.1376    620.034   78.09362  -16.20892 -5.0962125    34.5980    34.5967 0.0000e+00
    204.000     0.7604     0.7608   2.947837   2.947771    310.216    305.452     0.1198     0.0141     0.1386    621.010   78.09362  -16.20892 -5.0962125    34.5979    34.5967 0.0000e+00
    205.000     0.7573     0.7577   2.947611   2.947544    309.987    305.402     0.1198     0.0167     0.1388    621.993   78.09362  -16.20892 -5.0962125    34.5978    34.5966 0.0000e+00
    206.000     0.7552     0.7554   2.947490   2.947422    310.457    305.358     0.1198     0.0167     0.1390    622.970   78.09362  -16.20892 -5.0962125    34.5980    34.5969 0.0000e+00
    207.000     0.7570     0.7570   2.947780   2.947699    311.028    305.529     0.1198     0.0115     0.1390    623.950   78.09362  -16.20892 -5.0962125    34.5992    34.5981 0.0000e+00
    208.000     0.7742     0.7736   2.949824   2.949738    311.130    305.395     0.1199     0.0039     0.1394    624.927   78.09362  -16.20892 -5.0962125    34.6059    34.6055 0.0000e+00
    209.000     0.7972     0.7966   2.952567   2.952501    311.323    305.119     0.1199     0.0110     0.1397    625.905   78.09362  -16.20893 -5.0962125    34.6152    34.6151 0.0000e+00
    210.000     0.8240     0.8235   2.955541   2.955464    312.133    305.616     0.1199     0.0227     0.1391    626.878   78.09362  -16.20894 -5.0962125    34.6234    34.6230 0.0000e+00
    211.000     0.8379     0.8379   2.957064   2.956979    311.760    305.911     0.1199     0.0110     0.1385    627.857   78.09362  -16.20894 -5.0962125    34.6270    34.6259 0.0000e+00
    212.000     0.8423     0.8423   2.957616   2.957549    311.619    305.870     0.1200     0.0096     0.1380    628.836   78.09362  -16.20894 -5.0962125    34.6287    34.6278 0.0000e+00
    213.000     0.8500     0.8499   2.958562   2.958480    310.843    305.243     0.1200     0.0141     0.1370    629.814   78.09362  -16.20894 -5.0962125    34.6317    34.6307 0.0000e+00
    214.000     0.8638     0.8630   2.960093   2.960017    310.402    304.774     0.1201     0.0071     0.1365    630.791   78.09362  -16.20894 -5.0962125    34.6356    34.6355 0.0000e+00
    215.000     0.8870     0.8866   2.962781   2.962712    310.222    304.832     0.1201     0.0057     0.1364    631.769   78.09362  -16.20894 -5.0962125    34.6439    34.6434 0.0000e+00
    216.000     0.8895     0.8901   2.963285   2.963227    311.012    305.499     0.1202     0.0122     0.1369    632.749   78.09362  -16.20894 -5.0962125    34.6470    34.6457 0.0000e+00
    217.000     0.8888     0.8887   2.963525   2.963453    310.909    304.842     0.1202     0.0144     0.1374    633.730   78.09362  -16.20894 -5.0962125    34.6503    34.6495 0.0000e+00
    218.000     0.9048     0.9043   2.965316   2.965244    310.301    304.027     0.1202     0.0121     0.1378    634.710   78.09362  -16.20894 -5.0962125    34.6551    34.6547 0.0000e+00
    219.000     0.9218     0.9214   2.967264   2.967170    309.816    303.988     0.1202     0.0225     0.1381    635.687   78.09362  -16.20895 -5.0962125    34.6607    34.6600 0.0000e+00
    220.000     0.9281     0.9284   2.968047   2.967989    310.744    304.466     0.1202     0.0160     0.1379    636.667   78.09362  -16.20896 -5.0962125    34.6632    34.6622 0.0000e+00
    221.000     0.9318     0.9319   2.968515   2.968448    310.728    304.658     0.1202     0.0025     0.1372    637.646   78.09362  -16.20896 -5.0962125    34.6646    34.6637 0.0000e+00
    222.000     0.9446     0.9442   2.970019   2.969959    310.287    304.129     0.1202     0.0076     0.1365    638.623   78.09362  -16.20896 -5.0962125    34.6692    34.6689 0.0000e+00
    223.000     0.9598     0.9595   2.971739   2.971676    309.825    304.399     0.1201     0.0096     0.1357    639.601   78.09362  -16.20896 -5.0962125    34.6739    34.6734 0.0000e+00
    224.000     0.9806     0.9798   2.974122   2.974048    310.158    304.745     0.1200     0.0131     0.1345    640.578   78.09362  -16.20896 -5.0962125    34.6808    34.6808 0.0000e+00
    225.000     1.0082     1.0076   2.977287   2.977196    310.434    304.822     0.1199     0.0162     0.1336    641.558   78.09362  -16.20896 -5.0962125    34.6903    34.6898 0.0000e+00
    226.000     1.0203     1.0202   2.978685   2.978618    311.518    305.204     0.1198     0.0104     0.1330    642.533   78.09362  -16.20896 -5.0962125    34.6943    34.6935 0.0000e+00
    227.000     1.0306     1.0309   2.979858   2.979835    311.398    305.259     0.1197     0.0052     0.1326    643.509   78.09362  -16.20896 -5.0962125    34.6974    34.6968 0.0000e+00
    228.000     1.0505     1.0499   2.982078   2.982040    310.199    304.670     0.1196     0.0152     0.1328    644.487   78.09362  -16.20896 -5.0962125    34.7033    34.7034 0.0000e+00
    229.000     1.0619     1.0621   2.983385   2.983324    309.732    304.356     0.1194     0.0150     0.1327    645.466   78.09362  -16.20896 -5.0962125    34.7068    34.7058 0.0000e+00
    230.000     1.0646     1.0644   2.983742   2.983665    309.141    304.065     0.1193     0.0097     0.1326    646.445   78.09362  -16.20896 -5.0962125    34.7078    34.7070 0.0000e+00
    231.000     1.0818     1.0812   2.985659   2.985579    308.289    303.307     0.1192     0.0096     0.1325    647.424   78.09362  -16.20898 -5.0962125    34.7127    34.7124 0.0000e+00
    232.000     1.0914     1.0919   2.986892   2.986851    308.119    303.033     0.1191     0.0096     0.1325    648.402   78.09362  -16.20898 -5.0962125    34.7174    34.7163 0.0000e+00
    233.000     1.0874     1.0879   2.986636   2.986594    308.279    303.035     0.1190     0.0138     0.1325    649.383   78.09362  -16.20898 -5.0962125    34.7179    34.7168 0.0000e+00
    234.000     1.0846     1.0850   2.986500   2.986452    308.236    302.724     0.1190     0.0127     0.1325    650.363   78.09360  -16.20898 -5.0962125    34.7187    34.7176 0.0000e+00
    235.000     1.0841     1.0845   2.986654   2.986597    307.887    302.550     0.1189     0.0156     0.1325    651.343   78.09360  -16.20898 -5.0962125    34.7206    34.7195 0.0000e+00
    236.000     1.0870     1.0868   2.987148   2.987062    308.034    302.443     0.1189     0.0188     0.1330    652.323   78.09360  -16.20898 -5.0962125    34.7232    34.7223 0.0000e+00
    237.000     1.0897     1.0898   2.987493   2.987427    308.655    302.402     0.1188     0.0113     0.1336    653.301   78.09360  -16.20898 -5.0962125    34.7240    34.7231 0.0000e+00
    238.000     1.0887     1.0891   2.987495   2.987453    308.499    301.932     0.1188     0.0137     0.1340    654.278   78.09360  -16.20898 -5.0962125    34.7245    34.7235 0.0000e+00
    239.000     1.1246     1.1228   2.991166   2.991153    307.772    301.292     0.1188     0.0032     0.1355    655.254   78.09360  -16.20898 -5.0962125    34.7313    34.7330 0.0000e+00
    240.000     1.1778     1.1769   2.996555   2.996501    307.373    300.994     0.1188     0.0146     0.1363    656.231   78.09360  -16.20898 -5.0962125    34.7407    34.7410 0.0000e+00
    241.000     1.1990     1.1988   2.998745   2.998712    308.432    301.617     0.1187     0.0040     0.1366    657.210   78.09360  -16.20900 -5.0962125    34.7447    34.7444 0.0000e+00
    242.000     1.1967     1.1974   2.998778   2.998731    309.014    302.378     0.1187     0.0077     0.1374    658.186   78.09360  -16.20900 -5.0962125    34.7471    34.7456 0.0000e+00
    243.000     1.1927     1.1930   2.998605   2.998565    307.635    302.757     0.1186     0.0139     0.1369    659.161   78.09360  -16.20900 -5.0962125    34.7487    34.7478 0.0000e+00
    244.000     1.1892     1.1895   2.998577   2.998530    306.335    302.883     0.1186     0.0121     0.1361    660.141   78.09360  -16.20900 -5.0962125    34.7517    34.7507 0.0000e+00
    245.000     1.1855     1.1861   2.998413   2.998371    306.472    302.643     0.1185     0.0122     0.1357    661.123   78.09360  -16.20900 -5.0962125    34.7530    34.7518 0.0000e+00
    246.000     1.1731     1.1735   2.997372   2.997318    307.188    302.600     0.1184     0.0130     0.1357    662.102   78.09360  -16.20900 -5.0962125    34.7530    34.7517 0.0000e+00
    247.000     1.1642     1.1651   2.996646   2.996614    307.987    302.278     0.1183     0.0110     0.1360    663.082   78.09360  -16.20900 -5.0962125    34.7529    34.7515 0.0000e+00
    248.000     1.1557     1.1558   2.995918   2.995836    308.123    301.998     0.1182     0.0171     0.1369    664.060   78.09360  -16.20900 -5.0962125    34.7524    34.7512 0.0000e+00
    249.000     1.1508     1.1517   2.995533   2.995541    308.029    301.912     0.1181     0.0221     0.1382    665.038   78.09360  -16.20900 -5.0962125    34.7523    34.7515 0.0000e+00
    250.000     1.1447     1.1454   2.995045   2.995000    308.143    301.896     0.1179     0.0113     0.1392    666.019   78.09360  -16.20900 -5.0962125    34.7523    34.7509 0.0000e+00
    251.000     1.1287     1.1291   2.993670   2.993613    308.424    301.729     0.1178     0.0207     0.1402    666.994   78.09360  -16.20900 -5.0962125    34.7518    34.7506 0.0000e+00
    252.000     1.1356     1.1354   2.994436   2.994394    308.158    301.507     0.1177     0.0227     0.1413    667.973   78.09360  -16.20900 -5.0962125    34.7534    34.7531 0.0000e+00
    253.000     1.1375     1.1377   2.994750   2.994714    308.619    301.505     0.1176     0.0173     0.1425    668.951   78.09360  -16.20901 -5.0962125    34.7547    34.7541 0.0000e+00
    254.000     1.1502     1.1499   2.996258   2.996216    309.019    301.068     0.1175     0.0161     0.1433    669.927   78.09360  -16.20902 -5.0962125    34.7594    34.7592 0.0000e+00
    255.000     1.1443     1.1449   2.995950   2.995890    309.098    301.269     0.1173     0.0094     0.1440    670.903   78.09360  -16.20902 -5.0962125    34.7614    34.7600 0.0000e+00
    256.000     1.1376     1.1376   2.995515   2.995466    309.119    301.674     0.1172     0.0026     0.1459    671.883   78.09360  -16.20902 -5.0962125    34.7627    34.7620 0.0000e+00
