test_project/cnv_files/Sta0219_bin.cnv
* Sea-Bird SBE 9 Data File:
* FileName = C:\Seabird\CTDDATA\Sta0219.hex
* Software Version Seasave V 7.26.7.107
* Temperature SN = 03-4535
* Conductivity SN = 2860
* Number of Bytes Per Scan = 44
* Number of Voltage Words = 5
* Number of Scans Averaged by the Deck Unit = 1
* NMEA Latitude = 78 51.08 N
* NMEA Longitude = 014 27.29 W
* NMEA UTC (Time) = Sep 06 2019 08:54:08
* NMEA baud rate = 9600
** Ship: "Kronprins Haakon"
** Station: 0219
** Echodepth: 115
** Log: 5992.47
** Wind-Dir Force(m/s): 23 08
** Air-temp (dry): -1.2
** Weather Sky: 0 4
** Sea Ice: 1 3
# nquan = 17
# nvalues = 104                         
# units = specified
# name 0 = prDM: Pressure, Digiquartz [db]
# name 1 = t090C: Temperature [ITS-90, deg C]
# name 2 = t190C: Temperature, 2 [ITS-90, deg C]
# name 3 = c0S/m: Conductivity [S/m]
# name 4 = c1S/m: Conductivity, 2 [S/m]
# name 5 = sbox0Mm/Kg: Oxygen, SBE 43 [umol/kg]
# name 6 = sbox1Mm/Kg: Oxygen, SBE 43, 2 [umol/kg]
# name 7 = wetCDOM: Fluorescence, WET Labs CDOM [mg/m^3]
# name 8 = flECO-AFL: Fluorescence, WET Labs ECO-AFL/FL [mg/m^3]
# name 9 = CStarAt0: Beam Attenuation, WET Labs C-Star [1/m]
# name 10 = timeS: Time, Elapsed [seconds]
# name 11 = latitude: Latitude [deg]
# name 12 = longitude: Longitude [deg]
# name 13 = upoly0: Upoly 0, ISUS
# name 14 = sal00: Salinity, Practical [PSU]
# name 15 = sal11: Salinity, Practical, 2 [PSU]
# name 16 = flag: flag
# span 0 =      2.000,    105.000       
# span 1 =    -1.6048,    -0.9530       
# span 2 =    -1.6048,    -0.9501       
# span 3 =   2.408038,   2.602082       
# span 4 =   2.407891,   2.602221       
# span 5 =    373.857,    414.974       
# span 6 =    368.887,    407.737       
# span 7 =     0.1247,     0.1771       
# span 8 =     0.0547,     0.4266       
# span 9 =     0.1864,     0.2620       
# span 10 =    180.196,    295.349      
# span 11 =   78.85142,   78.85142      
# span 12 =  -14.45496,  -14.45494      
# span 13 =  12.949205,  18.418547      
# span 14 =    29.4057,    32.5476      
# span 15 =    29.4029,    32.5481      
# span 16 = 0.0000e+00, 0.0000e+00      
# interval = decibars: 1                
# start_time = Sep 06 2019 08:54:08 [NMEA time, header]
# bad_flag = -9.990e-29
*END*
[from data line 86]
     88.000    -1.6024    -1.6023   2.570470   2.570444    390.230    383.524     0.1715     0.1044     0.2079    271.562   78.85142  -14.45496  16.831267    32.2221    32.2216 0.0000e+00
     89.000    -1.6039    -1.6037   2.570827   2.570795    390.240    383.238     0.1717     0.1046     0.2065    272.616   78.85142  -14.45496  16.530581    32.2281    32.2274 0.0000e+00
     90.000    -1.6048    -1.6048   2.571245   2.571216    389.720    383.520     0.1719     0.1049     0.2049    273.668   78.85142  -14.45496  16.182868    32.2342    32.2337 0.0000e+00
     91.000    -1.5970    -1.5977   2.573389   2.573254    389.607    383.054     0.1721     0.0969     0.2033    274.721   78.85142  -14.45496  16.635496    32.2546    32.2536 0.0000e+00
     92.000    -1.5792    -1.5797   2.577832   2.577731    389.792    382.364     0.1723     0.0902     0.2027    275.771   78.85142  -14.45496  16.784703    32.2959    32.2951 0.0000e+00
     93.000    -1.5640    -1.5644   2.582020   2.581910    389.720    382.397     0.1725     0.0902     0.2025    276.818   78.85142  -14.45496  16.565408    32.3365    32.3354 0.0000e+00
     94.000    -1.5429    -1.5443   2.589194   2.588873    388.708    381.860     0.1725     0.0870     0.2012    277.866   78.85142  -14.45496  16.837646    32.4117    32.4088 0.0000e+00
     95.000    -1.5283    -1.5287   2.594952   2.594769    387.006    380.570     0.1726     0.0800     0.2005    278.906   78.85142  -14.45496  16.757749    32.4744    32.4723 0.0000e+00
     96.000    -1.5252    -1.5251   2.596209   2.596170    384.864    378.883     0.1727     0.0707     0.2006    279.943   78.85142  -14.45496  16.744236    32.4878    32.4870 0.0000e+00
     97.000    -1.5243    -1.5241   2.596679   2.596626    381.229    376.607     0.1729     0.0610     0.2013    280.977   78.85142  -14.45496  17.441387    32.4926    32.4917 0.0000e+00
     98.000    -1.5226    -1.5226   2.597400   2.597358    376.792    373.740     0.1731     0.0609     0.1995    282.018   78.85142  -14.45496  17.517637    32.5000    32.4995 0.0000e+00
     99.000    -1.5190    -1.5189   2.598867   2.598862    374.919    371.403     0.1733     0.0625     0.1968    283.062   78.85142  -14.45496  17.414181    32.5157    32.5155 0.0000e+00
    100.000    -1.5158    -1.5157   2.600113   2.600086    374.740    370.558     0.1736     0.0668     0.1946    284.115   78.85142  -14.45496  17.705537    32.5287    32.5282 0.0000e+00
    101.000    -1.5135    -1.5136   2.600931   2.600867    374.825    370.076     0.1737     0.0598     0.1925    285.176   78.85142  -14.45496  17.981933    32.5369    32.5361 0.0000e+00
    102.000    -1.5126    -1.5123   2.601303   2.601284    375.027    369.642     0.1739     0.0547     0.1906    286.241   78.85142  -14.45496  17.728921    32.5404    32.5399 0.0000e+00
    103.000    -1.5122    -1.5120   2.601467   2.601440    374.645    369.359     0.1744     0.0593     0.1896    287.313   78.85142  -14.45496  17.646802    32.5416    32.5410 0.0000e+00
    104.000    -1.5104    -1.5104   2.602082   2.602027    374.388    368.887     0.1757     0.0559     0.1887    288.523   78.85142  -14.45496  17.679281    32.5476    32.5468 0.0000e+00
    105.000    -1.5109    -1.5097   2.601962   2.602221    373.857    368.926     0.1771     0.0623     0.1864    295.349   78.85142  -14.45496  18.418547    32.5458    32.5481 0.0000e+00
