test_project/cnv_files/sta0244_bin.cnv
* Sea-Bird SBE 9 Data File:
* FileName = C:\Seabird\CTDDATA\Sta0244.hex
* Software Version Seasave V 7.26.7.107
* Temperature SN = 03-4535
* Conductivity SN = 2860
* Number of Bytes Per Scan = 44
* Number of Voltage Words = 5
* Number of Scans Averaged by the Deck Unit = 1
* NMEA Latitude = 78 49.98 N
* NMEA Longitude = 005 00.02 E
* NMEA UTC (Time) = Sep 14 2019 11:24:50
* NMEA baud rate = 9600
** Ship: "Kronprins Haakon"
** Station: 0244
** Echodepth: 2644
** Log: 6486.216
** Wind-Dir Force(m/s): 10 05
** Air-temp (dry): 5.6
** Weather Sky: 2 8
** Sea Ice: 4 0
# nquan = 16
# nvalues = 2690                        
# units = specified
# name 0 = prDM: Pressure, Digiquartz [db]
# name 1 = t090C: Temperature [ITS-90, deg C]
# name 2 = t190C: Temperature, 2 [ITS-90, deg C]
# name 3 = c0S/m: Conductivity [S/m]
# name 4 = c1S/m: Conductivity, 2 [S/m]
# name 5 = sbox0Mm/Kg: Oxygen, SBE 43 [umol/kg]
# name 6 = sbox1Mm/Kg: Oxygen, SBE 43, 2 [umol/kg]
# name 7 = wetCDOM: Fluorescence, WET Labs CDOM [mg/m^3]
# name 8 = flECO-AFL: Fluorescence, WET Labs ECO-AFL/FL [mg/m^3]
# name 9 = CStarAt0: Beam Attenuation, WET Labs C-Star [1/m]
# name 10 = timeS: Time, Elapsed [seconds]
# name 11 = latitude: Latitude [deg]
# name 12 = longitude: Longitude [deg]
# name 13 = sal00: Salinity, Practical [PSU]
# name 14 = sal11: Salinity, Practical, 2 [PSU]
# name 15 = flag: flag
# span 0 =      1.000,   2690.000       
# span 1 =    -0.7346,     5.5981       
# span 2 =    -0.7342,     5.5975       
# span 3 =   2.913073,   3.388876       
# span 4 =   2.913129,   3.388723       
# span 5 =    172.264,    394.565       
# span 6 =    299.460,    322.985       
# span 7 =     0.0903,     0.1269       
# span 8 =    -0.0058,     1.9790       
# span 9 =     0.1286,     0.4303       
# span 10 =    151.691,   2768.047      
# span 11 =   78.83300,   78.83306      
# span 12 =    5.00012,    5.00030      
# span 13 =    34.6294,    35.6464      
# span 14 =    34.6306,    35.0348      
# span 15 = 0.0000e+00, 0.0000e+00      
# interval = decibars: 1                
# start_time = Sep 14 2019 11:24:50 [NMEA time, header]
# bad_flag = -9.990e-29
*END*
[from data line 2260]
   2261.000    -0.7206    -0.7201   2.933738   2.933825    307.170    300.988     0.1212     0.0014     0.1334   2348.483   78.83302    5.00018    34.9213    34.9220 0.0000e+00
   2262.000    -0.7207    -0.7202   2.933779   2.933867    307.003    300.660     0.1209     0.0017     0.1336   2349.465   78.83302    5.00018    34.9215    34.9220 0.0000e+00
   2263.000    -0.7207    -0.7202   2.933819   2.933917    307.286    300.852     0.1207     0.0062     0.1335   2350.442   78.83302    5.00018    34.9215    34.9222 0.0000e+00
   2264.000    -0.7206    -0.7201   2.933863   2.933955    307.192    301.070     0.1204     0.0054     0.1331   2351.412   78.83302    5.00016    34.9214    34.9221 0.0000e+00
   2265.000    -0.7207    -0.7201   2.933901   2.933990    307.201    300.946     0.1202     0.0044     0.1331   2352.369   78.83302    5.00016    34.9215    34.9220 0.0000e+00
   2266.000    -0.7208    -0.7204   2.933934   2.934023    307.167    300.830     0.1200     0.0074     0.1334   2353.319   78.83302    5.00016    34.9216    34.9222 0.0000e+00
   2267.000    -0.7209    -0.7204   2.933969   2.934065    306.846    300.994     0.1198     0.0025     0.1335   2354.263   78.83302    5.00016    34.9215    34.9223 0.0000e+00
   2268.000    -0.7208    -0.7203   2.934013   2.934107    307.581    300.475     0.1196     0.0092     0.1336   2355.210   78.83302    5.00016    34.9215    34.9222 0.0000e+00
   2269.000    -0.7210    -0.7206   2.934034   2.934128    307.215    300.542     0.1194     0.0095     0.1335   2356.167   78.83302    5.00018    34.9215    34.9223 0.0000e+00
   2270.000    -0.7210    -0.7206   2.934070   2.934172    307.193    300.599     0.1193     0.0033     0.1328   2357.140   78.83302    5.00018    34.9215    34.9223 0.0000e+00
   2271.000    -0.7210    -0.7206   2.934111   2.934205    307.561    301.217     0.1191     0.0065     0.1330   2358.120   78.83302    5.00018    34.9215    34.9222 0.0000e+00
   2272.000    -0.7211    -0.7206   2.934152   2.934239    307.217    301.084     0.1190     0.0096     0.1331   2359.102   78.83302    5.00018    34.9216    34.9222 0.0000e+00
   2273.000    -0.7211    -0.7206   2.934190   2.934287    306.898    300.598     0.1189     0.0064     0.1328   2360.075   78.83302    5.00018    34.9216    34.9223 0.0000e+00
   2274.000    -0.7212    -0.7207   2.934223   2.934310    306.566    300.498     0.1189     0.0046     0.1332   2361.037   78.83302    5.00018    34.9216    34.9222 0.0000e+00
   2275.000    -0.7212    -0.7207   2.934263   2.934350    306.657    300.561     0.1188     0.0095     0.1334   2361.991   78.83302    5.00018    34.9216    34.9221 0.0000e+00
   2276.000    -0.7212    -0.7208   2.934298   2.934395    306.907    300.818     0.1187     0.0096     0.1335   2362.947   78.83302    5.00018    34.9216    34.9223 0.0000e+00
   2277.000    -0.7212    -0.7207   2.934339   2.934433    306.612    301.004     0.1187     0.0096     0.1330   2363.915   78.83302    5.00017    34.9216    34.9223 0.0000e+00
   2278.000    -0.7212    -0.7207   2.934389   2.934482    306.455    301.062     0.1186     0.0096     0.1332   2364.888   78.83302    5.00016    34.9217    34.9223 0.0000e+00
   2279.000    -0.7211    -0.7207   2.934426   2.934517    307.491    301.066     0.1186     0.0096     0.1330   2365.855   78.83302    5.00017    34.9216    34.9223 0.0000e+00
   2280.000    -0.7211    -0.7207   2.934480   2.934565    307.318    301.094     0.1186     0.0096     0.1331   2366.810   78.83302    5.00018    34.9217    34.9224 0.0000e+00
   2281.000    -0.7211    -0.7207   2.934513   2.934601    307.241    301.284     0.1186     0.0060     0.1330   2367.751   78.83302    5.00018    34.9216    34.9223 0.0000e+00
   2282.000    -0.7211    -0.7206   2.934559   2.934641    307.313    300.812     0.1186     0.0070     0.1333   2368.698   78.83302    5.00018    34.9217    34.9223 0.0000e+00
   2283.000    -0.7210    -0.7206   2.934603   2.934689    307.360    300.682     0.1186     0.0132     0.1329   2369.662   78.83302    5.00018    34.9217    34.9223 0.0000e+00
   2284.000    -0.7210    -0.7205   2.934649   2.934736    307.423    300.851     0.1187     0.0030     0.1328   2370.646   78.83302    5.00018    34.9217    34.9224 0.0000e+00
   2285.000    -0.7208    -0.7204   2.934693   2.934781    307.268    300.595     0.1188     0.0092     0.1329   2371.640   78.83302    5.00018    34.9216    34.9224 0.0000e+00
   2286.000    -0.7208    -0.7203   2.934734   2.934831    306.988    300.922     0.1189     0.0092     0.1329   2372.631   78.83302    5.00017    34.9216    34.9224 0.0000e+00
   2287.000    -0.7208    -0.7203   2.934784   2.934873    306.745    300.971     0.1190     0.0025     0.1326   2373.608   78.83302    5.00016    34.9217    34.9223 0.0000e+00
   2288.000    -0.7208    -0.7203   2.934823   2.934915    306.512    301.252     0.1191     0.0006     0.1329   2374.563   78.83302    5.00016    34.9217    34.9223 0.0000e+00
   2289.000    -0.7208    -0.7202   2.934868   2.934953    306.863    301.210     0.1192     0.0021     0.1335   2375.504   78.83302    5.00016    34.9217    34.9223 0.0000e+00
   2290.000    -0.7208    -0.7203   2.934901   2.934979    307.045    301.053     0.1193     0.0019     0.1336   2376.443   78.83302    5.00018    34.9217    34.9222 0.0000e+00
   2291.000    -0.7208    -0.7204   2.934936   2.935027    306.959    301.121     0.1194     0.0041     0.1335   2377.392   78.83302    5.00018    34.9216    34.9224 0.0000e+00
   2292.000    -0.7208    -0.7203   2.934986   2.935076    306.866    301.168     0.1195     0.0078     0.1336   2378.356   78.83302    5.00018    34.9217    34.9224 0.0000e+00
   2293.000    -0.7207    -0.7202   2.935034   2.935114    306.761    300.806     0.1196     0.0024     0.1332   2379.329   78.83302    5.00018    34.9218    34.9222 0.0000e+00
   2294.000    -0.7207    -0.7202   2.935068   2.935153    306.964    300.372     0.1197     0.0086     0.1333   2380.308   78.83302    5.00018    34.9217    34.9223 0.0000e+00
   2295.000    -0.7207    -0.7202   2.935117   2.935194    307.027    300.899     0.1199     0.0028     0.1331   2381.284   78.83302    5.00016    34.9218    34.9222 0.0000e+00
   2296.000    -0.7207    -0.7200   2.935156   2.935249    307.180    301.167     0.1200     0.0081     0.1329   2382.254   78.83302    5.00016    34.9218    34.9223 0.0000e+00
   2297.000    -0.7206    -0.7201   2.935204   2.935291    307.365    301.179     0.1202     0.0038     0.1331   2383.220   78.83304    5.00018    34.9218    34.9224 0.0000e+00
   2298.000    -0.7205    -0.7200   2.935245   2.935333    307.237    301.244     0.1203     0.0056     0.1332   2384.183   78.83302    5.00018    34.9217    34.9223 0.0000e+00
   2299.000    -0.7206    -0.7201   2.935273   2.935368    307.065    300.332     0.1205     0.0096     0.1328   2385.144   78.83302    5.00018    34.9217    34.9224 0.0000e+00
   2300.000    -0.7206    -0.7201   2.935315   2.935409    307.203    300.498     0.1206     0.0096     0.1334   2386.112   78.83302    5.00018    34.9217    34.9224 0.0000e+00
   2301.000    -0.7205    -0.7200   2.935368   2.935459    307.160    300.890     0.1208     0.0079     0.1337   2387.072   78.83302    5.00016    34.9218    34.9224 0.0000e+00
   2302.000    -0.7204    -0.7199   2.935418   2.935508    306.424    300.792     0.1209     0.0027     0.1330   2388.030   78.83302    5.00016    34.9218    34.9224 0.0000e+00
   2303.000    -0.7203    -0.7200   2.935457   2.935547    307.295    301.169     0.1210     0.0091     0.1333   2388.987   78.83302    5.00016    34.9217    34.9225 0.0000e+00
   2304.000    -0.7203    -0.7199   2.935497   2.935585    307.442    301.135     0.1211     0.0096     0.1332   2389.945   78.83302    5.00016    34.9217    34.9224 0.0000e+00
   2305.000    -0.7202    -0.7197   2.935548   2.935644    306.832    300.793     0.1212     0.0096     0.1335   2390.907   78.83302    5.00016    34.9217    34.9224 0.0000e+00
   2306.000    -0.7202    -0.7198   2.935591   2.935675    306.582    300.292     0.1213     0.0096     0.1332   2391.869   78.83302    5.00016    34.9218    34.9224 0.0000e+00
   2307.000    -0.7201    -0.7197   2.935631   2.935723    306.809    301.130     0.1214     0.0056     0.1332   2392.831   78.83302    5.00016    34.9217    34.9224 0.0000e+00
   2308.000    -0.7201    -0.7196   2.935682   2.935767    306.626    300.622     0.1215     0.0009     0.1335   2393.792   78.83302    5.00016    34.9218    34.9224 0.0000e+00
   2309.000    -0.7199    -0.7193   2.935734   2.935828    306.972    300.736     0.1216     0.0039     0.1336   2394.763   78.83302    5.00016    34.9217    34.9223 0.0000e+00
   2310.000    -0.7198    -0.7193   2.935776   2.935866    307.086    301.093     0.1217     0.0080     0.1329   2395.738   78.83302    5.00016    34.9217    34.9223 0.0000e+00
   2311.000    -0.7199    -0.7194   2.935813   2.935905    306.548    300.760     0.1218     0.0029     0.1330   2396.711   78.83302    5.00016    34.9217    34.9224 0.0000e+00
   2312.000    -0.7209    -0.7205   2.935779   2.935859    306.851    300.843     0.1220     0.0086     0.1330   2397.675   78.83302    5.00016    34.9219    34.9225 0.0000e+00
   2313.000    -0.7211    -0.7208   2.935795   2.935884    306.868    301.212     0.1222     0.0031     0.1329   2398.631   78.83302    5.00016    34.9218    34.9226 0.0000e+00
   2314.000    -0.7212    -0.7209   2.935833   2.935924    306.698    300.409     0.1224     0.0071     0.1328   2399.578   78.83302    5.00016    34.9219    34.9227 0.0000e+00
   2315.000    -0.7213    -0.7207   2.935873   2.935966    307.165    300.869     0.1226     0.0053     0.1334   2400.521   78.83302    5.00016    34.9221    34.9226 0.0000e+00
   2316.000    -0.7212    -0.7208   2.935914   2.936005    307.365    300.930     0.1228     0.0018     0.1335   2401.469   78.83302    5.00016    34.9220    34.9227 0.0000e+00
   2317.000    -0.7212    -0.7207   2.935956   2.936051    306.885    300.781     0.1231     0.0015     0.1329   2402.441   78.83302    5.00016    34.9219    34.9227 0.0000e+00
   2318.000    -0.7212    -0.7206   2.936010   2.936098    307.210    300.890     0.1234     0.0017     0.1329   2403.423   78.83302    5.00016    34.9221    34.9226 0.0000e+00
   2319.000    -0.7210    -0.7206   2.936045   2.936151    306.595    300.983     0.1236     0.0020     0.1328   2404.407   78.83302    5.00016    34.9219    34.9228 0.0000e+00
   2320.000    -0.7210    -0.7206   2.936093   2.936191    306.967    301.135     0.1239     0.0017     0.1332   2405.379   78.83304    5.00016    34.9220    34.9228 0.0000e+00
   2321.000    -0.7209    -0.7205   2.936137   2.936232    306.959    300.853     0.1241     0.0018     0.1331   2406.339   78.83304    5.00016    34.9219    34.9227 0.0000e+00
   2322.000    -0.7209    -0.7205   2.936180   2.936277    307.177    300.369     0.1244     0.0015     0.1330   2407.293   78.83304    5.00016    34.9219    34.9227 0.0000e+00
   2323.000    -0.7209    -0.7204   2.936230   2.936317    306.665    300.439     0.1246     0.0023     0.1327   2408.244   78.83302    5.00016    34.9221    34.9227 0.0000e+00
   2324.000    -0.7208    -0.7204   2.936269   2.936358    307.094    300.944     0.1248     0.0020     0.1334   2409.203   78.83302    5.00018    34.9220    34.9227 0.0000e+00
   2325.000    -0.7210    -0.7205   2.936295   2.936399    307.061    301.081     0.1249     0.0009     0.1330   2410.173   78.83302    5.00018    34.9220    34.9228 0.0000e+00
   2326.000    -0.7209    -0.7205   2.936349   2.936437    306.984    301.018     0.1250     0.0034     0.1335   2411.147   78.83302    5.00018    34.9221    34.9228 0.0000e+00
   2327.000    -0.7209    -0.7204   2.936383   2.936476    306.925    300.713     0.1250     0.0080     0.1336   2412.121   78.83304    5.00016    34.9220    34.9227 0.0000e+00
   2328.000    -0.7208    -0.7204   2.936436   2.936529    306.533    300.389     0.1250     0.0015     0.1336   2413.090   78.83304    5.00016    34.9221    34.9228 0.0000e+00
   2329.000    -0.7207    -0.7201   2.936487   2.936579    306.966    300.456     0.1250     0.0016     0.1337   2414.047   78.83304    5.00016    34.9221    34.9227 0.0000e+00
   2330.000    -0.7207    -0.7202   2.936519   2.936614    307.177    300.844     0.1249     0.0022     0.1335   2414.996   78.83303    5.00016    34.9221    34.9227 0.0000e+00
   2331.000    -0.7209    -0.7205   2.936551   2.936644    307.117    300.723     0.1248     0.0125     0.1334   2415.952   78.83302    5.00016    34.9221    34.9229 0.0000e+00
   2332.000    -0.7208    -0.7202   2.936600   2.936689    306.860    300.910     0.1247     0.0075     0.1331   2416.919   78.83302    5.00016    34.9222    34.9227 0.0000e+00
   2333.000    -0.7208    -0.7204   2.936639   2.936725    307.041    300.969     0.1246     0.0053     0.1332   2417.893   78.83302    5.00016    34.9222    34.9228 0.0000e+00
   2334.000    -0.7208    -0.7203   2.936672   2.936770    306.219    300.803     0.1244     0.0060     0.1328   2418.863   78.83303    5.00016    34.9221    34.9228 0.0000e+00
   2335.000    -0.7207    -0.7201   2.936721   2.936818    306.482    300.656     0.1243     0.0017     0.1328   2419.831   78.83304    5.00016    34.9221    34.9227 0.0000e+00
   2336.000    -0.7207    -0.7202   2.936762   2.936854    306.888    300.339     0.1241     0.0023     0.1333   2420.794   78.83304    5.00016    34.9222    34.9228 0.0000e+00
   2337.000    -0.7206    -0.7201   2.936813   2.936901    306.885    300.901     0.1240     0.0021     0.1329   2421.754   78.83304    5.00016    34.9222    34.9227 0.0000e+00
   2338.000    -0.7208    -0.7205   2.936835   2.936924    306.626    301.134     0.1238     0.0089     0.1330   2422.717   78.83303    5.00016    34.9222    34.9229 0.0000e+00
   2339.000    -0.7209    -0.7204   2.936871   2.936962    306.692    300.962     0.1237     0.0095     0.1330   2423.686   78.83302    5.00016    34.9222    34.9229 0.0000e+00
   2340.000    -0.7209    -0.7205   2.936908   2.937004    306.219    300.890     0.1235     0.0042     0.1333   2424.656   78.83302    5.00016    34.9222    34.9230 0.0000e+00
   2341.000    -0.7208    -0.7204   2.936958   2.937043    306.706    300.777     0.1233     0.0066     0.1332   2425.627   78.83303    5.00016    34.9222    34.9228 0.0000e+00
   2342.000    -0.7208    -0.7203   2.936991   2.937095    307.089    300.969     0.1232     0.0055     0.1332   2426.592   78.83304    5.00016    34.9221    34.9230 0.0000e+00
   2343.000    -0.7209    -0.7204   2.937028   2.937130    307.441    301.052     0.1230     0.0036     0.1330   2427.553   78.83304    5.00016    34.9222    34.9230 0.0000e+00
   2344.000    -0.7208    -0.7202   2.937083   2.937175    307.270    300.711     0.1228     0.0096     0.1335   2428.514   78.83304    5.00016    34.9222    34.9229 0.0000e+00
   2345.000    -0.7208    -0.7203   2.937125   2.937226    306.878    299.987     0.1226     0.0096     0.1329   2429.473   78.83302    5.00016    34.9223    34.9231 0.0000e+00
   2346.000    -0.7208    -0.7203   2.937164   2.937260    306.950    300.872     0.1225     0.0090     0.1328   2430.430   78.83302    5.00016    34.9222    34.9230 0.0000e+00
   2347.000    -0.7207    -0.7203   2.937209   2.937299    306.544    300.997     0.1223     0.0027     0.1325   2431.388   78.83302    5.00016    34.9223    34.9230 0.0000e+00
   2348.000    -0.7207    -0.7202   2.937255   2.937345    306.809    300.656     0.1222     0.0079     0.1330   2432.346   78.83302    5.00016    34.9223    34.9230 0.0000e+00
   2349.000    -0.7206    -0.7200   2.937294   2.937396    306.721    300.177     0.1220     0.0097     0.1333   2433.315   78.83302    5.00016    34.9223    34.9229 0.0000e+00
   2350.000    -0.7206    -0.7200   2.937346   2.937435    306.950    300.337     0.1219     0.0175     0.1332   2434.294   78.83304    5.00018    34.9224    34.9229 0.0000e+00
