test_project/cnv_files/sta0200_bin.cnv
* Sea-Bird SBE 9 Data File:
* FileName = C:\Seabird\CTDDATA\Sta0200.hex
* Software Version Seasave V 7.26.7.107
* Temperature SN = 03-4535
* Conductivity SN = 2860
* Number of Bytes Per Scan = 44
* Number of Voltage Words = 5
* Number of Scans Averaged by the Deck Unit = 1
* NMEA Latitude = 78 49.95 N
* NMEA Longitude = 004 00.86 W
* NMEA UTC (Time) = Sep 03 2019 09:07:39
* NMEA baud rate = 9600
** Ship: "Kronprins Haakon"
** Station: 200
** Echodepth: 1870
** Log: 5767.74
** Wind-Dir Force(m/s): 03 32
** Air-temp (dry): -2.0
** Weather Sky: 8 8
** Sea Ice: 5 0
# nquan = 16
# nvalues = 1881                        
# units = specified
# name 0 = prDM: Pressure, Digiquartz [db]
# name 1 = t090C: Temperature [ITS-90, deg C]
# name 2 = t190C: Temperature, 2 [ITS-90, deg C]
# name 3 = c0S/m: Conductivity [S/m]
# name 4 = c1S/m: Conductivity, 2 [S/m]
# name 5 = sbox0Mm/Kg: Oxygen, SBE 43 [umol/kg]
# name 6 = sbox1Mm/Kg: Oxygen, SBE 43, 2 [umol/kg]
# name 7 = wetCDOM: Fluorescence, WET Labs CDOM [mg/m^3]
# name 8 = flECO-AFL: Fluorescence, WET Labs ECO-AFL/FL [mg/m^3]
# name 9 = CStarAt0: Beam Attenuation, WET Labs C-Star [1/m]
# name 10 = timeS: Time, Elapsed [seconds]
# name 11 = latitude: Latitude [deg]
# name 12 = longitude: Longitude [deg]
# name 13 = sal00: Salinity, Practical [PSU]
# name 14 = sal11: Salinity, Practical, 2 [PSU]
# name 15 = flag: flag
# span 0 =      2.000,   1882.000       
# span 1 =    -1.6487,     2.7755       
# span 2 =    -1.6484,     2.7757       
# span 3 =   2.494371,   3.156450       
# span 4 =   2.494248,   3.156386       
# span 5 =    305.383,    427.810       
# span 6 =    304.896,    416.207       
# span 7 =     0.1023,     0.1764       
# span 8 =    -0.0082,     1.1460       
# span 9 =     0.1056,     0.3618       
# span 10 =    351.545,   2301.687      
# span 11 =   78.83258,   78.83264      
# span 12 =   -4.01470,   -4.01432      
# span 13 =    31.0288,    34.9820      
# span 14 =    31.0281,    34.9808      
# span 15 = 0.0000e+00, 0.0000e+00      
# interval = decibars: 1                
# start_time = Sep 03 2019 09:07:39 [NMEA time, header]
# bad_flag = -9.990e-29
*END*
[from data line 181]
    183.000     2.0602     2.0609   3.077998   3.077794    316.027    314.203     0.1129     0.0204     0.1387    553.301   78.83260   -4.01450    34.8317    34.8284 0.0000e+00
    184.000     2.0301     2.0310   3.075185   3.075084    310.833    313.600     0.1124     0.0185     0.1388    554.294   78.83260   -4.01450    34.8289    34.8267 0.0000e+00
    185.000     2.0124     2.0136   3.073535   3.073438    307.196    312.944     0.1119     0.0129     0.1388    555.269   78.83260   -4.01450    34.8272    34.8246 0.0000e+00
    186.000     1.9915     1.9936   3.071578   3.071572    308.269    312.765     0.1115     0.0115     0.1392    556.237   78.83260   -4.01450    34.8249    34.8226 0.0000e+00
    187.000     2.0204     2.0156   3.074530   3.074105    311.086    312.328     0.1110     0.0194     0.1413    557.214   78.83260   -4.01448    34.8297    34.8296 0.0000e+00
    188.000     2.0822     2.0808   3.080641   3.080425    313.375    311.960     0.1105     0.0143     0.1404    558.205   78.83260   -4.01448    34.8379    34.8367 0.0000e+00
    189.000     2.0904     2.0913   3.081508   3.081441    316.314    312.639     0.1101     0.0190     0.1415    559.221   78.83260   -4.01448    34.8391    34.8373 0.0000e+00
    190.000     2.1113     2.1108   3.083664   3.083555    316.713    312.698     0.1097     0.0253     0.1374    560.230   78.83260   -4.01448    34.8426    34.8418 0.0000e+00
    191.000     2.1252     2.1189   3.085158   3.084324    315.019    313.005     0.1093     0.0137     0.1376    561.214   78.83260   -4.01450    34.8454    34.8419 0.0000e+00
    192.000     2.1050     2.1034   3.083289   3.082974    314.476    313.478     0.1089     0.0118     0.1386    562.183   78.83260   -4.01450    34.8437    34.8414 0.0000e+00
    193.000     2.1134     2.1147   3.084138   3.084172    314.372    313.109     0.1085     0.0124     0.1374    563.171   78.83260   -4.01452    34.8445    34.8435 0.0000e+00
    194.000     2.1877     2.1846   3.091448   3.091202    314.257    312.670     0.1081     0.0107     0.1378    564.193   78.83260   -4.01450    34.8538    34.8541 0.0000e+00
    195.000     2.2272     2.2268   3.095524   3.095394    315.735    313.142     0.1078     0.0096     0.1378    565.248   78.83260   -4.01450    34.8608    34.8596 0.0000e+00
    196.000     2.2663     2.2655   3.099611   3.099453    316.887    313.719     0.1074     0.0096     0.1368    566.299   78.83260   -4.01450    34.8683    34.8673 0.0000e+00
    197.000     2.2978     2.2977   3.102857   3.102759    316.058    313.807     0.1071     0.0093     0.1359    567.336   78.83260   -4.01450    34.8738    34.8727 0.0000e+00
    198.000     2.3265     2.3259   3.105921   3.105804    314.946    314.228     0.1068     0.0095     0.1360    568.315   78.83260   -4.01450    34.8799    34.8791 0.0000e+00
    199.000     2.3639     2.3633   3.109835   3.109694    313.693    314.422     0.1066     0.0075     0.1360    569.274   78.83260   -4.01452    34.8871    34.8861 0.0000e+00
    200.000     2.3834     2.3838   3.111844   3.111732    314.117    314.848     0.1063    -0.0004     0.1360    570.225   78.83260   -4.01452    34.8902    34.8884 0.0000e+00
    201.000     2.3956     2.3950   3.113172   3.113016    315.162    314.959     0.1061     0.0124     0.1360    571.179   78.83260   -4.01450    34.8928    34.8914 0.0000e+00
    202.000     2.4027     2.4034   3.114098   3.113947    315.557    315.054     0.1059     0.0102     0.1365    572.160   78.83260   -4.01452    34.8959    34.8933 0.0000e+00
    203.000     2.3744     2.3755   3.111529   3.111464    315.746    315.302     0.1058     0.0177     0.1366    573.175   78.83260   -4.01452    34.8944    34.8924 0.0000e+00
    204.000     2.3815     2.3790   3.112324   3.112048    315.056    315.234     0.1056     0.0225     0.1369    574.196   78.83260   -4.01454    34.8960    34.8952 0.0000e+00
    205.000     2.4419     2.4407   3.118604   3.118454    315.159    314.806     0.1055     0.0170     0.1368    575.196   78.83260   -4.01454    34.9073    34.9068 0.0000e+00
    206.000     2.4717     2.4704   3.121711   3.121524    317.690    315.130     0.1054     0.0137     0.1368    576.181   78.83260   -4.01456    34.9127    34.9117 0.0000e+00
    207.000     2.4720     2.4731   3.121908   3.121822    319.941    316.117     0.1054     0.0113     0.1363    577.176   78.83260   -4.01454    34.9142    34.9120 0.0000e+00
    208.000     2.4677     2.4681   3.121614   3.121517    319.284    316.730     0.1053     0.0128     0.1367    578.204   78.83260   -4.01454    34.9147    34.9131 0.0000e+00
    209.000     2.4580     2.4587   3.120744   3.120644    317.795    316.704     0.1052     0.0163     0.1367    579.249   78.83260   -4.01454    34.9139    34.9119 0.0000e+00
    210.000     2.4516     2.4521   3.120181   3.120110    317.555    316.839     0.1052     0.0094     0.1367    580.274   78.83260   -4.01454    34.9134    34.9119 0.0000e+00
    211.000     2.4542     2.4551   3.120494   3.120458    317.854    316.814     0.1051     0.0090     0.1361    581.265   78.83260   -4.01454    34.9138    34.9125 0.0000e+00
    212.000     2.4627     2.4624   3.121354   3.121234    318.713    316.699     0.1051     0.0093     0.1357    582.240   78.83258   -4.01456    34.9147    34.9135 0.0000e+00
    213.000     2.4654     2.4674   3.121672   3.121741    319.509    316.373     0.1050     0.0094     0.1362    583.217   78.83258   -4.01458    34.9151    34.9138 0.0000e+00
    214.000     2.4697     2.4707   3.122156   3.122134    320.081    316.751     0.1049     0.0117     0.1358    584.189   78.83258   -4.01458    34.9158    34.9145 0.0000e+00
    215.000     2.4846     2.4840   3.123712   3.123634    319.993    316.915     0.1048     0.0129     0.1362    585.168   78.83260   -4.01458    34.9183    34.9179 0.0000e+00
    216.000     2.5189     2.5193   3.127408   3.127309    319.535    316.647     0.1047     0.0095     0.1370    586.164   78.83260   -4.01456    34.9260    34.9243 0.0000e+00
    217.000     2.5272     2.5270   3.128332   3.128229    320.324    317.275     0.1046     0.0088     0.1368    587.172   78.83260   -4.01456    34.9278    34.9267 0.0000e+00
    218.000     2.5596     2.5595   3.131684   3.131565    320.332    317.078     0.1046     0.0032     0.1367    588.191   78.83260   -4.01456    34.9333    34.9319 0.0000e+00
    219.000     2.5612     2.5615   3.131883   3.131806    320.293    318.052     0.1045     0.0034     0.1363    589.209   78.83260   -4.01456    34.9335    34.9322 0.0000e+00
    220.000     2.5607     2.5612   3.131888   3.131798    320.220    318.662     0.1045     0.0089     0.1358    590.217   78.83258   -4.01458    34.9335    34.9318 0.0000e+00
    221.000     2.5532     2.5538   3.131244   3.131152    320.116    318.758     0.1045     0.0099     0.1359    591.212   78.83258   -4.01458    34.9331    34.9314 0.0000e+00
    222.000     2.5423     2.5438   3.130247   3.130245    320.437    318.986     0.1045     0.0128     0.1383    592.204   78.83258   -4.01460    34.9322    34.9305 0.0000e+00
    223.000     2.5380     2.5382   3.129918   3.129833    320.724    319.049     0.1046     0.0095     0.1365    593.199   78.83258   -4.01458    34.9323    34.9309 0.0000e+00
    224.000     2.5656     2.5659   3.132770   3.132754    321.026    318.658     0.1046     0.0128     0.1356    594.203   78.83258   -4.01458    34.9368    34.9362 0.0000e+00
    225.000     2.5757     2.5751   3.133846   3.133707    322.019    318.932     0.1047    -0.0001     0.1348    595.220   78.83260   -4.01458    34.9385    34.9375 0.0000e+00
    226.000     2.6102     2.6086   3.137337   3.137186    322.403    318.996     0.1048     0.0002     0.1344    596.242   78.83260   -4.01456    34.9434    34.9433 0.0000e+00
    227.000     2.6388     2.6400   3.140278   3.140263    322.365    319.253     0.1049     0.0109     0.1346    597.262   78.83260   -4.01458    34.9480    34.9464 0.0000e+00
    228.000     2.6211     2.6226   3.138667   3.138662    323.473    320.077     0.1049     0.0105     0.1339    598.259   78.83260   -4.01458    34.9468    34.9451 0.0000e+00
    229.000     2.6150     2.6163   3.138115   3.138104    322.599    319.972     0.1050     0.0019     0.1341    599.226   78.83260   -4.01460    34.9461    34.9445 0.0000e+00
    230.000     2.6131     2.6133   3.137969   3.137870    321.094    319.814     0.1050     0.0033     0.1333    600.186   78.83260   -4.01460    34.9457    34.9443 0.0000e+00
    231.000     2.6118     2.6130   3.137875   3.137890    321.427    320.038     0.1050     0.0052     0.1325    601.162   78.83258   -4.01458    34.9455    34.9443 0.0000e+00
    232.000     2.6145     2.6155   3.138193   3.138198    322.497    320.010     0.1051     0.0029     0.1329    602.164   78.83258   -4.01458    34.9459    34.9449 0.0000e+00
    233.000     2.6235     2.6239   3.139148   3.139076    323.377    319.892     0.1050     0.0069     0.1332    603.178   78.83260   -4.01456    34.9473    34.9459 0.0000e+00
    234.000     2.6241     2.6226   3.139287   3.139033    323.546    319.854     0.1050    -0.0011     0.1326    604.208   78.83260   -4.01456    34.9477    34.9463 0.0000e+00
    235.000     2.6420     2.6416   3.141080   3.140960    323.079    319.526     0.1050    -0.0012     0.1326    605.240   78.83260   -4.01458    34.9499    34.9488 0.0000e+00
    236.000     2.6631     2.6608   3.143220   3.142977    323.049    319.900     0.1049    -0.0009     0.1325    606.262   78.83260   -4.01458    34.9526    34.9521 0.0000e+00
    237.000     2.7217     2.7210   3.149129   3.149173    323.038    319.468     0.1049    -0.0010     0.1322    607.263   78.83260   -4.01460    34.9610    34.9623 0.0000e+00
    238.000     2.7700     2.7684   3.154049   3.153786    323.369    319.840     0.1048    -0.0014     0.1318    608.253   78.83260   -4.01460    34.9684    34.9669 0.0000e+00
    239.000     2.7734     2.7742   3.154460   3.154427    324.005    320.642     0.1048    -0.0016     0.1322    609.241   78.83260   -4.01458    34.9692    34.9679 0.0000e+00
    240.000     2.7712     2.7711   3.154296   3.154176    322.849    320.799     0.1047    -0.0013     0.1320    610.244   78.83260   -4.01456    34.9690    34.9676 0.0000e+00
    241.000     2.7720     2.7715   3.154404   3.154251    321.620    321.155     0.1047     0.0061     0.1322    611.260   78.83260   -4.01456    34.9689    34.9675 0.0000e+00
    242.000     2.7731     2.7740   3.154539   3.154542    321.311    321.376     0.1047     0.0028     0.1321    612.263   78.83260   -4.01456    34.9688    34.9678 0.0000e+00
    243.000     2.7711     2.7717   3.154385   3.154345    321.814    321.162     0.1046    -0.0009     0.1322    613.248   78.83260   -4.01458    34.9686    34.9674 0.0000e+00
    244.000     2.7265     2.7416   3.150029   3.150903    323.180    320.939     0.1046    -0.0007     0.1325    614.236   78.83260   -4.01458    34.9629    34.9572 0.0000e+00
    245.000     2.5765     2.5788   3.135621   3.135673    324.262    321.765     0.1047    -0.0024     0.1326    615.230   78.83260   -4.01458    34.9482    34.9464 0.0000e+00
    246.000     2.5754     2.5786   3.135425   3.135651    321.362    319.870     0.1047    -0.0018     0.1325    616.216   78.83260   -4.01460    34.9465    34.9457 0.0000e+00
    247.000     2.5742     2.5731   3.135314   3.135077    321.440    319.601     0.1048    -0.0019     0.1322    617.209   78.83260   -4.01460    34.9459    34.9442 0.0000e+00
    248.000     2.5724     2.5746   3.135183   3.135330    325.628    320.103     0.1048    -0.0013     0.1325    618.217   78.83260   -4.01458    34.9456    34.9451 0.0000e+00
    249.000     2.5695     2.5699   3.134948   3.134872    327.489    319.987     0.1049    -0.0015     0.1320    619.245   78.83260   -4.01458    34.9454    34.9439 0.0000e+00
    250.000     2.5658     2.5677   3.134650   3.134742    327.462    320.174     0.1050    -0.0005     0.1315    620.282   78.83260   -4.01456    34.9451    34.9442 0.0000e+00
    251.000     2.5673     2.5676   3.134832   3.134730    326.640    320.131     0.1051    -0.0016     0.1314    621.315   78.83260   -4.01456    34.9452    34.9436 0.0000e+00
    252.000     2.5690     2.5693   3.135059   3.135020    325.745    320.377     0.1053     0.0063     0.1310    622.319   78.83260   -4.01456    34.9456    34.9447 0.0000e+00
    253.000     2.5825     2.5783   3.136462   3.136073    325.102    320.362     0.1054     0.0006     0.1309    623.301   78.83260   -4.01458    34.9475    34.9474 0.0000e+00
    254.000     2.7140     2.7131   3.149577   3.149751    323.765    319.060     0.1056    -0.0015     0.1315    624.275   78.83260   -4.01458    34.9654    34.9684 0.0000e+00
    255.000     2.7473     2.7465   3.153049   3.152896    325.408    320.156     0.1057    -0.0017     0.1310    625.255   78.83260   -4.01460    34.9712    34.9702 0.0000e+00
    256.000     2.7521     2.7510   3.153610   3.153408    327.000    321.375     0.1059    -0.0008     0.1314    626.239   78.83260   -4.01460    34.9723    34.9710 0.0000e+00
    257.000     2.7601     2.7618   3.154472   3.154533    323.822    321.152     0.1061    -0.0013     0.1315    627.232   78.83260   -4.01458    34.9737    34.9727 0.0000e+00
    258.000     2.7541     2.7556   3.153974   3.154030    321.314    321.746     0.1063    -0.0032     0.1315    628.238   78.83260   -4.01456    34.9735    34.9726 0.0000e+00
    259.000     2.7661     2.7688   3.155189   3.155403    321.271    321.795     0.1065    -0.0023     0.1316    629.243   78.83260   -4.01456    34.9749    34.9745 0.0000e+00
    260.000     2.7750     2.7751   3.156135   3.156056    322.445    321.775     0.1067    -0.0016     0.1324    630.270   78.83260   -4.01456    34.9762    34.9752 0.0000e+00
    261.000     2.7755     2.7757   3.156254   3.156177    323.874    321.841     0.1069    -0.0013     0.1317    631.281   78.83260   -4.01456    34.9765    34.9754 0.0000e+00
    262.000     2.7730     2.7739   3.156042   3.156036    324.288    321.721     0.1070    -0.0017     0.1317    632.281   78.83260   -4.01456    34.9762    34.9751 0.0000e+00
    263.000     2.7629     2.7646   3.155124   3.155175    324.743    321.638     0.1072    -0.0027     0.1315    633.278   78.83260   -4.01458    34.9753    34.9741 0.0000e+00
    264.000     2.7511     2.7520   3.154028   3.154010    324.940    321.875     0.1073    -0.0015     0.1320    634.283   78.83262   -4.01458    34.9741    34.9729 0.0000e+00
    265.000     2.7212     2.7223   3.151211   3.151139    324.826    322.025     0.1074    -0.0006     0.1323    635.287   78.83262   -4.01458    34.9715    34.9693 0.0000e+00
    266.000     2.6928     2.6950   3.148498   3.148576    324.700    321.664     0.1074     0.0045     0.1376    636.294   78.83262   -4.01458    34.9684    34.9670 0.0000e+00
    267.000     2.6854     2.6866   3.147821   3.147861    324.520    321.180     0.1074     0.0032     0.1322    637.308   78.83262   -4.01456    34.9676    34.9668 0.0000e+00
    268.000     2.7376     2.7371   3.153012   3.152988    324.575    320.665     0.1074     0.0048     0.1316    638.330   78.83262   -4.01454    34.9741    34.9743 0.0000e+00
    269.000     2.7466     2.7466   3.153990   3.153941    326.513    321.234     0.1074     0.0046     0.1313    639.334   78.83260   -4.01454    34.9758    34.9751 0.0000e+00
    270.000     2.7500     2.7504   3.154433   3.154361    327.825    321.740     0.1074    -0.0021     0.1315    640.325   78.83260   -4.01454    34.9769    34.9756 0.0000e+00
    271.000     2.7496     2.7501   3.154447   3.154402    326.771    321.814     0.1073    -0.0010     0.1317    641.294   78.83260   -4.01454    34.9769    34.9758 0.0000e+00
    272.000     2.7548     2.7550   3.155031   3.154979    325.212    321.989     0.1073    -0.0015     0.1310    642.262   78.83262   -4.01454    34.9780    34.9771 0.0000e+00
