test_project/cnv_files/Sta0226_bin.cnv
* Sea-Bird SBE 9 Data File:
* FileName = C:\Seabird\CTDDATA\Sta0226.hex
* Software Version Seasave V 7.26.7.107
* Temperature SN = 03-4535
* Conductivity SN = 2860
* Number of Bytes Per Scan = 44
* Number of Voltage Words = 5
* Number of Scans Averaged by the Deck Unit = 1
* NMEA Latitude = 78 02.82 N
* NMEA Longitude = 016 24.92 W
* NMEA UTC (Time) = Sep 08 2019 06:34:00
* NMEA baud rate = 9600
** Ship: "Kronprins Haakon"
** Station: 0226
** Echodepth: 515
** Log: 6074.63
** Wind-Dir Force(m/s): 34 12
** Air-temp (dry): -2.8
** Weather Sky: 0 1
** Sea Ice: 0 7
# nquan = 17
# nvalues = 500                         
# units = specified
# name 0 = prDM: Pressure, Digiquartz [db]
# name 1 = t090C: Temperature [ITS-90, deg C]
# name 2 = t190C: Temperature, 2 [ITS-90, deg C]
# name 3 = c0S/m: Conductivity [S/m]
# name 4 = c1S/m: Conductivity, 2 [S/m]
# name 5 = sbox0Mm/Kg: Oxygen, SBE 43 [umol/kg]
# name 6 = sbox1Mm/Kg: Oxygen, SBE 43, 2 [umol/kg]
# name 7 = wetCDOM: Fluorescence, WET Labs CDOM [mg/m^3]
# name 8 = flECO-AFL: Fluorescence, WET Labs ECO-AFL/FL [mg/m^3]
# name 9 = CStarAt0: Beam Attenuation, WET Labs C-Star [1/m]
# name 10 = timeS: Time, Elapsed [seconds]
# name 11 = latitude: Latitude [deg]
# name 12 = longitude: Longitude [deg]
# name 13 = upoly0: Upoly 0, ISUS
# name 14 = sal00: Salinity, Practical [PSU]
# name 15 = sal11: Salinity, Practical, 2 [PSU]
# name 16 = flag: flag
# span 0 =      2.000,    501.000       
# span 1 =    -1.6821,     1.6812       
# span 2 =    -1.6817,     1.6815       
# span 3 =   2.367831,   3.055557       
# span 4 =   2.367878,   3.055530       
# span 5 =    302.158,    425.168       
# span 6 =    295.582,    411.286       
# span 7 =     0.0870,     0.1804       
# span 8 =    -0.0025,     0.6200       
# span 9 =     0.1271,     0.2304       
# span 10 =    155.248,    658.178      
# span 11 =   78.04599,   78.04677      
# span 12 =  -16.41437,  -16.41143      
# span 13 =  13.117805,  26.321434      
# span 14 =    29.1591,    34.9126      
# span 15 =    29.1621,    34.9121      
# span 16 = 0.0000e+00, 0.0000e+00      
# interval = decibars: 1                
# start_time = Sep 08 2019 06:34:00 [NMEA time, header]
# bad_flag = -9.990e-29
*END*
      2.000    -1.2426    -1.2423   2.370392   2.370261    396.061    390.989     0.1349     0.1383     0.2057    155.248   78.04677  -16.41437  14.141343    29.1741    29.1721 0.0000e+00
      3.000    -1.2444    -1.2372   2.369181   2.369928    397.346    389.543     0.1363     0.1234     0.2043    158.559   78.04674  -16.41434  13.528821    29.1591    29.1621 0.0000e+00
      4.000    -1.2677    -1.2664   2.367831   2.367878    396.487    388.467     0.1314     0.1160     0.1909    161.071   78.04674  -16.41432  13.717370    29.1630    29.1624 0.0000e+00
      5.000    -1.2582    -1.2578   2.369028   2.369078    397.604    388.044     0.1218     0.1129     0.1898    162.970   78.04674  -16.41432  13.289110    29.1694    29.1696 0.0000e+00
      6.000    -1.2401    -1.2412   2.371499   2.371301    398.135    389.323     0.1113     0.1099     0.1907    164.596   78.04674  -16.41430  13.302283    29.1844    29.1829 0.0000e+00
      7.000    -1.2383    -1.2425   2.371726   2.370661    398.757    390.991     0.1060     0.1238     0.1913    166.072   78.04674  -16.41429  13.385418    29.1852    29.1749 0.0000e+00
      8.000    -1.2368    -1.2340   2.372029   2.372466    398.663    391.833     0.1008     0.1187     0.1907    167.392   78.04674  -16.41428  13.786818    29.1873    29.1904 0.0000e+00
      9.000    -1.2286    -1.2305   2.373071   2.372296    397.443    392.219     0.0965     0.1256     0.1895    168.637   78.04674  -16.41427  13.543360    29.1928    29.1841 0.0000e+00
     10.000    -1.1709    -1.1745   2.380903   2.380610    397.177    391.512     0.0936     0.1258     0.1899    169.753   78.04674  -16.41426  13.981415    29.2412    29.2409 0.0000e+00
     11.000    -1.0529    -1.0521   2.398250   2.398548    396.925    390.904     0.0924     0.1327     0.1900    170.819   78.04673  -16.41426  13.555386    29.3584    29.3618 0.0000e+00
     12.000    -1.0389    -1.0385   2.409513   2.409677    400.359    392.867     0.0928     0.1526     0.1918    171.835   78.04672  -16.41425  13.117805    29.4953    29.4971 0.0000e+00
     13.000    -0.9620    -0.9641   2.428561   2.428766    398.602    391.475     0.0944     0.1553     0.1912    172.811   78.04672  -16.41424  13.232077    29.6744    29.6792 0.0000e+00
     14.000    -0.9931    -0.9909   2.445666   2.445635    396.727    391.590     0.0970     0.1696     0.1901    173.773   78.04672  -16.41424  13.499624    29.9342    29.9316 0.0000e+00
     15.000    -1.0081    -1.0086   2.453595   2.453565    395.702    391.991     0.1003     0.2208     0.1926    174.745   78.04672  -16.41423  13.613030    30.0550    30.0552 0.0000e+00
     16.000    -0.9908    -0.9910   2.463417   2.463553    393.969    390.750     0.1040     0.2236     0.1982    175.720   78.04672  -16.41422  14.053249    30.1691    30.1712 0.0000e+00
     17.000    -0.9225    -0.9243   2.492382   2.492545    395.966    391.623     0.1079     0.2316     0.2009    176.690   78.04672  -16.41422  13.632064    30.4886    30.4926 0.0000e+00
     18.000    -0.9070    -0.9054   2.538298   2.538371    400.780    393.820     0.1118     0.2735     0.2040    177.669   78.04672  -16.41421  13.424840    31.0897    31.0889 0.0000e+00
     19.000    -1.0134    -1.0108   2.554072   2.554014    407.030    397.735     0.1157     0.3484     0.2083    178.652   78.04672  -16.41420  13.511776    31.4122    31.4087 0.0000e+00
     20.000    -1.0881    -1.0865   2.552376   2.552314    408.161    399.492     0.1195     0.4111     0.2180    179.610   78.04671  -16.41420  13.513151    31.4669    31.4644 0.0000e+00
     21.000    -1.1060    -1.1061   2.554032   2.554253    407.967    401.785     0.1231     0.4310     0.2244    180.562   78.04670  -16.41419  13.500566    31.5076    31.5107 0.0000e+00
     22.000    -1.0673    -1.0663   2.561258   2.561196    412.179    405.493     0.1263     0.4518     0.2218    181.517   78.04670  -16.41418  13.969454    31.5642    31.5623 0.0000e+00
     23.000    -1.1316    -1.1309   2.561172   2.561125    421.518    410.563     0.1291     0.4865     0.2184    182.468   78.04670  -16.41418  13.301425    31.6302    31.6289 0.0000e+00
     24.000    -1.1594    -1.1588   2.561312   2.561324    425.168    411.112     0.1315     0.5658     0.2180    183.415   78.04670  -16.41418  13.781474    31.6609    31.6604 0.0000e+00
     25.000    -1.1357    -1.1363   2.565261   2.565254    423.315    410.013     0.1336     0.6200     0.2170    184.362   78.04670  -16.41416  13.815352    31.6888    31.6894 0.0000e+00
     26.000    -1.1065    -1.1066   2.569041   2.569049    422.412    410.100     0.1353     0.6076     0.2169    185.317   78.04670  -16.41416  13.699366    31.7086    31.7089 0.0000e+00
     27.000    -1.1639    -1.1627   2.567132   2.566989    423.489    411.286     0.1369     0.5589     0.2171    186.281   78.04670  -16.41416  13.697312    31.7429    31.7397 0.0000e+00
     28.000    -1.2371    -1.2362   2.564848   2.564857    423.103    410.792     0.1383     0.5157     0.2126    187.262   78.04670  -16.41414  13.716454    31.7890    31.7882 0.0000e+00
     29.000    -1.2397    -1.2395   2.566349   2.566368    418.926    409.292     0.1397     0.5093     0.2092    188.249   78.04670  -16.41414  14.204940    31.8116    31.8116 0.0000e+00
     30.000    -1.2335    -1.2334   2.568827   2.568870    417.462    408.982     0.1412     0.5163     0.2079    189.230   78.04670  -16.41414  14.733476    31.8382    31.8387 0.0000e+00
     31.000    -1.2696    -1.2689   2.570498   2.570482    419.508    408.814     0.1428     0.4083     0.2076    190.213   78.04670  -16.41412  14.713206    31.8989    31.8979 0.0000e+00
     32.000    -1.2960    -1.2959   2.573742   2.573742    418.773    406.670     0.1446     0.3714     0.2040    191.205   78.04670  -16.41412  14.421072    31.9707    31.9706 0.0000e+00
     33.000    -1.3583    -1.3576   2.572358   2.572292    416.043    404.899     0.1465     0.3751     0.2031    192.198   78.04670  -16.41412  14.299672    32.0180    32.0163 0.0000e+00
     34.000    -1.3928    -1.3924   2.572219   2.572235    413.173    402.960     0.1485     0.3873     0.2031    193.200   78.04668  -16.41410  14.600483    32.0525    32.0523 0.0000e+00
     35.000    -1.4076    -1.4076   2.572593   2.572573    409.643    400.632     0.1504     0.3669     0.2304    194.203   78.04668  -16.41410  15.127557    32.0730    32.0726 0.0000e+00
     36.000    -1.4432    -1.4429   2.572382   2.572371    408.201    398.595     0.1522     0.3820     0.2073    195.194   78.04668  -16.41410  15.827861    32.1078    32.1073 0.0000e+00
     37.000    -1.4938    -1.4940   2.571326   2.571211    406.003    396.080     0.1540     0.3665     0.2000    196.187   78.04668  -16.41408  16.259820    32.1473    32.1459 0.0000e+00
     38.000    -1.5417    -1.5414   2.569448   2.569397    404.109    394.199     0.1558     0.3363     0.1971    197.180   78.04668  -16.41408  16.104240    32.1727    32.1716 0.0000e+00
     39.000    -1.5680    -1.5676   2.568109   2.568051    402.710    392.451     0.1575     0.3528     0.1960    198.171   78.04668  -16.41408  16.234010    32.1820    32.1808 0.0000e+00
     40.000    -1.5872    -1.5868   2.567586   2.567554    402.645    391.194     0.1592     0.3622     0.1939    199.167   78.04668  -16.41406  16.541432    32.1950    32.1942 0.0000e+00
     41.000    -1.6005    -1.6002   2.568128   2.568159    401.803    389.522     0.1607     0.2782     0.1922    200.166   78.04668  -16.41406  16.647854    32.2163    32.2163 0.0000e+00
     42.000    -1.5918    -1.5915   2.570030   2.570035    400.364    387.834     0.1623     0.2584     0.1872    201.167   78.04668  -16.41406  16.984708    32.2325    32.2322 0.0000e+00
     43.000    -1.5980    -1.5977   2.570915   2.570938    399.186    386.912     0.1637     0.2512     0.1855    202.172   78.04666  -16.41404  16.873967    32.2508    32.2508 0.0000e+00
     44.000    -1.5978    -1.5976   2.572340   2.572329    397.484    385.623     0.1652     0.2437     0.1824    203.180   78.04666  -16.41404  16.547783    32.2697    32.2693 0.0000e+00
     45.000    -1.6061    -1.6058   2.572576   2.572593    395.691    384.502     0.1665     0.2238     0.1793    204.176   78.04666  -16.41404  16.287276    32.2813    32.2812 0.0000e+00
     46.000    -1.6157    -1.6152   2.572929   2.572908    393.918    383.934     0.1678     0.2033     0.1776    205.186   78.04666  -16.41402  16.432913    32.2959    32.2952 0.0000e+00
     47.000    -1.6241    -1.6237   2.572728   2.572690    392.952    384.016     0.1691     0.1925     0.1767    206.312   78.04666  -16.41402  16.720743    32.3017    32.3008 0.0000e+00
     48.000    -1.6385    -1.6384   2.572202   2.572190    393.243    384.106     0.1703     0.2146     0.1756    207.686   78.04666  -16.41401  16.619333    32.3096    32.3093 0.0000e+00
     49.000    -1.6475    -1.6472   2.572337   2.572325    389.839    382.272     0.1714     0.2068     0.1687    211.782   78.04666  -16.41398  16.326620    32.3205    32.3201 0.0000e+00
     50.000    -1.6536    -1.6532   2.572588   2.572599    388.782    381.982     0.1726     0.1699     0.1686    213.303   78.04666  -16.41398  16.597784    32.3300    32.3298 0.0000e+00
     51.000    -1.6640    -1.6635   2.573116   2.573114    388.823    382.070     0.1736     0.1558     0.1675    214.317   78.04666  -16.41396  16.685446    32.3481    32.3475 0.0000e+00
     52.000    -1.6708    -1.6705   2.573768   2.573781    389.147    381.717     0.1746     0.1417     0.1672    215.274   78.04664  -16.41396  16.858259    32.3639    32.3637 0.0000e+00
     53.000    -1.6723    -1.6719   2.574451   2.574458    389.627    381.441     0.1756     0.1280     0.1670    216.233   78.04664  -16.41396  17.357235    32.3743    32.3741 0.0000e+00
     54.000    -1.6737    -1.6734   2.575190   2.575199    389.888    381.035     0.1765     0.1268     0.1659    217.180   78.04664  -16.41394  17.417809    32.3855    32.3853 0.0000e+00
     55.000    -1.6763    -1.6760   2.576184   2.576223    389.876    380.318     0.1773     0.1230     0.1657    218.135   78.04664  -16.41394  17.173805    32.4015    32.4016 0.0000e+00
     56.000    -1.6794    -1.6790   2.577645   2.577659    389.330    379.502     0.1780     0.1165     0.1646    219.098   78.04664  -16.41392  17.268302    32.4244    32.4242 0.0000e+00
     57.000    -1.6806    -1.6803   2.578415   2.578437    387.942    378.544     0.1787     0.1141     0.1642    220.060   78.04664  -16.41392  17.383495    32.4358    32.4357 0.0000e+00
     58.000    -1.6810    -1.6808   2.579836   2.579862    386.625    377.900     0.1792     0.1122     0.1642    221.026   78.04664  -16.41392  17.433823    32.4553    32.4554 0.0000e+00
     59.000    -1.6795    -1.6792   2.581511   2.581544    386.080    377.295     0.1796     0.1029     0.1632    221.993   78.04664  -16.41391  17.518714    32.4761    32.4763 0.0000e+00
     60.000    -1.6821    -1.6817   2.582511   2.582518    386.536    376.966     0.1800     0.0922     0.1635    222.958   78.04664  -16.41390  18.159450    32.4922    32.4919 0.0000e+00
     61.000    -1.6807    -1.6805   2.583414   2.583427    386.772    376.546     0.1802     0.1055     0.1630    223.931   78.04664  -16.41390  17.891724    32.5026    32.5025 0.0000e+00
     62.000    -1.6803    -1.6800   2.584532   2.584551    385.421    375.991     0.1803     0.1071     0.1625    224.898   78.04664  -16.41389  17.834299    32.5170    32.5170 0.0000e+00
     63.000    -1.6800    -1.6797   2.585864   2.585887    384.684    375.668     0.1804     0.1012     0.1633    225.862   78.04664  -16.41388  17.800068    32.5344    32.5345 0.0000e+00
     64.000    -1.6804    -1.6802   2.587029   2.587052    384.659    375.394     0.1804     0.0934     0.1636    226.824   78.04664  -16.41388  17.693309    32.5504    32.5505 0.0000e+00
     65.000    -1.6793    -1.6790   2.588720   2.588763    384.281    374.759     0.1803     0.0896     0.1625    227.787   78.04663  -16.41387  17.519993    32.5719    32.5722 0.0000e+00
     66.000    -1.6771    -1.6768   2.591021   2.591057    383.529    374.261     0.1802     0.0867     0.1628    228.751   78.04662  -16.41386  17.258649    32.6007    32.6010 0.0000e+00
     67.000    -1.6747    -1.6744   2.593351   2.593413    383.193    373.452     0.1801     0.0821     0.1620    229.716   78.04662  -16.41386  18.260791    32.6297    32.6303 0.0000e+00
     68.000    -1.6723    -1.6719   2.596094   2.596141    382.205    373.127     0.1799     0.0827     0.1624    230.685   78.04662  -16.41385  17.737016    32.6644    32.6647 0.0000e+00
     69.000    -1.6672    -1.6670   2.599386   2.599405    381.491    372.631     0.1798     0.0829     0.1622    231.659   78.04662  -16.41384  17.850237    32.7038    32.7038 0.0000e+00
     70.000    -1.6635    -1.6632   2.601173   2.601220    381.011    372.168     0.1796     0.0817     0.1612    232.635   78.04662  -16.41384  18.140019    32.7238    32.7241 0.0000e+00
     71.000    -1.6611    -1.6608   2.603075   2.603126    380.555    371.561     0.1794     0.0633     0.1612    233.615   78.04662  -16.41383  17.970531    32.7468    32.7472 0.0000e+00
     72.000    -1.6581    -1.6579   2.605402   2.605409    379.670    370.820     0.1793     0.0718     0.1615    234.594   78.04662  -16.41382  17.773635    32.7751    32.7749 0.0000e+00
     73.000    -1.6556    -1.6554   2.607165   2.607208    379.164    370.126     0.1791     0.0703     0.1599    235.574   78.04662  -16.41382  18.168875    32.7962    32.7964 0.0000e+00
     74.000    -1.6524    -1.6522   2.609951   2.609987    377.865    369.488     0.1788     0.0679     0.1594    236.552   78.04661  -16.41381  17.716325    32.8305    32.8307 0.0000e+00
     75.000    -1.6487    -1.6484   2.611880   2.611919    377.079    369.035     0.1786     0.0608     0.1594    237.526   78.04660  -16.41380  17.549344    32.8525    32.8526 0.0000e+00
     76.000    -1.6257    -1.6258   2.615296   2.615350    377.121    368.444     0.1783     0.0629     0.1592    238.490   78.04660  -16.41380  17.708697    32.8737    32.8745 0.0000e+00
     77.000    -1.6220    -1.6217   2.616889   2.616895    377.305    368.376     0.1781     0.0821     0.1586    239.446   78.04660  -16.41380  17.947180    32.8909    32.8908 0.0000e+00
     78.000    -1.6187    -1.6185   2.619310   2.619387    377.262    368.231     0.1777     0.0810     0.1591    240.406   78.04660  -16.41378  18.092066    32.9202    32.9210 0.0000e+00
     79.000    -1.6111    -1.6108   2.623087   2.623112    375.911    367.393     0.1774     0.0692     0.1602    241.369   78.04660  -16.41378  18.249155    32.9633    32.9634 0.0000e+00
     80.000    -1.6168    -1.6164   2.624418   2.624444    374.897    366.704     0.1770     0.0735     0.1597    242.338   78.04660  -16.41378  18.114144    32.9874    32.9874 0.0000e+00
     81.000    -1.6119    -1.6116   2.627666   2.627716    373.679    366.007     0.1767     0.0751     0.1588    243.310   78.04660  -16.41376  18.171043    33.0263    33.0267 0.0000e+00
     82.000    -1.6057    -1.6054   2.630104   2.630116    372.262    365.300     0.1763     0.0636     0.1603    244.289   78.04660  -16.41376  17.938325    33.0525    33.0523 0.0000e+00
     83.000    -1.6027    -1.6024   2.632238   2.632248    372.101    364.708     0.1759     0.0641     0.1610    245.273   78.04660  -16.41376  17.810128    33.0781    33.0779 0.0000e+00
     84.000    -1.6015    -1.6012   2.633702   2.633684    371.490    363.955     0.1755     0.0712     0.1593    246.249   78.04660  -16.41374  18.373196    33.0963    33.0957 0.0000e+00
     85.000    -1.6048    -1.6045   2.635270   2.635295    372.171    363.412     0.1751     0.0725     0.1589    247.219   78.04660  -16.41374  18.316233    33.1210    33.1211 0.0000e+00
     86.000    -1.5988    -1.5987   2.638538   2.638554    372.454    362.740     0.1747     0.0684     0.1586    248.198   78.04660  -16.41374  18.654803    33.1590    33.1591 0.0000e+00
