test_project/cnv_files/Sta0209_bin.cnv
* Sea-Bird SBE 9 Data File:
* FileName = C:\Seabird\CTDDATA\Sta0209.hex
* Software Version Seasave V 7.26.7.107
* Temperature SN = 03-4535
* Conductivity SN = 2860
* Number of Bytes Per Scan = 44
* Number of Voltage Words = 5
* Number of Scans Averaged by the Deck Unit = 1
* NMEA Latitude = 78 49.99 N
* NMEA Longitude = 008 30.06 W
* NMEA UTC (Time) = Sep 05 2019 10:54:00
* NMEA baud rate = 9600
** Ship: "Kronprins Haakon"
** Station: 0209
** Echodepth: 277
** Log: 5915.343
** Wind-Dir Force(m/s): 20 13
** Air-temp (dry): -1.2
** Weather Sky: 2 6
** Sea Ice: 1 4
# nquan = 17
# nvalues = 266                         
# units = specified
# name 0 = prDM: Pressure, Digiquartz [db]
# name 1 = t090C: Temperature [ITS-90, deg C]
# name 2 = t190C: Temperature, 2 [ITS-90, deg C]
# name 3 = c0S/m: Conductivity [S/m]
# name 4 = c1S/m: Conductivity, 2 [S/m]
# name 5 = sbox0Mm/Kg: Oxygen, SBE 43 [umol/kg]
# name 6 = sbox1Mm/Kg: Oxygen, SBE 43, 2 [umol/kg]
# name 7 = wetCDOM: Fluorescence, WET Labs CDOM [mg/m^3]
# name 8 = flECO-AFL: Fluorescence, WET Labs ECO-AFL/FL [mg/m^3]
# name 9 = CStarAt0: Beam Attenuation, WET Labs C-Star [1/m]
# name 10 = timeS: Time, Elapsed [seconds]
# name 11 = latitude: Latitude [deg]
# name 12 = longitude: Longitude [deg]
# name 13 = upoly0: Upoly 0, ISUS
# name 14 = sal00: Salinity, Practical [PSU]
# name 15 = sal11: Salinity, Practical, 2 [PSU]
# name 16 = flag: flag
# span 0 =      2.000,    267.000       
# span 1 =    -1.5652,     1.4782       
# span 2 =    -1.5647,     1.4767       
# span 3 =   2.455666,   3.031398       
# span 4 =   2.455657,   3.031307       
# span 5 =    311.543,    405.325       
# span 6 =    307.226,    402.573       
# span 7 =     0.1115,     0.1769       
# span 8 =     0.0095,     1.0257       
# span 9 =     0.1446,     0.3550       
# span 10 =    270.707,    565.953      
# span 11 =   78.83322,   78.83322      
# span 12 =   -8.50106,   -8.50102      
# span 13 =  13.166560,  25.061674      
# span 14 =    30.5820,    34.8368      
# span 15 =    30.5810,    34.8373      
# span 16 = 0.0000e+00, 0.0000e+00      
# interval = decibars: 1                
# start_time = Sep 05 2019 10:54:00 [NMEA time, header]
# bad_flag = -9.990e-29
*END*
[from data line 86]
     88.000    -1.0599    -1.0604   2.749032   2.748935    345.109    342.872     0.1472     0.0902     0.1594    367.256   78.83322   -8.50104  20.239408    34.0699    34.0691 0.0000e+00
     89.000    -1.1219    -1.1185   2.745541   2.745533    345.058    343.353     0.1464     0.0901     0.1586    368.344   78.83322   -8.50104  19.905016    34.0920    34.0880 0.0000e+00
     90.000    -1.1632    -1.1616   2.743057   2.743042    345.226    343.771     0.1457     0.0885     0.1584    369.441   78.83322   -8.50104  19.777665    34.1043    34.1023 0.0000e+00
     91.000    -1.1752    -1.1747   2.742485   2.742426    344.710    343.932     0.1450     0.0814     0.1587    370.530   78.83322   -8.50104  20.407024    34.1095    34.1081 0.0000e+00
     92.000    -1.1795    -1.1789   2.742743   2.742696    346.562    343.805     0.1444     0.0755     0.1579    371.578   78.83322   -8.50104  20.714077    34.1173    34.1159 0.0000e+00
     93.000    -1.1805    -1.1799   2.743594   2.743551    347.977    342.928     0.1437     0.0755     0.1563    372.586   78.83322   -8.50104  20.859640    34.1295    34.1282 0.0000e+00
     94.000    -1.1848    -1.1844   2.744004   2.743948    347.919    341.670     0.1431     0.0753     0.1563    373.562   78.83322   -8.50104  21.021031    34.1393    34.1381 0.0000e+00
     95.000    -1.1812    -1.1812   2.745365   2.745322    348.050    340.946     0.1425     0.0694     0.1561    374.516   78.83322   -8.50104  20.722230    34.1533    34.1527 0.0000e+00
     96.000    -1.1590    -1.1592   2.747799   2.747757    347.175    340.200     0.1419     0.0733     0.1554    375.471   78.83322   -8.50106  20.721122    34.1608    34.1604 0.0000e+00
     97.000    -1.1470    -1.1468   2.749461   2.749411    346.963    339.751     0.1413     0.0756     0.1531    376.450   78.83322   -8.50106  21.594969    34.1693    34.1683 0.0000e+00
     98.000    -1.1391    -1.1390   2.750862   2.750808    346.346    339.710     0.1408     0.0676     0.1519    377.462   78.83322   -8.50106  20.904696    34.1788    34.1779 0.0000e+00
     99.000    -1.1240    -1.1248   2.752527   2.752408    345.003    339.323     0.1402     0.0610     0.1514    378.517   78.83322   -8.50104  21.147957    34.1837    34.1830 0.0000e+00
    100.000    -1.0842    -1.0850   2.756960   2.756922    344.054    338.410     0.1397     0.0646     0.1507    379.596   78.83322   -8.50104  21.386345    34.1983    34.1987 0.0000e+00
    101.000    -1.0321    -1.0333   2.762246   2.762133    342.702    337.732     0.1392     0.0714     0.1499    380.678   78.83322   -8.50104  21.104937    34.2106    34.2104 0.0000e+00
    102.000    -0.9637    -0.9663   2.768781   2.768639    342.068    336.962     0.1387     0.0684     0.1485    381.737   78.83322   -8.50104  20.921511    34.2212    34.2222 0.0000e+00
    103.000    -0.9240    -0.9243   2.772773   2.772654    341.163    336.641     0.1382     0.0632     0.1485    382.768   78.83322   -8.50104  21.034509    34.2298    34.2285 0.0000e+00
    104.000    -0.9234    -0.9227   2.772998   2.772970    340.298    336.834     0.1378     0.0657     0.1480    383.769   78.83322   -8.50105  21.339682    34.2316    34.2304 0.0000e+00
    105.000    -0.9145    -0.9173   2.774072   2.773793    337.901    335.982     0.1374     0.0619     0.1479    384.753   78.83322   -8.50106  22.358505    34.2354    34.2348 0.0000e+00
    106.000    -0.8604    -0.8617   2.779427   2.779393    335.868    334.789     0.1370     0.0661     0.1484    385.736   78.83322   -8.50106  21.362598    34.2461    34.2472 0.0000e+00
    107.000    -0.7637    -0.7642   2.788984   2.789029    335.683    333.711     0.1366     0.0547     0.1476    386.732   78.83322   -8.50106  21.195152    34.2653    34.2665 0.0000e+00
    108.000    -0.7122    -0.7130   2.794019   2.793943    337.502    334.181     0.1362     0.0665     0.1467    387.743   78.83322   -8.50106  21.201851    34.2744    34.2743 0.0000e+00
    109.000    -0.6625    -0.6631   2.799668   2.799610    337.686    333.628     0.1359     0.0609     0.1466    388.771   78.83322   -8.50105  21.367691    34.2938    34.2937 0.0000e+00
    110.000    -0.6252    -0.6259   2.803806   2.803706    334.728    332.190     0.1356     0.0663     0.1463    389.808   78.83322   -8.50104  21.617642    34.3068    34.3062 0.0000e+00
    111.000    -0.5868    -0.5887   2.807644   2.807469    331.271    331.076     0.1352     0.0490     0.1460    390.857   78.83322   -8.50104  21.695143    34.3144    34.3142 0.0000e+00
    112.000    -0.5082    -0.5120   2.815456   2.815219    328.606    329.067     0.1349     0.0455     0.1465    391.894   78.83322   -8.50104  21.528585    34.3300    34.3311 0.0000e+00
    113.000    -0.4157    -0.4175   2.824819   2.824668    327.328    327.193     0.1347     0.0336     0.1459    392.915   78.83322   -8.50104  21.731080    34.3504    34.3505 0.0000e+00
    114.000    -0.3835    -0.3833   2.828148   2.828114    327.712    326.843     0.1344     0.0387     0.1458    393.925   78.83322   -8.50105  22.797764    34.3581    34.3574 0.0000e+00
    115.000    -0.3375    -0.3429   2.832774   2.832305    325.612    325.597     0.1342     0.0352     0.1456    394.922   78.83322   -8.50106  21.949478    34.3674    34.3673 0.0000e+00
    116.000    -0.2793    -0.2793   2.838688   2.838656    322.654    323.821     0.1340     0.0284     0.1454    395.923   78.83322   -8.50106  22.283257    34.3801    34.3798 0.0000e+00
    117.000    -0.2331    -0.2348   2.843399   2.843269    321.659    323.076     0.1338     0.0325     0.1455    396.933   78.83322   -8.50106  22.859076    34.3904    34.3905 0.0000e+00
    118.000    -0.1718    -0.1728   2.849633   2.849499    320.936    321.766     0.1336     0.0381     0.1455    397.953   78.83322   -8.50106  22.770032    34.4037    34.4030 0.0000e+00
    119.000    -0.0502    -0.0525   2.862116   2.862087    320.134    320.627     0.1335     0.0379     0.1454    398.995   78.83322   -8.50106  22.308583    34.4321    34.4343 0.0000e+00
    120.000    -0.0086    -0.0080   2.866590   2.866531    320.514    320.777     0.1333     0.0398     0.1446    400.047   78.83322   -8.50104  22.604253    34.4440    34.4426 0.0000e+00
    121.000     0.0045     0.0065   2.868005   2.868082    319.718    320.404     0.1332     0.0433     0.1457    401.102   78.83322   -8.50104  22.516968    34.4475    34.4462 0.0000e+00
    122.000     0.0245     0.0266   2.870072   2.870188    316.023    318.829     0.1331     0.0371     0.1470    402.143   78.83322   -8.50104  22.211521    34.4518    34.4508 0.0000e+00
    123.000     0.0430     0.0438   2.872040   2.872003    313.507    317.701     0.1329     0.0315     0.1465    403.159   78.83322   -8.50104  22.975865    34.4564    34.4550 0.0000e+00
    124.000     0.0785     0.0758   2.875716   2.875374    314.361    316.681     0.1328     0.0437     0.1465    404.159   78.83322   -8.50104  22.765375    34.4645    34.4630 0.0000e+00
    125.000     0.0875     0.0907   2.876699   2.876866    316.006    316.541     0.1327     0.0320     0.1468    405.147   78.83322   -8.50106  22.873681    34.4668    34.4654 0.0000e+00
    126.000     0.0953     0.0961   2.877536   2.877481    317.059    316.416     0.1325     0.0309     0.1474    406.126   78.83322   -8.50106  23.037184    34.4685    34.4668 0.0000e+00
    127.000     0.1031     0.1051   2.878364   2.878423    316.789    315.859     0.1324     0.0371     0.1478    407.121   78.83322   -8.50106  23.183755    34.4701    34.4685 0.0000e+00
    128.000     0.1093     0.1092   2.879010   2.878854    317.087    315.755     0.1322     0.0321     0.1486    408.128   78.83322   -8.50106  23.156567    34.4710    34.4690 0.0000e+00
    129.000     0.1192     0.1201   2.880055   2.880036    317.753    315.245     0.1320     0.0292     0.1486    409.160   78.83322   -8.50106  22.628977    34.4730    34.4718 0.0000e+00
    130.000     0.1286     0.1268   2.881065   2.880733    318.015    315.113     0.1318     0.0263     0.1486    410.218   78.83322   -8.50104  22.583467    34.4752    34.4729 0.0000e+00
    131.000     0.1629     0.1628   2.884626   2.884576    318.383    314.967     0.1316     0.0319     0.1488    411.291   78.83322   -8.50104  23.759282    34.4831    34.4826 0.0000e+00
    132.000     0.1783     0.1780   2.886296   2.886101    318.383    315.197     0.1313     0.0335     0.1487    412.362   78.83322   -8.50104  22.958579    34.4872    34.4851 0.0000e+00
    133.000     0.2026     0.2013   2.888892   2.888678    318.295    315.252     0.1311     0.0263     0.1488    413.410   78.83322   -8.50104  22.858341    34.4937    34.4922 0.0000e+00
    134.000     0.2159     0.2174   2.890378   2.890353    317.450    314.639     0.1308     0.0302     0.1506    414.429   78.83322   -8.50104  23.163871    34.4976    34.4957 0.0000e+00
    135.000     0.2207     0.2179   2.890957   2.890566    316.724    314.336     0.1305     0.0333     0.1482    415.421   78.83322   -8.50104  23.233833    34.4992    34.4973 0.0000e+00
    136.000     0.2785     0.2753   2.897024   2.896739    315.852    313.556     0.1302     0.0252     0.1497    416.388   78.83322   -8.50106  23.186365    34.5136    34.5135 0.0000e+00
    137.000     0.3086     0.3096   2.900316   2.900297    316.337    313.331     0.1299     0.0296     0.1491    417.354   78.83322   -8.50106  23.115948    34.5226    34.5212 0.0000e+00
    138.000     0.3373     0.3376   2.903414   2.903310    317.115    313.367     0.1297     0.0235     0.1486    418.323   78.83322   -8.50106  23.066673    34.5305    34.5289 0.0000e+00
    139.000     0.3623     0.3634   2.906071   2.906108    316.663    313.350     0.1294     0.0225     0.1492    419.317   78.83322   -8.50106  23.236502    34.5367    34.5361 0.0000e+00
    140.000     0.3902     0.3909   2.909043   2.908970    315.439    313.256     0.1291     0.0231     0.1504    420.362   78.83322   -8.50106  23.542842    34.5439    34.5422 0.0000e+00
    141.000     0.4020     0.4016   2.910314   2.910120    314.679    313.206     0.1288     0.0292     0.1503    421.449   78.83322   -8.50104  23.254609    34.5467    34.5446 0.0000e+00
    142.000     0.4251     0.4248   2.912762   2.912598    314.219    312.885     0.1285     0.0303     0.1512    422.564   78.83322   -8.50104  23.668214    34.5523    34.5505 0.0000e+00
    143.000     0.4631     0.4594   2.916689   2.916297    314.420    312.739     0.1282     0.0237     0.1511    423.657   78.83322   -8.50104  23.844552    34.5606    34.5596 0.0000e+00
    144.000     0.5476     0.5466   2.925463   2.925309    314.730    312.247     0.1279     0.0238     0.1520    424.710   78.83322   -8.50104  23.669777    34.5801    34.5793 0.0000e+00
    145.000     0.5697     0.5697   2.927853   2.927750    316.345    312.710     0.1276     0.0173     0.1524    425.714   78.83322   -8.50104  23.538084    34.5860    34.5847 0.0000e+00
    146.000     0.6056     0.6050   2.931675   2.931561    316.156    312.744     0.1273     0.0207     0.1528    426.675   78.83322   -8.50105  23.557245    34.5951    34.5943 0.0000e+00
    147.000     0.6296     0.6301   2.934502   2.934386    314.405    312.547     0.1270     0.0228     0.1532    427.620   78.83322   -8.50106  23.616174    34.6045    34.6025 0.0000e+00
    148.000     0.6407     0.6412   2.935815   2.935750    313.408    312.324     0.1267     0.0236     0.1534    428.565   78.83322   -8.50106  23.826718    34.6086    34.6072 0.0000e+00
    149.000     0.6538     0.6547   2.937367   2.937283    312.669    311.953     0.1264     0.0254     0.1540    429.542   78.83322   -8.50106  23.831684    34.6136    34.6114 0.0000e+00
    150.000     0.6596     0.6602   2.938268   2.938181    312.765    312.093     0.1261     0.0239     0.1543    430.587   78.83322   -8.50105  23.564749    34.6182    34.6164 0.0000e+00
    151.000     0.6742     0.6749   2.939855   2.939762    313.213    311.467     0.1257     0.0119     0.1544    431.691   78.83322   -8.50104  23.638010    34.6219    34.6200 0.0000e+00
    152.000     0.6830     0.6834   2.940789   2.940675    313.813    311.256     0.1254     0.0203     0.1554    432.825   78.83322   -8.50104  24.105132    34.6236    34.6217 0.0000e+00
    153.000     0.6857     0.6868   2.941219   2.941152    313.430    310.920     0.1251     0.0307     0.1564    433.941   78.83322   -8.50104  23.462942    34.6257    34.6235 0.0000e+00
    154.000     0.6866     0.6872   2.941489   2.941377    313.280    310.713     0.1247     0.0253     0.1580    435.000   78.83322   -8.50104  23.380977    34.6275    34.6255 0.0000e+00
    155.000     0.6857     0.6869   2.941566   2.941530    313.390    310.676     0.1244     0.0181     0.1591    435.996   78.83322   -8.50104  24.089154    34.6290    34.6272 0.0000e+00
    156.000     0.6924     0.6925   2.942368   2.942228    313.424    310.437     0.1241     0.0242     0.1602    436.940   78.83322   -8.50104  24.270779    34.6314    34.6294 0.0000e+00
    157.000     0.7224     0.7224   2.945322   2.945268    313.079    310.036     0.1238     0.0302     0.1614    437.866   78.83322   -8.50105  23.292697    34.6357    34.6349 0.0000e+00
    158.000     0.7396     0.7399   2.947081   2.946949    314.009    309.916     0.1236     0.0189     0.1627    438.803   78.83322   -8.50106  23.297621    34.6386    34.6366 0.0000e+00
    159.000     0.7610     0.7607   2.949382   2.949343    314.384    309.949     0.1233     0.0170     0.1638    439.779   78.83322   -8.50106  23.364628    34.6440    34.6438 0.0000e+00
    160.000     0.8155     0.8160   2.954992   2.954900    313.832    309.814     0.1230     0.0210     0.1646    440.826   78.83322   -8.50105  23.433229    34.6553    34.6537 0.0000e+00
    161.000     0.8175     0.8180   2.955443   2.955335    314.539    310.717     0.1228     0.0230     0.1648    441.943   78.83322   -8.50104  23.566053    34.6584    34.6565 0.0000e+00
    162.000     0.8261     0.8268   2.956459   2.956356    313.302    310.587     0.1226     0.0237     0.1649    443.097   78.83322   -8.50104  23.535342    34.6614    34.6593 0.0000e+00
    163.000     0.8254     0.8264   2.956535   2.956513    312.288    310.726     0.1224     0.0224     0.1654    444.226   78.83322   -8.50104  23.527051    34.6625    34.6611 0.0000e+00
    164.000     0.8259     0.8263   2.956731   2.956629    311.896    310.443     0.1222     0.0234     0.1655    445.293   78.83322   -8.50104  23.673767    34.6639    34.6622 0.0000e+00
    165.000     0.8234     0.8243   2.956564   2.956484    312.273    310.236     0.1220     0.0135     0.1656    446.298   78.83322   -8.50104  23.849904    34.6640    34.6619 0.0000e+00
    166.000     0.8209     0.8214   2.956405   2.956262    312.735    309.909     0.1218     0.0170     0.1663    447.248   78.83322   -8.50104  24.103608    34.6641    34.6617 0.0000e+00
    167.000     0.8174     0.8186   2.956136   2.956096    313.195    309.692     0.1216     0.0202     0.1668    448.175   78.83322   -8.50104  23.739908    34.6640    34.6620 0.0000e+00
    168.000     0.8130     0.8146   2.955841   2.955794    313.748    309.495     0.1215     0.0180     0.1665    449.113   78.83322   -8.50104  23.878546    34.6644    34.6621 0.0000e+00
    169.000     0.8430     0.8421   2.958995   2.958861    313.953    309.133     0.1214     0.0209     0.1674    450.087   78.83322   -8.50104  24.165985    34.6712    34.6705 0.0000e+00
    170.000     0.8553     0.8552   2.960335   2.960166    314.418    309.425     0.1213     0.0157     0.1680    451.117   78.83322   -8.50104  24.375395    34.6743    34.6722 0.0000e+00
    171.000     0.8444     0.8452   2.959489   2.959373    315.148    309.639     0.1212     0.0169     0.1689    452.207   78.83322   -8.50104  24.334213    34.6749    34.6724 0.0000e+00
