test_project/cnv_files/sta0194_bin.cnv
* Sea-Bird SBE 9 Data File:
* FileName = C:\Seabird\CTDDATA\Sta0194.hex
* Software Version Seasave V 7.26.7.107
* Temperature SN = 03-4535
* Conductivity SN = 2860
* Number of Bytes Per Scan = 44
* Number of Voltage Words = 5
* Number of Scans Averaged by the Deck Unit = 1
* NMEA Latitude = 78 49.97 N
* NMEA Longitude = 000 00.03 W
* NMEA UTC (Time) = Sep 02 2019 08:17:30
* NMEA baud rate = 9600
** Ship: "Kronprins Haakon"
** Station: 194
** Echodepth: 2587
** Log: 5704.18
** Wind-Dir Force(m/s): 03 24
** Air-temp (dry): 0.7
** Weather Sky: 0 0
** Sea Ice: 0 0
# nquan = 16
# nvalues = 2616                        
# units = specified
# name 0 = prDM: Pressure, Digiquartz [db]
# name 1 = t090C: Temperature [ITS-90, deg C]
# name 2 = t190C: Temperature, 2 [ITS-90, deg C]
# name 3 = c0S/m: Conductivity [S/m]
# name 4 = c1S/m: Conductivity, 2 [S/m]
# name 5 = sbox0Mm/Kg: Oxygen, SBE 43 [umol/kg]
# name 6 = sbox1Mm/Kg: Oxygen, SBE 43, 2 [umol/kg]
# name 7 = wetCDOM: Fluorescence, WET Labs CDOM [mg/m^3]
# name 8 = flECO-AFL: Fluorescence, WET Labs ECO-AFL/FL [mg/m^3]
# name 9 = CStarAt0: Beam Attenuation, WET Labs C-Star [1/m]
# name 10 = timeS: Time, Elapsed [seconds]
# name 11 = latitude: Latitude [deg]
# name 12 = longitude: Longitude [deg]
# name 13 = sal00: Salinity, Practical [PSU]
# name 14 = sal11: Salinity, Practical, 2 [PSU]
# name 15 = flag: flag
# span 0 =      3.000,   2618.000       
# span 1 =    -1.7556,     2.5665       
# span 2 =    -1.7572,     2.5668       
# span 3 =   2.645275,   3.130358       
# span 4 =   2.645079,   3.130232       
# span 5 =    299.359,    409.772       
# span 6 =    286.371,    382.399       
# span 7 =     0.0998,     0.1621       
# span 8 =    -0.0063,     1.0699       
# span 9 =     0.1086,     0.4186       
# span 10 =    423.616,   3056.026      
# span 11 =   78.83296,   78.83300      
# span 12 =   -0.00094,   -0.00056      
# span 13 =    31.6062,    34.9505      
# span 14 =    31.6028,    34.9500      
# span 15 = 0.0000e+00, 0.0000e+00      
# interval = decibars: 1                
# start_time = Sep 02 2019 08:17:30 [NMEA time, header]
# bad_flag = -9.990e-29
*END*
[from data line 452]
    455.000     0.8749     0.8747   2.991817   2.991840    306.503    292.905     0.1120     0.0021     0.1091    897.412   78.83298   -0.00074    34.8918    34.8923 0.0000e+00
    456.000     0.8794     0.8810   2.992338   2.992492    307.000    293.292     0.1122     0.0015     0.1093    898.414   78.83298   -0.00074    34.8929    34.8931 0.0000e+00
    457.000     0.8756     0.8762   2.992041   2.992091    307.194    293.532     0.1124     0.0017     0.1096    899.419   78.83298   -0.00074    34.8927    34.8927 0.0000e+00
    458.000     0.8755     0.8761   2.992095   2.992120    307.259    293.699     0.1126     0.0019     0.1093    900.426   78.83298   -0.00074    34.8929    34.8926 0.0000e+00
    459.000     0.8614     0.8631   2.990812   2.990901    307.445    293.611     0.1127     0.0018     0.1094    901.438   78.83298   -0.00074    34.8916    34.8908 0.0000e+00
    460.000     0.8268     0.8304   2.987667   2.987911    307.951    293.842     0.1127     0.0019     0.1094    902.455   78.83298   -0.00074    34.8891    34.8883 0.0000e+00
    461.000     0.7911     0.7928   2.984448   2.984508    307.843    294.195     0.1128     0.0015     0.1100    903.454   78.83298   -0.00074    34.8868    34.8857 0.0000e+00
    462.000     0.7775     0.7774   2.983212   2.983214    307.474    293.958     0.1128     0.0017     0.1106    904.441   78.83298   -0.00074    34.8855    34.8857 0.0000e+00
    463.000     0.7807     0.7794   2.983564   2.983468    306.994    293.384     0.1127     0.0006     0.1104    905.434   78.83298   -0.00074    34.8858    34.8861 0.0000e+00
    464.000     0.7917     0.7894   2.984682   2.984474    306.756    293.274     0.1126    -0.0043     0.1108    906.443   78.83298   -0.00074    34.8875    34.8874 0.0000e+00
    465.000     0.7954     0.7950   2.985090   2.985044    306.779    293.235     0.1125     0.0020     0.1100    907.449   78.83298   -0.00074    34.8880    34.8879 0.0000e+00
    466.000     0.7968     0.7947   2.985283   2.985066    306.875    293.161     0.1123     0.0022     0.1100    908.443   78.83298   -0.00074    34.8883    34.8879 0.0000e+00
    467.000     0.8015     0.7982   2.985772   2.985461    306.956    293.581     0.1121     0.0022     0.1101    909.437   78.83298   -0.00074    34.8888    34.8884 0.0000e+00
    468.000     0.8017     0.8023   2.985853   2.985912    306.949    293.568     0.1119     0.0080     0.1101    910.440   78.83298   -0.00074    34.8890    34.8891 0.0000e+00
    469.000     0.8102     0.8107   2.986719   2.986791    307.184    293.342     0.1117     0.0095     0.1100    911.448   78.83298   -0.00074    34.8902    34.8905 0.0000e+00
    470.000     0.8147     0.8132   2.987195   2.987067    307.738    293.698     0.1115     0.0001     0.1103    912.458   78.83298   -0.00074    34.8907    34.8907 0.0000e+00
    471.000     0.8306     0.8277   2.988755   2.988512    307.362    293.596     0.1112    -0.0012     0.1099    913.463   78.83298   -0.00074    34.8925    34.8926 0.0000e+00
    472.000     0.8306     0.8289   2.988838   2.988666    307.529    293.602     0.1110     0.0021     0.1096    914.468   78.83298   -0.00074    34.8929    34.8927 0.0000e+00
    473.000     0.8314     0.8321   2.988946   2.989004    307.346    293.594     0.1108     0.0011     0.1095    915.481   78.83298   -0.00074    34.8929    34.8929 0.0000e+00
    474.000     0.8023     0.8075   2.986344   2.986707    307.666    294.148     0.1106     0.0011     0.1097    916.485   78.83298   -0.00074    34.8912    34.8901 0.0000e+00
    475.000     0.7781     0.7798   2.984130   2.984253    307.863    294.790     0.1104     0.0015     0.1114    917.472   78.83298   -0.00074    34.8891    34.8888 0.0000e+00
    476.000     0.7753     0.7752   2.983898   2.983867    307.630    294.161     0.1102     0.0013     0.1094    918.455   78.83298   -0.00074    34.8886    34.8883 0.0000e+00
    477.000     0.7711     0.7709   2.983585   2.983569    307.873    293.925     0.1101     0.0019     0.1092    919.459   78.83298   -0.00072    34.8887    34.8887 0.0000e+00
    478.000     0.7833     0.7832   2.984818   2.984844    307.390    293.894     0.1099     0.0016     0.1086    920.482   78.83298   -0.00072    34.8905    34.8909 0.0000e+00
    479.000     0.7923     0.7923   2.985727   2.985760    307.479    293.472     0.1097     0.0019     0.1091    921.500   78.83298   -0.00072    34.8915    34.8919 0.0000e+00
    480.000     0.8004     0.8006   2.986537   2.986562    307.519    293.692     0.1096     0.0022     0.1090    922.502   78.83298   -0.00072    34.8924    34.8925 0.0000e+00
    481.000     0.8094     0.8093   2.987473   2.987491    307.399    293.707     0.1094     0.0075     0.1094    923.486   78.83298   -0.00074    34.8939    34.8941 0.0000e+00
    482.000     0.8140     0.8135   2.988003   2.987922    307.538    293.834     0.1092     0.0039     0.1102    924.476   78.83298   -0.00072    34.8949    34.8945 0.0000e+00
    483.000     0.8106     0.8084   2.987850   2.987642    307.853    293.975     0.1091     0.0023     0.1097    925.478   78.83298   -0.00072    34.8961    34.8960 0.0000e+00
    484.000     0.8213     0.8204   2.988936   2.988864    307.596    294.012     0.1089     0.0060     0.1099    926.483   78.83298   -0.00072    34.8976    34.8977 0.0000e+00
    485.000     0.8365     0.8364   2.990471   2.990505    307.908    294.488     0.1088     0.0096     0.1100    927.488   78.83298   -0.00072    34.8998    34.9005 0.0000e+00
    486.000     0.8426     0.8428   2.991172   2.991161    308.331    294.639     0.1087     0.0069     0.1096    928.495   78.83298   -0.00072    34.9015    34.9012 0.0000e+00
    487.000     0.8321     0.8342   2.990295   2.990447    308.574    295.162     0.1086     0.0043     0.1101    929.501   78.83298   -0.00072    34.9014    34.9010 0.0000e+00
    488.000     0.8412     0.8395   2.991238   2.991094    308.661    295.494     0.1086     0.0078     0.1105    930.503   78.83298   -0.00072    34.9028    34.9028 0.0000e+00
    489.000     0.8456     0.8422   2.991704   2.991418    309.039    295.573     0.1086     0.0026     0.1110    931.499   78.83298   -0.00072    34.9034    34.9035 0.0000e+00
    490.000     0.8542     0.8533   2.992629   2.992498    309.447    295.944     0.1086     0.0089     0.1111    932.502   78.83298   -0.00072    34.9050    34.9043 0.0000e+00
    491.000     0.8348     0.8330   2.990911   2.990662    309.600    296.424     0.1086     0.0096     0.1106    933.515   78.83298   -0.00072    34.9040    34.9028 0.0000e+00
    492.000     0.8063     0.8072   2.988276   2.988288    309.780    296.478     0.1087     0.0094     0.1115    934.518   78.83298   -0.00072    34.9013    34.9003 0.0000e+00
    493.000     0.7792     0.7794   2.985782   2.985728    309.930    296.360     0.1088     0.0027     0.1116    935.516   78.83298   -0.00072    34.8987    34.8978 0.0000e+00
    494.000     0.7548     0.7531   2.983520   2.983291    310.347    296.297     0.1090     0.0017     0.1118    936.502   78.83298   -0.00072    34.8962    34.8952 0.0000e+00
    495.000     0.7536     0.7493   2.983419   2.983063    310.006    295.967     0.1092     0.0017     0.1121    937.497   78.83298   -0.00070    34.8957    34.8958 0.0000e+00
    496.000     0.7496     0.7497   2.983154   2.983129    309.579    295.799     0.1094     0.0014     0.1122    938.508   78.83298   -0.00070    34.8961    34.8957 0.0000e+00
    497.000     0.7562     0.7568   2.983842   2.983888    309.431    295.655     0.1096     0.0011     0.1118    939.516   78.83298   -0.00070    34.8970    34.8970 0.0000e+00
    498.000     0.7579     0.7576   2.984098   2.984049    309.554    295.541     0.1099     0.0050     0.1112    940.517   78.83298   -0.00070    34.8979    34.8976 0.0000e+00
    499.000     0.7793     0.7785   2.986173   2.986248    309.095    295.401     0.1102     0.0069     0.1118    941.517   78.83298   -0.00070    34.9002    34.9021 0.0000e+00
    500.000     0.8282     0.8287   2.990887   2.991025    309.056    295.342     0.1105     0.0019     0.1121    942.531   78.83298   -0.00070    34.9058    34.9070 0.0000e+00
    501.000     0.8464     0.8459   2.992736   2.992689    309.508    295.787     0.1108     0.0031     0.1115    943.550   78.83298   -0.00070    34.9088    34.9087 0.0000e+00
    502.000     0.8507     0.8506   2.993226   2.993192    309.798    296.443     0.1111     0.0084     0.1117    944.550   78.83298   -0.00070    34.9097    34.9094 0.0000e+00
    503.000     0.8347     0.8368   2.991830   2.991965    310.467    297.031     0.1114     0.0020     0.1117    945.541   78.83298   -0.00070    34.9090    34.9084 0.0000e+00
    504.000     0.8154     0.8139   2.990079   2.989854    311.045    297.360     0.1117     0.0082     0.1113    946.529   78.83298   -0.00070    34.9074    34.9062 0.0000e+00
    505.000     0.7963     0.7895   2.988319   2.987575    311.261    297.540     0.1120     0.0033     0.1119    947.527   78.83298   -0.00069    34.9054    34.9035 0.0000e+00
    506.000     0.7855     0.7759   2.987381   2.986555    311.140    297.509     0.1123     0.0076     0.1119    948.536   78.83298   -0.00068    34.9048    34.9049 0.0000e+00
    507.000     0.7789     0.7737   2.986796   2.986205    310.838    297.039     0.1125     0.0044     0.1122    949.542   78.83298   -0.00070    34.9041    34.9022 0.0000e+00
    508.000     0.7461     0.7484   2.983828   2.983968    310.947    297.387     0.1127     0.0016     0.1122    950.549   78.83298   -0.00070    34.9018    34.9010 0.0000e+00
    509.000     0.7664     0.7630   2.985723   2.985445    309.945    296.937     0.1129     0.0013     0.1122    951.553   78.83298   -0.00070    34.9030    34.9032 0.0000e+00
    510.000     0.7696     0.7682   2.986082   2.985958    310.165    296.595     0.1131     0.0044     0.1122    952.553   78.83298   -0.00070    34.9035    34.9035 0.0000e+00
    511.000     0.7672     0.7706   2.985935   2.986274    310.624    296.637     0.1132     0.0064     0.1127    953.545   78.83298   -0.00069    34.9037    34.9042 0.0000e+00
    512.000     0.7743     0.7753   2.986655   2.986741    310.399    296.643     0.1133     0.0016     0.1123    954.543   78.83298   -0.00068    34.9045    34.9045 0.0000e+00
    513.000     0.7708     0.7714   2.986388   2.986417    310.529    296.555     0.1134     0.0018     0.1122    955.551   78.83298   -0.00068    34.9044    34.9041 0.0000e+00
    514.000     0.7669     0.7664   2.986085   2.986014    310.484    296.675     0.1135     0.0018     0.1122    956.567   78.83298   -0.00068    34.9042    34.9039 0.0000e+00
    515.000     0.7507     0.7520   2.984633   2.984666    310.538    297.102     0.1135     0.0014     0.1122    957.578   78.83298   -0.00068    34.9030    34.9019 0.0000e+00
    516.000     0.7282     0.7303   2.982593   2.982722    310.629    297.489     0.1135     0.0011     0.1127    958.567   78.83298   -0.00068    34.9012    34.9005 0.0000e+00
    517.000     0.6946     0.6980   2.979541   2.979737    310.703    297.338     0.1135     0.0017     0.1123    959.548   78.83298   -0.00068    34.8987    34.8974 0.0000e+00
    518.000     0.6593     0.6597   2.976323   2.976316    310.891    297.192     0.1134     0.0008     0.1122    960.543   78.83298   -0.00068    34.8960    34.8955 0.0000e+00
    519.000     0.6487     0.6480   2.975382   2.975301    310.336    296.858     0.1133     0.0016     0.1123    961.544   78.83298   -0.00069    34.8951    34.8948 0.0000e+00
    520.000     0.6433     0.6439   2.974928   2.974966    309.998    296.490     0.1133     0.0011     0.1122    962.551   78.83298   -0.00069    34.8947    34.8944 0.0000e+00
    521.000     0.6395     0.6391   2.974633   2.974574    309.892    296.439     0.1131     0.0014     0.1122    963.557   78.83298   -0.00068    34.8945    34.8943 0.0000e+00
    522.000     0.6380     0.6380   2.974537   2.974525    309.705    296.179     0.1130     0.0018     0.1123    964.561   78.83298   -0.00068    34.8944    34.8943 0.0000e+00
    523.000     0.6278     0.6303   2.973656   2.973868    309.581    295.981     0.1129    -0.0015     0.1121    965.566   78.83298   -0.00068    34.8938    34.8937 0.0000e+00
    524.000     0.6266     0.6267   2.973595   2.973596    309.303    295.810     0.1128    -0.0034     0.1118    966.572   78.83298   -0.00068    34.8938    34.8937 0.0000e+00
    525.000     0.6248     0.6248   2.973476   2.973478    309.567    296.013     0.1127     0.0033     0.1115    967.564   78.83298   -0.00068    34.8937    34.8938 0.0000e+00
    526.000     0.6245     0.6258   2.973483   2.973592    309.497    295.917     0.1125     0.0094     0.1114    968.542   78.83298   -0.00068    34.8935    34.8935 0.0000e+00
    527.000     0.6237     0.6242   2.973479   2.973515    309.507    295.894     0.1124     0.0092     0.1107    969.535   78.83298   -0.00068    34.8937    34.8937 0.0000e+00
    528.000     0.6229     0.6229   2.973454   2.973456    309.503    296.006     0.1123     0.0030     0.1106    970.547   78.83298   -0.00068    34.8938    34.8938 0.0000e+00
    529.000     0.6218     0.6211   2.973396   2.973315    309.475    296.286     0.1122     0.0087     0.1102    971.561   78.83298   -0.00068    34.8937    34.8934 0.0000e+00
    530.000     0.6200     0.6203   2.973285   2.973321    309.673    295.813     0.1121     0.0096     0.1102    972.566   78.83298   -0.00068    34.8937    34.8938 0.0000e+00
    531.000     0.6243     0.6230   2.973731   2.973614    309.819    295.874     0.1119     0.0095     0.1109    973.568   78.83298   -0.00068    34.8941    34.8940 0.0000e+00
    532.000     0.6218     0.6201   2.973556   2.973386    309.724    295.692     0.1118     0.0046     0.1104    974.572   78.83298   -0.00068    34.8940    34.8937 0.0000e+00
    533.000     0.6288     0.6260   2.974246   2.974004    309.641    295.770     0.1116     0.0018     0.1109    975.574   78.83298   -0.00068    34.8945    34.8945 0.0000e+00
    534.000     0.6338     0.6335   2.974777   2.974758    309.709    296.040     0.1114     0.0050     0.1101    976.564   78.83298   -0.00068    34.8952    34.8953 0.0000e+00
    535.000     0.6365     0.6369   2.975085   2.975132    309.478    296.096     0.1112     0.0067     0.1103    977.544   78.83298   -0.00068    34.8956    34.8958 0.0000e+00
    536.000     0.6506     0.6482   2.976466   2.976303    309.464    295.967     0.1110     0.0021     0.1104    978.539   78.83298   -0.00068    34.8971    34.8977 0.0000e+00
    537.000     0.6724     0.6723   2.978609   2.978635    309.521    295.871     0.1108     0.0036     0.1105    979.555   78.83298   -0.00068    34.8999    34.9003 0.0000e+00
    538.000     0.6818     0.6801   2.979570   2.979417    309.654    296.305     0.1105     0.0095     0.1100    980.576   78.83298   -0.00068    34.9013    34.9012 0.0000e+00
    539.000     0.6842     0.6847   2.979861   2.979906    309.885    296.418     0.1103     0.0087     0.1108    981.575   78.83298   -0.00068    34.9017    34.9018 0.0000e+00
    540.000     0.7266     0.7211   2.983952   2.983603    309.663    296.067     0.1100     0.0026     0.1115    982.562   78.83298   -0.00068    34.9066    34.9083 0.0000e+00
    541.000     0.7767     0.7742   2.988854   2.988694    310.007    296.490     0.1097     0.0085     0.1155    983.564   78.83298   -0.00068    34.9134    34.9140 0.0000e+00
    542.000     0.7746     0.7752   2.988835   2.988835    311.312    297.373     0.1095     0.0027     0.1131    984.576   78.83298   -0.00068    34.9148    34.9142 0.0000e+00
    543.000     0.7623     0.7638   2.987761   2.987852    311.282    297.829     0.1092     0.0021     0.1122    985.589   78.83298   -0.00068    34.9142    34.9137 0.0000e+00
    544.000     0.7472     0.7477   2.986438   2.986441    311.955    298.325     0.1090     0.0073     0.1127    986.592   78.83298   -0.00068    34.9134    34.9129 0.0000e+00
