test_project/cnv_files/Sta0221_bin.cnv
* Sea-Bird SBE 9 Data File:
* FileName = C:\Seabird\CTDDATA\Sta0221.hex
* Software Version Seasave V 7.26.7.107
* Temperature SN = 03-4535
* Conductivity SN = 2860
* Number of Bytes Per Scan = 44
* Number of Voltage Words = 5
* Number of Scans Averaged by the Deck Unit = 1
* NMEA Latitude = 78 15.98 N
* NMEA Longitude = 015 13.32 W
* NMEA UTC (Time) = Sep 07 2019 21:55:41
* NMEA baud rate = 9600
** Ship: "Kronprins Haakon"
** Station: 0221
** Echodepth: 137
** Log: 6054.602
** Wind-Dir Force(m/s): 25 07
** Air-temp (dry): -1.2
** Weather Sky: 0 1
** Sea Ice: 0 1
# nquan = 17
# nvalues = 123                         
# units = specified
# name 0 = prDM: Pressure, Digiquartz [db]
# name 1 = t090C: Temperature [ITS-90, deg C]
# name 2 = t190C: Temperature, 2 [ITS-90, deg C]
# name 3 = c0S/m: Conductivity [S/m]
# name 4 = c1S/m: Conductivity, 2 [S/m]
# name 5 = sbox0Mm/Kg: Oxygen, SBE 43 [umol/kg]
# name 6 = sbox1Mm/Kg: Oxygen, SBE 43, 2 [umol/kg]
# name 7 = wetCDOM: Fluorescence, WET Labs CDOM [mg/m^3]
# name 8 = flECO-AFL: Fluorescence, WET Labs ECO-AFL/FL [mg/m^3]
# name 9 = CStarAt0: Beam Attenuation, WET Labs C-Star [1/m]
# name 10 = timeS: Time, Elapsed [seconds]
# name 11 = latitude: Latitude [deg]
# name 12 = longitude: Longitude [deg]
# name 13 = upoly0: Upoly 0, ISUS
# name 14 = sal00: Salinity, Practical [PSU]
# name 15 = sal11: Salinity, Practical, 2 [PSU]
# name 16 = flag: flag
# span 0 =      2.000,    124.000       
# span 1 =    -1.6722,    -0.8091       
# span 2 =    -1.6720,    -0.8090       
# span 3 =   2.407010,   2.747154       
# span 4 =   2.406929,   2.746886       
# span 5 =    333.845,    432.678       
# span 6 =    332.196,    415.126       
# span 7 =     0.1213,     0.1822       
# span 8 =     0.0246,     2.1091       
# span 9 =     0.1490,     0.3190       
# span 10 =     91.953,    226.487      
# span 11 =   78.26660,   78.26684      
# span 12 =  -15.22178,  -15.22135      
# span 13 =  11.835460,  20.242131      
# span 14 =    29.4136,    33.7862      
# span 15 =    29.4129,    33.7846      
# span 16 = 0.0000e+00, 0.0000e+00      
# interval = decibars: 1                
# start_time = Sep 07 2019 21:55:41 [NMEA time, header]
# bad_flag = -9.990e-29
*END*
      2.000    -0.9423    -0.9420   2.411503   2.411561    395.404    393.687     0.1369     0.1379     0.2013     91.953   78.26660  -15.22178  12.175488    29.4327    29.4332 0.0000e+00
      3.000    -0.9409    -0.9449   2.411689   2.411119    395.171    393.784     0.1340     0.1420     0.2023     94.314   78.26660  -15.22178  12.673905    29.4333    29.4296 0.0000e+00
      4.000    -0.9475    -0.9474   2.410891   2.410863    396.006    393.596     0.1332     0.1252     0.1998     96.066   78.26660  -15.22178  12.202668    29.4286    29.4281 0.0000e+00
      5.000    -0.9521    -0.9466   2.410344   2.410938    396.956    393.086     0.1329     0.1276     0.1978     97.599   78.26660  -15.22177  12.412909    29.4252    29.4278 0.0000e+00
      6.000    -0.9581    -0.9583   2.409881   2.409687    397.394    392.358     0.1314     0.1317     0.2028     99.020   78.26660  -15.22176  11.904946    29.4243    29.4219 0.0000e+00
      7.000    -0.9879    -0.9875   2.407043   2.407013    398.670    391.798     0.1285     0.1207     0.1983    100.307   78.26660  -15.22176  12.062422    29.4149    29.4142 0.0000e+00
      8.000    -0.9887    -0.9890   2.407010   2.406929    398.033    390.862     0.1266     0.1258     0.1974    101.448   78.26660  -15.22176  12.197397    29.4147    29.4139 0.0000e+00
      9.000    -0.9821    -0.9816   2.407454   2.407469    398.721    390.514     0.1248     0.1269     0.1967    102.529   78.26661  -15.22176  11.981297    29.4136    29.4134 0.0000e+00
     10.000    -0.9810    -0.9819   2.407583   2.407453    400.038    390.846     0.1232     0.1308     0.1967    103.603   78.26662  -15.22175  12.100925    29.4137    29.4129 0.0000e+00
     11.000    -0.9822    -0.9827   2.407528   2.407453    400.536    391.352     0.1220     0.1212     0.1964    104.682   78.26662  -15.22174  12.704919    29.4136    29.4131 0.0000e+00
     12.000    -0.9703    -0.9690   2.408494   2.408606    400.252    391.167     0.1213     0.1197     0.1967    105.763   78.26662  -15.22174  12.840269    29.4143    29.4145 0.0000e+00
     13.000    -0.9714    -0.9714   2.408591   2.408538    400.811    391.558     0.1213     0.1256     0.1963    106.836   78.26662  -15.22174  12.459688    29.4161    29.4154 0.0000e+00
     14.000    -0.9628    -0.9628   2.410316   2.410454    401.482    391.671     0.1221     0.1207     0.1981    107.912   78.26662  -15.22174  12.272600    29.4303    29.4322 0.0000e+00
     15.000    -0.9355    -0.9351   2.415212   2.415170    401.010    391.341     0.1237     0.1297     0.1969    108.990   78.26662  -15.22174  12.390925    29.4685    29.4676 0.0000e+00
     16.000    -0.8978    -0.8997   2.420963   2.420997    401.854    391.446     0.1260     0.1501     0.1970    110.048   78.26662  -15.22172  12.532964    29.5078    29.5102 0.0000e+00
     17.000    -0.8390    -0.8389   2.428829   2.428788    402.284    391.019     0.1289     0.1335     0.1967    111.098   78.26664  -15.22172  12.195332    29.5546    29.5540 0.0000e+00
     18.000    -0.8366    -0.8362   2.431947   2.431914    404.030    393.144     0.1323     0.1424     0.1974    112.136   78.26664  -15.22172  12.606674    29.5934    29.5925 0.0000e+00
     19.000    -0.8091    -0.8103   2.444635   2.444356    402.799    392.936     0.1360     0.1585     0.1992    113.165   78.26664  -15.22172  12.374792    29.7350    29.7325 0.0000e+00
     20.000    -0.8099    -0.8090   2.484398   2.483343    399.531    391.604     0.1399     0.1866     0.1983    114.202   78.26664  -15.22172  12.381077    30.2665    30.2515 0.0000e+00
     21.000    -0.8273    -0.8260   2.549396   2.548500    396.219    389.423     0.1439     0.2435     0.2001    115.248   78.26664  -15.22170  12.058501    31.1545    31.1411 0.0000e+00
     22.000    -0.8721    -0.8694   2.574391   2.573839    396.646    389.075     0.1474     0.2878     0.2220    116.318   78.26664  -15.22170  12.276275    31.5365    31.5262 0.0000e+00
     23.000    -0.9268    -0.9222   2.584007   2.583885    401.667    393.167     0.1503     0.3279     0.2408    117.403   78.26664  -15.22170  12.601500    31.7231    31.7165 0.0000e+00
     24.000    -0.9903    -0.9891   2.585509   2.585463    412.743    402.098     0.1526     0.4061     0.2394    118.489   78.26664  -15.22170  12.850859    31.8099    31.8079 0.0000e+00
     25.000    -1.0010    -1.0003   2.585811   2.585767    421.654    408.881     0.1543     0.4728     0.2386    119.583   78.26664  -15.22170  12.882399    31.8246    31.8233 0.0000e+00
     26.000    -1.0281    -1.0248   2.585661   2.585645    428.382    412.984     0.1554     0.5455     0.2329    120.670   78.26664  -15.22169  12.765739    31.8508    31.8471 0.0000e+00
     27.000    -1.1237    -1.1194   2.583245   2.583282    432.678    415.126     0.1560     0.6320     0.2262    121.737   78.26664  -15.22168  12.503926    31.9191    31.9150 0.0000e+00
     28.000    -1.1820    -1.1796   2.582565   2.582540    431.776    414.418     0.1564     0.7509     0.2252    122.791   78.26665  -15.22168  12.202882    31.9715    31.9685 0.0000e+00
     29.000    -1.2194    -1.2178   2.582112   2.582107    429.503    413.518     0.1566     0.9296     0.2311    123.826   78.26666  -15.22168  12.687934    32.0046    32.0029 0.0000e+00
     30.000    -1.3146    -1.3082   2.576326   2.576430    430.086    413.609     0.1568     1.0430     0.2358    124.854   78.26666  -15.22168  12.993805    32.0272    32.0216 0.0000e+00
     31.000    -1.4099    -1.4077   2.571207   2.571229    429.601    412.592     0.1572     1.1621     0.2405    125.880   78.26666  -15.22168  11.835460    32.0589    32.0568 0.0000e+00
     32.000    -1.4572    -1.4547   2.569073   2.569090    426.780    410.253     0.1580     1.6247     0.2547    126.909   78.26666  -15.22167  12.599550    32.0799    32.0774 0.0000e+00
     33.000    -1.5321    -1.5276   2.564715   2.564820    427.799    409.279     0.1591     2.1091     0.2721    127.946   78.26666  -15.22166  12.731607    32.1001    32.0967 0.0000e+00
     34.000    -1.5825    -1.5815   2.561988   2.561977    428.486    407.689     0.1603     1.7395     0.2816    128.992   78.26666  -15.22166  12.693158    32.1164    32.1153 0.0000e+00
     35.000    -1.5839    -1.5848   2.562862   2.562809    426.845    406.154     0.1614     0.7384     0.2930    130.060   78.26666  -15.22166  13.914887    32.1294    32.1296 0.0000e+00
     36.000    -1.5570    -1.5572   2.565873   2.565827    422.939    402.319     0.1624     0.7640     0.3067    131.141   78.26666  -15.22166  14.674465    32.1411    32.1408 0.0000e+00
     37.000    -1.5556    -1.5558   2.566571   2.566536    416.262    396.482     0.1635     1.1632     0.3190    132.236   78.26668  -15.22166  14.279765    32.1487    32.1484 0.0000e+00
     38.000    -1.5585    -1.5577   2.566937   2.566931    410.398    393.713     0.1645     1.2535     0.3143    133.335   78.26668  -15.22164  14.017709    32.1562    32.1553 0.0000e+00
     39.000    -1.5674    -1.5674   2.566804   2.566782    409.822    396.006     0.1654     0.9835     0.3051    134.422   78.26668  -15.22164  14.180993    32.1634    32.1631 0.0000e+00
     40.000    -1.5939    -1.5918   2.565776   2.565819    410.426    398.085     0.1663     0.7929     0.2864    135.480   78.26668  -15.22164  14.382443    32.1773    32.1757 0.0000e+00
     41.000    -1.6318    -1.6309   2.563715   2.563719    408.831    397.301     0.1671     0.6053     0.2793    136.530   78.26668  -15.22164  14.383311    32.1894    32.1884 0.0000e+00
     42.000    -1.6338    -1.6341   2.564694   2.564667    405.714    394.314     0.1679     0.3432     0.2748    137.572   78.26668  -15.22164  15.203447    32.2045    32.2044 0.0000e+00
     43.000    -1.6207    -1.6207   2.566939   2.566913    403.350    391.255     0.1687     0.2816     0.2600    138.591   78.26668  -15.22163  14.998178    32.2206    32.2203 0.0000e+00
     44.000    -1.6366    -1.6361   2.566792   2.566755    402.934    389.399     0.1693     0.3108     0.2419    139.600   78.26668  -15.22162  15.419005    32.2352    32.2342 0.0000e+00
     45.000    -1.6377    -1.6375   2.568143   2.568140    401.059    387.619     0.1700     0.2302     0.2246    140.616   78.26668  -15.22162  15.715743    32.2544    32.2542 0.0000e+00
     46.000    -1.6378    -1.6377   2.568651   2.568640    399.026    386.510     0.1706     0.2151     0.2104    141.623   78.26668  -15.22162  15.537292    32.2610    32.2607 0.0000e+00
     47.000    -1.6391    -1.6388   2.569012   2.569000    398.066    385.850     0.1712     0.2303     0.2015    142.676   78.26668  -15.22162  15.470554    32.2667    32.2663 0.0000e+00
     48.000    -1.6395    -1.6396   2.569862   2.569823    396.942    384.699     0.1718     0.1924     0.1926    143.769   78.26669  -15.22162  15.546153    32.2783    32.2778 0.0000e+00
     49.000    -1.6289    -1.6304   2.571856   2.571754    395.433    383.505     0.1723     0.1402     0.1889    144.872   78.26670  -15.22161  15.309776    32.2937    32.2940 0.0000e+00
     50.000    -1.6147    -1.6140   2.574209   2.574206    394.984    383.014     0.1729     0.1717     0.1838    145.974   78.26670  -15.22160  15.107314    32.3101    32.3093 0.0000e+00
     51.000    -1.6201    -1.6194   2.575025   2.575016    395.096    382.928     0.1734     0.2351     0.1806    147.061   78.26670  -15.22160  15.318659    32.3266    32.3257 0.0000e+00
     52.000    -1.6339    -1.6334   2.575271   2.575281    394.407    382.995     0.1739     0.2456     0.1789    148.123   78.26670  -15.22160  15.807750    32.3445    32.3440 0.0000e+00
     53.000    -1.6409    -1.6406   2.575292   2.575296    394.261    383.391     0.1744     0.2238     0.1779    149.162   78.26670  -15.22160  15.943278    32.3518    32.3514 0.0000e+00
     54.000    -1.6456    -1.6452   2.575312   2.575314    395.125    384.057     0.1749     0.2241     0.1778    150.191   78.26670  -15.22160  15.170310    32.3565    32.3561 0.0000e+00
     55.000    -1.6498    -1.6496   2.575826   2.575820    396.837    384.904     0.1755     0.2165     0.1770    151.209   78.26670  -15.22158  15.466059    32.3676    32.3673 0.0000e+00
     56.000    -1.6558    -1.6552   2.576224   2.576228    398.184    385.281     0.1760     0.1959     0.1788    152.232   78.26670  -15.22158  15.713192    32.3790    32.3784 0.0000e+00
     57.000    -1.6570    -1.6565   2.577001   2.577025    398.719    385.277     0.1765     0.1812     0.1782    153.261   78.26670  -15.22158  15.615404    32.3904    32.3902 0.0000e+00
     58.000    -1.6655    -1.6651   2.577367   2.577357    398.252    385.026     0.1770     0.1413     0.1756    154.304   78.26670  -15.22158  15.545418    32.4042    32.4036 0.0000e+00
     59.000    -1.6642    -1.6642   2.578343   2.578323    397.774    384.588     0.1775     0.0987     0.1753    155.358   78.26670  -15.22158  15.789471    32.4156    32.4153 0.0000e+00
     60.000    -1.6620    -1.6619   2.579719   2.579688    395.779    382.784     0.1780     0.1038     0.1727    156.421   78.26672  -15.22158  16.180592    32.4316    32.4311 0.0000e+00
     61.000    -1.6676    -1.6669   2.581925   2.581920    391.918    379.344     0.1785     0.0904     0.1707    157.476   78.26672  -15.22156  16.392742    32.4676    32.4668 0.0000e+00
     62.000    -1.6722    -1.6720   2.583256   2.583235    388.760    377.181     0.1789     0.0878     0.1711    158.535   78.26672  -15.22156  16.295714    32.4904    32.4900 0.0000e+00
     63.000    -1.6682    -1.6682   2.585586   2.585576    386.771    375.826     0.1793     0.0830     0.1671    159.596   78.26672  -15.22156  16.369685    32.5177    32.5176 0.0000e+00
     64.000    -1.6653    -1.6652   2.588013   2.588000    385.589    375.194     0.1797     0.0866     0.1645    160.657   78.26672  -15.22156  16.742286    32.5475    32.5472 0.0000e+00
     65.000    -1.6601    -1.6601   2.590051   2.590051    385.424    374.874     0.1801     0.0911     0.1631    161.717   78.26672  -15.22156  17.421152    32.5693    32.5693 0.0000e+00
     66.000    -1.6582    -1.6580   2.591586   2.591587    385.086    374.110     0.1804     0.0703     0.1619    162.773   78.26672  -15.22155  16.364060    32.5878    32.5876 0.0000e+00
     67.000    -1.6587    -1.6584   2.593319   2.593294    383.071    373.023     0.1807     0.0754     0.1619    163.826   78.26673  -15.22154  16.548925    32.6117    32.6111 0.0000e+00
     68.000    -1.6592    -1.6591   2.595595   2.595585    381.962    371.821     0.1810     0.0745     0.1600    164.870   78.26674  -15.22154  17.002215    32.6431    32.6429 0.0000e+00
     69.000    -1.6493    -1.6497   2.598710   2.598715    380.981    370.739     0.1812     0.0685     0.1588    165.904   78.26674  -15.22154  16.842644    32.6747    32.6752 0.0000e+00
     70.000    -1.6375    -1.6373   2.601367   2.601375    380.856    370.387     0.1814     0.0683     0.1589    166.931   78.26674  -15.22154  16.948544    32.6978    32.6978 0.0000e+00
     71.000    -1.6352    -1.6350   2.602053   2.602042    381.103    370.414     0.1816     0.0680     0.1595    167.954   78.26674  -15.22154  17.282674    32.7042    32.7038 0.0000e+00
     72.000    -1.6370    -1.6366   2.602558   2.602549    380.737    369.771     0.1818     0.0612     0.1587    168.983   78.26674  -15.22153  17.185984    32.7125    32.7119 0.0000e+00
     73.000    -1.6411    -1.6407   2.603315   2.603309    379.733    369.200     0.1819     0.0545     0.1581    170.024   78.26674  -15.22152  17.018633    32.7269    32.7264 0.0000e+00
     74.000    -1.6425    -1.6423   2.603568   2.603565    379.013    368.539     0.1820     0.0593     0.1575    171.079   78.26674  -15.22152  17.157872    32.7313    32.7310 0.0000e+00
     75.000    -1.6457    -1.6455   2.604965   2.604963    379.502    368.249     0.1821     0.0609     0.1578    172.146   78.26674  -15.22152  17.148908    32.7536    32.7533 0.0000e+00
     76.000    -1.6342    -1.6348   2.608138   2.608109    379.090    367.959     0.1822     0.0603     0.1563    173.209   78.26674  -15.22152  16.843640    32.7841    32.7843 0.0000e+00
     77.000    -1.6061    -1.6066   2.612377   2.612353    379.257    367.704     0.1822     0.0499     0.1561    174.272   78.26674  -15.22152  16.616922    32.8111    32.8113 0.0000e+00
     78.000    -1.5808    -1.5817   2.616701   2.616633    380.208    368.241     0.1822     0.0616     0.1564    175.337   78.26674  -15.22150  17.027690    32.8423    32.8422 0.0000e+00
     79.000    -1.5718    -1.5713   2.619420   2.619401    379.966    368.440     0.1822     0.0583     0.1578    176.395   78.26676  -15.22150  16.973098    32.8692    32.8683 0.0000e+00
     80.000    -1.5928    -1.5916   2.620001   2.619985    379.268    368.609     0.1821     0.0631     0.1570    177.451   78.26676  -15.22150  17.046810    32.8998    32.8982 0.0000e+00
     81.000    -1.6179    -1.6172   2.620269   2.620255    377.714    368.004     0.1820     0.0636     0.1573    178.500   78.26676  -15.22150  17.008227    32.9307    32.9297 0.0000e+00
     82.000    -1.6291    -1.6286   2.621537   2.621511    375.662    366.990     0.1819     0.0606     0.1575    179.542   78.26676  -15.22150  16.797916    32.9600    32.9591 0.0000e+00
     83.000    -1.6155    -1.6160   2.625147   2.625095    375.640    366.131     0.1818     0.0568     0.1578    180.584   78.26676  -15.22149  16.877543    32.9942    32.9941 0.0000e+00
     84.000    -1.5989    -1.5994   2.628072   2.628027    377.348    365.875     0.1816     0.0496     0.1581    181.618   78.26676  -15.22148  17.399635    33.0156    33.0155 0.0000e+00
     85.000    -1.5728    -1.5739   2.632673   2.632583    378.888    366.263     0.1814     0.0454     0.1583    182.650   78.26676  -15.22148  17.092588    33.0496    33.0495 0.0000e+00
     86.000    -1.5592    -1.5590   2.636080   2.636052    378.894    366.444     0.1812     0.0460     0.1577    183.675   78.26676  -15.22148  16.938056    33.0809    33.0803 0.0000e+00
