test_project/cnv_files/Sta0223_bin.cnv
* Sea-Bird SBE 9 Data File:
* FileName = C:\Seabird\CTDDATA\Sta0223.hex
* Software Version Seasave V 7.26.7.107
* Temperature SN = 03-4535
* Conductivity SN = 2860
* Number of Bytes Per Scan = 44
* Number of Voltage Words = 5
* Number of Scans Averaged by the Deck Unit = 1
* NMEA Latitude = 78 10.74 N
* NMEA Longitude = 015 42.49 W
* NMEA UTC (Time) = Sep 08 2019 00:25:10
* NMEA baud rate = 9600
** Ship: "Kronprins Haakon"
** Station: 0223
** Echodepth: 362
** Log: 6062.798
** Wind-Dir Force(m/s): 24 07
** Air-temp (dry): -2.1
** Weather Sky: 0 1
** Sea Ice: 1 4
# nquan = 17
# nvalues = 352                         
# units = specified
# name 0 = prDM: Pressure, Digiquartz [db]
# name 1 = t090C: Temperature [ITS-90, deg C]
# name 2 = t190C: Temperature, 2 [ITS-90, deg C]
# name 3 = c0S/m: Conductivity [S/m]
# name 4 = c1S/m: Conductivity, 2 [S/m]
# name 5 = sbox0Mm/Kg: Oxygen, SBE 43 [umol/kg]
# name 6 = sbox1Mm/Kg: Oxygen, SBE 43, 2 [umol/kg]
# name 7 = wetCDOM: Fluorescence, WET Labs CDOM [mg/m^3]
# name 8 = flECO-AFL: Fluorescence, WET Labs ECO-AFL/FL [mg/m^3]
# name 9 = CStarAt0: Beam Attenuation, WET Labs C-Star [1/m]
# name 10 = timeS: Time, Elapsed [seconds]
# name 11 = latitude: Latitude [deg]
# name 12 = longitude: Longitude [deg]
# name 13 = upoly0: Upoly 0, ISUS
# name 14 = sal00: Salinity, Practical [PSU]
# name 15 = sal11: Salinity, Practical, 2 [PSU]
# name 16 = flag: flag
# span 0 =      2.000,    353.000       
# span 1 =    -1.6599,     1.8737       
# span 2 =    -1.6600,     1.8740       
# span 3 =   2.415697,   3.071673       
# span 4 =   2.414705,   3.071638       
# span 5 =    306.903,    425.420       
# span 6 =    302.363,    417.935       
# span 7 =     0.1142,     0.1791       
# span 8 =    -0.0007,     2.5376       
# span 9 =     0.1358,     0.3597       
# span 10 =     66.902,    433.839      
# span 11 =   78.17900,   78.17900      
# span 12 =  -15.70822,  -15.70818      
# span 13 =  12.959657,  25.467039      
# span 14 =    29.5011,    34.9012      
# span 15 =    29.4876,    34.9007      
# span 16 = 0.0000e+00, 0.0000e+00      
# interval = decibars: 1                
# start_time = Sep 08 2019 00:25:10 [NMEA time, header]
# bad_flag = -9.990e-29
*END*
[from data line 256]
    258.000     1.4758     1.4742   3.028402   3.028278    307.920    303.846     0.1204     0.0022     0.1510    336.741   78.17900  -15.70820  24.640544    34.8066    34.8067 0.0000e+00
    259.000     1.5006     1.4988   3.030975   3.030857    308.301    304.370     0.1205     0.0010     0.1502    337.821   78.17900  -15.70820  24.790735    34.8113    34.8117 0.0000e+00
    260.000     1.5279     1.5268   3.033800   3.033684    307.523    304.672     0.1205     0.0047     0.1479    338.893   78.17900  -15.70820  24.772932    34.8163    34.8161 0.0000e+00
    261.000     1.5506     1.5497   3.036101   3.036064    307.937    304.786     0.1204     0.0119     0.1452    339.925   78.17900  -15.70820  24.483334    34.8199    34.8205 0.0000e+00
    262.000     1.5819     1.5802   3.039248   3.039151    307.910    304.716     0.1204     0.0112     0.1431    340.942   78.17900  -15.70820  24.474408    34.8246    34.8252 0.0000e+00
    263.000     1.6427     1.6407   3.045353   3.045209    308.390    304.437     0.1204     0.0036     0.1421    341.950   78.17900  -15.70820  24.364901    34.8342    34.8347 0.0000e+00
    264.000     1.6519     1.6515   3.046372   3.046287    309.740    305.351     0.1203     0.0084     0.1408    342.953   78.17900  -15.70820  24.484180    34.8364    34.8358 0.0000e+00
    265.000     1.6561     1.6557   3.046858   3.046761    310.429    306.277     0.1202     0.0003     0.1387    343.957   78.17900  -15.70820  24.712705    34.8374    34.8365 0.0000e+00
    266.000     1.6635     1.6631   3.047652   3.047585    309.578    306.648     0.1201     0.0016     0.1380    344.958   78.17900  -15.70820  24.686077    34.8386    34.8382 0.0000e+00
    267.000     1.6753     1.6742   3.048881   3.048770    309.573    306.781     0.1199     0.0014     0.1376    345.982   78.17900  -15.70820  24.277280    34.8406    34.8404 0.0000e+00
    268.000     1.6895     1.6891   3.050437   3.050351    310.422    306.709     0.1197     0.0083     0.1367    347.025   78.17900  -15.70820  24.437999    34.8440    34.8433 0.0000e+00
    269.000     1.6671     1.6669   3.048478   3.048322    311.142    307.008     0.1195     0.0133     0.1358    348.078   78.17900  -15.70820  24.317876    34.8434    34.8417 0.0000e+00
    270.000     1.7039     1.7049   3.052165   3.052396    310.773    306.374     0.1193     0.0099     0.1362    349.139   78.17900  -15.70820  24.312711    34.8488    34.8506 0.0000e+00
    271.000     1.7277     1.7265   3.054617   3.054406    310.905    306.285     0.1191     0.0096     0.1368    350.195   78.17900  -15.70820  24.512743    34.8530    34.8516 0.0000e+00
    272.000     1.6614     1.6666   3.048529   3.048699    312.733    307.501     0.1189     0.0095     0.1375    351.252   78.17900  -15.70820  24.641402    34.8486    34.8450 0.0000e+00
    273.000     1.6370     1.6344   3.046274   3.046066    312.148    307.309     0.1187     0.0041     0.1372    352.307   78.17900  -15.70820  24.680085    34.8464    34.8467 0.0000e+00
    274.000     1.6788     1.6777   3.050338   3.050230    310.397    306.588     0.1185     0.0069     0.1383    353.349   78.17900  -15.70820  24.394533    34.8511    34.8510 0.0000e+00
    275.000     1.6667     1.6659   3.049327   3.049175    312.618    306.997     0.1183     0.0096     0.1394    354.384   78.17900  -15.70820  24.185198    34.8511    34.8500 0.0000e+00
    276.000     1.6841     1.6826   3.051041   3.050936    313.688    306.639     0.1181     0.0096     0.1402    355.422   78.17900  -15.70820  24.315951    34.8530    34.8533 0.0000e+00
    277.000     1.7525     1.7488   3.057756   3.057570    312.608    305.929     0.1180     0.0096     0.1413    356.458   78.17900  -15.70820  24.420476    34.8618    34.8635 0.0000e+00
    278.000     1.7857     1.7868   3.061147   3.061240    313.336    306.706     0.1178     0.0058     0.1423    357.496   78.17900  -15.70820  24.490334    34.8674    34.8673 0.0000e+00
    279.000     1.8024     1.8005   3.062885   3.062639    314.078    307.309     0.1177     0.0052     0.1426    358.530   78.17900  -15.70820  24.881443    34.8703    34.8692 0.0000e+00
    280.000     1.8012     1.8005   3.062941   3.062865    312.984    307.790     0.1175     0.0064     0.1427    359.569   78.17900  -15.70820  24.541289    34.8717    34.8716 0.0000e+00
    281.000     1.8108     1.8112   3.063996   3.063971    311.896    308.461     0.1174     0.0010     0.1430    360.609   78.17900  -15.70820  24.045062    34.8739    34.8732 0.0000e+00
    282.000     1.8492     1.8485   3.067796   3.067820    311.533    308.617     0.1173     0.0018     0.1425    361.642   78.17900  -15.70820  23.928351    34.8789    34.8799 0.0000e+00
    283.000     1.8486     1.8499   3.067880   3.067884    312.949    309.337     0.1172     0.0013     0.1424    362.672   78.17900  -15.70820  23.756682    34.8800    34.8786 0.0000e+00
    284.000     1.8309     1.8319   3.066258   3.066251    314.414    309.842     0.1172     0.0019     0.1424    363.696   78.17900  -15.70820  24.060553    34.8786    34.8774 0.0000e+00
    285.000     1.8208     1.8212   3.065355   3.065278    314.046    309.854     0.1171     0.0081     0.1422    364.724   78.17900  -15.70820  24.775580    34.8777    34.8763 0.0000e+00
    286.000     1.8036     1.8040   3.063783   3.063753    313.906    309.859     0.1171     0.0008     0.1417    365.758   78.17900  -15.70820  25.175227    34.8763    34.8755 0.0000e+00
    287.000     1.8132     1.8124   3.064760   3.064710    314.196    309.239     0.1171    -0.0007     0.1403    366.799   78.17900  -15.70820  24.614239    34.8775    34.8776 0.0000e+00
    288.000     1.8269     1.8270   3.066237   3.066180    314.872    309.050     0.1171     0.0018     0.1407    367.849   78.17900  -15.70820  24.313585    34.8803    34.8796 0.0000e+00
    289.000     1.8299     1.8296   3.066605   3.066539    315.648    309.088     0.1171     0.0083     0.1409    368.905   78.17900  -15.70819  24.692408    34.8811    34.8806 0.0000e+00
    290.000     1.8328     1.8327   3.066998   3.066894    315.631    309.077     0.1171     0.0090     0.1405    369.973   78.17900  -15.70818  24.362465    34.8823    34.8811 0.0000e+00
    291.000     1.8205     1.8207   3.065894   3.065780    315.433    309.214     0.1171     0.0021     0.1400    371.033   78.17900  -15.70818  24.647397    34.8813    34.8797 0.0000e+00
    292.000     1.7982     1.7963   3.063864   3.063622    315.083    309.463     0.1172     0.0077     0.1394    372.083   78.17900  -15.70818  24.481305    34.8798    34.8788 0.0000e+00
    293.000     1.7913     1.7913   3.063241   3.063182    314.720    309.396     0.1173     0.0032     0.1390    373.117   78.17900  -15.70818  24.513978    34.8790    34.8783 0.0000e+00
    294.000     1.8291     1.8231   3.067005   3.066565    314.447    308.938     0.1173     0.0006     0.1399    374.140   78.17900  -15.70818  24.582295    34.8842    34.8853 0.0000e+00
    295.000     1.8583     1.8588   3.069969   3.070008    314.832    308.762     0.1174     0.0064     0.1404    375.157   78.17900  -15.70818  24.654259    34.8887    34.8886 0.0000e+00
    296.000     1.8691     1.8677   3.071098   3.070961    316.438    309.397     0.1175     0.0093     0.1407    376.168   78.17900  -15.70818  24.679692    34.8905    34.8903 0.0000e+00
    297.000     1.8737     1.8740   3.071673   3.071638    316.230    309.574     0.1176     0.0047     0.1411    377.180   78.17900  -15.70818  24.527714    34.8921    34.8913 0.0000e+00
    298.000     1.8630     1.8637   3.070734   3.070692    315.881    310.163     0.1177     0.0007     0.1403    378.201   78.17900  -15.70818  24.660476    34.8915    34.8902 0.0000e+00
    299.000     1.8265     1.8283   3.067387   3.067404    315.767    310.752     0.1178    -0.0002     0.1398    379.235   78.17900  -15.70818  24.578420    34.8890    34.8872 0.0000e+00
    300.000     1.8104     1.8113   3.065962   3.065945    315.171    310.433     0.1179     0.0033     0.1395    380.283   78.17900  -15.70818  24.598647    34.8882    34.8870 0.0000e+00
    301.000     1.7966     1.7968   3.064734   3.064676    315.266    309.828     0.1180     0.0064     0.1394    381.349   78.17900  -15.70818  24.495833    34.8874    34.8864 0.0000e+00
    302.000     1.7902     1.7906   3.064219   3.064212    316.109    309.496     0.1181     0.0004     0.1390    382.417   78.17900  -15.70818  24.518034    34.8873    34.8868 0.0000e+00
    303.000     1.7896     1.7898   3.064243   3.064190    316.450    308.968     0.1182     0.0017     0.1382    383.491   78.17900  -15.70818  24.751692    34.8877    34.8868 0.0000e+00
    304.000     1.7688     1.7702   3.062354   3.062363    316.380    308.695     0.1183    -0.0000     0.1380    384.555   78.17900  -15.70818  24.632759    34.8863    34.8848 0.0000e+00
    305.000     1.7493     1.7501   3.060631   3.060606    315.664    308.587     0.1185    -0.0002     0.1379    385.605   78.17900  -15.70818  24.309921    34.8855    34.8843 0.0000e+00
    306.000     1.7357     1.7366   3.059418   3.059429    315.255    308.456     0.1186     0.0005     0.1379    386.639   78.17900  -15.70818  24.172766    34.8846    34.8838 0.0000e+00
    307.000     1.7303     1.7304   3.058975   3.058956    314.815    307.745     0.1187     0.0016     0.1379    387.671   78.17900  -15.70818  24.351047    34.8844    34.8841 0.0000e+00
    308.000     1.7311     1.7310   3.059167   3.059093    314.863    307.429     0.1187     0.0083     0.1383    388.704   78.17900  -15.70818  24.784165    34.8854    34.8846 0.0000e+00
    309.000     1.7298     1.7295   3.059187   3.059136    314.748    307.589     0.1188     0.0014     0.1390    389.718   78.17900  -15.70818  24.885694    34.8865    34.8862 0.0000e+00
    310.000     1.7286     1.7291   3.059156   3.059141    314.836    307.541     0.1189     0.0008     0.1390    390.729   78.17900  -15.70818  24.810537    34.8868    34.8861 0.0000e+00
    311.000     1.7279     1.7279   3.059135   3.059101    315.031    307.702     0.1190     0.0081     0.1404    391.753   78.17900  -15.70818  24.524779    34.8868    34.8864 0.0000e+00
    312.000     1.7194     1.7194   3.058417   3.058332    315.664    308.219     0.1190     0.0024     0.1424    392.792   78.17900  -15.70818  24.611726    34.8866    34.8854 0.0000e+00
    313.000     1.7105     1.7105   3.057724   3.057662    315.890    308.519     0.1190     0.0181     0.1442    393.847   78.17900  -15.70818  24.324611    34.8870    34.8862 0.0000e+00
    314.000     1.7001     1.7007   3.056850   3.056844    314.984    308.338     0.1190     0.0052     0.1458    394.908   78.17900  -15.70818  24.551113    34.8869    34.8861 0.0000e+00
    315.000     1.6966     1.6968   3.056602   3.056586    314.662    308.127     0.1190     0.0012     0.1462    395.971   78.17900  -15.70818  24.915149    34.8870    34.8866 0.0000e+00
    316.000     1.6918     1.6920   3.056211   3.056204    314.551    307.850     0.1190     0.0076     0.1474    397.035   78.17900  -15.70818  24.890212    34.8869    34.8866 0.0000e+00
    317.000     1.6864     1.6877   3.055769   3.055825    314.442    307.835     0.1190     0.0037     0.1492    398.091   78.17900  -15.70818  24.918468    34.8866    34.8859 0.0000e+00
    318.000     1.6696     1.6702   3.054273   3.054263    314.638    307.704     0.1189     0.0017     0.1505    399.142   78.17900  -15.70818  24.791847    34.8857    34.8849 0.0000e+00
    319.000     1.6858     1.6843   3.055942   3.055837    314.422    307.163     0.1188     0.0065     0.1509    400.183   78.17900  -15.70818  24.782008    34.8884    34.8887 0.0000e+00
    320.000     1.6763     1.6764   3.055235   3.055190    314.561    307.302     0.1187     0.0047     0.1521    401.211   78.17900  -15.70818  24.677765    34.8893    34.8886 0.0000e+00
    321.000     1.6717     1.6716   3.054893   3.054867    314.632    307.206     0.1186     0.0012     0.1525    402.235   78.17900  -15.70818  24.665564    34.8895    34.8893 0.0000e+00
    322.000     1.6714     1.6718   3.054968   3.054982    314.352    307.121     0.1184     0.0007     0.1539    403.253   78.17900  -15.70818  24.505158    34.8902    34.8900 0.0000e+00
    323.000     1.6765     1.6771   3.055531   3.055593    314.860    307.464     0.1183     0.0008     0.1579    404.264   78.17900  -15.70818  24.510044    34.8911    34.8913 0.0000e+00
    324.000     1.6792     1.6786   3.055896   3.055809    315.056    307.341     0.1182     0.0036     0.1559    405.275   78.17900  -15.70818  24.698825    34.8922    34.8918 0.0000e+00
    325.000     1.6864     1.6859   3.056670   3.056602    314.931    307.338     0.1183     0.0075     0.1573    406.288   78.17900  -15.70818  24.554530    34.8935    34.8931 0.0000e+00
    326.000     1.6870     1.6869   3.056801   3.056763    314.943    307.779     0.1183     0.0015     0.1588    407.321   78.17900  -15.70818  24.220373    34.8939    34.8935 0.0000e+00
    327.000     1.6864     1.6863   3.056815   3.056779    314.981    308.037     0.1184     0.0039     0.1601    408.372   78.17900  -15.70818  24.760805    34.8941    34.8938 0.0000e+00
    328.000     1.6844     1.6845   3.056689   3.056665    314.584    308.179     0.1184     0.0147     0.1615    409.442   78.17900  -15.70818  24.412797    34.8942    34.8937 0.0000e+00
    329.000     1.6829     1.6824   3.056605   3.056554    314.640    308.556     0.1182     0.0085     0.1630    410.524   78.17900  -15.70818  24.809173    34.8942    34.8941 0.0000e+00
    330.000     1.6834     1.6835   3.056752   3.056735    314.782    308.519     0.1178     0.0025     0.1631    411.601   78.17900  -15.70818  25.454323    34.8949    34.8946 0.0000e+00
    331.000     1.6710     1.6708   3.055784   3.055694    315.259    308.380     0.1173     0.0029     0.1642    412.669   78.17900  -15.70818  25.467039    34.8958    34.8949 0.0000e+00
    332.000     1.6659     1.6658   3.055372   3.055345    315.021    308.341     0.1167     0.0093     0.1650    413.717   78.17900  -15.70818  24.543674    34.8956    34.8954 0.0000e+00
    333.000     1.6680     1.6680   3.055672   3.055669    314.594    308.129     0.1160     0.0092     0.1658    414.739   78.17900  -15.70818  24.344501    34.8965    34.8965 0.0000e+00
    334.000     1.6676     1.6677   3.055780   3.055774    314.875    308.128     0.1153     0.0029     0.1664    415.744   78.17900  -15.70818  24.573975    34.8978    34.8975 0.0000e+00
    335.000     1.6662     1.6666   3.055741   3.055736    314.791    307.843     0.1147     0.0136     0.1671    416.741   78.17900  -15.70818  24.866978    34.8982    34.8978 0.0000e+00
    336.000     1.6649     1.6648   3.055680   3.055653    314.639    307.673     0.1143     0.0112     0.1682    417.742   78.17900  -15.70818  24.917371    34.8983    34.8981 0.0000e+00
    337.000     1.6648     1.6648   3.055730   3.055704    314.924    307.701     0.1142     0.0096     0.1690    418.752   78.17900  -15.70818  24.534717    34.8985    34.8982 0.0000e+00
    338.000     1.6636     1.6636   3.055692   3.055655    315.123    308.001     0.1142     0.0044     0.1698    419.779   78.17900  -15.70818  24.159210    34.8988    34.8983 0.0000e+00
    339.000     1.6568     1.6570   3.055204   3.055185    315.185    307.925     0.1144     0.0015     0.1709    420.824   78.17900  -15.70818  24.431817    34.8995    34.8991 0.0000e+00
    340.000     1.6531     1.6531   3.054955   3.054937    315.149    308.023     0.1145     0.0017     0.1719    421.883   78.17900  -15.70818  24.668739    34.8999    34.8997 0.0000e+00
    341.000     1.6532     1.6531   3.055004   3.054973    314.836    308.163     0.1147     0.0058     0.1725    422.955   78.17900  -15.70818  24.721474    34.8999    34.8996 0.0000e+00
