test_project/cnv_files/sta0248_bin.cnv
* Sea-Bird SBE 9 Data File:
* FileName = C:\Seabird\CTDDATA\Sta0248.hex
* Software Version Seasave V 7.26.7.107
* Temperature SN = 03-4535
* Conductivity SN = 2860
* Number of Bytes Per Scan = 44
* Number of Voltage Words = 5
* Number of Scans Averaged by the Deck Unit = 1
* NMEA Latitude = 78 50.00 N
* NMEA Longitude = 007 59.97 E
* NMEA UTC (Time) = Sep 14 2019 21:10:53
* NMEA baud rate = 9600
** Ship: "Kronprins Haakon"
** Station: 0248
** Echodepth: 1007
** Log: 6521.449
** Wind-Dir Force(m/s): 01 09
** Air-temp (dry): 7.4
** Weather Sky: 2 8
** Sea Ice: 4 0
# nquan = 16
# nvalues = 1011                        
# units = specified
# name 0 = prDM: Pressure, Digiquartz [db]
# name 1 = t090C: Temperature [ITS-90, deg C]
# name 2 = t190C: Temperature, 2 [ITS-90, deg C]
# name 3 = c0S/m: Conductivity [S/m]
# name 4 = c1S/m: Conductivity, 2 [S/m]
# name 5 = sbox0Mm/Kg: Oxygen, SBE 43 [umol/kg]
# name 6 = sbox1Mm/Kg: Oxygen, SBE 43, 2 [umol/kg]
# name 7 = wetCDOM: Fluorescence, WET Labs CDOM [mg/m^3]
# name 8 = flECO-AFL: Fluorescence, WET Labs ECO-AFL/FL [mg/m^3]
# name 9 = CStarAt0: Beam Attenuation, WET Labs C-Star [1/m]
# name 10 = timeS: Time, Elapsed [seconds]
# name 11 = latitude: Latitude [deg]
# name 12 = longitude: Longitude [deg]
# name 13 = sal00: Salinity, Practical [PSU]
# name 14 = sal11: Salinity, Practical, 2 [PSU]
# name 15 = flag: flag
# span 0 =      2.000,   1012.000       
# span 1 =    -0.6377,     6.7052       
# span 2 =    -0.6321,     6.7059       
# span 3 =   2.888208,   3.491949       
# span 4 =   2.888749,   3.491826       
# span 5 =    299.515,    328.535       
# span 6 =    290.154,    321.247       
# span 7 =     0.0914,     0.1245       
# span 8 =    -0.0050,     2.2885       
# span 9 =     0.1381,     0.4900       
# span 10 =    206.189,   1196.576      
# span 11 =   78.83336,   78.83338      
# span 12 =    7.99946,    7.99955      
# span 13 =    34.8698,    35.0504      
# span 14 =    34.8693,    35.0504      
# span 15 = 0.0000e+00, 0.0000e+00      
# interval = decibars: 1                
# start_time = Sep 14 2019 21:10:53 [NMEA time, header]
# bad_flag = -9.990e-29
*END*
[from data line 724]
    726.000     1.7183     1.7180   3.082542   3.082496    324.314    317.457     0.1093     0.0023     0.1518    915.368   78.83338    7.99950    34.9576    34.9573 0.0000e+00
    727.000     1.7112     1.7109   3.081892   3.081891    322.918    316.601     0.1094     0.0023     0.1515    916.337   78.83338    7.99952    34.9567    34.9570 0.0000e+00
    728.000     1.7001     1.6998   3.080909   3.080852    322.980    316.561     0.1095     0.0023     0.1518    917.304   78.83338    7.99952    34.9559    34.9555 0.0000e+00
    729.000     1.6749     1.6742   3.078637   3.078576    324.682    317.025     0.1096     0.0023     0.1518    918.270   78.83338    7.99952    34.9546    34.9545 0.0000e+00
    730.000     1.6625     1.6621   3.077543   3.077519    325.101    316.878     0.1098     0.0023     0.1516    919.237   78.83338    7.99952    34.9539    34.9540 0.0000e+00
    731.000     1.6597     1.6593   3.077393   3.077390    324.796    316.948     0.1100     0.0023     0.1515    920.205   78.83338    7.99952    34.9545    34.9549 0.0000e+00
    732.000     1.6359     1.6363   3.075404   3.075380    325.078    316.913     0.1102     0.0035     0.1510    921.163   78.83338    7.99952    34.9551    34.9544 0.0000e+00
    733.000     1.6226     1.6220   3.074283   3.074258    325.122    316.630     0.1104     0.0087     0.1508    922.115   78.83338    7.99952    34.9550    34.9554 0.0000e+00
    734.000     1.6167     1.6161   3.073806   3.073773    324.858    316.543     0.1106     0.0030     0.1508    923.069   78.83338    7.99952    34.9550    34.9552 0.0000e+00
    735.000     1.6136     1.6132   3.073556   3.073553    325.415    316.771     0.1108     0.0023     0.1544    924.023   78.83338    7.99952    34.9547    34.9551 0.0000e+00
    736.000     1.6123     1.6115   3.073486   3.073431    325.725    317.107     0.1109     0.0023     0.1572    924.990   78.83338    7.99952    34.9547    34.9549 0.0000e+00
    737.000     1.6069     1.6062   3.073025   3.072991    325.640    317.288     0.1111     0.0023     0.1496    925.957   78.83338    7.99952    34.9543    34.9546 0.0000e+00
    738.000     1.5970     1.5973   3.072151   3.072202    326.046    317.214     0.1112     0.0023     0.1490    926.919   78.83338    7.99952    34.9536    34.9540 0.0000e+00
    739.000     1.5915     1.5909   3.071687   3.071636    325.875    317.069     0.1113     0.0023     0.1488    927.879   78.83338    7.99952    34.9533    34.9533 0.0000e+00
    740.000     1.5744     1.5742   3.070158   3.070135    324.817    317.414     0.1114     0.0038     0.1488    928.843   78.83338    7.99952    34.9523    34.9522 0.0000e+00
    741.000     1.5612     1.5617   3.068970   3.067909    324.294    317.336     0.1116     0.0094     0.1494    929.815   78.83338    7.99952    34.9513    34.9373 0.0000e+00
    742.000     1.5277     1.5279   3.066058   3.066061    324.272    317.109     0.1117     0.0096     0.1486    930.781   78.83338    7.99952    34.9509    34.9507 0.0000e+00
    743.000     1.5267     1.5262   3.066143   3.066156    324.244    316.650     0.1118     0.0095     0.1488    931.737   78.83338    7.99952    34.9526    34.9533 0.0000e+00
    744.000     1.5125     1.5125   3.065074   3.065030    324.215    316.243     0.1120     0.0042     0.1488    932.687   78.83338    7.99952    34.9541    34.9535 0.0000e+00
    745.000     1.4959     1.4955   3.063660   3.063658    324.730    316.470     0.1121     0.0068     0.1487    933.646   78.83338    7.99952    34.9540    34.9544 0.0000e+00
    746.000     1.4946     1.4941   3.063588   3.063589    324.708    316.652     0.1122     0.0096     0.1494    934.613   78.83338    7.99952    34.9540    34.9546 0.0000e+00
    747.000     1.4909     1.4906   3.063327   3.063321    325.532    317.273     0.1123     0.0067     0.1494    935.580   78.83338    7.99952    34.9543    34.9544 0.0000e+00
    748.000     1.4752     1.4752   3.062008   3.061997    326.599    318.069     0.1124     0.0023     0.1498    936.542   78.83338    7.99952    34.9544    34.9542 0.0000e+00
    749.000     1.4535     1.4537   3.060128   3.060134    326.675    318.539     0.1124     0.0023     0.1498    937.499   78.83338    7.99952    34.9539    34.9538 0.0000e+00
    750.000     1.4390     1.4390   3.058872   3.058880    326.327    318.344     0.1125     0.0027     0.1497    938.460   78.83338    7.99952    34.9534    34.9536 0.0000e+00
    751.000     1.4296     1.4299   3.058054   3.058115    326.427    317.949     0.1125     0.0087     0.1497    939.424   78.83338    7.99952    34.9530    34.9534 0.0000e+00
    752.000     1.4199     1.4198   3.057235   3.057250    326.617    318.092     0.1125     0.0037     0.1501    940.391   78.83338    7.99952    34.9527    34.9530 0.0000e+00
    753.000     1.4153     1.4150   3.056866   3.056860    326.650    318.014     0.1125     0.0023     0.1777    941.356   78.83338    7.99954    34.9526    34.9529 0.0000e+00
    754.000     1.4114     1.4110   3.056559   3.056553    326.577    317.964     0.1125    -0.0020     0.1893    942.316   78.83338    7.99954    34.9524    34.9528 0.0000e+00
    755.000     1.4031     1.4031   3.055861   3.055875    326.274    318.151     0.1125    -0.0018     0.1518    943.273   78.83338    7.99954    34.9522    34.9524 0.0000e+00
    756.000     1.3898     1.3898   3.054713   3.054690    326.410    318.147     0.1125     0.0022     0.1482    944.233   78.83338    7.99954    34.9518    34.9515 0.0000e+00
    757.000     1.3658     1.3657   3.052597   3.052567    325.883    318.149     0.1125     0.0040     0.1485    945.190   78.83338    7.99952    34.9509    34.9507 0.0000e+00
    758.000     1.3573     1.3567   3.051860   3.051825    325.184    317.898     0.1125     0.0088     0.1486    946.143   78.83338    7.99952    34.9505    34.9507 0.0000e+00
    759.000     1.3531     1.3525   3.051522   3.051514    325.386    317.811     0.1125     0.0028     0.1486    947.095   78.83338    7.99952    34.9503    34.9508 0.0000e+00
    760.000     1.3520     1.3516   3.051469   3.051487    325.665    318.015     0.1126     0.0023     0.1485    948.055   78.83338    7.99952    34.9502    34.9509 0.0000e+00
    761.000     1.3524     1.3518   3.051553   3.051541    325.627    317.903     0.1126     0.0023     0.1481    949.021   78.83338    7.99952    34.9503    34.9509 0.0000e+00
    762.000     1.3493     1.3492   3.051332   3.051350    325.648    317.697     0.1126     0.0023     0.1485    949.987   78.83338    7.99953    34.9504    34.9507 0.0000e+00
    763.000     1.3455     1.3452   3.051041   3.051056    325.642    318.030     0.1125     0.0058     0.1482    950.963   78.83338    7.99954    34.9503    34.9508 0.0000e+00
    764.000     1.3440     1.3435   3.050954   3.050953    325.323    317.840     0.1125     0.0068     0.1477    951.936   78.83338    7.99954    34.9503    34.9509 0.0000e+00
    765.000     1.3434     1.3428   3.050950   3.050943    324.606    317.818     0.1124     0.0041     0.1475    952.895   78.83338    7.99953    34.9504    34.9509 0.0000e+00
    766.000     1.3417     1.3417   3.050845   3.050867    324.492    318.171     0.1123     0.0086     0.1481    953.844   78.83338    7.99952    34.9503    34.9507 0.0000e+00
    767.000     1.3338     1.3337   3.050179   3.050204    325.135    318.108     0.1122     0.0030     0.1481    954.796   78.83338    7.99952    34.9501    34.9506 0.0000e+00
    768.000     1.3169     1.3172   3.048733   3.048747    325.330    318.098     0.1121     0.0087     0.1477    955.757   78.83338    7.99952    34.9499    34.9497 0.0000e+00
    769.000     1.3102     1.3098   3.048169   3.048172    324.936    317.991     0.1119     0.0037     0.1477    956.720   78.83338    7.99952    34.9495    34.9500 0.0000e+00
    770.000     1.3078     1.3075   3.048014   3.048007    324.915    317.666     0.1117     0.0023     0.1474    957.680   78.83338    7.99952    34.9497    34.9499 0.0000e+00
    771.000     1.3025     1.3027   3.047587   3.047621    325.113    318.014     0.1115     0.0023     0.1479    958.639   78.83338    7.99952    34.9495    34.9497 0.0000e+00
    772.000     1.2951     1.2949   3.046971   3.046981    325.214    318.185     0.1113     0.0020     0.1475    959.594   78.83338    7.99952    34.9494    34.9497 0.0000e+00
    773.000     1.2872     1.2872   3.046313   3.046311    325.438    317.800     0.1111     0.0023     0.1469    960.547   78.83338    7.99952    34.9492    34.9492 0.0000e+00
    774.000     1.2668     1.2670   3.044537   3.044551    325.429    317.835     0.1109     0.0035     0.1473    961.504   78.83338    7.99952    34.9486    34.9486 0.0000e+00
    775.000     1.2511     1.2515   3.043156   3.043147    325.346    317.968     0.1107     0.0094     0.1466    962.468   78.83338    7.99952    34.9478    34.9473 0.0000e+00
    776.000     1.2130     1.2134   3.039765   3.039745    325.198    318.427     0.1104     0.0096     0.1470    963.438   78.83338    7.99952    34.9464    34.9457 0.0000e+00
    777.000     1.2025     1.2021   3.038831   3.038838    324.903    318.048     0.1103     0.0095     0.1468    964.405   78.83338    7.99952    34.9455    34.9461 0.0000e+00
    778.000     1.2008     1.2003   3.038722   3.038730    325.290    317.685     0.1101     0.0040     0.1465    965.371   78.83338    7.99952    34.9455    34.9461 0.0000e+00
    779.000     1.1992     1.1987   3.038629   3.038640    326.612    317.680     0.1099     0.0023     0.1470    966.336   78.83338    7.99952    34.9455    34.9462 0.0000e+00
    780.000     1.1986     1.1981   3.038629   3.038620    327.129    317.681     0.1098     0.0023     0.1469    967.300   78.83338    7.99952    34.9456    34.9460 0.0000e+00
    781.000     1.1875     1.1875   3.037722   3.037725    327.279    317.843     0.1098     0.0020     0.1465    968.259   78.83338    7.99952    34.9458    34.9459 0.0000e+00
    782.000     1.1788     1.1787   3.037006   3.036998    326.311    318.007     0.1097     0.0023     0.1460    969.214   78.83338    7.99952    34.9458    34.9458 0.0000e+00
    783.000     1.1445     1.1459   3.034013   3.034092    325.667    318.224     0.1097     0.0023     0.1475    970.167   78.83338    7.99952    34.9451    34.9445 0.0000e+00
    784.000     1.1362     1.1359   3.033296   3.033295    325.287    318.333     0.1097     0.0023     0.1479    971.126   78.83338    7.99952    34.9446    34.9449 0.0000e+00
    785.000     1.1250     1.1268   3.032341   3.032521    324.875    318.192     0.1097     0.0023     0.1461    972.092   78.83338    7.99952    34.9442    34.9445 0.0000e+00
    786.000     1.1213     1.1212   3.032048   3.032076    325.949    318.532     0.1097     0.0023     0.1460    973.064   78.83338    7.99952    34.9440    34.9445 0.0000e+00
    787.000     1.1129     1.1132   3.031339   3.031379    326.634    318.795     0.1098     0.0023     0.1463    974.028   78.83338    7.99952    34.9438    34.9439 0.0000e+00
    788.000     1.1011     1.1016   3.030333   3.030414    327.037    318.814     0.1098     0.0023     0.1463    974.985   78.83338    7.99952    34.9435    34.9440 0.0000e+00
    789.000     1.0977     1.0981   3.030064   3.030142    326.640    318.367     0.1098     0.0023     0.1456    975.939   78.83338    7.99952    34.9432    34.9438 0.0000e+00
    790.000     1.0906     1.0889   3.029478   3.029338    325.712    318.118     0.1098     0.0023     0.1462    976.894   78.83338    7.99952    34.9431    34.9432 0.0000e+00
    791.000     1.0796     1.0797   3.028553   3.028554    325.915    318.214     0.1098     0.0023     0.1462    977.858   78.83338    7.99952    34.9429    34.9428 0.0000e+00
    792.000     1.0579     1.0582   3.026660   3.026673    326.343    318.578     0.1098     0.0030     0.1476    978.832   78.83338    7.99952    34.9423    34.9421 0.0000e+00
    793.000     1.0468     1.0467   3.025706   3.025728    325.796    318.630     0.1098     0.0089     0.1480    979.797   78.83338    7.99952    34.9418    34.9422 0.0000e+00
    794.000     1.0421     1.0418   3.025317   3.025344    325.762    318.478     0.1099     0.0032     0.1460    980.760   78.83338    7.99952    34.9415    34.9421 0.0000e+00
    795.000     1.0386     1.0383   3.025064   3.025054    325.768    318.242     0.1099     0.0023     0.1459    981.721   78.83338    7.99952    34.9416    34.9418 0.0000e+00
    796.000     1.0269     1.0265   3.024072   3.024018    326.036    318.278     0.1100     0.0023     0.1458    982.680   78.83338    7.99952    34.9413    34.9410 0.0000e+00
    797.000     1.0113     1.0112   3.022726   3.022568    326.400    318.319     0.1100     0.0023     0.1464    983.638   78.83338    7.99952    34.9409    34.9390 0.0000e+00
    798.000     0.9969     0.9966   3.021473   3.021451    325.725    318.327     0.1101     0.0023     0.1458    984.601   78.83338    7.99952    34.9403    34.9403 0.0000e+00
    799.000     0.9822     0.9819   3.020213   3.020200    325.361    318.185     0.1102     0.0023     0.1458    985.577   78.83338    7.99952    34.9400    34.9400 0.0000e+00
    800.000     0.9626     0.9624   3.018532   3.018494    325.513    318.015     0.1102     0.0023     0.1457    986.546   78.83338    7.99952    34.9396    34.9393 0.0000e+00
    801.000     0.9509     0.9504   3.017532   3.017522    325.464    317.772     0.1103     0.0023     0.1455    987.510   78.83338    7.99952    34.9392    34.9396 0.0000e+00
    802.000     0.9355     0.9354   3.016190   3.016172    325.628    317.634     0.1104     0.0025     0.1463    988.477   78.83338    7.99952    34.9386    34.9384 0.0000e+00
    803.000     0.9200     0.9200   3.014854   3.014850    325.789    317.838     0.1105     0.0082     0.1466    989.445   78.83338    7.99952    34.9382    34.9381 0.0000e+00
    804.000     0.8988     0.8987   3.013017   3.013001    325.816    318.322     0.1106     0.0043     0.1465    990.416   78.83338    7.99952    34.9376    34.9375 0.0000e+00
    805.000     0.8871     0.8869   3.012003   3.012004    325.924    318.061     0.1106     0.0023     0.1465    991.387   78.83338    7.99952    34.9370    34.9373 0.0000e+00
    806.000     0.8599     0.8596   3.009608   3.009526    326.280    318.542     0.1108     0.0023     0.1460    992.358   78.83338    7.99952    34.9360    34.9353 0.0000e+00
    807.000     0.8475     0.8471   3.008528   3.008529    326.590    318.610     0.1109     0.0023     0.1454    993.332   78.83338    7.99952    34.9353    34.9359 0.0000e+00
    808.000     0.8433     0.8436   3.008176   3.008239    326.680    318.531     0.1110     0.0023     0.1454    994.304   78.83338    7.99952    34.9350    34.9355 0.0000e+00
    809.000     0.8377     0.8375   3.007735   3.007727    327.299    318.487     0.1112     0.0023     0.1457    995.280   78.83338    7.99952    34.9350    34.9351 0.0000e+00
    810.000     0.8293     0.8289   3.007022   3.007029    327.993    318.827     0.1113     0.0021     0.1453    996.258   78.83338    7.99952    34.9346    34.9351 0.0000e+00
    811.000     0.8242     0.8239   3.006621   3.006619    327.229    318.420     0.1115     0.0025     0.1444    997.232   78.83338    7.99952    34.9345    34.9348 0.0000e+00
    812.000     0.8205     0.8202   3.006328   3.006343    326.426    318.627     0.1116     0.0085     0.1443    998.207   78.83338    7.99952    34.9344    34.9349 0.0000e+00
    813.000     0.8180     0.8176   3.006163   3.006166    325.971    318.350     0.1118     0.0040     0.1444    999.183   78.83338    7.99952    34.9344    34.9349 0.0000e+00
    814.000     0.8154     0.8151   3.005975   3.005994    325.794    318.386     0.1119     0.0023     0.1450   1000.165   78.83338    7.99952    34.9344    34.9350 0.0000e+00
