test_project/cnv_files/sta0201_bin.cnv
* Sea-Bird SBE 9 Data File:
* FileName = C:\Seabird\CTDDATA\Sta0201.hex
* Software Version Seasave V 7.26.7.107
* Temperature SN = 03-4535
* Conductivity SN = 2860
* Number of Bytes Per Scan = 44
* Number of Voltage Words = 5
* Number of Scans Averaged by the Deck Unit = 1
* NMEA Latitude = 78 50.00 N
* NMEA Longitude = 004 30.03 W
* NMEA UTC (Time) = Sep 03 2019 11:55:51
* NMEA baud rate = 9600
** Ship: "Kronprins Haakon"
** Station: 201
** Echodepth: 1473
** Log: 5773.778
** Wind-Dir Force(m/s): 02 31
** Air-temp (dry): -2.0
** Weather Sky: 7 8
** Sea Ice: 4 1
# nquan = 16
# nvalues = 1473                        
# units = specified
# name 0 = prDM: Pressure, Digiquartz [db]
# name 1 = t090C: Temperature [ITS-90, deg C]
# name 2 = t190C: Temperature, 2 [ITS-90, deg C]
# name 3 = c0S/m: Conductivity [S/m]
# name 4 = c1S/m: Conductivity, 2 [S/m]
# name 5 = sbox0Mm/Kg: Oxygen, SBE 43 [umol/kg]
# name 6 = sbox1Mm/Kg: Oxygen, SBE 43, 2 [umol/kg]
# name 7 = wetCDOM: Fluorescence, WET Labs CDOM [mg/m^3]
# name 8 = flECO-AFL: Fluorescence, WET Labs ECO-AFL/FL [mg/m^3]
# name 9 = CStarAt0: Beam Attenuation, WET Labs C-Star [1/m]
# name 10 = timeS: Time, Elapsed [seconds]
# name 11 = latitude: Latitude [deg]
# name 12 = longitude: Longitude [deg]
# name 13 = sal00: Salinity, Practical [PSU]
# name 14 = sal11: Salinity, Practical, 2 [PSU]
# name 15 = flag: flag
# span 0 =      2.000,   1474.000       
# span 1 =    -1.6297,     3.3842       
# span 2 =    -1.6235,     3.3829       
# span 3 =   2.478326,   3.206529       
# span 4 =   2.478169,   3.206156       
# span 5 =    290.965,    413.500       
# span 6 =    306.173,    406.837       
# span 7 =     0.1047,     0.1731       
# span 8 =    -0.0045,     0.8071       
# span 9 =     0.1063,     0.3879       
# span 10 =    189.821,   1683.529      
# span 11 =   78.83332,   78.83334      
# span 12 =   -4.50066,   -4.50048      
# span 13 =    30.6811,    34.9909      
# span 14 =    30.6802,    34.9905      
# span 15 = 0.0000e+00, 0.0000e+00      
# interval = decibars: 1                
# start_time = Sep 03 2019 11:55:51 [NMEA time, header]
# bad_flag = -9.990e-29
*END*
      2.000    -1.2664    -1.2644   2.483612   2.484049    402.445    403.434     0.1572     0.5460     0.3879    189.821   78.83334   -4.50066    30.7302    30.7341 0.0000e+00
      3.000    -1.2535    -1.2610   2.486254   2.484425    406.323    405.015     0.1597     0.5559     0.3516    194.668   78.83333   -4.50066    30.7522    30.7351 0.0000e+00
      4.000    -1.2749    -1.2712   2.481822   2.482518    406.187    405.416     0.1613     0.5811     0.3537    198.003   78.83333   -4.50065    30.7134    30.7191 0.0000e+00
      5.000    -1.2902    -1.2914   2.478326   2.478169    406.646    405.707     0.1623     0.5927     0.3541    201.986   78.83334   -4.50066    30.6811    30.6802 0.0000e+00
      6.000    -1.2658    -1.2631   2.483578   2.484252    407.251    404.795     0.1614     0.6038     0.3526    203.234   78.83334   -4.50066    30.7267    30.7332 0.0000e+00
      7.000    -1.2629    -1.2646   2.484258   2.483924    410.540    405.024     0.1604     0.6593     0.3517    204.875   78.83333   -4.50065    30.7324    30.7296 0.0000e+00
      8.000    -1.2725    -1.2787   2.482191   2.481127    408.960    405.490     0.1606     0.7152     0.3515    206.391   78.83332   -4.50064    30.7136    30.7056 0.0000e+00
      9.000    -1.2337    -1.2448   2.490729   2.488441    409.093    405.382     0.1607     0.7702     0.3553    209.186   78.83332   -4.50064    30.7891    30.7694 0.0000e+00
     10.000    -1.2504    -1.2397   2.487058   2.488972    408.150    405.706     0.1609     0.8071     0.3540    211.252   78.83332   -4.50064    30.7558    30.7707 0.0000e+00
     11.000    -1.2886    -1.2909   2.479089   2.478585    408.419    406.837     0.1611     0.7857     0.3521    212.303   78.83334   -4.50064    30.6863    30.6818 0.0000e+00
     12.000    -1.2754    -1.2546   2.482264   2.487396    406.537    405.241     0.1615     0.7491     0.3520    213.193   78.83334   -4.50064    30.7153    30.7636 0.0000e+00
     13.000    -1.2220    -1.2310   2.494242   2.492105    406.990    405.042     0.1620     0.7423     0.3515    214.033   78.83334   -4.50064    30.8223    30.8026 0.0000e+00
     14.000    -1.2445    -1.2440   2.489071   2.489189    411.322    406.149     0.1626     0.7530     0.3518    214.924   78.83333   -4.50064    30.7748    30.7759 0.0000e+00
     15.000    -1.2655    -1.2611   2.484108   2.485370    413.500    405.850     0.1632     0.7734     0.3514    215.927   78.83332   -4.50064    30.7284    30.7410 0.0000e+00
     16.000    -1.2670    -1.2651   2.483957   2.484395    411.064    405.148     0.1641     0.7659     0.3501    217.146   78.83332   -4.50062    30.7273    30.7314 0.0000e+00
     17.000    -1.2614    -1.2525   2.485631   2.487392    410.299    405.889     0.1651     0.7692     0.3543    218.560   78.83332   -4.50062    30.7437    30.7583 0.0000e+00
     18.000    -1.1584    -1.1595   2.510252   2.511132    409.161    404.276     0.1663     0.8061     0.3521    219.830   78.83332   -4.50062    30.9706    30.9836 0.0000e+00
     19.000    -0.9266    -0.9350   2.574102   2.572410    406.162    400.468     0.1676     0.6913     0.3499    220.888   78.83332   -4.50062    31.5913    31.5773 0.0000e+00
     20.000    -0.9610    -0.9568   2.579945   2.579943    412.974    404.579     0.1689     0.6158     0.3402    221.962   78.83332   -4.50062    31.7060    31.7016 0.0000e+00
     21.000    -1.0013    -0.9963   2.580336   2.579701    402.016    403.738     0.1701     0.5799     0.2788    225.003   78.83332   -4.50064    31.7533    31.7394 0.0000e+00
     22.000    -1.0288    -1.0274   2.580808   2.580800    403.892    405.678     0.1711     0.5347     0.2710    226.687   78.83332   -4.50063    31.7883    31.7866 0.0000e+00
     23.000    -1.0439    -1.0402   2.580045   2.580135    406.088    405.445     0.1717     0.5154     0.2702    227.624   78.83332   -4.50062    31.7933    31.7906 0.0000e+00
     24.000    -1.1412    -1.1402   2.575880   2.575671    405.461    403.442     0.1720     0.5099     0.2685    228.574   78.83332   -4.50061    31.8395    31.8356 0.0000e+00
     25.000    -1.2046    -1.2015   2.575123   2.575186    401.655    399.169     0.1720     0.5082     0.2650    230.008   78.83332   -4.50060    31.8961    31.8937 0.0000e+00
     26.000    -1.2551    -1.2498   2.573251   2.573476    404.920    399.373     0.1718     0.4592     0.2547    231.706   78.83332   -4.50060    31.9239    31.9213 0.0000e+00
     27.000    -1.3390    -1.3368   2.567538   2.567624    406.880    399.545     0.1714     0.4310     0.2467    232.898   78.83332   -4.50061    31.9349    31.9338 0.0000e+00
     28.000    -1.3811    -1.3793   2.565942   2.565923    403.595    396.826     0.1710     0.4052     0.2429    233.829   78.83332   -4.50062    31.9576    31.9555 0.0000e+00
     29.000    -1.4109    -1.4075   2.565083   2.565164    402.393    395.864     0.1707     0.3944     0.2405    234.677   78.83332   -4.50062    31.9772    31.9747 0.0000e+00
     30.000    -1.4295    -1.4296   2.564462   2.564403    404.751    396.432     0.1705     0.3890     0.2395    235.518   78.83332   -4.50062    31.9881    31.9874 0.0000e+00
     31.000    -1.4679    -1.4652   2.562454   2.562515    408.040    397.653     0.1705     0.3827     0.2388    236.418   78.83332   -4.50062    32.0012    31.9991 0.0000e+00
     32.000    -1.4843    -1.4828   2.562171   2.562210    410.722    398.946     0.1706     0.3763     0.2345    237.448   78.83332   -4.50060    32.0143    32.0132 0.0000e+00
     33.000    -1.5519    -1.5484   2.557759   2.557900    412.375    400.314     0.1709     0.3772     0.2328    238.638   78.83332   -4.50060    32.0258    32.0240 0.0000e+00
     34.000    -1.5161    -1.5240   2.561645   2.561117    409.324    398.147     0.1711     0.3767     0.2293    239.872   78.83332   -4.50059    32.0401    32.0413 0.0000e+00
     35.000    -1.3585    -1.3647   2.576056   2.575589    406.655    396.018     0.1714     0.3488     0.2246    241.041   78.83332   -4.50058    32.0676    32.0678 0.0000e+00
     36.000    -1.4285    -1.4198   2.571841   2.572302    413.322    399.625     0.1716     0.3158     0.2216    242.193   78.83332   -4.50058    32.0846    32.0815 0.0000e+00
     37.000    -1.5470    -1.5373   2.563822   2.564245    408.480    398.776     0.1718     0.3087     0.2187    243.311   78.83332   -4.50060    32.1015    32.0969 0.0000e+00
     38.000    -1.5589    -1.5696   2.564596   2.564034    393.530    393.215     0.1720     0.3064     0.2172    244.353   78.83332   -4.50060    32.1244    32.1283 0.0000e+00
     39.000    -1.3967    -1.4030   2.579773   2.579340    387.427    388.221     0.1722     0.2815     0.2139    245.344   78.83332   -4.50060    32.1572    32.1581 0.0000e+00
     40.000    -1.3307    -1.3217   2.587499   2.587941    396.924    390.405     0.1723     0.2624     0.2119    246.303   78.83332   -4.50060    32.1911    32.1875 0.0000e+00
     41.000    -1.5219    -1.5201   2.575100   2.574950    407.326    395.252     0.1725     0.2487     0.2108    247.289   78.83332   -4.50060    32.2271    32.2231 0.0000e+00
     42.000    -1.5534    -1.5530   2.573870   2.573823    397.115    390.806     0.1726     0.2347     0.2082    248.358   78.83332   -4.50058    32.2437    32.2427 0.0000e+00
     43.000    -1.6297    -1.6235   2.569415   2.569641    387.488    387.591     0.1727     0.2198     0.2040    249.418   78.83332   -4.50058    32.2645    32.2609 0.0000e+00
     44.000    -1.5335    -1.5409   2.579480   2.579018    386.750    384.830     0.1728     0.2032     0.2021    250.409   78.83332   -4.50058    32.2982    32.2998 0.0000e+00
     45.000    -1.3778    -1.3952   2.597180   2.596097    390.800    383.782     0.1729     0.1659     0.2006    251.414   78.83332   -4.50058    32.3715    32.3755 0.0000e+00
     46.000    -1.4235    -1.4113   2.596448   2.596883    401.290    387.796     0.1730     0.1955     0.1973    252.469   78.83332   -4.50060    32.4106    32.4033 0.0000e+00
     47.000    -1.3390    -1.3483   2.606376   2.605804    398.880    387.209     0.1730     0.2273     0.1935    253.546   78.83332   -4.50060    32.4542    32.4564 0.0000e+00
     48.000    -1.3132    -1.3122   2.610698   2.610632    386.674    383.870     0.1731     0.2462     0.1948    254.640   78.83333   -4.50060    32.4848    32.4828 0.0000e+00
     49.000    -1.3827    -1.3769   2.606410   2.606640    384.910    383.985     0.1731     0.2596     0.1968    255.744   78.83334   -4.50059    32.5010    32.4979 0.0000e+00
     50.000    -1.4337    -1.4325   2.603708   2.603697    380.808    381.437     0.1731     0.2469     0.2003    256.810   78.83334   -4.50058    32.5190    32.5175 0.0000e+00
     51.000    -1.4669    -1.4616   2.602315   2.602502    377.804    379.408     0.1731     0.2196     0.2010    257.835   78.83333   -4.50059    32.5355    32.5322 0.0000e+00
     52.000    -1.5811    -1.5794   2.594686   2.594692    380.757    380.249     0.1731     0.2065     0.2015    258.822   78.83332   -4.50060    32.5547    32.5529 0.0000e+00
     53.000    -1.4786    -1.4931   2.604177   2.603342    380.484    377.502     0.1731     0.1667     0.2012    259.786   78.83332   -4.50060    32.5726    32.5769 0.0000e+00
     54.000    -1.3866    -1.3818   2.614437   2.614512    382.439    376.609     0.1731     0.1548     0.1997    260.757   78.83332   -4.50060    32.6124    32.6081 0.0000e+00
     55.000    -1.5392    -1.5369   2.606402   2.606282    392.279    381.161     0.1730     0.1816     0.1973    261.762   78.83332   -4.50060    32.6685    32.6643 0.0000e+00
     56.000    -1.4484    -1.4521   2.616568   2.616319    387.060    377.239     0.1729     0.1683     0.1944    262.792   78.83332   -4.50060    32.7081    32.7088 0.0000e+00
     57.000    -1.4737    -1.4737   2.617688   2.617467    381.003    376.570     0.1728     0.1384     0.1928    263.839   78.83332   -4.50059    32.7507    32.7476 0.0000e+00
     58.000    -1.4251    -1.4288   2.625385   2.625045    380.434    375.307     0.1727     0.1419     0.1932    264.871   78.83333   -4.50058    32.8025    32.8019 0.0000e+00
     59.000    -1.4834    -1.4702   2.623681   2.624172    380.080    375.043     0.1726     0.1118     0.1908    265.899   78.83334   -4.50059    32.8426    32.8349 0.0000e+00
     60.000    -1.5584    -1.5613   2.621202   2.620865    379.713    375.269     0.1725     0.0982     0.1885    266.912   78.83334   -4.50060    32.8906    32.8893 0.0000e+00
     61.000    -1.5259    -1.5325   2.626698   2.626147    373.137    371.454     0.1723     0.0962     0.1870    267.923   78.83334   -4.50060    32.9299    32.9297 0.0000e+00
     62.000    -1.4382    -1.4424   2.636435   2.636165    372.895    369.896     0.1721     0.0759     0.1846    268.948   78.83334   -4.50060    32.9664    32.9674 0.0000e+00
     63.000    -1.4028    -1.4028   2.640835   2.640751    379.453    371.538     0.1719     0.0818     0.1830    269.976   78.83333   -4.50060    32.9871    32.9860 0.0000e+00
     64.000    -1.4362    -1.4330   2.639378   2.639454    381.650    372.806     0.1717     0.0943     0.1803    270.978   78.83332   -4.50060    33.0035    33.0010 0.0000e+00
     65.000    -1.4484    -1.4499   2.640651   2.640414    376.853    371.092     0.1715     0.0907     0.1775    271.968   78.83332   -4.50060    33.0338    33.0322 0.0000e+00
     66.000    -1.4360    -1.4364   2.644358   2.644267    370.727    368.660     0.1712     0.0659     0.1753    272.945   78.83332   -4.50059    33.0706    33.0697 0.0000e+00
     67.000    -1.4337    -1.4340   2.645345   2.645302    369.383    367.524     0.1709     0.0498     0.1743    273.922   78.83332   -4.50058    33.0810    33.0806 0.0000e+00
     68.000    -1.4303    -1.4313   2.646913   2.646705    370.365    366.729     0.1707     0.0505     0.1726    274.893   78.83332   -4.50058    33.0982    33.0964 0.0000e+00
     69.000    -1.3837    -1.3899   2.654811   2.654190    369.225    365.062     0.1704     0.0496     0.1712    275.888   78.83332   -4.50058    33.1544    33.1527 0.0000e+00
     70.000    -1.3190    -1.3236   2.664504   2.664048    368.217    364.121     0.1701     0.0457     0.1702    276.887   78.83333   -4.50058    33.2149    33.2138 0.0000e+00
     71.000    -1.2575    -1.2593   2.672856   2.672605    369.008    364.264     0.1697     0.0396     0.1697    277.901   78.83334   -4.50059    33.2604    33.2590 0.0000e+00
     72.000    -1.2782    -1.2778   2.674934   2.674667    368.575    364.252     0.1694     0.0495     0.1663    278.938   78.83334   -4.50060    33.3113    33.3072 0.0000e+00
     73.000    -1.2670    -1.2680   2.680408   2.680194    363.225    361.510     0.1691     0.0515     0.1653    279.993   78.83334   -4.50060    33.3733    33.3714 0.0000e+00
     74.000    -1.2515    -1.2531   2.684411   2.684154    357.972    358.954     0.1687     0.0550     0.1641    281.059   78.83334   -4.50060    33.4102    33.4084 0.0000e+00
     75.000    -1.2369    -1.2377   2.688018   2.687870    357.419    357.993     0.1684     0.0504     0.1642    282.096   78.83334   -4.50060    33.4427    33.4415 0.0000e+00
     76.000    -1.2195    -1.2213   2.691120   2.690922    357.622    357.072     0.1680     0.0408     0.1655    283.109   78.83334   -4.50058    33.4651    33.4644 0.0000e+00
     77.000    -1.2003    -1.2017   2.693923   2.693777    356.764    355.431     0.1677     0.0418     0.1639    284.091   78.83334   -4.50058    33.4814    33.4810 0.0000e+00
     78.000    -1.1830    -1.1849   2.696159   2.695986    356.498    354.716     0.1673     0.0533     0.1622    285.049   78.83332   -4.50058    33.4920    33.4917 0.0000e+00
     79.000    -1.1473    -1.1524   2.701024   2.700427    355.738    353.632     0.1669     0.0437     0.1615    286.015   78.83332   -4.50058    33.5179    33.5155 0.0000e+00
     80.000    -1.1179    -1.1162   2.708279   2.708216    354.761    352.863     0.1665     0.0400     0.1607    286.985   78.83332   -4.50058    33.5836    33.5809 0.0000e+00
     81.000    -1.1296    -1.1290   2.708454   2.708402    355.319    352.962     0.1661     0.0394     0.1603    287.966   78.83332   -4.50058    33.5985    33.5971 0.0000e+00
     82.000    -1.1351    -1.1350   2.708495   2.708440    352.943    351.564     0.1657     0.0471     0.1596    288.986   78.83333   -4.50059    33.6046    33.6037 0.0000e+00
     83.000    -1.1364    -1.1367   2.709504   2.709378    350.583    350.167     0.1653     0.0597     0.1589    290.041   78.83334   -4.50060    33.6192    33.6179 0.0000e+00
     84.000    -1.1248    -1.1272   2.711490   2.711246    350.727    349.923     0.1649     0.0439     0.1594    291.116   78.83334   -4.50060    33.6328    33.6321 0.0000e+00
     85.000    -1.1801    -1.1675   2.708933   2.709522    353.337    350.728     0.1644     0.0501     0.1610    292.194   78.83334   -4.50060    33.6592    33.6531 0.0000e+00
     86.000    -1.3898    -1.3746   2.693116   2.693814    355.809    352.187     0.1640     0.0543     0.1606    293.255   78.83334   -4.50058    33.6776    33.6700 0.0000e+00
     87.000    -1.4134    -1.4188   2.692795   2.692383    350.775    349.195     0.1635     0.0777     0.1615    294.291   78.83334   -4.50058    33.6992    33.6996 0.0000e+00
     88.000    -1.3205    -1.3281   2.703134   2.702561    350.988    348.237     0.1630     0.0970     0.1623    295.301   78.83334   -4.50058    33.7360    33.7367 0.0000e+00
     89.000    -1.2533    -1.2539   2.710984   2.710835    365.559    354.872     0.1625     0.0952     0.1634    296.270   78.83334   -4.50058    33.7673    33.7659 0.0000e+00
     90.000    -1.2907    -1.2890   2.709556   2.709537    379.938    362.404     0.1619     0.0712     0.1627    297.220   78.83332   -4.50058    33.7893    33.7871 0.0000e+00
     91.000    -1.2853    -1.2859   2.710784   2.710674    378.727    363.133     0.1614     0.0716     0.1628    298.165   78.83332   -4.50058    33.7995    33.7986 0.0000e+00
