test_project/cnv_files/Sta0226_bin.cnv
* Sea-Bird SBE 9 Data File:
* FileName = C:\Seabird\CTDDATA\Sta0226.hex
* Software Version Seasave V 7.26.7.107
* Temperature SN = 03-4535
* Conductivity SN = 2860
* Number of Bytes Per Scan = 44
* Number of Voltage Words = 5
* Number of Scans Averaged by the Deck Unit = 1
* NMEA Latitude = 78 02.82 N
* NMEA Longitude = 016 24.92 W
* NMEA UTC (Time) = Sep 08 2019 06:34:00
* NMEA baud rate = 9600
** Ship: "Kronprins Haakon"
** Station: 0226
** Echodepth: 515
** Log: 6074.63
** Wind-Dir Force(m/s): 34 12
** Air-temp (dry): -2.8
** Weather Sky: 0 1
** Sea Ice: 0 7
# nquan = 17
# nvalues = 500                         
# units = specified
# name 0 = prDM: Pressure, Digiquartz [db]
# name 1 = t090C: Temperature [ITS-90, deg C]
# name 2 = t190C: Temperature, 2 [ITS-90, deg C]
# name 3 = c0S/m: Conductivity [S/m]
# name 4 = c1S/m: Conductivity, 2 [S/m]
# name 5 = sbox0Mm/Kg: Oxygen, SBE 43 [umol/kg]
# name 6 = sbox1Mm/Kg: Oxygen, SBE 43, 2 [umol/kg]
# name 7 = wetCDOM: Fluorescence, WET Labs CDOM [mg/m^3]
# name 8 = flECO-AFL: Fluorescence, WET Labs ECO-AFL/FL [mg/m^3]
# name 9 = CStarAt0: Beam Attenuation, WET Labs C-Star [1/m]
# name 10 = timeS: Time, Elapsed [seconds]
# name 11 = latitude: Latitude [deg]
# name 12 = longitude: Longitude [deg]
# name 13 = upoly0: Upoly 0, ISUS
# name 14 = sal00: Salinity, Practical [PSU]
# name 15 = sal11: Salinity, Practical, 2 [PSU]
# name 16 = flag: flag
# span 0 =      2.000,    501.000       
# span 1 =    -1.6821,     1.6812       
# span 2 =    -1.6817,     1.6815       
# span 3 =   2.367831,   3.055557       
# span 4 =   2.367878,   3.055530       
# span 5 =    302.158,    425.168       
# span 6 =    295.582,    411.286       
# span 7 =     0.0870,     0.1804       
# span 8 =    -0.0025,     0.6200       
# span 9 =     0.1271,     0.2304       
# span 10 =    155.248,    658.178      
# span 11 =   78.04599,   78.04677      
# span 12 =  -16.41437,  -16.41143      
# span 13 =  13.117805,  26.321434      
# span 14 =    29.1591,    34.9126      
# span 15 =    29.1621,    34.9121      
# span 16 = 0.0000e+00, 0.0000e+00      
# interval = decibars: 1                
# start_time = Sep 08 2019 06:34:00 [NMEA time, header]
# bad_flag = -9.990e-29
*END*
[from data line 171]
    173.000     0.0180     0.0180   2.865742   2.865694    320.373    316.429     0.1262     0.0158     0.1358    332.355   78.04644  -16.41318  23.684096    34.3708    34.3701 0.0000e+00
    174.000     0.0528     0.0522   2.869523   2.869506    319.408    315.528     0.1257     0.0122     0.1358    333.312   78.04644  -16.41318  23.751515    34.3811    34.3816 0.0000e+00
    175.000     0.0709     0.0715   2.871776   2.871718    319.507    315.465     0.1252     0.0124     0.1354    334.272   78.04644  -16.41318  23.532042    34.3901    34.3886 0.0000e+00
    176.000     0.0819     0.0819   2.873246   2.873210    319.922    315.261     0.1247     0.0095     0.1359    335.233   78.04644  -16.41316  23.182630    34.3966    34.3961 0.0000e+00
    177.000     0.1185     0.1176   2.877097   2.877025    318.709    314.114     0.1243     0.0085     0.1360    336.195   78.04644  -16.41316  23.335288    34.4057    34.4058 0.0000e+00
    178.000     0.1519     0.1522   2.880677   2.880615    318.194    313.917     0.1238    -0.0007     0.1357    337.158   78.04644  -16.41316  23.865217    34.4149    34.4138 0.0000e+00
    179.000     0.1838     0.1834   2.884000   2.883994    318.915    313.803     0.1234     0.0089     0.1357    338.121   78.04644  -16.41316  23.804097    34.4224    34.4228 0.0000e+00
    180.000     0.2184     0.2185   2.887579   2.887527    318.459    313.483     0.1230     0.0118     0.1359    339.081   78.04644  -16.41314  23.765262    34.4302    34.4294 0.0000e+00
    181.000     0.2247     0.2250   2.888460   2.888399    318.175    313.605     0.1226     0.0116     0.1360    340.049   78.04644  -16.41314  23.812138    34.4342    34.4330 0.0000e+00
    182.000     0.2324     0.2328   2.889512   2.889454    317.314    312.945     0.1223     0.0063     0.1369    341.014   78.04644  -16.41314  23.757081    34.4388    34.4376 0.0000e+00
    183.000     0.2598     0.2599   2.892370   2.892383    315.798    312.255     0.1220     0.0027     0.1347    341.980   78.04644  -16.41313  23.318050    34.4452    34.4452 0.0000e+00
    184.000     0.2854     0.2858   2.895189   2.895126    315.780    311.907     0.1217     0.0081     0.1342    342.943   78.04644  -16.41312  23.445014    34.4529    34.4517 0.0000e+00
    185.000     0.2873     0.2873   2.895876   2.895816    316.814    312.220     0.1214    -0.0008     0.1338    343.903   78.04643  -16.41312  23.812495    34.4592    34.4584 0.0000e+00
    186.000     0.3097     0.3098   2.898358   2.898300    316.613    311.843     0.1210     0.0123     0.1349    344.861   78.04642  -16.41312  23.757324    34.4661    34.4653 0.0000e+00
    187.000     0.3347     0.3344   2.900981   2.900916    316.259    311.381     0.1207     0.0189     0.1350    345.821   78.04642  -16.41311  23.596817    34.4720    34.4715 0.0000e+00
    188.000     0.3545     0.3544   2.903184   2.903146    316.089    310.808     0.1204     0.0248     0.1352    346.778   78.04642  -16.41310  23.611101    34.4782    34.4778 0.0000e+00
    189.000     0.3871     0.3868   2.906661   2.906578    315.810    310.386     0.1201     0.0218     0.1348    347.736   78.04642  -16.41310  24.081125    34.4867    34.4860 0.0000e+00
    190.000     0.3946     0.3950   2.907651   2.907566    315.929    310.470     0.1197     0.0166     0.1347    348.696   78.04642  -16.41309  23.947603    34.4907    34.4892 0.0000e+00
    191.000     0.3976     0.3981   2.908197   2.908125    315.662    310.407     0.1194     0.0111     0.1351    349.659   78.04642  -16.41308  23.458192    34.4939    34.4925 0.0000e+00
    192.000     0.4030     0.4033   2.909189   2.909158    314.869    310.212     0.1190     0.0119     0.1362    350.624   78.04642  -16.41308  23.639012    34.5003    34.4995 0.0000e+00
    193.000     0.4140     0.4144   2.910603   2.910562    314.094    309.819     0.1187     0.0197     0.1366    351.591   78.04642  -16.41308  23.994955    34.5059    34.5049 0.0000e+00
    194.000     0.4233     0.4245   2.911713   2.911764    313.452    309.198     0.1184     0.0138     0.1364    352.562   78.04642  -16.41307  24.013434    34.5095    34.5088 0.0000e+00
    195.000     0.4434     0.4444   2.913709   2.913712    313.812    308.742     0.1181     0.0196     0.1376    353.533   78.04641  -16.41306  24.116638    34.5125    34.5114 0.0000e+00
    196.000     0.4450     0.4462   2.913914   2.913926    314.175    308.491     0.1178     0.0144     0.1379    354.501   78.04640  -16.41306  24.569679    34.5128    34.5116 0.0000e+00
    197.000     0.4472     0.4481   2.914150   2.914141    314.073    308.262     0.1176     0.0181     0.1376    355.468   78.04640  -16.41306  24.078004    34.5128    34.5116 0.0000e+00
    198.000     0.4624     0.4611   2.915761   2.915576    313.427    307.985     0.1175     0.0141     0.1370    356.428   78.04640  -16.41304  23.976825    34.5164    34.5153 0.0000e+00
    199.000     0.4727     0.4727   2.916928   2.916868    313.055    307.760     0.1174     0.0093     0.1368    357.385   78.04640  -16.41304  24.224642    34.5195    34.5186 0.0000e+00
    200.000     0.5075     0.5074   2.920629   2.920641    313.385    307.706     0.1173     0.0100     0.1368    358.338   78.04640  -16.41304  24.526084    34.5283    34.5286 0.0000e+00
    201.000     0.5242     0.5245   2.922523   2.922446    314.038    308.308     0.1173     0.0114     0.1373    359.294   78.04640  -16.41304  24.216917    34.5338    34.5324 0.0000e+00
    202.000     0.5302     0.5302   2.923235   2.923133    314.402    308.576     0.1174     0.0116     0.1369    360.250   78.04640  -16.41302  24.524776    34.5358    34.5344 0.0000e+00
    203.000     0.5340     0.5343   2.923691   2.923625    313.737    308.284     0.1175     0.0113     0.1358    361.207   78.04640  -16.41302  24.148177    34.5369    34.5357 0.0000e+00
    204.000     0.5345     0.5347   2.923796   2.923708    312.943    308.268     0.1176     0.0094     0.1353    362.169   78.04640  -16.41302  24.076001    34.5371    34.5358 0.0000e+00
    205.000     0.5476     0.5475   2.925212   2.925194    312.969    308.080     0.1179     0.0089     0.1347    363.137   78.04640  -16.41300  24.000824    34.5404    34.5403 0.0000e+00
    206.000     0.5722     0.5724   2.927943   2.927883    312.798    307.890     0.1181     0.0117     0.1350    364.110   78.04640  -16.41300  23.766539    34.5479    34.5469 0.0000e+00
    207.000     0.5778     0.5782   2.928604   2.928553    313.834    307.988     0.1184     0.0170     0.1347    365.085   78.04640  -16.41300  23.768547    34.5498    34.5487 0.0000e+00
    208.000     0.5842     0.5845   2.929356   2.929305    314.052    307.899     0.1188     0.0158     0.1347    366.061   78.04640  -16.41300  23.767546    34.5518    34.5507 0.0000e+00
    209.000     0.5949     0.5951   2.930611   2.930568    314.124    307.658     0.1191     0.0092     0.1341    367.031   78.04640  -16.41298  23.711013    34.5556    34.5548 0.0000e+00
    210.000     0.6124     0.6125   2.932578   2.932536    313.519    306.994     0.1195     0.0101     0.1338    367.997   78.04640  -16.41298  23.912029    34.5611    34.5604 0.0000e+00
    211.000     0.6247     0.6250   2.933967   2.933941    313.722    307.130     0.1199     0.0129     0.1344    368.958   78.04639  -16.41298  24.169112    34.5648    34.5642 0.0000e+00
    212.000     0.6405     0.6408   2.935755   2.935730    314.024    307.215     0.1204     0.0096     0.1347    369.911   78.04638  -16.41297  24.278642    34.5699    34.5693 0.0000e+00
    213.000     0.6584     0.6585   2.937848   2.937814    313.533    307.022     0.1208     0.0096     0.1341    370.863   78.04638  -16.41296  24.047528    34.5765    34.5760 0.0000e+00
    214.000     0.6748     0.6752   2.939732   2.939735    312.997    306.897     0.1212     0.0113     0.1336    371.814   78.04638  -16.41296  24.586836    34.5822    34.5818 0.0000e+00
    215.000     0.7005     0.7008   2.942591   2.942565    312.964    306.630     0.1216     0.0131     0.1336    372.770   78.04638  -16.41296  24.512475    34.5901    34.5894 0.0000e+00
    216.000     0.7149     0.7148   2.944189   2.944111    312.833    306.552     0.1220     0.0115     0.1336    373.732   78.04638  -16.41295  24.383290    34.5942    34.5933 0.0000e+00
    217.000     0.7195     0.7199   2.944798   2.944734    312.704    306.300     0.1224     0.0112     0.1333    374.694   78.04638  -16.41294  24.199831    34.5964    34.5951 0.0000e+00
    218.000     0.7300     0.7304   2.946053   2.946070    312.292    306.041     0.1229     0.0115     0.1326    375.659   78.04638  -16.41294  24.150001    34.6004    34.6002 0.0000e+00
    219.000     0.7566     0.7567   2.949045   2.949010    311.330    306.524     0.1232     0.0087     0.1327    376.626   78.04638  -16.41293  24.882367    34.6090    34.6084 0.0000e+00
    220.000     0.7641     0.7644   2.949930   2.949857    311.868    306.853     0.1236     0.0087     0.1327    377.598   78.04638  -16.41292  24.884435    34.6115    34.6102 0.0000e+00
    221.000     0.7670     0.7674   2.950288   2.950231    312.772    306.983     0.1239     0.0086     0.1323    378.567   78.04638  -16.41292  24.263598    34.6123    34.6111 0.0000e+00
    222.000     0.7734     0.7737   2.951011   2.950970    312.421    306.803     0.1241     0.0103     0.1323    379.534   78.04638  -16.41292  23.934747    34.6139    34.6131 0.0000e+00
    223.000     0.7804     0.7808   2.951837   2.951794    312.075    306.447     0.1243     0.0094     0.1322    380.495   78.04638  -16.41292  23.907124    34.6162    34.6153 0.0000e+00
    224.000     0.7969     0.7968   2.953674   2.953643    312.110    306.238     0.1243     0.0076     0.1318    381.456   78.04638  -16.41290  23.925101    34.6211    34.6208 0.0000e+00
    225.000     0.8103     0.8101   2.955250   2.955132    312.152    305.719     0.1243     0.0045     0.1324    382.414   78.04638  -16.41290  23.517444    34.6260    34.6247 0.0000e+00
    226.000     0.8199     0.8194   2.956381   2.956290    312.555    305.787     0.1242    -0.0020     0.1322    383.376   78.04638  -16.41290  23.886567    34.6294    34.6288 0.0000e+00
    227.000     0.8335     0.8337   2.957811   2.957766    312.321    305.911     0.1240    -0.0018     0.1325    384.338   78.04638  -16.41290  24.368092    34.6321    34.6314 0.0000e+00
    228.000     0.8322     0.8330   2.957916   2.957852    312.032    306.614     0.1238     0.0091     0.1324    385.306   78.04636  -16.41288  24.381317    34.6344    34.6326 0.0000e+00
    229.000     0.8112     0.8120   2.956245   2.956231    311.719    306.698     0.1235     0.0118     0.1325    386.274   78.04636  -16.41288  24.114032    34.6355    34.6344 0.0000e+00
    230.000     0.8070     0.8080   2.956041   2.955997    311.758    306.481     0.1232     0.0099     0.1327    387.243   78.04636  -16.41288  23.821178    34.6369    34.6353 0.0000e+00
    231.000     0.8065     0.8068   2.956368   2.956357    312.091    306.463     0.1229     0.0173     0.1338    388.211   78.04636  -16.41286  23.774991    34.6412    34.6407 0.0000e+00
    232.000     0.8042     0.8048   2.956423   2.956417    312.811    306.041     0.1226     0.0126     0.1347    389.175   78.04636  -16.41286  24.086350    34.6439    34.6431 0.0000e+00
    233.000     0.8484     0.8476   2.960815   2.960944    312.680    305.087     0.1223     0.0101     0.1353    390.136   78.04636  -16.41286  24.088327    34.6509    34.6534 0.0000e+00
    234.000     0.9305     0.9301   2.968767   2.968733    312.232    304.401     0.1220     0.0057     0.1362    391.093   78.04636  -16.41286  24.624836    34.6616    34.6616 0.0000e+00
    235.000     0.9550     0.9553   2.971372   2.971337    313.688    305.124     0.1217    -0.0023     0.1364    392.047   78.04636  -16.41284  24.570456    34.6674    34.6666 0.0000e+00
    236.000     0.9488     0.9495   2.971007   2.970942    313.853    305.280     0.1214    -0.0017     0.1357    393.003   78.04636  -16.41284  24.187327    34.6690    34.6674 0.0000e+00
    237.000     0.9185     0.9196   2.968389   2.968348    310.643    304.563     0.1211     0.0081     0.1345    393.960   78.04636  -16.41284  24.127627    34.6683    34.6666 0.0000e+00
    238.000     0.9312     0.9308   2.969740   2.969686    307.126    303.706     0.1209     0.0088     0.1347    394.925   78.04635  -16.41284  24.532103    34.6710    34.6708 0.0000e+00
    239.000     0.9254     0.9262   2.969344   2.969304    306.048    303.483     0.1206     0.0093     0.1352    395.895   78.04634  -16.41283  24.718855    34.6719    34.6704 0.0000e+00
    240.000     0.9157     0.9159   2.968566   2.968503    308.615    303.954     0.1203     0.0091     0.1357    396.871   78.04634  -16.41282  24.375629    34.6720    34.6710 0.0000e+00
    241.000     0.8972     0.8977   2.967047   2.966929    310.615    304.192     0.1200     0.0153     0.1370    397.847   78.04634  -16.41282  24.451142    34.6724    34.6703 0.0000e+00
    242.000     0.8829     0.8834   2.965947   2.965908    311.196    304.508     0.1197     0.0150     0.1381    398.823   78.04634  -16.41281  24.877264    34.6735    34.6724 0.0000e+00
    243.000     0.8973     0.8974   2.967383   2.967380    311.125    303.995     0.1193     0.0102     0.1400    399.795   78.04634  -16.41280  24.914610    34.6755    34.6752 0.0000e+00
    244.000     0.9104     0.9106   2.968721   2.968688    311.120    303.625     0.1190     0.0136     0.1426    400.761   78.04634  -16.41280  24.119201    34.6775    34.6769 0.0000e+00
    245.000     0.9243     0.9238   2.970197   2.970139    311.487    303.284     0.1186     0.0188     0.1461    401.716   78.04634  -16.41280  24.097787    34.6805    34.6803 0.0000e+00
    246.000     0.9352     0.9356   2.971393   2.971344    311.434    302.732     0.1182     0.0095     0.1474    402.667   78.04634  -16.41279  24.093847    34.6832    34.6821 0.0000e+00
    247.000     0.9428     0.9430   2.972372   2.972344    310.670    302.644     0.1179     0.0114     0.1475    403.614   78.04634  -16.41278  23.961608    34.6868    34.6863 0.0000e+00
    248.000     0.9467     0.9471   2.973097   2.973064    310.034    302.658     0.1175     0.0093     0.1475    404.561   78.04634  -16.41278  24.117093    34.6912    34.6904 0.0000e+00
    249.000     0.9578     0.9579   2.974455   2.974441    309.527    302.629     0.1171     0.0088     0.1483    405.512   78.04634  -16.41278  24.974083    34.6959    34.6956 0.0000e+00
    250.000     0.9810     0.9807   2.977039   2.977000    309.399    302.488     0.1167     0.0141     0.1494    406.471   78.04634  -16.41278  24.538071    34.7028    34.7025 0.0000e+00
    251.000     1.0074     1.0074   2.979824   2.979851    309.304    302.651     0.1163     0.0170     0.1498    407.437   78.04634  -16.41276  24.661413    34.7086    34.7090 0.0000e+00
    252.000     1.0532     1.0530   2.984462   2.984457    309.245    302.496     0.1159     0.0102     0.1497    408.415   78.04634  -16.41276  24.414508    34.7168    34.7169 0.0000e+00
    253.000     1.0746     1.0746   2.986807   2.986800    310.076    303.055     0.1156     0.0117     0.1490    409.397   78.04634  -16.41276  24.414720    34.7226    34.7226 0.0000e+00
    254.000     1.0953     1.0947   2.988970   2.988850    310.588    303.685     0.1153     0.0085     0.1473    410.382   78.04634  -16.41276  24.671490    34.7268    34.7259 0.0000e+00
    255.000     1.0997     1.1003   2.989475   2.989451    310.353    304.271     0.1150     0.0089     0.1458    411.364   78.04632  -16.41274  24.900016    34.7278    34.7268 0.0000e+00
    256.000     1.1116     1.1117   2.990707   2.990665    309.307    304.465     0.1147     0.0109     0.1451    412.337   78.04632  -16.41274  23.969451    34.7298    34.7291 0.0000e+00
