test_project/cnv_files/Sta0216_bin.cnv
* Sea-Bird SBE 9 Data File:
* FileName = C:\Seabird\CTDDATA\Sta0216.hex
* Software Version Seasave V 7.26.7.107
* Temperature SN = 03-4535
* Conductivity SN = 2860
* Number of Bytes Per Scan = 44
* Number of Voltage Words = 5
* Number of Scans Averaged by the Deck Unit = 1
* NMEA Latitude = 78 49.98 N
* NMEA Longitude = 012 00.02 W
* NMEA UTC (Time) = Sep 06 2019 01:21:40
* NMEA baud rate = 9600
** Ship: "Kronprins Haakon"
** Station: 0216
** Echodepth: 202
** Log: 5956.148
** Wind-Dir Force(m/s): 34 04
** Air-temp (dry): -0.9
** Weather Sky: 2 6
** Sea Ice: 1 2
# nquan = 17
# nvalues = 192                         
# units = specified
# name 0 = prDM: Pressure, Digiquartz [db]
# name 1 = t090C: Temperature [ITS-90, deg C]
# name 2 = t190C: Temperature, 2 [ITS-90, deg C]
# name 3 = c0S/m: Conductivity [S/m]
# name 4 = c1S/m: Conductivity, 2 [S/m]
# name 5 = sbox0Mm/Kg: Oxygen, SBE 43 [umol/kg]
# name 6 = sbox1Mm/Kg: Oxygen, SBE 43, 2 [umol/kg]
# name 7 = wetCDOM: Fluorescence, WET Labs CDOM [mg/m^3]
# name 8 = flECO-AFL: Fluorescence, WET Labs ECO-AFL/FL [mg/m^3]
# name 9 = CStarAt0: Beam Attenuation, WET Labs C-Star [1/m]
# name 10 = timeS: Time, Elapsed [seconds]
# name 11 = latitude: Latitude [deg]
# name 12 = longitude: Longitude [deg]
# name 13 = upoly0: Upoly 0, ISUS
# name 14 = sal00: Salinity, Practical [PSU]
# name 15 = sal11: Salinity, Practical, 2 [PSU]
# name 16 = flag: flag
# span 0 =      1.000,    192.000       
# span 1 =    -1.7111,     0.1576       
# span 2 =    -1.7108,     0.1576       
# span 3 =   2.439437,   2.884311       
# span 4 =   2.439425,   2.884222       
# span 5 =    313.103,    429.584       
# span 6 =    310.370,    418.632       
# span 7 =     0.1340,     0.1786       
# span 8 =     0.0093,     0.6764       
# span 9 =     0.1575,     0.2924       
# span 10 =    296.892,    497.203      
# span 11 =   78.83316,   78.83316      
# span 12 =  -12.00040,  -12.00038      
# span 13 =  13.882896,  24.674137      
# span 14 =    30.0214,    34.4481      
# span 15 =    30.0216,    34.4469      
# span 16 = 0.0000e+00, 0.0000e+00      
# interval = decibars: 1                
# start_time = Sep 06 2019 01:21:40 [NMEA time, header]
# bad_flag = -9.990e-29
*END*
[from data line 171]
    172.000    -0.1747    -0.1745   2.846005   2.845898    319.500    316.353     0.1392     0.0271     0.1669    478.143   78.83316  -12.00038  23.902415    34.3258    34.3242 0.0000e+00
    173.000    -0.1636    -0.1636   2.847319   2.847204    318.657    315.731     0.1390     0.0302     0.1669    479.166   78.83316  -12.00038  23.663476    34.3302    34.3286 0.0000e+00
    174.000    -0.1581    -0.1575   2.848000   2.847946    318.666    315.520     0.1387     0.0274     0.1672    480.192   78.83316  -12.00038  23.904803    34.3324    34.3311 0.0000e+00
    175.000    -0.1478    -0.1475   2.849245   2.849159    318.829    315.436     0.1381     0.0237     0.1681    481.218   78.83316  -12.00038  23.739160    34.3368    34.3353 0.0000e+00
    176.000    -0.1396    -0.1400   2.850223   2.850086    318.831    315.427     0.1374     0.0261     0.1692    482.255   78.83316  -12.00038  23.799824    34.3400    34.3386 0.0000e+00
    177.000    -0.1231    -0.1234   2.852158   2.852065    318.968    315.027     0.1365     0.0265     0.1685    483.300   78.83316  -12.00038  23.799788    34.3466    34.3456 0.0000e+00
    178.000    -0.0818    -0.0833   2.856791   2.856645    318.741    314.208     0.1355     0.0194     0.1689    484.344   78.83316  -12.00038  24.267297    34.3611    34.3609 0.0000e+00
    179.000    -0.0171    -0.0189   2.863693   2.863566    318.946    313.780     0.1347     0.0308     0.1691    485.383   78.83316  -12.00038  24.534294    34.3794    34.3797 0.0000e+00
    180.000     0.0243     0.0241   2.867955   2.867838    319.227    314.005     0.1342     0.0303     0.1696    486.417   78.83316  -12.00038  24.473126    34.3887    34.3874 0.0000e+00
    181.000     0.0374     0.0381   2.869417   2.869342    318.845    314.253     0.1340     0.0237     0.1706    487.445   78.83316  -12.00038  24.342608    34.3928    34.3910 0.0000e+00
    182.000     0.0283     0.0303   2.868654   2.868685    316.757    313.571     0.1342     0.0162     0.1710    488.469   78.83316  -12.00038  24.453783    34.3923    34.3905 0.0000e+00
    183.000     0.0186     0.0193   2.867834   2.867759    314.174    312.166     0.1345     0.0169     0.1712    489.490   78.83316  -12.00038  24.674137    34.3917    34.3899 0.0000e+00
    184.000     0.0211     0.0218   2.868196   2.868139    313.103    311.459     0.1351     0.0291     0.1714    490.511   78.83316  -12.00038  24.587217    34.3931    34.3916 0.0000e+00
    185.000     0.0228     0.0232   2.868605   2.868537    313.922    311.173     0.1356     0.0249     0.1727    491.531   78.83316  -12.00038  24.567058    34.3960    34.3947 0.0000e+00
    186.000     0.0291     0.0294   2.869778   2.869686    315.481    310.960     0.1361     0.0129     0.1735    492.511   78.83316  -12.00038  24.348306    34.4038    34.4023 0.0000e+00
    187.000     0.0329     0.0325   2.870337   2.870205    316.101    310.886     0.1366     0.0093     0.1741    493.277   78.83316  -12.00038  24.330677    34.4064    34.4051 0.0000e+00
    188.000     0.0675     0.0656   2.874300   2.874152    315.897    310.707     0.1368     0.0098     0.1755    493.937   78.83316  -12.00038  24.318859    34.4193    34.4196 0.0000e+00
    189.000     0.0839     0.0830   2.876165   2.876039    315.867    310.467     0.1365     0.0186     0.1757    494.581   78.83316  -12.00038  24.242419    34.4250    34.4243 0.0000e+00
    190.000     0.1112     0.1089   2.879275   2.878990    316.210    310.472     0.1365     0.0225     0.1764    495.263   78.83316  -12.00038  24.216847    34.4349    34.4338 0.0000e+00
    191.000     0.1415     0.1401   2.882645   2.882472    316.725    310.381     0.1370     0.0169     0.1775    496.129   78.83316  -12.00038  24.214158    34.4447    34.4441 0.0000e+00
    192.000     0.1576     0.1576   2.884311   2.884222    316.851    310.370     0.1382     0.0235     0.1790    497.203   78.83316  -12.00038  23.912845    34.4481    34.4469 0.0000e+00
