test_project/cnv_files/Sta0224_bin.cnv
* Sea-Bird SBE 9 Data File:
* FileName = C:\Seabird\CTDDATA\Sta0224.hex
* Software Version Seasave V 7.26.7.107
* Temperature SN = 03-4535
* Conductivity SN = 2860
* Number of Bytes Per Scan = 44
* Number of Voltage Words = 5
* Number of Scans Averaged by the Deck Unit = 1
* NMEA Latitude = 78 08.23 N
* NMEA Longitude = 015 57.72 W
* NMEA UTC (Time) = Sep 08 2019 01:52:42
* NMEA baud rate = 9600
** Ship: "Kronprins Haakon"
** Station: 0224
** Echodepth: 431
** Log: 6066.729
** Wind-Dir Force(m/s): 24 05
** Air-temp (dry): -2.0
** Weather Sky: 0 1
** Sea Ice: 0 4
# nquan = 17
# nvalues = 418                         
# units = specified
# name 0 = prDM: Pressure, Digiquartz [db]
# name 1 = t090C: Temperature [ITS-90, deg C]
# name 2 = t190C: Temperature, 2 [ITS-90, deg C]
# name 3 = c0S/m: Conductivity [S/m]
# name 4 = c1S/m: Conductivity, 2 [S/m]
# name 5 = sbox0Mm/Kg: Oxygen, SBE 43 [umol/kg]
# name 6 = sbox1Mm/Kg: Oxygen, SBE 43, 2 [umol/kg]
# name 7 = wetCDOM: Fluorescence, WET Labs CDOM [mg/m^3]
# name 8 = flECO-AFL: Fluorescence, WET Labs ECO-AFL/FL [mg/m^3]
# name 9 = CStarAt0: Beam Attenuation, WET Labs C-Star [1/m]
# name 10 = timeS: Time, Elapsed [seconds]
# name 11 = latitude: Latitude [deg]
# name 12 = longitude: Longitude [deg]
# name 13 = upoly0: Upoly 0, ISUS
# name 14 = sal00: Salinity, Practical [PSU]
# name 15 = sal11: Salinity, Practical, 2 [PSU]
# name 16 = flag: flag
# span 0 =      3.000,    420.000       
# span 1 =    -1.6744,     1.8887       
# span 2 =    -1.6745,     1.8894       
# span 3 =   0.055269,   3.071440       
# span 4 =   2.229407,   3.071440       
# span 5 =    306.165,    483.088       
# span 6 =    300.714,    709.353       
# span 7 =     0.1098,     0.1790       
# span 8 =    -0.0001,     0.9923       
# span 9 =     0.1293,     0.2497       
# span 10 =     22.484,    698.684      
# span 11 =   78.13730,   78.13732      
# span 12 =  -15.96206,  -15.96202      
# span 13 =  13.633282,  26.042990      
# span 14 =     0.5286,    34.9082      
# span 15 =    25.2696,    34.9083      
# span 16 = 0.0000e+00, 0.0000e+00      
# interval = decibars: 1                
# start_time = Sep 08 2019 01:52:42 [NMEA time, header]
# bad_flag = -9.990e-29
*END*
[from data line 171]
    174.000     0.1897     0.1893   2.884516   2.884438    321.552    316.905     0.1340     0.0159     0.1357    443.919   78.13732  -15.96204  23.806437    34.4257    34.4250 0.0000e+00
    175.000     0.1987     0.1985   2.885514   2.885441    320.164    316.799     0.1337     0.0154     0.1357    444.986   78.13732  -15.96204  23.804558    34.4281    34.4274 0.0000e+00
    176.000     0.2293     0.2284   2.888823   2.888763    317.502    315.351     0.1333     0.0119     0.1355    446.071   78.13732  -15.96204  23.752347    34.4369    34.4371 0.0000e+00
    177.000     0.2587     0.2577   2.892046   2.891938    316.242    314.412     0.1330     0.0131     0.1345    447.159   78.13732  -15.96204  23.986239    34.4457    34.4454 0.0000e+00
    178.000     0.2841     0.2836   2.894808   2.894720    316.060    314.069     0.1327     0.0153     0.1341    448.224   78.13732  -15.96204  24.151620    34.4529    34.4524 0.0000e+00
    179.000     0.3080     0.3071   2.897406   2.897318    316.185    313.806     0.1323     0.0145     0.1338    449.267   78.13732  -15.96204  24.103172    34.4597    34.4596 0.0000e+00
    180.000     0.3351     0.3347   2.900537   2.900454    315.676    313.287     0.1320     0.0114     0.1334    450.275   78.13732  -15.96204  23.943354    34.4700    34.4693 0.0000e+00
    181.000     0.3417     0.3418   2.901446   2.901384    315.137    312.880     0.1317     0.0168     0.1335    451.262   78.13732  -15.96204  23.966496    34.4739    34.4730 0.0000e+00
    182.000     0.3567     0.3557   2.903270   2.903180    314.713    312.218     0.1314     0.0251     0.1334    452.247   78.13732  -15.96204  24.046207    34.4805    34.4804 0.0000e+00
    183.000     0.3744     0.3743   2.905319   2.905252    313.723    311.649     0.1311     0.0135     0.1331    453.233   78.13732  -15.96206  24.230564    34.4869    34.4862 0.0000e+00
    184.000     0.3828     0.3827   2.906369   2.906299    314.637    311.573     0.1309     0.0131     0.1332    454.236   78.13732  -15.96206  24.330788    34.4907    34.4899 0.0000e+00
    185.000     0.3974     0.3969   2.908093   2.908025    314.710    311.394     0.1306     0.0108     0.1335    455.261   78.13732  -15.96206  24.214455    34.4963    34.4960 0.0000e+00
    186.000     0.4232     0.4223   2.910906   2.910833    314.170    311.204     0.1304     0.0223     0.1329    456.312   78.13732  -15.96206  23.908768    34.5037    34.5038 0.0000e+00
    187.000     0.4651     0.4638   2.915314   2.915222    314.419    311.209     0.1301     0.0230     0.1333    457.390   78.13732  -15.96206  23.708590    34.5140    34.5142 0.0000e+00
    188.000     0.4874     0.4874   2.917647   2.917588    314.521    311.358     0.1299     0.0164     0.1332    458.466   78.13732  -15.96206  23.914251    34.5189    34.5182 0.0000e+00
    189.000     0.4901     0.4903   2.918106   2.918058    314.235    311.368     0.1297     0.0159     0.1330    459.535   78.13732  -15.96206  24.320731    34.5214    34.5205 0.0000e+00
    190.000     0.4956     0.4957   2.918887   2.918841    312.278    310.461     0.1295     0.0162     0.1336    460.579   78.13732  -15.96206  24.410997    34.5248    34.5241 0.0000e+00
    191.000     0.5030     0.5030   2.919776   2.919741    311.123    309.701     0.1293     0.0162     0.1336    461.605   78.13732  -15.96206  24.412552    34.5276    34.5272 0.0000e+00
    192.000     0.5159     0.5155   2.921379   2.921352    311.444    309.228     0.1291     0.0108     0.1335    462.612   78.13732  -15.96206  23.824868    34.5336    34.5336 0.0000e+00
    193.000     0.5507     0.5500   2.925152   2.925111    312.261    308.724     0.1289     0.0136     0.1338    463.609   78.13732  -15.96206  24.301076    34.5433    34.5435 0.0000e+00
    194.000     0.5665     0.5663   2.926992   2.926941    312.744    308.991     0.1288     0.0199     0.1341    464.605   78.13732  -15.96206  24.627311    34.5491    34.5486 0.0000e+00
    195.000     0.5800     0.5794   2.928599   2.928518    313.560    309.676     0.1286     0.0146     0.1344    465.607   78.13732  -15.96206  24.647293    34.5543    34.5539 0.0000e+00
    196.000     0.5991     0.5989   2.930720   2.930660    313.310    309.620     0.1285     0.0122     0.1336    466.631   78.13732  -15.96206  24.565928    34.5600    34.5595 0.0000e+00
    197.000     0.6161     0.6156   2.932634   2.932562    312.673    309.235     0.1283     0.0133     0.1336    467.676   78.13732  -15.96206  24.583714    34.5654    34.5650 0.0000e+00
    198.000     0.6393     0.6386   2.935111   2.935042    312.188    308.645     0.1282     0.0115     0.1334    468.736   78.13732  -15.96206  23.938078    34.5712    34.5710 0.0000e+00
    199.000     0.6516     0.6516   2.936608   2.936550    311.623    308.378     0.1281     0.0145     0.1338    469.805   78.13732  -15.96206  24.979478    34.5763    34.5756 0.0000e+00
    200.000     0.6597     0.6597   2.937653   2.937607    311.350    308.536     0.1280     0.0105     0.1345    470.864   78.13732  -15.96206  25.014153    34.5803    34.5797 0.0000e+00
    201.000     0.6721     0.6716   2.939057   2.938976    310.995    308.346     0.1278     0.0048     0.1331    471.907   78.13732  -15.96206  24.809530    34.5842    34.5837 0.0000e+00
    202.000     0.6910     0.6906   2.941190   2.941132    310.927    307.803     0.1277     0.0109     0.1334    472.933   78.13732  -15.96206  25.230870    34.5902    34.5899 0.0000e+00
    203.000     0.7006     0.7003   2.942309   2.942256    310.968    307.943     0.1276     0.0143     0.1342    473.948   78.13732  -15.96206  25.413056    34.5934    34.5930 0.0000e+00
    204.000     0.7320     0.7310   2.945453   2.945397    310.643    307.420     0.1275     0.0129     0.1330    474.954   78.13732  -15.96206  25.132640    34.5987    34.5990 0.0000e+00
    205.000     0.7551     0.7542   2.947885   2.947818    310.769    307.140     0.1274     0.0025     0.1328    475.963   78.13732  -15.96206  24.710865    34.6039    34.6040 0.0000e+00
    206.000     0.7797     0.7792   2.950528   2.950459    311.422    307.388     0.1274     0.0146     0.1332    476.982   78.13732  -15.96206  24.493453    34.6101    34.6097 0.0000e+00
    207.000     0.7895     0.7899   2.951841   2.951800    311.444    307.516     0.1273     0.0098     0.1336    478.015   78.13732  -15.96206  24.603398    34.6157    34.6147 0.0000e+00
    208.000     0.7721     0.7728   2.950546   2.950518    311.039    307.610     0.1272     0.0015     0.1330    479.062   78.13732  -15.96206  24.855894    34.6176    34.6165 0.0000e+00
    209.000     0.7827     0.7825   2.951740   2.951687    309.987    307.043     0.1271     0.0001     0.1327    480.111   78.13732  -15.96206  24.764975    34.6207    34.6203 0.0000e+00
    210.000     0.8055     0.8047   2.954229   2.954147    309.691    306.720     0.1270     0.0019     0.1330    481.161   78.13732  -15.96206  24.905842    34.6269    34.6269 0.0000e+00
    211.000     0.8192     0.8192   2.955744   2.955685    310.386    306.368     0.1270     0.0175     0.1328    482.203   78.13732  -15.96206  25.322647    34.6307    34.6300 0.0000e+00
    212.000     0.8283     0.8280   2.956738   2.956670    311.436    306.615     0.1269     0.0129     0.1327    483.236   78.13732  -15.96206  25.196579    34.6328    34.6323 0.0000e+00
    213.000     0.8430     0.8424   2.958374   2.958294    310.981    306.538     0.1268     0.0030     0.1326    484.255   78.13732  -15.96206  24.915513    34.6371    34.6367 0.0000e+00
    214.000     0.8717     0.8710   2.961532   2.961469    310.181    306.218     0.1266    -0.0000     0.1330    485.284   78.13732  -15.96206  25.061016    34.6455    34.6454 0.0000e+00
    215.000     0.8836     0.8836   2.962854   2.962809    310.385    306.050     0.1265     0.0090     0.1329    486.327   78.13732  -15.96206  25.478423    34.6487    34.6481 0.0000e+00
    216.000     0.8972     0.8965   2.964338   2.964251    310.152    306.050     0.1263     0.0122     0.1331    487.355   78.13732  -15.96206  25.321956    34.6521    34.6518 0.0000e+00
    217.000     0.9247     0.9238   2.967329   2.967272    309.697    305.781     0.1261     0.0093     0.1335    488.392   78.13732  -15.96206  24.802403    34.6596    34.6599 0.0000e+00
    218.000     0.9486     0.9484   2.969911   2.969868    309.462    305.807     0.1259     0.0096     0.1332    489.435   78.13732  -15.96206  24.416946    34.6657    34.6654 0.0000e+00
    219.000     0.9584     0.9583   2.970982   2.970926    309.788    305.692     0.1257     0.0091     0.1329    490.481   78.13732  -15.96206  24.780789    34.6681    34.6674 0.0000e+00
    220.000     0.9666     0.9665   2.971899   2.971871    309.147    305.171     0.1255     0.0096     0.1323    491.525   78.13732  -15.96206  24.358499    34.6701    34.6699 0.0000e+00
    221.000     0.9772     0.9769   2.973103   2.973067    308.429    305.145     0.1253     0.0096     0.1330    492.555   78.13732  -15.96206  24.749542    34.6733    34.6731 0.0000e+00
    222.000     0.9863     0.9861   2.974127   2.974084    308.084    304.994     0.1250     0.0101     0.1319    493.582   78.13732  -15.96206  24.538864    34.6757    34.6754 0.0000e+00
    223.000     0.9977     0.9974   2.975372   2.975319    308.573    305.066     0.1248     0.0135     0.1315    494.597   78.13732  -15.96206  24.444391    34.6785    34.6781 0.0000e+00
    224.000     1.0067     1.0065   2.976378   2.976339    308.794    305.044     0.1245     0.0113     0.1315    495.615   78.13732  -15.96206  24.402961    34.6809    34.6806 0.0000e+00
    225.000     1.0225     1.0221   2.978156   2.978106    308.741    304.790     0.1243     0.0214     0.1315    496.642   78.13732  -15.96206  24.128180    34.6856    34.6854 0.0000e+00
    226.000     1.0391     1.0388   2.979961   2.979904    309.047    304.610     0.1241     0.0104     0.1312    497.673   78.13732  -15.96206  24.027410    34.6898    34.6895 0.0000e+00
    227.000     1.0528     1.0525   2.981502   2.981454    309.459    304.849     0.1238     0.0202     0.1305    498.712   78.13732  -15.96206  24.057584    34.6939    34.6936 0.0000e+00
    228.000     1.0665     1.0661   2.983063   2.983003    309.288    304.763     0.1236     0.0146     0.1304    499.753   78.13732  -15.96206  24.062892    34.6981    34.6977 0.0000e+00
    229.000     1.0811     1.0808   2.984734   2.984680    308.888    304.540     0.1234     0.0032     0.1304    500.795   78.13732  -15.96206  24.864094    34.7029    34.7025 0.0000e+00
    230.000     1.0904     1.0906   2.985823   2.985830    308.855    304.527     0.1231     0.0074     0.1304    501.838   78.13732  -15.96206  24.814494    34.7059    34.7057 0.0000e+00
    231.000     1.0983     1.0983   2.986709   2.986688    308.182    304.447     0.1229     0.0126     0.1300    502.874   78.13732  -15.96206  24.443403    34.7079    34.7076 0.0000e+00
    232.000     1.1120     1.1115   2.988219   2.988170    307.503    303.993     0.1227     0.0140     0.1308    503.901   78.13732  -15.96206  24.784881    34.7115    34.7114 0.0000e+00
    233.000     1.1261     1.1258   2.989740   2.989714    307.752    303.760     0.1224     0.0106     0.1308    504.922   78.13732  -15.96206  24.979590    34.7148    34.7148 0.0000e+00
    234.000     1.1379     1.1379   2.991085   2.991047    308.185    303.848     0.1222     0.0130     0.1306    505.948   78.13732  -15.96206  24.736293    34.7184    34.7179 0.0000e+00
    235.000     1.1464     1.1459   2.992053   2.991992    308.679    303.699     0.1220     0.0151     0.1300    506.975   78.13732  -15.96206  24.674848    34.7208    34.7205 0.0000e+00
    236.000     1.1606     1.1605   2.993616   2.993586    308.613    303.580     0.1217     0.0115     0.1296    508.000   78.13732  -15.96206  24.956238    34.7244    34.7242 0.0000e+00
    237.000     1.1733     1.1730   2.995099   2.995066    308.264    303.664     0.1215     0.0120     0.1302    509.026   78.13732  -15.96206  24.984748    34.7288    34.7287 0.0000e+00
    238.000     1.1842     1.1842   2.996350   2.996308    308.251    303.692     0.1213     0.0138     0.1296    510.057   78.13732  -15.96206  24.753791    34.7321    34.7317 0.0000e+00
    239.000     1.1956     1.1952   2.997587   2.997539    308.392    303.547     0.1211     0.0101     0.1297    511.091   78.13732  -15.96206  25.002696    34.7347    34.7346 0.0000e+00
    240.000     1.2049     1.2048   2.998645   2.998603    308.467    303.299     0.1209     0.0031     0.1300    512.122   78.13732  -15.96206  25.076827    34.7375    34.7371 0.0000e+00
    241.000     1.2072     1.2075   2.999118   2.999105    308.195    303.434     0.1207     0.0075     0.1298    513.153   78.13732  -15.96206  24.773031    34.7403    34.7399 0.0000e+00
    242.000     1.2207     1.2201   3.000575   3.000505    308.024    303.105     0.1205     0.0014     0.1296    514.178   78.13732  -15.96206  24.704539    34.7434    34.7432 0.0000e+00
    243.000     1.2423     1.2417   3.002850   3.002775    307.876    302.718     0.1204     0.0137     0.1295    515.214   78.13732  -15.96206  24.851013    34.7480    34.7478 0.0000e+00
    244.000     1.2562     1.2560   3.004444   3.004387    308.142    303.064     0.1202     0.0144     0.1299    516.247   78.13732  -15.96206  24.843882    34.7524    34.7520 0.0000e+00
    245.000     1.2610     1.2614   3.005032   3.005033    308.514    303.225     0.1200     0.0097     0.1301    517.283   78.13732  -15.96206  24.780184    34.7540    34.7536 0.0000e+00
    246.000     1.2652     1.2652   3.005509   3.005487    308.141    303.151     0.1198     0.0094     0.1299    518.303   78.13732  -15.96206  25.242818    34.7549    34.7546 0.0000e+00
    247.000     1.2701     1.2700   3.006105   3.006057    307.140    303.372     0.1197     0.0137     0.1294    519.301   78.13732  -15.96206  25.330867    34.7565    34.7559 0.0000e+00
    248.000     1.2807     1.2807   3.007268   3.007266    307.489    303.857     0.1195     0.0197     0.1295    520.296   78.13732  -15.96206  25.018242    34.7591    34.7590 0.0000e+00
    249.000     1.2958     1.2956   3.008961   3.008951    307.633    303.659     0.1193     0.0137     0.1293    521.291   78.13732  -15.96206  24.760499    34.7633    34.7634 0.0000e+00
    250.000     1.3188     1.3173   3.011463   3.011418    307.658    303.308     0.1191     0.0096     0.1298    522.295   78.13732  -15.96206  24.483849    34.7692    34.7703 0.0000e+00
    251.000     1.3500     1.3495   3.014771   3.014718    308.362    303.215     0.1190     0.0094     0.1298    523.308   78.13732  -15.96206  24.542347    34.7763    34.7762 0.0000e+00
    252.000     1.3591     1.3593   3.015775   3.015757    308.781    303.862     0.1188     0.0095     0.1296    524.307   78.13732  -15.96206  25.171118    34.7784    34.7780 0.0000e+00
    253.000     1.3613     1.3613   3.016189   3.016151    309.022    304.003     0.1186     0.0109     0.1295    525.307   78.13732  -15.96206  25.133170    34.7807    34.7802 0.0000e+00
    254.000     1.3708     1.3705   3.017309   3.017274    308.690    303.698     0.1184     0.0132     0.1305    526.320   78.13732  -15.96206  24.742238    34.7838    34.7838 0.0000e+00
    255.000     1.4111     1.4062   3.021290   3.020974    307.971    303.853     0.1182     0.0095     0.1304    527.354   78.13732  -15.96206  24.698801    34.7894    34.7908 0.0000e+00
    256.000     1.4480     1.4479   3.024961   3.024857    307.596    303.637     0.1180     0.0082     0.1304    528.397   78.13732  -15.96206  24.696277    34.7948    34.7936 0.0000e+00
    257.000     1.4642     1.4618   3.026741   3.026565    308.856    303.814     0.1179     0.0027     0.1312    529.438   78.13732  -15.96206  25.096196    34.7989    34.7992 0.0000e+00
