test_project/cnv_files/Sta0232_bin.cnv
* Sea-Bird SBE 9 Data File:
* FileName = C:\Seabird\CTDDATA\Sta0232.hex
* Software Version Seasave V 7.26.7.107
* Temperature SN = 03-4535
* Conductivity SN = 2860
* Number of Bytes Per Scan = 44
* Number of Voltage Words = 5
* Number of Scans Averaged by the Deck Unit = 1
* NMEA Latitude = 78 49.97 N
* NMEA Longitude = 009 45.12 W
* NMEA UTC (Time) = Sep 09 2019 23:35:58
* NMEA baud rate = 9600
** Ship: "Kronprins Haakon"
** Station: 0232
** Echodepth: 216
** Log: 6234.313
** Wind-Dir Force(m/s): 04 20
** Air-temp (dry): -2.8
** Weather Sky: 2 8
** Sea Ice: 1 4
** Small CTD, 12 bottles. No LADCP
# nquan = 17
# nvalues = 210                         
# units = specified
# name 0 = prDM: Pressure, Digiquartz [db]
# name 1 = t090C: Temperature [ITS-90, deg C]
# name 2 = t190C: Temperature, 2 [ITS-90, deg C]
# name 3 = c0S/m: Conductivity [S/m]
# name 4 = c1S/m: Conductivity, 2 [S/m]
# name 5 = sbox0Mm/Kg: Oxygen, SBE 43 [umol/kg]
# name 6 = sbox1Mm/Kg: Oxygen, SBE 43, 2 [umol/kg]
# name 7 = wetCDOM: Fluorescence, WET Labs CDOM [mg/m^3]
# name 8 = flECO-AFL: Fluorescence, WET Labs ECO-AFL/FL [mg/m^3]
# name 9 = CStarAt0: Beam Attenuation, WET Labs C-Star [1/m]
# name 10 = timeS: Time, Elapsed [seconds]
# name 11 = latitude: Latitude [deg]
# name 12 = longitude: Longitude [deg]
# name 13 = upoly0: Upoly 0, ISUS
# name 14 = sal00: Salinity, Practical [PSU]
# name 15 = sal11: Salinity, Practical, 2 [PSU]
# name 16 = flag: flag
# span 0 =      1.000,    210.000       
# span 1 =    -1.5055,     1.0974       
# span 2 =    -1.5056,     1.0977       
# span 3 =   2.449468,   2.991700       
# span 4 =   2.449854,   2.991710       
# span 5 =    307.130,    420.221       
# span 6 =    299.921,    417.766       
# span 7 =     0.0967,     0.1835       
# span 8 =     0.0096,     1.4904       
# span 9 =     0.1489,     0.3651       
# span 10 =    522.889,    755.928      
# span 11 =   78.83302,   78.83304      
# span 12 =   -9.75408,   -9.75396      
# span 13 =  12.066327,  24.751008      
# span 14 =    30.5107,    34.7855      
# span 15 =    30.5161,    34.7852      
# span 16 = 0.0000e+00, 0.0000e+00      
# interval = decibars: 1                
# start_time = Sep 09 2019 23:35:58 [NMEA time, header]
# bad_flag = -9.990e-29
*END*
[from data line 86]
     87.000    -0.7747    -0.7752   2.786781   2.786732    345.780    341.422     0.1370     0.0637     0.1517    636.095   78.83302   -9.75398  20.218240    34.2604    34.2603 0.0000e+00
     88.000    -0.7333    -0.7346   2.791574   2.791514    334.870    337.415     0.1363     0.0609     0.1520    637.093   78.83302   -9.75398  20.751714    34.2777    34.2784 0.0000e+00
     89.000    -0.6806    -0.6824   2.796998   2.796899    330.298    334.433     0.1357     0.0609     0.1518    638.074   78.83302   -9.75398  20.422318    34.2906    34.2914 0.0000e+00
     90.000    -0.6289    -0.6303   2.802193   2.802108    330.075    332.531     0.1351     0.0609     0.1513    639.038   78.83302   -9.75398  20.859962    34.3015    34.3020 0.0000e+00
     91.000    -0.5343    -0.5386   2.811868   2.811665    330.887    330.435     0.1346     0.0609     0.1507    639.982   78.83302   -9.75398  20.913424    34.3242    34.3263 0.0000e+00
     92.000    -0.4206    -0.4221   2.823561   2.823509    330.921    328.735     0.1340     0.0595     0.1496    640.913   78.83302   -9.75398  20.903537    34.3520    34.3530 0.0000e+00
     93.000    -0.3953    -0.3958   2.826110   2.826050    332.167    328.774     0.1335     0.0415     0.1494    641.836   78.83302   -9.75398  21.036914    34.3570    34.3568 0.0000e+00
     94.000    -0.3557    -0.3568   2.830280   2.830240    330.666    327.483     0.1329     0.0390     0.1489    642.759   78.83302   -9.75397  21.900146    34.3676    34.3682 0.0000e+00
     95.000    -0.3275    -0.3287   2.833193   2.833086    326.396    325.389     0.1324     0.0347     0.1491    643.692   78.83302   -9.75396  21.913879    34.3740    34.3739 0.0000e+00
     96.000    -0.2960    -0.2975   2.836442   2.836303    323.326    323.131     0.1319     0.0378     0.1495    644.638   78.83302   -9.75396  21.668991    34.3813    34.3812 0.0000e+00
     97.000    -0.2581    -0.2590   2.840268   2.840251    321.380    321.412     0.1314     0.0458     0.1504    645.600   78.83302   -9.75396  21.895706    34.3890    34.3898 0.0000e+00
     98.000    -0.2270    -0.2230   2.843404   2.843764    321.337    320.820     0.1309     0.0458     0.1514    646.583   78.83302   -9.75396  22.065011    34.3952    34.3955 0.0000e+00
     99.000    -0.1936    -0.1994   2.846822   2.846225    321.797    320.323     0.1304     0.0462     0.1522    647.578   78.83302   -9.75396  21.974111    34.4024    34.4010 0.0000e+00
    100.000    -0.1173    -0.1250   2.854646   2.853991    322.034    318.783     0.1300     0.0438     0.1549    648.578   78.83302   -9.75396  22.172819    34.4200    34.4200 0.0000e+00
    101.000    -0.0812    -0.0817   2.858292   2.858194    322.280    318.259     0.1296     0.0253     0.1565    649.576   78.83303   -9.75396  22.357190    34.4272    34.4265 0.0000e+00
    102.000    -0.0363    -0.0381   2.863030   2.862872    322.526    317.792     0.1292     0.0243     0.1585    650.566   78.83304   -9.75396  22.568366    34.4390    34.4389 0.0000e+00
    103.000    -0.0060    -0.0063   2.866398   2.866281    320.530    316.773     0.1288     0.0244     0.1614    651.542   78.83304   -9.75396  22.198911    34.4489    34.4477 0.0000e+00
    104.000     0.0130     0.0124   2.868679   2.868585    318.856    315.998     0.1284     0.0290     0.1636    652.503   78.83304   -9.75396  21.919563    34.4571    34.4566 0.0000e+00
    105.000     0.0384     0.0377   2.871409   2.871292    317.555    315.190     0.1281     0.0351     0.1658    653.452   78.83304   -9.75396  21.914449    34.4642    34.4633 0.0000e+00
    106.000     0.0679     0.0662   2.874682   2.874576    317.136    314.671     0.1278     0.0359     0.1668    654.391   78.83304   -9.75396  22.173496    34.4736    34.4742 0.0000e+00
    107.000     0.1636     0.1616   2.884683   2.884513    317.351    313.902     0.1274     0.0297     0.1666    655.326   78.83304   -9.75396  22.442460    34.4976    34.4976 0.0000e+00
    108.000     0.1974     0.1973   2.888257   2.888225    319.206    314.700     0.1271     0.0247     0.1666    656.263   78.83304   -9.75396  22.454039    34.5062    34.5059 0.0000e+00
    109.000     0.2180     0.2181   2.890467   2.890399    320.686    315.562     0.1268     0.0310     0.1657    657.209   78.83304   -9.75396  22.435917    34.5116    34.5106 0.0000e+00
    110.000     0.2268     0.2270   2.891408   2.891365    319.683    314.877     0.1265     0.0376     0.1650    658.163   78.83304   -9.75396  22.332208    34.5135    34.5127 0.0000e+00
    111.000     0.2374     0.2379   2.892538   2.892520    317.393    313.993     0.1262     0.0333     0.1643    659.118   78.83304   -9.75396  22.329558    34.5158    34.5150 0.0000e+00
    112.000     0.2580     0.2553   2.894747   2.894437    315.983    313.356     0.1260     0.0266     0.1640    660.085   78.83304   -9.75396  22.899925    34.5213    34.5201 0.0000e+00
    113.000     0.2829     0.2821   2.897367   2.897239    316.192    312.465     0.1257     0.0279     0.1645    661.061   78.83304   -9.75396  22.839133    34.5271    34.5264 0.0000e+00
    114.000     0.2987     0.2982   2.899054   2.898941    317.236    312.290     0.1255     0.0316     0.1647    662.042   78.83304   -9.75396  23.186340    34.5310    34.5301 0.0000e+00
    115.000     0.3176     0.3172   2.901043   2.900931    317.441    312.064     0.1252     0.0292     0.1648    663.023   78.83304   -9.75396  22.820763    34.5353    34.5343 0.0000e+00
    116.000     0.3263     0.3262   2.901972   2.901870    317.131    311.756     0.1250     0.0237     0.1649    664.001   78.83304   -9.75396  22.298627    34.5372    34.5360 0.0000e+00
    117.000     0.3336     0.3335   2.902747   2.902665    316.804    311.411     0.1248     0.0250     0.1652    664.973   78.83304   -9.75396  22.193112    34.5385    34.5376 0.0000e+00
    118.000     0.3407     0.3406   2.903525   2.903441    316.254    310.984     0.1247     0.0311     0.1658    665.945   78.83304   -9.75396  22.778050    34.5402    34.5392 0.0000e+00
    119.000     0.3483     0.3482   2.904361   2.904262    315.979    310.544     0.1245     0.0316     0.1667    666.913   78.83304   -9.75396  23.272937    34.5421    34.5410 0.0000e+00
    120.000     0.3618     0.3621   2.905736   2.905732    315.897    310.139     0.1244     0.0314     0.1667    667.879   78.83304   -9.75396  23.472904    34.5444    34.5440 0.0000e+00
    121.000     0.3725     0.3720   2.906860   2.906739    316.126    309.986     0.1243     0.0364     0.1663    668.845   78.83304   -9.75396  23.519394    34.5466    34.5455 0.0000e+00
    122.000     0.3801     0.3811   2.907651   2.907667    316.251    310.343     0.1242     0.0310     0.1669    669.806   78.83304   -9.75396  23.498642    34.5478    34.5468 0.0000e+00
    123.000     0.3856     0.3854   2.908266   2.908166    316.490    310.068     0.1242     0.0272     0.1671    670.759   78.83304   -9.75396  23.241961    34.5491    34.5479 0.0000e+00
    124.000     0.4027     0.3993   2.910156   2.909810    315.832    309.721     0.1242     0.0295     0.1677    671.704   78.83304   -9.75396  22.719734    34.5541    34.5534 0.0000e+00
    125.000     0.4649     0.4677   2.916668   2.917072    315.574    308.765     0.1242     0.0242     0.1677    672.647   78.83304   -9.75396  23.285931    34.5692    34.5713 0.0000e+00
    126.000     0.5150     0.5146   2.921940   2.921868    316.332    308.613     0.1242     0.0243     0.1685    673.589   78.83304   -9.75396  23.286507    34.5814    34.5809 0.0000e+00
    127.000     0.5354     0.5341   2.924224   2.924057    316.819    309.104     0.1242     0.0244     0.1689    674.535   78.83304   -9.75396  23.177056    34.5878    34.5870 0.0000e+00
    128.000     0.5498     0.5497   2.925881   2.925790    314.935    307.837     0.1243     0.0297     0.1686    675.489   78.83304   -9.75396  23.468705    34.5926    34.5916 0.0000e+00
    129.000     0.5500     0.5499   2.925994   2.925894    311.487    306.400     0.1244     0.0266     0.1691    676.451   78.83304   -9.75396  23.895757    34.5933    34.5921 0.0000e+00
    130.000     0.5441     0.5446   2.925605   2.925533    309.211    305.387     0.1245     0.0240     0.1694    677.422   78.83304   -9.75396  23.274515    34.5943    34.5927 0.0000e+00
    131.000     0.5460     0.5459   2.925979   2.925894    308.271    304.607     0.1246     0.0265     0.1700    678.405   78.83304   -9.75396  23.032858    34.5964    34.5955 0.0000e+00
    132.000     0.5659     0.5655   2.928222   2.928152    308.839    304.140     0.1247     0.0288     0.1704    679.399   78.83304   -9.75396  23.159943    34.6029    34.6024 0.0000e+00
    133.000     0.5894     0.5890   2.930840   2.930748    310.064    304.375     0.1248     0.0240     0.1721    680.401   78.83304   -9.75396  23.616375    34.6101    34.6094 0.0000e+00
    134.000     0.6199     0.6194   2.934167   2.934111    311.860    305.046     0.1248     0.0254     0.1733    681.397   78.83304   -9.75396  23.832057    34.6188    34.6186 0.0000e+00
    135.000     0.6748     0.6738   2.940220   2.940141    312.169    304.892     0.1248     0.0306     0.1745    682.378   78.83304   -9.75396  23.700192    34.6356    34.6357 0.0000e+00
    136.000     0.6968     0.6969   2.942674   2.942592    312.255    304.950     0.1248     0.0247     0.1772    683.341   78.83304   -9.75396  23.539086    34.6423    34.6412 0.0000e+00
    137.000     0.7049     0.7047   2.943627   2.943531    312.056    304.998     0.1248     0.0243     0.1780    684.290   78.83304   -9.75396  23.667409    34.6451    34.6441 0.0000e+00
    138.000     0.7153     0.7144   2.944856   2.944678    310.604    304.107     0.1247     0.0240     0.1783    685.225   78.83304   -9.75396  23.968503    34.6488    34.6475 0.0000e+00
    139.000     0.7225     0.7223   2.945726   2.945649    308.759    303.371     0.1246     0.0242     0.1794    686.157   78.83304   -9.75396  23.588102    34.6515    34.6507 0.0000e+00
    140.000     0.7330     0.7330   2.946982   2.946906    308.054    302.734     0.1245     0.0238     0.1796    687.087   78.83304   -9.75396  23.519071    34.6555    34.6545 0.0000e+00
    141.000     0.7372     0.7369   2.947515   2.947390    307.789    302.479     0.1244     0.0240     0.1808    688.025   78.83304   -9.75396  23.724721    34.6571    34.6558 0.0000e+00
    142.000     0.7459     0.7456   2.948561   2.948471    307.287    301.822     0.1242     0.0233     0.1802    688.974   78.83304   -9.75396  23.930539    34.6604    34.6596 0.0000e+00
    143.000     0.7551     0.7552   2.949671   2.949589    307.564    301.102     0.1240     0.0167     0.1800    689.946   78.83304   -9.75396  23.568892    34.6639    34.6627 0.0000e+00
    144.000     0.7579     0.7580   2.950023   2.949967    307.667    301.120     0.1237     0.0106     0.1797    690.935   78.83304   -9.75396  23.905829    34.6648    34.6639 0.0000e+00
    145.000     0.7589     0.7591   2.950194   2.950128    307.597    300.874     0.1235     0.0217     0.1798    691.939   78.83304   -9.75396  23.935528    34.6652    34.6643 0.0000e+00
    146.000     0.7604     0.7602   2.950420   2.950303    307.236    300.626     0.1231     0.0126     0.1799    692.941   78.83304   -9.75396  24.140224    34.6659    34.6647 0.0000e+00
    147.000     0.7617     0.7616   2.950606   2.950511    307.190    300.311     0.1228     0.0096     0.1797    693.933   78.83304   -9.75396  24.378430    34.6663    34.6652 0.0000e+00
    148.000     0.7643     0.7639   2.950960   2.950832    307.386    299.921     0.1223     0.0134     0.1799    694.909   78.83304   -9.75396  24.354789    34.6674    34.6661 0.0000e+00
    149.000     0.7676     0.7677   2.951392   2.951349    307.130    300.174     0.1218     0.0166     0.1807    695.866   78.83304   -9.75396  24.277215    34.6688    34.6681 0.0000e+00
    150.000     0.7758     0.7762   2.952437   2.952456    307.396    300.468     0.1213     0.0185     0.1811    696.811   78.83304   -9.75396  24.030470    34.6726    34.6724 0.0000e+00
    151.000     0.7958     0.7952   2.954929   2.954803    307.721    300.150     0.1207     0.0227     0.1797    697.744   78.83304   -9.75396  23.400583    34.6819    34.6810 0.0000e+00
    152.000     0.8006     0.8007   2.955632   2.955566    308.169    300.363     0.1202     0.0172     0.1798    698.678   78.83304   -9.75396  23.574622    34.6851    34.6841 0.0000e+00
    153.000     0.8028     0.8027   2.955961   2.955883    308.652    300.605     0.1196     0.0169     0.1797    699.619   78.83304   -9.75396  23.981539    34.6863    34.6854 0.0000e+00
    154.000     0.8152     0.8143   2.957509   2.957404    308.381    300.438     0.1191     0.0164     0.1802    700.572   78.83304   -9.75396  24.117724    34.6920    34.6916 0.0000e+00
    155.000     0.8333     0.8324   2.959578   2.959409    307.991    300.290     0.1186     0.0119     0.1803    701.544   78.83304   -9.75396  23.511415    34.6979    34.6968 0.0000e+00
    156.000     0.8413     0.8392   2.960493   2.960224    308.575    300.336     0.1181     0.0136     0.1811    702.534   78.83304   -9.75396  23.701841    34.7002    34.6991 0.0000e+00
    157.000     0.8422     0.8376   2.960631   2.960081    308.691    300.323     0.1176     0.0170     0.1814    703.530   78.83304   -9.75396  23.665615    34.7004    34.6985 0.0000e+00
    158.000     0.8407     0.8386   2.960521   2.960233    308.202    300.844     0.1172     0.0195     0.1840    704.526   78.83304   -9.75396  23.765450    34.7001    34.6988 0.0000e+00
    159.000     0.8401     0.8401   2.960498   2.960455    308.199    300.962     0.1167     0.0219     0.1828    705.511   78.83304   -9.75396  23.720994    34.6998    34.6993 0.0000e+00
    160.000     0.8418     0.8415   2.960724   2.960629    308.266    301.110     0.1164     0.0176     0.1821    706.476   78.83304   -9.75396  23.376526    34.7003    34.6994 0.0000e+00
    161.000     0.8421     0.8414   2.960818   2.960676    308.579    301.328     0.1160     0.0233     0.1820    707.426   78.83304   -9.75396  23.431043    34.7006    34.6996 0.0000e+00
    162.000     0.8442     0.8441   2.961089   2.961029    308.470    301.113     0.1156     0.0175     0.1820    708.361   78.83304   -9.75396  24.666773    34.7012    34.7005 0.0000e+00
    163.000     0.8458     0.8455   2.961293   2.961216    308.919    301.462     0.1153     0.0167     0.1821    709.290   78.83304   -9.75396  24.429425    34.7015    34.7007 0.0000e+00
    164.000     0.8473     0.8473   2.961472   2.961427    309.441    301.435     0.1150     0.0167     0.1821    710.224   78.83304   -9.75396  24.135639    34.7015    34.7009 0.0000e+00
    165.000     0.8474     0.8469   2.961548   2.961444    309.656    301.275     0.1147     0.0169     0.1819    711.172   78.83304   -9.75396  23.878042    34.7017    34.7010 0.0000e+00
    166.000     0.8479     0.8477   2.961659   2.961580    309.739    301.300     0.1144     0.0137     0.1821    712.139   78.83304   -9.75396  23.781318    34.7020    34.7013 0.0000e+00
    167.000     0.8474     0.8475   2.961654   2.961617    310.410    301.266     0.1142     0.0116     0.1822    713.129   78.83304   -9.75396  24.307206    34.7019    34.7014 0.0000e+00
    168.000     0.8480     0.8483   2.961762   2.961766    309.738    301.269     0.1141     0.0166     0.1898    714.135   78.83304   -9.75396  23.887817    34.7021    34.7018 0.0000e+00
    169.000     0.8567     0.8568   2.962652   2.962601    309.390    301.102     0.1140     0.0158     0.2053    715.149   78.83304   -9.75396  23.639735    34.7032    34.7026 0.0000e+00
    170.000     0.8561     0.8567   2.962642   2.962656    309.413    301.365     0.1140     0.0104     0.1828    716.152   78.83304   -9.75396  23.593535    34.7032    34.7027 0.0000e+00
