test_project/cnv_files/Sta0207_bin.cnv
* Sea-Bird SBE 9 Data File:
* FileName = C:\Seabird\CTDDATA\Sta0207.hex
* Software Version Seasave V 7.26.7.107
* Temperature SN = 03-4535
* Conductivity SN = 2860
* Number of Bytes Per Scan = 44
* Number of Voltage Words = 5
* Number of Scans Averaged by the Deck Unit = 1
* NMEA Latitude = 78 50.14 N
* NMEA Longitude = 007 30.89 W
* NMEA UTC (Time) = Sep 05 2019 04:28:48
* NMEA baud rate = 9600
** Ship: "Kronprins Haakon"
** Station: 0207
** Echodepth: 245
** Log: 5900.60
** Wind-Dir Force(m/s): 25 05
** Air-temp (dry): -1.8
** Weather Sky: 2 4
** Sea Ice: 0 3
# nquan = 17
# nvalues = 169                         
# units = specified
# name 0 = prDM: Pressure, Digiquartz [db]
# name 1 = t090C: Temperature [ITS-90, deg C]
# name 2 = t190C: Temperature, 2 [ITS-90, deg C]
# name 3 = c0S/m: Conductivity [S/m]
# name 4 = c1S/m: Conductivity, 2 [S/m]
# name 5 = sbox0Mm/Kg: Oxygen, SBE 43 [umol/kg]
# name 6 = sbox1Mm/Kg: Oxygen, SBE 43, 2 [umol/kg]
# name 7 = wetCDOM: Fluorescence, WET Labs CDOM [mg/m^3]
# name 8 = flECO-AFL: Fluorescence, WET Labs ECO-AFL/FL [mg/m^3]
# name 9 = CStarAt0: Beam Attenuation, WET Labs C-Star [1/m]
# name 10 = timeS: Time, Elapsed [seconds]
# name 11 = latitude: Latitude [deg]
# name 12 = longitude: Longitude [deg]
# name 13 = upoly0: Upoly 0, ISUS
# name 14 = sal00: Salinity, Practical [PSU]
# name 15 = sal11: Salinity, Practical, 2 [PSU]
# name 16 = flag: flag
# span 0 =      3.000,    171.000       
# span 1 =    -1.6607,     0.1445       
# span 2 =    -1.6605,     0.1522       
# span 3 =   1.270935,   2.884163       
# span 4 =   2.195393,   2.884979       
# span 5 =    315.327,    430.007       
# span 6 =    315.581,    739.126       
# span 7 =     0.1230,     0.1751       
# span 8 =     0.0252,     0.8669       
# span 9 =     0.1437,     0.3253       
# span 10 =     38.046,    423.790      
# span 11 =   78.83576,   78.83680      
# span 12 =   -7.51977,   -7.51535      
# span 13 =  13.179901,  23.472062      
# span 14 =    14.8541,    34.4736      
# span 15 =    26.6767,    34.4757      
# span 16 = 0.0000e+00, 0.0000e+00      
# interval = decibars: 1                
# start_time = Sep 05 2019 04:28:48 [NMEA time, header]
# bad_flag = -9.990e-29
*END*
[from data line 86]
     89.000    -1.4845    -1.4842   2.633059   2.632922    377.655    366.131     0.1747     0.0661     0.1654    275.923   78.83638   -7.51814  18.209680    32.9545    32.9523 0.0000e+00
     90.000    -1.4635    -1.4643   2.639572   2.639487    377.394    366.164     0.1745     0.0856     0.1649    276.952   78.83638   -7.51815  18.078654    33.0203    33.0200 0.0000e+00
     91.000    -1.4305    -1.4323   2.645578   2.645321    377.499    365.821     0.1743     0.0778     0.1650    277.985   78.83638   -7.51816  18.150203    33.0658    33.0642 0.0000e+00
     92.000    -1.4016    -1.4018   2.651064   2.650960    378.293    365.961     0.1741     0.0638     0.1656    279.008   78.83638   -7.51817  18.501750    33.1086    33.1073 0.0000e+00
     93.000    -1.3860    -1.3869   2.655200   2.655013    378.212    366.206     0.1739     0.0547     0.1660    280.027   78.83638   -7.51818  18.598555    33.1474    33.1458 0.0000e+00
     94.000    -1.3620    -1.3620   2.661236   2.661161    374.039    364.074     0.1736     0.0577     0.1668    281.052   78.83638   -7.51820  18.129485    33.2031    33.2020 0.0000e+00
     95.000    -1.3546    -1.3545   2.663001   2.662925    369.955    361.961     0.1733     0.0553     0.1667    282.080   78.83638   -7.51820  18.123185    33.2184    33.2173 0.0000e+00
     96.000    -1.3490    -1.3489   2.664390   2.664301    367.828    360.340     0.1730     0.0561     0.1691    283.111   78.83640   -7.51822  19.201894    33.2307    33.2293 0.0000e+00
     97.000    -1.3477    -1.3474   2.664950   2.664885    366.004    359.057     0.1726     0.0571     0.1666    284.137   78.83640   -7.51824  19.265619    33.2363    33.2351 0.0000e+00
     98.000    -1.3453    -1.3450   2.665651   2.665594    364.834    358.145     0.1723     0.0557     0.1660    285.164   78.83640   -7.51824  19.250737    33.2426    33.2416 0.0000e+00
     99.000    -1.3428    -1.3426   2.666529   2.666448    364.955    357.500     0.1719     0.0595     0.1657    286.199   78.83640   -7.51826  19.281204    33.2514    33.2500 0.0000e+00
    100.000    -1.3396    -1.3397   2.667739   2.667606    364.986    357.320     0.1714     0.0548     0.1654    287.231   78.83640   -7.51826  19.229067    33.2637    33.2620 0.0000e+00
    101.000    -1.3312    -1.3302   2.673409   2.673328    364.953    357.165     0.1710     0.0485     0.1655    288.256   78.83640   -7.51828  19.181468    33.3316    33.3293 0.0000e+00
    102.000    -1.3435    -1.3433   2.674345   2.674310    366.290    357.246     0.1705     0.0595     0.1648    289.276   78.83642   -7.51830  19.426341    33.3575    33.3569 0.0000e+00
    103.000    -1.3350    -1.3356   2.675742   2.675603    365.794    356.636     0.1701     0.0596     0.1642    290.288   78.83642   -7.51830  19.183490    33.3666    33.3654 0.0000e+00
    104.000    -1.2661    -1.2698   2.685330   2.685054    364.632    355.668     0.1696     0.0599     0.1643    291.303   78.83642   -7.51832  19.731625    33.4205    33.4209 0.0000e+00
    105.000    -1.2223    -1.2231   2.690563   2.690443    365.374    355.210     0.1691     0.0520     0.1641    292.329   78.83642   -7.51832  19.415310    33.4427    33.4420 0.0000e+00
    106.000    -1.1807    -1.1849   2.695685   2.695271    366.226    355.035     0.1686     0.0403     0.1643    293.351   78.83642   -7.51834  19.784693    33.4657    33.4648 0.0000e+00
    107.000    -1.1152    -1.1166   2.704776   2.704563    362.349    353.362     0.1681     0.0443     0.1642    294.372   78.83642   -7.51834  20.076959    33.5161    33.5147 0.0000e+00
    108.000    -1.1130    -1.1117   2.709782   2.709635    358.362    351.806     0.1675     0.0456     0.1631    295.398   78.83642   -7.51836  20.080630    33.5813    33.5778 0.0000e+00
    109.000    -1.1383    -1.1365   2.711047   2.711008    355.537    350.126     0.1670     0.0564     0.1627    296.433   78.83642   -7.51838  20.140948    33.6263    33.6238 0.0000e+00
    110.000    -1.1658    -1.1645   2.709963   2.709923    351.560    348.204     0.1664     0.0603     0.1618    297.460   78.83644   -7.51838  20.220370    33.6418    33.6397 0.0000e+00
    111.000    -1.1942    -1.1926   2.708501   2.708473    349.568    347.079     0.1658     0.0655     0.1623    298.489   78.83644   -7.51840  20.076879    33.6531    33.6509 0.0000e+00
    112.000    -1.2265    -1.2242   2.707195   2.707170    351.955    347.588     0.1652     0.0806     0.1616    299.512   78.83644   -7.51840  19.983606    33.6709    33.6679 0.0000e+00
    113.000    -1.2438    -1.2434   2.707034   2.706953    356.407    348.814     0.1646     0.0936     0.1619    300.545   78.83644   -7.51842  19.415960    33.6875    33.6860 0.0000e+00
    114.000    -1.2473    -1.2464   2.707755   2.707646    359.516    350.509     0.1640     0.0939     0.1626    301.586   78.83644   -7.51843  19.083272    33.7007    33.6981 0.0000e+00
    115.000    -1.2659    -1.2648   2.709410   2.709251    363.375    353.102     0.1633     0.0943     0.1638    302.619   78.83644   -7.51844  19.240776    33.7438    33.7403 0.0000e+00
    116.000    -1.2558    -1.2562   2.713998   2.713918    366.210    354.763     0.1626     0.1041     0.1653    303.653   78.83644   -7.51845  18.803676    33.7946    33.7940 0.0000e+00
    117.000    -1.2402    -1.2402   2.716165   2.716111    366.945    355.550     0.1619     0.1072     0.1659    304.684   78.83645   -7.51847  18.786937    33.8061    33.8054 0.0000e+00
    118.000    -1.2235    -1.2240   2.718469   2.718330    368.129    356.685     0.1612     0.1040     0.1661    305.724   78.83646   -7.51848  19.265886    33.8182    33.8169 0.0000e+00
    119.000    -1.2210    -1.2191   2.720205   2.720200    367.877    356.695     0.1604     0.1093     0.1667    306.773   78.83646   -7.51849  19.089773    33.8386    33.8364 0.0000e+00
    120.000    -1.2441    -1.2392   2.718856   2.719100    365.810    355.865     0.1596     0.1094     0.1669    307.810   78.83646   -7.51850  19.110024    33.8456    33.8434 0.0000e+00
    121.000    -1.2583    -1.2574   2.718223   2.718171    361.861    354.211     0.1587     0.1075     0.1669    308.847   78.83646   -7.51851  19.244199    33.8524    33.8506 0.0000e+00
    122.000    -1.2529    -1.2535   2.720944   2.720772    359.473    352.503     0.1578     0.1006     0.1665    309.887   78.83646   -7.51853  19.603693    33.8829    33.8812 0.0000e+00
    123.000    -1.2514    -1.2509   2.722011   2.721978    360.264    352.625     0.1569     0.1003     0.1667    310.929   78.83647   -7.51854  19.545127    33.8953    33.8942 0.0000e+00
    124.000    -1.2566    -1.2560   2.721930   2.721877    362.348    353.733     0.1559     0.1012     0.1665    311.975   78.83648   -7.51855  19.579726    33.8994    33.8980 0.0000e+00
    125.000    -1.2642    -1.2631   2.721670   2.721645    363.334    353.989     0.1549     0.1219     0.1670    313.014   78.83648   -7.51856  19.489299    33.9038    33.9022 0.0000e+00
    126.000    -1.2757    -1.2745   2.721323   2.721298    362.327    354.130     0.1539     0.1100     0.1665    314.053   78.83648   -7.51858  19.368837    33.9115    33.9098 0.0000e+00
    127.000    -1.2829    -1.2827   2.721318   2.721251    362.348    354.178     0.1528     0.1022     0.1665    315.101   78.83648   -7.51858  19.364713    33.9190    33.9177 0.0000e+00
    128.000    -1.2735    -1.2760   2.722753   2.722517    362.511    353.865     0.1518     0.1119     0.1661    316.145   78.83648   -7.51860  19.208637    33.9274    33.9269 0.0000e+00
    129.000    -1.2068    -1.2090   2.729873   2.729722    362.046    353.658     0.1508     0.1141     0.1658    317.186   78.83648   -7.51860  18.884005    33.9488    33.9492 0.0000e+00
    130.000    -1.1570    -1.1603   2.735041   2.734831    363.626    354.776     0.1497     0.1149     0.1658    318.215   78.83648   -7.51862  19.281934    33.9625    33.9634 0.0000e+00
    131.000    -1.0700    -1.0757   2.743642   2.743224    364.275    354.701     0.1487     0.1101     0.1663    319.250   78.83650   -7.51864  19.291874    33.9810    33.9817 0.0000e+00
    132.000    -0.9934    -0.9958   2.751117   2.750925    363.302    354.570     0.1477     0.1128     0.1663    320.289   78.83650   -7.51864  19.287078    33.9956    33.9957 0.0000e+00
    133.000    -1.0484    -1.0421   2.747980   2.748112    362.911    355.557     0.1467     0.0883     0.1679    321.327   78.83650   -7.51866  19.248861    34.0145    34.0091 0.0000e+00
    134.000    -1.0646    -1.0659   2.747921   2.747724    357.019    353.242     0.1458     0.0530     0.1669    322.357   78.83650   -7.51866  20.807841    34.0314    34.0302 0.0000e+00
    135.000    -0.9791    -0.9876   2.756872   2.756258    346.189    346.069     0.1448     0.0414     0.1669    323.383   78.83650   -7.51868  21.262129    34.0559    34.0572 0.0000e+00
    136.000    -0.9061    -0.9064   2.765445   2.765306    341.682    340.689     0.1439     0.0361     0.1660    324.415   78.83650   -7.51868  21.979979    34.0893    34.0878 0.0000e+00
    137.000    -0.8973    -0.8982   2.767486   2.767330    342.670    338.320     0.1431     0.0252     0.1646    325.453   78.83650   -7.51870  22.222319    34.1065    34.1054 0.0000e+00
    138.000    -0.9053    -0.9020   2.767885   2.767929    339.221    335.664     0.1422     0.0328     0.1629    326.495   78.83650   -7.51872  22.087632    34.1204    34.1172 0.0000e+00
    139.000    -0.9944    -0.9878   2.761056   2.761277    334.592    333.887     0.1415     0.0343     0.1615    327.529   78.83652   -7.51873  22.162726    34.1278    34.1233 0.0000e+00
    140.000    -1.1835    -1.1700   2.745834   2.746349    331.477    332.654     0.1407     0.0270     0.1606    328.566   78.83652   -7.51874  21.811826    34.1341    34.1258 0.0000e+00
    141.000    -1.3431    -1.3366   2.733086   2.733338    329.363    331.059     0.1400     0.0435     0.1586    329.611   78.83652   -7.51875  22.412331    34.1405    34.1366 0.0000e+00
    142.000    -1.4074    -1.4027   2.727941   2.728098    330.567    329.781     0.1387     0.0671     0.1580    330.655   78.83652   -7.51876  21.868652    34.1425    34.1392 0.0000e+00
    143.000    -1.4498    -1.4505   2.725163   2.725099    341.378    333.086     0.1368     0.0698     0.1579    331.695   78.83653   -7.51877  21.220425    34.1520    34.1519 0.0000e+00
    144.000    -1.4375    -1.4382   2.726970   2.726871    354.565    337.684     0.1345     0.0819     0.1559    332.731   78.83654   -7.51878  21.138955    34.1623    34.1617 0.0000e+00
    145.000    -1.4276    -1.4278   2.728235   2.728178    363.406    342.507     0.1318     0.0817     0.1538    333.764   78.83654   -7.51879  20.903607    34.1677    34.1672 0.0000e+00
    146.000    -1.3896    -1.3940   2.731956   2.731673    365.780    345.333     0.1291     0.0698     0.1511    334.811   78.83654   -7.51881  20.910763    34.1749    34.1760 0.0000e+00
    147.000    -1.3186    -1.3231   2.738704   2.738451    362.992    345.218     0.1265     0.0802     0.1505    335.854   78.83654   -7.51882  20.859293    34.1861    34.1877 0.0000e+00
    148.000    -1.2299    -1.2333   2.747042   2.746835    359.063    344.432     0.1245     0.0632     0.1485    336.893   78.83654   -7.51883  20.928866    34.1987    34.1996 0.0000e+00
    149.000    -1.1727    -1.1754   2.752475   2.752272    356.246    344.086     0.1233     0.0659     0.1476    337.928   78.83654   -7.51884  21.292830    34.2073    34.2075 0.0000e+00
    150.000    -1.1389    -1.1411   2.755717   2.755507    351.083    342.790     0.1230     0.0609     0.1465    338.966   78.83654   -7.51885  21.286641    34.2124    34.2121 0.0000e+00
    151.000    -1.0633    -1.0748   2.762898   2.762293    344.529    339.797     0.1237     0.0588     0.1461    340.011   78.83654   -7.51886  22.237525    34.2238    34.2287 0.0000e+00
    152.000    -0.8501    -0.8543   2.783382   2.783138    338.085    335.792     0.1254     0.0537     0.1449    341.048   78.83656   -7.51888  21.537855    34.2595    34.2611 0.0000e+00
    153.000    -0.7951    -0.7993   2.788921   2.788588    339.788    336.717     0.1281     0.0515     0.1437    342.082   78.83656   -7.51888  21.780166    34.2716    34.2718 0.0000e+00
    154.000    -0.7494    -0.7501   2.793516   2.793390    338.301    335.718     0.1308     0.0473     0.1443    343.120   78.83656   -7.51890  22.311516    34.2814    34.2804 0.0000e+00
    155.000    -0.7116    -0.7142   2.797207   2.796964    331.139    332.717     0.1334     0.0326     0.1445    344.157   78.83656   -7.51892  22.086601    34.2878    34.2874 0.0000e+00
    156.000    -0.5485    -0.5585   2.813104   2.812562    324.716    328.778     0.1357     0.0373     0.1454    345.199   78.83656   -7.51892  21.877224    34.3168    34.3209 0.0000e+00
    157.000    -0.4265    -0.4310   2.825299   2.824942    324.080    327.202     0.1375     0.0496     0.1465    346.237   78.83658   -7.51894  22.209828    34.3420    34.3424 0.0000e+00
    158.000    -0.3701    -0.3702   2.831047   2.831033    327.644    327.693     0.1389     0.0437     0.1458    347.269   78.83658   -7.51894  22.406590    34.3547    34.3547 0.0000e+00
    159.000    -0.3307    -0.3331   2.835102   2.834770    325.333    326.166     0.1398     0.0431     0.1458    348.306   78.83658   -7.51896  22.307937    34.3639    34.3622 0.0000e+00
    160.000    -0.2695    -0.2773   2.841337   2.840718    319.982    324.022     0.1404     0.0401     0.1470    349.342   78.83658   -7.51896  22.594573    34.3775    34.3782 0.0000e+00
    161.000    -0.1551    -0.1569   2.853061   2.852969    317.157    321.797     0.1407     0.0329     0.1471    350.381   78.83658   -7.51898  22.569184    34.4044    34.4052 0.0000e+00
    162.000    -0.0973    -0.0974   2.859092   2.858977    318.811    321.608     0.1408     0.0430     0.1481    351.411   78.83658   -7.51898  23.472062    34.4188    34.4174 0.0000e+00
    163.000    -0.0909    -0.0904   2.859819   2.859727    320.461    321.270     0.1407     0.0432     0.1470    352.444   78.83658   -7.51900  22.923467    34.4206    34.4189 0.0000e+00
    164.000    -0.0873    -0.0870   2.860215   2.860125    317.728    319.727     0.1406     0.0387     0.1477    353.485   78.83658   -7.51902  23.211543    34.4212    34.4197 0.0000e+00
    165.000    -0.0647    -0.0660   2.862579   2.862367    315.327    318.223     0.1403     0.0379     0.1476    354.523   78.83660   -7.51903  22.752201    34.4266    34.4252 0.0000e+00
    166.000    -0.0343    -0.0362   2.865716   2.865437    315.841    317.774     0.1401     0.0376     0.1484    355.562   78.83660   -7.51904  22.636131    34.4334    34.4318 0.0000e+00
    167.000    -0.0100    -0.0113   2.868213   2.868015    318.729    317.603     0.1397     0.0433     0.1496    356.632   78.83660   -7.51905  22.790599    34.4386    34.4374 0.0000e+00
    168.000     0.0188     0.0165   2.871235   2.870915    320.300    317.185     0.1392     0.0358     0.1498    357.965   78.83660   -7.51906  22.708776    34.4456    34.4440 0.0000e+00
    169.000     0.0588     0.0553   2.875361   2.874891    320.202    316.707     0.1387     0.0305     0.1508    359.457   78.83660   -7.51908  23.318329    34.4546    34.4524 0.0000e+00
    170.000     0.1133     0.1147   2.880991   2.880782    319.267    316.706     0.1387     0.0384     0.1502    361.376   78.83660   -7.51910  22.510650    34.4673    34.4629 0.0000e+00
    171.000     0.1445     0.1522   2.884163   2.884979    317.965    315.581     0.1398     0.0430     0.1530    423.790   78.83680   -7.51977  22.960322    34.4736    34.4757 0.0000e+00
