test_project/cnv_files/sta0248_bin.cnv
* Sea-Bird SBE 9 Data File:
* FileName = C:\Seabird\CTDDATA\Sta0248.hex
* Software Version Seasave V 7.26.7.107
* Temperature SN = 03-4535
* Conductivity SN = 2860
* Number of Bytes Per Scan = 44
* Number of Voltage Words = 5
* Number of Scans Averaged by the Deck Unit = 1
* NMEA Latitude = 78 50.00 N
* NMEA Longitude = 007 59.97 E
* NMEA UTC (Time) = Sep 14 2019 21:10:53
* NMEA baud rate = 9600
** Ship: "Kronprins Haakon"
** Station: 0248
** Echodepth: 1007
** Log: 6521.449
** Wind-Dir Force(m/s): 01 09
** Air-temp (dry): 7.4
** Weather Sky: 2 8
** Sea Ice: 4 0
# nquan = 16
# nvalues = 1011                        
# units = specified
# name 0 = prDM: Pressure, Digiquartz [db]
# name 1 = t090C: Temperature [ITS-90, deg C]
# name 2 = t190C: Temperature, 2 [ITS-90, deg C]
# name 3 = c0S/m: Conductivity [S/m]
# name 4 = c1S/m: Conductivity, 2 [S/m]
# name 5 = sbox0Mm/Kg: Oxygen, SBE 43 [umol/kg]
# name 6 = sbox1Mm/Kg: Oxygen, SBE 43, 2 [umol/kg]
# name 7 = wetCDOM: Fluorescence, WET Labs CDOM [mg/m^3]
# name 8 = flECO-AFL: Fluorescence, WET Labs ECO-AFL/FL [mg/m^3]
# name 9 = CStarAt0: Beam Attenuation, WET Labs C-Star [1/m]
# name 10 = timeS: Time, Elapsed [seconds]
# name 11 = latitude: Latitude [deg]
# name 12 = longitude: Longitude [deg]
# name 13 = sal00: Salinity, Practical [PSU]
# name 14 = sal11: Salinity, Practical, 2 [PSU]
# name 15 = flag: flag
# span 0 =      2.000,   1012.000       
# span 1 =    -0.6377,     6.7052       
# span 2 =    -0.6321,     6.7059       
# span 3 =   2.888208,   3.491949       
# span 4 =   2.888749,   3.491826       
# span 5 =    299.515,    328.535       
# span 6 =    290.154,    321.247       
# span 7 =     0.0914,     0.1245       
# span 8 =    -0.0050,     2.2885       
# span 9 =     0.1381,     0.4900       
# span 10 =    206.189,   1196.576      
# span 11 =   78.83336,   78.83338      
# span 12 =    7.99946,    7.99955      
# span 13 =    34.8698,    35.0504      
# span 14 =    34.8693,    35.0504      
# span 15 = 0.0000e+00, 0.0000e+00      
# interval = decibars: 1                
# start_time = Sep 14 2019 21:10:53 [NMEA time, header]
# bad_flag = -9.990e-29
*END*
[from data line 814]
    816.000     0.8111     0.8109   3.005690   3.005702    325.854    318.123     0.1121     0.0054     0.1443   1002.113   78.83338    7.99952    34.9344    34.9347 0.0000e+00
    817.000     0.8068     0.8063   3.005356   3.005350    325.218    318.008     0.1122     0.0070     0.1443   1003.083   78.83338    7.99952    34.9343    34.9347 0.0000e+00
    818.000     0.8038     0.8035   3.005142   3.005155    324.993    317.902     0.1123     0.0023     0.1443   1004.051   78.83338    7.99952    34.9343    34.9348 0.0000e+00
    819.000     0.8026     0.8022   3.005077   3.005079    325.108    318.010     0.1124     0.0032     0.1443   1005.021   78.83338    7.99952    34.9342    34.9346 0.0000e+00
    820.000     0.8010     0.8008   3.004968   3.005000    325.033    318.021     0.1125     0.0088     0.1444   1005.995   78.83338    7.99952    34.9341    34.9347 0.0000e+00
    821.000     0.7955     0.7955   3.004533   3.004550    324.737    317.945     0.1125     0.0031     0.1445   1006.972   78.83338    7.99952    34.9340    34.9343 0.0000e+00
    822.000     0.7782     0.7780   3.003061   3.003047    324.958    318.220     0.1126     0.0023     0.1453   1007.945   78.83338    7.99952    34.9338    34.9338 0.0000e+00
    823.000     0.7653     0.7653   3.001968   3.001985    324.393    317.743     0.1127     0.0023     0.1453   1008.912   78.83338    7.99952    34.9336    34.9337 0.0000e+00
    824.000     0.7587     0.7584   3.001426   3.001432    324.147    317.711     0.1129     0.0020     0.1443   1009.885   78.83338    7.99952    34.9333    34.9337 0.0000e+00
    825.000     0.7558     0.7554   3.001212   3.001220    324.181    317.801     0.1130     0.0057     0.1444   1010.862   78.83338    7.99952    34.9332    34.9338 0.0000e+00
    826.000     0.7505     0.7503   3.000795   3.000810    325.312    317.785     0.1131     0.0095     0.1443   1011.842   78.83338    7.99952    34.9332    34.9336 0.0000e+00
    827.000     0.7440     0.7439   3.000281   3.000285    325.674    318.248     0.1133     0.0076     0.1442   1012.825   78.83338    7.99952    34.9333    34.9334 0.0000e+00
    828.000     0.7353     0.7352   2.999578   2.999579    325.732    318.505     0.1135     0.0022     0.1443   1013.805   78.83338    7.99952    34.9333    34.9335 0.0000e+00
    829.000     0.7281     0.7278   2.998987   2.998989    326.064    318.617     0.1136     0.0022     0.1440   1014.791   78.83338    7.99952    34.9332    34.9336 0.0000e+00
    830.000     0.7232     0.7232   2.998606   2.998636    326.605    318.978     0.1138     0.0023     0.1433   1015.765   78.83338    7.99952    34.9332    34.9336 0.0000e+00
    831.000     0.7138     0.7138   2.997821   2.997835    327.317    319.911     0.1140     0.0023     0.1432   1016.723   78.83338    7.99952    34.9330    34.9332 0.0000e+00
    832.000     0.7112     0.7108   2.997682   2.997682    327.866    320.349     0.1142     0.0023     0.1430   1017.687   78.83338    7.99952    34.9335    34.9339 0.0000e+00
    833.000     0.7099     0.7095   2.997636   2.997645    328.262    320.617     0.1145     0.0069     0.1428   1018.652   78.83338    7.99952    34.9338    34.9344 0.0000e+00
    834.000     0.7089     0.7085   2.997622   2.997625    328.473    320.841     0.1147     0.0058     0.1422   1019.626   78.83338    7.99952    34.9342    34.9347 0.0000e+00
    835.000     0.7085     0.7082   2.997642   2.997661    328.524    320.659     0.1149     0.0023     0.1428   1020.602   78.83338    7.99952    34.9343    34.9349 0.0000e+00
    836.000     0.7084     0.7081   2.997683   2.997695    328.101    320.759     0.1151     0.0023     0.1423   1021.581   78.83338    7.99952    34.9344    34.9348 0.0000e+00
    837.000     0.7056     0.7062   2.997479   2.997550    327.493    321.195     0.1153     0.0023     0.1425   1022.555   78.83338    7.99952    34.9343    34.9346 0.0000e+00
    838.000     0.7021     0.7018   2.997225   2.997228    327.456    321.247     0.1156     0.0023     0.1423   1023.525   78.83338    7.99952    34.9344    34.9348 0.0000e+00
    839.000     0.7000     0.7000   2.997078   2.997112    327.409    321.162     0.1158     0.0023     0.1423   1024.502   78.83338    7.99952    34.9342    34.9347 0.0000e+00
    840.000     0.6886     0.6891   2.996116   2.996161    327.439    321.173     0.1160     0.0023     0.1422   1025.482   78.83338    7.99952    34.9341    34.9341 0.0000e+00
    841.000     0.6705     0.6712   2.994534   2.994547    327.364    321.132     0.1162     0.0020     0.1422   1026.462   78.83338    7.99952    34.9332    34.9326 0.0000e+00
    842.000     0.6431     0.6434   2.992078   2.992069    327.287    320.817     0.1163     0.0023     0.1422   1027.438   78.83338    7.99952    34.9316    34.9311 0.0000e+00
    843.000     0.6284     0.6284   2.990769   2.990792    326.939    320.651     0.1165     0.0023     0.1417   1028.411   78.83338    7.99952    34.9305    34.9308 0.0000e+00
    844.000     0.6025     0.6035   2.988461   2.988496    327.594    320.855     0.1166     0.0023     0.1416   1029.375   78.83338    7.99952    34.9290    34.9283 0.0000e+00
    845.000     0.5835     0.5836   2.986774   2.986807    327.680    320.640     0.1167     0.0023     0.1416   1030.344   78.83338    7.99950    34.9278    34.9282 0.0000e+00
    846.000     0.5844     0.5841   2.986883   2.986886    327.139    319.995     0.1168     0.0023     0.1419   1031.313   78.83338    7.99952    34.9277    34.9281 0.0000e+00
    847.000     0.5720     0.5716   2.985821   2.985793    327.689    320.030     0.1169     0.0023     0.1420   1032.290   78.83338    7.99952    34.9272    34.9273 0.0000e+00
    848.000     0.5704     0.5694   2.985705   2.985664    328.222    320.041     0.1170     0.0023     0.1408   1033.264   78.83338    7.99952    34.9270    34.9276 0.0000e+00
    849.000     0.5670     0.5673   2.985451   2.985515    328.436    319.992     0.1170     0.0025     0.1410   1034.234   78.83338    7.99952    34.9269    34.9274 0.0000e+00
    850.000     0.5618     0.5611   2.985049   2.985003    328.535    320.049     0.1170     0.0083     0.1410   1035.195   78.83338    7.99952    34.9269    34.9271 0.0000e+00
    851.000     0.5560     0.5556   2.984572   2.984562    328.187    320.394     0.1170     0.0096     0.1408   1036.161   78.83338    7.99952    34.9267    34.9270 0.0000e+00
    852.000     0.5492     0.5490   2.984013   2.984002    327.701    320.329     0.1169     0.0055     0.1405   1037.131   78.83338    7.99952    34.9265    34.9266 0.0000e+00
    853.000     0.5473     0.5469   2.983885   2.983886    327.283    320.036     0.1169     0.0023     0.1403   1038.115   78.83338    7.99952    34.9264    34.9269 0.0000e+00
    854.000     0.5451     0.5447   2.983733   2.983727    327.347    320.362     0.1168     0.0023     0.1414   1039.102   78.83338    7.99952    34.9263    34.9267 0.0000e+00
    855.000     0.5427     0.5423   2.983564   2.983568    327.495    320.729     0.1167     0.0020     0.1411   1040.075   78.83338    7.99952    34.9263    34.9268 0.0000e+00
    856.000     0.5363     0.5396   2.983031   2.983336    327.270    320.612     0.1166     0.0011     0.1408   1041.047   78.83338    7.99952    34.9260    34.9262 0.0000e+00
    857.000     0.5196     0.5173   2.981608   2.981374    326.926    320.742     0.1165    -0.0044     0.1400   1042.013   78.83338    7.99952    34.9256    34.9251 0.0000e+00
    858.000     0.5066     0.5058   2.980471   2.980430    327.261    320.919     0.1164     0.0019     0.1586   1042.979   78.83338    7.99952    34.9248    34.9253 0.0000e+00
    859.000     0.4958     0.4957   2.979563   2.979576    326.911    320.644     0.1163     0.0084     0.1512   1043.946   78.83338    7.99952    34.9246    34.9249 0.0000e+00
    860.000     0.4908     0.4915   2.979149   2.979250    327.260    320.637     0.1162     0.0043     0.1401   1044.921   78.83338    7.99952    34.9243    34.9247 0.0000e+00
    861.000     0.4884     0.4877   2.978976   2.978954    327.963    320.662     0.1160     0.0023     0.1399   1045.902   78.83338    7.99952    34.9242    34.9246 0.0000e+00
    862.000     0.4902     0.4891   2.979187   2.979134    328.032    320.229     0.1159     0.0023     0.1397   1046.881   78.83338    7.99952    34.9243    34.9248 0.0000e+00
    863.000     0.4807     0.4807   2.978389   2.978393    328.093    320.255     0.1158     0.0021     0.1400   1047.852   78.83338    7.99952    34.9240    34.9240 0.0000e+00
    864.000     0.4668     0.4669   2.977210   2.977199    327.765    320.316     0.1157     0.0022     0.1400   1048.825   78.83338    7.99952    34.9237    34.9235 0.0000e+00
    865.000     0.4581     0.4578   2.976478   2.976482    327.476    320.150     0.1156     0.0023     0.1404   1049.787   78.83338    7.99952    34.9233    34.9238 0.0000e+00
    866.000     0.4567     0.4562   2.976396   2.976375    327.097    320.097     0.1155     0.0023     0.1401   1050.746   78.83338    7.99952    34.9233    34.9236 0.0000e+00
    867.000     0.4539     0.4534   2.976183   2.976170    327.593    320.144     0.1154     0.0019     0.1408   1051.720   78.83338    7.99952    34.9231    34.9235 0.0000e+00
    868.000     0.4460     0.4458   2.975516   2.975501    327.947    320.546     0.1153    -0.0041     0.1397   1052.709   78.83338    7.99952    34.9227    34.9228 0.0000e+00
    869.000     0.4244     0.4247   2.973670   2.973697    328.021    320.517     0.1152     0.0008     0.1399   1053.693   78.83338    7.99952    34.9224    34.9223 0.0000e+00
    870.000     0.4197     0.4194   2.973289   2.973300    327.567    320.587     0.1151     0.0073     0.1395   1054.673   78.83338    7.99952    34.9221    34.9226 0.0000e+00
    871.000     0.4144     0.4145   2.972862   2.972870    327.588    320.702     0.1151     0.0096     0.1395   1055.636   78.83338    7.99952    34.9220    34.9219 0.0000e+00
    872.000     0.3982     0.3983   2.971473   2.971493    328.244    320.367     0.1150     0.0064     0.1393   1056.597   78.83338    7.99952    34.9214    34.9217 0.0000e+00
    873.000     0.3900     0.3901   2.970790   2.970808    327.944    320.261     0.1150     0.0023     0.1392   1057.563   78.83338    7.99951    34.9212    34.9214 0.0000e+00
    874.000     0.3850     0.3853   2.970379   2.970451    327.645    320.295     0.1149     0.0023     0.1397   1058.540   78.83338    7.99950    34.9209    34.9215 0.0000e+00
    875.000     0.3820     0.3820   2.970160   2.970189    327.617    320.133     0.1149     0.0032     0.1392   1059.521   78.83338    7.99950    34.9209    34.9212 0.0000e+00
    876.000     0.3684     0.3708   2.968993   2.969184    327.821    320.185     0.1148     0.0088     0.1397   1060.496   78.83338    7.99950    34.9203    34.9202 0.0000e+00
    877.000     0.3563     0.3567   2.967950   2.968055    327.198    320.003     0.1148     0.0030     0.1402   1061.467   78.83338    7.99952    34.9198    34.9207 0.0000e+00
    878.000     0.3639     0.3633   2.968661   2.968652    326.475    319.375     0.1147     0.0023     0.1404   1062.441   78.83338    7.99952    34.9200    34.9205 0.0000e+00
    879.000     0.3592     0.3594   2.968306   2.968355    326.524    319.471     0.1146     0.0023     0.1401   1063.414   78.83338    7.99952    34.9200    34.9204 0.0000e+00
    880.000     0.3575     0.3567   2.968195   2.968142    326.547    319.840     0.1146     0.0023     0.1415   1064.387   78.83338    7.99952    34.9199    34.9202 0.0000e+00
    881.000     0.3555     0.3552   2.968055   2.968082    326.435    319.113     0.1145     0.0023     0.1403   1065.360   78.83338    7.99952    34.9198    34.9205 0.0000e+00
    882.000     0.3582     0.3589   2.968332   2.968450    325.882    319.132     0.1145     0.0023     0.1400   1066.330   78.83338    7.99950    34.9198    34.9205 0.0000e+00
    883.000     0.3597     0.3593   2.968516   2.968521    326.010    319.177     0.1145     0.0023     0.1398   1067.302   78.83338    7.99950    34.9199    34.9204 0.0000e+00
    884.000     0.3586     0.3578   2.968484   2.968436    325.684    318.965     0.1145     0.0034     0.1399   1068.277   78.83338    7.99950    34.9201    34.9203 0.0000e+00
    885.000     0.3563     0.3551   2.968309   2.968203    325.239    318.964     0.1145     0.0088     0.1400   1069.255   78.83338    7.99950    34.9199    34.9198 0.0000e+00
    886.000     0.3309     0.3313   2.966157   2.966178    325.782    319.504     0.1146     0.0028     0.1401   1070.235   78.83338    7.99950    34.9198    34.9196 0.0000e+00
    887.000     0.3277     0.3277   2.965907   2.965940    325.092    318.529     0.1146     0.0023     0.1399   1071.215   78.83338    7.99952    34.9196    34.9199 0.0000e+00
    888.000     0.3169     0.3173   2.964999   2.965017    324.647    318.767     0.1146     0.0023     0.1399   1072.183   78.83338    7.99950    34.9192    34.9190 0.0000e+00
    889.000     0.3012     0.3013   2.963628   2.963632    325.846    319.058     0.1146     0.0023     0.1398   1073.153   78.83338    7.99950    34.9185    34.9184 0.0000e+00
    890.000     0.2928     0.2926   2.962931   2.962944    325.994    318.960     0.1146     0.0023     0.1399   1074.128   78.83338    7.99950    34.9182    34.9186 0.0000e+00
    891.000     0.2863     0.2864   2.962406   2.962430    325.553    318.813     0.1145    -0.0012     0.1399   1075.109   78.83338    7.99950    34.9180    34.9183 0.0000e+00
    892.000     0.2821     0.2818   2.962083   2.962092    325.986    318.759     0.1145    -0.0029     0.1406   1076.083   78.83338    7.99950    34.9180    34.9184 0.0000e+00
    893.000     0.2782     0.2781   2.961777   2.961807    326.449    318.700     0.1144     0.0023     0.1401   1077.051   78.83338    7.99950    34.9179    34.9183 0.0000e+00
    894.000     0.2752     0.2748   2.961561   2.961556    326.416    318.602     0.1143     0.0030     0.1400   1078.017   78.83338    7.99950    34.9178    34.9182 0.0000e+00
    895.000     0.2674     0.2671   2.960927   2.960929    326.445    318.860     0.1142     0.0086     0.1400   1078.984   78.83338    7.99950    34.9178    34.9181 0.0000e+00
    896.000     0.2665     0.2662   2.960896   2.960904    326.050    318.752     0.1140     0.0028     0.1396   1079.956   78.83338    7.99950    34.9177    34.9183 0.0000e+00
    897.000     0.2632     0.2629   2.960643   2.960641    325.629    318.828     0.1139     0.0023     0.1396   1080.933   78.83337    7.99950    34.9177    34.9179 0.0000e+00
    898.000     0.2611     0.2606   2.960501   2.960502    325.622    319.136     0.1137     0.0023     0.1394   1081.909   78.83336    7.99950    34.9176    34.9181 0.0000e+00
    899.000     0.2576     0.2576   2.960241   2.960280    326.212    318.552     0.1135     0.0023     0.1390   1082.889   78.83336    7.99950    34.9175    34.9180 0.0000e+00
    900.000     0.2537     0.2534   2.959941   2.959942    325.709    318.831     0.1133     0.0023     0.1392   1083.865   78.83337    7.99950    34.9174    34.9178 0.0000e+00
    901.000     0.2474     0.2475   2.959434   2.959473    325.854    319.132     0.1130     0.0046     0.1395   1084.840   78.83338    7.99950    34.9173    34.9177 0.0000e+00
    902.000     0.2417     0.2409   2.958977   2.958931    325.550    318.617     0.1128     0.0076     0.1390   1085.815   78.83338    7.99950    34.9172    34.9174 0.0000e+00
    903.000     0.2376     0.2374   2.958661   2.958668    325.772    318.749     0.1125     0.0024     0.1390   1086.788   78.83338    7.99950    34.9170    34.9173 0.0000e+00
    904.000     0.2313     0.2310   2.958148   2.958134    325.804    318.796     0.1122     0.0028     0.1395   1087.765   78.83337    7.99950    34.9168    34.9170 0.0000e+00
