test_project/cnv_files/Sta0225_bin.cnv
* Sea-Bird SBE 9 Data File:
* FileName = C:\Seabird\CTDDATA\Sta0225.hex
* Software Version Seasave V 7.26.7.107
* Temperature SN = 03-4535
* Conductivity SN = 2860
* Number of Bytes Per Scan = 44
* Number of Voltage Words = 5
* Number of Scans Averaged by the Deck Unit = 1
* NMEA Latitude = 78 05.62 N
* NMEA Longitude = 016 12.55 W
* NMEA UTC (Time) = Sep 08 2019 04:40:02
* NMEA baud rate = 9600
** Ship: "Kronprins Haakon"
** Station: 0225
** Echodepth: 482
** Log: 6070.74
** Wind-Dir Force(m/s): 30 05
** Air-temp (dry): -2.5
** Weather Sky: 0 1
** Sea Ice: 0 4
# nquan = 17
# nvalues = 470                         
# units = specified
# name 0 = prDM: Pressure, Digiquartz [db]
# name 1 = t090C: Temperature [ITS-90, deg C]
# name 2 = t190C: Temperature, 2 [ITS-90, deg C]
# name 3 = c0S/m: Conductivity [S/m]
# name 4 = c1S/m: Conductivity, 2 [S/m]
# name 5 = sbox0Mm/Kg: Oxygen, SBE 43 [umol/kg]
# name 6 = sbox1Mm/Kg: Oxygen, SBE 43, 2 [umol/kg]
# name 7 = wetCDOM: Fluorescence, WET Labs CDOM [mg/m^3]
# name 8 = flECO-AFL: Fluorescence, WET Labs ECO-AFL/FL [mg/m^3]
# name 9 = CStarAt0: Beam Attenuation, WET Labs C-Star [1/m]
# name 10 = timeS: Time, Elapsed [seconds]
# name 11 = latitude: Latitude [deg]
# name 12 = longitude: Longitude [deg]
# name 13 = upoly0: Upoly 0, ISUS
# name 14 = sal00: Salinity, Practical [PSU]
# name 15 = sal11: Salinity, Practical, 2 [PSU]
# name 16 = flag: flag
# span 0 =      2.000,    471.000       
# span 1 =    -1.6520,     1.7649       
# span 2 =    -1.6521,     1.7651       
# span 3 =   2.442149,   3.062241       
# span 4 =   2.443882,   3.062197       
# span 5 =    305.410,    425.576       
# span 6 =    299.870,    415.762       
# span 7 =     0.0991,     0.1779       
# span 8 =    -0.0020,     2.0435       
# span 9 =     0.1298,     0.3230       
# span 10 =    362.389,    884.681      
# span 11 =   78.09354,   78.09385      
# span 12 =  -16.20932,  -16.20874      
# span 13 = -5.0962125, -5.0962125      
# span 14 =    29.7206,    34.9099      
# span 15 =    29.7284,    34.9097      
# span 16 = 0.0000e+00, 0.0000e+00      
# interval = decibars: 1                
# start_time = Sep 08 2019 04:40:02 [NMEA time, header]
# bad_flag = -9.990e-29
*END*
[from data line 426]
    428.000     1.3602     1.3605   3.034031   3.034024    310.062    303.134     0.1118     0.0078     0.1451    839.119   78.09354  -16.20924 -5.0962125    34.9080    34.9077 0.0000e+00
    429.000     1.3547     1.3549   3.033595   3.033585    309.956    303.273     0.1118     0.0096     0.1464    840.082   78.09354  -16.20924 -5.0962125    34.9081    34.9077 0.0000e+00
    430.000     1.3523     1.3525   3.033436   3.033441    309.902    303.119     0.1118     0.0052     0.1487    841.051   78.09354  -16.20924 -5.0962125    34.9081    34.9079 0.0000e+00
    431.000     1.3513     1.3514   3.033388   3.033394    309.701    302.765     0.1118     0.0019     0.1506    842.012   78.09354  -16.20924 -5.0962125    34.9081    34.9080 0.0000e+00
    432.000     1.3498     1.3501   3.033336   3.033329    309.353    302.772     0.1118     0.0022     0.1527    842.985   78.09354  -16.20924 -5.0962125    34.9084    34.9081 0.0000e+00
    433.000     1.3480     1.3482   3.033227   3.033234    309.621    302.771     0.1118     0.0016     0.1555    843.962   78.09354  -16.20924 -5.0962125    34.9085    34.9084 0.0000e+00
    434.000     1.3472     1.3474   3.033209   3.033203    309.339    302.330     0.1118     0.0020     0.1580    844.940   78.09354  -16.20924 -5.0962125    34.9086    34.9083 0.0000e+00
    435.000     1.3464     1.3465   3.033199   3.033174    308.488    302.260     0.1118     0.0027     0.1604    845.918   78.09354  -16.20925 -5.0962125    34.9088    34.9084 0.0000e+00
    436.000     1.3458     1.3461   3.033179   3.033187    307.805    301.852     0.1118     0.0089     0.1620    846.898   78.09354  -16.20926 -5.0962125    34.9086    34.9084 0.0000e+00
    437.000     1.3453     1.3455   3.033183   3.033176    307.848    301.324     0.1118     0.0096     0.1651    847.873   78.09354  -16.20926 -5.0962125    34.9087    34.9084 0.0000e+00
    438.000     1.3430     1.3432   3.033038   3.033031    308.132    301.267     0.1119     0.0096     0.1764    848.851   78.09354  -16.20926 -5.0962125    34.9088    34.9084 0.0000e+00
    439.000     1.3426     1.3428   3.033039   3.033049    307.805    301.279     0.1119     0.0140     0.2393    849.827   78.09354  -16.20926 -5.0962125    34.9087    34.9086 0.0000e+00
    440.000     1.3423     1.3424   3.033058   3.033050    307.758    301.135     0.1120     0.0131     0.1706    850.802   78.09354  -16.20926 -5.0962125    34.9087    34.9084 0.0000e+00
    441.000     1.3416     1.3417   3.033052   3.033040    308.155    301.297     0.1121     0.0068     0.1697    851.781   78.09354  -16.20926 -5.0962125    34.9088    34.9085 0.0000e+00
    442.000     1.3417     1.3416   3.033122   3.033086    308.257    301.225     0.1117     0.0057     0.1698    852.734   78.09354  -16.20926 -5.0962125    34.9090    34.9086 0.0000e+00
    443.000     1.3424     1.3430   3.033227   3.033280    307.717    301.039     0.1107     0.0153     0.1715    853.666   78.09354  -16.20926 -5.0962125    34.9090    34.9090 0.0000e+00
    444.000     1.3460     1.3464   3.033662   3.033672    307.498    301.060     0.1089     0.0081     0.1702    854.831   78.09354  -16.20926 -5.0962125    34.9099    34.9097 0.0000e+00
    445.000     1.3453     1.3458   3.033640   3.033665    307.347    301.323     0.1066     0.0028     0.1667    856.160   78.09354  -16.20926 -5.0962125    34.9099    34.9096 0.0000e+00
    446.000     1.3352     1.3360   3.032769   3.032803    306.629    300.815     0.1041     0.0082     0.1611    857.804   78.09354  -16.20927 -5.0962125    34.9094    34.9089 0.0000e+00
    447.000     1.3303     1.3306   3.032382   3.032381    305.410    299.878     0.1018     0.0096     0.1605    859.159   78.09354  -16.20928 -5.0962125    34.9093    34.9090 0.0000e+00
    448.000     1.3303     1.3306   3.032421   3.032419    305.571    299.870     0.1000     0.0096     0.1648    860.410   78.09354  -16.20928 -5.0962125    34.9093    34.9089 0.0000e+00
    449.000     1.3302     1.3304   3.032456   3.032445    306.427    300.692     0.0991     0.0096     0.1716    861.637   78.09354  -16.20928 -5.0962125    34.9093    34.9089 0.0000e+00
    450.000     1.3302     1.3303   3.032497   3.032494    306.600    300.888     0.0993     0.0096     0.1775    862.793   78.09354  -16.20928 -5.0962125    34.9092    34.9090 0.0000e+00
    451.000     1.3301     1.3303   3.032537   3.032534    306.837    300.926     0.1006     0.0135     0.1798    863.929   78.09354  -16.20928 -5.0962125    34.9092    34.9090 0.0000e+00
    452.000     1.3299     1.3302   3.032585   3.032572    307.195    300.927     0.1029     0.0081     0.1815    865.044   78.09354  -16.20928 -5.0962125    34.9095    34.9090 0.0000e+00
    453.000     1.3298     1.3301   3.032610   3.032606    307.313    300.967     0.1060     0.0024     0.1833    866.134   78.09354  -16.20928 -5.0962125    34.9093    34.9090 0.0000e+00
    454.000     1.3299     1.3301   3.032668   3.032650    307.579    300.890     0.1092     0.0104     0.1851    867.226   78.09354  -16.20928 -5.0962125    34.9094    34.9090 0.0000e+00
    455.000     1.3300     1.3302   3.032710   3.032709    307.513    300.349     0.1120     0.0091     0.1861    868.288   78.09354  -16.20928 -5.0962125    34.9093    34.9090 0.0000e+00
    456.000     1.3299     1.3301   3.032749   3.032745    307.029    300.715     0.1141     0.0024     0.1857    869.260   78.09354  -16.20928 -5.0962125    34.9093    34.9089 0.0000e+00
    457.000     1.3299     1.3301   3.032802   3.032804    306.852    300.835     0.1154     0.0046     0.1865    870.239   78.09354  -16.20930 -5.0962125    34.9094    34.9092 0.0000e+00
    458.000     1.3298     1.3300   3.032841   3.032839    306.924    300.880     0.1161     0.0096     0.1864    871.214   78.09354  -16.20930 -5.0962125    34.9094    34.9092 0.0000e+00
    459.000     1.3299     1.3301   3.032879   3.032882    306.804    300.950     0.1166     0.0105     0.1861    872.193   78.09354  -16.20930 -5.0962125    34.9092    34.9091 0.0000e+00
    460.000     1.3297     1.3299   3.032919   3.032918    306.474    300.947     0.1172     0.0162     0.1860    873.169   78.09354  -16.20930 -5.0962125    34.9094    34.9091 0.0000e+00
    461.000     1.3296     1.3299   3.032955   3.032954    307.169    300.722     0.1181     0.0103     0.1869    874.145   78.09354  -16.20930 -5.0962125    34.9093    34.9091 0.0000e+00
    462.000     1.3295     1.3297   3.032992   3.032987    306.973    300.499     0.1194     0.0096     0.1879    875.121   78.09354  -16.20930 -5.0962125    34.9093    34.9091 0.0000e+00
    463.000     1.3297     1.3298   3.033043   3.033050    306.608    300.695     0.1211     0.0096     0.1876    876.100   78.09354  -16.20930 -5.0962125    34.9093    34.9092 0.0000e+00
    464.000     1.3297     1.3298   3.033106   3.033089    306.456    300.742     0.1231     0.0049     0.1880    877.074   78.09354  -16.20930 -5.0962125    34.9094    34.9091 0.0000e+00
    465.000     1.3297     1.3299   3.033138   3.033138    306.885    300.676     0.1249     0.0023     0.1869    878.051   78.09354  -16.20930 -5.0962125    34.9093    34.9091 0.0000e+00
    466.000     1.3298     1.3300   3.033196   3.033189    307.054    300.351     0.1265     0.0048     0.1881    879.027   78.09354  -16.20930 -5.0962125    34.9094    34.9091 0.0000e+00
    467.000     1.3298     1.3300   3.033245   3.033239    307.491    300.226     0.1313     0.0076     0.1877    880.008   78.09354  -16.20930 -5.0962125    34.9094    34.9091 0.0000e+00
    468.000     1.3298     1.3301   3.033296   3.033289    307.303    300.457     0.1309     0.0024     0.1875    881.001   78.09354  -16.20931 -5.0962125    34.9094    34.9091 0.0000e+00
    469.000     1.3299     1.3302   3.033359   3.033337    307.127    300.737     0.1298     0.0040     0.1874    882.065   78.09354  -16.20932 -5.0962125    34.9095    34.9090 0.0000e+00
    470.000     1.3299     1.3301   3.033391   3.033387    307.271    300.837     0.1278     0.0068     0.1870    883.256   78.09354  -16.20932 -5.0962125    34.9094    34.9091 0.0000e+00
    471.000     1.3303     1.3303   3.033439   3.033448    307.742    300.922     0.1244    -0.0020     0.1879    884.681   78.09354  -16.20932 -5.0962125    34.9090    34.9092 0.0000e+00
