test_project/cnv_files/sta0250_bin.cnv
* Sea-Bird SBE 9 Data File:
* FileName = C:\Seabird\CTDDATA\Sta0250.hex
* Software Version Seasave V 7.26.7.107
* Temperature SN = 03-4535
* Conductivity SN = 2860
* Number of Bytes Per Scan = 44
* Number of Voltage Words = 5
* Number of Scans Averaged by the Deck Unit = 1
* NMEA Latitude = 78 49.96 N
* NMEA Longitude = 008 29.97 E
* NMEA UTC (Time) = Sep 15 2019 00:38:19
* NMEA baud rate = 9600
** Ship: "Kronprins Haakon"
** Station: 0250
** Echodepth: 568
** Log: 6527.361
** Wind-Dir Force(m/s): 07 21
** Air-temp (dry): 7.0
** Weather Sky: 2 5
** Sea Ice: 4 0
# nquan = 16
# nvalues = 568                         
# units = specified
# name 0 = prDM: Pressure, Digiquartz [db]
# name 1 = t090C: Temperature [ITS-90, deg C]
# name 2 = t190C: Temperature, 2 [ITS-90, deg C]
# name 3 = c0S/m: Conductivity [S/m]
# name 4 = c1S/m: Conductivity, 2 [S/m]
# name 5 = sbox0Mm/Kg: Oxygen, SBE 43 [umol/kg]
# name 6 = sbox1Mm/Kg: Oxygen, SBE 43, 2 [umol/kg]
# name 7 = wetCDOM: Fluorescence, WET Labs CDOM [mg/m^3]
# name 8 = flECO-AFL: Fluorescence, WET Labs ECO-AFL/FL [mg/m^3]
# name 9 = CStarAt0: Beam Attenuation, WET Labs C-Star [1/m]
# name 10 = timeS: Time, Elapsed [seconds]
# name 11 = latitude: Latitude [deg]
# name 12 = longitude: Longitude [deg]
# name 13 = sal00: Salinity, Practical [PSU]
# name 14 = sal11: Salinity, Practical, 2 [PSU]
# name 15 = flag: flag
# span 0 =      2.000,    569.000       
# span 1 =     2.8078,     6.5710       
# span 2 =     2.8071,     6.5656       
# span 3 =   3.170698,   3.475498       
# span 4 =   3.170668,   3.474947       
# span 5 =    301.975,    320.685       
# span 6 =    294.843,    313.040       
# span 7 =     0.0932,     0.1334       
# span 8 =    -0.0032,     1.7224       
# span 9 =     0.1557,     0.4084       
# span 10 =    178.731,    743.074      
# span 11 =   78.83280,   78.83284      
# span 12 =    8.49944,    8.49952      
# span 13 =    34.6202,    35.0407      
# span 14 =    34.6047,    35.0409      
# span 15 = 0.0000e+00, 0.0000e+00      
# interval = decibars: 1                
# start_time = Sep 15 2019 00:38:19 [NMEA time, header]
# bad_flag = -9.990e-29
*END*
[from data line 452]
    454.000     3.1699     3.1686   3.201059   3.200907    318.932    312.645     0.1061     0.0095     0.1707    627.912   78.83282    8.49944    34.9895    34.9890 0.0000e+00
    455.000     3.1648     3.1632   3.200601   3.200452    319.004    312.671     0.1060     0.0043     0.1687    628.892   78.83282    8.49944    34.9889    34.9887 0.0000e+00
    456.000     3.1555     3.1555   3.199789   3.199764    319.409    312.424     0.1059     0.0070     0.1679    629.871   78.83282    8.49944    34.9885    34.9882 0.0000e+00
    457.000     3.1525     3.1522   3.199557   3.199521    319.931    312.489     0.1057     0.0056     0.1674    630.849   78.83282    8.49944    34.9883    34.9883 0.0000e+00
    458.000     3.1515     3.1510   3.199524   3.199478    319.959    312.371     0.1056    -0.0008     0.1669    631.829   78.83282    8.49944    34.9885    34.9884 0.0000e+00
    459.000     3.1511     3.1506   3.199538   3.199484    319.793    312.604     0.1054    -0.0028     0.1662    632.804   78.83282    8.49944    34.9885    34.9885 0.0000e+00
    460.000     3.1496     3.1489   3.199443   3.199378    319.533    312.589     0.1053     0.0022     0.1671    633.781   78.83282    8.49944    34.9885    34.9885 0.0000e+00
    461.000     3.1437     3.1434   3.198957   3.198920    319.536    312.773     0.1051     0.0030     0.1674    634.756   78.83282    8.49944    34.9885    34.9883 0.0000e+00
    462.000     3.1369     3.1361   3.198356   3.198262    319.226    312.914     0.1048     0.0092     0.1658    635.731   78.83282    8.49944    34.9879    34.9877 0.0000e+00
    463.000     3.1272     3.1273   3.197444   3.197426    318.957    312.661     0.1046     0.0096     0.1654    636.708   78.83282    8.49944    34.9868    34.9864 0.0000e+00
    464.000     3.1057     3.1070   3.195360   3.195408    319.201    312.797     0.1043     0.0095     0.1658    637.687   78.83282    8.49944    34.9842    34.9833 0.0000e+00
    465.000     3.0683     3.0701   3.191799   3.191902    319.302    313.040     0.1040     0.0043     0.1665    638.678   78.83282    8.49944    34.9807    34.9799 0.0000e+00
    466.000     3.0542     3.0526   3.190434   3.190247    319.026    312.451     0.1037     0.0067     0.1677    639.665   78.83282    8.49944    34.9788    34.9782 0.0000e+00
    467.000     3.0471     3.0461   3.189803   3.189725    319.237    312.166     0.1035     0.0096     0.1706    640.649   78.83282    8.49944    34.9782    34.9783 0.0000e+00
    468.000     3.0437     3.0439   3.189517   3.189547    319.665    311.846     0.1032     0.0067     0.1726    641.623   78.83282    8.49944    34.9778    34.9779 0.0000e+00
    469.000     3.0411     3.0410   3.189322   3.189311    320.390    311.804     0.1030     0.0065     0.1741    642.601   78.83282    8.49944    34.9777    34.9777 0.0000e+00
    470.000     3.0416     3.0412   3.189420   3.189400    320.685    311.754     0.1028     0.0153     0.1768    643.575   78.83282    8.49944    34.9779    34.9780 0.0000e+00
    471.000     3.0409     3.0397   3.189394   3.189293    320.135    311.773     0.1026     0.0097     0.1785    644.551   78.83282    8.49944    34.9778    34.9778 0.0000e+00
    472.000     3.0409     3.0401   3.189451   3.189386    319.396    311.611     0.1025     0.0096     0.1792    645.526   78.83282    8.49944    34.9778    34.9779 0.0000e+00
    473.000     3.0387     3.0379   3.189291   3.189215    318.833    311.544     0.1024     0.0095     0.1803    646.505   78.83282    8.49944    34.9778    34.9777 0.0000e+00
    474.000     3.0370     3.0369   3.189178   3.189189    318.565    311.757     0.1024     0.0041     0.1798    647.481   78.83282    8.49944    34.9777    34.9779 0.0000e+00
    475.000     3.0356     3.0314   3.189093   3.188673    318.375    312.104     0.1024     0.0127     0.1814    648.459   78.83282    8.49944    34.9776    34.9770 0.0000e+00
    476.000     3.0290     3.0282   3.188567   3.188498    318.665    312.210     0.1025     0.0170     0.1811    649.437   78.83282    8.49944    34.9777    34.9778 0.0000e+00
    477.000     3.0297     3.0290   3.188689   3.188642    318.523    311.853     0.1026     0.0097     0.1806    650.417   78.83282    8.49944    34.9780    34.9781 0.0000e+00
    478.000     3.0295     3.0290   3.188725   3.188693    318.538    311.719     0.1027     0.0051     0.1808    651.400   78.83282    8.49944    34.9781    34.9783 0.0000e+00
    479.000     3.0299     3.0292   3.188827   3.188770    318.764    311.979     0.1028     0.0076     0.1797    652.379   78.83282    8.49944    34.9783    34.9784 0.0000e+00
    480.000     3.0304     3.0298   3.188931   3.188895    319.139    312.149     0.1029     0.0024     0.1791    653.357   78.83282    8.49944    34.9785    34.9787 0.0000e+00
    481.000     3.0305     3.0299   3.188992   3.188945    318.908    312.145     0.1031     0.0023     0.1780    654.333   78.83282    8.49944    34.9786    34.9786 0.0000e+00
    482.000     3.0297     3.0290   3.188966   3.188905    318.696    311.814     0.1033     0.0023     0.1779    655.316   78.83282    8.49946    34.9786    34.9786 0.0000e+00
    483.000     3.0265     3.0256   3.188705   3.188630    319.107    311.989     0.1035     0.0027     0.1767    656.300   78.83282    8.49946    34.9784    34.9785 0.0000e+00
    484.000     3.0233     3.0228   3.188444   3.188397    319.496    312.669     0.1037     0.0081     0.1758    657.283   78.83282    8.49946    34.9781    34.9781 0.0000e+00
    485.000     3.0099     3.0096   3.187205   3.187156    319.548    312.698     0.1039     0.0045     0.1758    658.265   78.83282    8.49946    34.9769    34.9767 0.0000e+00
    486.000     2.9914     2.9914   3.185435   3.185391    319.317    312.426     0.1041     0.0023     0.1769    659.243   78.83282    8.49944    34.9749    34.9742 0.0000e+00
    487.000     2.9830     2.9829   3.184685   3.184694    319.125    312.066     0.1044     0.0023     0.1778    660.215   78.83282    8.49944    34.9742    34.9744 0.0000e+00
    488.000     2.9820     2.9824   3.184629   3.184705    318.791    311.906     0.1046     0.0051     0.1794    661.189   78.83282    8.49944    34.9740    34.9745 0.0000e+00
    489.000     2.9816     2.9818   3.184621   3.184661    318.662    311.599     0.1048     0.0078     0.1824    662.164   78.83282    8.49944    34.9739    34.9741 0.0000e+00
    490.000     2.9764     2.9762   3.184177   3.184167    318.706    311.473     0.1051     0.0045     0.1866    663.140   78.83282    8.49946    34.9735    34.9736 0.0000e+00
    491.000     2.9746     2.9742   3.184057   3.184031    318.311    311.251     0.1052     0.0153     0.1887    664.116   78.83282    8.49946    34.9734    34.9736 0.0000e+00
    492.000     2.9791     2.9780   3.184570   3.184514    318.191    310.810     0.1054     0.0036     0.1927    665.101   78.83282    8.49946    34.9743    34.9748 0.0000e+00
    493.000     2.9825     2.9820   3.184964   3.184921    318.181    310.895     0.1055     0.0088     0.1953    666.079   78.83282    8.49946    34.9749    34.9749 0.0000e+00
    494.000     2.9777     2.9797   3.184534   3.184719    318.422    311.175     0.1057     0.0152     0.1933    667.061   78.83282    8.49946    34.9743    34.9743 0.0000e+00
    495.000     2.9545     2.9564   3.182398   3.182533    318.537    311.318     0.1057     0.0119     0.1927    668.043   78.83282    8.49946    34.9728    34.9724 0.0000e+00
    496.000     2.9406     2.9386   3.181085   3.180829    318.089    311.529     0.1058     0.0096     0.1961    669.025   78.83282    8.49946    34.9713    34.9703 0.0000e+00
    497.000     2.9207     2.9217   3.179157   3.179216    317.741    311.689     0.1058     0.0096     0.1938    670.002   78.83282    8.49946    34.9687    34.9684 0.0000e+00
    498.000     2.9058     2.9060   3.177749   3.177742    317.355    311.197     0.1058     0.0096     0.1972    670.981   78.83282    8.49946    34.9671    34.9668 0.0000e+00
    499.000     2.9031     2.9031   3.177535   3.177558    317.300    310.755     0.1057     0.0079     0.2009    671.961   78.83282    8.49946    34.9668    34.9671 0.0000e+00
    500.000     2.9028     2.9008   3.177559   3.177375    317.278    310.262     0.1056     0.0024     0.2052    672.940   78.83282    8.49946    34.9670    34.9668 0.0000e+00
    501.000     2.9002     2.8990   3.177356   3.177274    317.605    309.665     0.1055     0.0023     0.2107    673.915   78.83282    8.49946    34.9668    34.9670 0.0000e+00
    502.000     2.8939     2.8931   3.176812   3.176714    317.647    309.382     0.1054     0.0025     0.2154    674.882   78.83282    8.49946    34.9663    34.9660 0.0000e+00
    503.000     2.8817     2.8839   3.175667   3.175833    317.347    309.585     0.1053     0.0084     0.2239    675.851   78.83282    8.49946    34.9650    34.9647 0.0000e+00
    504.000     2.8703     2.8693   3.174597   3.174493    316.843    309.476     0.1052     0.0096     0.2304    676.823   78.83282    8.49946    34.9637    34.9635 0.0000e+00
    505.000     2.8672     2.8678   3.174344   3.174442    316.678    309.104     0.1052     0.0141     0.2253    677.798   78.83282    8.49946    34.9634    34.9640 0.0000e+00
    506.000     2.8681     2.8669   3.174467   3.174368    316.358    308.683     0.1051     0.0133     0.2283    678.782   78.83282    8.49946    34.9634    34.9636 0.0000e+00
    507.000     2.8687     2.8665   3.174583   3.174406    316.184    308.492     0.1051     0.0096     0.2448    679.770   78.83282    8.49946    34.9636    34.9639 0.0000e+00
    508.000     2.8676     2.8684   3.174536   3.174623    315.961    308.353     0.1051     0.0096     0.2355    680.764   78.83282    8.49946    34.9637    34.9639 0.0000e+00
    509.000     2.8633     2.8620   3.174148   3.174024    315.741    308.833     0.1051     0.0096     0.2355    681.753   78.83282    8.49946    34.9631    34.9629 0.0000e+00
    510.000     2.8617     2.8611   3.174059   3.174038    315.393    308.738     0.1051     0.0096     0.2360    682.739   78.83282    8.49946    34.9631    34.9635 0.0000e+00
    511.000     2.8623     2.8610   3.174140   3.174015    315.595    308.604     0.1052     0.0100     0.2374    683.715   78.83282    8.49946    34.9630    34.9629 0.0000e+00
    512.000     2.8598     2.8584   3.173941   3.173828    315.893    308.684     0.1052     0.0160     0.2409    684.686   78.83282    8.49946    34.9627    34.9628 0.0000e+00
    513.000     2.8552     2.8552   3.173549   3.173552    315.426    308.850     0.1053     0.0108     0.2412    685.657   78.83282    8.49946    34.9624    34.9624 0.0000e+00
    514.000     2.8541     2.8535   3.173475   3.173429    314.930    308.562     0.1054     0.0096     0.2452    686.628   78.83282    8.49946    34.9621    34.9622 0.0000e+00
    515.000     2.8540     2.8534   3.173514   3.173463    315.086    308.357     0.1055     0.0096     0.2459    687.596   78.83282    8.49946    34.9621    34.9622 0.0000e+00
    516.000     2.8526     2.8522   3.173413   3.173393    315.430    308.152     0.1056     0.0133     0.2504    688.564   78.83282    8.49946    34.9619    34.9620 0.0000e+00
    517.000     2.8514     2.8489   3.173327   3.173112    315.158    308.175     0.1057     0.0198     0.2466    689.540   78.83282    8.49947    34.9616    34.9616 0.0000e+00
    518.000     2.8479     2.8464   3.173054   3.172928    315.248    308.073     0.1058     0.0201     0.2465    690.521   78.83282    8.49948    34.9614    34.9615 0.0000e+00
    519.000     2.8458     2.8450   3.172887   3.172807    314.829    308.082     0.1058     0.0143     0.2475    691.514   78.83282    8.49948    34.9611    34.9610 0.0000e+00
    520.000     2.8434     2.8428   3.172705   3.172669    314.941    308.173     0.1059     0.0304     0.2492    692.503   78.83282    8.49948    34.9610    34.9612 0.0000e+00
    521.000     2.8449     2.8441   3.172880   3.172834    314.544    308.098     0.1060     0.0238     0.2556    693.493   78.83282    8.49948    34.9610    34.9612 0.0000e+00
    522.000     2.8403     2.8385   3.172489   3.172300    314.578    308.316     0.1061     0.0115     0.2508    694.475   78.83282    8.49948    34.9606    34.9602 0.0000e+00
    523.000     2.8369     2.8355   3.172213   3.172054    314.211    307.907     0.1061     0.0214     0.2506    695.454   78.83282    8.49948    34.9603    34.9600 0.0000e+00
    524.000     2.8319     2.8309   3.171629   3.171702    314.399    307.888     0.1062     0.0138     0.2509    696.426   78.83282    8.49946    34.9581    34.9600 0.0000e+00
    525.000     2.8320     2.8308   3.171816   3.171732    314.174    307.788     0.1062     0.0096     0.2523    697.402   78.83282    8.49946    34.9597    34.9600 0.0000e+00
    526.000     2.8307     2.8301   3.171744   3.171700    314.306    307.770     0.1063     0.0132     0.2541    698.378   78.83282    8.49948    34.9597    34.9598 0.0000e+00
    527.000     2.8298     2.8297   3.171697   3.171709    314.752    307.577     0.1064     0.0142     0.2550    699.357   78.83282    8.49948    34.9595    34.9597 0.0000e+00
    528.000     2.8320     2.8328   3.171949   3.172063    314.711    307.405     0.1065     0.0117     0.2552    700.325   78.83282    8.49948    34.9597    34.9602 0.0000e+00
    529.000     2.8321     2.8312   3.172014   3.171931    314.488    307.708     0.1066     0.0148     0.2564    701.297   78.83282    8.49948    34.9599    34.9598 0.0000e+00
    530.000     2.8303     2.8288   3.171885   3.171762    314.767    307.694     0.1068     0.0043     0.2558    702.277   78.83282    8.49948    34.9597    34.9598 0.0000e+00
    531.000     2.8305     2.8316   3.171943   3.172069    314.687    307.357     0.1070     0.0164     0.2562    703.255   78.83282    8.49948    34.9596    34.9600 0.0000e+00
    532.000     2.8299     2.8294   3.171932   3.171901    314.170    307.625     0.1072     0.0233     0.2564    704.239   78.83282    8.49948    34.9596    34.9597 0.0000e+00
    533.000     2.8268     2.8268   3.171694   3.171693    313.685    307.464     0.1074     0.0186     0.2567    705.223   78.83282    8.49948    34.9594    34.9594 0.0000e+00
    534.000     2.8251     2.8256   3.171563   3.171612    314.159    307.509     0.1076     0.0122     0.2579    706.207   78.83282    8.49948    34.9591    34.9592 0.0000e+00
    535.000     2.8235     2.8227   3.171450   3.171405    314.451    307.668     0.1078     0.0096     0.2575    707.193   78.83282    8.49948    34.9590    34.9593 0.0000e+00
    536.000     2.8233     2.8230   3.171482   3.171466    314.369    307.542     0.1080     0.0201     0.2692    708.168   78.83282    8.49948    34.9590    34.9591 0.0000e+00
    537.000     2.8222     2.8225   3.171403   3.171454    313.660    307.304     0.1082     0.0291     0.2641    709.138   78.83282    8.49948    34.9587    34.9590 0.0000e+00
    538.000     2.8234     2.8228   3.171566   3.171540    313.664    307.347     0.1084     0.0207     0.2579    710.109   78.83282    8.49948    34.9589    34.9592 0.0000e+00
    539.000     2.8234     2.8228   3.171620   3.171565    314.060    307.150     0.1086     0.0110     0.2585    711.086   78.83282    8.49948    34.9590    34.9590 0.0000e+00
    540.000     2.8225     2.8215   3.171579   3.171502    314.176    307.278     0.1085     0.0168     0.2589    712.067   78.83282    8.49948    34.9588    34.9590 0.0000e+00
    541.000     2.8218     2.8218   3.171551   3.171574    313.909    307.542     0.1080     0.0173     0.2598    713.044   78.83282    8.49948    34.9588    34.9590 0.0000e+00
    542.000     2.8142     2.8147   3.170876   3.170924    314.110    307.757     0.1072     0.0169     0.2625    714.028   78.83282    8.49948    34.9581    34.9582 0.0000e+00
    543.000     2.8136     2.8130   3.170861   3.170821    313.886    307.282     0.1062     0.0113     0.2615    715.009   78.83282    8.49948    34.9580    34.9583 0.0000e+00
