test_project/cnv_files/Sta0233_bin.cnv
* Sea-Bird SBE 9 Data File:
* FileName = C:\Seabird\CTDDATA\Sta0233.hex
* Software Version Seasave V 7.26.7.107
* Temperature SN = 03-4535
* Conductivity SN = 2860
* Number of Bytes Per Scan = 44
* Number of Voltage Words = 5
* Number of Scans Averaged by the Deck Unit = 1
* NMEA Latitude = 78 49.99 N
* NMEA Longitude = 009 15.43 W
* NMEA UTC (Time) = Sep 10 2019 01:09:36
* NMEA baud rate = 9600
** Ship: "Kronprins Haakon"
** Station: 0233
** Echodepth: 193
** Log: 6240.235
** Wind-Dir Force(m/s): 04 18
** Air-temp (dry): -2.5
** Weather Sky: 2 8
** Sea Ice: 2 4
** Small CTD, 12 bottles. No LADCP
# nquan = 17
# nvalues = 181                         
# units = specified
# name 0 = prDM: Pressure, Digiquartz [db]
# name 1 = t090C: Temperature [ITS-90, deg C]
# name 2 = t190C: Temperature, 2 [ITS-90, deg C]
# name 3 = c0S/m: Conductivity [S/m]
# name 4 = c1S/m: Conductivity, 2 [S/m]
# name 5 = sbox0Mm/Kg: Oxygen, SBE 43 [umol/kg]
# name 6 = sbox1Mm/Kg: Oxygen, SBE 43, 2 [umol/kg]
# name 7 = wetCDOM: Fluorescence, WET Labs CDOM [mg/m^3]
# name 8 = flECO-AFL: Fluorescence, WET Labs ECO-AFL/FL [mg/m^3]
# name 9 = CStarAt0: Beam Attenuation, WET Labs C-Star [1/m]
# name 10 = timeS: Time, Elapsed [seconds]
# name 11 = latitude: Latitude [deg]
# name 12 = longitude: Longitude [deg]
# name 13 = upoly0: Upoly 0, ISUS
# name 14 = sal00: Salinity, Practical [PSU]
# name 15 = sal11: Salinity, Practical, 2 [PSU]
# name 16 = flag: flag
# span 0 =      1.000,    181.000       
# span 1 =    -1.5643,     0.8452       
# span 2 =    -1.5659,     0.8448       
# span 3 =   2.444307,   2.960917       
# span 4 =   2.444001,   2.960854       
# span 5 =    311.403,    423.714       
# span 6 =    304.480,    416.869       
# span 7 =     0.0967,     0.1752       
# span 8 =     0.0114,     1.5373       
# span 9 =     0.1502,     0.3688       
# span 10 =    207.517,    391.128      
# span 11 =   78.83320,   78.83322      
# span 12 =   -9.25728,   -9.25718      
# span 13 =  13.506155,  25.128600      
# span 14 =    30.5010,    34.6865      
# span 15 =    30.4985,    34.6862      
# span 16 = 0.0000e+00, 0.0000e+00      
# interval = decibars: 1                
# start_time = Sep 10 2019 01:09:36 [NMEA time, header]
# bad_flag = -9.990e-29
*END*
      1.000    -1.5643    -1.5659   2.444307   2.444001    402.607    399.875     0.1291     0.5272     0.3352    207.517   78.83322   -9.25718  13.901403    30.5010    30.4985 0.0000e+00
      2.000    -1.5592    -1.5635   2.445607   2.444894    404.166    399.747     0.1340     0.5276     0.3156    209.756   78.83322   -9.25718  14.148901    30.5130    30.5077 0.0000e+00
      3.000    -1.5607    -1.5629   2.446178   2.445566    405.294    398.890     0.1365     0.5245     0.3134    211.521   78.83322   -9.25718  14.396722    30.5217    30.5157 0.0000e+00
      4.000    -1.5614    -1.5621   2.446755   2.446541    405.682    397.807     0.1371     0.5152     0.3154    213.071   78.83322   -9.25718  13.775473    30.5298    30.5276 0.0000e+00
      5.000    -1.5630    -1.5629   2.445993   2.446262    405.738    397.444     0.1367     0.5356     0.3121    214.478   78.83322   -9.25718  13.888447    30.5204    30.5240 0.0000e+00
      6.000    -1.5636    -1.5626   2.445554   2.446086    405.845    397.938     0.1369     0.5416     0.3180    215.908   78.83322   -9.25718  13.925112    30.5145    30.5207 0.0000e+00
      7.000    -1.5553    -1.5562   2.447556   2.447573    406.231    398.957     0.1384     0.5413     0.3194    217.369   78.83322   -9.25718  13.958493    30.5327    30.5339 0.0000e+00
      8.000    -1.5552    -1.5557   2.447580   2.447590    406.443    399.575     0.1403     0.5285     0.3194    218.829   78.83322   -9.25718  13.934666    30.5324    30.5331 0.0000e+00
      9.000    -1.5542    -1.5536   2.447858   2.448077    406.274    399.950     0.1428     0.5412     0.3127    220.295   78.83322   -9.25718  13.711707    30.5346    30.5370 0.0000e+00
     10.000    -1.5514    -1.5496   2.448335   2.448608    406.328    400.230     0.1461     0.5512     0.3125    221.729   78.83322   -9.25720  13.648349    30.5377    30.5396 0.0000e+00
     11.000    -1.5511    -1.5509   2.447471   2.447510    406.622    400.120     0.1500     0.5714     0.3144    223.051   78.83322   -9.25720  13.757939    30.5250    30.5253 0.0000e+00
     12.000    -1.5465    -1.5472   2.448488   2.448356    406.306    400.271     0.1543     0.5726     0.3153    224.234   78.83322   -9.25720  13.778689    30.5335    30.5324 0.0000e+00
     13.000    -1.5459    -1.5447   2.448592   2.448801    406.811    400.457     0.1588     0.5545     0.3145    225.259   78.83322   -9.25720  13.944076    30.5338    30.5354 0.0000e+00
     14.000    -1.4929    -1.4948   2.456223   2.456272    406.116    399.484     0.1632     0.5802     0.3146    226.236   78.83322   -9.25720  13.651617    30.5830    30.5857 0.0000e+00
     15.000    -1.4549    -1.4553   2.461452   2.461424    406.618    400.055     0.1671     0.6423     0.3173    227.227   78.83322   -9.25720  14.158332    30.6148    30.6148 0.0000e+00
     16.000    -1.4497    -1.4500   2.462931   2.462898    408.997    400.866     0.1704     0.7302     0.3196    228.231   78.83322   -9.25720  14.211873    30.6291    30.6289 0.0000e+00
     17.000    -1.4506    -1.4508   2.463872   2.463815    408.382    401.213     0.1729     0.7869     0.3224    229.243   78.83322   -9.25720  13.812142    30.6423    30.6416 0.0000e+00
     18.000    -1.4492    -1.4494   2.464547   2.464523    407.107    401.713     0.1745     0.8066     0.3257    230.251   78.83322   -9.25720  13.506155    30.6494    30.6493 0.0000e+00
     19.000    -1.4448    -1.4450   2.466660   2.466659    407.309    401.882     0.1752     0.8258     0.3246    231.280   78.83322   -9.25720  13.804297    30.6731    30.6734 0.0000e+00
     20.000    -1.4352    -1.4356   2.472600   2.472580    408.210    402.320     0.1751     0.8838     0.3281    232.296   78.83322   -9.25720  13.991258    30.7437    30.7438 0.0000e+00
     21.000    -1.4266    -1.4270   2.478005   2.478001    409.049    402.390     0.1739     1.0007     0.3340    233.292   78.83322   -9.25720  13.985949    30.8080    30.8084 0.0000e+00
     22.000    -1.4008    -1.4021   2.489620   2.489471    409.644    402.084     0.1720     1.1722     0.3383    234.269   78.83322   -9.25720  14.131290    30.9391    30.9385 0.0000e+00
     23.000    -1.3690    -1.3699   2.503151   2.502952    410.093    401.846     0.1697     1.3302     0.3435    235.243   78.83322   -9.25720  13.960684    31.0900    31.0883 0.0000e+00
     24.000    -1.3520    -1.3529   2.509765   2.509600    411.499    403.042     0.1670     1.4938     0.3508    236.216   78.83322   -9.25720  13.823132    31.1618    31.1605 0.0000e+00
     25.000    -1.3120    -1.3168   2.519062   2.518638    411.918    404.104     0.1644     1.5294     0.3551    237.190   78.83322   -9.25720  13.804167    31.2461    31.2454 0.0000e+00
     26.000    -1.0621    -1.0728   2.567772   2.566901    409.199    401.888     0.1619     1.5373     0.3584    238.165   78.83322   -9.25720  13.769982    31.6444    31.6439 0.0000e+00
     27.000    -0.9877    -0.9893   2.587944   2.587738    413.694    404.684     0.1597     1.3948     0.3615    239.136   78.83322   -9.25720  13.856922    31.8382    31.8372 0.0000e+00
     28.000    -0.9348    -0.9375   2.604277   2.604200    418.417    407.851     0.1580     1.2789     0.3677    240.122   78.83322   -9.25720  13.964680    32.0022    32.0040 0.0000e+00
     29.000    -0.9619    -0.9576   2.622754   2.622678    416.813    410.955     0.1567     1.2380     0.3688    241.134   78.83322   -9.25720  13.932202    32.2805    32.2749 0.0000e+00
     30.000    -0.9423    -0.9446   2.637448   2.637457    415.736    414.324     0.1559     1.2595     0.3630    242.148   78.83322   -9.25720  13.713182    32.4578    32.4603 0.0000e+00
     31.000    -0.8474    -0.8510   2.656514   2.656472    413.566    414.737     0.1554     1.2615     0.3612    243.157   78.83322   -9.25720  13.660643    32.6122    32.6156 0.0000e+00
     32.000    -0.7729    -0.7722   2.675350   2.675369    418.099    416.235     0.1552     1.1239     0.3569    244.158   78.83322   -9.25720  13.849122    32.7851    32.7847 0.0000e+00
     33.000    -0.6929    -0.6970   2.684098   2.684015    423.714    416.869     0.1550     1.0464     0.3503    245.154   78.83322   -9.25720  14.112557    32.8154    32.8188 0.0000e+00
     34.000    -0.5905    -0.5912   2.696742   2.696674    421.471    414.750     0.1546     1.0146     0.3407    246.139   78.83322   -9.25720  14.836078    32.8735    32.8733 0.0000e+00
     35.000    -0.5457    -0.5487   2.707110   2.706986    419.092    414.073     0.1542     0.9551     0.3319    247.117   78.83322   -9.25720  14.496451    32.9632    32.9648 0.0000e+00
     36.000    -0.3676    -0.3719   2.729609   2.729507    412.694    410.122     0.1537     0.9180     0.3269    248.098   78.83322   -9.25720  14.343628    33.0696    33.0729 0.0000e+00
     37.000    -0.3012    -0.3019   2.743773   2.743682    410.482    409.850     0.1532     0.8605     0.3203    249.083   78.83322   -9.25720  14.305283    33.1856    33.1851 0.0000e+00
     38.000    -0.3467    -0.3446   2.744468   2.744341    412.457    410.738     0.1525     0.7764     0.3106    250.076   78.83322   -9.25722  14.322937    33.2440    33.2399 0.0000e+00
     39.000    -0.4383    -0.4374   2.740681   2.740650    407.109    408.525     0.1518     0.7115     0.3045    251.092   78.83322   -9.25722  14.186202    33.2932    33.2918 0.0000e+00
     40.000    -0.5093    -0.5076   2.737991   2.737962    398.246    404.417     0.1510     0.6482     0.2971    252.115   78.83322   -9.25722  14.130165    33.3346    33.3322 0.0000e+00
     41.000    -0.5410    -0.5365   2.739391   2.739331    395.318    400.203     0.1502     0.5818     0.2871    253.141   78.83322   -9.25722  14.893816    33.3877    33.3819 0.0000e+00
     42.000    -0.5674    -0.5810   2.738097   2.738084    399.775    392.573     0.1492     0.7446     0.2642    256.194   78.83322   -9.25722  15.037306    33.3989    33.4137 0.0000e+00
     43.000    -0.6786    -0.6786   2.739546   2.739602    398.113    391.341     0.1482     0.6012     0.2572    257.500   78.83322   -9.25722  15.245889    33.5407    33.5416 0.0000e+00
     44.000    -0.5914    -0.5889   2.748980   2.749236    392.485    388.639     0.1471     0.4254     0.2426    258.480   78.83322   -9.25722  15.686105    33.5705    33.5711 0.0000e+00
     45.000    -0.7019    -0.6999   2.740856   2.740712    395.419    389.708     0.1460     0.3669     0.2282    259.428   78.83322   -9.25722  16.308256    33.5831    33.5790 0.0000e+00
     46.000    -0.6131    -0.6161   2.752708   2.752533    394.249    385.184     0.1449     0.3439     0.2254    260.399   78.83322   -9.25722  16.588767    33.6435    33.6445 0.0000e+00
     47.000    -0.6227    -0.6199   2.757376   2.757246    390.565    382.552     0.1437     0.3182     0.2230    261.383   78.83322   -9.25722  16.203921    33.7166    33.7116 0.0000e+00
     48.000    -0.7753    -0.7741   2.748617   2.748522    392.073    383.524     0.1424     0.3017     0.2200    262.375   78.83322   -9.25722  16.202718    33.7681    33.7655 0.0000e+00
     49.000    -0.7874    -0.7878   2.748443   2.748374    385.078    378.658     0.1411     0.2406     0.2182    263.368   78.83322   -9.25722  16.257498    33.7788    33.7783 0.0000e+00
     50.000    -0.7752    -0.7757   2.750628   2.750545    378.628    374.811     0.1398     0.2291     0.2139    264.349   78.83322   -9.25722  16.989858    33.7940    33.7935 0.0000e+00
     51.000    -0.7574    -0.7579   2.753203   2.753135    378.212    371.474     0.1385     0.2201     0.2082    265.309   78.83322   -9.25722  17.194157    33.8083    33.8080 0.0000e+00
     52.000    -0.7578    -0.7576   2.754695   2.754656    378.470    368.706     0.1372     0.2075     0.2059    266.247   78.83322   -9.25722  17.662772    33.8284    33.8276 0.0000e+00
     53.000    -0.7183    -0.7208   2.760356   2.760304    376.698    366.724     0.1358     0.1953     0.2025    267.171   78.83322   -9.25722  18.029375    33.8600    33.8621 0.0000e+00
     54.000    -0.6445    -0.6447   2.770268   2.770237    374.396    365.245     0.1345     0.1857     0.1994    268.083   78.83322   -9.25722  17.641995    33.9105    33.9103 0.0000e+00
     55.000    -0.6000    -0.5964   2.775789   2.776345    374.750    365.760     0.1332     0.1855     0.1971    268.994   78.83322   -9.25722  17.465880    33.9344    33.9378 0.0000e+00
     56.000    -0.5899    -0.5904   2.778004   2.777876    374.643    366.222     0.1318     0.1852     0.1927    269.918   78.83322   -9.25722  17.592057    33.9523    33.9511 0.0000e+00
     57.000    -0.6083    -0.6088   2.777049   2.776893    372.668    365.751     0.1305     0.1744     0.1920    270.864   78.83322   -9.25722  17.889519    33.9595    33.9579 0.0000e+00
     58.000    -0.6406    -0.6402   2.774761   2.774634    369.215    364.585     0.1292     0.1753     0.1912    271.847   78.83322   -9.25722  18.132108    33.9642    33.9621 0.0000e+00
     59.000    -0.6976    -0.6932   2.770774   2.770834    366.527    363.736     0.1279     0.1736     0.1898    272.856   78.83322   -9.25722  18.002436    33.9739    33.9698 0.0000e+00
     60.000    -0.8466    -0.8486   2.760222   2.759815    366.297    363.970     0.1266     0.1670     0.1878    273.873   78.83322   -9.25723  17.533939    33.9982    33.9950 0.0000e+00
     61.000    -0.8917    -0.8880   2.756875   2.756879    364.893    361.512     0.1254     0.1603     0.1876    274.875   78.83322   -9.25724  17.535177    34.0030    33.9990 0.0000e+00
     62.000    -0.9667    -0.9653   2.751242   2.751208    366.615    360.549     0.1242     0.1490     0.1866    275.856   78.83322   -9.25724  18.538097    34.0106    34.0086 0.0000e+00
     63.000    -1.0156    -1.0170   2.747626   2.747324    368.620    358.739     0.1231     0.1340     0.1853    276.810   78.83322   -9.25724  18.639313    34.0160    34.0135 0.0000e+00
     64.000    -1.0674    -1.0662   2.743538   2.743561    369.249    356.727     0.1220     0.1382     0.1835    277.741   78.83322   -9.25724  18.938494    34.0183    34.0173 0.0000e+00
     65.000    -1.0833    -1.0842   2.742291   2.742173    369.052    355.231     0.1210     0.1281     0.1806    278.662   78.83322   -9.25724  19.339413    34.0186    34.0181 0.0000e+00
     66.000    -1.1124    -1.1075   2.740053   2.740367    369.256    354.614     0.1200     0.1370     0.1778    279.584   78.83322   -9.25724  19.271590    34.0204    34.0192 0.0000e+00
     67.000    -1.1291    -1.1270   2.739347   2.739386    369.659    353.930     0.1192     0.1270     0.1765    280.516   78.83322   -9.25724  19.336562    34.0291    34.0273 0.0000e+00
     68.000    -1.1946    -1.1864   2.735207   2.735639    368.888    353.513     0.1185     0.1226     0.1736    281.479   78.83322   -9.25724  19.297686    34.0462    34.0428 0.0000e+00
     69.000    -1.2918    -1.2870   2.727799   2.727996    367.557    353.429     0.1178     0.1268     0.1719    282.472   78.83322   -9.25724  19.494524    34.0544    34.0517 0.0000e+00
     70.000    -1.3134    -1.3138   2.726462   2.726433    364.298    351.871     0.1173     0.1212     0.1716    283.498   78.83322   -9.25724  19.561920    34.0601    34.0602 0.0000e+00
     71.000    -1.3200    -1.3199   2.725993   2.725991    363.244    351.278     0.1169     0.1133     0.1692    284.527   78.83322   -9.25724  19.687280    34.0605    34.0604 0.0000e+00
     72.000    -1.3195    -1.3200   2.726400   2.726368    365.594    351.352     0.1166     0.1152     0.1678    285.542   78.83322   -9.25724  20.521956    34.0649    34.0650 0.0000e+00
     73.000    -1.3251    -1.3257   2.726569   2.726538    366.990    351.412     0.1164     0.0998     0.1667    286.524   78.83322   -9.25724  19.679701    34.0730    34.0732 0.0000e+00
     74.000    -1.2205    -1.2254   2.737921   2.737719    364.996    349.975     0.1162     0.1103     0.1646    287.474   78.83322   -9.25724  19.684001    34.1092    34.1119 0.0000e+00
     75.000    -1.1874    -1.1886   2.741584   2.741490    364.304    350.120     0.1161     0.0934     0.1628    288.392   78.83322   -9.25724  20.170728    34.1211    34.1211 0.0000e+00
     76.000    -1.1809    -1.1811   2.742507   2.742488    364.798    351.126     0.1161     0.0951     0.1615    289.294   78.83322   -9.25724  20.267471    34.1257    34.1257 0.0000e+00
     77.000    -1.1802    -1.1795   2.743101   2.743093    361.545    350.438     0.1161     0.0942     0.1604    290.191   78.83322   -9.25724  20.232358    34.1324    34.1315 0.0000e+00
     78.000    -1.2105    -1.2095   2.741141   2.741155    356.633    348.990     0.1161     0.0881     0.1596    291.107   78.83322   -9.25724  20.529345    34.1394    34.1385 0.0000e+00
     79.000    -1.2232    -1.2231   2.740471   2.740470    352.517    347.356     0.1162     0.0829     0.1580    292.051   78.83322   -9.25724  20.274940    34.1441    34.1440 0.0000e+00
     80.000    -1.2220    -1.2223   2.740868   2.740854    350.756    346.210     0.1163     0.0829     0.1569    293.042   78.83322   -9.25724  20.532446    34.1475    34.1478 0.0000e+00
     81.000    -1.2062    -1.2078   2.742637   2.742589    351.287    345.510     0.1164     0.0829     0.1567    294.075   78.83322   -9.25724  20.596211    34.1532    34.1543 0.0000e+00
     82.000    -1.1018    -1.1050   2.753041   2.753074    351.999    344.018     0.1165     0.0826     0.1554    295.134   78.83322   -9.25724  20.539173    34.1761    34.1802 0.0000e+00
     83.000    -1.0663    -1.0663   2.756817   2.756820    354.232    344.705     0.1166     0.0826     0.1550    296.178   78.83322   -9.25724  20.493287    34.1867    34.1867 0.0000e+00
     84.000    -1.0654    -1.0656   2.757235   2.757226    354.305    345.002     0.1167     0.0763     0.1544    297.187   78.83322   -9.25724  20.585890    34.1907    34.1909 0.0000e+00
     85.000    -1.0549    -1.0555   2.758606   2.758593    350.194    343.340     0.1168     0.0697     0.1542    298.152   78.83322   -9.25724  21.151640    34.1969    34.1974 0.0000e+00
