test_project/cnv_files/Sta0225_bin.cnv
* Sea-Bird SBE 9 Data File:
* FileName = C:\Seabird\CTDDATA\Sta0225.hex
* Software Version Seasave V 7.26.7.107
* Temperature SN = 03-4535
* Conductivity SN = 2860
* Number of Bytes Per Scan = 44
* Number of Voltage Words = 5
* Number of Scans Averaged by the Deck Unit = 1
* NMEA Latitude = 78 05.62 N
* NMEA Longitude = 016 12.55 W
* NMEA UTC (Time) = Sep 08 2019 04:40:02
* NMEA baud rate = 9600
** Ship: "Kronprins Haakon"
** Station: 0225
** Echodepth: 482
** Log: 6070.74
** Wind-Dir Force(m/s): 30 05
** Air-temp (dry): -2.5
** Weather Sky: 0 1
** Sea Ice: 0 4
# nquan = 17
# nvalues = 470                         
# units = specified
# name 0 = prDM: Pressure, Digiquartz [db]
# name 1 = t090C: Temperature [ITS-90, deg C]
# name 2 = t190C: Temperature, 2 [ITS-90, deg C]
# name 3 = c0S/m: Conductivity [S/m]
# name 4 = c1S/m: Conductivity, 2 [S/m]
# name 5 = sbox0Mm/Kg: Oxygen, SBE 43 [umol/kg]
# name 6 = sbox1Mm/Kg: Oxygen, SBE 43, 2 [umol/kg]
# name 7 = wetCDOM: Fluorescence, WET Labs CDOM [mg/m^3]
# name 8 = flECO-AFL: Fluorescence, WET Labs ECO-AFL/FL [mg/m^3]
# name 9 = CStarAt0: Beam Attenuation, WET Labs C-Star [1/m]
# name 10 = timeS: Time, Elapsed [seconds]
# name 11 = latitude: Latitude [deg]
# name 12 = longitude: Longitude [deg]
# name 13 = upoly0: Upoly 0, ISUS
# name 14 = sal00: Salinity, Practical [PSU]
# name 15 = sal11: Salinity, Practical, 2 [PSU]
# name 16 = flag: flag
# span 0 =      2.000,    471.000       
# span 1 =    -1.6520,     1.7649       
# span 2 =    -1.6521,     1.7651       
# span 3 =   2.442149,   3.062241       
# span 4 =   2.443882,   3.062197       
# span 5 =    305.410,    425.576       
# span 6 =    299.870,    415.762       
# span 7 =     0.0991,     0.1779       
# span 8 =    -0.0020,     2.0435       
# span 9 =     0.1298,     0.3230       
# span 10 =    362.389,    884.681      
# span 11 =   78.09354,   78.09385      
# span 12 =  -16.20932,  -16.20874      
# span 13 = -5.0962125, -5.0962125      
# span 14 =    29.7206,    34.9099      
# span 15 =    29.7284,    34.9097      
# span 16 = 0.0000e+00, 0.0000e+00      
# interval = decibars: 1                
# start_time = Sep 08 2019 04:40:02 [NMEA time, header]
# bad_flag = -9.990e-29
*END*
[from data line 256]
    258.000     1.1258     1.1268   2.994692   2.994725    308.328    301.589     0.1171     0.0096     0.1474    673.838   78.09360  -16.20902 -5.0962125    34.7641    34.7634 0.0000e+00
    259.000     1.1375     1.1370   2.995890   2.995830    308.264    301.651     0.1170     0.0091     0.1485    674.818   78.09360  -16.20902 -5.0962125    34.7659    34.7656 0.0000e+00
    260.000     1.1442     1.1443   2.996641   2.996614    308.120    301.465     0.1169     0.0013     0.1502    675.800   78.09360  -16.20902 -5.0962125    34.7674    34.7670 0.0000e+00
    261.000     1.1489     1.1487   2.997219   2.997171    309.073    301.564     0.1169     0.0016     0.1520    676.780   78.09360  -16.20902 -5.0962125    34.7690    34.7687 0.0000e+00
    262.000     1.1687     1.1681   2.999258   2.999213    308.961    301.363     0.1168     0.0073     0.1535    677.761   78.09360  -16.20902 -5.0962125    34.7726    34.7727 0.0000e+00
    263.000     1.1823     1.1819   3.000700   3.000641    308.667    301.430     0.1167     0.0096     0.1557    678.741   78.09360  -16.20902 -5.0962125    34.7754    34.7751 0.0000e+00
    264.000     1.1880     1.1882   3.001382   3.001334    308.538    301.467     0.1166     0.0096     0.1569    679.718   78.09360  -16.20902 -5.0962125    34.7773    34.7764 0.0000e+00
    265.000     1.1854     1.1856   3.001200   3.001157    308.497    301.597     0.1165     0.0096     0.1576    680.696   78.09360  -16.20902 -5.0962125    34.7772    34.7764 0.0000e+00
    266.000     1.1895     1.1892   3.001711   3.001643    307.748    301.698     0.1163     0.0096     0.1586    681.675   78.09360  -16.20903 -5.0962125    34.7786    34.7781 0.0000e+00
    267.000     1.1913     1.1912   3.002001   3.001985    307.499    301.707     0.1162     0.0108     0.1593    682.655   78.09359  -16.20904 -5.0962125    34.7798    34.7796 0.0000e+00
    268.000     1.2012     1.2014   3.003030   3.003009    307.323    301.768     0.1160     0.0158     0.1599    683.633   78.09358  -16.20904 -5.0962125    34.7814    34.7809 0.0000e+00
    269.000     1.2050     1.2049   3.003531   3.003502    307.686    301.567     0.1158     0.0155     0.1604    684.608   78.09358  -16.20904 -5.0962125    34.7830    34.7827 0.0000e+00
    270.000     1.2117     1.2114   3.004246   3.004194    308.004    301.538     0.1156     0.0101     0.1606    685.587   78.09358  -16.20904 -5.0962125    34.7841    34.7837 0.0000e+00
    271.000     1.2240     1.2238   3.005545   3.005519    307.978    301.704     0.1154     0.0035     0.1614    686.565   78.09358  -16.20904 -5.0962125    34.7865    34.7864 0.0000e+00
    272.000     1.2380     1.2381   3.006998   3.006983    308.187    301.663     0.1152     0.0070     0.1618    687.544   78.09358  -16.20904 -5.0962125    34.7889    34.7886 0.0000e+00
    273.000     1.2526     1.2525   3.008475   3.008453    308.043    301.583     0.1150     0.0096     0.1630    688.523   78.09358  -16.20904 -5.0962125    34.7911    34.7909 0.0000e+00
    274.000     1.2656     1.2651   3.009869   3.009810    308.228    301.882     0.1147     0.0096     0.1636    689.501   78.09358  -16.20904 -5.0962125    34.7939    34.7936 0.0000e+00
    275.000     1.2832     1.2820   3.011650   3.011513    307.843    301.627     0.1145     0.0096     0.1637    690.481   78.09358  -16.20904 -5.0962125    34.7965    34.7961 0.0000e+00
    276.000     1.2953     1.2951   3.012929   3.012909    308.155    301.813     0.1142     0.0096     0.1635    691.462   78.09358  -16.20904 -5.0962125    34.7989    34.7988 0.0000e+00
    277.000     1.3211     1.3208   3.015640   3.015595    308.433    301.859     0.1140     0.0102     0.1640    692.441   78.09358  -16.20904 -5.0962125    34.8043    34.8040 0.0000e+00
    278.000     1.3276     1.3278   3.016404   3.016367    308.260    302.174     0.1137     0.0167     0.1638    693.420   78.09358  -16.20904 -5.0962125    34.8063    34.8055 0.0000e+00
    279.000     1.3168     1.3172   3.015523   3.015466    307.828    302.588     0.1135     0.0228     0.1637    694.400   78.09358  -16.20904 -5.0962125    34.8064    34.8053 0.0000e+00
    280.000     1.3301     1.3295   3.016886   3.016831    307.810    302.243     0.1132     0.0112     0.1635    695.377   78.09358  -16.20904 -5.0962125    34.8085    34.8085 0.0000e+00
    281.000     1.3401     1.3403   3.017924   3.017885    307.706    302.508     0.1130     0.0095     0.1621    696.354   78.09358  -16.20906 -5.0962125    34.8100    34.8093 0.0000e+00
    282.000     1.3428     1.3426   3.018335   3.018290    308.282    302.518     0.1128     0.0094     0.1626    697.328   78.09358  -16.20906 -5.0962125    34.8117    34.8114 0.0000e+00
    283.000     1.3522     1.3521   3.019293   3.019249    308.524    302.633     0.1126     0.0096     0.1634    698.305   78.09358  -16.20906 -5.0962125    34.8130    34.8125 0.0000e+00
    284.000     1.3601     1.3598   3.020171   3.020119    308.817    302.865     0.1124     0.0059     0.1630    699.282   78.09358  -16.20906 -5.0962125    34.8148    34.8145 0.0000e+00
    285.000     1.3638     1.3640   3.020625   3.020572    309.108    303.047     0.1123     0.0035     0.1626    700.259   78.09358  -16.20906 -5.0962125    34.8159    34.8150 0.0000e+00
    286.000     1.3683     1.3684   3.021125   3.021108    309.446    303.201     0.1122     0.0105     0.1625    701.237   78.09358  -16.20906 -5.0962125    34.8167    34.8164 0.0000e+00
    287.000     1.3748     1.3748   3.021837   3.021811    309.404    303.253     0.1122     0.0133     0.1624    702.216   78.09358  -16.20906 -5.0962125    34.8180    34.8176 0.0000e+00
    288.000     1.3933     1.3933   3.023723   3.023732    309.404    303.508     0.1121     0.0101     0.1617    703.194   78.09358  -16.20906 -5.0962125    34.8210    34.8211 0.0000e+00
    289.000     1.4383     1.4374   3.028150   3.028141    309.305    303.180     0.1121     0.0146     0.1615    704.174   78.09358  -16.20906 -5.0962125    34.8269    34.8278 0.0000e+00
    290.000     1.4534     1.4536   3.029700   3.029653    310.176    303.622     0.1122     0.0108     0.1615    705.153   78.09358  -16.20906 -5.0962125    34.8294    34.8285 0.0000e+00
    291.000     1.4561     1.4558   3.030077   3.030019    310.885    304.146     0.1123     0.0138     0.1615    706.129   78.09358  -16.20906 -5.0962125    34.8305    34.8301 0.0000e+00
    292.000     1.4781     1.4787   3.032276   3.032350    309.647    304.003     0.1124     0.0166     0.1614    707.109   78.09358  -16.20906 -5.0962125    34.8335    34.8338 0.0000e+00
    293.000     1.5409     1.5339   3.038346   3.037899    308.713    303.818     0.1125     0.0128     0.1602    708.087   78.09358  -16.20906 -5.0962125    34.8406    34.8426 0.0000e+00
    294.000     1.5796     1.5796   3.042202   3.042159    309.603    304.153     0.1126     0.0096     0.1599    709.065   78.09358  -16.20908 -5.0962125    34.8461    34.8456 0.0000e+00
    295.000     1.5985     1.5971   3.044115   3.043990    310.973    304.877     0.1127     0.0068     0.1598    710.042   78.09358  -16.20908 -5.0962125    34.8489    34.8489 0.0000e+00
    296.000     1.6100     1.6098   3.045328   3.045274    310.097    305.055     0.1129     0.0037     0.1587    711.016   78.09358  -16.20908 -5.0962125    34.8510    34.8506 0.0000e+00
    297.000     1.6336     1.6333   3.047707   3.047690    308.333    305.104     0.1130     0.0094     0.1560    711.993   78.09358  -16.20908 -5.0962125    34.8545    34.8546 0.0000e+00
    298.000     1.6461     1.6460   3.049034   3.049014    308.397    305.301     0.1131     0.0100     0.1536    712.967   78.09358  -16.20908 -5.0962125    34.8569    34.8567 0.0000e+00
    299.000     1.6759     1.6757   3.052068   3.052075    309.255    305.142     0.1133     0.0156     0.1511    713.944   78.09358  -16.20908 -5.0962125    34.8618    34.8621 0.0000e+00
    300.000     1.6868     1.6871   3.053274   3.053228    309.923    305.229     0.1134     0.0106     0.1489    714.920   78.09358  -16.20908 -5.0962125    34.8645    34.8635 0.0000e+00
    301.000     1.6902     1.6904   3.053717   3.053672    310.450    305.550     0.1135     0.0040     0.1471    715.898   78.09358  -16.20908 -5.0962125    34.8657    34.8649 0.0000e+00
    302.000     1.6928     1.6929   3.054071   3.054047    310.076    305.817     0.1137     0.0014     0.1450    716.876   78.09358  -16.20908 -5.0962125    34.8667    34.8663 0.0000e+00
    303.000     1.7130     1.7118   3.056208   3.056097    310.163    305.703     0.1138     0.0005     0.1431    717.855   78.09358  -16.20908 -5.0962125    34.8709    34.8708 0.0000e+00
    304.000     1.7462     1.7466   3.059661   3.059748    310.209    305.565     0.1140     0.0011     0.1415    718.835   78.09358  -16.20908 -5.0962125    34.8772    34.8779 0.0000e+00
    305.000     1.7625     1.7627   3.061351   3.061312    311.156    305.705     0.1141     0.0033     0.1397    719.814   78.09358  -16.20908 -5.0962125    34.8800    34.8793 0.0000e+00
    306.000     1.7649     1.7651   3.061635   3.061584    312.068    305.967     0.1143     0.0079     0.1392    720.791   78.09358  -16.20908 -5.0962125    34.8804    34.8795 0.0000e+00
    307.000     1.7528     1.7531   3.060587   3.060515    312.030    306.804     0.1144     0.0006     0.1394    721.771   78.09358  -16.20908 -5.0962125    34.8799    34.8787 0.0000e+00
    308.000     1.7471     1.7473   3.060086   3.060048    312.064    307.750     0.1146     0.0007     0.1410    722.746   78.09358  -16.20908 -5.0962125    34.8794    34.8786 0.0000e+00
    309.000     1.7423     1.7430   3.059741   3.059720    312.733    308.348     0.1148     0.0132     0.1426    723.722   78.09358  -16.20908 -5.0962125    34.8797    34.8787 0.0000e+00
    310.000     1.7420     1.7413   3.059802   3.059655    313.501    308.120     0.1150     0.0157     0.1439    724.700   78.09358  -16.20909 -5.0962125    34.8802    34.8791 0.0000e+00
    311.000     1.7389     1.7403   3.059558   3.059552    313.899    307.888     0.1152     0.0114     0.1452    725.678   78.09358  -16.20910 -5.0962125    34.8800    34.8784 0.0000e+00
    312.000     1.6997     1.7018   3.056011   3.056066    314.326    308.213     0.1154     0.0050     0.1489    726.651   78.09358  -16.20910 -5.0962125    34.8779    34.8763 0.0000e+00
    313.000     1.7137     1.7143   3.057487   3.057587    313.280    307.650     0.1156     0.0046     0.1477    727.627   78.09358  -16.20910 -5.0962125    34.8805    34.8811 0.0000e+00
    314.000     1.7387     1.7386   3.060029   3.060039    312.818    307.112     0.1158     0.0066     0.1463    728.604   78.09358  -16.20910 -5.0962125    34.8845    34.8846 0.0000e+00
    315.000     1.7600     1.7602   3.062241   3.062197    313.256    306.677     0.1160     0.0016     0.1438    729.582   78.09358  -16.20910 -5.0962125    34.8883    34.8875 0.0000e+00
    316.000     1.7511     1.7518   3.061490   3.061452    313.408    306.360     0.1161     0.0010     0.1411    730.563   78.09358  -16.20910 -5.0962125    34.8880    34.8867 0.0000e+00
    317.000     1.7491     1.7489   3.061421   3.061346    312.482    305.919     0.1162     0.0002     0.1395    731.540   78.09358  -16.20910 -5.0962125    34.8888    34.8881 0.0000e+00
    318.000     1.7462     1.7467   3.061202   3.061170    311.897    306.323     0.1163     0.0009     0.1361    732.517   78.09358  -16.20910 -5.0962125    34.8887    34.8877 0.0000e+00
    319.000     1.7312     1.7318   3.059874   3.059823    311.864    306.598     0.1163     0.0011     0.1329    733.497   78.09358  -16.20910 -5.0962125    34.8878    34.8865 0.0000e+00
    320.000     1.7113     1.7111   3.058055   3.057910    312.204    306.826     0.1163     0.0078     0.1321    734.475   78.09358  -16.20910 -5.0962125    34.8863    34.8847 0.0000e+00
    321.000     1.6766     1.6766   3.054861   3.054684    312.428    306.798     0.1163     0.0096     0.1334    735.451   78.09356  -16.20910 -5.0962125    34.8836    34.8815 0.0000e+00
    322.000     1.6485     1.6496   3.052244   3.052246    312.787    306.312     0.1162     0.0049     0.1341    736.432   78.09356  -16.20910 -5.0962125    34.8810    34.8799 0.0000e+00
    323.000     1.6446     1.6445   3.051908   3.051857    313.034    305.856     0.1162     0.0053     0.1355    737.411   78.09356  -16.20910 -5.0962125    34.8805    34.8801 0.0000e+00
    324.000     1.6400     1.6400   3.051530   3.051458    313.770    306.151     0.1161     0.0065     0.1382    738.387   78.09356  -16.20910 -5.0962125    34.8803    34.8793 0.0000e+00
    325.000     1.6318     1.6316   3.050840   3.050745    314.592    306.367     0.1161     0.0035     0.1411    739.363   78.09356  -16.20910 -5.0962125    34.8800    34.8791 0.0000e+00
    326.000     1.6214     1.6215   3.049938   3.049870    314.871    306.348     0.1161     0.0084     0.1456    740.340   78.09356  -16.20912 -5.0962125    34.8795    34.8786 0.0000e+00
    327.000     1.6096     1.6102   3.048896   3.048843    314.537    306.436     0.1160     0.0023     0.1489    741.316   78.09356  -16.20912 -5.0962125    34.8788    34.8775 0.0000e+00
    328.000     1.5909     1.5914   3.047237   3.047190    314.011    306.513     0.1160     0.0088     0.1516    742.291   78.09356  -16.20912 -5.0962125    34.8778    34.8767 0.0000e+00
    329.000     1.5829     1.5833   3.046526   3.046499    313.768    306.176     0.1159     0.0096     0.1546    743.268   78.09356  -16.20912 -5.0962125    34.8772    34.8764 0.0000e+00
    330.000     1.5815     1.5815   3.046459   3.046422    313.242    305.866     0.1158     0.0096     0.1578    744.247   78.09356  -16.20912 -5.0962125    34.8772    34.8768 0.0000e+00
    331.000     1.5838     1.5838   3.046748   3.046731    313.166    305.583     0.1158     0.0096     0.1609    745.225   78.09356  -16.20912 -5.0962125    34.8778    34.8776 0.0000e+00
    332.000     1.5994     1.5989   3.048374   3.048357    313.531    305.278     0.1157     0.0055     0.1629    746.204   78.09356  -16.20912 -5.0962125    34.8806    34.8809 0.0000e+00
    333.000     1.6133     1.6135   3.049778   3.049746    313.745    305.247     0.1156     0.0078     0.1649    747.179   78.09356  -16.20912 -5.0962125    34.8824    34.8817 0.0000e+00
    334.000     1.6061     1.6065   3.049174   3.049183    313.649    305.595     0.1155     0.0117     0.1653    748.161   78.09356  -16.20912 -5.0962125    34.8822    34.8818 0.0000e+00
    335.000     1.6199     1.6208   3.050574   3.050649    312.866    305.508     0.1153     0.0051     0.1657    749.141   78.09356  -16.20912 -5.0962125    34.8840    34.8840 0.0000e+00
    336.000     1.6228     1.6230   3.050916   3.050892    312.538    306.115     0.1152     0.0151     0.1658    750.119   78.09356  -16.20912 -5.0962125    34.8845    34.8841 0.0000e+00
    337.000     1.6467     1.6459   3.053330   3.053350    312.728    306.027     0.1151     0.0100     0.1654    751.094   78.09356  -16.20912 -5.0962125    34.8881    34.8892 0.0000e+00
    338.000     1.6635     1.6640   3.055077   3.055080    313.073    306.174     0.1150     0.0094     0.1650    752.072   78.09356  -16.20912 -5.0962125    34.8911    34.8906 0.0000e+00
    339.000     1.6579     1.6582   3.054662   3.054633    313.457    306.533     0.1148     0.0032     0.1644    753.049   78.09356  -16.20912 -5.0962125    34.8915    34.8908 0.0000e+00
    340.000     1.6557     1.6556   3.054536   3.054494    312.878    306.696     0.1147     0.0021     0.1629    754.028   78.09356  -16.20912 -5.0962125    34.8918    34.8913 0.0000e+00
    341.000     1.6561     1.6563   3.054615   3.054610    311.883    306.556     0.1145     0.0020     0.1610    755.003   78.09356  -16.20912 -5.0962125    34.8918    34.8914 0.0000e+00
