test_project/cnv_files/Sta0221_bin.cnv
* Sea-Bird SBE 9 Data File:
* FileName = C:\Seabird\CTDDATA\Sta0221.hex
* Software Version Seasave V 7.26.7.107
* Temperature SN = 03-4535
* Conductivity SN = 2860
* Number of Bytes Per Scan = 44
* Number of Voltage Words = 5
* Number of Scans Averaged by the Deck Unit = 1
* NMEA Latitude = 78 15.98 N
* NMEA Longitude = 015 13.32 W
* NMEA UTC (Time) = Sep 07 2019 21:55:41
* NMEA baud rate = 9600
** Ship: "Kronprins Haakon"
** Station: 0221
** Echodepth: 137
** Log: 6054.602
** Wind-Dir Force(m/s): 25 07
** Air-temp (dry): -1.2
** Weather Sky: 0 1
** Sea Ice: 0 1
# nquan = 17
# nvalues = 123                         
# units = specified
# name 0 = prDM: Pressure, Digiquartz [db]
# name 1 = t090C: Temperature [ITS-90, deg C]
# name 2 = t190C: Temperature, 2 [ITS-90, deg C]
# name 3 = c0S/m: Conductivity [S/m]
# name 4 = c1S/m: Conductivity, 2 [S/m]
# name 5 = sbox0Mm/Kg: Oxygen, SBE 43 [umol/kg]
# name 6 = sbox1Mm/Kg: Oxygen, SBE 43, 2 [umol/kg]
# name 7 = wetCDOM: Fluorescence, WET Labs CDOM [mg/m^3]
# name 8 = flECO-AFL: Fluorescence, WET Labs ECO-AFL/FL [mg/m^3]
# name 9 = CStarAt0: Beam Attenuation, WET Labs C-Star [1/m]
# name 10 = timeS: Time, Elapsed [seconds]
# name 11 = latitude: Latitude [deg]
# name 12 = longitude: Longitude [deg]
# name 13 = upoly0: Upoly 0, ISUS
# name 14 = sal00: Salinity, Practical [PSU]
# name 15 = sal11: Salinity, Practical, 2 [PSU]
# name 16 = flag: flag
# span 0 =      2.000,    124.000       
# span 1 =    -1.6722,    -0.8091       
# span 2 =    -1.6720,    -0.8090       
# span 3 =   2.407010,   2.747154       
# span 4 =   2.406929,   2.746886       
# span 5 =    333.845,    432.678       
# span 6 =    332.196,    415.126       
# span 7 =     0.1213,     0.1822       
# span 8 =     0.0246,     2.1091       
# span 9 =     0.1490,     0.3190       
# span 10 =     91.953,    226.487      
# span 11 =   78.26660,   78.26684      
# span 12 =  -15.22178,  -15.22135      
# span 13 =  11.835460,  20.242131      
# span 14 =    29.4136,    33.7862      
# span 15 =    29.4129,    33.7846      
# span 16 = 0.0000e+00, 0.0000e+00      
# interval = decibars: 1                
# start_time = Sep 07 2019 21:55:41 [NMEA time, header]
# bad_flag = -9.990e-29
*END*
[from data line 86]
     88.000    -1.5781    -1.5763   2.639898   2.639854    375.500    364.890     0.1806     0.0491     0.1583    185.743   78.26676  -15.22148  17.601221    33.1534    33.1508 0.0000e+00
     89.000    -1.5824    -1.5822   2.641500   2.641480    372.924    363.765     0.1803     0.0400     0.1571    186.797   78.26676  -15.22148  17.264580    33.1797    33.1793 0.0000e+00
     90.000    -1.5619    -1.5625   2.645894   2.645803    371.631    362.470     0.1800     0.0433     0.1563    187.866   78.26677  -15.22147  16.777358    33.2169    33.2164 0.0000e+00
     91.000    -1.5889    -1.5875   2.645983   2.645970    373.048    362.998     0.1796     0.0397     0.1557    188.943   78.26678  -15.22146  17.173988    33.2477    33.2460 0.0000e+00
     92.000    -1.5908    -1.5915   2.647184   2.647102    373.292    362.839     0.1793     0.0458     0.1555    190.017   78.26678  -15.22146  17.247040    33.2658    33.2655 0.0000e+00
     93.000    -1.5751    -1.5752   2.649294   2.649255    372.066    361.591     0.1789     0.0431     0.1556    191.083   78.26678  -15.22146  16.928734    33.2768    33.2764 0.0000e+00
     94.000    -1.5413    -1.5429   2.653357   2.653262    372.347    361.270     0.1785     0.0329     0.1557    192.134   78.26678  -15.22146  17.087916    33.2946    33.2950 0.0000e+00
     95.000    -1.5281    -1.5273   2.656122   2.656102    373.109    361.505     0.1781     0.0440     0.1552    193.170   78.26678  -15.22146  17.315682    33.3173    33.3161 0.0000e+00
     96.000    -1.5703    -1.5677   2.653875   2.653880    373.603    361.981     0.1777     0.0379     0.1542    194.198   78.26678  -15.22144  17.158250    33.3329    33.3301 0.0000e+00
     97.000    -1.5996    -1.6009   2.652814   2.652687    370.876    360.984     0.1774     0.0445     0.1585    195.221   78.26678  -15.22144  17.866762    33.3505    33.3502 0.0000e+00
     98.000    -1.5348    -1.5371   2.659397   2.659273    367.152    358.528     0.1770     0.0514     0.1584    196.250   78.26680  -15.22144  17.084571    33.3682    33.3690 0.0000e+00
     99.000    -1.5106    -1.5106   2.662322   2.662277    368.934    358.831     0.1765     0.0340     0.1532    197.287   78.26680  -15.22144  16.991743    33.3808    33.3802 0.0000e+00
    100.000    -1.5034    -1.5056   2.664339   2.664125    372.135    359.973     0.1761     0.0362     0.1529    198.332   78.26680  -15.22144  17.614208    33.4000    33.3995 0.0000e+00
    101.000    -1.4376    -1.4401   2.671967   2.671812    370.016    358.477     0.1756     0.0323     0.1526    199.386   78.26680  -15.22144  17.982887    33.4307    33.4314 0.0000e+00
    102.000    -1.4229    -1.4229   2.673628   2.673607    368.042    357.827     0.1751     0.0366     0.1524    200.446   78.26680  -15.22142  18.113400    33.4365    33.4362 0.0000e+00
    103.000    -1.4027    -1.4051   2.675798   2.675529    366.329    356.800     0.1746     0.0331     0.1522    201.508   78.26680  -15.22142  18.233003    33.4432    33.4421 0.0000e+00
    104.000    -1.3777    -1.3817   2.678977   2.678535    363.166    355.144     0.1740     0.0302     0.1527    202.566   78.26680  -15.22142  18.268772    33.4582    33.4566 0.0000e+00
    105.000    -1.3635    -1.3611   2.681755   2.681797    361.001    353.716     0.1734     0.0303     0.1519    203.618   78.26680  -15.22142  18.148219    33.4799    33.4778 0.0000e+00
    106.000    -1.3609    -1.3602   2.682821   2.682817    360.635    352.984     0.1728     0.0403     0.1515    204.667   78.26680  -15.22142  18.073030    33.4910    33.4901 0.0000e+00
    107.000    -1.3776    -1.3784   2.682507   2.682417    359.370    352.036     0.1721     0.0413     0.1518    205.710   78.26680  -15.22141  18.352795    33.5048    33.5044 0.0000e+00
    108.000    -1.3237    -1.3237   2.687943   2.688000    357.193    350.279     0.1715     0.0329     0.1518    206.762   78.26680  -15.22140  18.571508    33.5184    33.5192 0.0000e+00
    109.000    -1.3375    -1.3339   2.688153   2.688181    358.593    350.526     0.1709     0.0340     0.1520    207.808   78.26681  -15.22140  18.976015    33.5362    33.5325 0.0000e+00
    110.000    -1.4343    -1.4308   2.680979   2.681020    360.586    351.541     0.1704     0.0380     0.1517    208.854   78.26682  -15.22140  18.713680    33.5456    33.5422 0.0000e+00
    111.000    -1.4838    -1.4820   2.677681   2.677710    357.566    349.574     0.1700     0.0384     0.1516    209.907   78.26682  -15.22140  18.636930    33.5552    33.5536 0.0000e+00
    112.000    -1.5237    -1.5188   2.675449   2.675627    355.714    348.342     0.1697     0.0387     0.1511    210.958   78.26682  -15.22140  18.109022    33.5688    33.5657 0.0000e+00
    113.000    -1.5805    -1.5791   2.671175   2.671182    360.113    350.098     0.1695     0.0323     0.1537    212.007   78.26682  -15.22139  18.341496    33.5730    33.5715 0.0000e+00
    114.000    -1.5759    -1.5795   2.672037   2.671737    363.894    350.882     0.1692     0.0248     0.1549    213.045   78.26682  -15.22138  18.476272    33.5791    33.5791 0.0000e+00
    115.000    -1.4808    -1.4829   2.680956   2.680928    366.122    351.060     0.1690     0.0324     0.1513    214.084   78.26682  -15.22138  18.192196    33.5945    33.5965 0.0000e+00
    116.000    -1.4031    -1.4105   2.688692   2.688571    370.683    353.443     0.1688     0.0353     0.1502    215.124   78.26682  -15.22138  18.279522    33.6129    33.6197 0.0000e+00
    117.000    -1.0931    -1.0999   2.716475   2.716488    369.558    352.043     0.1686     0.0246     0.1491    216.167   78.26684  -15.22138  18.331529    33.6447    33.6525 0.0000e+00
    118.000    -1.0113    -1.0107   2.724814   2.724796    370.894    354.559     0.1682     0.0279     0.1490    217.220   78.26684  -15.22138  18.939654    33.6662    33.6653 0.0000e+00
    119.000    -1.0035    -1.0043   2.726531   2.726541    368.009    353.944     0.1677     0.0259     0.1500    218.281   78.26684  -15.22138  19.623400    33.6802    33.6813 0.0000e+00
    120.000    -0.9641    -0.9644   2.731451   2.731380    349.806    346.189     0.1679     0.0392     0.1506    219.386   78.26684  -15.22136  19.746912    33.7024    33.7017 0.0000e+00
    121.000    -0.9508    -0.9511   2.732481   2.732794    337.477    340.465     0.1670     0.0427     0.1514    220.469   78.26684  -15.22136  19.897909    33.7009    33.7055 0.0000e+00
    122.000    -0.9337    -0.9371   2.735381   2.733590    333.845    337.269     0.1655     0.0305     0.1545    221.542   78.26684  -15.22136  20.170463    33.7206    33.7000 0.0000e+00
    123.000    -0.8755    -0.8772   2.743413   2.743160    334.461    334.526     0.1643     0.0315     0.1565    222.603   78.26684  -15.22136  20.242131    33.7638    33.7622 0.0000e+00
    124.000    -0.8508    -0.8526   2.747154   2.746886    337.085    332.196     0.1639     0.0395     0.1592    226.487   78.26684  -15.22135  19.874248    33.7862    33.7846 0.0000e+00
